2501 6.6417
2502 1.6492
2503 5.0275
2504 1.0352
2505 0.4726
2506 11.9020
2507 2.6930
2508 5.2899
2509 0.2659
2510 0.1408
2511 1.4710
2512 1.1561
2513 23.3440
2514 0.2244
2515 0.2323
2516 0.4138
2517 0.0962
2518 1.5254
2519 2.1236
2520 13.0630
2521 1.2385
2522 0.2002
2523 0.4246
2524 3.3163
2525 0.4166
2526 0.7618
2527 0.8206
2528 0.1884
2529 0.2734
2530 6.1939
2531 1.0681
2532 0.6000
2533 0.3183
2534 0.0765
2535 0.9282
2536 2.1358
2537 4.0873
2538 0.1191
2539 0.3265
2540 0.4272
2541 0.7768
2542 1.7648
2543 0.8766
2544 0.2964
2545 5.7246
2546 0.6283
2547 1.5505
2548 0.1675
2549 4.9717
2550 2.2919
2551 1.8863
2552 1.1745
2553 4.4636
2554 0.6933
2555 13.8923
2556 0.2282
2557 0.3211
2558 0.3468
2559 4.1204
2560 5.9874
2561 1.6192
2562 0.8375
2563 1.2527
2564 0.1997
2565 2.1487
2566 0.4577
2567 2.0371
2568 4.3256
2569 2.1231
2570 0.5085
2571 0.1923
2572 3.4031
2573 0.3347
2574 0.4044
2575 1.6872
2576 5.4599
2577 0.2747
2578 0.5259
2579 0.1247
2580 1.4898
2581 0.8147
2582 15.5192
2583 0.9837
2584 0.1269
2585 1.7420
2586 0.0955
2587 1.2168
2588 5.7720
2589 0.3680
2590 1.8667
2591 1.8786
2592 1.2023
2593 4.6563
2594 0.4083
2595 0.1369
2596 0.2076
2597 2.2905
2598 0.5084
2599 0.3007
2600 0.1388
2601 0.5016
2602 0.5129
2603 0.3322
2604 0.2285
2605 0.2122
2606 0.1484
2607 0.3138
2608 6.1018
2609 0.1460
2610 1.6212
2611 0.4463
2612 3.8021
2613 0.3713
2614 4.4642
2615 0.1855
2616 3.6076
2617 2.6364
2618 10.2830
2619 14.9223
2620 1.5828
2621 0.5902
2622 6.2041
2623 0.5370
2624 0.1383
2625 0.2151
2626 1.6002
2627 12.3603
2628 1.6893
2629 0.6393
2630 19.5340
2631 0.1540
2632 3.8300
2633 0.1210
2634 0.2336
2635 0.4475
2636 1.7969
2637 0.9454
2638 3.0981
2639 0.4807
2640 0.6170
2641 3.1664
2642 2.7365
2643 2.2262
2644 0.5466
2645 1.1024
2646 1.2436
2647 4.8002
2648 2.6710
2649 6.0162
2650 2.0951
2651 0.9594
2652 0.5672
2653 2.0249
2654 3.3050
2655 1.8297
2656 0.1530
2657 0.8241
2658 0.7806
2659 1.1072
2660 0.3306
2661 0.5672
2662 2.6977
2663 0.3743
2664 17.0609
2665 0.4353
2666 0.2780
2667 0.6129
2668 0.0718
2669 0.3271
2670 0.1333
2671 0.0865
2672 0.6628
2673 5.5196
2674 0.7854
2675 0.7623
2676 2.2910
2677 0.7209
2678 3.4706
2679 1.0791
2680 2.7649
2681 2.0100
2682 8.2773
2683 0.2190
2684 0.5992
2685 1.7506
2686 0.3116
2687 0.2986
2688 1.5182
2689 2.6162
2690 0.3914
2691 1.5400
2692 1.0327
2693 0.3283
2694 0.1706
2695 0.4279
2696 3.5758
2697 0.4218
2698 0.4365
2699 0.2559
2700 5.8889
2701 1.6198
2702 0.4743
2703 1.1351
2704 0.3924
2705 2.9850
2706 0.4295
2707 0.5255
2708 0.4998
2709 3.9707
2710 1.1010
2711 17.2545
2712 3.2450
2713 0.2370
2714 1.9957
2715 4.4233
2716 0.1009
2717 2.5017
2718 0.2482
2719 1.5518
2720 0.5462
2721 2.1422
2722 0.5651
2723 0.9983
2724 10.9364
2725 1.1106
2726 5.5631
2727 0.2247
2728 1.1698
2729 0.2532
2730 1.4259
2731 2.8370
2732 0.9756
2733 0.3458
2734 0.3641
2735 0.7595
2736 0.3197
2737 0.2869
2738 0.5862
2739 13.2330
2740 8.3127
2741 0.4773
2742 0.5477
2743 0.9528
2744 0.2794
2745 1.4164
2746 2.0661
2747 0.7616
2748 5.4325
2749 0.1190
2750 1.1457
2751 2.1083
2752 3.7752
2753 1.2433
2754 1.4833
2755 4.5360
2756 0.1660
2757 2.1390
2758 0.5240
2759 0.6514
2760 0.9382
2761 6.4823
2762 0.1464
2763 1.4853
2764 0.7521
2765 0.3632
2766 1.2312
2767 0.2120
2768 0.5685
2769 0.0847
2770 5.6829
2771 0.4851
2772 1.4271
2773 0.2721
2774 1.8955
2775 0.2337
2776 0.4877
2777 0.3586
2778 0.2270
2779 0.1823
2780 0.2240
2781 0.1127
2782 7.3173
2783 9.9931
2784 0.6972
2785 0.2835
2786 10.4866
2787 0.2566
2788 0.1478
2789 0.8208
2790 0.3309
2791 3.2456
2792 0.0905
2793 1.7515
2794 4.2564
2795 0.1998
2796 0.3403
2797 2.4461
2798 0.1686
2799 1.5402
2800 0.9990
2801 0.2229
2802 0.1167
2803 2.4501
2804 0.1877
2805 0.4319
2806 1.3142
2807 2.7033
2808 0.0707
2809 2.6611
2810 0.5611
2811 2.4716
2812 2.6442
2813 0.6524
2814 1.7195
2815 1.7317
2816 1.9015
2817 1.2750
2818 0.4904
2819 1.5123
2820 0.3656
2821 0.8090
2822 1.8889
2823 1.2319
2824 3.0876
2825 0.2803
2826 0.7785
2827 0.1101
2828 13.9931
2829 0.5259
2830 0.5076
2831 0.7609
2832 21.1545
2833 3.8990
2834 0.3241
2835 1.1945
2836 0.1350
2837 0.2531
2838 0.5617
2839 1.3465
2840 0.1262
2841 1.4676
2842 1.6468
2843 0.7071
2844 0.4397
2845 0.5420
2846 1.4976
2847 0.2646
2848 0.3743
2849 4.6526
2850 0.4956
2851 1.2244
2852 2.7637
2853 1.4204
2854 0.3349
2855 0.4599
2856 1.2896
2857 0.4030
2858 1.6491
2859 2.4213
2860 0.2451
2861   NaN
2862 4.3700
2863 0.2589
2864 0.3344
2865 0.2136
2866 0.6689
2867 0.8653
2868 0.4692
2869 0.2464
2870 0.1790
2871 16.7087
2872 1.9218
2873 4.3508
2874 1.8702
2875 0.1233
2876 0.1940
2877 1.0712
2878 0.6773
2879 0.5425
2880 2.3429
2881 0.9632
2882 0.3445
2883 1.4977
2884 0.6499
2885 0.2770
2886 2.6596
2887 4.0423
2888 1.6877
2889 14.7084
2890 0.9984
2891 0.0740
2892 6.1464
2893 1.9615
2894 0.4409
2895 0.7943
2896 2.6428
2897 0.1581
2898 1.8597
2899 1.2347
2900 9.5805
2901 0.3570
2902 1.7447
2903 0.1330
2904 0.3862
2905 1.1029
2906 16.3893
2907 0.2327
2908 0.7859
2909 0.5275
2910 18.9220
2911 1.7960
2912 3.4319
2913 0.0923
2914 7.3655
2915 2.9628
2916 0.6514
2917 5.8227
2918 3.0992
2919 0.4170
2920 0.5511
2921 0.2169
2922 0.9262
2923 2.3402
2924 4.7916
2925 0.0858
2926 4.0804
2927 1.0809
2928 0.6350
2929 0.4641
2930 1.1846
2931 0.3379
2932 0.2601
2933 0.4085
2934 0.4607
2935 6.4726
2936 0.9365
2937 5.1111
2938 0.3501
2939 1.4116
2940 2.1695
2941 0.8839
2942 0.6428
2943 4.3430
2944 1.6739
2945 0.6390
2946 0.3357
2947 0.6954
2948 2.5733
2949 0.5176
2950 0.1526
2951 1.9944
2952 0.7643
2953 3.5334
2954   NaN
2955 0.8500
2956 0.2813
2957 0.1875
2958 0.5363
2959 0.2870
2960 2.9931
2961 0.7813
2962 6.5667
2963 0.3849
2964 0.9922
2965 0.5028
2966 2.2428
2967 0.5324
2968 8.2159
2969 0.2751
2970 0.4462
2971 1.6140
2972 0.3258
2973 0.3747
2974 14.4708
2975 0.2838
2976 0.2554
2977 1.3863
2978 1.2976
2979 5.5580
2980 1.0324
2981 6.6042
2982 0.5241
2983 0.2212
2984 0.4911
2985 1.1422
2986 0.3951
2987 0.1127
2988 6.6645
2989 0.5019
2990 0.6286
2991 0.7141
2992 2.9099
2993 0.4459
2994 5.6407
2995 0.3061
2996 0.7744
2997 0.3115
2998 0.7458
2999 1.4008
3000 1.8156
3001 2.1274
3002 0.3781
3003 3.3094
3004 1.6138
3005 5.3597
3006 2.4452
3007 1.6028
3008 0.9618
3009 0.3146
3010 2.9714
3011 0.2521
3012 2.6222
3013 1.5068
3014 0.4496
3015 0.1624
3016 3.1832
3017 1.6798
3018 0.9191
3019 7.4750
3020 2.6901
3021 2.7840
3022 2.5078
3023 0.7082
3024 1.8444
3025 1.7933
3026 9.9240
3027 0.2884
3028 0.1853
3029 0.3552
3030 0.9241
3031 9.1671
3032 0.1781
3033 1.4009
3034 0.2120
3035 0.1577
3036 1.1569
3037 0.2754
3038 0.1884
3039 2.9332
3040 0.4664
3041 3.0086
3042 10.4563
3043 1.5982
3044 2.0958
3045 6.3409
3046 0.3739
3047 0.1110
3048 0.3626
3049 0.6464
3050 0.3076
3051 0.2796
3052   NaN
3053 2.6619
3054 0.3770
3055 0.9317
3056 0.2760
3057 0.3577
3058 5.6996
3059 0.1216
3060 8.9052
3061 0.1139
3062 0.0910
3063 0.5582
3064 2.0634
3065 5.3054
3066 1.2663
3067 2.0657
3068 1.4867
3069 9.2360
3070 2.3048
3071 1.2707
3072 0.4349
3073 0.2943
3074 0.7800
3075 0.1784
3076 0.2108
3077 97.2612
3078 0.4816
3079 0.8727
3080 1.6810
3081 0.0881
3082 0.7240
3083 0.3923
3084 0.1363
3085 0.2544
3086 1.1350
3087 0.3996
3088 9.0170
3089 10.1705
3090 0.2768
3091 4.0771
3092 0.5777
3093 0.3268
3094 0.3138
3095 0.5635
3096 0.5830
3097 7.6952
3098 10.4122
3099 0.7904
3100 3.2240
3101 2.0042
3102 2.6762
3103 7.9165
3104 2.9394
3105 0.1160
3106 7.5738
3107 0.6735
3108 0.2126
3109 1.7609
3110 0.3667
3111 8.8349
3112 0.4603
3113 0.7247
3114 0.1903
3115 0.0923
3116 1.0198
3117 0.9286
3118 0.2735
3119 0.3183
3120 2.1022
3121 0.2161
3122 2.2381
3123 0.5536
3124 8.6125
3125 1.1025
3126 0.6728
3127 0.2348
3128 0.7898
3129 0.3103
3130 0.9944
3131 3.0721
3132 0.2305
3133 20.0078
3134 5.4023
3135 18.8566
3136 0.7660
3137 0.7771
3138 0.3280
3139 0.4049
3140 0.8262
3141 3.3425
3142 2.0301
3143 1.4886
3144 1.3699
3145 3.8073
3146 0.6503
3147 0.2632
3148 2.4938
3149 0.1424
3150 1.6031
3151 8.5016
3152 0.1328
3153 1.9808
3154 0.8096
3155 12.1430
3156 0.5115
3157 0.3121
3158 8.5667
3159 0.1786
3160 0.3478
3161 4.0528
3162 0.3774
3163 0.8116
3164 3.2392
3165 1.4976
3166 1.2739
3167 3.0377
3168 3.4024
3169 0.2740
3170 2.4122
3171 6.1656
3172 0.7674
3173 0.7239
3174 1.2142
3175 0.0827
3176 1.8203
3177 0.2488
3178 0.4232
3179 2.1474
3180 1.8645
3181 1.1486
3182 0.5008
3183 7.2749
3184 2.4663
3185 0.6179
3186 0.8614
3187 2.7636
3188 1.2261
3189 1.3263
3190 2.2095
3191 0.1311
3192 0.3670
3193 0.1953
3194 0.9257
3195 0.3667
3196 2.4595
3197 0.1663
3198 0.4493
3199 8.1128
3200 1.0929
3201 0.1018
3202 2.9211
3203 0.6359
3204 0.2844
3205 0.4940
3206 10.1182
3207 2.7689
3208 0.0961
3209 1.7982
3210 0.6232
3211 3.8602
3212 3.3375
3213 1.2618
3214   NaN
3215 0.4457
3216 2.3983
3217 0.6795
3218 2.5144
3219 3.9735
3220 0.8828
3221 13.5575
3222 3.5841
3223 1.4950
3224 17.7613
3225 12.3713
3226 1.0252
3227 1.6358
3228 3.6085
3229 0.1128
3230 5.7135
3231 0.8892
3232 0.1142
3233 6.8897
3234 7.6857
3235 0.2000
3236 1.3477
3237 0.2001
3238 0.3757
3239 0.7160
3240 0.6332
3241 0.7654
3242 2.2560
3243 1.5140
3244 0.3146
3245 0.2802
3246 0.4730
3247 3.0231
3248 2.8153
3249 0.5311
3250 0.2644
3251 0.3653
3252 0.7517
3253 9.6007
3254 2.8811
3255 1.5542
3256 9.4413
3257 0.2234
3258 0.4463
3259 0.6512
3260 0.8850
3261 0.8619
3262 0.9392
3263 0.2263
3264 1.7770
3265 8.6634
3266 0.1275
3267 0.8806
3268 0.4874
3269 1.6972
3270 0.4318
3271 0.7584
3272 0.7338
3273 0.8859
3274 0.0842
3275 1.0418
3276 2.1108
3277 1.1097
3278 0.4016
3279 0.8025
3280 1.8741
3281 0.0701
3282 0.6310
3283 0.4441
3284 0.6481
3285 1.2075
3286 0.8774
3287 0.4230
3288 1.6474
3289 0.2544
3290 21.7965
3291 1.1984
3292 1.8303
3293 0.5921
3294 5.5354
3295 3.3108
3296 0.1237
3297 0.7476
3298 0.1228
3299 0.3862
3300 1.3516
3301 0.3053
3302 0.4933
3303 1.4675
3304 6.8556
3305 0.2182
3306 0.1142
3307 5.2297
3308 1.5522
3309 0.6659
3310 13.4703
3311 1.5383
3312 6.0893
3313 0.3815
3314 1.4517
3315 0.4512
3316 1.1732
3317 0.7503
3318 2.1277
3319 0.6454
3320 0.9283
3321 7.0119
3322 2.1495
3323 0.3279
3324 0.8012
3325 0.4103
3326 0.2355
3327 4.3112
3328 0.1285
3329 3.2906
3330 0.5390
3331 1.9040
3332 0.2207
3333 4.9549
3334 0.4808
3335 1.7928
3336 2.3805
3337 2.9377
3338 0.1007
3339 0.1177
3340 2.1749
3341 1.9479
3342 0.1237
3343 0.2585
3344 11.2249
3345 3.5142
3346 1.5741
3347 0.8855
3348 12.5803
3349 0.0868
3350 0.2946
3351 0.3762
3352 0.8724
3353 0.3620
3354 0.1858
3355 0.5711
3356 1.2099
3357 2.2611
3358 0.5322
3359 3.8942
3360 4.2610
3361 3.4224
3362 1.9176
3363 0.3533
3364 1.1550
3365 0.4849
3366 6.5787
3367 2.0083
3368 0.4378
3369 0.4918
3370 0.3040
3371 0.5711
3372 0.1069
3373 5.1103
3374 0.3366
3375 0.4791
3376 0.2726
3377 1.7737
3378 0.8707
3379 0.4128
3380 1.4367
3381 1.6003
3382 0.3835
3383 0.8004
3384 0.2092
3385 9.4935
3386 1.7680
3387 0.2079
3388 6.3669
3389 0.3623
3390 1.3165
3391 0.7187
3392 0.7003
3393 0.2176
3394 3.4594
3395 0.7282
3396 9.1351
3397 1.1514
3398 0.1766
3399 3.9868
3400 8.8889
3401 0.4291
3402 0.4936
3403 0.3961
3404 3.2677
3405 0.3865
3406 2.2416
3407 0.2122
3408   NaN
3409 1.3042
3410 6.7817
3411 2.5977
3412 0.5519
3413 1.3266
3414 1.7475
3415 5.3028
3416 0.2367
3417 0.7566
3418 0.1717
3419 2.0653
3420 2.6808
3421 0.7081
3422 0.9278
3423 4.2660
3424 0.3700
3425 1.9093
3426 0.3606
3427 1.7001
3428 2.0814
3429 4.5803
3430 0.1195
3431 0.5338
3432 5.3552
3433 0.8425
3434 9.2968
3435 0.5863
3436 3.4878
3437 2.8072
3438 0.2395
3439 0.1469
3440 0.1745
3441 0.2408
3442 4.6767
3443 2.8371
3444 0.2110
3445 1.7261
3446 0.1132
3447 0.0986
3448 1.7854
3449 9.6412
3450 0.4987
3451 0.6176
3452 2.3356
3453 0.2162
3454 0.3715
3455 2.9031
3456 0.2624
3457 0.6910
3458 0.3259
3459 0.5232
3460 2.5430
3461 8.8180
3462 1.7368
3463 0.7746
3464 0.5480
3465 1.9487
3466 0.2259
3467 3.7269
3468 18.5292
3469 3.4757
3470 0.6680
3471 2.9088
3472 1.4270
3473 0.1959
3474 0.1467
3475 0.1719
3476 0.8141
3477 0.3216
3478 0.3181
3479 1.7395
3480 2.8346
3481 0.1312
3482 9.0871
3483 0.7801
3484 3.1241
3485 0.8315
3486 5.8165
3487 0.2212
3488 1.1533
3489 0.4621
3490 2.3318
3491 0.8103
3492 0.4391
3493 8.4732
3494 0.7044
3495 0.4174
3496 0.2210
3497 0.1959
3498 0.1762
3499 3.5259
3500 0.2778
3501 0.1009
3502 1.4129
3503 0.3462
3504 2.7379
3505 0.3865
3506 0.0924
3507 0.3164
3508 0.1438
3509 0.2277
3510 0.2212
3511 0.3441
3512 0.2562
3513 12.0449
3514 1.0773
3515 0.3945
3516 0.6709
3517 8.5911
3518 0.4973
3519 0.7481
3520 1.7130
3521 0.7207
3522 0.3209
3523 0.9676
3524 1.8651
3525 0.9939
3526 0.7436
3527 1.4877
3528 0.1881
3529 0.1986
3530 8.8132
3531 0.1478
3532 0.1560
3533 0.8971
3534 1.5884
3535 0.3293
3536 0.9350
3537 3.5035
3538 3.3276
3539 0.1084
3540 0.1090
3541 1.0682
3542 0.2980
3543 0.3689
3544 1.1474
3545 0.8816
3546 0.2879
3547 0.3074
3548 4.1623
3549 0.5602
3550 2.9530
3551 0.5292
3552 0.4856
3553 1.0212
3554 3.6336
3555 1.6268
3556 1.3543
3557 0.6270
3558 2.4258
3559 0.2945
3560 0.1782
3561 1.7033
3562 3.1734
3563 3.4702
3564 0.1281
3565 5.3733
3566 0.1082
3567 9.7106
3568 1.6503
3569 3.0619
3570 2.7779
3571 0.2966
3572 1.1580
3573 3.5301
3574 0.3980
3575 1.1056
3576 12.0603
3577 3.9844
3578 0.3850
3579 0.2502
3580 1.6298
3581 0.2100
3582 4.2608
3583 1.7730
3584 15.5437
3585 0.9873
3586 0.0822
3587 2.5422
3588 0.2417
3589 7.9337
3590 2.3359
3591 0.5556
3592 0.2907
3593 0.6886
3594 7.7957
3595 0.6304
3596 7.0360
3597 0.6285
3598 1.4197
3599 7.1948
3600 0.2565
3601 0.2071
3602 0.6711
3603 2.5309
3604 0.0905
3605 1.4597
3606 0.4788
3607 0.8243
3608 5.5659
3609 0.1529
3610 5.2011
3611 0.3080
3612 1.6406
3613 2.7567
3614 0.8016
3615 1.8344
3616 0.2855
3617 4.6791
3618 0.7699
3619   NaN
3620 0.0972
3621 8.4165
3622 2.1411
3623 5.2586
3624 0.5079
3625 1.8668
3626 1.6931
3627 1.0587
3628 0.2045
3629 2.3666
3630 3.0153
3631 0.4590
3632 2.8344
3633 0.4329
3634 3.9806
3635 0.5066
3636 2.7338
3637 0.7966
3638 0.2503
3639 0.1450
3640 8.2075
3641 0.2747
3642 2.8588
3643 0.7307
3644 0.7462
3645 0.5982
3646 4.7707
3647 0.2205
3648 0.9993
3649 0.1151
3650 0.9647
3651 0.2103
3652 0.1861
3653 0.2176
3654 4.2080
3655 1.7674
3656 3.0788
3657 3.4216
3658 5.1719
3659 3.2624
3660 0.0806
3661 2.9946
3662 7.3875
3663 1.0537
3664 0.6332
3665 1.8230
3666 0.2662
3667 1.7396
3668 1.7402
3669 13.6091
3670 2.8381
3671 4.1071
3672 2.2155
3673 0.1412
3674 1.6965
3675 1.0023
3676 0.1140
3677 1.6731
3678 1.8780
3679 2.7226
3680 1.3877
3681 3.7248
3682 1.6588
3683 6.3333
3684 3.1541
3685 6.4904
3686 3.0176
3687 0.4856
3688   NaN
3689 0.1684
3690 0.4540
3691 2.0572
3692 2.0871
3693 0.2755
3694 0.6707
3695 7.1053
3696 1.6410
3697 1.0428
3698 0.9856
3699 0.7555
3700 1.8725
3701 1.3360
3702 1.5818
3703 2.1393
3704 0.9515
3705 0.7585
3706 2.2581
3707 0.4208
3708 0.2370
3709 2.9729
3710 0.0886
3711 0.3731
3712 0.2019
3713 0.6257
3714 5.5133
3715 1.9339
3716 0.2286
3717 1.4679
3718 0.6904
3719 1.9107
3720 1.7325
3721 0.8330
3722 1.1087
3723 2.3120
3724 3.0634
3725 0.7632
3726 0.1490
3727 9.9514
3728 0.4518
3729 0.8549
3730 1.2791
3731 0.7071
3732 0.2556
3733 0.2612
3734 2.9367
3735 1.2858
3736 1.8245
3737 5.2087
3738 1.6912
3739 1.8335
3740 12.1014
3741 1.3967
3742 7.8191
3743 0.5461
3744 0.0928
3745 4.6616
3746 2.5854
3747 0.8929
3748 0.3351
3749 16.4546
3750 2.8082
3751 0.9929
3752 1.0137
3753 5.3088
3754 1.7530
3755 23.9823
3756 9.0828
3757 1.1958
3758 1.2555
3759 1.2514
3760 1.9989
3761 1.5547
3762 0.5262
3763 2.4849
3764 0.9383
3765 2.3725
3766 0.1875
3767 0.1843
3768 10.1897
3769 3.3249
3770 1.4473
3771 0.2587
3772 0.5469
3773 0.4130
3774 1.6799
3775 1.4358
3776 1.2014
3777 2.7550
3778 0.3728
3779 6.3915
3780 0.2518
3781 0.7100
3782 1.8931
3783 1.6785
3784 2.7303
3785 0.2983
3786 1.3483
3787 0.4506
3788 0.6847
3789 1.9227
3790 1.3007
3791 0.7005
3792 0.3492
3793 0.5368
3794 0.2936
3795 0.3937
3796 1.6892
3797 3.4799
3798 0.3573
3799 0.8548
3800 2.6372
3801 1.4754
3802 0.9591
3803 0.4001
3804 8.1197
3805 6.0638
3806 0.6466
3807 4.5570
3808 2.1477
3809 3.6935
3810 0.2198
3811 1.7450
3812 2.0115
3813 2.4632
3814 1.9323
3815 4.0860
3816 0.0938
3817 1.3435
3818 0.7732
3819 1.8716
3820 3.1570
3821 4.1815
3822 5.0476
3823 6.4153
3824 5.3380
3825 2.5573
3826 2.3269
3827 0.1383
3828 2.1824
3829 0.6678
3830 0.5805
3831 0.3027
3832 0.0909
3833 6.8243
3834 2.4727
3835 0.6653
3836 0.9536
3837 0.1453
3838 0.3534
3839 2.1356
3840 0.5506
3841 0.1328
3842 0.3828
3843 0.4390
3844 0.6329
3845 2.6949
3846 0.7144
3847 0.3545
3848 0.3053
3849 0.6032
3850 1.6200
3851 0.2219
3852 4.3953
3853 5.1355
3854 2.8302
3855 0.2463
3856 0.3100
3857 1.0290
3858 5.2065
3859 0.6428
3860 1.0176
3861 0.5471
3862 0.8842
3863 1.0906
3864 0.8132
3865 0.3840
3866 4.2758
3867 0.6146
3868 0.2314
3869 9.7322
3870 0.7258
3871 1.0361
3872 0.1184
3873 0.3584
3874 4.6631
3875 5.6618
3876 0.4973
3877 0.2706
3878 0.6730
3879 3.0737
3880 1.7722
3881 0.9556
3882 0.4251
3883 3.2948
3884 0.1221
3885 0.3143
3886 5.9396
3887 0.0727
3888 0.2104
3889 0.5457
3890 0.3268
3891 3.3682
3892 6.4722
3893 2.2289
3894 0.2365
3895 1.7922
3896 0.0967
3897 0.7787
3898 1.4679
3899 1.0563
3900 0.1532
3901 2.6765
3902 4.9575
3903 0.2568
3904 0.3444
3905 1.5849
3906 0.2408
3907 0.3567
3908 1.7585
3909 0.1807
3910 0.2045
3911 1.8708
3912 2.8154
3913 11.7583
3914 0.7910
3915 1.6295
3916 0.7027
3917 0.3592
3918 18.4552
3919 0.1524
3920 2.8579
3921 0.5099
3922 0.3150
3923 0.2671
3924 0.4330
3925 0.9409
3926 0.1913
3927 6.9859
3928 0.1812
3929 0.6148
3930 1.4845
3931 20.1490
3932 3.7521
3933 0.2762
3934 2.2254
3935 0.1312
3936 0.4783
3937 1.6580
3938 0.0878
3939 0.5650
3940 0.9148
3941 0.1104
3942 1.2351
3943 0.9201
3944 19.0609
3945 0.2364
3946 0.0902
3947 2.5741
3948 0.2993
3949 3.4593
3950 1.6513
3951 0.5688
3952 0.4432
3953 0.2102
3954 0.6979
3955 1.9385
3956 0.7881
3957 0.6433
3958 0.1347
3959 0.7972
3960 0.6631
3961 0.6462
3962 0.5740
3963 0.5712
3964 0.2883
3965 1.8926
3966 0.4333
3967 14.8484
3968 1.4014
3969 1.8157
3970 8.4750
3971 0.1309
3972 0.9727
3973 0.1112
3974 0.2997
3975 0.4852
3976 0.2300
3977 0.2230
3978 0.3471
3979 0.2473
3980 1.0885
3981 3.9544
3982 0.5572
3983 0.0856
3984 1.9231
3985 0.3113
3986 0.2001
3987 0.4391
3988 12.0023
3989 1.3714
3990 0.4473
3991 0.9815
3992 2.3407
3993 1.5500
3994 0.1210
3995 1.6532
3996 0.5711
3997 0.3152
3998 1.5930
3999 0.3971
4000 3.0189
4001 13.8210
4002 1.7372
4003 25.2714
4004 0.2075
4005 0.9807
4006 1.4048
4007 1.5171
4008 1.4181
4009 2.4506
4010 1.2394
4011 3.5354
4012 0.6557
4013 1.6763
4014 2.6708
4015 0.1190
4016 10.0810
4017 1.0753
4018 1.6206
4019 0.2605
4020 2.3910
4021 1.6091
4022 0.9102
4023 1.2578
4024 1.4345
4025 0.2961
4026 2.5575
4027 3.7329
4028 0.1453
4029 0.1947
4030 1.1382
4031 0.7375
4032 5.3120
4033 0.3322
4034 0.5542
4035 0.6370
4036 0.4478
4037 5.8050
4038 2.1336
4039 1.5299
4040 0.1327
4041 0.1503
4042 0.5059
4043 6.8802
4044 0.7671
4045 0.5103
4046 4.1286
4047 4.1022
4048 1.1571
4049 2.5149
4050 0.1601
4051 10.6508
4052 0.0951
4053 0.7009
4054 0.2342
4055 6.3520
4056 0.3451
4057 1.2631
4058 8.2403
4059 2.3288
4060 11.1095
4061 1.1805
4062 1.8345
4063 0.8402
4064 4.6918
4065 2.0003
4066 0.3385
4067 0.4819
4068 0.3642
4069 0.1456
4070 1.3422
4071 0.3738
4072 1.2603
4073 1.3960
4074 16.0667
4075 7.6960
4076 0.3144
4077 0.2695
4078 0.6691
4079 1.2541
4080 1.2483
4081 1.8775
4082 1.7229
4083 1.3954
4084 0.4816
4085 0.2847
4086 3.5189
4087 0.7828
4088 0.0944
4089 0.3632
4090 0.5516
4091 15.3152
4092 1.1386
4093 1.2574
4094 3.8478
4095 4.0214
4096 1.8480
4097 1.2298
4098 0.2562
4099 0.9724
4100 10.5503
4101 0.1301
4102 0.3129
4103 0.7934
4104 5.9209
4105 0.2692
4106 0.6423
4107 1.4583
4108 3.3474
4109 0.7704
4110 0.0914
4111 0.1171
4112 5.7289
4113 2.1514
4114 0.3920
4115 0.7309
4116 7.4561
4117 0.3510
4118 0.3535
4119 0.8148
4120 2.4743
4121 2.7322
4122 2.9325
4123 0.3716
4124 2.6596
4125 2.8685
4126 8.5630
4127 2.6777
4128 5.3081
4129 3.3453
4130 1.5501
4131 3.7976
4132 1.3333
4133 0.4396
4134 0.5150
4135 0.1253
4136 0.4790
4137 1.1082
4138 3.4920
4139 5.3636
4140 0.2436
4141 0.1579
4142 8.3607
4143 1.4168
4144 0.5138
4145 0.5421
4146 1.7446
4147 13.6284
4148 2.4624
4149 6.5359
4150 0.2931
4151 1.4512
4152 0.4311
4153 0.3405
4154 0.1917
4155 0.1509
4156 7.3729
4157 0.6548
4158 1.0794
4159 0.2025
4160 12.5398
4161 3.7382
4162 0.1911
4163 1.2566
4164 3.2804
4165 0.9985
4166 0.4909
4167 0.3001
4168 0.7539
4169 0.7565
4170 0.7167
4171 1.1741
4172 4.3390
4173 2.4584
4174 0.6545
4175 1.2485
4176 0.1723
4177 1.2891
4178 0.6550
4179 1.5224
4180 0.3980
4181 0.8538
4182 1.0971
4183 1.8920
4184 2.0777
4185 0.8635
4186 1.5447
4187 14.6929
4188 0.6034
4189 0.6487
4190 0.4283
4191 1.2889
4192 0.6411
4193 0.5273
4194 3.5050
4195 0.5173
4196 0.1632
4197 7.4293
4198 0.2934
4199 1.4688
4200 2.6359
4201 2.7323
4202 0.5335
4203 2.8297
4204 0.9260
4205 3.8196
4206 0.1703
4207 0.2722
4208 0.6141
4209 4.4595
4210 4.6959
4211 0.2083
4212 2.2182
4213 3.7196
4214 5.5641
4215 0.0631
4216 0.2592
4217 10.6581
4218 1.3946
4219 2.1191
4220 2.4800
4221 2.4583
4222 0.6102
4223 0.1946
4224 0.8558
4225   NaN
4226 8.0033
4227 0.9861
4228 0.6054
4229 0.1944
4230 0.2807
4231 4.1906
4232 0.6449
4233 23.7070
4234 1.2072
4235 4.7193
4236 0.3805
4237 1.8271
4238 2.3511
4239 0.6283
4240 0.1255
4241 0.9441
4242 2.3561
4243 0.4190
4244 2.3502
4245 4.6894
4246 3.2028
4247 2.0368
4248 0.5969
4249 0.5161
4250 1.3608
4251 8.6465
4252 1.3056
4253 0.2310
4254 0.4679
4255 0.0855
4256 0.2427
4257 0.7120
4258 17.4695
4259 0.3220
4260 0.6971
4261 0.0941
4262 0.1405
4263 0.0666
4264 2.5247
4265 0.2218
4266 0.7856
4267 0.2166
4268 1.2514
4269 15.7533
4270 0.6649
4271 6.0108
4272 2.3794
4273 2.2571
4274 0.3255
4275 8.2069
4276   NaN
4277 1.0359
4278 0.6080
4279 0.4073
4280 0.4867
4281 0.1875
4282 0.7774
4283 2.3324
4284 0.9880
4285 3.3524
4286 2.3131
4287 0.2403
4288 0.3081
4289 0.2514
4290 0.2687
4291 4.3138
4292 0.3164
4293 3.3660
4294 3.7890
4295 0.2007
4296 0.3130
4297 1.5968
4298 3.8219
4299 1.0676
4300 0.5612
4301 1.5678
4302 0.1551
4303 6.0888
4304 0.1787
4305 0.1026
4306 0.3855
4307 0.5547
4308 1.6043
4309 1.5398
4310 1.5424
4311 0.3817
4312 3.9341
4313 0.5783
4314 0.2317
4315 10.9913
4316 2.7735
4317 1.6669
4318 0.3972
4319 1.4370
4320 0.0965
4321 0.5291
4322 1.0347
4323 0.4639
4324 4.5034
4325 1.1206
4326 2.4681
4327 18.4581
4328 0.4452
4329 0.3096
4330 10.2615
4331 0.8096
4332 6.3090
4333 2.4121
4334 0.3210
4335 0.2662
4336 0.1859
4337 0.2089
4338 0.6694
4339 17.5965
4340 1.3626
4341 1.3365
4342 0.2947
4343 0.3131
4344 2.5324
4345 0.1227
4346 1.7655
4347 0.6126
4348 0.5241
4349 9.1842
4350 0.3967
4351 6.8186
4352 2.8847
4353 1.6607
4354 14.1846
4355 3.2169
4356 0.8043
4357 0.3273
4358 3.2769
4359 3.0976
4360 6.0226
4361 2.1807
4362 0.1161
4363 0.2247
4364 1.2792
4365 6.1794
4366 0.3103
4367 4.0670
4368 0.2072
4369 5.3511
4370 2.8346
4371 2.1577
4372 0.9194
4373 0.9255
4374 1.1851
4375 0.1369
4376 0.2433
4377 0.1297
4378 0.5670
4379 0.3671
4380 1.6210
4381 0.4401
4382 0.8991
4383 0.3520
4384 0.2415
4385 2.6524
4386 0.4273
4387 2.2723
4388 0.0937
4389 0.0827
4390 0.1405
4391 2.1725
4392 23.6556
4393 2.1637
4394 0.3961
4395 6.4580
4396 0.0875
4397 1.5974
4398 12.3850
4399 5.0936
4400 4.6456
4401 4.5285
4402 0.6800
4403 0.3040
4404 3.5202
4405 0.2069
4406 3.6712
4407 1.5702
4408 0.8332
4409 0.5743
4410 0.3127
4411 3.9073
4412 0.6354
4413 0.8312
4414 0.1075
4415 3.7114
4416 3.7964
4417 0.2289
4418 2.5304
4419 2.2977
4420 0.7205
4421 1.1269
4422 0.3393
4423 1.6491
4424 5.2062
4425 1.8575
4426 2.9929
4427 9.1012
4428 1.7920
4429 0.7359
4430 0.5147
4431 0.3653
4432 0.4613
4433 0.2456
4434 8.4796
4435 0.6175
4436 19.1526
4437 3.4769
4438 0.2861
4439 0.5943
4440 2.0616
4441 1.7434
4442 0.5857
4443 2.3817
4444 0.6602
4445 2.4177
4446 0.4366
4447 3.3943
4448 0.9893
4449 0.1675
4450 3.2765
4451 4.9470
4452 0.1756
4453 7.6262
4454 4.6107
4455 1.2036
4456 16.4673
4457 0.5598
4458 3.5213
4459 3.1988
4460 0.1174
4461 8.0928
4462 2.7733
4463 2.7647
4464 0.9517
4465 1.0436
4466 0.1271
4467 0.5688
4468 0.4552
4469 2.3490
4470 0.1820
4471 0.3606
4472 0.1354
4473 0.2134
4474 2.5394
4475 0.2978
4476 1.9003
4477 0.8174
4478 2.4510
4479 0.5378
4480 0.5481
4481 0.6854
4482 0.1279
4483 1.7899
4484 0.3643
4485 0.7052
4486 9.9113
4487 3.7375
4488 1.1783
4489 0.2097
4490 0.5394
4491 8.8881
4492 1.9439
4493 0.3027
4494 0.8767
4495 2.2368
4496 0.1182
4497 3.4726
4498 0.6367
4499 6.5033
4500 3.8045
4501 3.2346
4502 0.1347
4503 0.9384
4504 2.5959
4505 1.5300
4506 1.7548
4507 0.7597
4508 13.0247
4509 5.0937
4510 1.5464
4511 6.7339
4512 0.5002
4513 0.3195
4514 0.1020
4515 0.3805
4516 3.7945
4517 1.8929
4518 0.7797
4519 2.5687
4520 5.7071
4521 0.6518
4522 0.2290
4523 0.3987
4524 0.6215
4525 0.8666
4526 0.4828
4527 0.3711
4528 0.1927
4529 0.6100
4530 0.3460
4531 3.6869
4532 2.8109
4533 4.2802
4534 0.1536
4535 0.1732
4536 0.5980
4537 0.2229
4538 0.5439
4539 4.0510
4540 0.1167
4541 2.1189
4542 3.6949
4543 1.1124
4544 3.8071
4545 2.4994
4546 1.2772
4547 0.0996
4548 0.1852
4549 3.1199
4550 6.8464
4551 0.0934
4552 4.5896
4553 3.7270
4554 1.3876
4555 5.3088
4556 0.0816
4557 0.1415
4558 0.6794
4559 3.0218
4560 0.1526
4561 0.6278
4562 1.0320
4563 2.0782
4564 3.2753
4565 0.4859
4566 1.8008
4567 0.3543
4568 1.0378
4569 0.8028
4570 0.2405
4571 0.3819
4572 0.7237
4573 0.0924
4574 0.1028
4575 0.6316
4576 6.5158
4577 2.9545
4578 0.2700
4579 0.2800
4580 6.5643
4581 1.2725
4582 0.4151
4583 0.1604
4584 0.6501
4585 0.2253
4586 3.8696
4587 0.9163
4588 2.2890
4589 0.1410
4590 0.1920
4591 1.0864
4592 0.3849
4593 0.1299
4594 0.5971
4595 8.2384
4596 0.2868
4597 1.1012
4598 1.5003
4599 3.3204
4600 0.4472
4601 2.4914
4602 0.7887
4603 0.7777
4604 0.3802
4605 0.3053
4606 8.8060
4607 2.7451
4608 0.2231
4609 0.7917
4610 0.2847
4611 1.2357
4612 5.6829
4613 0.1517
4614 5.1198
4615 5.1819
4616 0.8824
4617 2.9601
4618 0.1283
4619 0.3997
4620 6.9974
4621 0.2242
4622 0.4867
4623 2.8929
4624 4.6020
4625 0.1803
4626 11.4392
4627 0.9510
4628 3.2757
4629 0.1149
4630 0.1235
4631 12.2491
4632 0.1462
4633 4.7270
4634 1.5229
4635 2.1115
4636 1.7170
4637 0.1797
4638 0.1567
4639 4.6531
4640 0.1850
4641 0.7510
4642 0.2902
4643 0.8864
4644 0.7061
4645 0.8052
4646 0.3368
4647 0.6698
4648 2.9885
4649 4.2526
4650 4.4627
4651 4.5151
4652 0.3467
4653 11.3743
4654 0.3078
4655 0.2931
4656 0.1839
4657 0.1387
4658 4.0077
4659 1.8060
4660 4.1576
4661 5.1666
4662 0.2382
4663 6.4828
4664 0.4509
4665 1.0315
4666 7.4039
4667 9.3603
4668 4.2865
4669 1.3983
4670 1.7118
4671 0.1711
4672 0.2719
4673 5.5916
4674 0.1256
4675 7.7837
4676 6.7685
4677 0.0849
4678 1.2013
4679 0.5374
4680 7.9524
4681 0.0833
4682 2.2928
4683 18.7993
4684 0.4339
4685 0.3187
4686 2.2224
4687 0.1260
4688 1.1584
4689 2.1575
4690 0.9564
4691 0.5615
4692 1.3803
4693 0.9947
4694 0.2780
4695 1.2556
4696 0.2896
4697 1.4237
4698 3.7511
4699 0.1398
4700 0.2095
4701 2.1759
4702 0.6920
4703 4.8837
4704 0.1577
4705 1.1308
4706 1.3222
4707 2.3640
4708 0.1354
4709 1.5051
4710 6.9469
4711 1.5662
4712 0.6940
4713 8.0655
4714 3.2757
4715 0.9031
4716 0.2515
4717 0.4927
4718 2.3959
4719 2.3708
4720 0.2850
4721 10.7317
4722 0.1564
4723 3.1911
4724 1.5871
4725 0.1995
4726 0.4858
4727 0.3983
4728 1.5576
4729 3.5177
4730 3.6373
4731 3.0700
4732 0.0898
4733 0.4902
4734 0.4375
4735 1.7351
4736 0.2113
4737 3.6175
4738 2.8017
4739 0.6439
4740 0.7849
4741 0.3110
4742 4.8157
4743 1.1904
4744 0.2280
4745 0.8918
4746 2.3392
4747 0.0973
4748 0.5224
4749 5.9289
4750 0.5076
4751 0.6863
4752 0.6017
4753 0.1324
4754 4.6491
4755 3.9484
4756 1.8161
4757 1.6399
4758 0.2566
4759 0.2176
4760 0.1726
4761 0.7857
4762 1.8209
4763 0.2387
4764 0.3274
4765 0.3420
4766 0.3063
4767 0.7199
4768 0.7550
4769 0.1945
4770 0.4246
4771 14.5210
4772 0.5304
4773 0.3597
4774 6.9080
4775 0.4451
4776 3.8489
4777 0.3372
4778 0.8394
4779 1.1304
4780 5.4002
4781 0.4965
4782 6.3363
4783 1.8367
4784 0.2977
4785 0.3280
4786 11.0536
4787 0.1484
4788 1.9304
4789 0.6784
4790 14.9427
4791 3.6242
4792 1.1109
4793 1.7715
4794 0.1980
4795 0.2581
4796 2.3563
4797 1.2414
4798 0.4060
4799 0.5187
4800 0.3152
4801 0.2344
4802 1.0286
4803 0.2953
4804 6.8718
4805 5.5386
4806 2.0837
4807 0.6572
4808 0.1171
4809 1.7903
4810 10.5540
4811 2.0582
4812 1.0960
4813 1.2927
4814 0.6472
4815 0.1305
4816 0.9156
4817 29.8973
4818 0.1366
4819 1.1540
4820 2.1565
4821 0.3662
4822 3.1673
4823 1.8947
4824 1.2107
4825 1.5264
4826 9.9151
4827 0.3363
4828 0.9696
4829 0.1167
4830 0.3478
4831 2.9561
4832 0.6869
4833 0.0904
4834 0.2352
4835 3.3356
4836 1.1663
4837 2.5223
4838 0.3430
4839 0.6085
4840 0.9435
4841 0.5490
4842 0.7947
4843 0.2103
4844 1.0658
4845 4.9535
4846 0.9980
4847 1.2208
4848 0.4149
4849 0.6627
4850 0.3132
4851 2.3533
4852 1.0625
4853 0.2905
4854 0.3957
4855 8.1020
4856 0.3265
4857 1.5666
4858 14.1764
4859 0.9270
4860 1.5873
4861 0.2626
4862 0.3718
4863 0.3744
4864 0.2540
4865 1.7812
4866 0.4070
4867 0.2320
4868 0.1006
4869 0.1243
4870 0.1229
4871 0.0803
4872 0.0821
4873 0.4474
4874 0.2243
4875 0.1846
4876 0.5593
4877 4.8718
4878 0.4837
4879 0.2179
4880 1.3313
4881 0.5748
4882 0.2445
4883 1.7447
4884 0.4892
4885 0.3884
4886 1.5860
4887 15.1004
4888 14.0053
4889 0.3100
4890 9.0228
4891 0.2734
4892 2.0908
4893 5.0026
4894 1.4136
4895 6.1820
4896 0.3011
4897 3.4633
4898 0.3091
4899 0.3402
4900 14.3678
4901 1.9871
4902 0.2506
4903 5.5787
4904 1.0216
4905 0.0750
4906 10.3823
4907 0.1500
4908 0.2300
4909 1.0092
4910 0.6243
4911 2.0827
4912 0.3218
4913 0.8695
4914 0.0840
4915 1.5189
4916 0.4489
4917 0.3184
4918 0.9311
4919 1.6971
4920 2.4029
4921 1.8212
4922 0.2824
4923 4.8733
4924 0.1455
4925 0.7376
4926 6.8085
4927 0.2651
4928 0.1992
4929 0.2544
4930 9.6677
4931 0.8141
4932 1.2257
4933 8.2911
4934 1.5044
4935 2.9309
4936 0.1659
4937 0.0837
4938 2.8911
4939 2.2391
4940 0.1695
4941 2.8728
4942 0.2519
4943 2.5232
4944 1.0315
4945 0.7342
4946 6.7923
4947 0.2345
4948 0.2212
4949 0.3629
4950 6.2650
4951 0.5755
4952 0.0833
4953 3.2073
4954 0.3369
4955 3.0028
4956 1.0893
4957   NaN
4958 0.1222
4959 0.1942
4960 0.8041
4961 0.2721
4962 0.6681
4963 0.0857
4964 0.4834
4965 5.4739
4966 1.4388
4967 0.1997
4968 4.9972
4969 0.0937
4970 0.6920
4971 11.9871
4972 0.7101
4973 1.9885
4974 0.9950
4975 1.5722
4976 2.3558
4977 1.7328
4978 0.5611
4979 3.3033
4980 0.3542
4981 0.9516
4982 8.2795
4983 0.6610
4984 0.6477
4985 1.5099
4986 5.0875
4987 1.7513
4988 0.4362
4989 0.6573
4990 0.4438
4991 0.4425
4992 0.2951
4993 0.2358
4994 0.2376
4995 1.3828
4996 0.4059
4997 0.8547
4998 0.8464
4999 0.6920
5000 0.2115
