   1 0.5062
   2 0.1221
   3 0.1083
   4 2.9435
   5 0.0849
   6 0.2102
   7 0.1957
   8 0.1011
   9 0.4555
  10 0.6704
  11 0.6269
  12 0.6934
  13 0.0834
  14 0.8866
  15 0.2556
  16 0.1095
  17 0.3280
  18 0.7494
  19 1.0623
  20 0.0884
  21 0.1085
  22 0.1191
  23 0.4594
  24 0.0765
  25 0.3874
  26 0.7252
  27 0.1435
  28 0.2847
  29 0.1856
  30 0.4151
  31 0.0897
  32 0.1739
  33 0.1281
  34 0.1315
  35 0.0975
  36 0.1474
  37 0.0903
  38 0.6415
  39 0.0956
  40 0.9010
  41 0.1021
  42 0.2741
  43 0.1448
  44 0.3135
  45 1.3326
  46 0.6989
  47 0.1019
  48 0.1412
  49 0.1215
  50 0.3973
  51 0.5512
  52 1.2415
  53 1.3543
  54 0.1105
  55 0.5492
  56 0.0773
  57 0.5144
  58 0.2066
  59 0.0847
  60 0.1176
  61 0.5229
  62 1.1094
  63 0.9741
  64 0.3451
  65 0.0950
  66 0.1101
  67 0.4091
  68 0.4120
  69 0.2973
  70 0.2767
  71 0.7325
  72 0.1294
  73 0.2989
  74 0.1428
  75 0.0884
  76 0.2432
  77 0.1290
  78 0.8984
  79 0.1496
  80 0.3581
  81 0.1932
  82 2.0180
  83 0.7057
  84 0.3679
  85 0.0944
  86 0.9309
  87 0.3646
  88 0.1836
  89 0.6904
  90 0.3357
  91 1.5111
  92 0.1038
  93 0.3470
  94 1.0376
  95 0.2653
  96 0.4666
  97 0.5347
  98 0.0680
  99 0.6456
 100 0.4374
 101 1.1407
 102 0.4450
 103 0.0842
 104 0.0997
 105 0.1353
 106 0.1321
 107 0.1765
 108 0.3240
 109 1.2491
 110 0.0945
 111 0.1621
 112 0.6539
 113 0.0728
 114 0.1134
 115 0.1545
 116 0.4685
 117 0.2722
 118 0.2460
 119 0.2606
 120 0.3041
 121 0.2952
 122 0.4205
 123 0.8113
 124 0.1879
 125 0.1336
 126 0.4444
 127 0.3634
 128 0.3836
 129 0.8201
 130 0.3066
 131 0.1419
 132 0.0973
 133 0.6284
 134 0.3660
 135 0.1280
 136 0.7403
 137 0.9284
 138 0.2319
 139 0.2151
 140 0.4102
 141 0.1040
 142 0.1173
 143 0.4069
 144 0.2503
 145 1.9256
 146 0.5117
 147 0.3712
 148 0.4930
 149 0.6485
 150 0.2676
 151 0.4061
 152 0.8176
 153 0.1953
 154 0.1550
 155 2.0533
 156 0.3081
 157 0.8428
 158 0.2571
 159 0.4025
 160 1.4322
 161 0.1713
 162 0.7100
 163 0.6493
 164 0.1850
 165 0.1348
 166 0.6214
 167 0.1582
 168 0.8933
 169 1.1360
 170 0.4274
 171 0.6227
 172 0.7021
 173 0.6796
 174 1.5037
 175 0.2944
 176 0.1741
 177 0.5424
 178 0.2826
 179 0.3228
 180 0.2079
 181 0.3753
 182 0.3810
 183 0.1665
 184 0.1490
 185 0.2870
 186 0.2641
 187 0.3527
 188 1.3563
 189 0.0793
 190 0.1972
 191 0.3855
 192 0.1640
 193 0.3321
 194 0.0966
 195 0.1426
 196 0.3196
 197 0.2901
 198 0.3650
 199 0.6818
 200 0.5012
 201 0.4035
 202 0.1336
 203 0.2607
 204 0.2135
 205 0.1414
 206 0.4242
 207 0.8611
 208 0.1188
 209 0.3779
 210 0.2122
 211 0.8158
 212 0.1481
 213 0.2693
 214 0.5426
 215 0.8602
 216 0.2624
 217 0.2157
 218 0.1376
 219 0.3446
 220 0.2365
 221 0.5080
 222 0.5495
 223 0.3594
 224 0.5490
 225 0.9196
 226 1.2477
 227 0.1417
 228 0.4930
 229 0.2848
 230 0.2545
 231 0.6189
 232 0.1953
 233 0.0960
 234 1.1843
 235 0.0797
 236 0.2263
 237 0.6526
 238 0.0901
 239 0.1239
 240 0.0784
 241 0.0780
 242 0.1940
 243 0.6023
 244 0.1161
 245 0.3605
 246 0.1614
 247 0.0733
 248 0.5013
 249 0.0982
 250 1.0795
 251 0.0915
 252 0.4204
 253 0.8024
 254 0.1500
 255 0.3967
 256 0.1068
 257 0.4118
 258 0.4776
 259 0.0773
 260 0.2132
 261 0.6289
 262 0.1376
 263 0.2859
 264 1.5177
 265 0.3259
 266 0.3581
 267 0.1539
 268 0.1165
 269 0.8483
 270 0.3286
 271 1.2358
 272 0.6952
 273 0.6958
 274 0.1092
 275 0.1788
 276 0.4550
 277 0.6071
 278 0.1032
 279 0.2112
 280 0.0967
 281 0.4277
 282 0.1405
 283 0.4770
 284 0.0816
 285 0.4607
 286 0.9482
 287 0.2214
 288 0.6033
 289 0.7056
 290 2.2288
 291 0.4209
 292 0.3204
 293 0.0906
 294 0.1253
 295 0.1511
 296 0.6206
 297 0.1052
 298 0.1586
 299 0.1966
 300 0.2918
 301 0.1004
 302 0.2342
 303 0.2824
 304 0.1817
 305 0.1373
 306 0.1190
 307 0.1532
 308 0.3676
 309 0.7231
 310 0.1419
 311 0.6400
 312 0.3281
 313 0.4134
 314 0.2339
 315 0.0782
 316 0.0858
 317 0.6824
 318 0.1963
 319 0.2730
 320 0.1339
 321 0.0948
 322 0.4543
 323 0.4106
 324 0.2719
 325 0.4292
 326 0.0908
 327 0.3460
 328 0.3599
 329 0.1646
 330 0.1316
 331 0.5347
 332 0.7757
 333 0.2579
 334 1.0059
 335 0.6080
 336 0.3255
 337 0.2940
 338 0.1354
 339 0.0919
 340 0.7691
 341 0.3188
 342 0.3152
 343 1.2968
 344 0.4628
 345 0.1391
 346 0.1029
 347 1.3285
 348 0.2180
 349 0.6005
 350 1.7925
 351 0.1112
 352 0.9972
 353 0.2234
 354 0.3832
 355 0.2289
 356 0.7543
 357 1.2059
 358 0.2570
 359 0.3045
 360 0.1279
 361 0.1194
 362 0.2961
 363 1.2809
 364 0.3524
 365 0.8869
 366 0.3154
 367 0.0685
 368 0.7655
 369 0.2011
 370 0.3320
 371 0.3074
 372 0.2917
 373 0.6167
 374 0.1253
 375 0.1942
 376 0.3137
 377 0.1267
 378 0.0936
 379 0.3592
 380 0.7371
 381 0.3194
 382 2.3770
 383 0.3872
 384 0.2986
 385 0.0912
 386 0.3953
 387 0.3821
 388 0.4183
 389 0.0917
 390 0.2925
 391 0.2080
 392 0.5003
 393 0.0956
 394 0.3927
 395 0.3499
 396 0.4404
 397 0.3935
 398 2.7270
 399 0.4238
 400 0.6374
 401 0.4158
 402 0.1534
 403 1.2260
 404 0.5014
 405 0.5464
 406 0.3765
 407 0.3301
 408 0.6342
 409 0.6878
 410 0.3465
 411 0.5401
 412 0.8049
 413 0.7460
 414 0.2598
 415 0.1357
 416 0.1665
 417 0.2122
 418 0.5560
 419 0.1321
 420 0.2587
 421 0.0985
 422 0.5637
 423 0.2140
 424 0.3507
 425 0.1321
 426 0.2760
 427 0.1797
 428 0.3178
 429 0.1702
 430 0.1452
 431 0.1293
 432 0.3851
 433 0.3763
 434 0.6578
 435 1.1537
 436 0.1685
 437 0.2731
 438 1.4264
 439 0.4450
 440 0.0946
 441 0.2422
 442 0.0989
 443 0.3462
 444 1.0737
 445 0.1009
 446 1.3568
 447 0.3551
 448 0.1430
 449 0.9501
 450 0.7932
 451 0.2961
 452 0.6578
 453 0.3373
 454 0.2838
 455 0.2253
 456 0.1028
 457 0.8998
 458 0.7255
 459 0.1370
 460 0.0948
 461 0.2340
 462 0.3169
 463 0.1325
 464 0.1222
 465 0.3471
 466 2.3850
 467 0.2186
 468 0.4013
 469 0.0836
 470 1.6366
 471 0.1605
 472 0.9334
 473 0.3050
 474 0.2512
 475 0.1038
 476 0.4026
 477 0.1464
 478 0.2594
 479 1.9722
 480 0.3768
 481 0.0914
 482 0.7758
 483 0.1080
 484 0.1273
 485 0.2871
 486 0.1535
 487 0.7370
 488 0.1329
 489 0.5202
 490 0.1192
 491 0.1205
 492 0.5990
 493 0.1137
 494 0.1688
 495 0.1781
 496 0.3036
 497 0.0955
 498 0.1283
 499 0.3371
 500 1.5402
 501 0.0855
 502 0.0845
 503 0.4685
 504 1.0210
 505 1.3334
 506 0.3737
 507 0.2043
 508 1.5242
 509 0.1278
 510 0.0754
 511 0.1142
 512 1.4862
 513 0.2807
 514 0.3009
 515 0.9120
 516 0.7047
 517 0.1274
 518 0.3350
 519 0.4992
 520 0.4718
 521 0.1017
 522 0.2376
 523 1.3645
 524 0.3883
 525 0.4224
 526 0.3294
 527 0.3846
 528 0.4341
 529 1.1989
 530 0.1455
 531 0.3869
 532 0.1237
 533 0.5024
 534 0.1983
 535 1.5355
 536 0.0968
 537 0.5548
 538 0.1912
 539 0.4496
 540 0.6241
 541 0.1181
 542 0.0943
 543 0.7282
 544 0.6081
 545 0.3437
 546 0.1142
 547 0.2906
 548 0.3382
 549 0.3724
 550 0.2416
 551 0.3424
 552 0.1227
 553 0.2698
 554 3.9014
 555 0.2324
 556 0.5257
 557 0.1422
 558 0.1419
 559 0.0838
 560 0.5346
 561 0.1403
 562 0.0913
 563 0.5456
 564 0.8002
 565 0.1308
 566 2.0700
 567 0.1813
 568 0.1541
 569 0.1733
 570 0.2027
 571 1.4071
 572 0.0787
 573 0.0998
 574 0.3196
 575 0.1452
 576 0.1146
 577 0.4016
 578 0.1562
 579 0.4850
 580 0.3025
 581 0.4929
 582 0.1142
 583 0.1214
 584 0.1028
 585 0.3444
 586 0.1181
 587 2.0848
 588 0.0789
 589 0.2732
 590 0.1427
 591 0.2349
 592 0.4951
 593 0.6281
 594 0.2327
 595 0.8999
 596 1.4793
 597 0.5848
 598 1.5304
 599 0.1103
 600 0.4467
 601 0.4791
 602 0.8810
 603 0.1296
 604 0.1263
 605 0.1428
 606 0.7842
 607 0.8783
 608 0.2860
 609 0.3483
 610 0.3762
 611 0.3536
 612 0.4675
 613 0.3381
 614 0.1697
 615 0.1260
 616 0.1736
 617 1.5833
 618 0.1667
 619 0.3535
 620 0.0864
 621 0.7209
 622 0.1424
 623 0.1110
 624 0.3659
 625 0.1823
 626 0.1287
 627 0.0965
 628 0.0982
 629 0.2425
 630 1.9229
 631 0.3427
 632 0.3684
 633 1.7321
 634 0.0963
 635 0.3091
 636 0.3553
 637 0.3031
 638 0.1066
 639 2.4417
 640 0.8307
 641 0.2131
 642 0.3172
 643 0.0790
 644 0.3996
 645 0.9005
 646 0.1396
 647 0.2072
 648 0.4186
 649 0.2199
 650 0.1080
 651 0.3955
 652 0.4875
 653 0.1217
 654 0.3116
 655 0.1292
 656 2.6159
 657 0.5344
 658 0.1643
 659 0.0971
 660 0.1864
 661 0.0801
 662 0.1950
 663 0.2719
 664 1.2185
 665 0.5215
 666 0.1319
 667 0.1033
 668 0.2870
 669 0.4282
 670 0.1412
 671 0.1554
 672 0.1134
 673 0.3871
 674 0.3818
 675 0.1128
 676 0.1284
 677 0.1073
 678 0.3896
 679 0.3183
 680 0.1077
 681 0.3539
 682 0.1237
 683 2.6254
 684 3.3437
 685 0.0915
 686 0.1520
 687 0.1314
 688 0.2999
 689 0.1397
 690 0.1458
 691 1.6871
 692 0.1994
 693 0.3880
 694 1.4152
 695 0.3526
 696 0.8072
 697 0.1162
 698 0.3449
 699 0.2555
 700 0.1133
 701 0.4247
 702 0.1361
 703 0.5379
 704 0.1494
 705 0.1194
 706 0.0835
 707 0.6005
 708 0.3550
 709 0.0777
 710 0.5328
 711 0.2323
 712 1.1325
 713 0.0728
 714 0.1621
 715 0.6164
 716 0.2854
 717 0.1068
 718 0.1939
 719 0.1002
 720 0.2516
 721 0.5537
 722 0.1595
 723 0.4384
 724 0.6185
 725 0.2338
 726 0.1039
 727 0.4751
 728 0.3971
 729 0.8980
 730 0.7796
 731 0.1023
 732 0.1092
 733 0.3540
 734 0.1409
 735 0.2392
 736 0.0795
 737 0.4452
 738 0.2105
 739 1.1866
 740 0.3456
 741 0.3775
 742 0.1353
 743 0.1089
 744 0.1076
 745 0.3968
 746 0.1416
 747 0.3698
 748 0.8100
 749 0.2285
 750 0.4772
 751 0.1324
 752 0.9549
 753 1.2858
 754 0.3225
 755 0.3323
 756 0.1279
 757 0.7125
 758 0.0814
 759 0.1405
 760 1.2785
 761 0.4457
 762 0.2124
 763 0.5612
 764 0.0955
 765 0.4645
 766 0.3095
 767 0.3064
 768 0.7316
 769 0.2158
 770 0.4206
 771 1.0372
 772 0.0996
 773 0.1452
 774 0.2931
 775 0.1014
 776 0.5851
 777 0.3058
 778 0.3518
 779 0.4444
 780 0.1565
 781 0.0968
 782 0.2594
 783 0.1923
 784 0.1549
 785 1.0011
 786 0.2501
 787 0.7796
 788 0.3191
 789 0.2009
 790 0.3853
 791 0.8598
 792 0.7685
 793 0.1316
 794 0.6317
 795 0.1307
 796 0.4872
 797 0.1817
 798 0.1505
 799 0.1027
 800 0.3305
 801 0.8678
 802 0.1549
 803 0.9773
 804 0.2320
 805 0.1744
 806 0.1679
 807 0.1098
 808 0.3689
 809 0.1841
 810 0.4271
 811 0.6295
 812 0.7264
 813 0.5856
 814 0.8141
 815 0.1224
 816 0.5755
 817 0.3806
 818 0.2618
 819 0.2187
 820 2.2366
 821 0.0907
 822 0.0809
 823 0.4285
 824 0.1152
 825 0.2792
 826 0.7024
 827 0.1806
 828 0.2648
 829 0.2393
 830 0.1715
 831 0.2650
 832 0.3106
 833 0.1515
 834 0.4847
 835 0.9678
 836 0.2592
 837 0.1164
 838 0.3033
 839 0.1806
 840 0.4039
 841 0.1246
 842 0.2120
 843 0.1978
 844 0.3796
 845 0.3930
 846 0.0749
 847 0.1452
 848 0.8335
 849 0.0865
 850 0.3672
 851 0.9582
 852 0.1174
 853 0.6701
 854 0.2351
 855 0.4750
 856 0.1180
 857 1.2287
 858 0.0732
 859 1.0751
 860 0.1196
 861 0.1415
 862 0.1458
 863 0.2756
 864 0.3188
 865 0.1593
 866 0.4436
 867 0.1184
 868 0.6234
 869 0.4861
 870 0.4849
 871 0.3675
 872 0.1308
 873 0.2148
 874 0.3601
 875 0.5138
 876 0.1098
 877 0.4464
 878 0.5989
 879 0.1168
 880 0.8531
 881 0.1218
 882 0.1451
 883 0.3807
 884 0.1229
 885 0.1581
 886 0.2167
 887 0.3063
 888 0.1759
 889 0.1057
 890 0.1367
 891 0.8346
 892 0.3196
 893 0.4847
 894 0.1586
 895 0.3398
 896 0.2648
 897 0.4015
 898 0.5707
 899 0.1731
 900 0.5946
 901 0.1169
 902 0.2344
 903 0.1727
 904 0.2805
 905 0.5314
 906 0.7376
 907 0.0960
 908 0.4788
 909 0.1347
 910 1.7265
 911 0.2501
 912 0.4133
 913 0.2844
 914 0.2377
 915 0.1032
 916 0.1533
 917 0.3278
 918 0.4627
 919 0.1790
 920 0.4904
 921 0.0790
 922 0.1137
 923 0.2267
 924 0.6192
 925 0.4456
 926 1.1074
 927 0.1051
 928 0.1211
 929 0.4793
 930 2.5664
 931 0.1679
 932 0.4542
 933 0.0783
 934 0.3240
 935 2.2545
 936 0.1616
 937 0.2635
 938 0.1033
 939 0.1856
 940 1.2155
 941 0.8906
 942 0.4067
 943 0.2681
 944 0.1766
 945 0.2214
 946 0.4630
 947 0.4486
 948 0.3927
 949 0.3929
 950 0.1221
 951 0.1329
 952 1.2575
 953 0.2601
 954 0.2191
 955 0.2766
 956 0.2355
 957 0.3495
 958 0.2159
 959 0.2173
 960 0.3843
 961 0.5466
 962 0.2021
 963 0.1010
 964 0.2679
 965 0.1559
 966 0.2742
 967 0.0920
 968 0.0746
 969 0.8902
 970 0.0933
 971 0.3388
 972 0.0790
 973 0.3164
 974 0.1264
 975 0.1055
 976 0.6237
 977 1.4451
 978 0.1575
 979 0.3853
 980 0.1010
 981 0.0844
 982 0.4564
 983 0.2486
 984 0.3576
 985 1.0091
 986 0.2016
 987 0.2926
 988 0.5784
 989 0.3004
 990 0.1298
 991 0.7609
 992 0.1206
 993 0.1831
 994 0.6167
 995 0.4772
 996 0.1525
 997 0.0929
 998 1.1895
 999 0.1000
1000 0.5209
1001 0.3973
1002 0.2234
1003 0.1384
1004 0.4028
1005 0.1586
1006 0.2995
1007 0.6351
1008 0.1282
1009 0.1408
1010 0.1169
1011 0.5212
1012   NaN
1013 0.4652
1014 0.2002
1015 0.1513
1016 0.1294
1017 0.3017
1018 0.0939
1019 0.1759
1020 0.3078
1021 4.2551
1022 0.4972
1023 0.2422
1024 0.2113
1025 0.3181
1026 0.2535
1027 0.0713
1028 0.0874
1029 0.2556
1030 0.5716
1031 0.7585
1032 0.0697
1033 0.1190
1034 0.5993
1035 0.1292
1036 0.1669
1037 0.1086
1038 1.4278
1039 0.3974
1040 0.4862
1041 0.1995
1042 0.1097
1043 0.1061
1044 0.0930
1045 0.5186
1046 0.0728
1047 0.2390
1048 0.3340
1049 0.2208
1050 0.3428
1051 0.4407
1052 0.4373
1053 0.4853
1054 0.0786
1055 0.7611
1056 0.0913
1057 0.8391
1058 0.2303
1059 0.0908
1060 0.0997
1061 0.0826
1062 0.2138
1063 0.1205
1064 0.5845
1065 0.5025
1066 0.9527
1067 0.2704
1068 0.5558
1069 1.8339
1070 0.1809
1071 0.8406
1072 0.4290
1073 0.7426
1074 0.2477
1075 0.1959
1076 0.3432
1077 0.3299
1078 0.5044
1079 0.6514
1080 0.4395
1081 0.0933
1082 0.1204
1083 0.3265
1084 0.4430
1085 0.1344
1086 0.3334
1087 0.1680
1088 0.1310
1089 0.3713
1090 0.1233
1091 0.4507
1092 0.1117
1093 0.2376
1094 0.3259
1095 0.1127
1096 1.1488
1097 0.2204
1098 0.6035
1099 0.1536
1100 0.4389
1101 0.0919
1102 0.1855
1103 0.3637
1104 0.1551
1105 1.2512
1106 0.1301
1107 0.1485
1108 0.3509
1109 0.1475
1110 0.1175
1111 0.2373
1112 0.3823
1113 0.1157
1114 1.3236
1115 0.1546
1116 0.2334
1117 0.4150
1118 1.1207
1119 0.1621
1120 0.8840
1121 0.0730
1122 0.0949
1123 0.8268
1124 0.4618
1125 0.1916
1126 0.1206
1127 0.6232
1128 0.3291
1129 0.3381
1130 0.9006
1131 0.1380
1132 0.4178
1133 0.6275
1134 0.1072
1135 0.3854
1136 0.3038
1137 0.0861
1138 0.4414
1139 0.2824
1140 0.2838
1141 0.1188
1142 0.6699
1143 0.1341
1144 0.1353
1145 0.4414
1146 0.2919
1147 0.4474
1148 0.0991
1149 0.3343
1150 0.5204
1151 0.2692
1152 0.4879
1153 0.1004
1154 0.1106
1155 0.1034
1156 0.6935
1157 0.1720
1158 0.3087
1159 0.4440
1160 0.3463
1161 0.2686
1162 0.3411
1163 0.4148
1164 1.5703
1165 0.8432
1166 0.2764
1167 0.4036
1168 0.0833
1169 0.6139
1170 0.0792
1171 0.7828
1172 0.3652
1173 0.1140
1174 0.5332
1175 0.1199
1176 0.2945
1177 0.1589
1178 0.1472
1179 0.4174
1180 0.3519
1181 0.1668
1182 0.1809
1183 0.2364
1184 0.5177
1185 0.1194
1186 0.0841
1187 0.9236
1188 0.1081
1189 0.2255
1190 0.1019
1191 0.1063
1192 0.0795
1193 0.1263
1194 0.0707
1195 0.3431
1196 0.4206
1197 0.1890
1198 0.1059
1199 0.2407
1200 0.5138
1201 0.1904
1202 0.3036
1203 0.0737
1204 0.2263
1205 0.0995
1206 0.1393
1207 0.3048
1208 0.3316
1209 0.1105
1210 0.3638
1211 0.1713
1212 0.0955
1213 1.6513
1214 0.2063
1215 1.2345
1216 0.5432
1217 0.2707
1218 0.2688
1219 0.3977
1220 0.1622
1221 0.1684
1222 0.5736
1223 0.3277
1224 0.1725
1225 0.3729
1226 0.1592
1227 0.7726
1228 0.6095
1229 0.6058
1230 0.2291
1231 0.5160
1232 0.7821
1233 0.2394
1234 0.1713
1235 0.3002
1236 0.1780
1237 0.5706
1238 0.4721
1239 0.1432
1240 0.0852
1241 0.1399
1242 0.8928
1243 0.1667
1244 0.0963
1245 1.6986
1246 1.2849
1247 0.1187
1248 0.6425
1249 0.2173
1250 0.3164
1251 0.2727
1252 0.1180
1253 0.2629
1254 0.1570
1255 0.3118
1256 0.2203
1257 0.0719
1258 0.4605
1259 0.5732
1260 0.4194
1261 0.1225
1262 0.5555
1263 0.1040
1264 0.1487
1265 0.3258
1266 0.1302
1267 0.3167
1268 0.2422
1269 0.2580
1270 0.1477
1271 0.1380
1272 0.1231
1273 0.4195
1274 0.3671
1275 0.2139
1276 0.2569
1277 0.1300
1278 0.7232
1279 0.1752
1280 0.2889
1281 0.1116
1282 0.1549
1283 0.3263
1284 1.0616
1285 0.1093
1286 0.4315
1287 0.2390
1288 0.8046
1289 0.2863
1290 0.3176
1291 0.0956
1292 1.3100
1293 0.4199
1294 0.5313
1295 0.4247
1296 0.4261
1297 0.0759
1298 0.6206
1299 1.1773
1300 0.2401
1301 0.3212
1302 0.4337
1303 0.4841
1304 0.1642
1305 0.3595
1306 0.4805
1307 0.1996
1308 0.5276
1309 0.3181
1310 0.4302
1311 0.1029
1312 0.4620
1313 0.1707
1314 0.2864
1315 0.1243
1316 0.3511
1317 0.1080
1318 0.1147
1319 0.3271
1320 0.3612
1321 0.1127
1322 0.3901
1323 0.2167
1324 0.3164
1325 0.1297
1326 0.5274
1327 1.1595
1328 0.4673
1329 0.1337
1330 0.0829
1331 0.3748
1332 0.1056
1333 0.2253
1334 0.1120
1335 0.1254
1336 0.2919
1337 0.1922
1338 0.6366
1339 0.1602
1340 0.3830
1341 0.5801
1342 0.5274
1343 0.3739
1344 0.1668
1345 0.5194
1346 0.3544
1347 2.4008
1348 0.4118
1349 0.2168
1350 0.5776
1351 1.2499
1352 0.6688
1353 0.6327
1354 0.4285
1355 0.0930
1356 0.0994
1357 0.3025
1358 0.4829
1359 1.0659
1360 0.6085
1361 0.4803
1362 0.1204
1363 0.3870
1364 0.5957
1365 0.1065
1366 0.1197
1367 0.4107
1368 0.3849
1369 2.0112
1370 1.1654
1371 0.2080
1372 0.1095
1373 0.3623
1374 0.5311
1375 0.9399
1376 0.2946
1377 0.8167
1378 0.2002
1379 0.3819
1380 0.3640
1381 0.3969
1382 0.3713
1383 0.0891
1384 0.3839
1385 0.3939
1386 0.4075
1387 0.4603
1388 0.6571
1389 0.2142
1390 0.0932
1391 0.8613
1392 0.1245
1393 0.4471
1394 0.6017
1395 0.3534
1396 0.1144
1397 0.3187
1398 0.0991
1399 0.0926
1400 0.1068
1401 0.2028
1402 0.0760
1403 0.4870
1404 0.7029
1405 0.2345
1406 0.0933
1407 0.2460
1408 0.5633
1409 2.4870
1410 0.1177
1411 0.2082
1412 0.1856
1413 0.0722
1414 0.1014
1415 0.0710
1416 0.1140
1417 0.1345
1418 0.0734
1419 0.4648
1420 0.1450
1421 0.4146
1422 0.1352
1423 0.9847
1424 0.1430
1425 0.4630
1426 0.7955
1427 1.0478
1428 0.2181
1429 0.5759
1430 0.5651
1431 0.6809
1432 0.2949
1433 0.0769
1434 0.1055
1435 0.1255
1436 0.1722
1437 0.3458
1438 0.1558
1439 0.1572
1440 0.6064
1441 0.4081
1442 0.2469
1443 0.1390
1444 0.0817
1445 0.3751
1446 6.0782
1447 0.3881
1448 0.2673
1449 0.5557
1450 0.0693
1451 0.4535
1452 0.2133
1453 0.3136
1454 0.4437
1455 0.4618
1456 0.1271
1457 0.5228
1458 0.3365
1459 0.1217
1460 0.1062
1461 0.2903
1462 0.2743
1463 0.8648
1464 0.4969
1465 0.9169
1466 0.4503
1467 0.1967
1468 0.3280
1469 0.1241
1470 1.2516
1471 0.0769
1472 0.1094
1473 0.1152
1474 0.1095
1475 0.3839
1476 1.1368
1477 0.3789
1478 0.3616
1479 0.5913
1480 0.1076
1481 0.0767
1482 0.3921
1483 0.3161
1484 0.3892
1485 0.0812
1486 0.4052
1487 1.3110
1488 0.7988
1489 0.0888
1490 0.1155
1491 0.3285
1492 0.0845
1493 0.1780
1494 0.0889
1495 1.2705
1496 0.1025
1497 0.1397
1498 0.9535
1499 0.1190
1500 0.3795
1501 0.3732
1502 0.5148
1503 0.0939
1504 0.1012
1505 0.8293
1506 0.4991
1507 0.7993
1508 0.1795
1509 0.1278
1510 0.1586
1511 0.1100
1512 0.4787
1513 0.5491
1514 0.4197
1515 0.0996
1516 0.3197
1517 0.4171
1518 0.3847
1519 0.2005
1520 0.1392
1521 0.5628
1522 0.9889
1523 0.5273
1524 0.6689
1525 0.8121
1526 1.0826
1527 0.2539
1528 0.1390
1529 0.3889
1530 0.1216
1531 0.2857
1532 0.1864
1533 0.3249
1534 0.0910
1535 0.0808
1536 0.1837
1537 0.1921
1538 1.2809
1539 0.4841
1540 0.4512
1541 0.1542
1542 1.5420
1543 0.3318
1544 0.1975
1545 1.5809
1546 0.5108
1547 0.6138
1548 0.1326
1549 0.8056
1550 0.1171
1551 0.2214
1552 0.4033
1553 0.1047
1554 0.1539
1555 0.8419
1556 0.3351
1557 0.4161
1558 0.4343
1559 0.1382
1560 0.7193
1561 0.5252
1562 0.4517
1563 0.1992
1564 0.3633
1565 0.3778
1566 0.1116
1567 0.3615
1568 0.0730
1569 0.1183
1570 0.4525
1571 1.5194
1572 0.1414
1573 0.2003
1574 0.1700
1575 0.2364
1576 0.6196
1577 0.0803
1578 0.3753
1579 0.7401
1580 0.4314
1581 0.3373
1582 1.0698
1583 0.1289
1584 0.0986
1585 0.0967
1586 0.1051
1587 0.1306
1588 0.2591
1589 0.5519
1590 0.4882
1591 0.3248
1592 0.3771
1593 0.1070
1594 0.9192
1595 1.2073
1596 0.2817
1597 0.4965
1598 0.3882
1599 0.1505
1600 0.2672
1601 0.7240
1602 0.3202
1603 0.1444
1604 0.0971
1605 0.0841
1606 0.1606
1607 0.1086
1608 0.1395
1609 0.3799
1610 0.1021
1611 0.1111
1612 0.3949
1613 0.1745
1614 0.1073
1615 0.6722
1616 0.2229
1617 0.4193
1618 0.1870
1619 0.0975
1620 0.1774
1621 0.4558
1622 0.1232
1623 0.3425
1624 1.4410
1625 0.1435
1626 1.2444
1627 0.1309
1628 0.3232
1629 0.6497
1630 0.2696
1631 0.2549
1632 0.1088
1633 0.1125
1634 1.9074
1635 0.2225
1636 0.1232
1637 0.0816
1638 1.5326
1639 0.5674
1640 0.1095
1641 0.2115
1642 0.1128
1643 0.2596
1644 0.7584
1645 0.2833
1646 0.1159
1647 0.3913
1648 0.1286
1649 0.3958
1650 0.3032
1651 0.1225
1652 0.8774
1653 0.2113
1654 0.5629
1655 0.1911
1656 1.4060
1657 0.7116
1658 0.5573
1659 0.2984
1660 1.2101
1661 0.4010
1662 0.3870
1663 0.2163
1664 0.1679
1665 0.1021
1666 0.2427
1667 0.1124
1668 0.9687
1669 0.2488
1670 0.1196
1671 0.1254
1672 0.1416
1673 0.2772
1674 0.3647
1675 0.3870
1676 1.3471
1677 0.0649
1678 0.5711
1679 0.0880
1680 0.2494
1681 0.7344
1682 1.4105
1683 0.1541
1684 0.1128
1685 0.0996
1686 0.1085
1687 0.2803
1688 0.1201
1689 0.0916
1690 0.1437
1691 0.3624
1692 0.0974
1693 0.1032
1694 0.2595
1695 0.6402
1696 0.1606
1697 0.2758
1698 0.1884
1699 1.2737
1700 0.0926
1701 0.1007
1702 0.1520
1703 0.1070
1704 0.2117
1705 0.2488
1706 0.1257
1707 0.2992
1708 0.2369
1709 0.9704
1710 0.1393
1711 0.2909
1712 0.4590
1713 0.1376
1714 0.1304
1715 0.5691
1716 0.1085
1717 0.1048
1718 0.9088
1719 0.5377
1720 0.9390
1721 0.1016
1722 0.1195
1723 0.5778
1724 0.2666
1725 0.3386
1726 0.1544
1727 0.6611
1728 0.9471
1729 0.0830
1730 0.1560
1731 0.3085
1732 0.5081
1733 1.4127
1734 0.2664
1735 0.1062
1736 0.1031
1737 0.0896
1738 0.1640
1739 0.3891
1740 0.2689
1741 0.0841
1742 0.3486
1743 0.4478
1744 0.1252
1745 0.0791
1746 0.4168
1747 0.0968
1748 0.2703
1749 0.1136
1750 0.0951
1751 0.0934
1752 0.0906
1753 0.0784
1754 0.1700
1755 0.8556
1756 0.5681
1757 0.1337
1758 1.5604
1759 0.2203
1760 0.2479
1761 0.3370
1762 0.1943
1763 0.3322
1764 1.0776
1765 0.0837
1766 0.1226
1767 0.3874
1768 0.1168
1769 0.5425
1770 0.1297
1771 0.2666
1772 0.1368
1773 0.5736
1774 0.0971
1775 0.0841
1776 0.2371
1777 0.4018
1778 0.2295
1779 0.1025
1780 0.2303
1781 0.2675
1782 1.1361
1783 1.4283
1784 0.2711
1785 0.2693
1786 0.1545
1787 0.1912
1788 1.1677
1789 0.6801
1790 0.7025
1791 0.2060
1792 0.5143
1793 0.1435
1794 0.2493
1795 0.5380
1796 0.0767
1797 0.2025
1798 0.1114
1799 0.4240
1800 0.2859
1801 0.6616
1802 0.1565
1803 0.5170
1804 0.3282
1805 0.3481
1806 0.7339
1807 0.1692
1808 0.1891
1809 0.1596
1810 0.2109
1811 0.1066
1812 0.3247
1813 0.2697
1814 0.4714
1815 0.5307
1816 0.3880
1817 0.3333
1818 0.1048
1819 0.1292
1820 0.7399
1821 0.3106
1822 0.1431
1823 0.2841
1824 0.0988
1825 0.1185
1826 0.3345
1827 0.2507
1828 0.4670
1829 3.0128
1830 0.3707
1831 0.1965
1832 0.1145
1833 0.0980
1834 0.2211
1835 0.1484
1836 0.1918
1837 0.0930
1838 2.2518
1839 0.1765
1840 0.1361
1841 0.9535
1842 0.3658
1843 0.2440
1844 0.3475
1845 0.1136
1846 0.1247
1847 1.1994
1848 0.0746
1849 0.4239
1850 0.1131
1851 0.8152
1852 0.0780
1853 0.4397
1854 0.3866
1855 0.3754
1856 0.1348
1857 0.3663
1858 0.3354
1859 0.2289
1860 0.4400
1861 0.2267
1862 0.2368
1863 0.5092
1864 0.0882
1865 0.3537
1866 0.6262
1867 0.1211
1868 0.4063
1869 0.1919
1870 1.6159
1871 0.1398
1872 0.0760
1873 0.3438
1874 0.1884
1875 0.1062
1876 0.6379
1877 0.0804
1878 0.2049
1879 0.3722
1880 0.1073
1881 0.1743
1882 0.3216
1883 0.4435
1884 0.2630
1885 0.1758
1886 0.2888
1887 0.8375
1888 0.1958
1889 0.2509
1890 0.1327
1891 2.0793
1892 0.4287
1893 0.1032
1894 0.3868
1895 0.1150
1896 0.3917
1897 0.1832
1898 0.1137
1899 1.0054
1900 0.2150
1901 0.4492
1902 0.1218
1903 0.1049
1904 0.4472
1905 0.9607
1906 0.2665
1907 0.5471
1908 3.8163
1909 0.5025
1910 1.4605
1911 0.3525
1912 0.5501
1913 0.1596
1914 0.3727
1915 0.0656
1916 0.2385
1917 0.3534
1918 0.1034
1919 0.3279
1920 0.0630
1921 0.7767
1922 0.2763
1923 0.0797
1924 0.3002
1925 0.3776
1926 0.2587
1927 0.2432
1928 0.6160
1929 0.3808
1930 0.3058
1931 0.4435
1932 0.2678
1933 0.4838
1934 0.2064
1935 0.5884
1936 0.1567
1937 0.1494
1938 0.0919
1939 0.1122
1940 0.7572
1941 0.1834
1942 0.1754
1943 0.3756
1944 2.2027
1945 0.3799
1946 1.1174
1947 1.2458
1948 0.7223
1949 0.0694
1950 0.3741
1951 0.8159
1952 0.1286
1953 0.5932
1954 0.6148
1955 0.2491
1956 0.5107
1957 0.8953
1958 0.3186
1959 0.3907
1960 0.3744
1961 0.0758
1962 0.3850
1963 0.9211
1964 3.7731
1965 0.0928
1966 0.0831
1967 0.3363
1968 0.2881
1969 0.1322
1970 0.3232
1971 0.4127
1972 0.1333
1973 0.2221
1974 2.0045
1975 0.1527
1976 0.2261
1977 0.1148
1978 0.2278
1979 0.6248
1980 0.1864
1981 0.1087
1982 0.4747
1983 1.1251
1984 1.0388
1985 1.2298
1986 0.1884
1987 0.5055
1988 1.0506
1989 0.0783
1990 0.0782
1991 0.1481
1992 0.2225
1993 0.2589
1994 0.1900
1995 0.2877
1996 0.1826
1997 0.1578
1998 8.4619
1999 0.0976
2000 0.2260
2001 0.1350
2002 0.1125
2003 0.2427
2004 0.4784
2005 0.1004
2006 0.2699
2007 0.2988
2008 0.2583
2009 0.4438
2010 0.1230
2011 0.2980
2012 0.1889
2013 1.1685
2014 1.1373
2015 0.4581
2016 0.8384
2017 0.4557
2018 0.1102
2019 0.1870
2020 0.4069
2021 0.0909
2022 0.2498
2023 0.1152
2024 0.1605
2025 0.1427
2026 0.7321
2027 0.4909
2028 0.2309
2029 0.2703
2030 0.1455
2031 0.3352
2032 0.0824
2033 0.1508
2034 0.1194
2035 0.5437
2036 0.8263
2037 1.0507
2038 0.1592
2039 0.3829
2040 0.1163
2041 0.3557
2042 0.1052
2043 0.2980
2044 1.8885
2045 0.1041
2046 0.1523
2047 0.2133
2048 0.2396
2049 0.1805
2050 0.5580
2051 0.3349
2052 0.1552
2053 0.3225
2054 0.1789
2055 0.3159
2056 0.1431
2057 0.6710
2058 0.6098
2059 0.4041
2060 0.9260
2061 0.0741
2062 3.3092
2063 0.4032
2064 0.1139
2065 0.7517
2066 0.0907
2067 0.1733
2068 0.5124
2069 0.5049
2070 0.1374
2071 0.7541
2072 0.4470
2073 0.0803
2074 0.1505
2075 1.4009
2076 0.0816
2077 0.1421
2078 0.1872
2079 0.2266
2080 0.4629
2081 0.0847
2082 0.1025
2083 0.3428
2084 0.0869
2085 0.2311
2086 0.2146
2087 0.1451
2088 0.3455
2089 0.1749
2090 1.5766
2091 0.0741
2092 0.4597
2093 0.1189
2094 0.2986
2095 0.3613
2096 0.2184
2097 0.1780
2098 0.8517
2099 0.3185
2100 0.1046
2101 0.2875
2102 0.7331
2103 0.1487
2104 0.1551
2105 0.1478
2106 0.1481
2107 0.2736
2108 0.1190
2109 0.1220
2110 1.0890
2111 0.5298
2112 0.1670
2113 0.4114
2114 0.6308
2115 0.1551
2116 0.2371
2117 0.0832
2118 0.9648
2119 0.1292
2120 0.5678
2121 1.0787
2122 0.1245
2123 0.2629
2124 0.2255
2125 0.1225
2126 1.2394
2127 0.1482
2128 0.9234
2129 0.6491
2130 0.3432
2131 0.1215
2132 0.0851
2133 0.2034
2134 0.2892
2135 0.5119
2136 0.2816
2137 0.1249
2138 0.3310
2139 1.2597
2140 0.3101
2141 0.1575
2142 0.3223
2143 0.5965
2144 0.1915
2145 0.7344
2146 0.1919
2147 0.3798
2148 0.1120
2149 0.3069
2150 1.3298
2151 0.3137
2152 0.4443
2153 0.6910
2154 1.0881
2155 0.6412
2156 0.2137
2157 0.1776
2158 0.5140
2159 1.2467
2160 0.2459
2161 0.2266
2162 0.4433
2163 0.1344
2164 0.1019
2165 1.1594
2166 0.2586
2167 0.2392
2168 1.0248
2169 0.4576
2170 0.2905
2171 0.2355
2172 0.2146
2173 0.1371
2174 0.4417
2175 0.3314
2176 0.2953
2177 0.5690
2178 0.2821
2179 0.0798
2180 0.9507
2181 0.1325
2182 0.2263
2183 0.1181
2184 1.4613
2185 0.5507
2186 0.1097
2187 0.7806
2188 0.1146
2189 0.1097
2190 3.0187
2191 0.2062
2192 0.1273
2193 0.2689
2194 0.1197
2195 0.4562
2196 0.0890
2197 1.5082
2198 0.2606
2199 0.4076
2200 0.1278
2201 0.3298
2202 0.5145
2203 0.6355
2204 0.1351
2205 0.1027
2206 0.1317
2207 0.1873
2208 0.5420
2209 0.1195
2210 0.1120
2211 0.3470
2212 0.1220
2213 0.1296
2214 0.1166
2215 0.0851
2216 0.1075
2217 0.1380
2218 0.1199
2219 0.3011
2220 0.1592
2221 0.0910
2222 0.9441
2223 0.2875
2224 0.1424
2225 0.1288
2226 0.0854
2227 0.1830
2228 0.3517
2229 0.3241
2230 0.4620
2231 0.7085
2232 1.0249
2233 0.0924
2234 0.1151
2235 0.1577
2236 0.5033
2237 0.1329
2238 0.9002
2239 0.1088
2240 0.4067
2241 0.7958
2242 0.1372
2243 0.1890
2244 0.2070
2245 0.3124
2246 0.2767
2247 0.0989
2248 0.3440
2249 0.2365
2250 0.2696
2251 0.4808
2252 0.8078
2253 0.3002
2254 0.2246
2255 0.1260
2256 0.2942
2257 0.5593
2258 0.1180
2259 0.1583
2260 0.3372
2261 0.4259
2262 0.3758
2263 0.3021
2264 0.2653
2265 0.1080
2266 0.4155
2267 0.1084
2268 0.5072
2269 0.1577
2270 0.9420
2271 0.1105
2272 0.4873
2273 0.2186
2274 1.1686
2275 0.1058
2276 0.1312
2277 0.5060
2278 0.5265
2279 0.4016
2280 0.1507
2281 0.1122
2282 0.0999
2283 1.0658
2284 0.4500
2285 0.9812
2286 0.1154
2287 0.1206
2288 0.8479
2289 1.2336
2290 0.7022
2291 0.3065
2292 0.2680
2293 0.1086
2294 0.1269
2295 0.1256
2296 0.0836
2297 0.2225
2298 0.1209
2299 0.1863
2300 0.2522
2301 0.2077
2302 0.8030
2303 1.1176
2304 0.4085
2305 0.0997
2306 0.6441
2307 0.3667
2308 0.4818
2309 0.1162
2310 0.9676
2311 0.2755
2312 0.2294
2313 0.2838
2314 0.0994
2315 0.1244
2316 0.5679
2317 0.2576
2318 0.2803
2319 0.1740
2320 0.2847
2321 0.2538
2322 0.5085
2323 0.3151
2324 0.2813
2325 0.1446
2326 1.0569
2327 1.3060
2328 0.4675
2329 1.7606
2330 0.0925
2331 0.3865
2332 0.8630
2333 0.4396
2334 0.2339
2335 0.4300
2336 0.3680
2337 0.6924
2338 0.3236
2339 0.1373
2340 0.0922
2341 0.2519
2342 0.1212
2343 0.4845
2344 2.0322
2345 0.0817
2346 0.1386
2347 0.5282
2348 1.1881
2349 2.0947
2350 0.0972
2351 0.9218
2352 0.1162
2353 0.2424
2354 0.1160
2355 0.6491
2356 0.1550
2357 0.4139
2358 0.2416
2359 0.0862
2360 0.5258
2361 0.1220
2362 0.6596
2363 0.7122
2364 2.1346
2365 0.4132
2366 0.3189
2367 0.2324
2368 1.4060
2369 0.2233
2370 0.1217
2371 0.1258
2372 0.9844
2373 0.0886
2374 1.8225
2375 0.1262
2376 0.4475
2377 0.2953
2378 0.4689
2379 0.1126
2380 0.1722
2381 0.3701
2382 0.0995
2383 0.3630
2384 0.1054
2385 2.0349
2386 0.1014
2387 0.3212
2388 0.4049
2389 0.2512
2390 0.1277
2391 0.3255
2392 0.4407
2393 0.1079
2394 0.1201
2395 0.5088
2396 0.1970
2397 0.4424
2398 0.5448
2399 1.3221
2400 0.4800
2401 0.6049
2402 0.2118
2403 0.0999
2404 1.0679
2405 0.2830
2406 0.1263
2407 0.7658
2408 0.1186
2409 0.4514
2410 0.3390
2411 0.3149
2412 0.3359
2413 0.0849
2414 0.2060
2415 0.1044
2416 0.1675
2417 0.6864
2418 0.4546
2419 0.3632
2420 0.0898
2421 0.3769
2422 0.1535
2423 0.4453
2424 0.1460
2425 0.5363
2426 0.0905
2427 0.0934
2428 1.0580
2429 0.1277
2430 0.2685
2431 0.1572
2432 0.2245
2433 0.1848
2434 0.8053
2435 0.4149
2436 0.6130
2437 0.0943
2438 0.1555
2439 0.5624
2440 0.3935
2441 0.2875
2442 0.1144
2443 0.2515
2444 0.1436
2445 0.3665
2446 0.7410
2447 0.1755
2448 0.0897
2449 0.4284
2450 1.9073
2451 0.0812
2452 0.5507
2453 0.8373
2454 0.3127
2455 0.4557
2456 0.2093
2457 0.0896
2458 0.1017
2459 1.3625
2460 0.8232
2461 0.3892
2462 0.9606
2463 2.1910
2464 0.3445
2465 0.2581
2466 0.3346
2467 0.1531
2468 0.0920
2469 0.4273
2470 0.4036
2471 2.7261
2472 0.3332
2473 0.4033
2474 0.4180
2475 1.2730
2476 0.4080
2477 0.8542
2478 0.2556
2479 0.3781
2480 0.2760
2481 0.1526
2482 0.2343
2483 0.8162
2484 0.1542
2485 0.0994
2486 0.1157
2487 0.2177
2488 0.1052
2489 0.3042
2490 0.2546
2491 0.1314
2492 0.8856
2493 0.4287
2494 0.2676
2495 0.0960
2496 0.3004
2497 0.6513
2498 0.4465
2499 0.2783
2500 1.2646
