5001 0.9913
5002 1.5407
5003 0.1863
5004 2.3521
5005 3.1412
5006 0.1471
5007 0.4535
5008 8.7500
5009 0.1539
5010 0.1877
5011 0.8773
5012 0.2292
5013 8.8425
5014 0.1964
5015 0.3420
5016 6.4827
5017 0.3939
5018 0.2478
5019 3.4240
5020 1.8048
5021 0.1903
5022 0.1718
5023 0.2324
5024 0.9221
5025 0.0764
5026 5.0378
5027 0.3769
5028 6.2696
5029 0.3464
5030 1.1868
5031 0.1111
5032 1.0463
5033 2.7587
5034 2.5928
5035 4.9990
5036 0.0934
5037 1.2384
5038 6.9696
5039 1.9983
5040 1.3496
5041 0.5698
5042 19.6015
5043 1.0341
5044 0.2243
5045 0.7025
5046 0.7688
5047 5.2673
5048 0.1522
5049 2.8490
5050 2.5381
5051 0.4030
5052 0.9333
5053 6.1202
5054 3.2977
5055 0.1840
5056 0.1171
5057 0.3502
5058 3.3931
5059 0.2769
5060 0.7293
5061 2.2854
5062 1.0211
5063 0.1079
5064 0.5921
5065 0.3448
5066 0.1446
5067 3.1471
5068 0.5642
5069 3.6722
5070 1.0350
5071 1.8790
5072 7.4779
5073 6.5067
5074 2.5048
5075 0.4509
5076 1.5542
5077 1.6797
5078 0.6888
5079 2.8260
5080 0.2696
5081 0.2940
5082 1.3448
5083 1.1425
5084 1.3292
5085 0.3049
5086 0.8677
5087 0.4284
5088 3.2803
5089 0.5173
5090 2.0978
5091 0.1518
5092 6.7889
5093 0.6363
5094 0.2664
5095 0.8114
5096 0.1839
5097 0.9006
5098 1.1534
5099 1.8715
5100 0.1035
5101 2.4871
5102 0.6470
5103 0.4104
5104 0.1792
5105 1.7578
5106 0.2581
5107 0.2571
5108 8.1629
5109 2.6790
5110 1.4534
5111 8.0590
5112 5.2364
5113 0.1294
5114 1.1432
5115 0.4628
5116 2.6146
5117 0.6349
5118 5.3182
5119 0.1532
5120 2.0421
5121 0.2427
5122 0.6080
5123 1.8948
5124 0.2327
5125 0.6092
5126 1.9644
5127 0.0899
5128 0.6023
5129 0.1546
5130 0.2063
5131 2.7768
5132 3.7181
5133 5.9129
5134 1.2486
5135 1.8629
5136 0.8729
5137 0.5082
5138 0.2578
5139 1.0882
5140 14.7134
5141 9.2170
5142 0.1045
5143 0.2906
5144 0.1158
5145 1.0901
5146 0.3376
5147 1.2252
5148 0.1115
5149 3.6563
5150 1.3401
5151 0.6025
5152 2.8571
5153 0.0961
5154 3.1333
5155 0.6473
5156 3.3852
5157 0.5498
5158 0.6388
5159 3.7717
5160 0.3390
5161 0.3566
5162 1.8982
5163 2.6221
5164 0.3980
5165 4.0752
5166 6.1817
5167 0.7641
5168 5.4337
5169 0.1063
5170 0.2108
5171 0.2558
5172 0.0845
5173 3.1824
5174 0.1866
5175 0.8973
5176 0.1320
5177 10.0143
5178 1.3294
5179 0.9080
5180 2.8449
5181 4.6583
5182 0.3175
5183 0.0957
5184 0.2041
5185 1.8884
5186 7.6832
5187 0.3140
5188 0.2923
5189 0.3760
5190 1.1380
5191 9.0795
5192 0.3244
5193 0.8562
5194 1.3838
5195 1.9218
5196 2.4854
5197 0.3158
5198 1.4273
5199 6.0225
5200 0.7852
5201 0.1131
5202 9.8951
5203 4.7818
5204 1.3273
5205 0.2007
5206 5.6752
5207 0.2686
5208 0.2825
5209 0.1746
5210 1.7211
5211 1.1988
5212 1.5361
5213 0.0972
5214 0.3607
5215 7.0773
5216 2.6437
5217 0.4798
5218 1.2939
5219 2.3959
5220 0.6193
5221 0.9292
5222 5.4501
5223 2.9477
5224 0.4664
5225 1.6445
5226 0.2517
5227 0.1526
5228 13.5931
5229 0.3658
5230 6.9729
5231 5.9138
5232 1.5367
5233 0.2615
5234 0.3276
5235 0.6772
5236 0.4171
5237 1.5545
5238 1.0128
5239 1.1908
5240 1.4352
5241 3.1508
5242 0.4308
5243 1.1776
5244 0.6101
5245 0.2768
5246 0.5715
5247 0.2115
5248 0.5397
5249 2.5061
5250 0.3508
5251 5.3304
5252 1.7346
5253 2.3359
5254 0.3065
5255 2.0588
5256 1.8079
5257 1.0337
5258 0.9361
5259 0.2683
5260 0.3868
5261 1.3254
5262 0.9500
5263 1.4540
5264 0.1455
5265 8.9456
5266 0.5321
5267 7.1513
5268 3.3207
5269 1.9314
5270 4.4204
5271 1.5601
5272 0.2843
5273 3.0385
5274 0.7597
5275 0.2330
5276 0.3466
5277 0.1165
5278 0.2171
5279 0.1571
5280 0.2691
5281 7.9890
5282 1.2153
5283 1.5946
5284 0.2185
5285 1.4374
5286 0.9039
5287 0.2561
5288 0.1540
5289 3.4586
5290 1.7982
5291 0.3214
5292 0.2154
5293 0.4219
5294 0.1674
5295 3.2406
5296 0.9053
5297 1.9009
5298 8.4496
5299 0.4584
5300 0.2830
5301 7.1508
5302 1.9466
5303 4.2980
5304 0.4757
5305 2.7551
5306 7.9876
5307 0.1406
5308 0.6838
5309 1.4449
5310 0.2488
5311 3.6546
5312 2.4843
5313 0.8319
5314 2.1499
5315 1.6541
5316 4.2623
5317 2.3799
5318 0.9834
5319 1.9332
5320 0.8672
5321 2.5768
5322 0.7546
5323 3.1384
5324 0.0766
5325 0.1028
5326 0.4332
5327 0.3670
5328 0.2746
5329 0.3785
5330 1.7132
5331 1.9510
5332 3.4494
5333 0.1955
5334 1.9065
5335 0.0761
5336 0.8696
5337 14.8603
5338 1.3326
5339 4.8909
5340 0.2530
5341 1.6581
5342 9.8396
5343 0.3026
5344 15.8797
5345 0.3327
5346 0.2145
5347 0.1666
5348 0.1688
5349 0.5009
5350 2.4110
5351 2.5932
5352 6.4772
5353 3.4633
5354 0.4474
5355 0.9358
5356 0.4045
5357 0.8065
5358 0.3482
5359 0.3302
5360 0.4587
5361 0.1429
5362 0.4301
5363 1.5841
5364 0.4615
5365 8.3461
5366 1.4446
5367 4.2634
5368 1.3636
5369 1.6383
5370 7.4172
5371 0.9044
5372 0.1482
5373 2.6796
5374 0.2812
5375 0.1494
5376 0.9089
5377 0.0998
5378 0.3622
5379 1.0445
5380 0.8569
5381 0.6370
5382 0.0844
5383 13.1377
5384 0.9251
5385 3.0844
5386 0.8071
5387 0.2518
5388 3.9424
5389 2.5903
5390 1.3100
5391 0.5575
5392 0.3587
5393 0.2505
5394 0.1795
5395 0.8655
5396 0.7280
5397 2.7677
5398 0.5377
5399 1.1689
5400 2.6217
5401 0.6668
5402 0.1429
5403 1.8448
5404 0.0816
5405 1.9597
5406 6.6627
5407 0.5294
5408 1.1635
5409 7.5758
5410 0.1044
5411 0.4098
5412 0.1375
5413 3.4442
5414 6.3111
5415 6.8683
5416 1.7145
5417 0.2925
5418 0.0879
5419 0.5932
5420 0.2720
5421 6.2916
5422 2.7953
5423 0.9796
5424 0.4318
5425 0.7555
5426 0.7686
5427 0.2923
5428 0.2675
5429 1.8194
5430 2.8930
5431 0.4212
5432 0.3380
5433 3.7619
5434 0.1258
5435 1.0698
5436 0.1659
5437 0.3957
5438 1.5644
5439 5.6370
5440 5.0972
5441 0.3061
5442 7.6503
5443 0.4591
5444 2.2752
5445 0.4753
5446 0.3940
5447 0.2463
5448 0.3032
5449 5.9115
5450 0.1361
5451 0.2580
5452 0.5203
5453 0.3250
5454 0.7232
5455 0.9706
5456 1.3935
5457 0.2934
5458 0.2019
5459 0.8257
5460 0.6708
5461 0.2401
5462 0.3742
5463 0.1736
5464 0.2065
5465 2.3664
5466 6.8800
5467 1.2514
5468 0.4014
5469 0.3914
5470 12.9767
5471 0.1482
5472 0.5293
5473 4.4637
5474 1.5087
5475 0.2695
5476 0.4026
5477 0.6713
5478 0.4917
5479 0.7519
5480 0.9111
5481 1.8536
5482 1.6210
5483 2.3652
5484 2.7249
5485 1.8192
5486 5.6047
5487 5.0298
5488 1.4066
5489 1.0108
5490 0.8026
5491 0.2966
5492 1.9526
5493 1.5408
5494 2.6377
5495 0.7585
5496 0.6903
5497 0.6946
5498 0.3765
5499 0.6033
5500 0.8093
5501 9.2730
5502 2.5541
5503 0.1170
5504 1.1808
5505 0.6180
5506 0.3673
5507 0.1257
5508 2.5135
5509 0.6114
5510 1.1133
5511 0.3141
5512 1.4043
5513 0.1464
5514 0.1071
5515 2.0748
5516 20.5989
5517 0.7131
5518 1.1302
5519 1.0097
5520 0.2643
5521 0.1155
5522 2.8023
5523 0.1931
5524 0.2322
5525 5.5495
5526 1.4297
5527 5.5049
5528 0.2107
5529 6.1170
5530 0.6304
5531 3.1064
5532 3.1470
5533 0.7725
5534 9.9111
5535 4.8470
5536 0.2647
5537 1.1545
5538 2.1727
5539 3.1568
5540 10.7914
5541 0.7920
5542 2.8241
5543 0.6721
5544 0.5251
5545 1.7243
5546 0.8303
5547 1.4902
5548 0.1100
5549 0.5461
5550 6.7900
5551 2.2279
5552 1.5100
5553 0.7105
5554 2.5421
5555 4.0033
5556 2.9777
5557 0.7493
5558 7.1772
5559 2.0856
5560 0.2575
5561 0.1657
5562 1.3727
5563 9.7225
5564 8.7079
5565 0.4021
5566 0.1875
5567 1.0555
5568 2.7213
5569 0.2658
5570 0.4113
5571 1.6743
5572 0.5977
5573 0.7289
5574 0.9406
5575 1.6591
5576 9.1449
5577 2.3460
5578 0.2265
5579 0.6384
5580 1.6814
5581 2.1203
5582 0.1898
5583 8.3642
5584 0.2340
5585 1.2231
5586 2.1463
5587 0.4153
5588 3.9251
5589 0.2058
5590 0.2094
5591 0.4040
5592 5.4113
5593 0.8007
5594 2.8950
5595 0.2871
5596 0.2564
5597 4.2441
5598 8.4130
5599 4.9544
5600 0.6296
5601 3.9282
5602 7.3060
5603 0.9621
5604 1.1164
5605 7.8579
5606 2.4456
5607 1.5674
5608 2.5871
5609 0.2495
5610 8.3632
5611 0.2127
5612 0.1888
5613 0.5479
5614 1.5421
5615 0.2103
5616 1.9724
5617 1.8645
5618 0.7776
5619 5.9517
5620 6.8359
5621 0.3575
5622 0.3851
5623 0.1445
5624 6.5722
5625 0.1000
5626 1.5836
5627 1.6745
5628 3.3849
5629 0.2963
5630 1.7279
5631 0.5831
5632 0.5531
5633 4.3938
5634 3.2904
5635 1.1438
5636 3.1459
5637 0.8164
5638 0.2206
5639 0.1692
5640 1.1058
5641 4.2055
5642 0.5148
5643 0.3972
5644 1.2116
5645 0.7241
5646 1.2578
5647 2.2041
5648 0.2539
5649 0.8377
5650 2.1891
5651 0.6800
5652 0.5825
5653 0.2723
5654 0.3874
5655 2.8962
5656 1.0632
5657 0.1032
5658 2.3508
5659 0.4720
5660 0.3752
5661 0.3473
5662 1.5207
5663 0.2052
5664 4.8688
5665 0.8311
5666 1.4992
5667 2.6649
5668 2.2512
5669 2.7732
5670 0.9789
5671 11.1509
5672 1.4726
5673 0.7365
5674 1.6532
5675 0.3687
5676 3.1439
5677 0.2202
5678 2.1498
5679 6.2829
5680 0.5929
5681 1.3356
5682 0.1575
5683   NaN
5684 0.4263
5685 5.3115
5686 1.6818
5687 5.1985
5688 1.5766
5689 0.2835
5690 0.2099
5691 0.3292
5692 0.8566
5693 0.2492
5694 7.8292
5695 8.2419
5696 0.3666
5697 3.8256
5698 5.2599
5699 1.9217
5700 0.4961
5701 0.3127
5702 0.3206
5703 0.5608
5704 0.5072
5705 1.3896
5706 0.6249
5707 2.8845
5708 1.5289
5709 0.3796
5710 0.5622
5711 1.9415
5712 0.1786
5713 7.5240
5714 0.8853
5715 2.2402
5716 16.3314
5717 8.5516
5718 10.4396
5719 3.4917
5720 5.1822
5721 4.9724
5722 0.7775
5723 1.8337
5724 0.2215
5725 2.3733
5726 2.2718
5727 0.2882
5728 1.7508
5729 0.3657
5730 0.1750
5731 4.9560
5732 0.3590
5733 10.5257
5734 1.3324
5735 0.8950
5736 2.5642
5737 1.0453
5738 0.3163
5739 1.2697
5740 0.6455
5741 0.6330
5742 0.5057
5743 0.5584
5744 0.9944
5745 1.9120
5746 0.2696
5747 2.2927
5748 2.5314
5749 0.1560
5750 2.6963
5751 0.2932
5752 0.3071
5753 0.6701
5754 0.7389
5755 0.4117
5756 0.2663
5757 0.2295
5758 0.3269
5759 2.8743
5760 0.3889
5761 0.8738
5762 0.6443
5763 0.3442
5764 0.2005
5765 2.1054
5766 0.2163
5767 0.2035
5768 0.2052
5769 0.3446
5770 1.6497
5771 15.6976
5772 0.2125
5773 0.2305
5774 1.4994
5775 3.1826
5776 13.0749
5777 3.3863
5778 0.9846
5779 1.5537
5780 0.7495
5781 0.5546
5782 2.5870
5783 1.1405
5784 2.3441
5785 0.2922
5786 1.5925
5787 0.1395
5788 0.3035
5789 0.0952
5790 0.1478
5791 0.4154
5792 1.1258
5793 0.5488
5794 0.2113
5795 3.8821
5796 1.9683
5797 1.2669
5798 0.1263
5799 5.0912
5800 14.1428
5801 0.4473
5802 0.8388
5803 0.5584
5804 0.2107
5805 0.1581
5806 0.1744
5807 3.5550
5808 1.2360
5809 0.7298
5810 1.6022
5811 0.8984
5812 0.4148
5813 3.3003
5814 7.6030
5815 0.2339
5816 2.5982
5817 0.2796
5818 0.3947
5819 3.5866
5820 11.6851
5821 0.1851
5822 6.8493
5823 8.3794
5824 0.1586
5825 0.6264
5826 5.9461
5827 0.5520
5828 0.0835
5829 4.0442
5830 4.9259
5831 1.4973
5832 0.5577
5833 3.7170
5834 3.6745
5835 0.8439
5836 1.7221
5837 1.9108
5838 1.9161
5839 0.1584
5840 0.6833
5841 1.9422
5842 3.8402
5843 11.4243
5844 0.5001
5845 0.3572
5846 0.1845
5847 0.2342
5848 8.6090
5849 2.3796
5850 16.1221
5851 1.1959
5852 7.3322
5853 0.1487
5854 8.2843
5855 0.1112
5856 0.2038
5857 2.7661
5858 3.5141
5859 2.8998
5860 1.7687
5861 0.5035
5862 0.5905
5863 0.2010
5864 0.0758
5865 0.3356
5866 1.5075
5867 2.7074
5868 0.1373
5869 1.8888
5870 0.5716
5871 5.3271
5872 1.3677
5873 4.7438
5874 0.3582
5875 2.0169
5876 0.2029
5877 10.8477
5878 8.6329
5879 12.5038
5880 6.6869
5881 0.4755
5882 2.1164
5883 0.2630
5884 0.9040
5885 5.3638
5886 4.1884
5887 1.9205
5888 1.6755
5889 1.7435
5890 1.9610
5891 4.2576
5892 1.1624
5893 0.8708
5894 0.2292
5895 1.6799
5896 2.9015
5897 4.4682
5898 0.3333
5899 2.5913
5900 1.2576
5901   NaN
5902 0.1289
5903 0.0999
5904 0.5854
5905 0.9493
5906 0.4287
5907 2.1153
5908 4.3665
5909 0.0855
5910 0.4959
5911 0.6717
5912 0.2222
5913 3.1267
5914 0.3219
5915 1.2861
5916 1.0699
5917 0.8309
5918 0.2848
5919 0.3984
5920 4.1067
5921 3.3813
5922 0.2921
5923 1.9151
5924 6.5423
5925 8.6511
5926 7.0231
5927 2.6865
5928 3.3016
5929 5.5484
5930 9.2375
5931 2.0874
5932 0.2825
5933 9.4901
5934 0.3398
5935 0.7765
5936 0.7780
5937 10.2412
5938 0.7074
5939 0.1252
5940 0.7657
5941 0.6424
5942 7.5159
5943 2.6508
5944 1.9621
5945 0.9718
5946 1.6438
5947 0.3444
5948 6.2593
5949 0.2449
5950 0.4128
5951 1.4190
5952 5.0860
5953 0.3241
5954 0.2274
5955 0.7536
5956 0.4786
5957 1.0514
5958 0.8780
5959 0.4305
5960 2.0964
5961 0.6892
5962 2.1225
5963 1.3629
5964 3.0934
5965 3.7800
5966 3.0142
5967 6.0214
5968 1.8150
5969 0.3529
5970 0.2915
5971 9.9510
5972 12.8915
5973 2.0935
5974 0.3940
5975 0.4471
5976 0.1762
5977 0.6025
5978 1.0455
5979 0.7050
5980 2.9404
5981 0.7551
5982 1.0525
5983 0.2678
5984 0.6301
5985 4.8441
5986 2.2069
5987 0.2922
5988 3.1565
5989 0.9209
5990 2.0106
5991 3.6586
5992 0.2577
5993 1.8112
5994 1.3526
5995 0.9294
5996 4.7403
5997 0.1019
5998 1.0885
5999 1.0581
6000 6.3390
6001 1.0196
6002 0.5530
6003 0.1398
6004 0.2270
6005 9.5781
6006 0.1884
6007 1.6048
6008 0.3009
6009 1.8999
6010 1.5296
6011 0.6113
6012 0.2341
6013 4.1243
6014 3.7455
6015 0.1012
6016 0.5341
6017 2.0240
6018 1.5655
6019 0.3720
6020 1.3707
6021 0.1368
6022 0.4894
6023 0.4907
6024 0.1586
6025 0.7507
6026 1.2908
6027 2.2614
6028 0.6388
6029 0.5685
6030 0.6778
6031 7.9442
6032 0.1624
6033 1.5512
6034 0.5069
6035 0.3576
6036 0.1533
6037 1.2382
6038 9.1620
6039 2.5930
6040 0.2606
6041 0.1526
6042 4.4412
6043 0.3414
6044 0.5425
6045 2.4825
6046 0.3484
6047 0.5275
6048 0.0855
6049 0.1755
6050 0.5965
6051 3.0954
6052 5.5783
6053 2.7307
6054 9.8116
6055 0.1799
6056 2.4300
6057 0.6453
6058 1.1132
6059 3.1895
6060 0.1490
6061 2.2165
6062 0.8360
6063 0.5029
6064 1.5811
6065 4.9375
6066 4.0377
6067 0.9603
6068 0.3396
6069 0.8424
6070 0.3150
6071 0.2228
6072 0.6554
6073 0.5891
6074 2.5309
6075 0.8228
6076 0.5346
6077 5.0660
6078 0.6727
6079 1.1178
6080 0.6194
6081 5.9257
6082 1.5604
6083 5.6499
6084 1.9137
6085 9.5321
6086 0.3811
6087 14.5506
6088 0.4065
6089 2.1720
6090 6.8943
6091 0.3464
6092 0.1469
6093 0.5626
6094 0.4701
6095 2.6909
6096 0.6309
6097 4.2721
6098 8.8578
6099 0.4319
6100 1.2589
6101 0.3366
6102 10.4955
6103 0.1475
6104 0.5496
6105 0.2505
6106 1.3040
6107 1.5410
6108 6.1091
6109 9.7213
6110 0.7622
6111 0.2853
6112 0.8926
6113 0.1326
6114   NaN
6115 0.2563
6116 1.9816
6117 0.6142
6118 0.5654
6119 28.9879
6120 1.6486
6121 0.1083
6122 0.7806
6123 2.4270
6124 6.6543
6125 0.9125
6126 0.1357
6127 6.2897
6128 4.3761
6129 0.1587
6130 1.2609
6131 4.2222
6132 12.3969
6133 2.8154
6134 0.7389
6135 0.4970
6136 8.4263
6137 1.6842
6138 0.5096
6139 2.2452
6140 2.0183
6141 0.3084
6142 0.0966
6143 0.4155
6144 0.8995
6145 0.5063
6146 5.4581
6147 0.6852
6148 0.3166
6149 2.1620
6150 2.9771
6151 8.9483
6152 0.2665
6153 8.7760
6154 4.0128
6155 0.3663
6156 0.4849
6157 6.1422
6158 1.0541
6159 10.6449
6160 2.8930
6161 2.9983
6162 0.2646
6163 0.4666
6164 0.4125
6165 1.0369
6166 0.2415
6167 7.8835
6168 2.2527
6169 6.2924
6170 0.2395
6171 8.0276
6172 0.2275
6173 2.7547
6174 1.0514
6175 0.1726
6176 20.6349
6177 0.3380
6178 0.1191
6179 0.8801
6180 4.9857
6181 0.4008
6182 0.3678
6183 20.7362
6184 2.4745
6185 1.4822
6186 2.7165
6187 0.2731
6188 7.8872
6189 3.2436
6190 0.4784
6191 2.2969
6192 0.1288
6193 0.4025
6194 1.6031
6195 1.3246
6196 0.2459
6197 1.7671
6198 1.2676
6199 15.3992
6200 0.1997
6201 0.3137
6202 5.8017
6203 0.6771
6204 10.3877
6205 3.5623
6206 3.1108
6207 0.2788
6208 1.8472
6209 1.4866
6210 0.6546
6211 1.2639
6212 0.1002
6213 0.3426
6214 0.1365
6215 1.3161
6216 2.2249
6217 0.7545
6218 2.7350
6219 0.9181
6220 2.6977
6221 1.5788
6222 7.0475
6223 5.7343
6224 0.0770
6225 0.8978
6226 2.3369
6227 4.8548
6228 1.3319
6229 1.4775
6230 5.2065
6231 0.5205
6232 0.2659
6233 8.5240
6234 0.6333
6235 3.6248
6236 0.2596
6237 4.6238
6238 0.9600
6239 2.1137
6240 0.9283
6241 5.2733
6242 0.6614
6243 2.1990
6244 0.1540
6245 2.7282
6246 0.2035
6247 2.0428
6248 0.3633
6249 0.2169
6250 1.8870
6251 1.9765
6252 0.2384
6253 8.5489
6254 0.2436
6255 0.4694
6256 2.6733
6257 2.4981
6258 2.4617
6259 10.6261
6260 0.7757
6261 0.4497
6262 0.2104
6263 1.4300
6264 4.4824
6265 0.1313
6266 0.5180
6267 1.9605
6268 2.3346
6269 0.2075
6270 1.2045
6271 0.7909
6272 1.4361
6273 1.2024
6274 1.3611
6275 0.5888
6276 3.6762
6277 2.0930
6278 1.1308
6279 0.2994
6280 0.8893
6281 0.3035
6282 0.9116
6283 2.3511
6284 0.9962
6285 0.2551
6286 9.6119
6287 0.8814
6288 0.2513
6289 1.5633
6290 0.1309
6291 3.5728
6292 11.3209
6293 2.6835
6294 3.5806
6295 2.0311
6296 0.8794
6297   NaN
6298 0.5829
6299 0.7309
6300 0.8005
6301 0.5647
6302 0.1644
6303 6.5751
6304 5.5501
6305 0.3140
6306 6.2779
6307 3.8197
6308 1.0187
6309 0.1302
6310 1.8914
6311 2.1574
6312   NaN
6313 2.6614
6314 0.4115
6315 0.9163
6316 3.9818
6317 0.8087
6318 0.3666
6319 11.8984
6320 1.4152
6321 3.2982
6322 20.1978
6323 1.5042
6324 9.4400
6325 0.2715
6326 0.3722
6327 0.2565
6328 0.5674
6329 4.0669
6330 4.1904
6331 0.4281
6332 0.1376
6333 1.5225
6334 0.2828
6335 0.6075
6336 3.8298
6337 0.1092
6338 0.5288
6339 7.3750
6340 2.3320
6341 6.2139
6342 0.7009
6343 2.5099
6344 1.3185
6345 1.2296
6346 0.9126
6347 1.1065
6348 1.4475
6349 1.0974
6350 3.1049
6351 0.7581
6352 0.2958
6353 2.7720
6354 3.8160
6355 10.6647
6356 10.2618
6357 2.7849
6358 0.3920
6359 1.3848
6360 1.2541
6361 0.5720
6362 0.5138
6363 1.3706
6364 0.2675
6365 1.3319
6366 0.3513
6367 0.7209
6368 0.6589
6369 0.3842
6370 0.9178
6371 8.0037
6372 0.2791
6373 1.9861
6374 3.6422
6375 10.8902
6376 0.2528
6377 0.3504
6378 0.6520
6379 0.1387
6380 1.2742
6381 0.4208
6382 0.3581
6383 0.5947
6384 0.4144
6385 1.8354
6386 1.9952
6387 3.9298
6388 0.6672
6389 6.8102
6390 3.3869
6391 3.2634
6392 0.4262
6393 0.4949
6394 1.9665
6395 6.1046
6396 0.1789
6397 0.4931
6398 0.3734
6399 14.7795
6400 0.5448
6401 0.1023
6402 0.2567
6403 0.2661
6404 3.9254
6405 0.4351
6406 3.2319
6407 2.4939
6408 0.5319
6409 0.2286
6410 0.2818
6411 2.5093
6412 0.8978
6413   NaN
6414 0.9607
6415 1.6541
6416 0.6555
6417 0.1854
6418 9.7322
6419 0.2181
6420 2.6716
6421 5.7311
6422 0.6482
6423 0.0934
6424 0.6559
6425 0.3344
6426 0.7064
6427 1.4428
6428 1.8436
6429 1.6957
6430 0.7236
6431 2.2356
6432 0.2617
6433 3.5987
6434 0.3015
6435 0.1634
6436 8.9582
6437 0.1280
6438 0.1842
6439 19.2617
6440 0.3340
6441 1.2522
6442 0.2660
6443 1.7321
6444 2.0169
6445 5.3324
6446 3.4942
6447 0.1684
6448 0.3585
6449 0.3961
6450 3.3128
6451 5.1623
6452 5.3517
6453 0.2663
6454 0.3072
6455 0.1781
6456 0.4693
6457 0.9915
6458 0.5185
6459 2.2569
6460 0.3861
6461 0.6852
6462 8.4118
6463 0.4231
6464 0.3508
6465 0.9842
6466 0.7462
6467 1.4242
6468 0.1691
6469 0.5352
6470 1.6302
6471 0.4095
6472 0.1318
6473 1.2877
6474 0.5723
6475 1.1070
6476 0.2943
6477 0.7259
6478 2.1712
6479 2.7110
6480 0.2300
6481 0.9063
6482 1.6112
6483 0.8147
6484 1.5942
6485 2.1720
6486 0.1365
6487 1.8076
6488 0.1292
6489 0.3747
6490 0.8303
6491 0.6208
6492 1.1451
6493 0.6837
6494 3.1959
6495 1.6698
6496 0.3715
6497 1.7955
6498 0.1240
6499 6.3109
6500 1.0303
6501 1.7711
6502 0.2753
6503 0.2640
6504 0.3296
6505 1.0070
6506 1.0170
6507 13.6506
6508 0.3127
6509 0.1824
6510 0.4432
6511 9.4119
6512 0.2688
6513   NaN
6514 1.9879
6515 0.0941
6516 9.0882
6517 10.3676
6518 0.7421
6519 0.2471
6520 0.1946
6521 6.3790
6522 0.1432
6523 2.3513
6524 2.2109
6525 1.1477
6526 2.0805
6527 0.8594
6528 1.8183
6529 0.1319
6530 0.3795
6531 0.9770
6532 0.4928
6533 2.6763
6534 2.4971
6535 0.3613
6536 0.1289
6537 2.0475
6538 0.3413
6539 0.4986
6540 5.4062
6541 0.1239
6542 4.7987
6543 0.1298
6544 3.7384
6545 0.5846
6546 2.1927
6547 8.8146
6548 0.2154
6549 0.4618
6550 2.9108
6551 4.3860
6552 0.4733
6553 2.3045
6554 0.9718
6555 2.1341
6556 1.8233
6557 0.2805
6558 0.9740
6559 0.7254
6560 1.8731
6561 4.1268
6562 1.0248
6563 0.4702
6564 2.7180
6565 8.8465
6566 1.0695
6567 1.0026
6568 0.1236
6569 0.3709
6570 1.1601
6571 8.1693
6572 2.0364
6573 0.3551
6574 0.6305
6575 2.4467
6576 1.4562
6577 7.7778
6578 0.0942
6579 1.2983
6580 2.9063
6581 1.0013
6582 5.5523
6583 0.7033
6584 0.4688
6585 0.2929
6586 2.8365
6587 0.1958
6588 0.3297
6589 0.4860
6590 1.9364
6591 4.1731
6592 0.1269
6593 0.0887
6594 0.0792
6595 1.2780
6596 1.3965
6597 3.4773
6598 3.0828
6599 5.0492
6600 11.6626
6601 1.3683
6602 0.6460
6603 0.1920
6604 0.3547
6605 0.4744
6606 0.9162
6607 0.9362
6608 3.4540
6609 2.2064
6610 0.4833
6611 3.3653
6612 4.2875
6613 1.8890
6614 0.7629
6615 1.5417
6616 2.0033
6617 0.6889
6618 0.2253
6619 5.5777
6620 0.8234
6621 5.7131
6622 0.3090
6623 1.6948
6624 0.2806
6625 0.4553
6626 3.2808
6627 3.5908
6628 0.3921
6629 1.6208
6630 0.1300
6631 0.8725
6632 2.1206
6633 3.3938
6634 1.1215
6635 3.2432
6636 0.8332
6637 0.4668
6638 0.2365
6639 3.1165
6640 0.4644
6641 0.1865
6642 0.0949
6643 7.5013
6644 0.1044
6645 0.4405
6646 0.8561
6647 0.7256
6648 0.2174
6649 0.3222
6650 0.6173
6651 0.2696
6652 0.8275
6653 5.9520
6654 2.2482
6655 5.6984
6656 0.7685
6657 1.7607
6658 11.6516
6659 1.3525
6660 0.7097
6661 0.9190
6662 0.5641
6663 3.9540
6664 0.9240
6665 0.3545
6666 0.2383
6667 0.1725
6668 7.5448
6669 6.4174
6670 0.7529
6671 11.3001
6672 3.1563
6673 3.4879
6674 2.6944
6675 0.2002
6676 0.2484
6677 0.2194
6678 2.2843
6679 2.7821
6680 0.8868
6681 6.4218
6682 4.0080
6683 2.9859
6684 0.1423
6685 3.5951
6686 1.9091
6687 0.1040
6688 0.1172
6689 0.1928
6690 1.7074
6691 3.8478
6692 2.9401
6693 0.2052
6694 0.5825
6695 0.4940
6696 0.7246
6697 0.9626
6698 1.2275
6699 0.6141
6700 3.5750
6701 0.4754
6702 0.9617
6703 1.6241
6704 0.5623
6705 0.1238
6706 5.1440
6707 0.4936
6708 0.2933
6709 1.0290
6710 8.0509
6711 0.4400
6712 0.8508
6713 1.7569
6714 0.1956
6715 0.3460
6716 2.3526
6717 0.3488
6718 2.1925
6719 3.8465
6720 0.3396
6721 1.1101
6722 0.3807
6723 0.8664
6724 0.5924
6725 4.4579
6726 2.8889
6727 0.2563
6728 2.5405
6729 3.4704
6730 1.1663
6731 0.3465
6732 2.3092
6733 1.2749
6734 0.1566
6735 0.1014
6736 0.4778
6737 0.3162
6738 0.2859
6739 0.7532
6740 0.3313
6741 1.6041
6742 0.6353
6743 0.3129
6744 0.7225
6745 7.9803
6746 1.1779
6747 0.1282
6748 0.9733
6749 0.4582
6750 1.2306
6751 0.1569
6752 2.1124
6753 1.6936
6754 0.4972
6755 2.8281
6756 0.1972
6757 1.5129
6758 4.3089
6759 2.1027
6760 0.4177
6761 2.7308
6762 4.3276
6763 0.1696
6764 0.2927
6765 0.8926
6766 0.2469
6767 4.3275
6768 23.8382
6769 0.4276
6770 0.9636
6771 0.5014
6772 0.3330
6773 0.3290
6774 1.9652
6775 5.3015
6776 8.6153
6777 0.4231
6778 0.5427
6779 0.2598
6780 0.2439
6781 0.4627
6782 3.2802
6783 1.1757
6784   NaN
6785 0.0952
6786 0.4371
6787 0.3272
6788 0.2654
6789 1.0015
6790 1.1732
6791 0.4642
6792 0.6638
6793 1.4618
6794 0.2759
6795 1.5088
6796 0.5860
6797 1.5420
6798 0.2514
6799 7.4320
6800 0.3512
6801 0.3268
6802 2.5509
6803 2.4260
6804 0.5109
6805 3.0951
6806 0.1527
6807 2.3636
6808 2.2675
6809 0.3485
6810 0.3311
6811 0.3466
6812 1.0863
6813 0.2354
6814 0.3279
6815 0.1126
6816 4.2581
6817 1.9276
6818 2.6707
6819 0.1349
6820 0.5035
6821 4.1754
6822 0.3161
6823 0.3113
6824 0.5710
6825 0.2337
6826 0.1243
6827 11.1539
6828 1.8124
6829 2.5116
6830 0.4619
6831 0.1498
6832 0.3401
6833 0.7769
6834 0.6658
6835 0.4088
6836 0.8458
6837 3.1763
6838 0.1501
6839 1.5580
6840 1.9596
6841 1.5989
6842 4.1439
6843 1.5883
6844 1.2301
6845 0.5014
6846 0.2408
6847 2.0758
6848 0.6325
6849 0.8901
6850 13.7295
6851 1.6634
6852 0.5055
6853 4.0591
6854 4.1585
6855 14.1510
6856 0.3484
6857 0.1985
6858 2.0857
6859 0.1181
6860 1.6162
6861 2.6884
6862 0.9854
6863 3.8065
6864 1.4998
6865 0.2986
6866 1.2553
6867 0.1847
6868 0.0927
6869 2.1505
6870 2.7518
6871 1.5891
6872 3.0996
6873 2.1177
6874 0.0994
6875 0.8603
6876 0.1809
6877 0.6279
6878 0.1369
6879 3.0595
6880 0.1985
6881 0.6232
6882 0.1909
6883 0.3301
6884 0.5273
6885   NaN
6886 0.8647
6887 1.3007
6888 0.2936
6889 0.3654
6890 0.4506
6891 6.8360
6892 0.4399
6893 0.1015
6894 1.7818
6895 0.2931
6896 0.1436
6897 7.2807
6898 0.8268
6899 2.1750
6900 0.2270
6901 2.9499
6902 0.4581
6903 0.6600
6904 0.1611
6905 0.0953
6906 0.3041
6907 0.3610
6908 1.9577
6909 0.1337
6910 1.2777
6911 0.1946
6912 0.5025
6913 4.9437
6914 3.6614
6915 0.5141
6916 1.1860
6917 11.4120
6918 1.0058
6919 8.2372
6920 0.1182
6921 0.6729
6922 1.8192
6923 0.2306
6924 1.2574
6925 10.2208
6926 9.9182
6927 0.1442
6928 0.1723
6929 4.0099
6930 0.7121
6931 0.5768
6932 16.6268
6933 0.2787
6934 2.3130
6935 0.7810
6936 5.0651
6937 0.8050
6938 5.0190
6939 12.6437
6940 0.2281
6941 2.1052
6942 0.4980
6943 3.8415
6944 0.2722
6945 0.8879
6946 0.3793
6947 1.2938
6948 0.1437
6949 1.3521
6950 0.2924
6951 2.6868
6952 0.6294
6953 7.8314
6954 6.2582
6955 2.9608
6956 1.4786
6957 1.5031
6958 0.3876
6959 3.4772
6960 1.2879
6961 7.8592
6962 11.5134
6963 0.3940
6964 5.2900
6965 0.8608
6966 0.1330
6967 0.4368
6968 3.2548
6969 0.1032
6970 3.2590
6971 2.6033
6972 11.1891
6973 2.8188
6974 0.6567
6975 0.4935
6976 0.2373
6977 0.2997
6978 1.6153
6979 0.2008
6980 0.2513
6981 0.9764
6982 1.7002
6983 1.2130
6984 14.3510
6985 0.4209
6986 1.6018
6987 0.7486
6988 1.9898
6989 4.3554
6990 1.4932
6991 0.3086
6992 9.7360
6993 1.2731
6994 0.1001
6995 3.2421
6996 0.5745
6997 0.5906
6998 8.9018
6999 0.3115
7000 1.7944
7001 2.5772
7002 0.6766
7003 0.8894
7004 1.6435
7005 0.6865
7006 4.2744
7007 0.7257
7008 0.6215
7009 8.0316
7010 3.2984
7011 0.2932
7012 2.0608
7013 7.5436
7014 1.4839
7015 2.8628
7016 0.8441
7017 0.9853
7018 2.2585
7019 1.3936
7020 4.4773
7021 1.9683
7022 0.2197
7023 0.1357
7024 0.6506
7025 0.3965
7026 1.9210
7027 14.2251
7028 0.3851
7029 0.2135
7030 1.9691
7031 0.3741
7032 0.1264
7033 0.1878
7034 5.6566
7035 2.7135
7036 2.5985
7037 2.4506
7038 0.5478
7039 0.2345
7040 1.8992
7041 0.2151
7042 1.3752
7043 1.8071
7044 15.5514
7045 13.7972
7046 0.5517
7047 1.9054
7048 2.0250
7049 0.9409
7050 0.1197
7051 0.8545
7052 0.5401
7053 0.1403
7054 0.5956
7055 5.6877
7056 1.0618
7057 4.4200
7058 0.7916
7059 0.3401
7060 0.4155
7061 2.0847
7062 4.0138
7063 1.4134
7064 10.7617
7065 0.1988
7066 5.7637
7067 3.0516
7068 0.0836
7069 0.2692
7070 0.2404
7071 0.2997
7072 0.3432
7073 0.3834
7074 0.7809
7075 6.5480
7076 0.3809
7077 0.3380
7078 0.8373
7079 7.4790
7080 1.4649
7081 0.1894
7082 1.3665
7083 0.6310
7084 0.8362
7085 0.8176
7086 0.2107
7087 0.6774
7088 2.2458
7089 0.1971
7090 0.3244
7091 0.1683
7092 0.1121
7093 1.0727
7094 15.6343
7095 1.9404
7096 1.9606
7097 13.4686
7098 2.0342
7099 0.3277
7100 1.8334
7101 1.0370
7102 2.2574
7103 0.4806
7104 5.7111
7105 1.7693
7106 0.1674
7107 1.7203
7108 3.1045
7109 1.4461
7110 3.0662
7111 0.4489
7112 0.3966
7113 0.6767
7114 0.2278
7115 5.8556
7116 0.1683
7117 1.7306
7118 11.8872
7119 0.4286
7120 0.7074
7121 0.0726
7122 0.3827
7123 6.4386
7124 0.6004
7125 0.5637
7126 4.9568
7127 0.2333
7128 0.1079
7129 1.4765
7130 0.4930
7131 9.2681
7132 2.4208
7133 0.3728
7134 0.2523
7135 0.8102
7136 0.3259
7137 0.0907
7138 1.4283
7139 0.2679
7140 0.1061
7141 2.6551
7142 3.6834
7143 0.1695
7144 2.6007
7145 1.4898
7146 0.4113
7147 1.9804
7148 1.0303
7149 0.6958
7150 0.1127
7151 11.7390
7152 0.1410
7153 1.0701
7154 0.9894
7155 0.9441
7156 2.2546
7157 0.5622
7158 1.3325
7159 9.3913
7160 0.4286
7161 0.2403
7162 1.3977
7163 0.8945
7164 0.7587
7165 0.8090
7166 6.4430
7167 6.7461
7168 0.4060
7169 0.1384
7170 0.2967
7171 1.6728
7172 0.7776
7173 0.5039
7174 0.6715
7175 1.1528
7176 0.2510
7177 1.3572
7178 4.4987
7179 0.1829
7180 2.4367
7181 3.7298
7182 1.3122
7183 1.5948
7184 0.7318
7185 9.4871
7186 5.1526
7187 0.2191
7188 5.7201
7189 0.1929
7190 6.6176
7191 0.3325
7192 0.2101
7193 0.9691
7194 1.0224
7195 0.6547
7196 0.8275
7197 0.5146
7198 6.8988
7199 0.4044
7200 0.2996
7201 0.2509
7202 5.7880
7203 0.3579
7204 0.9307
7205 0.1902
7206 0.4030
7207 1.2685
7208 8.6654
7209 4.3113
7210 3.1669
7211 0.2745
7212 0.3217
7213 0.2777
7214 0.4432
7215 0.2004
7216 2.7659
7217 0.3897
7218 0.1746
7219 4.1972
7220 0.4893
7221 0.3538
7222 3.0259
7223 0.1622
7224 2.3169
7225 7.4427
7226 0.5408
7227 0.6964
7228 0.7985
7229 0.4194
7230 1.2164
7231 4.2950
7232 0.5319
7233 1.2887
7234 7.9997
7235 0.6674
7236 0.4271
7237 0.0712
7238 0.1879
7239 0.3013
7240 1.4483
7241 0.4579
7242 2.1005
7243 12.4161
7244 0.3208
7245 0.3375
7246 0.9766
7247 2.3029
7248 1.6620
7249 0.4777
7250 13.6395
7251 0.2602
7252 0.4087
7253 0.1480
7254 0.5076
7255 0.1320
7256 0.6514
7257 0.3220
7258 7.4831
7259 0.2488
7260 4.5910
7261 4.3369
7262 0.4345
7263 3.3398
7264 2.3679
7265 3.4898
7266 0.3047
7267 0.1473
7268 0.5461
7269 0.6373
7270 1.0926
7271 0.2746
7272 1.0208
7273 1.1572
7274 1.3818
7275 0.2618
7276 2.1675
7277 2.7618
7278 0.9550
7279 20.1030
7280 0.3645
7281 0.3960
7282 2.7040
7283 5.1976
7284 0.2656
7285 0.1613
7286 1.4447
7287 5.1729
7288 11.9598
7289 0.8638
7290 0.8752
7291 6.5792
7292 0.3439
7293 0.1366
7294 0.9292
7295 0.0911
7296 2.5304
7297 3.6972
7298 0.2502
7299 1.9342
7300 0.1988
7301 0.1437
7302 3.8268
7303 6.0705
7304 0.2297
7305 0.2318
7306 0.2700
7307 0.1513
7308 1.0181
7309 0.6542
7310 0.3144
7311 1.6687
7312 5.6979
7313 6.8527
7314 0.2025
7315 0.2624
7316 0.5135
7317 0.7195
7318 0.4070
7319 0.1385
7320 1.0991
7321 2.4268
7322 11.9945
7323 0.5430
7324 1.3109
7325 5.0133
7326 0.4359
7327 4.0408
7328 1.1371
7329 0.5519
7330 1.2085
7331 0.1172
7332 1.4153
7333 1.3852
7334 0.3652
7335 0.6913
7336 0.1250
7337 1.2659
7338 0.1730
7339 9.8680
7340 0.1553
7341 0.3164
7342 0.6671
7343 0.2187
7344 1.5120
7345 4.9263
7346 0.1993
7347 0.5938
7348 0.1718
7349 4.3853
7350 3.2444
7351 0.2382
7352 5.3435
7353 0.3637
7354 0.1040
7355 0.1814
7356 1.9931
7357 1.3125
7358 0.4302
7359 3.0067
7360 0.9232
7361 0.4018
7362 0.2398
7363 0.1181
7364 2.0343
7365 2.0462
7366 0.6494
7367 0.9749
7368 3.5075
7369 2.2336
7370 0.8932
7371 0.2511
7372 6.8051
7373 3.1148
7374 1.6192
7375 2.4879
7376 0.0974
7377 1.2851
7378 0.2955
7379 0.4941
7380 1.7604
7381 9.9542
7382 0.9372
7383 0.0945
7384 2.5662
7385 4.3248
7386 1.2864
7387 0.6916
7388 0.0691
7389 3.1082
7390 0.3156
7391 0.9609
7392 0.2871
7393 0.0827
7394 0.4712
7395 1.7065
7396 0.5785
7397 2.6741
7398 8.9866
7399 8.8072
7400 0.3847
7401 0.2491
7402 6.3904
7403 0.1204
7404 0.7195
7405 0.4270
7406 0.5360
7407 3.0874
7408 3.7621
7409 0.7156
7410 0.2927
7411 0.9176
7412 0.4023
7413 0.5249
7414 0.0945
7415 0.5516
7416 6.6907
7417 6.5265
7418 1.8924
7419 2.1329
7420 12.2978
7421 2.9585
7422 2.4789
7423 0.3044
7424 0.6439
7425 0.7130
7426 0.7020
7427 2.2021
7428 0.1533
7429 1.1795
7430 0.6787
7431 0.4926
7432 12.8554
7433 4.1352
7434 0.4147
7435 6.8320
7436 2.6745
7437 0.4294
7438 0.4300
7439 0.6889
7440 2.6363
7441 0.0803
7442 0.1268
7443 2.0818
7444 0.4132
7445 0.5703
7446 0.0775
7447 0.6566
7448 2.0833
7449 0.2582
7450 2.2090
7451 0.2530
7452 0.2242
7453 0.5862
7454 4.9188
7455 0.5191
7456 10.1234
7457 0.9365
7458 0.6053
7459 3.4319
7460 10.8300
7461 3.6570
7462 5.5230
7463 0.6111
7464 3.8210
7465 0.2373
7466 0.6057
7467 0.4131
7468 0.7938
7469 1.7993
7470 2.4171
7471 0.2278
7472 0.4774
7473 0.8049
7474 5.0729
7475 0.2759
7476 0.1960
7477 0.1550
7478 9.3462
7479 1.9455
7480 2.1049
7481 3.6564
7482 1.1522
7483 2.0708
7484 10.9042
7485 8.9562
7486 2.1009
7487   NaN
7488 1.0125
7489 0.1858
7490 1.8686
7491 0.3524
7492 0.8044
7493 0.4150
7494 4.0995
7495 0.5561
7496 0.9008
7497 0.6053
7498 0.4666
7499 0.3251
7500 0.2212
