5001 0.8298
5002 1.9290
5003 2.9087
5004 0.5480
5005 3.0292
5006 0.6246
5007 0.5894
5008 7.2888
5009 17.6938
5010 3.2121
5011 0.4983
5012 1.5287
5013 0.1196
5014 1.9288
5015 3.4076
5016 0.7148
5017 2.5195
5018 5.0589
5019 0.4614
5020 0.6654
5021 0.6482
5022 1.7137
5023 0.8275
5024 13.7571
5025 3.0539
5026 0.4320
5027 2.0881
5028 7.2544
5029 14.8872
5030 8.6496
5031 9.1582
5032 2.3505
5033 0.6715
5034 15.7339
5035 0.5748
5036 1.9381
5037 2.3413
5038 2.7738
5039 8.1023
5040 1.8350
5041 16.1594
5042 0.6011
5043 4.4334
5044 0.6518
5045 5.0557
5046 0.2112
5047 14.3362
5048 1.5798
5049 0.0880
5050 3.2628
5051 6.5464
5052 3.7904
5053 0.4585
5054 2.0519
5055 1.9513
5056 17.3274
5057 8.3596
5058 1.7832
5059 0.4501
5060 0.2758
5061 9.3228
5062 1.5223
5063 0.4550
5064 5.4471
5065 9.9756
5066 5.1402
5067 8.9769
5068 4.8741
5069 6.2306
5070 2.1971
5071 0.8536
5072 0.5438
5073 2.0509
5074 0.7847
5075 20.3126
5076 16.3878
5077 1.4670
5078 9.1314
5079 2.0931
5080 6.3760
5081 0.5037
5082 14.2179
5083 3.7093
5084 2.2391
5085 19.5277
5086 11.7916
5087 7.1529
5088 7.3867
5089 10.7103
5090 6.7752
5091 8.5198
5092 1.4611
5093 2.6270
5094 0.6466
5095 0.4441
5096 1.9600
5097 0.9744
5098 5.7257
5099 1.9505
5100 8.4584
5101 5.9750
5102 13.9875
5103 0.6435
5104 0.6678
5105 4.8216
5106 7.3495
5107 3.2974
5108 3.4639
5109 0.3749
5110 6.4607
5111 3.5122
5112 2.0411
5113 2.0246
5114 11.3221
5115 1.3199
5116 4.2564
5117 0.2754
5118 1.6409
5119 1.1677
5120 0.6130
5121 3.5155
5122 0.8478
5123 1.8652
5124 0.1857
5125 1.4400
5126 0.9980
5127 0.3664
5128 0.5760
5129 2.6950
5130 2.3503
5131 5.1566
5132 8.9726
5133 1.5626
5134 3.0040
5135 2.1287
5136 6.6193
5137 2.6630
5138 16.1797
5139 1.3533
5140 2.2613
5141 1.2570
5142 2.1297
5143 9.8289
5144 14.5269
5145 1.1097
5146 2.4301
5147 1.7321
5148 1.3633
5149 5.0172
5150 0.7256
5151 10.1979
5152 1.8034
5153 7.5223
5154 0.9968
5155 1.9357
5156 0.1410
5157 6.3456
5158 5.0561
5159 12.2791
5160 0.2863
5161 1.0998
5162 2.3004
5163 1.7745
5164 11.6009
5165 8.6193
5166 4.8121
5167 1.1508
5168 0.1250
5169 0.7608
5170 4.7460
5171 9.7190
5172 1.6250
5173 1.8670
5174 13.7892
5175 8.8409
5176 1.4380
5177 1.5326
5178 0.8641
5179 3.6400
5180 13.2194
5181 0.9697
5182 6.4087
5183 3.3591
5184 6.7862
5185 7.0551
5186 0.7237
5187 8.0641
5188 1.4060
5189 0.1222
5190 8.3928
5191 1.7834
5192 3.4638
5193 1.5740
5194 1.9742
5195 10.5921
5196 1.0075
5197 0.4215
5198 0.6494
5199 1.2547
5200 2.6029
5201 0.7973
5202 9.2683
5203 2.9023
5204 1.8391
5205 16.0773
5206 3.3455
5207 5.6894
5208 6.5865
5209 0.2034
5210 3.2767
5211 0.7134
5212 5.2923
5213 8.1340
5214 6.7253
5215 3.6449
5216 1.5557
5217 7.2325
5218 10.2890
5219 4.8118
5220 4.6795
5221 3.1980
5222 4.5113
5223 10.2991
5224 2.8518
5225 2.8359
5226 18.2129
5227 0.3324
5228 0.1040
5229 1.7341
5230 2.9808
5231 0.9621
5232 1.5893
5233 6.2786
5234 14.5997
5235 0.8406
5236 0.1628
5237 2.5748
5238 2.4550
5239 4.1458
5240 11.2765
5241 1.5723
5242 0.5017
5243 2.3537
5244 0.5036
5245 4.0034
5246 6.1478
5247 11.2990
5248 0.2420
5249 4.7343
5250 6.2250
5251 3.2674
5252 8.4663
5253 8.5047
5254   NaN
5255 13.2322
5256 4.5295
5257 1.5771
5258   NaN
5259 2.7730
5260 2.3467
5261 9.2866
5262 18.9116
5263   NaN
5264 30.8705
5265 0.7574
5266 2.1258
5267 1.2866
5268 2.0715
5269 3.4014
5270 0.8344
5271 2.7263
5272 2.9312
5273 10.3273
5274 1.0331
5275   NaN
5276 3.1041
5277 2.1896
5278 0.1297
5279 3.8608
5280 4.4823
5281 2.1735
5282 16.0707
5283 3.4652
5284 1.3738
5285 4.0313
5286 6.4628
5287 1.9898
5288 3.6489
5289 4.7070
5290 19.2028
5291 1.4043
5292 2.4090
5293 26.7284
5294 2.4200
5295 5.2610
5296 4.1551
5297 2.2111
5298 2.5885
5299 11.3080
5300 7.6037
5301 8.2953
5302 2.0828
5303 0.8651
5304 1.2401
5305 6.1717
5306 3.8863
5307 2.1602
5308 2.3207
5309 9.4945
5310 0.4132
5311 0.7513
5312 14.0113
5313 0.6382
5314 2.7243
5315 6.8336
5316 0.2073
5317 16.9403
5318 5.0210
5319 0.3045
5320 8.5232
5321 1.5032
5322 1.3376
5323 8.9828
5324 32.3408
5325 1.9920
5326 8.9799
5327 2.5821
5328 0.9362
5329 24.0394
5330 5.5754
5331 2.6473
5332 7.6475
5333 12.5959
5334 2.7337
5335 4.9017
5336 3.2725
5337 10.9025
5338 2.5585
5339 0.6523
5340 0.8724
5341 0.3349
5342 1.2226
5343 14.1548
5344 0.8052
5345 1.6648
5346 0.2036
5347 3.9380
5348 8.4382
5349 0.6559
5350 0.9452
5351 2.5124
5352 15.8978
5353 42.5297
5354 0.4599
5355 1.5788
5356 2.2659
5357 1.1420
5358 15.5369
5359 0.8701
5360 3.2011
5361 6.8498
5362 0.1451
5363 2.7845
5364 8.2308
5365 3.4550
5366 9.5206
5367 1.6882
5368 2.0922
5369 0.1667
5370 1.1122
5371 0.3856
5372 1.6851
5373 11.1701
5374 34.0426
5375 2.2777
5376 12.5171
5377 20.3926
5378 16.3451
5379 1.3804
5380 4.2928
5381 0.1548
5382 1.4495
5383 3.4718
5384 2.6722
5385 0.7461
5386 0.1968
5387 3.0514
5388 0.9622
5389 0.9226
5390 4.3043
5391 1.9717
5392 6.0314
5393 9.7657
5394 10.8293
5395 0.7656
5396 1.0130
5397 10.4759
5398 1.5717
5399 5.4882
5400 0.2764
5401 1.1357
5402 8.6252
5403 0.5739
5404 0.4965
5405 8.9892
5406 5.1103
5407 0.2458
5408 2.2903
5409 8.3626
5410 0.2863
5411 0.2115
5412 1.7402
5413 4.5119
5414 2.9912
5415 0.1855
5416 5.9538
5417 1.2085
5418 4.2782
5419 7.9255
5420 3.3221
5421 4.1461
5422 1.7923
5423 0.1316
5424 8.7259
5425 3.9109
5426 10.3284
5427 14.8127
5428 0.2256
5429 2.9534
5430 3.6064
5431 3.6261
5432 2.3672
5433 3.7720
5434 0.1459
5435 3.2004
5436 11.6681
5437 2.0616
5438 0.6901
5439 5.3622
5440   NaN
5441 0.4239
5442 0.8512
5443 8.6881
5444 2.9246
5445 6.1976
5446 5.1143
5447 12.4247
5448 1.5987
5449 0.8754
5450 27.7944
5451 0.1214
5452 5.1089
5453 12.6476
5454 3.1311
5455 3.5639
5456 6.5020
5457 5.6748
5458 0.7968
5459 1.5107
5460 4.6881
5461 7.2026
5462 1.1824
5463 0.6256
5464 2.5902
5465 2.3541
5466 18.7407
5467 3.8199
5468 1.8901
5469 4.2528
5470 3.4697
5471 6.4452
5472 0.4903
5473 2.3482
5474 3.4368
5475 4.5746
5476 0.5906
5477 6.9126
5478 0.8787
5479 11.2016
5480 2.5178
5481 0.8030
5482 18.3567
5483 15.6163
5484 3.2523
5485 4.0550
5486 4.8075
5487 0.3616
5488 5.5708
5489 1.8722
5490 0.1286
5491 3.3444
5492 1.3577
5493 0.1312
5494 2.2560
5495 6.9922
5496 4.3079
5497 3.5293
5498 0.3074
5499 2.7981
5500 1.7587
5501   NaN
5502 0.3052
5503 4.5685
5504 2.2044
5505 1.9832
5506 0.2079
5507 0.9124
5508 0.9489
5509 4.0064
5510 39.8208
5511 8.9612
5512 0.3758
5513 0.7089
5514 1.4453
5515 0.8362
5516 1.4223
5517 15.2638
5518 5.2704
5519 4.4569
5520 1.7666
5521 0.3162
5522 5.3093
5523 0.3604
5524 8.4116
5525 3.1483
5526 0.2894
5527 12.1924
5528 3.1748
5529 3.9462
5530 0.6827
5531 13.3891
5532 1.0288
5533 2.4834
5534 3.1776
5535 1.2922
5536 0.1884
5537 0.7069
5538 7.5448
5539 7.0514
5540 0.6913
5541 4.4048
5542 2.1160
5543 0.3361
5544 0.3449
5545 3.7405
5546 27.4763
5547 4.4060
5548 1.9950
5549 0.3911
5550 0.4223
5551 2.8461
5552 7.4513
5553 1.2643
5554 1.8905
5555 1.6020
5556 1.7207
5557 0.4949
5558 8.7317
5559 5.3070
5560 1.1051
5561 5.3570
5562 3.3325
5563 2.8024
5564 1.9709
5565   NaN
5566 7.0297
5567 1.1914
5568 8.3595
5569 5.3245
5570 2.4390
5571 1.5310
5572 0.6683
5573 0.8336
5574 0.3812
5575 0.5072
5576 3.6680
5577 5.3636
5578 10.4404
5579 3.2982
5580 2.4385
5581 12.1721
5582 3.9171
5583 3.0071
5584 2.7155
5585 0.2944
5586 0.5478
5587 6.2939
5588 6.5920
5589 1.1600
5590 10.2229
5591 3.2041
5592 6.7796
5593 18.5815
5594 8.2314
5595 9.9004
5596 5.4560
5597 0.3900
5598 0.0928
5599 3.6352
5600 2.4664
5601 2.5204
5602 3.1544
5603 0.6385
5604 14.0890
5605 0.8309
5606 4.6997
5607 8.7125
5608 2.0311
5609 1.5903
5610 17.2606
5611 1.5108
5612 1.6356
5613 1.9052
5614 8.8563
5615 0.2442
5616 1.0919
5617 4.7241
5618 5.2693
5619 0.8202
5620 1.4367
5621 2.3812
5622 0.3178
5623 5.6109
5624 5.7734
5625 4.6153
5626 3.4220
5627 5.3001
5628 5.0164
5629 0.9913
5630 2.3597
5631 0.4921
5632 6.8416
5633 4.1199
5634 6.0025
5635 1.1312
5636 13.2518
5637 2.6426
5638 0.5355
5639 2.7647
5640 3.4590
5641 0.9858
5642 0.3972
5643 0.2366
5644 0.3409
5645 1.3847
5646 0.3387
5647 1.1898
5648 1.5534
5649 0.4715
5650 3.6184
5651 2.6289
5652 3.4454
5653 1.4695
5654   NaN
5655 4.2080
5656 0.9242
5657 0.5407
5658 13.6475
5659 1.6993
5660 3.8345
5661 7.1620
5662 5.3761
5663 1.7574
5664 1.7713
5665 2.8091
5666 6.1445
5667 0.7114
5668 9.9676
5669 0.3677
5670 3.7852
5671 2.4738
5672 17.0249
5673 5.2670
5674 16.2119
5675 6.7487
5676 0.6648
5677 0.4406
5678 0.2873
5679 0.3210
5680 0.9054
5681 2.8006
5682 1.3966
5683 5.8293
5684 2.9338
5685 6.5697
5686 0.3529
5687 3.8605
5688 1.9652
5689 3.4540
5690 0.4269
5691 0.3518
5692 2.8543
5693 8.6904
5694 1.9533
5695 0.4023
5696 4.0910
5697 2.4864
5698 18.1287
5699 1.0397
5700 1.9921
5701 1.5563
5702 3.0772
5703 0.1297
5704 7.0411
5705 1.7963
5706 2.2827
5707 3.7941
5708 8.3837
5709 0.8083
5710 24.5044
5711 9.9824
5712 1.1265
5713 6.0862
5714 0.2932
5715 3.4368
5716 0.1427
5717 9.0731
5718 1.3769
5719 3.1137
5720 0.2448
5721 8.1101
5722 2.0126
5723 1.2848
5724 11.0387
5725 0.3023
5726 6.5032
5727 4.4757
5728 17.9922
5729 0.4980
5730 1.3717
5731 0.4841
5732 15.5835
5733 8.1090
5734 11.6597
5735 3.3130
5736 9.5544
5737 3.9786
5738 2.7579
5739 10.9980
5740 0.4858
5741 7.2318
5742 15.1782
5743 10.7140
5744 3.4893
5745 7.2527
5746 1.2261
5747 2.9035
5748 0.3585
5749 11.7829
5750 6.6861
5751 4.4581
5752 0.7980
5753 7.5968
5754 0.2045
5755 4.8052
5756 1.2228
5757 5.4806
5758 3.4000
5759 2.5474
5760 7.9044
5761 8.3127
5762 3.6743
5763 4.8300
5764 11.3769
5765 16.6620
5766 18.8905
5767 2.9174
5768 10.5730
5769 2.1671
5770 5.0991
5771 0.5202
5772 3.6669
5773 4.4170
5774 2.3640
5775 1.0595
5776 2.9289
5777 2.1024
5778 0.1375
5779 18.0455
5780 3.5184
5781 16.5950
5782 8.6649
5783 11.3020
5784 0.6454
5785 2.7326
5786 1.7776
5787 1.4840
5788 1.7443
5789 4.0849
5790 8.6602
5791 3.2488
5792 2.8474
5793 0.4969
5794 5.0191
5795 16.2731
5796 8.2088
5797 1.3145
5798 6.6007
5799 1.1844
5800 3.9547
5801 1.1551
5802 2.4060
5803 0.3912
5804 6.0625
5805 2.2802
5806 3.1161
5807 3.5773
5808   NaN
5809 1.8994
5810 6.2115
5811 5.2606
5812 2.9657
5813 3.2586
5814 3.5515
5815 0.2869
5816   NaN
5817 10.8681
5818 5.9494
5819   NaN
5820 2.7779
5821 8.3105
5822 3.7447
5823 0.1941
5824 0.2028
5825 3.9236
5826 13.4354
5827 0.1927
5828 2.6763
5829 5.9583
5830 14.0591
5831 4.7007
5832 0.1064
5833 2.7079
5834 5.8858
5835 75.0398
5836 13.1815
5837 0.3332
5838 1.9872
5839 4.6197
5840 2.5684
5841 2.6861
5842 7.7788
5843 1.6987
5844 0.8135
5845 0.8850
5846 15.6470
5847 12.1318
5848 7.7412
5849 15.8593
5850 9.7146
5851 0.3753
5852 4.0810
5853 0.7643
5854 5.9079
5855 4.5003
5856 7.4294
5857 4.6319
5858 1.5848
5859 7.9889
5860 1.4459
5861 1.2766
5862 10.6374
5863 0.5363
5864 1.3482
5865 41.4945
5866 2.5639
5867 4.6887
5868 0.2274
5869 2.0256
5870 1.7035
5871 0.4722
5872 14.2465
5873 1.8028
5874 1.4464
5875 7.6222
5876 3.3345
5877 0.4166
5878 3.2873
5879 4.2757
5880 2.4348
5881 1.4925
5882 2.1420
5883 5.2961
5884 0.9750
5885 0.5272
5886 10.8901
5887 7.6014
5888 3.3553
5889 1.3900
5890 1.6735
5891 14.7910
5892 6.7132
5893 1.7808
5894 0.7808
5895 2.2746
5896 1.7597
5897 24.0592
5898 0.1211
5899 0.2188
5900 2.5880
5901 0.7800
5902 2.5933
5903 10.0569
5904 8.9442
5905 0.4459
5906 0.7822
5907 2.1766
5908 1.7166
5909 9.0001
5910 7.8730
5911 0.4926
5912 2.6971
5913 2.9142
5914 0.2913
5915 0.4905
5916 4.8372
5917 4.2518
5918 3.1478
5919 1.9130
5920 7.5418
5921 5.1742
5922 2.2114
5923 0.1807
5924 3.2087
5925 1.7284
5926 0.5065
5927 1.4380
5928 10.9791
5929 2.9706
5930 2.5737
5931 0.4013
5932 0.2306
5933 5.1604
5934 15.7899
5935 0.2448
5936 1.7713
5937 0.3937
5938 5.9968
5939 9.8575
5940 0.3014
5941 2.2731
5942 1.6808
5943 15.1993
5944 0.5440
5945 7.0048
5946 7.5597
5947 3.6243
5948 1.7282
5949 1.4365
5950 13.0177
5951 0.4239
5952 8.5657
5953 0.2777
5954 1.1043
5955 28.8329
5956 0.6276
5957 2.4565
5958 13.1357
5959 1.8167
5960 0.9492
5961 9.9203
5962 6.6472
5963 12.7013
5964 0.4180
5965 15.2135
5966 1.2398
5967 3.0682
5968 0.4643
5969 0.4562
5970 0.6302
5971 6.9289
5972 6.1796
5973 4.8087
5974 2.6807
5975 0.6596
5976 8.0836
5977 2.1124
5978 5.0347
5979 9.2448
5980 0.5696
5981 1.0392
5982 1.3960
5983 1.6342
5984 18.3749
5985 0.7815
5986 16.5814
5987 1.0759
5988 1.5587
5989 2.0904
5990 1.6778
5991   NaN
5992 0.0942
5993 3.0464
5994 0.3340
5995 2.4763
5996 3.2569
5997 2.1201
5998 0.2577
5999 14.7240
6000 6.5732
6001 10.1807
6002 7.2036
6003 7.5230
6004 0.3388
6005 9.9827
6006 0.6534
6007 4.5193
6008 1.3389
6009 3.9350
6010 5.7104
6011 1.5347
6012 2.9538
6013 4.0371
6014 3.1379
6015 1.1786
6016 0.0816
6017 1.9613
6018 2.3103
6019 3.6811
6020 2.3977
6021 1.6321
6022 8.5592
6023 1.0258
6024 0.3027
6025 1.6355
6026 1.4074
6027 1.1844
6028 5.6865
6029 0.3679
6030 10.9702
6031 0.6791
6032 3.8044
6033 3.5160
6034 3.8850
6035 0.3851
6036 0.1653
6037 0.2531
6038 1.7396
6039 0.7083
6040 6.2433
6041 0.1447
6042 17.7649
6043 1.5684
6044 2.1284
6045 1.9881
6046 1.2776
6047 2.4020
6048 3.2222
6049 5.4555
6050 10.6976
6051 0.6813
6052 1.8903
6053 21.0382
6054 3.7815
6055 10.3423
6056 10.7652
6057 7.7684
6058 0.5746
6059 8.5619
6060 2.4461
6061 0.4121
6062 11.0538
6063 0.2858
6064 0.3540
6065 0.2729
6066 15.7506
6067 20.2409
6068 21.6012
6069 8.4674
6070 8.4579
6071 4.2289
6072 0.5876
6073 0.4286
6074 3.4646
6075 1.2048
6076 0.5988
6077 2.0087
6078 4.2519
6079 31.2874
6080 1.5137
6081 0.3691
6082 15.1597
6083 0.7820
6084 9.6474
6085 5.0016
6086 0.2864
6087 10.9594
6088 1.0247
6089 10.5624
6090 1.5876
6091 11.5201
6092 1.0278
6093 3.9352
6094 7.8233
6095 0.1666
6096 1.3910
6097 0.3765
6098 3.7452
6099 0.2636
6100 1.5002
6101 6.8880
6102 0.2203
6103 5.4749
6104 4.1007
6105 2.4053
6106 1.2930
6107 11.7646
6108 2.8285
6109 1.6108
6110 1.3851
6111 12.0234
6112 0.3275
6113 0.2387
6114 0.1412
6115 0.3472
6116 1.3183
6117 3.7862
6118 1.9876
6119 0.3208
6120 4.0624
6121 1.9232
6122 14.9683
6123 18.2822
6124 5.1609
6125 3.3535
6126 6.1312
6127 6.2946
6128 1.4132
6129 0.5774
6130 0.5615
6131 25.2013
6132 0.8981
6133 14.8680
6134 0.6240
6135 4.0506
6136 1.3545
6137 7.9246
6138 1.4149
6139 14.4741
6140 15.7423
6141 1.5464
6142 0.1392
6143 0.3183
6144 0.6550
6145 11.0511
6146 0.7850
6147 2.6195
6148 2.1654
6149 2.9670
6150 0.4651
6151 2.2097
6152 2.0564
6153 3.4415
6154 7.3287
6155 2.9896
6156 3.5859
6157 0.9525
6158 10.9059
6159 0.5100
6160 15.7279
6161 3.4168
6162 2.8625
6163 8.1544
6164 4.9149
6165 6.4293
6166 0.3792
6167 0.1224
6168 2.9675
6169 1.0584
6170 2.4330
6171 0.2148
6172 3.8574
6173 2.6852
6174 0.3238
6175 2.9008
6176 6.9819
6177 2.9354
6178 4.7556
6179 0.0987
6180 1.1489
6181 9.2921
6182 1.3981
6183 9.2162
6184 0.3918
6185 1.5434
6186 3.8823
6187 9.2014
6188 2.7066
6189   NaN
6190 0.8486
6191 9.1834
6192 2.3496
6193 8.0846
6194 6.7871
6195 11.8873
6196 0.2161
6197 0.9166
6198 1.3017
6199 0.7775
6200 1.5357
6201 9.6920
6202 0.7156
6203 0.2380
6204 2.1278
6205 6.9954
6206 5.0200
6207 7.0772
6208 0.4673
6209 3.9826
6210 0.1914
6211 6.5142
6212 1.0838
6213 0.1482
6214 6.6637
6215 0.3502
6216 0.7820
6217 2.7250
6218 3.2244
6219 22.6080
6220 0.8561
6221 1.2896
6222 0.3147
6223 0.1039
6224 0.5772
6225 9.0630
6226 0.4398
6227 5.8426
6228 17.8475
6229 11.2594
6230 7.2153
6231 0.1323
6232 0.9239
6233 2.2588
6234 17.2287
6235 3.3937
6236 0.2585
6237 0.9627
6238 8.2634
6239 1.2401
6240 1.8475
6241 0.7713
6242 5.7232
6243 13.3364
6244 5.7730
6245 13.0909
6246 10.9138
6247 2.0568
6248 1.2071
6249 0.5266
6250 4.0665
6251 0.5728
6252 6.4078
6253 7.4694
6254 13.5905
6255 15.3422
6256 2.7344
6257 13.0137
6258 3.3004
6259 1.6341
6260 7.7823
6261 12.5461
6262 2.9793
6263 0.2767
6264 3.0284
6265 4.8089
6266 17.7235
6267 20.4178
6268 2.6035
6269 1.2781
6270 3.2636
6271 15.8224
6272 2.0133
6273 2.7752
6274 13.4940
6275 3.8801
6276 1.9677
6277 0.4943
6278 25.8822
6279 13.4948
6280 8.5496
6281 0.8181
6282 2.1990
6283 0.3069
6284 1.9772
6285 19.2477
6286 12.4350
6287 0.9787
6288 3.4204
6289 0.1827
6290 2.9859
6291 6.3835
6292 1.6983
6293 5.9796
6294 0.3431
6295 15.8510
6296 6.3464
6297 1.4814
6298 10.0995
6299 5.5626
6300 5.1355
6301 2.1427
6302 8.8045
6303 6.5419
6304 0.8379
6305 2.4038
6306 0.2509
6307 0.1322
6308 1.4394
6309 1.4328
6310 9.9618
6311 1.4582
6312 0.5688
6313 8.7123
6314 6.6108
6315 1.2257
6316 1.6256
6317 1.6618
6318 6.0498
6319 15.8724
6320 16.7046
6321 8.2947
6322 2.6771
6323 3.4738
6324 20.2140
6325 8.4790
6326 2.2106
6327 0.2564
6328 42.8267
6329 0.2325
6330 3.5425
6331 3.3629
6332 0.3521
6333 11.8868
6334 2.5997
6335 2.5991
6336 3.9248
6337 2.0247
6338 29.8848
6339 1.6411
6340 1.6203
6341 0.7735
6342 2.2258
6343 2.1232
6344 10.9928
6345 0.6518
6346 2.2487
6347 0.5662
6348 6.3365
6349 11.1681
6350 1.2798
6351 1.4854
6352 1.6988
6353 3.4566
6354 7.9777
6355 1.4756
6356 0.8827
6357 1.5624
6358 10.6959
6359 5.0854
6360 1.4176
6361 6.5899
6362 0.2430
6363   NaN
6364 18.5232
6365 0.1841
6366 20.1941
6367 2.7563
6368 0.7503
6369 3.5641
6370 1.4733
6371 26.0092
6372 3.6827
6373 3.2407
6374 3.8298
6375 0.2555
6376 6.5313
6377 1.3510
6378 7.5182
6379 3.6843
6380 2.4276
6381 1.7257
6382 7.7172
6383 2.8508
6384 12.6811
6385 0.5649
6386 0.5042
6387 3.0567
6388 0.9470
6389 0.5851
6390 0.3400
6391 5.9018
6392 1.8200
6393 0.9508
6394 0.2664
6395 0.3185
6396 2.3481
6397 6.0487
6398 0.8856
6399 0.4551
6400 3.6559
6401 2.1034
6402 6.4221
6403 8.3101
6404 2.0451
6405 0.7192
6406 5.4174
6407 0.4871
6408 1.8683
6409 2.4063
6410 0.8553
6411 12.8801
6412 13.3279
6413 8.2471
6414 0.4325
6415 0.4396
6416 2.0726
6417 0.9665
6418 8.1486
6419 5.0369
6420 1.4100
6421 0.1492
6422 7.3914
6423 7.9606
6424 16.7783
6425 0.3856
6426 28.6047
6427 1.0004
6428 6.7587
6429 3.5178
6430 1.9323
6431 8.3089
6432 4.1690
6433 1.6270
6434 7.6445
6435 0.7086
6436 3.0092
6437 5.1064
6438 4.4682
6439 8.4096
6440 1.0835
6441 0.1240
6442 3.0543
6443 1.7290
6444 15.3518
6445 0.2024
6446 0.6653
6447 7.0298
6448 6.6464
6449 0.9295
6450 0.4796
6451 1.2699
6452 3.3230
6453 5.0116
6454 0.8729
6455 1.5863
6456 20.5953
6457 0.3762
6458 2.1440
6459 2.5123
6460 1.2720
6461 2.3064
6462 2.0391
6463 0.9141
6464 3.7188
6465 3.2124
6466 3.2497
6467 0.8837
6468 7.7442
6469 2.3701
6470 2.3806
6471 3.4681
6472 6.3060
6473 0.4865
6474 10.4675
6475 8.3041
6476 5.9483
6477 1.4867
6478 1.4506
6479 15.4885
6480 0.9622
6481 5.3769
6482 0.8604
6483 2.6155
6484 1.5169
6485 0.3903
6486 7.4418
6487 9.0170
6488 1.9839
6489 3.4827
6490 0.3222
6491 16.6230
6492 6.8442
6493 7.1807
6494 6.6168
6495 7.1804
6496 2.7051
6497 8.6986
6498 0.1242
6499 14.8111
6500 0.2768
6501 0.2906
6502 12.5744
6503 0.2132
6504 0.6965
6505 8.0397
6506 4.5256
6507 2.2540
6508 0.7077
6509 2.0178
6510 4.9908
6511 0.1059
6512 13.2496
6513 15.1191
6514 1.0016
6515 16.3552
6516 1.3165
6517 2.0960
6518 9.9150
6519 9.1183
6520 6.2457
6521 0.5509
6522 0.2979
6523 1.2495
6524 15.2704
6525 0.6796
6526 0.5153
6527 8.8094
6528 3.1137
6529 4.7167
6530 4.3378
6531 2.2049
6532 5.1074
6533 22.9956
6534 9.8992
6535 1.9306
6536 1.8696
6537 3.1926
6538 0.4348
6539 3.0609
6540 8.8850
6541 0.8645
6542 2.2910
6543 3.5013
6544 0.2090
6545 9.6360
6546 5.0593
6547 10.3778
6548 3.2438
6549 1.4874
6550 3.2759
6551 6.0338
6552 7.7726
6553 5.0544
6554 2.4955
6555 4.4431
6556 9.6518
6557 2.4051
6558 6.1789
6559 1.2629
6560 4.9618
6561 1.1213
6562 0.1513
6563 0.6086
6564 0.2212
6565 6.9272
6566 5.5738
6567 1.1349
6568 1.9799
6569 7.0882
6570 1.0950
6571 0.7574
6572 9.2966
6573 0.8429
6574 6.9852
6575 2.8373
6576 15.5780
6577 16.1528
6578 1.7575
6579 0.6613
6580 9.0334
6581 3.6018
6582 0.3001
6583 12.4105
6584 11.4265
6585 0.8161
6586 5.6060
6587 0.0846
6588 4.4524
6589 0.3090
6590 12.4625
6591 13.0317
6592 11.0410
6593 13.7352
6594 3.2662
6595 3.1202
6596 2.0705
6597 6.6971
6598 1.0989
6599 6.7877
6600 4.1836
6601 4.4900
6602 2.3302
6603 3.6455
6604 3.2945
6605 7.2827
6606 0.3859
6607 0.2642
6608 0.6906
6609 5.1464
6610 2.4768
6611 8.5770
6612 2.7152
6613 1.3088
6614 3.1074
6615 4.2033
6616 20.4020
6617 1.1236
6618 16.6817
6619 3.6954
6620 0.3307
6621 5.4424
6622 1.9747
6623 3.0495
6624 1.8812
6625 0.7941
6626 6.2327
6627 0.3834
6628 1.4736
6629 0.5563
6630 1.9683
6631 0.8539
6632 12.0018
6633 5.4154
6634 9.6383
6635 1.1276
6636 4.5636
6637 3.5750
6638 1.5270
6639 22.4118
6640 1.1424
6641 3.4048
6642 2.9479
6643 0.1584
6644 7.6505
6645 3.4278
6646 17.2826
6647 3.9635
6648 1.3227
6649 2.0785
6650 0.6512
6651 5.3107
6652 4.3976
6653 1.3676
6654 7.2513
6655 0.6282
6656 1.8568
6657 6.3196
6658 0.5980
6659 1.7128
6660 5.4048
6661 17.4582
6662 0.4227
6663 0.3372
6664 1.9804
6665 8.8641
6666 1.1577
6667 0.1299
6668 0.7917
6669 6.0782
6670 3.6376
6671 4.6788
6672 3.8833
6673 1.4280
6674 2.5501
6675 3.2336
6676 0.6665
6677 3.0059
6678 3.6916
6679 3.6502
6680 9.5900
6681 2.0320
6682 2.3420
6683 0.6606
6684 13.9551
6685 1.4349
6686 3.3178
6687 8.8759
6688 2.1540
6689 1.6130
6690 1.9695
6691 1.9875
6692 2.2075
6693 10.2075
6694 0.2021
6695 2.7442
6696 6.7052
6697 0.0710
6698 0.5826
6699 1.4126
6700 0.3292
6701 0.7701
6702 0.8620
6703 9.9580
6704 4.5947
6705   NaN
6706 8.0501
6707 4.5010
6708 11.7463
6709 1.3545
6710   NaN
6711 0.1649
6712 7.4912
6713 1.4188
6714 12.1096
6715 1.7764
6716 4.9042
6717 0.3663
6718 1.0092
6719 12.0469
6720 2.8055
6721 7.1984
6722 0.6515
6723 21.0429
6724 4.2935
6725 6.7209
6726 1.8440
6727 9.5026
6728 1.3893
6729 1.9979
6730 0.8083
6731 1.6037
6732 1.8947
6733 0.5710
6734 6.4445
6735 2.8046
6736 1.1381
6737 3.0161
6738 2.1137
6739 7.3012
6740 3.5932
6741 12.9660
6742 15.6351
6743 7.4152
6744 1.1626
6745 14.2519
6746 2.4335
6747 16.9223
6748 8.0175
6749 10.7112
6750 2.7638
6751 0.1959
6752 1.7531
6753 2.8630
6754 2.8753
6755 2.7896
6756 1.9535
6757 8.8381
6758 4.4009
6759 1.3427
6760 5.0404
6761 3.7314
6762 2.8043
6763 3.6785
6764 2.3396
6765 7.3326
6766 14.0880
6767 2.4550
6768 0.8728
6769 0.7581
6770 1.3290
6771 0.3772
6772 2.7456
6773 3.4570
6774 0.3371
6775 1.1024
6776 8.8228
6777 4.2013
6778 0.3244
6779 5.4589
6780 14.4074
6781 20.7705
6782 1.6148
6783 10.2034
6784 1.5061
6785 0.4770
6786 3.9151
6787 10.7508
6788 0.2190
6789 4.3549
6790 3.9269
6791 0.6049
6792 6.5252
6793 3.3834
6794 10.9630
6795 0.2692
6796 2.9600
6797 1.5257
6798 0.3812
6799 2.8959
6800 11.7849
6801 6.8493
6802 4.3096
6803 0.0778
6804 2.4955
6805 3.0989
6806 2.5753
6807 21.9502
6808 0.5128
6809 6.6014
6810 2.3581
6811 23.6574
6812 0.6341
6813 1.5857
6814 5.8041
6815 4.3546
6816 2.3568
6817 22.1368
6818 11.0350
6819 13.1783
6820 1.7788
6821 0.4733
6822 1.1244
6823 10.4498
6824 0.4923
6825 6.4528
6826 0.2301
6827 2.5188
6828 5.5625
6829 2.0034
6830 4.0212
6831 0.8781
6832 6.4684
6833 0.2589
6834 3.2326
6835 1.3332
6836 1.9615
6837 5.9085
6838 0.4233
6839 10.7896
6840 3.1002
6841 11.9466
6842 0.8836
6843 1.4979
6844 1.2011
6845 0.4509
6846 1.1980
6847 3.7130
6848 1.0505
6849 11.9458
6850 5.5241
6851 0.4113
6852 1.1613
6853 6.5914
6854 1.6859
6855 3.5754
6856 3.4380
6857 2.1905
6858 8.3074
6859 8.1061
6860 2.2529
6861 14.7831
6862 0.1572
6863 1.7433
6864 4.7414
6865 1.4255
6866 3.9821
6867 5.7847
6868 1.9811
6869 16.8517
6870 14.5968
6871 7.2767
6872 0.2463
6873 0.2104
6874 6.2669
6875 19.8234
6876 3.7893
6877 0.0916
6878 1.7644
6879 13.6390
6880 1.6224
6881 1.7117
6882 9.2032
6883 2.3839
6884 2.9395
6885 7.6409
6886 14.0288
6887 0.5487
6888 0.7667
6889 0.4021
6890 2.9152
6891 4.1163
6892 2.2329
6893 1.9457
6894 11.8983
6895 10.6536
6896 7.0955
6897 17.6673
6898 2.3069
6899 2.5955
6900 1.7913
6901 3.2919
6902 0.3638
6903 1.3617
6904 2.5095
6905 0.9238
6906 25.6130
6907 15.5634
6908 2.8577
6909 0.6324
6910 5.1165
6911 14.2727
6912 0.1068
6913 2.5042
6914 0.4595
6915 12.0336
6916 3.3298
6917 5.7972
6918 1.4152
6919 1.0412
6920 17.6966
6921 1.0968
6922 2.8947
6923 7.8860
6924 8.8959
6925 2.5977
6926 5.4794
6927 10.8451
6928 1.0108
6929 0.1054
6930 9.9876
6931 3.7786
6932 8.7823
6933 1.8313
6934 1.1303
6935 5.1465
6936 10.9370
6937 3.6364
6938 0.2745
6939 1.8470
6940 2.3814
6941 14.1594
6942 1.0634
6943 1.1211
6944 7.0425
6945 8.8572
6946 2.1838
6947 1.9698
6948 0.8371
6949 1.1066
6950 1.1917
6951 9.3503
6952 6.8645
6953 0.0894
6954 1.4826
6955 3.9714
6956 7.7646
6957 9.4333
6958 19.2031
6959 1.1007
6960 5.3170
6961 9.8099
6962 1.0091
6963 1.7625
6964 3.1047
6965 2.1578
6966 1.1722
6967 5.7481
6968 3.7321
6969 0.2017
6970 2.7338
6971 2.2597
6972 9.9254
6973 1.7655
6974 11.8688
6975 22.7748
6976 2.8889
6977 0.4189
6978 14.9545
6979 2.7737
6980 7.8012
6981 0.1289
6982 0.5998
6983 1.3282
6984 9.1678
6985 4.1309
6986 7.3534
6987 3.4968
6988 3.6467
6989 0.8424
6990 0.6036
6991 4.9409
6992 0.2703
6993 6.9980
6994 0.6542
6995 2.9260
6996 0.8024
6997 3.6193
6998 1.2755
6999 0.2506
7000 5.4704
7001 1.1943
7002 0.8850
7003 5.5811
7004 0.7702
7005 0.8519
7006 11.1566
7007 3.8057
7008 12.7558
7009 18.8241
7010 3.5295
7011 0.5606
7012 0.0991
7013 0.8318
7014 1.8321
7015 2.6228
7016 2.5273
7017 0.3104
7018 12.3665
7019 11.0076
7020 1.5652
7021 0.1868
7022 17.0930
7023 5.7552
7024 5.8929
7025 12.2044
7026 10.3133
7027 10.0732
7028 1.6556
7029 17.4321
7030 2.9257
7031 17.1753
7032 3.3877
7033 17.4503
7034 17.5002
7035 8.1128
7036 0.9312
7037 0.2141
7038 5.3559
7039 1.0575
7040 2.7370
7041 22.7196
7042 0.4565
7043 4.2431
7044 2.5892
7045 0.3117
7046 1.9316
7047 3.0336
7048 3.6163
7049 4.5410
7050 2.2166
7051 0.4794
7052 3.9922
7053 0.1305
7054 1.8406
7055 3.9152
7056 1.5864
7057 6.8976
7058 1.1556
7059 17.9599
7060 2.8185
7061 4.1133
7062 0.4388
7063 1.8331
7064 0.2501
7065 12.6674
7066 12.1264
7067 3.4607
7068 1.5694
7069 0.6883
7070 14.9668
7071 10.8175
7072 1.0203
7073 1.0332
7074 2.2694
7075 3.0223
7076 1.7477
7077 3.3715
7078 1.5363
7079 3.0252
7080 14.1983
7081 0.7263
7082 1.3768
7083 29.0037
7084 4.0980
7085 1.0990
7086 2.5948
7087 0.5768
7088 3.6749
7089 2.5351
7090 15.2045
7091 2.6628
7092 1.3564
7093 10.6188
7094 6.5378
7095 5.7669
7096 1.3256
7097 9.6553
7098 0.6939
7099 0.2758
7100 2.7501
7101 0.9549
7102 4.9004
7103 0.7053
7104 1.8329
7105 2.4911
7106 0.1966
7107 0.4435
7108 2.3387
7109 3.9897
7110 14.6992
7111 1.3571
7112 0.7147
7113 0.8787
7114 1.1285
7115 0.6939
7116 2.4791
7117 0.9081
7118 0.1481
7119 2.4530
7120 11.2741
7121 15.1190
7122 0.1994
7123 0.1457
7124 2.4009
7125 1.4492
7126 5.7575
7127 3.5854
7128 1.0259
7129 11.8067
7130 2.3204
7131 6.0990
7132 1.2176
7133 0.4940
7134 9.0080
7135 1.1016
7136 0.3497
7137 3.9717
7138 0.6368
7139 0.5458
7140 3.4735
7141 1.9175
7142 4.3878
7143 3.0081
7144 11.7795
7145 11.1411
7146 15.0138
7147 0.9748
7148 1.0219
7149 6.4483
7150 2.7588
7151 2.4626
7152 2.2963
7153 0.9236
7154 7.3893
7155 1.3726
7156 0.7957
7157 1.9571
7158 10.4952
7159 1.3307
7160 9.3451
7161 0.8196
7162 2.1158
7163 0.3849
7164 9.9891
7165 4.8738
7166   NaN
7167 0.7482
7168 1.9201
7169 0.4771
7170 4.0277
7171 0.7136
7172 6.6480
7173 6.2407
7174 1.2922
7175 0.3570
7176 2.1889
7177 2.8591
7178 3.4217
7179 4.8064
7180 0.7880
7181 5.2908
7182 1.5502
7183 4.9981
7184 1.6610
7185 3.9039
7186 2.9900
7187 6.0538
7188 1.9607
7189 12.6955
7190 1.4862
7191 6.7722
7192 1.5051
7193 0.2325
7194 9.6968
7195 7.4199
7196 0.1519
7197 0.8693
7198 2.6375
7199 0.1367
7200 0.7414
7201 5.9032
7202 0.3293
7203 7.5252
7204   NaN
7205 9.0722
7206 4.7010
7207 1.7070
7208 0.7522
7209 4.0287
7210 1.4437
7211 1.6709
7212 20.8292
7213 1.8713
7214 3.0794
7215 1.5596
7216 5.4163
7217 2.0241
7218 19.5030
7219 1.7777
7220 6.9823
7221 6.8498
7222 4.3140
7223 2.4656
7224 26.7677
7225 0.7348
7226 0.5174
7227 2.0469
7228 2.1939
7229 3.0667
7230 0.3392
7231 1.6261
7232 0.7558
7233 1.7285
7234 0.1607
7235 3.7160
7236 2.6195
7237 13.1476
7238 3.2168
7239 4.2741
7240 12.8730
7241 11.6540
7242 16.8836
7243 8.3231
7244 3.2311
7245 0.2715
7246 5.2073
7247 12.8345
7248 3.0649
7249 1.3661
7250 5.0347
7251 0.2379
7252 2.1774
7253 11.1828
7254 1.8069
7255 3.7590
7256 2.4721
7257 76.2386
7258 0.5679
7259 4.8395
7260 2.4670
7261 4.7926
7262 3.5013
7263 15.8848
7264 1.1106
7265 0.2050
7266 0.4437
7267 7.6520
7268 10.5343
7269 1.7949
7270 13.6651
7271 1.1700
7272 3.6705
7273 3.0812
7274 7.9626
7275 0.2166
7276 3.0046
7277 0.7364
7278 7.4769
7279 0.6419
7280 0.6360
7281 4.0863
7282 3.9700
7283 0.1542
7284 2.7175
7285 1.9979
7286 1.4468
7287 2.3901
7288 2.4324
7289 0.6271
7290 4.9702
7291 1.2930
7292 21.5400
7293 7.3777
7294 2.8234
7295 0.7249
7296 4.2419
7297 5.2895
7298 2.5136
7299 7.7310
7300 0.2428
7301 12.9998
7302 9.3941
7303 2.8267
7304 2.1907
7305 10.4411
7306 0.8317
7307 0.5403
7308 2.7673
7309 31.9310
7310 3.7726
7311 1.1475
7312 0.4064
7313 1.8767
7314 29.2664
7315 48.0967
7316 0.3851
7317 1.6259
7318 5.6353
7319 5.6958
7320 1.1569
7321 13.8156
7322 1.8977
7323 24.2765
7324 7.4968
7325 7.0990
7326 0.4079
7327 16.5863
7328 3.0961
7329 12.8143
7330 6.8707
7331 2.2762
7332 7.9968
7333 2.0633
7334 3.4676
7335 3.8940
7336 1.9632
7337 0.4776
7338 0.8594
7339 2.8980
7340 3.7240
7341 0.9143
7342 1.3465
7343 4.4977
7344 1.5441
7345 3.2216
7346 3.6813
7347 1.8466
7348 6.4233
7349 0.4603
7350 4.4135
7351 5.5052
7352 10.7698
7353 3.5733
7354 5.7520
7355 2.4179
7356 2.9306
7357 7.4852
7358 0.2329
7359 1.7377
7360 0.7348
7361 9.6735
7362 3.6166
7363 18.1173
7364 5.4106
7365 0.6261
7366 2.5091
7367 16.7349
7368 12.8519
7369 4.9668
7370 8.6092
7371 13.7279
7372 13.5513
7373 1.7446
7374 2.3912
7375 0.6782
7376 1.2097
7377 4.3174
7378 0.6709
7379 0.8882
7380 1.9976
7381 8.8340
7382 13.5407
7383 3.2052
7384 3.2287
7385 0.5120
7386 10.8835
7387 5.6414
7388 2.0826
7389 9.9707
7390 12.0074
7391 3.4779
7392 1.5335
7393 3.2847
7394 7.4752
7395 9.7008
7396 17.8303
7397 1.5216
7398   NaN
7399 3.4973
7400 1.9473
7401 4.2951
7402 1.1617
7403 7.6777
7404 4.2113
7405 7.3200
7406 0.9257
7407 3.0002
7408 6.0832
7409 9.5992
7410 9.3376
7411 0.6959
7412 3.6775
7413 1.7561
7414 1.1784
7415 9.1535
7416 5.6942
7417 1.6899
7418 0.1181
7419 23.7228
7420 2.6539
7421 4.0280
7422 5.1015
7423 0.7095
7424 3.8507
7425 1.3195
7426 7.0420
7427 10.0450
7428 7.9725
7429 0.1744
7430 2.7729
7431 4.2817
7432 0.1514
7433 3.7304
7434 0.8058
7435 1.0954
7436 0.4069
7437 1.5359
7438 5.3383
7439 2.8042
7440 0.8465
7441 0.1173
7442 0.6496
7443 1.3583
7444 0.3123
7445 0.4215
7446 5.6924
7447 2.6209
7448 0.3407
7449 0.5065
7450 0.2313
7451 1.9108
7452 0.6123
7453 1.7882
7454 7.7272
7455 1.8686
7456 0.3710
7457 12.3226
7458 3.5145
7459 16.5787
7460 4.5759
7461 0.3162
7462 2.1457
7463 7.5339
7464 0.8148
7465 0.2306
7466 1.5160
7467 3.0843
7468   NaN
7469 13.7229
7470 11.9525
7471 10.9902
7472 1.0017
7473 2.1088
7474 0.3026
7475 1.0608
7476 7.6198
7477 1.1367
7478 4.2968
7479 0.1521
7480 1.9434
7481 2.6725
7482 2.3525
7483 1.1176
7484 3.3440
7485 1.2811
7486 3.4232
7487 8.8962
7488 9.0083
7489 2.1820
7490 11.6868
7491 1.5454
7492 9.1564
7493 4.8082
7494 0.2795
7495 6.4227
7496 0.8867
7497 4.6597
7498 1.7225
7499 0.5812
7500 3.6080
7501 7.5235
7502 12.8378
7503 5.9198
7504 3.8111
7505 1.5363
7506 46.1461
7507 0.6097
7508 4.4034
7509 0.1411
7510 4.9030
7511 0.6056
7512 8.8528
7513 0.6816
7514 4.7755
7515 7.4068
7516 9.4267
7517 1.1042
7518 21.3893
7519 4.4293
7520 3.2535
7521 0.4995
7522 14.2027
7523 0.4181
7524 9.1242
7525 2.9294
7526 0.2353
7527 5.9757
7528 0.6595
7529 5.9552
7530 0.1042
7531 8.7381
7532 2.5530
7533 1.7822
7534 16.1261
7535 8.3889
7536 0.7876
7537 0.3901
7538 1.3152
7539 9.9812
7540 7.0664
7541 11.5305
7542 0.8223
7543 12.9627
7544 10.7351
7545 1.7429
7546 0.7201
7547 5.7846
7548 1.2649
7549 13.6811
7550 0.8406
7551 3.8718
7552 4.5322
7553 11.6053
7554 4.3309
7555 1.5847
7556 0.7436
7557 0.9086
7558 18.2837
7559 9.6182
7560 0.6240
7561 0.4110
7562 0.2689
7563 19.1770
7564 10.2952
7565 0.8419
7566 12.8314
7567 28.3623
7568 3.8147
7569 5.5605
7570 1.0403
7571 3.3837
7572 2.0991
7573 12.0036
7574 10.9449
7575 0.4365
7576 1.9785
7577 0.2290
7578 0.2022
7579 0.6661
7580 0.3306
7581 7.9996
7582 12.1020
7583 9.5572
7584 0.5406
7585 2.7865
7586 3.5191
7587 3.2562
7588 0.3202
7589 1.1535
7590 0.7691
7591 1.9178
7592 1.5663
7593 6.5707
7594 3.6109
7595   NaN
7596 0.7462
7597 0.8165
7598 1.4900
7599 5.6200
7600 8.7931
7601 9.0723
7602 10.1150
7603 5.1946
7604 0.7732
7605 10.0398
7606 5.0954
7607 1.0018
7608 14.9624
7609 6.6945
7610 9.1313
7611 4.8716
7612 6.5505
7613 1.4053
7614 1.8202
7615 9.6407
7616 6.8972
7617 7.7252
7618 8.0710
7619 10.5284
7620 11.9470
7621 3.8168
7622 9.2936
7623 0.8650
7624 0.1675
7625 1.4933
7626 1.6923
7627 12.7286
7628 20.0013
7629 1.9051
7630 2.3711
7631 3.4499
7632 3.1401
7633 1.5514
7634 8.2725
7635 0.4187
7636 1.8690
7637 7.8323
7638 2.2624
7639 3.6401
7640 1.4737
7641 7.4079
7642 12.0661
7643 29.3925
7644 2.0549
7645 2.0993
7646 4.7555
7647 2.4365
7648 0.4565
7649 1.3413
7650 4.6204
7651 2.6833
7652 2.9028
7653 1.8026
7654 7.1715
7655 1.8346
7656 2.2842
7657 1.6287
7658 2.8439
7659 2.1275
7660 148.0393
7661 3.4728
7662 10.5637
7663 2.2960
7664 2.1992
7665 4.3495
7666 1.0116
7667 3.2378
7668 0.2895
7669 34.8023
7670 7.9039
7671 14.1436
7672 4.1516
7673 9.5084
7674 17.9101
7675 11.5801
7676 1.2602
7677 1.6157
7678 2.0408
7679 7.3496
7680 0.6913
7681 1.8570
7682 0.1781
7683 0.3355
7684 1.4298
7685 1.3690
7686 12.4214
7687 2.9731
7688 1.1607
7689 0.8090
7690 2.1889
7691 9.7589
7692 5.5454
7693 5.3378
7694 0.3027
7695 1.2676
7696 3.8234
7697 3.2947
7698 0.6096
7699 2.4925
7700 0.2542
7701 0.4417
7702 2.3318
7703 1.2314
7704 7.0928
7705 0.6803
7706 9.8802
7707 7.0384
7708 0.1754
7709 5.6238
7710 1.7510
7711 7.5113
7712 8.0389
7713 8.9929
7714 7.3555
7715 2.3428
7716 7.0517
7717 2.1433
7718 9.1189
7719 6.9354
7720 1.1437
7721 0.2437
7722 2.3029
7723 13.4137
7724 10.5851
7725 9.2737
7726 4.8358
7727 19.0837
7728 0.8770
7729 0.1460
7730 0.1939
7731 2.1135
7732 2.5138
7733 6.1205
7734 2.3659
7735 3.6288
7736 0.1325
7737 0.2955
7738 1.0717
7739 0.1402
7740 25.6578
7741 5.3751
7742 8.5451
7743 0.8457
7744 7.2978
7745 1.6665
7746 3.6512
7747 1.4485
7748 0.0791
7749 0.5842
7750 3.2651
7751 17.8774
7752 7.8313
7753 0.2960
7754 0.5766
7755 2.6423
7756 0.1008
7757 9.5145
7758 3.3709
7759 3.0873
7760 1.9733
7761 4.7940
7762 1.6066
7763 5.2475
7764 1.7739
7765 9.4209
7766 8.2719
7767 25.9624
7768 2.6176
7769 9.4233
7770 12.5475
7771 6.1862
7772 0.3587
7773 2.8634
7774 3.8579
7775 3.9000
7776 5.2863
7777 1.8762
7778 10.0101
7779 0.1975
7780 0.4847
7781 10.6549
7782 6.1418
7783 14.6553
7784 12.4211
7785 5.7909
7786 0.9902
7787 0.4299
7788 5.5989
7789 7.1668
7790 0.3974
7791 0.3593
7792 10.8849
7793 4.1386
7794 0.6236
7795 0.7080
7796 1.1667
7797 1.0344
7798 1.3909
7799 1.8701
7800 6.5621
7801 2.3317
7802 0.3287
7803 1.5919
7804 2.6963
7805 5.5048
7806 1.1845
7807 0.1568
7808 9.1563
7809 0.9490
7810 3.6161
7811 2.5717
7812   NaN
7813 7.4877
7814 2.4068
7815 2.7410
7816 0.4626
7817 6.3409
7818 2.0197
7819 2.2412
7820 6.3145
7821 1.7228
7822 3.7261
7823 1.8847
7824 0.3463
7825 2.9162
7826 2.2921
7827 1.5019
7828 18.3426
7829 2.8101
7830 2.1585
7831 9.8735
7832 4.4254
7833 4.5982
7834 7.7968
7835 9.2206
7836 0.5421
7837 0.3905
7838 10.8669
7839 3.4409
7840 0.4518
7841 4.0300
7842 9.5304
7843 13.7000
7844 1.7708
7845 0.5831
7846 9.0404
7847 0.7043
7848 3.5350
7849 12.8736
7850 3.6155
7851 2.0097
7852 1.9590
7853 2.7684
7854 3.1056
7855 4.6716
7856 12.9015
7857 2.3240
7858 5.9869
7859 0.3631
7860 10.8132
7861 0.4552
7862 6.8462
7863 2.4316
7864 0.8706
7865 0.6945
7866 2.0951
7867 7.0917
7868 3.3238
7869 1.7287
7870 1.3321
7871 10.4747
7872 2.5759
7873 8.5347
7874 1.2998
7875 12.3961
7876 0.6841
7877 0.6529
7878 1.1533
7879 4.9460
7880 1.1096
7881 3.7916
7882 3.7669
7883 3.5214
7884 3.0576
7885 4.4528
7886 5.9001
7887 5.3489
7888 5.0094
7889 0.5365
7890 1.0132
7891 0.2741
7892 1.4155
7893 0.5779
7894 6.1639
7895 26.6516
7896 2.4418
7897 0.8588
7898 0.5540
7899 8.3878
7900 0.1864
7901 1.8133
7902 5.9757
7903 0.4576
7904 39.0762
7905 3.7862
7906 2.2557
7907 4.2291
7908 1.1186
7909 15.2009
7910 6.3807
7911 0.1065
7912 1.8628
7913 1.8453
7914 3.0686
7915 6.2998
7916 0.5320
7917 2.0179
7918 14.8667
7919 5.4261
7920 1.0705
7921 3.0496
7922 0.9825
7923 7.9484
7924 4.3938
7925 1.5838
7926 2.7958
7927 0.9629
7928 1.7073
7929 3.4284
7930 7.3001
7931 0.2138
7932 1.5399
7933 6.0455
7934 3.8559
7935 1.8379
7936 7.0509
7937 4.9875
7938 11.2522
7939 2.6918
7940 1.9269
7941 10.7736
7942 0.9450
7943 2.1680
7944 8.6172
7945 14.2011
7946 1.0947
7947 5.2564
7948 5.3615
7949 0.3038
7950 10.7104
7951 4.1507
7952 6.6957
7953 8.0406
7954 0.3782
7955 4.3100
7956 0.1905
7957 0.9251
7958 2.5528
7959 0.1944
7960 1.2195
7961 14.4211
7962 3.5397
7963 1.3467
7964 5.1118
7965 8.4188
7966 2.5830
7967 6.1969
7968 0.3487
7969 0.2146
7970 1.9330
7971 2.4845
7972 0.1226
7973 0.9424
7974 6.9755
7975 2.4443
7976 1.1030
7977 5.6559
7978 0.8642
7979 0.7117
7980 1.1592
7981 0.2918
7982 1.0029
7983 4.4557
7984 8.3825
7985 1.8718
7986 2.6527
7987 1.5542
7988 20.8316
7989 5.2213
7990 8.5513
7991 5.0705
7992 6.2479
7993 0.6764
7994 9.7433
7995 0.2174
7996 4.6587
7997 8.2491
7998 2.2400
7999 8.1523
8000 2.6511
8001 0.7370
8002 3.0357
8003 2.2515
8004 1.1268
8005 0.4775
8006 0.2576
8007 2.1060
8008 1.6034
8009 4.7290
8010 2.6187
8011 2.6910
8012 5.1260
8013 3.7209
8014 2.6134
8015 4.0045
8016 11.2962
8017 3.8781
8018 0.4264
8019 6.1413
8020 8.0908
8021 18.8810
8022 15.0090
8023 9.7583
8024 16.6644
8025 5.3294
8026 4.6593
8027 2.0408
8028 3.8324
8029 7.4680
8030 4.2492
8031 2.6835
8032 2.7146
8033 0.8533
8034 0.4463
8035 14.6588
8036 2.3368
8037 7.1392
8038 1.4926
8039 0.4446
8040 0.4139
8041 18.3140
8042 2.0832
8043 4.9008
8044 0.5032
8045 2.1594
8046 0.6112
8047 42.7011
8048 19.3801
8049 1.3656
8050 0.9374
8051 6.5418
8052 1.9801
8053 1.7874
8054 0.4940
8055 2.1802
8056 2.3260
8057   NaN
8058 2.2948
8059 16.8775
8060 0.9982
8061 1.9422
8062 0.9533
8063 1.7969
8064 0.4033
8065 0.3435
8066 3.6690
8067 16.8607
8068 3.8101
8069 1.4015
8070 6.1109
8071 0.4338
8072 0.6989
8073 32.5818
8074 0.9979
8075 0.4455
8076 6.1189
8077 9.2652
8078 0.5854
8079 1.1798
8080 2.2751
8081 5.2208
8082 0.2517
8083 8.0084
8084 2.9053
8085 2.4450
8086 1.1502
8087 20.4341
8088 0.3896
8089 0.4847
8090 2.2795
8091   NaN
8092 12.6420
8093 7.8860
8094 2.4388
8095 3.6405
8096 4.1233
8097 0.3418
8098 1.2069
8099 4.4983
8100 2.9813
8101 6.1659
8102 1.8998
8103 5.3623
8104 1.7558
8105 8.9199
8106 1.2566
8107 3.0214
8108 3.0350
8109 8.1850
8110 4.7995
8111 1.2529
8112 6.0450
8113 14.0081
8114 9.0877
8115 1.2917
8116 13.8033
8117 3.7942
8118 0.7490
8119 5.9438
8120 2.2424
8121 1.0275
8122 0.3757
8123 1.8809
8124 9.6197
8125 5.5340
8126 2.3170
8127 9.4882
8128 1.7224
8129 0.8932
8130 0.7683
8131 0.4280
8132   NaN
8133 2.1741
8134 4.7246
8135 1.0781
8136 8.5281
8137 2.9909
8138 0.5120
8139 1.3114
8140 18.2332
8141 0.2703
8142 9.0723
8143 0.5638
8144 2.9488
8145 1.0757
8146 7.5774
8147 1.0544
8148 10.0034
8149 5.0096
8150 4.9146
8151 0.9603
8152 8.3223
8153 13.1127
8154 1.7243
8155 13.7333
8156 3.8586
8157 1.9333
8158 2.0645
8159 12.8279
8160 13.0954
8161 1.6076
8162 5.6745
8163 0.4175
8164 10.4954
8165 5.1363
8166 0.3996
8167 0.9247
8168 7.0984
8169 0.2511
8170 0.3604
8171 8.0101
8172 3.4485
8173 8.7934
8174 3.5875
8175 19.2443
8176 12.8207
8177 5.8121
8178 0.2789
8179 8.6711
8180 1.4867
8181 3.0039
8182 1.5890
8183 6.3589
8184 1.4348
8185 4.0470
8186 0.0864
8187 9.4043
8188 7.9226
8189 1.2734
8190 7.8765
8191 10.7379
8192 3.2152
8193 4.0241
8194 6.9895
8195 18.0674
8196 1.0064
8197 0.9769
8198 10.0313
8199 3.3792
8200 3.0411
8201 10.1834
8202 0.3188
8203 2.8539
8204 0.6947
8205 8.0198
8206 6.6338
8207 14.2237
8208 8.0687
8209 0.3914
8210 1.1702
8211 2.9087
8212 0.1317
8213 10.6548
8214 0.3889
8215 15.5933
8216 1.9655
8217 8.3086
8218 4.0685
8219 3.4148
8220 2.7845
8221 22.8872
8222 1.4522
8223 8.5702
8224 2.8303
8225 0.7967
8226 1.2734
8227 3.1620
8228 2.1691
8229 0.6786
8230 1.1773
8231 0.3891
8232 1.2948
8233 7.5730
8234 8.7349
8235 0.1812
8236 0.7473
8237 0.1328
8238 1.9534
8239 2.8612
8240 37.7497
8241 0.5703
8242 7.2423
8243 14.9442
8244 6.1792
8245 12.4637
8246 4.2600
8247 0.2028
8248 0.2123
8249 3.1366
8250 4.2311
8251 1.2439
8252 1.3741
8253 2.2013
8254 1.2058
8255   NaN
8256 0.8673
8257 0.6770
8258 2.4933
8259 2.2745
8260 11.3705
8261 3.5668
8262 0.3093
8263 5.6003
8264 1.0796
8265 10.2496
8266 0.2420
8267 0.8894
8268 1.1844
8269 0.2896
8270 0.9065
8271 0.5625
8272 12.0271
8273 0.5841
8274 2.2091
8275 10.0149
8276 1.5938
8277 3.8363
8278 3.0706
8279 10.8378
8280 6.2952
8281 0.1640
8282 16.7371
8283 3.4752
8284 7.3891
8285 4.8312
8286 3.3074
8287 20.2516
8288 1.2771
8289 0.6514
8290 0.2141
8291 2.1072
8292 0.7548
8293 4.4427
8294 10.3134
8295 3.2982
8296 0.4116
8297 4.4732
8298   NaN
8299 0.7284
8300 9.1174
8301 5.2794
8302 1.1737
8303 8.0363
8304 2.7617
8305 0.2857
8306 3.9602
8307 6.1637
8308 2.8435
8309 0.5145
8310 7.8911
8311 2.4707
8312 2.4496
8313 11.5468
8314 0.0906
8315 4.2507
8316 5.5134
8317 0.6561
8318 1.3083
8319 1.5643
8320 2.1515
8321 0.2549
8322 3.7796
8323 12.0325
8324 9.3774
8325 1.9120
8326 1.0618
8327 4.8670
8328 0.3828
8329 0.1926
8330 4.2423
8331 2.3109
8332 1.4659
8333 0.2459
8334 13.0902
8335 0.4033
8336 10.6502
8337 7.8387
8338 14.3671
8339 1.7188
8340 8.3637
8341 1.7526
8342 1.1464
8343 1.6252
8344 2.6664
8345 4.1997
8346 0.6784
8347 25.2816
8348 2.4642
8349 1.0265
8350 8.4116
8351 0.5383
8352 0.2972
8353 0.2014
8354 8.8047
8355 10.5882
8356 1.1763
8357 1.9887
8358 5.9524
8359 10.7046
8360 14.5166
8361 4.3647
8362 3.6287
8363 11.4861
8364 9.0144
8365 0.4149
8366 9.4004
8367 7.9066
8368 1.1492
8369 6.6179
8370 6.6690
8371 7.2505
8372 0.3297
8373 0.7504
8374 2.7826
8375 0.5965
8376 2.7411
8377 1.3271
8378 2.1875
8379 3.5629
8380 2.8510
8381 2.1376
8382 5.8046
8383 4.1814
8384 0.3235
8385 1.3598
8386 9.6806
8387 5.1978
8388 0.5644
8389 3.9823
8390 1.7310
8391 2.3585
8392 0.8054
8393 0.3967
8394 0.4699
8395 1.1061
8396 1.3375
8397 13.3616
8398 1.2163
8399 5.8368
8400 3.1731
8401 0.5481
8402 1.5045
8403 2.7796
8404 3.6230
8405 5.7065
8406 2.7184
8407 1.3635
8408 1.9582
8409 1.5687
8410 1.5633
8411 9.2345
8412 3.3550
8413 1.4189
8414 3.6556
8415 0.7652
8416 1.2888
8417 2.6944
8418 3.5348
8419 4.1132
8420 5.1564
8421 4.1926
8422 13.4767
8423 5.3857
8424 0.4572
8425 3.4256
8426 1.3021
8427 2.1697
8428 1.1302
8429 3.0366
8430 1.1396
8431 2.0788
8432 2.9533
8433 7.1703
8434 5.3951
8435 5.7712
8436 1.5809
8437 1.4964
8438 0.1855
8439 8.4727
8440 1.2758
8441 1.8923
8442 0.2972
8443 5.0833
8444 14.5832
8445 2.0182
8446 0.2174
8447 2.1590
8448 5.9915
8449 0.8072
8450 0.8013
8451 0.2999
8452 1.2335
8453 0.9120
8454 3.4334
8455 10.4589
8456 3.2503
8457 0.7214
8458 7.5688
8459 7.8851
8460 1.8459
8461 0.8898
8462 2.2670
8463 0.5364
8464 7.9895
8465 4.5418
8466 2.0544
8467 1.6271
8468 16.6238
8469 1.2527
8470 2.3775
8471 5.3511
8472 12.3098
8473 5.4952
8474 4.7343
8475 0.9639
8476 2.0416
8477 0.7408
8478 1.9967
8479 1.4415
8480 3.7485
8481 17.2937
8482 5.2759
8483 0.1200
8484 4.5679
8485 7.5941
8486 2.4681
8487 2.6925
8488 5.0962
8489 0.3771
8490 5.8798
8491 9.5409
8492 2.0796
8493 0.1066
8494 1.4356
8495 2.6622
8496 1.3931
8497 9.9663
8498 0.6934
8499 6.5511
8500 7.0856
8501 26.1045
8502 4.4877
8503 8.8150
8504 3.1807
8505 1.3377
8506 9.3967
8507 3.9917
8508 17.3847
8509 0.8409
8510 9.3105
8511 4.2305
8512 9.2877
8513 0.4272
8514 2.8418
8515 0.7616
8516 3.8920
8517 1.7245
8518 0.6743
8519 0.5040
8520 0.2548
8521 3.1727
8522 7.1398
8523 10.0503
8524 5.3386
8525 0.4510
8526 0.3219
8527 2.0499
8528 4.3623
8529 4.2758
8530 15.5879
8531 0.2083
8532 1.7111
8533 3.8223
8534 8.8558
8535 25.3320
8536 21.0886
8537 1.5935
8538 6.1703
8539 14.7252
8540 1.3547
8541 1.2477
8542 3.5074
8543 3.3270
8544 4.1338
8545 0.9090
8546 8.2602
8547 0.9915
8548   NaN
8549 0.6995
8550 0.3319
8551   NaN
8552 0.6593
8553 1.7149
8554 0.9313
8555 0.7715
8556 2.1739
8557 0.4745
8558 2.2196
8559 1.9962
8560 0.8684
8561 0.3076
8562 12.0644
8563 0.7516
8564 0.4681
8565 5.6275
8566 8.8165
8567 2.4250
8568 1.8897
8569 9.0361
8570 9.9700
8571 1.2485
8572 10.4181
8573 0.6607
8574 1.4235
8575 5.4935
8576 0.2296
8577 1.0845
8578 0.8893
8579 6.3168
8580 1.3185
8581 0.3071
8582 0.4668
8583 5.9636
8584 1.6657
8585 3.4576
8586 1.2329
8587 1.5880
8588 0.2231
8589 7.1690
8590 8.5403
8591 2.2627
8592 8.7955
8593 8.7699
8594 6.5510
8595 0.1944
8596 5.2688
8597 18.7163
8598 9.0271
8599 2.0981
8600 8.2725
8601 3.2835
8602 5.2026
8603 1.2622
8604 0.6786
8605 0.2894
8606 4.4999
8607 6.8044
8608 0.3598
8609 2.1324
8610 0.6819
8611 2.1569
8612 0.9982
8613 15.1540
8614 7.9163
8615 1.4896
8616 5.4426
8617 3.4981
8618 0.5469
8619 4.6173
8620 14.2031
8621 1.5331
8622 0.9222
8623 1.8583
8624 0.5267
8625 7.1896
8626 6.0967
8627 0.1406
8628 2.4950
8629 0.7390
8630 0.5671
8631 7.5085
8632 0.5430
8633 9.2173
8634 22.6699
8635 5.6409
8636 7.3978
8637 0.1677
8638 9.8799
8639 3.3226
8640 4.5579
8641 17.3531
8642 0.2890
8643   NaN
8644 2.6651
8645 3.2057
8646 0.6321
8647   NaN
8648 1.4368
8649 0.6295
8650 13.3748
8651 0.7425
8652 0.1284
8653 4.6028
8654 2.4223
8655 1.2931
8656 6.3969
8657 1.7323
8658 1.0928
8659 3.8311
8660 1.5608
8661 1.9081
8662 1.9164
8663 2.6228
8664 2.2555
8665 0.2577
8666 6.1461
8667 6.0763
8668 4.7843
8669 5.6433
8670 3.6386
8671 2.2870
8672 6.6036
8673 8.1721
8674 1.5372
8675 0.7567
8676 2.5923
8677 1.8294
8678 0.4532
8679 0.6038
8680 0.1379
8681 0.1307
8682 0.9650
8683 22.8792
8684 4.1986
8685 3.4670
8686 2.8869
8687 12.1245
8688 13.3661
8689 4.6514
8690 0.2717
8691 1.1739
8692 0.5207
8693 11.7064
8694 0.1309
8695 3.2639
8696 5.1765
8697 6.1497
8698 7.7773
8699 6.5665
8700 1.0971
8701 9.5907
8702 0.8798
8703 0.3429
8704 0.3585
8705 0.4768
8706 6.5902
8707 1.3793
8708 1.4675
8709 4.1399
8710 5.0420
8711 3.6105
8712 1.2026
8713 1.8364
8714 9.2600
8715 4.5320
8716 1.4517
8717 1.6612
8718 8.9029
8719 0.8524
8720 0.9704
8721 0.8480
8722 0.3139
8723 14.8954
8724 0.4094
8725 0.7708
8726 0.4132
8727 7.1770
8728 6.2806
8729 17.4968
8730 15.9238
8731 3.7935
8732 5.0132
8733 2.9421
8734 4.8360
8735 4.8329
8736 0.6331
8737 4.3112
8738 0.9441
8739 9.2193
8740 11.1825
8741 14.8520
8742 11.7221
8743 1.2113
8744 32.1845
8745 3.2799
8746 2.1539
8747 7.0396
8748 1.6045
8749 2.6856
8750 2.8074
8751 0.8992
8752 1.7197
8753 10.1620
8754 1.8344
8755 0.4429
8756 10.1368
8757 1.9084
8758 0.1448
8759 0.3003
8760 0.6693
8761 1.6656
8762 2.8540
8763 4.7784
8764 0.7833
8765 8.2207
8766 8.9780
8767 6.4692
8768 1.8055
8769 4.0898
8770 1.8375
8771 9.0291
8772 1.8427
8773 4.4754
8774 5.9227
8775 5.0419
8776 1.5882
8777 0.8634
8778 0.1022
8779 3.0582
8780 20.1622
8781 0.6859
8782 0.2370
8783 0.5296
8784 1.1098
8785 1.1401
8786 3.3534
8787 8.3279
8788 4.0639
8789 2.7010
8790 0.4997
8791 9.3202
8792 7.4009
8793 4.0807
8794 1.9552
8795 11.2009
8796 0.6190
8797 2.5955
8798 5.9166
8799 3.3052
8800 14.8284
8801 1.9145
8802 7.8449
8803 2.7671
8804 0.2196
8805 7.0963
8806 8.4184
8807 1.6483
8808 3.2923
8809 2.8682
8810 18.8594
8811 4.3658
8812 7.1906
8813 0.2684
8814 4.3541
8815 2.8161
8816 8.4167
8817 1.9851
8818 10.5477
8819 3.3145
8820 8.8777
8821 3.6696
8822 10.8697
8823 2.6259
8824 7.4652
8825 16.3371
8826 0.2436
8827 1.3532
8828 1.2751
8829 10.2199
8830 0.7257
8831 9.1011
8832 1.6175
8833 6.5820
8834 0.4455
8835 0.6923
8836 10.7523
8837 8.9690
8838 0.4969
8839 0.3336
8840 17.9174
8841 3.0554
8842 5.4550
8843 1.2072
8844 7.7306
8845 12.7574
8846 8.3680
8847   NaN
8848 0.5299
8849 0.2811
8850 4.1295
8851 21.8986
8852 12.9046
8853 0.4796
8854 14.6943
8855 0.4658
8856 0.6402
8857 1.7706
8858 0.9155
8859 0.1503
8860 1.9546
8861 0.8740
8862 2.7466
8863 8.5695
8864 13.6860
8865 0.7958
8866 0.5755
8867 0.6028
8868 3.9236
8869 0.4705
8870 1.8294
8871 2.6543
8872 1.4043
8873 5.9182
8874 1.4913
8875 3.5702
8876 19.2871
8877 2.9165
8878 3.0055
8879 6.4387
8880 0.3198
8881 1.2892
8882 9.1876
8883 1.5732
8884 4.3687
8885 2.8938
8886 2.2355
8887 6.2671
8888 26.1736
8889 4.4853
8890 1.2883
8891 4.2532
8892 8.0024
8893 7.1804
8894 3.5031
8895 8.9577
8896 6.3209
8897 3.1322
8898 5.1582
8899 8.8848
8900 11.4325
8901 3.3127
8902 6.9124
8903 14.4560
8904 5.2157
8905 0.1042
8906 3.8860
8907 0.1512
8908 5.3858
8909 8.0035
8910 10.9408
8911 5.8110
8912 7.7747
8913 3.6012
8914 5.3289
8915 1.1804
8916 3.9555
8917 2.5172
8918 5.1852
8919 2.2947
8920 6.1268
8921 0.5225
8922 4.1324
8923 1.0858
8924 3.8604
8925 3.1836
8926 0.7292
8927 0.5036
8928 2.7272
8929 5.7481
8930 3.2396
8931 1.4787
8932 7.1509
8933 3.5405
8934 2.5869
8935 1.4411
8936 1.9102
8937 0.4091
8938 5.2268
8939 4.3525
8940 15.0414
8941 3.5691
8942 12.2149
8943 8.9240
8944 0.5742
8945 2.7585
8946 7.1461
8947 0.3085
8948 2.7643
8949 3.8935
8950 7.6468
8951 5.7492
8952 0.3876
8953 7.0907
8954 0.3440
8955 14.5584
8956 0.7873
8957 0.3447
8958 0.3335
8959 11.7169
8960 11.9775
8961 5.9200
8962 8.0238
8963 0.7660
8964 1.9217
8965 4.6497
8966   NaN
8967 2.2845
8968 0.4174
8969 11.0926
8970 0.3399
8971 3.0319
8972 1.5593
8973 0.5438
8974 0.6577
8975 0.4309
8976 6.7590
8977 6.3164
8978 4.7620
8979 2.1195
8980 0.2163
8981 3.8364
8982 1.7462
8983 9.4611
8984 1.7993
8985 0.9439
8986 2.0077
8987 2.8742
8988 4.4553
8989 3.8260
8990 2.8137
8991 12.5443
8992 4.7544
8993 2.3602
8994 5.1362
8995 2.7257
8996 0.5739
8997 16.5104
8998 2.4372
8999 0.1421
9000 0.4187
9001 5.7580
9002 1.2613
9003 11.7869
9004 1.8445
9005 26.4008
9006 3.8822
9007 2.1478
9008 0.9251
9009 0.7535
9010 1.4173
9011 2.3883
9012 9.6914
9013 2.2393
9014 1.4973
9015 2.0938
9016 6.9513
9017 0.9473
9018 1.7173
9019 7.4681
9020 5.1745
9021 1.4934
9022 9.8348
9023 3.1649
9024 1.4459
9025 1.8515
9026 3.2430
9027 0.9572
9028 7.0676
9029 7.4998
9030   NaN
9031 1.0760
9032 8.7163
9033 0.9163
9034 6.8682
9035 3.9454
9036 0.8022
9037 2.4866
9038 0.2629
9039 2.5760
9040 13.1850
9041 8.1908
9042 12.3639
9043 0.3071
9044 2.3063
9045 0.1480
9046 4.3719
9047 1.8158
9048 2.0246
9049 7.7442
9050 0.7479
9051 6.5140
9052 1.3849
9053 1.1863
9054 8.1492
9055 10.3834
9056 0.1001
9057 2.4289
9058 0.4544
9059 1.6598
9060 5.0528
9061 9.5342
9062 1.8259
9063 2.6222
9064 0.5233
9065 16.0801
9066 3.6135
9067 17.3125
9068 0.1787
9069 0.4971
9070 2.0496
9071 12.8346
9072 7.0299
9073 2.4450
9074 10.8191
9075 0.2699
9076 1.5499
9077 0.5719
9078 1.9714
9079 7.2039
9080 2.1621
9081 6.3579
9082 1.8382
9083 9.1311
9084 4.0541
9085 3.8100
9086 10.3625
9087 5.5261
9088 16.0738
9089 0.8447
9090 2.3599
9091 0.6084
9092 0.3608
9093 1.2320
9094 0.8846
9095 2.1292
9096 0.5858
9097 3.0061
9098 2.8387
9099 9.4083
9100 4.4878
9101 6.4509
9102 1.2442
9103 0.6579
9104 15.3302
9105 0.7771
9106 6.9569
9107 9.2186
9108 2.9360
9109 11.2116
9110 3.2766
9111 2.9138
9112 0.4381
9113 8.3344
9114 3.1056
9115 4.8049
9116 2.0108
9117 3.3193
9118 0.4983
9119 5.1151
9120 1.7531
9121 5.2140
9122 1.6108
9123 5.5599
9124 7.5566
9125 1.5944
9126 3.5185
9127 15.2569
9128 1.1700
9129 9.1207
9130 1.2816
9131 2.8053
9132 3.4581
9133 0.9802
9134 1.7047
9135 5.4747
9136 1.1003
9137 13.7278
9138 5.8882
9139 3.7897
9140 7.4357
9141 3.7833
9142 5.2526
9143 13.8812
9144 0.7179
9145 18.4290
9146 3.4252
9147 5.4111
9148 13.0419
9149 1.1669
9150 0.2515
9151   NaN
9152 1.0763
9153 2.2413
9154 5.1420
9155 8.2726
9156 9.2540
9157 10.1976
9158 0.7585
9159 0.7742
9160 0.9535
9161 14.5937
9162 10.6066
9163 1.1402
9164 1.1121
9165 3.4739
9166 12.7444
9167 4.3384
9168 7.0945
9169 8.0688
9170 7.4858
9171 0.7311
9172 1.8573
9173 1.1927
9174 5.2390
9175 3.0282
9176 0.2290
9177 2.1304
9178 1.0254
9179 1.3786
9180 9.0432
9181 6.2353
9182 7.3043
9183 2.4191
9184 11.4553
9185 25.6489
9186 1.7751
9187 11.0463
9188 2.2965
9189 0.1885
9190 7.0337
9191 10.8448
9192 3.5318
9193 3.5631
9194 4.7131
9195 0.2881
9196   NaN
9197 9.8980
9198 3.7406
9199 1.8024
9200 0.4290
9201 6.1564
9202 0.2683
9203 0.6850
9204 5.6430
9205 1.1404
9206 2.9034
9207 15.3012
9208 0.4176
9209 0.3009
9210 0.1973
9211 3.2674
9212 0.6439
9213 0.2389
9214 1.4302
9215 25.8419
9216 2.8351
9217 0.2453
9218 1.4807
9219 9.6309
9220 12.0545
9221 1.3275
9222 4.6402
9223 1.6455
9224 3.2122
9225 0.1132
9226 11.9454
9227 6.2883
9228 4.3905
9229 0.3490
9230 3.2220
9231 1.8870
9232 0.4517
9233 18.1735
9234 1.4686
9235 0.1444
9236 1.7874
9237 10.4497
9238 4.2809
9239 3.3974
9240 8.1527
9241 6.6914
9242 2.3787
9243 0.4403
9244 0.9135
9245 1.6955
9246 0.4431
9247 0.7276
9248 0.2892
9249 3.6776
9250 1.5739
9251 0.5612
9252 0.5491
9253 0.6851
9254 0.4116
9255 0.7605
9256 6.8364
9257 2.0137
9258 1.7712
9259 11.1583
9260 1.5731
9261 1.5646
9262 11.1820
9263 11.6568
9264 9.2817
9265 2.0308
9266 1.4916
9267 0.6620
9268 0.0977
9269 0.8196
9270 2.8683
9271 9.6120
9272 1.0049
9273 3.1212
9274 1.1576
9275 0.2087
9276 5.6644
9277 8.7652
9278 2.2795
9279 0.9548
9280 11.1710
9281 2.0734
9282 3.0246
9283 0.0904
9284 14.7680
9285 4.7535
9286 1.2444
9287 9.0213
9288 0.1607
9289 17.9217
9290 10.0249
9291 2.2291
9292 3.2705
9293 1.0864
9294 4.9991
9295 0.2581
9296 19.2921
9297 1.3393
9298 12.3879
9299 0.3518
9300   NaN
9301 4.5460
9302 1.1708
9303 12.2296
9304 5.7537
9305 5.5606
9306 8.7119
9307 10.3404
9308 6.3008
9309 1.6893
9310 3.2425
9311   NaN
9312 0.5289
9313 14.8595
9314 6.1001
9315 1.9175
9316 7.3190
9317 2.5279
9318 4.5847
9319 0.6306
9320 6.2909
9321 4.8776
9322 1.4636
9323 0.3926
9324 2.5360
9325 13.5569
9326 1.8210
9327 5.2898
9328 4.8585
9329 1.5336
9330 2.8444
9331 8.7276
9332 16.6456
9333 11.5963
9334 0.2371
9335 1.7818
9336 4.1080
9337 1.6370
9338 1.5141
9339 0.7161
9340 1.2619
9341 0.1795
9342 12.8276
9343 1.1389
9344 11.9908
9345 11.1822
9346 14.2972
9347 0.9236
9348 1.0068
9349 0.2239
9350 0.3876
9351 3.2611
9352 0.8912
9353 6.3866
9354 0.1741
9355 1.9051
9356 1.9664
9357 6.4334
9358 0.6437
9359 4.8192
9360 3.4975
9361 0.5259
9362 1.5130
9363 18.7084
9364 3.2384
9365 2.3757
9366 6.9022
9367 1.3321
9368 0.3103
9369 20.7967
9370 2.2798
9371 1.4151
9372 0.6671
9373 2.7048
9374 8.1906
9375 15.4086
9376 1.7624
9377 0.6590
9378 3.2708
9379 1.7073
9380 29.5725
9381 0.4017
9382 1.5370
9383 9.8589
9384 0.5289
9385 0.0875
9386 1.7813
9387 0.1217
9388 1.7725
9389 1.2446
9390 2.4863
9391 0.3270
9392 2.6314
9393 4.0881
9394 5.4782
9395 1.1455
9396 7.3840
9397 10.7188
9398 23.6858
9399 13.3135
9400 0.3314
9401 9.1232
9402 0.5324
9403 1.1820
9404 0.9678
9405 14.8277
9406 0.7909
9407 5.6175
9408 8.8872
9409 6.6460
9410 0.3631
9411 1.4387
9412 0.4155
9413 3.3543
9414 13.6937
9415 1.3685
9416 4.2915
9417 2.7817
9418 7.9924
9419 3.9921
9420   NaN
9421 1.0430
9422 1.9233
9423 9.0687
9424 2.4530
9425 13.3858
9426 0.3261
9427 3.7151
9428 1.2515
9429 6.0700
9430 0.5419
9431 4.6946
9432 0.3431
9433 0.4175
9434 21.0106
9435 0.6097
9436 5.5917
9437 9.3209
9438 3.0685
9439 1.2842
9440 0.7143
9441 3.3856
9442 4.0818
9443 1.7432
9444 2.1239
9445 5.3554
9446   NaN
9447 0.9531
9448 0.3703
9449 3.4105
9450 2.9365
9451 0.2181
9452 2.8430
9453 1.2035
9454 1.3096
9455 1.3552
9456 0.8032
9457 5.5134
9458 1.6713
9459 4.8509
9460 0.6693
9461 6.6155
9462 8.3454
9463 1.5556
9464 4.4260
9465 0.4159
9466 5.0538
9467 4.6323
9468 1.0769
9469 6.2820
9470 0.1418
9471 1.6624
9472 2.2495
9473 1.0129
9474 10.5562
9475 0.8375
9476 16.1369
9477 3.9274
9478 3.1456
9479 1.9249
9480 9.3625
9481 0.8933
9482 1.0841
9483 0.8854
9484 1.3834
9485 0.1071
9486 4.6347
9487 1.6494
9488 14.3757
9489 2.7300
9490 3.3896
9491 19.6278
9492 0.5352
9493 4.0644
9494 15.1454
9495 0.7432
9496 2.3972
9497 6.5043
9498 2.9627
9499 7.1588
9500 3.0589
9501 10.7115
9502 2.7910
9503 1.2572
9504 7.0349
9505 14.4210
9506 7.5424
9507 9.6710
9508 0.1860
9509 0.7750
9510 2.8887
9511 1.6932
9512 3.4727
9513 1.0310
9514 0.2710
9515 6.8299
9516 2.9823
9517 1.0139
9518 7.6200
9519 5.1368
9520 9.3465
9521 20.2814
9522 9.3530
9523 3.9701
9524 13.6160
9525 17.0029
9526 1.7432
9527 8.9643
9528 3.7635
9529 2.7397
9530 3.8780
9531 6.3730
9532 12.1450
9533 1.7123
9534 9.4190
9535 15.9129
9536 4.3216
9537 11.4708
9538 2.6290
9539 2.8590
9540 17.6321
9541 5.6450
9542 0.7362
9543 11.2689
9544 17.4918
9545 2.2431
9546 2.7023
9547 0.3362
9548 3.5571
9549 7.2360
9550 2.3625
9551 0.8123
9552 2.2872
9553 8.8465
9554 1.7547
9555 4.3785
9556 1.3075
9557 1.8998
9558 0.4460
9559 0.5427
9560 0.4475
9561 0.5778
9562 7.1243
9563 0.2680
9564 18.1616
9565 1.5056
9566 5.2319
9567 4.6493
9568 6.0475
9569 3.1766
9570 7.6954
9571 15.9986
9572 2.0032
9573 5.4316
9574 8.8495
9575 1.8855
9576 2.5534
9577 4.4188
9578 21.2047
9579 4.3455
9580 14.2081
9581 5.4736
9582 0.6285
9583 9.4112
9584 18.6464
9585 12.4849
9586 1.2705
9587 12.5878
9588 6.8068
9589 0.3919
9590 1.6194
9591 0.3261
9592 6.2881
9593 0.8394
9594 10.4105
9595 0.1040
9596 9.2819
9597 0.7701
9598 2.2186
9599 5.7783
9600 14.4857
9601 19.0994
9602 16.7055
9603 2.0347
9604 0.6380
9605 1.8357
9606 2.6577
9607 0.3168
9608 8.9325
9609 0.2545
9610 0.7434
9611 0.2220
9612 15.1056
9613 5.9613
9614 1.4200
9615 1.5418
9616 1.9177
9617 0.9333
9618 0.7917
9619 1.5565
9620 4.8256
9621 17.6874
9622 4.0431
9623 0.8639
9624 0.5638
9625 22.5086
9626 20.9625
9627 13.9879
9628 0.6507
9629 1.3985
9630 0.3970
9631 14.5024
9632 0.6438
9633 0.3179
9634 35.8491
9635 1.3652
9636 0.5030
9637 14.7616
9638 0.6103
9639 0.6595
9640 9.7564
9641 1.0872
9642 3.1755
9643 5.7400
9644 19.2979
9645 0.8209
9646 2.7786
9647 5.1813
9648 4.9483
9649 0.4872
9650 0.3217
9651 0.5248
9652 4.3195
9653 1.9416
9654 21.6568
9655 1.7478
9656 1.0297
9657 14.5936
9658 20.3472
9659 0.7312
9660 2.3694
9661 7.1875
9662 0.1098
9663 9.9749
9664 0.6886
9665 3.5168
9666 12.8078
9667 19.2246
9668 3.1909
9669 9.0251
9670 0.5473
9671 6.8626
9672 7.1316
9673 0.5364
9674 0.6027
9675 4.4685
9676 12.4403
9677 1.4821
9678 18.9554
9679 0.4042
9680 2.4990
9681 6.6182
9682 0.4132
9683 1.8704
9684 4.2332
9685 0.2105
9686 3.2857
9687 0.8500
9688 2.6947
9689 2.3988
9690 0.3673
9691 0.6789
9692 3.0494
9693 3.4790
9694 4.5994
9695 2.6582
9696 1.2140
9697 0.9045
9698 2.9076
9699 4.4131
9700 6.4741
9701 2.2315
9702 0.5180
9703 0.7881
9704 1.1038
9705 0.2312
9706 2.6524
9707 4.1632
9708 2.0676
9709 9.6119
9710 3.6076
9711 3.2023
9712 12.8679
9713 0.3378
9714 1.3664
9715 6.5646
9716 18.1438
9717 1.2207
9718 8.6801
9719 2.1742
9720 1.9614
9721 4.1618
9722 4.8982
9723 0.3434
9724 1.4623
9725 1.3918
9726 1.5222
9727 0.2913
9728 3.7794
9729 2.0862
9730 9.9635
9731 2.0686
9732 2.2410
9733 1.6417
9734 15.8345
9735 4.7616
9736 1.0546
9737 6.1140
9738 4.8531
9739 0.9016
9740 0.1599
9741 7.0991
9742 10.6053
9743 1.2393
9744 1.7090
9745 1.4983
9746 0.6573
9747 2.6880
9748 2.8806
9749 0.6452
9750 0.8399
9751 1.2473
9752 2.0100
9753 1.8567
9754 19.5969
9755 1.7992
9756 0.3684
9757 0.7154
9758 4.8563
9759 9.5257
9760 0.3292
9761 2.0213
9762 2.1252
9763 0.7851
9764 4.0041
9765 5.2873
9766 0.3022
9767 4.9974
9768 0.8873
9769 8.6109
9770 3.0040
9771 7.9290
9772 11.9577
9773 3.2576
9774 0.6888
9775 5.2101
9776 5.1321
9777 0.6802
9778 3.8582
9779 1.0921
9780 8.2008
9781 14.5474
9782 3.6587
9783 1.4949
9784 11.3121
9785 0.2340
9786 0.8011
9787 5.6716
9788 6.4291
9789 3.7648
9790 5.0759
9791 9.7398
9792 6.6343
9793 4.0070
9794 2.8180
9795 0.9857
9796 0.2899
9797 3.9328
9798 0.6835
9799 17.5140
9800 6.3006
9801 1.7091
9802 6.3601
9803 2.6844
9804 0.3445
9805 4.0712
9806 3.0853
9807 3.2658
9808 1.4194
9809 0.2751
9810 3.6251
9811 1.7906
9812 1.5165
9813 8.6969
9814 0.9238
9815 1.1759
9816 2.6224
9817 0.8402
9818 1.8844
9819 1.4268
9820 5.7148
9821 27.2714
9822 2.9564
9823 0.2185
9824 4.2041
9825 14.7412
9826 5.2326
9827 0.6532
9828 1.7390
9829 6.2337
9830 0.6897
9831 16.4922
9832 3.6217
9833 8.6183
9834 6.5975
9835 3.6388
9836 3.7187
9837 2.9588
9838 10.4364
9839 0.5370
9840 1.1626
9841 11.7415
9842 5.3054
9843 2.9231
9844 1.0973
9845 0.6950
9846 1.1431
9847 0.1483
9848 4.8607
9849 4.1315
9850 10.2358
9851 0.7871
9852 0.7806
9853 9.6401
9854 2.7902
9855 8.1660
9856 5.6404
9857 41.0434
9858 17.6176
9859 10.3176
9860 3.2396
9861 8.5338
9862 4.4421
9863 1.3777
9864 0.8251
9865 1.3379
9866 1.9860
9867 18.4906
9868 1.4069
9869 15.7424
9870 2.9066
9871 14.7635
9872 10.1826
9873 1.0172
9874 0.3177
9875 1.8709
9876 15.3419
9877 1.1389
9878 1.1348
9879 9.9416
9880 20.7062
9881 0.4884
9882 6.5468
9883 0.1361
9884 2.9364
9885 3.2916
9886 12.5177
9887 2.7224
9888 4.4131
9889 0.3247
9890 9.5667
9891 8.2553
9892 2.3751
9893 0.6282
9894 0.1550
9895 7.2619
9896 0.2856
9897 15.9580
9898 5.3231
9899 0.9764
9900 0.4219
9901 1.8661
9902 2.7766
9903 4.6412
9904 1.2808
9905 17.7758
9906 3.6595
9907 10.1497
9908 23.1360
9909 3.4061
9910 9.2183
9911 7.6778
9912 0.4835
9913 0.1867
9914 3.2274
9915 9.6562
9916 2.6157
9917 1.8293
9918 0.9451
9919 11.9491
9920 1.4222
9921 0.6333
9922 12.0001
9923 1.0702
9924 4.5945
9925 2.8441
9926 0.9731
9927 2.5221
9928 1.6337
9929 12.7893
9930 1.1459
9931 7.7560
9932 5.0358
9933 0.2240
9934 10.5213
9935 7.8753
9936 2.1182
9937 0.0971
9938 0.2185
9939 1.7106
9940 0.7261
9941 2.1128
9942 3.6571
9943 4.6755
9944 0.4788
9945 0.5338
9946 1.8780
9947 7.7771
9948 6.5827
9949 11.1328
9950 8.0308
9951 5.7369
9952 0.7442
9953 3.2168
9954 1.6771
9955 11.6627
9956 6.3774
9957 15.1186
9958 5.1537
9959 6.1828
9960 0.1120
9961 0.2871
9962 2.1798
9963 0.4535
9964 2.1068
9965 0.5337
9966 2.8900
9967 3.8246
9968 7.6706
9969 3.7996
9970 1.1009
9971 5.6163
9972 3.6769
9973 2.2288
9974 12.2139
9975 4.6821
9976 3.9864
9977 0.7416
9978 1.6753
9979 0.3442
9980 9.3401
9981 21.2115
9982 3.1018
9983   NaN
9984 9.0703
9985 2.9492
9986 2.6701
9987 0.9049
9988 11.7018
9989 4.2240
9990 3.4165
9991 0.9665
9992 13.4034
9993 10.4434
9994 0.5456
9995 1.7021
9996 1.6638
9997 6.5864
9998 17.3402
9999 3.7236
10000 7.2715
