5001 20.1215
5002 12.5702
5003 14.1497
5004 0.2975
5005 3.1107
5006   NaN
5007 11.3085
5008 4.3468
5009 4.4008
5010 7.3989
5011 9.3955
5012 5.6675
5013 5.2760
5014 12.9214
5015 4.7701
5016 11.3067
5017 11.4585
5018 1.3120
5019 11.4169
5020 19.0307
5021 3.0485
5022 17.4672
5023 2.9479
5024 12.5341
5025 0.2007
5026 6.7803
5027 18.7058
5028 16.1341
5029 0.9777
5030   NaN
5031 0.9345
5032 5.1672
5033 20.7173
5034 17.2324
5035 17.4125
5036 14.3015
5037   NaN
5038 9.5653
5039 12.3110
5040 12.5936
5041 5.4580
5042 3.8955
5043 10.9477
5044 21.7250
5045 5.6931
5046 6.5739
5047 11.9674
5048 2.0229
5049 3.2685
5050 15.4606
5051 5.7674
5052 10.1295
5053   NaN
5054 2.6085
5055 8.5320
5056 4.3513
5057 2.1747
5058 5.7297
5059 8.1231
5060 1.4154
5061 0.1820
5062 3.2550
5063 0.3105
5064 6.5087
5065 0.7040
5066 6.0778
5067 0.2265
5068 7.7750
5069 8.8386
5070 23.6013
5071 0.4024
5072 12.9568
5073 15.5328
5074 11.9047
5075   NaN
5076 0.5247
5077 11.3018
5078   NaN
5079 7.7928
5080 43.4830
5081 15.3469
5082 2.5135
5083 2.9139
5084 36.3464
5085 5.2731
5086 4.3338
5087 12.7540
5088 3.9497
5089 0.3525
5090 103.4297
5091   NaN
5092 11.3987
5093 5.4033
5094 3.3735
5095 2.8097
5096 5.5541
5097 0.6272
5098 1.2724
5099 3.7022
5100 10.1206
5101 5.3227
5102 3.6063
5103   NaN
5104 17.6901
5105 9.3727
5106 11.3293
5107 4.2384
5108 2.7620
5109 1.0172
5110 3.8829
5111 19.3002
5112 15.2927
5113 5.0492
5114 2.7226
5115 5.6164
5116 2.2294
5117 6.9535
5118 9.8586
5119 4.9383
5120 1.5924
5121 15.6739
5122 7.0519
5123 0.9254
5124 3.1889
5125 7.3823
5126 2.4469
5127 6.6338
5128 19.1611
5129 3.1173
5130 10.6469
5131 1.2547
5132 4.2063
5133 7.1221
5134 4.8582
5135 2.6547
5136 5.2357
5137 3.8730
5138 1.2537
5139 4.0764
5140 2.8972
5141 12.7701
5142 5.2381
5143 15.3798
5144 4.0401
5145 2.3057
5146 1.2756
5147 2.6394
5148 7.2906
5149 17.4659
5150 5.2443
5151 15.6170
5152 4.2432
5153 5.8703
5154 22.1186
5155 5.0050
5156 10.4365
5157 64.2621
5158 10.2832
5159 8.6449
5160 8.3785
5161 0.8636
5162 3.5086
5163 0.8903
5164 15.3486
5165 1.5753
5166 3.1089
5167 1.4495
5168 6.6285
5169 2.0166
5170 1.7087
5171 2.5435
5172 5.8774
5173 24.6800
5174 1.8329
5175 2.3755
5176 8.1525
5177 1.1764
5178 1.8411
5179 7.8485
5180 4.1744
5181 20.4898
5182 6.0717
5183 2.6411
5184 16.0552
5185   NaN
5186 9.0365
5187 2.7187
5188 22.9092
5189 16.8098
5190 19.9602
5191 20.3397
5192 14.4891
5193 15.4299
5194 0.7051
5195 6.4296
5196   NaN
5197 9.1905
5198 2.4277
5199 13.1487
5200 0.4121
5201 0.8810
5202 9.7142
5203   NaN
5204 5.0640
5205 4.5992
5206 2.2053
5207 9.9882
5208 11.7042
5209 2.9233
5210 9.3443
5211 14.2606
5212 12.6646
5213 0.6602
5214 7.7023
5215 16.8724
5216 0.9129
5217 19.0628
5218 17.4349
5219 0.3256
5220 12.4773
5221 3.6205
5222 331.7542
5223 14.4225
5224 1.8969
5225 10.1323
5226 10.8122
5227 8.2801
5228 1.8941
5229 1.4109
5230   NaN
5231 10.4847
5232 5.6827
5233 4.0033
5234 2.6154
5235 3.6940
5236 11.7036
5237 4.3841
5238 9.7019
5239 7.7201
5240 0.7807
5241 6.0417
5242 3.6521
5243 2.9285
5244 15.5608
5245 2.6984
5246 41.5676
5247 10.3968
5248 7.0497
5249 0.9590
5250 7.5897
5251 17.3782
5252   NaN
5253 1.3974
5254 8.6029
5255 2.7320
5256 15.8956
5257 4.6875
5258 0.9193
5259 24.0345
5260 11.5887
5261 0.8821
5262 15.2339
5263 12.6575
5264 2.7924
5265 9.6635
5266 16.8059
5267 3.4672
5268   NaN
5269 8.2631
5270 5.0579
5271 11.0680
5272 22.2197
5273 1.7788
5274 5.5179
5275   NaN
5276 0.3848
5277 3.4298
5278 3.9541
5279 4.9368
5280 4.8161
5281 8.5347
5282 4.2892
5283 10.0289
5284 22.2512
5285 12.4313
5286 13.3794
5287 6.4804
5288   NaN
5289 10.4280
5290 15.2638
5291 4.2473
5292 15.7062
5293 5.8072
5294 5.4692
5295 28.0763
5296   NaN
5297 2.6368
5298 0.3134
5299 14.2734
5300 4.0856
5301 4.8983
5302   NaN
5303 7.2585
5304 33.5800
5305 5.3312
5306 3.7175
5307 19.5576
5308 0.9718
5309 10.5058
5310 1.8310
5311 4.5327
5312   NaN
5313 15.0658
5314 12.6215
5315 8.4871
5316 10.8916
5317 32.2034
5318 0.6814
5319 3.1766
5320 1.0762
5321 2.0932
5322 9.1044
5323 13.0564
5324 1.6723
5325 15.5024
5326 13.8401
5327 5.6696
5328 5.6879
5329 6.6024
5330 3.1108
5331 4.0567
5332 3.5795
5333 8.4458
5334 9.6122
5335 13.4451
5336 2.3015
5337 7.4349
5338 0.3280
5339 9.6664
5340 3.5095
5341   NaN
5342 8.4149
5343 7.7995
5344 1.1743
5345   NaN
5346 1.1788
5347 1.3172
5348 8.3447
5349 9.6890
5350 20.1028
5351 9.6806
5352 2.5071
5353 24.7561
5354 8.5455
5355 0.7125
5356 9.2447
5357 5.0351
5358 6.5356
5359 21.3454
5360 2.4941
5361 13.3031
5362 2.8354
5363 0.3103
5364 0.3743
5365 14.6153
5366 8.7690
5367 0.6671
5368 1.6768
5369 2.3302
5370 3.2112
5371 29.0210
5372 10.0696
5373 1.2476
5374 9.2292
5375 0.3087
5376 1.4910
5377 11.3278
5378 2.4419
5379 1.6103
5380 8.4425
5381 1.4125
5382 3.6102
5383 6.1698
5384 8.8738
5385 10.0686
5386 7.8936
5387 3.4523
5388 7.2816
5389 52.9427
5390 7.6200
5391 3.4646
5392 14.4628
5393 14.9024
5394 9.4443
5395 0.8597
5396 3.8152
5397 6.6882
5398 7.8053
5399 31.2402
5400 5.6360
5401 7.0517
5402 28.3373
5403 9.0928
5404 0.3353
5405 14.9016
5406 7.1182
5407 8.1005
5408 0.4769
5409 2.5126
5410 8.9152
5411 26.9127
5412 15.7377
5413 4.0015
5414 5.0332
5415 13.5189
5416 3.4217
5417 15.6823
5418 19.5739
5419 8.5623
5420 8.1241
5421 14.0290
5422 18.7067
5423 7.6023
5424 3.8119
5425 18.3649
5426 7.6600
5427 13.0091
5428 14.1322
5429   NaN
5430 305.0420
5431 7.5641
5432 18.8867
5433 1.6239
5434 1.3398
5435 6.9062
5436 12.7125
5437 4.2957
5438 10.9776
5439 20.1808
5440 2.4985
5441 14.4765
5442 2.2522
5443 3.4578
5444 9.3121
5445 3.7109
5446 16.0620
5447 5.9598
5448 11.4024
5449   NaN
5450 1.8066
5451 2.9705
5452 6.8780
5453 3.8287
5454 5.0199
5455 11.0542
5456 10.3509
5457 0.2806
5458 1.6829
5459 1.9169
5460 1.0065
5461 27.5957
5462 6.2641
5463 15.7752
5464 0.7311
5465 41.8486
5466 3.0762
5467 2.4458
5468 9.2428
5469 14.2232
5470 4.0555
5471 2.0519
5472 6.1205
5473 7.6713
5474 9.6605
5475 4.1702
5476 2.4234
5477 1.9096
5478 4.1776
5479 2.1063
5480 2.3844
5481 3.2303
5482 11.8290
5483 0.9109
5484 16.5765
5485 2.1343
5486   NaN
5487 4.1403
5488 9.6751
5489 0.3679
5490 19.8315
5491 13.9640
5492 9.6702
5493 0.3412
5494 8.6476
5495 5.1659
5496 1.1626
5497 2.2525
5498   NaN
5499 8.5572
5500 8.8354
5501 0.5237
5502 2.4971
5503 16.8146
5504 5.6693
5505 7.3792
5506 13.0099
5507 5.5958
5508 1.5873
5509 3.4481
5510 6.4136
5511 3.8968
5512 2.1785
5513 6.9325
5514 16.2410
5515 0.4919
5516   NaN
5517 7.8223
5518 15.6878
5519 12.9385
5520 8.1865
5521 1.6600
5522 11.1774
5523 1.7145
5524 6.6352
5525 11.3128
5526 14.5023
5527 16.7593
5528 0.4458
5529 8.3419
5530 27.9262
5531 12.2638
5532   NaN
5533 28.5916
5534 0.7109
5535 1.5184
5536 17.6468
5537 0.9738
5538 14.3538
5539 13.1117
5540 10.8539
5541 5.1760
5542 4.1364
5543 9.2905
5544 16.3195
5545 11.8104
5546 18.3453
5547 2.9842
5548 4.9653
5549 8.0472
5550 3.2407
5551 0.9829
5552 5.8071
5553 6.5451
5554 10.3206
5555 2.5660
5556 95.8280
5557 16.0277
5558 15.4740
5559 1.1306
5560 0.7872
5561 16.0561
5562 9.5087
5563 6.2969
5564 3.0589
5565 6.8187
5566 4.3628
5567 9.0744
5568 3.3882
5569   NaN
5570 3.3691
5571 2.8231
5572 3.7629
5573 7.9722
5574 3.3579
5575 1.9912
5576 4.4569
5577 0.4184
5578 0.2691
5579 0.6133
5580 8.0468
5581 18.7842
5582 10.3289
5583 8.2027
5584 14.8443
5585 0.4607
5586 1.8852
5587 11.3242
5588 22.8264
5589 2.9848
5590   NaN
5591 17.6776
5592 1.9054
5593 1.1700
5594 1.7446
5595 9.0748
5596 4.0830
5597 2.7445
5598 12.5465
5599 6.4315
5600 11.2901
5601 3.6835
5602 9.7350
5603 0.8656
5604 16.0348
5605 2.2527
5606 0.6471
5607 8.5635
5608 15.4616
5609 18.2795
5610 0.7305
5611 3.5992
5612 0.7325
5613 1.7143
5614 2.6400
5615 14.8063
5616 12.0863
5617 2.7217
5618 0.8330
5619 9.9555
5620 13.6280
5621 11.7998
5622 0.8432
5623 20.1782
5624 6.8604
5625 4.8598
5626 7.2852
5627 19.4598
5628 11.6070
5629 13.3588
5630 17.1350
5631 7.4794
5632 9.8643
5633 1.0145
5634 2.6361
5635 6.5400
5636 5.6150
5637 1.9668
5638 9.4380
5639 13.1954
5640 2.5671
5641 2.4159
5642 8.0285
5643 1.8676
5644 15.4514
5645 16.7424
5646 0.7036
5647 9.0205
5648 4.7874
5649 5.1073
5650 17.0963
5651 13.1071
5652 12.4312
5653 8.4800
5654 9.2745
5655 15.7789
5656 10.5862
5657 6.1837
5658 9.2588
5659 4.9388
5660 13.8507
5661 17.5170
5662 2.3858
5663 9.6873
5664 15.3331
5665 3.0416
5666 3.9413
5667 5.7158
5668 1.7647
5669 3.1307
5670 6.1483
5671 8.5409
5672 14.6073
5673 2.9094
5674 3.7114
5675 0.6440
5676 14.0702
5677 17.3133
5678 18.7296
5679 9.9457
5680 4.9263
5681 15.2058
5682 6.5565
5683 6.2448
5684 3.4451
5685 9.9903
5686 10.0844
5687 5.4576
5688 1.5711
5689 5.0517
5690 1.4188
5691 8.6402
5692   NaN
5693 29.2667
5694   NaN
5695 7.4079
5696 8.3606
5697 20.2896
5698 11.3344
5699 7.1691
5700 1.8411
5701 10.0402
5702 15.5590
5703 9.6678
5704 3.5269
5705 12.5330
5706 5.4119
5707 11.6906
5708 5.3636
5709 9.7278
5710 2.8816
5711 14.6037
5712 9.9655
5713 69.6524
5714 10.3908
5715 1.9376
5716 13.1590
5717 6.7104
5718 4.2129
5719 0.8707
5720 6.5065
5721 14.3974
5722 0.4349
5723 3.7476
5724 0.6085
5725 2.2471
5726 2.1655
5727 11.9211
5728 3.1845
5729 10.3551
5730 7.9849
5731 4.2667
5732 4.1101
5733 7.9381
5734 2.2456
5735 36.1170
5736   NaN
5737 2.8855
5738 2.0677
5739 23.8477
5740 14.2659
5741 17.6782
5742 0.3666
5743 11.0244
5744 4.2916
5745 0.4005
5746 2.1687
5747 0.3572
5748 10.6334
5749 11.0591
5750 9.9204
5751 4.4702
5752 7.8214
5753 1.2577
5754 12.8472
5755 6.1537
5756 20.8718
5757 4.0972
5758 0.3592
5759 4.3418
5760 5.1716
5761 3.1889
5762 12.6330
5763 11.6849
5764 9.8364
5765 28.6562
5766 1.2822
5767 4.2315
5768 10.1332
5769 17.5675
5770 17.5623
5771 18.6114
5772 13.4511
5773 1.2947
5774 10.4731
5775 0.8616
5776 11.3120
5777 0.3926
5778 2.7703
5779 23.5767
5780 1.3696
5781 0.6082
5782 1.0086
5783 12.7518
5784 12.4026
5785 4.8768
5786 5.9945
5787 2.1847
5788 0.4223
5789 1.4606
5790 0.6694
5791 10.4778
5792 2.2615
5793 5.2937
5794 4.8389
5795 5.8833
5796 15.4433
5797 4.1616
5798 7.1914
5799 6.0617
5800 17.5347
5801 8.0460
5802 0.1609
5803 0.9264
5804 4.9572
5805 3.9547
5806 9.8229
5807 3.9691
5808 5.0973
5809 8.6745
5810 4.1546
5811 3.6729
5812 5.3706
5813 1.2529
5814 17.2864
5815 15.4274
5816 9.8249
5817 9.1086
5818 2.7845
5819 2.7952
5820 2.2202
5821 4.4737
5822 15.2296
5823 0.5680
5824   NaN
5825 0.7274
5826 4.9380
5827 1.1539
5828 16.7050
5829 17.5566
5830 8.7434
5831 5.2014
5832 4.0818
5833 15.8019
5834 8.3042
5835 1.7297
5836 5.9369
5837 3.4054
5838 4.6728
5839 0.4825
5840 9.5595
5841 8.6495
5842 5.0984
5843 6.1283
5844 1.1368
5845 6.3556
5846 2.9529
5847 1.1023
5848 5.3539
5849   NaN
5850 17.3437
5851 15.5990
5852 8.3524
5853 5.2722
5854 7.3268
5855 7.9361
5856   NaN
5857 0.4948
5858 1.3932
5859 2.2096
5860 8.6693
5861 15.8284
5862 8.4887
5863 13.7395
5864 7.8056
5865 35.3813
5866 5.3480
5867 8.4672
5868 6.7061
5869 2.8308
5870 60.7793
5871 15.3287
5872 7.8360
5873 6.4937
5874 13.8178
5875 0.9584
5876 7.9651
5877 21.0978
5878 1.5623
5879 1.9560
5880 1.2373
5881 16.1376
5882 17.6343
5883 2.3457
5884 4.7033
5885 17.5085
5886 8.9731
5887 6.7155
5888 1.3620
5889 3.3933
5890 9.7448
5891 2.4562
5892 1.9026
5893 1.2815
5894 1.6555
5895 14.6828
5896 1.6747
5897 10.2221
5898 5.5803
5899 16.0075
5900 1.8426
5901 1.9013
5902 5.5818
5903 7.0422
5904 5.8277
5905 3.2933
5906 1.0736
5907 0.7515
5908 9.2021
5909 4.0492
5910 1.3437
5911 1.9064
5912 14.1696
5913 8.2038
5914 0.1791
5915 1.7551
5916 12.5115
5917 13.5374
5918 2.5049
5919 8.7960
5920 16.2320
5921 9.8602
5922 3.0900
5923 13.5017
5924 3.1652
5925 3.4722
5926 14.2868
5927 1.1916
5928   NaN
5929 6.5921
5930 7.4475
5931 11.9799
5932 12.8757
5933 15.4932
5934 2.5981
5935 9.7030
5936 1.2600
5937 5.0661
5938 7.8807
5939   NaN
5940 2.1992
5941 24.3623
5942 2.5091
5943 6.7337
5944 3.4834
5945 4.6586
5946 8.5953
5947 4.5949
5948 14.6393
5949 9.8774
5950 0.6309
5951 7.0854
5952 5.6507
5953   NaN
5954   NaN
5955 4.2145
5956 5.3624
5957   NaN
5958 1.9758
5959 0.5868
5960 20.7217
5961 3.3726
5962 6.1426
5963 0.7660
5964 1.5124
5965 6.1942
5966 0.7507
5967 1.8384
5968   NaN
5969 8.6482
5970 40.7294
5971   NaN
5972 13.1501
5973 2.4398
5974 15.3658
5975 3.7852
5976 1.3110
5977 2.5201
5978 12.3555
5979 4.2109
5980 8.2101
5981 19.6058
5982 0.8242
5983 0.5648
5984 2.8750
5985 9.3387
5986 16.7477
5987 5.4558
5988 9.5479
5989 18.0438
5990 10.6546
5991   NaN
5992   NaN
5993 4.3930
5994 5.9556
5995 2.3029
5996 2.0348
5997 6.5940
5998 12.3207
5999 7.2777
6000 5.0518
6001 10.8772
6002 25.0676
6003 15.0692
6004 1.0255
6005 15.9817
6006 6.3327
6007 0.7802
6008 9.1626
6009 6.9808
6010 6.0638
6011 5.2015
6012 4.4690
6013 4.2086
6014 4.1326
6015 7.8961
6016 16.6859
6017 5.7974
6018 6.0392
6019 2.5603
6020 15.4737
6021 4.9023
6022 3.5700
6023 4.2529
6024 6.2754
6025 1.7301
6026 4.6864
6027 12.5856
6028 3.9398
6029 4.9086
6030 16.8246
6031 13.9213
6032 11.3793
6033 4.8456
6034 2.5107
6035 11.1176
6036 11.1756
6037 4.0075
6038 3.4541
6039 19.6676
6040 25.3306
6041 2.4258
6042 29.7547
6043 15.7225
6044 12.7200
6045   NaN
6046 20.6723
6047 10.3227
6048 12.5915
6049 5.1786
6050 1.0210
6051 1.7801
6052 5.3031
6053 13.1050
6054 5.9478
6055 3.8595
6056 8.5540
6057 4.3879
6058   NaN
6059 4.5574
6060 1.0417
6061 1.1406
6062 13.5853
6063 10.0531
6064 8.4192
6065 2.5904
6066 2.5233
6067 19.9521
6068 11.9133
6069 2.3320
6070 4.8295
6071 6.8368
6072 1.0201
6073 7.0245
6074 12.5251
6075 10.0791
6076 6.1518
6077 6.9131
6078 0.6779
6079 7.4224
6080 4.5619
6081 15.0392
6082 6.2826
6083 6.5889
6084 0.9808
6085 2.9636
6086 11.2431
6087 3.7266
6088 4.3924
6089 1.2173
6090 6.8196
6091 4.9334
6092 7.0831
6093 12.8705
6094 3.5817
6095 4.7231
6096 0.8062
6097 3.6088
6098 4.6849
6099 0.1480
6100 3.2419
6101 2.7523
6102 7.9081
6103 17.3731
6104 1.0833
6105 8.7893
6106 7.8198
6107 12.0164
6108 17.8386
6109 17.1309
6110 12.8065
6111 4.2615
6112 5.8454
6113 8.3308
6114 7.4081
6115 3.1517
6116 36.1763
6117 4.5606
6118 4.7938
6119 1.1190
6120 337.6275
6121 10.3682
6122 30.9328
6123 15.0955
6124   NaN
6125 11.0638
6126 13.2579
6127 9.4712
6128 7.2210
6129 6.8759
6130 4.6864
6131 7.5959
6132 6.3236
6133 13.4722
6134 13.3157
6135 10.5960
6136 0.5071
6137 6.8584
6138 5.8809
6139 2.0911
6140 18.2432
6141 2.6112
6142 14.3230
6143 13.6180
6144 2.0730
6145 18.7898
6146 9.2245
6147 2.3912
6148 21.7576
6149 5.5081
6150 3.8700
6151 29.7878
6152 12.8670
6153 4.5796
6154 1.5465
6155 9.3222
6156 9.2693
6157 1.4024
6158 19.6131
6159 13.9268
6160 2.2366
6161 0.7239
6162 8.8002
6163 12.4990
6164 5.2522
6165 103.2510
6166 15.6272
6167 3.9986
6168 18.9069
6169 7.6226
6170 5.5389
6171 8.2366
6172 3.7463
6173 4.6636
6174 0.4435
6175 0.3089
6176 2.9518
6177 5.2434
6178 19.3654
6179 7.8178
6180 11.3471
6181 18.1906
6182 2.3424
6183 7.2510
6184 8.4319
6185 2.8760
6186 1.9358
6187   NaN
6188 11.2667
6189 7.6651
6190 8.3417
6191 3.2566
6192 6.8146
6193 4.4804
6194 4.9099
6195 10.0378
6196 15.2515
6197 6.4160
6198 2.6932
6199 7.0435
6200 102.5249
6201 11.5355
6202 5.3968
6203 4.8028
6204 3.1241
6205 6.6273
6206 0.7401
6207 10.4213
6208 4.0579
6209 16.1548
6210 0.4481
6211 8.0772
6212 7.8130
6213 5.9537
6214 7.9003
6215 2.2094
6216 5.1915
6217 27.0475
6218 3.3866
6219 3.7334
6220 14.4806
6221 3.4132
6222 12.4344
6223 2.0239
6224 2.0199
6225 11.6773
6226 10.4840
6227 3.2012
6228 1.4994
6229 14.3924
6230 0.2900
6231 21.9255
6232   NaN
6233 4.3568
6234 0.3271
6235 8.1136
6236 0.6911
6237 0.4927
6238 19.1359
6239 12.8569
6240 0.1890
6241 0.3319
6242 3.1575
6243 13.1986
6244 3.5469
6245 15.7816
6246 1.6227
6247 8.9371
6248 5.9175
6249 7.4939
6250 2.1276
6251 6.5745
6252 6.8295
6253   NaN
6254 1.5634
6255 17.3896
6256 3.0047
6257 4.5304
6258 0.7357
6259 13.1728
6260 9.1552
6261 2.8845
6262 4.3119
6263 0.5912
6264 5.5669
6265 25.6337
6266 2.4229
6267 2.5262
6268 9.9406
6269 11.5684
6270 5.8929
6271 2.3391
6272 2.4866
6273 14.6491
6274 13.3129
6275 8.5765
6276 18.9600
6277 15.0133
6278 2.6673
6279 5.0426
6280 1.4500
6281 4.8663
6282 13.6413
6283 4.6639
6284 16.2233
6285 6.7425
6286 16.1600
6287 14.0248
6288 1.1385
6289 0.1719
6290 37.1726
6291 9.2660
6292 0.3435
6293 11.9101
6294 2.0107
6295 13.2044
6296 0.7519
6297 26.8254
6298 9.9424
6299 2.5163
6300   NaN
6301 4.8461
6302 13.7090
6303 1.4938
6304 181.5142
6305 18.3011
6306 3.3124
6307 4.9320
6308 18.8126
6309 11.3443
6310 15.9196
6311 1.7986
6312 3.0147
6313 2.6952
6314 1.7193
6315 6.8025
6316 2.7450
6317 7.1531
6318 16.5331
6319 13.1761
6320 16.5892
6321 0.6644
6322 8.4296
6323 5.8271
6324 2.3780
6325 6.0969
6326 5.9758
6327 6.8265
6328 17.9192
6329 32.8348
6330 0.5770
6331 8.7528
6332 6.7598
6333 4.6914
6334 4.1011
6335   NaN
6336 2.5042
6337 9.3931
6338 6.0122
6339 2.9746
6340 3.7414
6341 6.0501
6342 5.3589
6343 2.3251
6344 2.6385
6345 24.4360
6346 8.4207
6347 11.7141
6348 12.9510
6349   NaN
6350 6.3083
6351 10.8539
6352 2.9000
6353 6.5704
6354 10.0596
6355 2.9221
6356 13.5924
6357 3.5413
6358 14.9173
6359 24.1947
6360 3.6948
6361 3.5824
6362 4.2866
6363 2.7801
6364 14.3482
6365 5.0983
6366 16.4132
6367 11.5115
6368 16.4719
6369 0.3322
6370 1.0009
6371 1.7598
6372 0.1669
6373 0.5376
6374 2.3448
6375   NaN
6376 6.3433
6377 23.2709
6378 3.1805
6379 15.0075
6380 12.5986
6381 7.8991
6382 1.9752
6383 14.5911
6384 0.3005
6385 9.4641
6386 3.0339
6387 7.3654
6388 2.2376
6389 14.9740
6390 23.0270
6391 3.6273
6392 16.3632
6393   NaN
6394 6.2936
6395 7.1985
6396 16.5386
6397 0.3955
6398 4.0865
6399 1.9973
6400 8.6626
6401 4.6722
6402 0.2518
6403 2.0972
6404 0.7760
6405 5.1718
6406 19.4019
6407 4.7265
6408 0.4530
6409 3.4729
6410 0.3298
6411 3.1739
6412 5.6240
6413 4.9059
6414 6.3500
6415 5.5568
6416 5.2463
6417 0.2351
6418 3.8258
6419 14.6665
6420 29.6520
6421 2.8488
6422 2.0180
6423 1.7776
6424 16.0911
6425 2.4734
6426 2.2720
6427 2.1937
6428 9.9192
6429 3.6773
6430 1.6517
6431 4.5268
6432 0.9198
6433 9.0424
6434 5.3597
6435 6.1729
6436 13.6092
6437 9.7305
6438 2.9156
6439 2.7882
6440 14.0204
6441 5.2813
6442 20.1216
6443 21.5479
6444 6.1869
6445 0.9475
6446   NaN
6447 4.3053
6448 8.3722
6449 7.2459
6450 12.5376
6451 5.9590
6452 2.9471
6453 14.0063
6454 3.0858
6455 5.7077
6456 14.1198
6457 4.9288
6458 2.3341
6459 14.5339
6460 2.3707
6461 6.6647
6462 0.9899
6463 6.1465
6464 11.8004
6465 15.7811
6466 3.7675
6467 15.7473
6468 5.8575
6469 8.3607
6470 44.4137
6471 13.5438
6472 6.0565
6473 7.6027
6474 8.3990
6475 26.7871
6476 5.8548
6477 3.1750
6478 0.2097
6479 16.4337
6480 10.0496
6481 4.2499
6482 0.4738
6483 7.6501
6484 3.6593
6485 16.7650
6486 8.8683
6487 18.6308
6488 2.4571
6489 5.1520
6490 1.9559
6491 3.1692
6492 9.0050
6493   NaN
6494 1.5438
6495 9.4754
6496 16.4516
6497 3.0231
6498 8.5818
6499 0.3582
6500 4.1871
6501   NaN
6502 7.0983
6503 20.3829
6504 17.3727
6505 4.2681
6506 9.5346
6507 21.0422
6508 3.9833
6509 12.2296
6510 12.1424
6511 5.5107
6512 0.6487
6513   NaN
6514 14.4304
6515 5.0806
6516 1.6917
6517 7.9071
6518 1.3825
6519 2.1024
6520   NaN
6521   NaN
6522 1.0222
6523 8.6031
6524   NaN
6525 7.2729
6526 10.8480
6527   NaN
6528 6.8134
6529 6.8106
6530 5.8520
6531 1.5350
6532 5.6468
6533 2.9446
6534 7.4980
6535 5.5445
6536 0.2672
6537 0.6403
6538 26.5435
6539 22.4212
6540 1.7164
6541 8.5266
6542 5.9053
6543 3.0199
6544 3.5719
6545 15.5583
6546 43.6420
6547 2.5032
6548 9.1671
6549 0.8423
6550 6.8037
6551 2.0451
6552 2.3653
6553 8.5523
6554 21.2300
6555 14.3215
6556 0.3734
6557 18.1163
6558 12.6834
6559   NaN
6560 6.6013
6561 6.7389
6562 23.4617
6563 6.4217
6564 1.9811
6565 4.4968
6566 4.4146
6567 1.6423
6568 3.2692
6569 1.4151
6570 3.8644
6571 3.2868
6572 16.5663
6573 10.8418
6574 2.9822
6575 2.5940
6576 6.8961
6577 1.0011
6578 4.5343
6579 0.2282
6580 1.1030
6581 1.2346
6582 12.3906
6583 3.2737
6584 15.8683
6585 12.0952
6586 8.1663
6587 1.3488
6588 17.4202
6589 20.4300
6590 7.3492
6591 4.6348
6592 61.7830
6593 20.0542
6594 12.2296
6595 18.1617
6596 1.4031
6597 1.8031
6598 6.1770
6599 12.4329
6600 6.5962
6601 7.6963
6602 3.1766
6603 2.9469
6604 8.1540
6605 2.9603
6606 1.1025
6607 0.4501
6608 15.8390
6609 9.4700
6610 5.2063
6611 19.9681
6612 6.1454
6613 13.9483
6614 5.0119
6615 3.3705
6616 1.9667
6617 1.3978
6618 3.4917
6619   NaN
6620   NaN
6621 2.0667
6622 15.1781
6623 0.4366
6624 0.8880
6625 11.2013
6626 14.3714
6627 0.5817
6628 6.5207
6629 9.1021
6630   NaN
6631 3.0952
6632 7.8962
6633 17.3875
6634 2.4258
6635 7.4485
6636 5.2757
6637 5.8586
6638 26.1152
6639   NaN
6640 20.4901
6641 10.5099
6642 2.4076
6643 6.9367
6644 9.0064
6645 7.6158
6646 1.1211
6647 6.1308
6648   NaN
6649 108.8786
6650 10.8165
6651 1.7236
6652 2.0444
6653 1.3871
6654 3.8538
6655   NaN
6656 3.6545
6657 5.3707
6658 2.0768
6659 5.6754
6660 0.3035
6661 8.6121
6662 2.2695
6663 2.6154
6664 0.3228
6665 3.0959
6666 6.2968
6667 11.1860
6668 2.0257
6669 1.1705
6670 7.8274
6671 4.2121
6672 22.0354
6673   NaN
6674   NaN
6675 6.5050
6676 12.2710
6677 0.4704
6678 11.1427
6679 15.6637
6680 16.4080
6681 4.2500
6682 20.7325
6683 3.5000
6684 11.7277
6685 0.6893
6686 3.4103
6687 17.7115
6688 11.1377
6689 14.8432
6690 0.8044
6691 1.3010
6692 8.6690
6693 0.5019
6694 2.3232
6695 14.9185
6696 5.0826
6697 6.1176
6698 1.8891
6699 7.7770
6700 17.1598
6701 17.0755
6702 5.0480
6703 3.5986
6704 8.5380
6705 4.3114
6706 8.5169
6707 7.6054
6708 10.6747
6709 1.2363
6710 10.5341
6711 3.0545
6712 1.9292
6713 15.8096
6714 19.3699
6715 15.8202
6716 16.0954
6717 8.8705
6718 14.9069
6719 3.8751
6720 7.8799
6721 5.8870
6722 5.9661
6723 0.3508
6724 2.5358
6725 9.1908
6726 4.7364
6727 20.5678
6728 4.3518
6729 4.0657
6730 4.8677
6731 6.9811
6732 4.7336
6733 1.6408
6734 1.6521
6735 3.0523
6736 12.0147
6737 8.0604
6738 0.9818
6739 1.8048
6740 3.3382
6741 13.5359
6742 9.7422
6743 3.4581
6744 4.0919
6745 14.7538
6746 3.6553
6747 9.7454
6748 32.9075
6749 0.2065
6750 4.1735
6751 1.8315
6752 13.0028
6753 7.0806
6754 1.3303
6755 18.2143
6756 7.3110
6757   NaN
6758 18.2581
6759 16.7453
6760 2.4153
6761 4.1364
6762 16.0682
6763 1.5538
6764 3.1527
6765 8.4809
6766 4.3737
6767 1.3967
6768 6.4975
6769 8.4781
6770 5.5378
6771 2.7767
6772 18.0263
6773 1.9088
6774 12.0499
6775 6.2499
6776 4.5913
6777 7.7795
6778 3.6364
6779   NaN
6780 12.9644
6781   NaN
6782 13.8030
6783 0.2729
6784 7.8437
6785 4.8489
6786 13.2719
6787 5.3506
6788 3.2950
6789 1.9194
6790 4.8414
6791 3.1947
6792 11.7630
6793 4.6688
6794 9.6651
6795 5.1576
6796 3.9796
6797 9.6872
6798 3.2238
6799 4.0182
6800 3.0719
6801 7.5212
6802 14.0687
6803 7.9595
6804 5.8154
6805 14.6163
6806 2.6608
6807 6.5648
6808 5.4887
6809 1.9089
6810 7.3876
6811 2.5489
6812 1.2363
6813 3.0955
6814 7.5071
6815 11.8303
6816 8.7023
6817 10.3797
6818 2.2534
6819   NaN
6820 16.4005
6821 20.0471
6822 3.7798
6823 2.8323
6824 1.6656
6825 5.5100
6826 2.7435
6827 4.6329
6828 1.1738
6829 17.3921
6830 7.9695
6831 15.3207
6832 4.3877
6833 6.1238
6834 2.9169
6835 13.9711
6836 16.3451
6837 2.2879
6838 21.4560
6839 10.2444
6840 0.6689
6841 9.3703
6842 1.8297
6843 9.7011
6844 15.1531
6845 19.9615
6846 5.1932
6847 3.9427
6848 2.4386
6849 24.0488
6850 2.1192
6851 2.0886
6852 3.2845
6853 10.5451
6854 31.7226
6855 2.9131
6856 4.3469
6857   NaN
6858 3.2398
6859 3.5919
6860 4.3051
6861 0.6080
6862   NaN
6863 12.9493
6864 5.5303
6865 0.3779
6866 12.7998
6867 3.3865
6868 2.6059
6869 4.5674
6870 3.6794
6871 2.8043
6872 11.3723
6873 2.3337
6874 20.7609
6875 4.2337
6876 5.2130
6877 6.6031
6878 4.1396
6879 1.3799
6880 2.4250
6881 2.0515
6882 3.4260
6883 4.9240
6884 2.3175
6885 0.4276
6886 0.8685
6887 9.8102
6888 13.7121
6889 2.6536
6890 2.8368
6891 3.7820
6892   NaN
6893 4.7218
6894 2.8542
6895   NaN
6896 12.2156
6897 24.5412
6898 13.4833
6899 10.2130
6900 4.9355
6901 5.0538
6902 6.4405
6903 5.1919
6904 1.0635
6905 18.3823
6906 5.4531
6907 13.1789
6908 6.1587
6909 2.3747
6910 2.6224
6911 11.0647
6912 3.4547
6913 5.9861
6914 12.2816
6915 1.5111
6916 0.3721
6917 2.1257
6918 2.0055
6919 5.5957
6920 15.8966
6921 23.2102
6922 3.8794
6923 1.2230
6924   NaN
6925 0.6278
6926 2.2608
6927 2.1014
6928 0.8024
6929 2.4106
6930 25.2706
6931 4.8586
6932 2.6024
6933 17.0243
6934 28.2635
6935 19.2067
6936 0.9959
6937 10.4174
6938 10.7402
6939 1.0331
6940 3.4730
6941 1.9530
6942 9.5841
6943 8.3068
6944 1.4128
6945 3.0512
6946 25.1016
6947 10.5873
6948 4.5719
6949   NaN
6950 4.2968
6951 15.2247
6952 3.5493
6953 63.6069
6954 15.7985
6955 6.7141
6956 2.9239
6957 2.2599
6958 43.5580
6959 0.4165
6960 8.6551
6961 11.8363
6962 17.4665
6963 3.6870
6964 4.0687
6965 2.9194
6966 7.3217
6967 3.8939
6968 11.8557
6969 3.4949
6970 17.5140
6971 4.9447
6972 5.0759
6973 2.8213
6974 5.3354
6975 5.1625
6976 20.2586
6977 12.9562
6978   NaN
6979 3.4800
6980 2.0464
6981 10.7625
6982 4.4368
6983   NaN
6984 2.6025
6985 8.3921
6986 6.1008
6987 2.2732
6988 12.2544
6989 4.3689
6990 13.7595
6991 4.0576
6992 17.9778
6993 17.6578
6994 15.0583
6995 16.8755
6996 1.6370
6997 13.6351
6998 0.1155
6999 11.1492
7000 18.9470
7001 8.2501
7002 17.0140
7003 8.0412
7004 3.8342
7005 4.1375
7006 7.1753
7007 6.1256
7008 0.8657
7009 10.6868
7010 0.3661
7011 6.1128
7012 26.4022
7013 23.6051
7014 2.9349
7015 7.2067
7016 4.9844
7017   NaN
7018 6.2508
7019 0.8272
7020 9.1691
7021 1.8775
7022 5.0797
7023 6.3220
7024 1.0100
7025 26.2722
7026   NaN
7027 9.0239
7028 16.9794
7029 19.9969
7030 18.4390
7031 6.3738
7032 6.9156
7033 10.6584
7034 0.3617
7035 0.6930
7036 2.0335
7037 2.3264
7038 8.0317
7039 1.3248
7040 9.7765
7041 1.7150
7042 1.1120
7043 2.4992
7044 2.5631
7045 9.5790
7046 0.7783
7047 9.8281
7048 16.6436
7049 5.6918
7050 4.5481
7051 3.8716
7052 16.1813
7053 7.3276
7054   NaN
7055 10.5262
7056 12.1728
7057 5.0516
7058 0.9058
7059 9.5514
7060 7.2956
7061 13.6912
7062 12.0329
7063 16.2067
7064 10.8993
7065 25.3095
7066 13.3568
7067 5.0193
7068 4.7086
7069 2.4112
7070 5.1589
7071 11.0513
7072 5.9242
7073 9.2458
7074   NaN
7075 0.5227
7076 7.5059
7077   NaN
7078 20.0017
7079 3.8825
7080 10.1419
7081 5.5492
7082 1.7425
7083 6.9774
7084 0.9847
7085 10.9057
7086 23.7915
7087 4.7287
7088 15.6928
7089 6.4553
7090 8.3580
7091   NaN
7092 0.3836
7093 0.5529
7094 6.4986
7095 7.1965
7096 17.7160
7097 1.8678
7098 12.7372
7099 0.6104
7100 7.7737
7101 11.1457
7102 8.7131
7103 3.0825
7104 7.7762
7105 10.9099
7106 11.0956
7107 2.3046
7108 26.6192
7109 14.0016
7110 1.6817
7111 11.5001
7112 3.2516
7113 1.5167
7114 2.8735
7115 1.2243
7116 9.2012
7117 4.6120
7118 1.2304
7119 8.0059
7120 9.5385
7121 2.4416
7122 11.1756
7123 21.5319
7124 1.1208
7125 0.6421
7126 13.7745
7127 8.5009
7128 7.5686
7129 3.9292
7130 5.0087
7131 16.1093
7132 0.8048
7133 3.6575
7134 1.5069
7135 11.2103
7136 16.9708
7137 6.9839
7138 13.1511
7139   NaN
7140 1.4015
7141 7.6267
7142 16.2954
7143 3.5105
7144 2.4187
7145 38.4236
7146 4.0007
7147 4.0519
7148 20.6942
7149 4.2750
7150 36.8140
7151 4.7134
7152 4.5195
7153 23.8218
7154 4.9807
7155 2.9169
7156 14.9392
7157 1.2350
7158 12.3240
7159 13.7830
7160 1.1358
7161 3.3446
7162 5.2656
7163 25.9808
7164 32.5347
7165 3.2211
7166 1.2308
7167 5.0895
7168 0.0890
7169 13.0301
7170 1.9849
7171 4.4347
7172 12.9438
7173 12.6318
7174 4.1926
7175 0.8983
7176 2.8464
7177 8.2007
7178 3.3206
7179 1.2200
7180   NaN
7181 5.4412
7182 22.5200
7183   NaN
7184 5.6373
7185 3.5812
7186 13.4781
7187 2.6577
7188 25.4539
7189 0.5909
7190 4.8295
7191 4.5496
7192 13.8729
7193 1.6525
7194 7.0707
7195 3.0594
7196 1.2714
7197 6.9732
7198 10.0685
7199 4.2652
7200 4.5206
7201 11.5042
7202   NaN
7203 7.5780
7204 8.2451
7205 3.5002
7206 0.5056
7207 2.2625
7208 1.4684
7209 6.0793
7210 9.2752
7211 5.3566
7212 6.9056
7213 1.3475
7214 20.6432
7215 2.4555
7216 1.2300
7217 1.9360
7218 1.0489
7219 4.1255
7220 8.9451
7221 1.5121
7222 10.3769
7223 5.5064
7224 17.2779
7225 3.0126
7226   NaN
7227 16.4008
7228 10.9730
7229 0.2116
7230 10.6834
7231 3.5478
7232 9.4550
7233 18.6507
7234 11.9344
7235 8.1910
7236 26.5698
7237 5.4021
7238   NaN
7239 3.8475
7240 5.0121
7241 29.2513
7242 0.7699
7243 11.3288
7244 6.7252
7245 31.7944
7246 19.8822
7247 2.4900
7248 5.2414
7249 0.4221
7250 3.1702
7251 7.2175
7252 6.4829
7253 6.5913
7254 19.9539
7255 10.4789
7256 0.1110
7257 8.5549
7258 10.3196
7259 1.4471
7260 9.3190
7261 1.9573
7262 5.6167
7263 2.6991
7264 2.3714
7265 5.4473
7266 15.9134
7267 2.5742
7268 17.9440
7269 10.3580
7270   NaN
7271 1.6269
7272 10.1565
7273 1.4615
7274 2.0456
7275 0.7772
7276   NaN
7277 1.0905
7278 6.6186
7279 3.1713
7280 10.4088
7281 3.0496
7282 1.2985
7283 1.2419
7284 11.5189
7285 0.1193
7286 19.9189
7287 4.0015
7288 6.1122
7289 1.7527
7290 0.8720
7291 2.6241
7292 3.3379
7293 14.6322
7294 4.9801
7295 12.4014
7296 10.8448
7297 1.5500
7298 2.9374
7299 10.5015
7300 13.4624
7301 6.8628
7302 6.3200
7303 10.5787
7304 7.1436
7305 20.6952
7306 5.3869
7307 0.3731
7308 2.9428
7309 1.2758
7310 10.9168
7311 0.2930
7312 2.1496
7313 9.6091
7314 11.2068
7315 1.5703
7316 3.6156
7317 9.2870
7318 3.1428
7319 2.8304
7320 2.1408
7321 11.5454
7322   NaN
7323 19.4061
7324 15.9139
7325   NaN
7326 0.4023
7327 2.4862
7328 18.1380
7329 31.5667
7330 19.9749
7331 0.2964
7332 7.3804
7333 3.7508
7334 2.2773
7335 4.2491
7336 5.0788
7337 12.0929
7338 8.0339
7339 11.5242
7340 6.6994
7341 5.8907
7342 2.6666
7343   NaN
7344 5.6650
7345 13.5831
7346 1.8803
7347 11.4968
7348 7.6421
7349 1.0145
7350 0.9035
7351 5.7289
7352 2.4243
7353 2.8972
7354 3.9844
7355 7.4310
7356 2.1412
7357 3.2134
7358 2.3134
7359 2.4723
7360 6.2564
7361 3.3790
7362 17.4493
7363   NaN
7364 15.4683
7365 0.7684
7366 5.6130
7367   NaN
7368 3.1817
7369 4.3612
7370 6.1885
7371 10.6136
7372 6.0399
7373 13.4636
7374 10.3378
7375 40.7070
7376 8.6181
7377 6.0073
7378 1.7523
7379 2.6062
7380 2.3975
7381 19.6267
7382 1.5003
7383 1.7195
7384 5.0095
7385 18.4433
7386 6.8813
7387 3.0253
7388 16.2669
7389   NaN
7390 5.6610
7391 14.6740
7392 2.0462
7393 4.2307
7394 13.1983
7395 3.7337
7396 6.9023
7397 48.3362
7398 10.3281
7399 5.3514
7400   NaN
7401 13.7723
7402 0.1135
7403 7.8838
7404 4.5734
7405 4.8086
7406 29.5813
7407 6.3514
7408 11.9291
7409 7.4750
7410 11.9291
7411 26.1609
7412   NaN
7413 1.2573
7414 6.0606
7415 6.3218
7416 10.2850
7417 4.4807
7418 10.9528
7419 2.4881
7420 9.0259
7421 16.0851
7422 6.5350
7423 9.1619
7424 26.7746
7425 11.5551
7426 2.1574
7427 12.9704
7428   NaN
7429 1.0106
7430 20.0939
7431   NaN
7432 6.6486
7433 17.7967
7434 9.1141
7435 2.3957
7436 8.7238
7437 3.0408
7438 2.3600
7439 3.2435
7440 4.3163
7441 24.7672
7442 1.4555
7443 1.2584
7444 28.0758
7445 1.7737
7446 2.0101
7447 6.4843
7448 0.3066
7449 1.0029
7450 11.1672
7451 25.0666
7452 7.0411
7453 3.0839
7454 18.1958
7455 4.7252
7456 11.3347
7457 16.8700
7458 1.9257
7459 5.3382
7460 6.5095
7461 12.6687
7462 10.7626
7463   NaN
7464 16.2700
7465 4.2068
7466 1.5551
7467 19.0363
7468 1.8783
7469 5.7467
7470 20.0118
7471 8.6454
7472 17.9652
7473 2.2151
7474 0.8047
7475 19.0762
7476 5.9902
7477 18.6911
7478 2.2963
7479 8.4851
7480 7.3204
7481 20.5587
7482 10.2096
7483 2.2604
7484 4.2704
7485 3.1956
7486 5.4638
7487 11.3612
7488 1.7843
7489 3.8554
7490 12.3947
7491 11.4935
7492 3.7955
7493 19.2117
7494 5.2150
7495 1.2757
7496 8.7600
7497 12.7678
7498 1.4729
7499 24.7707
7500 10.0517
7501 8.9724
7502 12.6322
7503 4.4991
7504 5.9975
7505 5.2191
7506 0.8957
7507 8.1148
7508 4.5924
7509 1.3915
7510 3.8410
7511 2.4338
7512 21.9756
7513 25.4302
7514 2.0245
7515 8.9765
7516 1.9276
7517 2.4363
7518 10.9731
7519 12.9060
7520 17.2746
7521 1.8860
7522 18.6469
7523 12.0005
7524 5.5248
7525 11.3537
7526 1.3560
7527 0.3845
7528 6.6827
7529 3.4014
7530 10.8785
7531 11.5354
7532 1.3904
7533 7.9776
7534 14.1069
7535 11.3819
7536 20.3259
7537 29.0891
7538 11.8511
7539 2.9376
7540 16.8228
7541 22.2938
7542 55.1138
7543 3.6819
7544 10.8792
7545 1.9392
7546 8.3066
7547 1.8054
7548 7.4199
7549 6.5966
7550 4.1036
7551 21.9063
7552 16.2110
7553 26.1428
7554 1.3460
7555 3.1592
7556 6.2055
7557 6.6832
7558 2.9161
7559 5.8296
7560 6.7884
7561 2.9728
7562 3.1753
7563 3.5055
7564 13.7658
7565   NaN
7566 3.7629
7567 11.3102
7568 2.7723
7569 1.5608
7570 7.9170
7571   NaN
7572 3.2349
7573 5.2986
7574 2.1024
7575   NaN
7576   NaN
7577 16.5331
7578 23.2683
7579 2.1800
7580   NaN
7581 5.8031
7582 1.4448
7583 2.3008
7584 9.2887
7585 1.4506
7586 0.6615
7587 29.2971
7588 4.8732
7589 3.2747
7590   NaN
7591 1.9109
7592 9.9161
7593   NaN
7594 2.3031
7595 10.6115
7596 5.2328
7597 9.1168
7598 0.9946
7599 2.5249
7600 0.7292
7601 14.7505
7602 2.5600
7603 3.4524
7604 1.0512
7605 8.8797
7606 9.0629
7607 13.1771
7608 15.1108
7609 8.8562
7610 36.9176
7611 33.5486
7612 1.2869
7613 6.2351
7614 55.4607
7615 0.1877
7616 2.0135
7617 3.3341
7618 0.9751
7619 2.1667
7620 15.1162
7621 6.8332
7622 0.7513
7623 10.6888
7624 1.0276
7625 21.2213
7626 11.3537
7627 14.0828
7628 1.5466
7629 3.6815
7630 7.9755
7631 21.0004
7632 1.1517
7633 3.3183
7634 0.5655
7635 5.5840
7636 3.4349
7637 0.5509
7638   NaN
7639 5.0549
7640 13.5603
7641   NaN
7642 9.0861
7643 8.1031
7644 3.4676
7645 15.3585
7646 10.1100
7647   NaN
7648 8.0590
7649 35.4097
7650 25.2384
7651 9.2609
7652 7.0153
7653 8.6582
7654 12.5592
7655 12.8717
7656 8.9588
7657 3.7698
7658 0.5453
7659 1.9244
7660 1.0065
7661 7.4722
7662 7.4699
7663 9.6522
7664 7.7852
7665 0.5910
7666 10.0475
7667 31.9445
7668 11.1337
7669 4.4063
7670 40.4237
7671 12.0830
7672 3.5539
7673 9.3641
7674 14.4494
7675 9.8104
7676 10.8495
7677 33.7371
7678 1.6944
7679 4.6161
7680   NaN
7681 0.9189
7682 15.1004
7683 10.5301
7684 6.2251
7685 3.7175
7686 8.0309
7687 4.5680
7688 29.4220
7689 1.1946
7690 0.3717
7691 3.0493
7692 4.4772
7693 2.6735
7694 13.6879
7695 7.2296
7696 15.2721
7697 17.9906
7698 2.7809
7699 14.1804
7700 16.8216
7701 34.7716
7702 0.8044
7703 5.3503
7704 5.4794
7705 10.8853
7706 6.5293
7707 4.7302
7708 6.0156
7709 4.6352
7710 12.4241
7711 2.8255
7712 4.6869
7713 10.0063
7714 2.8298
7715 1.6842
7716 7.7570
7717 6.6146
7718 6.5268
7719 5.3129
7720 5.1724
7721 16.3763
7722 0.2493
7723 1.7990
7724 0.4967
7725 7.1608
7726 18.6954
7727 4.3713
7728 9.0403
7729 8.6167
7730 18.0373
7731 9.8614
7732 5.0344
7733 11.8369
7734 1.7290
7735 3.1840
7736 4.2292
7737 37.0067
7738   NaN
7739 10.0227
7740 7.9981
7741 8.5980
7742 34.9170
7743 3.2496
7744 3.1224
7745 18.5392
7746 9.7207
7747 12.8956
7748 3.5716
7749 4.7695
7750 8.2767
7751 21.5110
7752 15.3398
7753 2.6313
7754 8.0996
7755 1.6920
7756 2.3497
7757 1.6442
7758 17.5431
7759 5.4584
7760 14.2416
7761 14.7648
7762 6.8833
7763 23.9317
7764 7.3188
7765 3.9574
7766 1.8774
7767 11.3414
7768 4.2452
7769 14.2631
7770 17.6423
7771 1.2639
7772 7.3808
7773 5.1040
7774 7.5034
7775 11.6133
7776 3.1980
7777 3.7286
7778 0.5347
7779 9.4425
7780 19.2109
7781 10.4155
7782 36.3873
7783 4.0876
7784 4.6467
7785   NaN
7786 5.0783
7787 0.1607
7788 2.0472
7789 13.4052
7790 19.7948
7791 9.9635
7792 1.9040
7793 19.0614
7794 1.9537
7795 22.0627
7796 5.2172
7797 15.3260
7798 2.7472
7799 5.1768
7800   NaN
7801 5.0993
7802 4.6823
7803 6.2481
7804 9.0169
7805 0.3912
7806 0.2156
7807 2.2735
7808 8.4362
7809 20.2267
7810 10.3679
7811 21.6763
7812 22.4526
7813 3.6110
7814 6.6837
7815 16.1623
7816 16.3929
7817 7.2534
7818 7.3616
7819 3.0270
7820 2.6670
7821   NaN
7822 4.3982
7823 5.5096
7824 9.2987
7825 27.8378
7826 4.4642
7827   NaN
7828 5.3153
7829 12.6017
7830 8.2138
7831 1.8275
7832 22.4116
7833 17.5437
7834 5.2103
7835 8.7450
7836 15.3172
7837 18.0116
7838 2.7778
7839 0.9041
7840 8.8153
7841 9.4725
7842 1.6394
7843 13.4121
7844 30.4677
7845 2.7294
7846 0.2306
7847 14.2093
7848 5.1587
7849 4.8309
7850 0.8563
7851 34.2058
7852 17.3075
7853   NaN
7854 23.7561
7855 3.6327
7856 3.0041
7857 19.3194
7858 4.2551
7859 10.0336
7860 5.8564
7861 5.3685
7862 0.2174
7863 4.6027
7864 16.7569
7865 21.0833
7866 5.4997
7867 10.6403
7868 0.1092
7869 13.3867
7870   NaN
7871 2.5694
7872 1.0805
7873 10.7534
7874 6.1208
7875 6.9714
7876 4.4660
7877 14.1351
7878 8.4934
7879 0.6330
7880 20.0214
7881 0.9744
7882 3.2064
7883 2.1114
7884 1.9109
7885 1.0544
7886 1.0548
7887 6.7028
7888 6.8055
7889   NaN
7890 2.0357
7891 10.9394
7892 3.8373
7893 20.4848
7894 6.1164
7895 13.6111
7896 0.7144
7897 2.0376
7898   NaN
7899 1.8385
7900 6.4702
7901 19.7511
7902 14.6950
7903 27.8669
7904 18.2867
7905 3.8528
7906 3.3477
7907 6.6727
7908 3.0618
7909 10.0046
7910 9.0157
7911 20.4942
7912   NaN
7913 4.9168
7914 0.6031
7915 4.5809
7916 14.8697
7917 9.0824
7918 6.6443
7919 6.9973
7920 2.8289
7921 2.5879
7922 11.4120
7923 8.3788
7924 4.2096
7925 4.3769
7926 10.2660
7927 9.2011
7928 9.5807
7929 4.7942
7930 16.1488
7931 1.9928
7932 7.8893
7933 6.6111
7934 13.5733
7935 5.0319
7936 13.7941
7937 1.0982
7938 4.9051
7939 5.4291
7940 0.3186
7941 16.8704
7942 1.6187
7943 6.0963
7944 3.1802
7945 9.9347
7946 9.1977
7947 31.6794
7948 6.5160
7949 2.7512
7950 11.2945
7951 11.2387
7952   NaN
7953 2.2973
7954 19.2656
7955 13.8062
7956 2.8808
7957 1.0414
7958 1.6746
7959 8.8083
7960 2.3922
7961 4.8463
7962 1.4661
7963 15.3590
7964 4.5138
7965 8.6123
7966 0.8070
7967 2.8187
7968 7.8023
7969 4.2428
7970 7.5436
7971 11.1002
7972 5.6659
7973 10.1194
7974 1.8249
7975 5.8505
7976 2.7093
7977 4.9462
7978 1.6745
7979 2.1192
7980 16.9989
7981   NaN
7982 4.2523
7983 0.4679
7984 11.9558
7985   NaN
7986 20.6819
7987   NaN
7988 4.7161
7989 12.2299
7990 12.4707
7991 8.2060
7992 0.6157
7993 13.7025
7994 35.0887
7995 2.3154
7996 16.6554
7997 17.6485
7998 1.8471
7999 2.3918
8000 2.7849
8001 14.2614
8002 6.6422
8003   NaN
8004 6.0057
8005 1.5545
8006 1.3917
8007 9.4040
8008 8.9923
8009 4.1228
8010 22.2974
8011 2.6878
8012 6.0182
8013 0.7514
8014 11.0412
8015 4.0791
8016 4.3780
8017 3.2717
8018 11.9027
8019 15.4809
8020 2.4702
8021 3.7608
8022 0.6207
8023 8.9687
8024 3.8769
8025 5.4330
8026 7.7569
8027 9.5737
8028 14.5948
8029 8.5647
8030 10.5554
8031 0.8277
8032 2.0219
8033 20.4227
8034 9.6858
8035 2.2328
8036 3.1519
8037 10.5018
8038 16.0053
8039 7.5449
8040 15.9835
8041 1.7717
8042 5.5687
8043 0.6565
8044 5.1651
8045 2.5342
8046 5.0375
8047 23.0066
8048 6.8216
8049 2.9362
8050 2.5644
8051 5.5167
8052 10.4268
8053 1.9803
8054 7.1271
8055 11.6518
8056 0.2574
8057 10.1426
8058 1.3285
8059 5.0869
8060 6.0512
8061 2.7712
8062 2.8703
8063 2.8045
8064 25.6254
8065 12.6643
8066 6.6177
8067 12.5074
8068 14.5778
8069 6.7215
8070 11.9802
8071 1.5737
8072 4.0615
8073   NaN
8074 6.0933
8075 0.3838
8076 19.2311
8077 21.4183
8078 5.0040
8079 3.3619
8080 1.7305
8081 2.4698
8082 2.3803
8083 4.3363
8084 1.1210
8085 3.7582
8086 1.3791
8087 0.2836
8088 46.7165
8089 1.1249
8090 5.2250
8091 12.4365
8092 6.5539
8093 1.2705
8094   NaN
8095 2.8903
8096 6.9747
8097 11.0976
8098 16.5518
8099 15.1223
8100 0.5057
8101 8.7997
8102 9.4500
8103 5.1331
8104 16.1339
8105   NaN
8106 1.4969
8107   NaN
8108 4.5193
8109 3.1275
8110 1.9925
8111 5.8673
8112 1.5215
8113 0.6915
8114 10.6553
8115 5.5927
8116 4.2809
8117 20.5203
8118 11.2325
8119 18.6214
8120 2.1992
8121 0.1068
8122 0.9710
8123 8.2027
8124 15.8839
8125 7.9533
8126 1.3296
8127 7.3824
8128   NaN
8129 1.2395
8130 6.8579
8131 1.1082
8132 1.9058
8133 15.7604
8134 8.9345
8135 2.5403
8136 9.2068
8137 3.5754
8138 1.7648
8139 14.3882
8140 101.4508
8141 3.9925
8142 0.4910
8143 5.0195
8144 30.1581
8145 14.6809
8146 1.5076
8147 2.5384
8148   NaN
8149 15.8129
8150 4.8934
8151 1.9406
8152 5.4673
8153 10.6365
8154 21.0593
8155 61.9856
8156 8.7715
8157 16.0966
8158 0.4545
8159 8.7479
8160 29.4970
8161 2.3415
8162 2.6060
8163 4.7179
8164 6.6899
8165 1.6122
8166 14.1117
8167 3.8935
8168 12.4459
8169 6.8408
8170 4.0931
8171 7.0650
8172 5.6348
8173 1.3510
8174 19.3269
8175 25.1485
8176 18.0285
8177 2.9467
8178 13.6629
8179 15.3650
8180 1.3359
8181 8.4915
8182 3.8234
8183 26.5603
8184 4.1426
8185 24.0827
8186 10.4594
8187 3.0402
8188 4.7573
8189 13.3255
8190 1.3227
8191   NaN
8192 3.0713
8193 7.8804
8194 12.3104
8195   NaN
8196 2.5296
8197 13.6315
8198 2.7918
8199 1.1270
8200 3.7607
8201 5.5463
8202 3.0211
8203 15.2597
8204 7.3225
8205 12.2289
8206 55.0828
8207 0.9501
8208 9.1760
8209   NaN
8210 2.7986
8211 2.4421
8212 2.8625
8213 12.5782
8214 5.9836
8215 14.4651
8216 0.7577
8217 6.1703
8218 16.6038
8219 25.3684
8220 12.1271
8221 7.8594
8222 3.4672
8223 12.3544
8224 8.3572
8225 13.2297
8226 5.8088
8227 3.6321
8228 2.9431
8229   NaN
8230 2.8689
8231 1.3237
8232 1.8459
8233 9.9263
8234 8.1326
8235 1.8575
8236 6.6890
8237 3.9868
8238 0.7780
8239 6.8880
8240 4.4826
8241 5.3014
8242 2.5010
8243 12.0873
8244 1.7677
8245 14.7711
8246 18.3033
8247 0.5296
8248 10.2488
8249 0.7566
8250 7.9389
8251 15.6422
8252 9.3843
8253 19.7604
8254   NaN
8255 12.1055
8256 3.5150
8257 37.2117
8258 3.9748
8259 12.5906
8260 11.3415
8261 10.9192
8262 3.3654
8263 22.7793
8264 6.3864
8265 1.3518
8266 4.3974
8267 30.8920
8268 3.4104
8269 8.1575
8270 10.4502
8271 1.7740
8272 4.1837
8273 2.4840
8274 4.6150
8275 4.2272
8276 9.6348
8277 8.9866
8278 1.3790
8279 7.1820
8280 7.4103
8281 3.9755
8282 25.3578
8283 21.2388
8284 4.5573
8285 0.1663
8286 29.2718
8287 12.5797
8288 5.6610
8289 3.3119
8290 2.3048
8291 5.9157
8292 10.3256
8293 1.4353
8294 12.7243
8295 11.6896
8296 11.7128
8297 8.4547
8298 6.9223
8299 6.8455
8300 10.9026
8301 3.7977
8302 1.9040
8303 1.0034
8304 4.9916
8305 9.4903
8306 0.4888
8307 1.6902
8308 2.8097
8309 7.2025
8310 5.6771
8311 2.3954
8312 15.1039
8313 27.4688
8314 32.8622
8315 29.5199
8316 2.7235
8317 14.8647
8318 15.4949
8319 13.0103
8320 6.9149
8321 1.6259
8322 12.2937
8323 1.4082
8324 15.7869
8325 12.2811
8326 10.8538
8327 2.2374
8328 3.4024
8329 6.9217
8330 13.3291
8331   NaN
8332 5.8127
8333 15.1186
8334 2.2211
8335 12.2971
8336 3.4487
8337 10.8756
8338 4.1455
8339   NaN
8340 2.2187
8341   NaN
8342 4.7977
8343 0.4947
8344 16.3487
8345 17.6585
8346 3.1872
8347 0.6056
8348 0.9175
8349 16.8398
8350 2.5731
8351   NaN
8352 0.4428
8353 4.1765
8354   NaN
8355 2.4705
8356 2.5022
8357 4.0914
8358 18.1100
8359   NaN
8360   NaN
8361 6.3621
8362 8.3175
8363 1.3759
8364 2.5277
8365 10.7295
8366 19.0224
8367 7.1393
8368 15.4730
8369 5.0369
8370 11.8341
8371 4.9637
8372 3.2201
8373 7.4527
8374 1.5153
8375 16.4955
8376   NaN
8377 33.9316
8378 7.2168
8379 13.0059
8380 12.3669
8381 0.3561
8382   NaN
8383 5.5730
8384 3.3292
8385 4.7379
8386 14.0200
8387 11.7715
8388 1.2491
8389 0.6551
8390 18.7542
8391 8.3224
8392 17.5421
8393 23.4985
8394 0.8208
8395 1.7999
8396 4.7633
8397   NaN
8398 1.3008
8399 2.6386
8400 5.3456
8401 1.0812
8402 7.6715
8403 14.3809
8404 1.6473
8405 12.8229
8406 4.6889
8407 0.5244
8408 5.6960
8409 11.1877
8410 1.3909
8411 16.8301
8412 14.1005
8413 2.6516
8414 16.0613
8415 3.2448
8416 12.7974
8417 22.9074
8418 2.7669
8419 6.6585
8420 10.6537
8421 2.1165
8422 7.1434
8423 6.3892
8424 4.1589
8425 4.9933
8426 13.2029
8427 14.1303
8428 9.4564
8429 1.6598
8430 1.8026
8431 5.9038
8432 5.5409
8433 7.6766
8434 3.4645
8435 6.6584
8436 15.7732
8437 4.8350
8438 8.5428
8439 12.3241
8440 13.0723
8441 0.7946
8442 4.6020
8443 1.2886
8444 8.2672
8445 16.5955
8446 4.5835
8447 3.8778
8448 2.6001
8449 0.3221
8450 1.9822
8451 1.7968
8452 6.5739
8453 14.0537
8454 7.7990
8455 11.4827
8456 8.5572
8457 0.6989
8458 3.6316
8459 12.5311
8460 0.5805
8461 6.7341
8462 2.5888
8463 3.2154
8464 9.9368
8465 0.2652
8466 14.8871
8467 3.0193
8468 15.9679
8469 4.1675
8470 16.0401
8471   NaN
8472 1.5375
8473 2.3795
8474   NaN
8475 6.3134
8476 1.8132
8477 26.7194
8478 4.5746
8479 0.4741
8480 29.4655
8481 7.6006
8482 1.4239
8483 11.9835
8484 9.2558
8485 13.0922
8486 1.0546
8487 16.5214
8488 20.7823
8489 8.5553
8490 13.2954
8491 14.2213
8492 6.9900
8493 5.2874
8494 7.8107
8495   NaN
8496 20.7335
8497 2.4299
8498 24.5473
8499 12.8996
8500 3.2836
8501 4.2667
8502 1.7338
8503 7.7315
8504 0.1076
8505 5.6814
8506 5.7347
8507 22.9150
8508 3.1297
8509 6.1646
8510 3.6500
8511 0.2855
8512 4.1464
8513 0.3400
8514 7.3833
8515 2.8433
8516   NaN
8517 14.7764
8518 1.7925
8519 3.0003
8520 3.0966
8521 2.7646
8522 2.2654
8523 3.8492
8524   NaN
8525 5.7777
8526 2.2231
8527 6.7636
8528 10.8281
8529 8.7860
8530 0.4663
8531 3.4729
8532 5.7796
8533 2.2489
8534 7.0748
8535 20.9850
8536 13.2407
8537 1.9334
8538 3.2823
8539 5.6299
8540 6.0301
8541 18.5407
8542 8.0857
8543 4.9572
8544 12.9288
8545 1.3137
8546 3.2177
8547 0.2431
8548 17.6153
8549 1.7444
8550 9.6858
8551 16.3148
8552 9.0689
8553 2.3665
8554 7.7678
8555 6.9409
8556 7.0319
8557 15.0790
8558   NaN
8559 10.7286
8560 11.2111
8561   NaN
8562 18.4720
8563   NaN
8564 3.5621
8565 12.5405
8566 15.3694
8567 6.2351
8568 15.0614
8569 2.1173
8570 2.1546
8571 3.6719
8572 0.6942
8573 13.7445
8574 12.7536
8575 15.1069
8576 14.4305
8577 0.2640
8578 1.9063
8579 13.3803
8580   NaN
8581 13.3436
8582 0.3774
8583 7.6794
8584 7.4058
8585 16.0622
8586 6.8929
8587 16.6642
8588 19.2250
8589 3.6211
8590 7.4945
8591 18.8986
8592 0.1115
8593 9.3311
8594 2.0993
8595   NaN
8596 2.4203
8597 19.7368
8598 4.1388
8599 14.0417
8600 16.3349
8601 5.4243
8602 2.2315
8603 5.0993
8604 1.8533
8605 7.7983
8606   NaN
8607   NaN
8608 7.5465
8609 21.0789
8610 3.1817
8611 16.8108
8612   NaN
8613 5.7949
8614 13.8840
8615 3.0164
8616   NaN
8617 1.2835
8618 6.4773
8619 5.5043
8620 25.8122
8621 1.5454
8622 8.0046
8623 7.1460
8624 17.5772
8625 3.4458
8626 1.6327
8627 471.1460
8628 13.3381
8629 17.9629
8630 22.9108
8631 4.0409
8632 7.8685
8633 12.0960
8634 21.0906
8635 6.0324
8636 8.5975
8637 6.0908
8638 8.6911
8639 1.6789
8640 11.4813
8641 17.2167
8642 13.5913
8643 3.7243
8644 9.3528
8645 7.2611
8646 0.2698
8647 10.3108
8648 19.0489
8649 2.0977
8650 0.7323
8651 11.4871
8652 9.5981
8653 3.0019
8654 8.0353
8655 5.1768
8656 7.4633
8657 4.5798
8658 0.5604
8659 12.3230
8660 0.7439
8661 0.9531
8662 25.9887
8663 2.0153
8664 12.3374
8665 20.1065
8666 13.0233
8667 10.9085
8668 13.9309
8669 1.6249
8670 4.4025
8671 12.5362
8672   NaN
8673 20.5194
8674 3.3755
8675 22.4152
8676 3.5361
8677 8.5251
8678 5.7906
8679 6.0980
8680 14.1708
8681 0.5840
8682 8.9428
8683 29.9574
8684 3.1211
8685 0.2407
8686 6.5216
8687 15.7204
8688 5.1397
8689 1.3510
8690 4.4554
8691 6.1524
8692 10.3126
8693 3.4114
8694 30.8515
8695 10.8797
8696 3.3288
8697 21.6289
8698 10.6108
8699 2.0038
8700   NaN
8701 7.7997
8702   NaN
8703 1.0491
8704 18.3739
8705 1.1444
8706 11.6592
8707 8.2767
8708 4.4647
8709 1.6869
8710   NaN
8711 8.7870
8712 5.2784
8713 12.7444
8714 9.9486
8715 4.3664
8716 2.3021
8717 5.4672
8718 8.9041
8719 1.3815
8720   NaN
8721 0.9228
8722 15.3278
8723 1.0257
8724 1.1885
8725 2.7234
8726 22.4011
8727 0.4363
8728 8.9612
8729 4.6350
8730 7.4275
8731 4.3769
8732 4.5199
8733 20.4656
8734 15.3555
8735 27.6566
8736 24.9277
8737 2.8444
8738 20.0570
8739 1.9554
8740 5.8995
8741 13.1748
8742 6.8849
8743 29.2365
8744 5.1700
8745 4.2084
8746 3.3018
8747 10.5873
8748 8.3690
8749 3.3884
8750 0.1361
8751 5.1669
8752 11.2474
8753 1.4120
8754 6.4511
8755 1.7315
8756 9.2807
8757 13.2588
8758 4.6480
8759 22.7673
8760 11.8964
8761 1.3614
8762 5.9792
8763 14.7822
8764 5.3533
8765 0.8605
8766 3.2226
8767 6.2329
8768 7.8604
8769 3.6274
8770 4.4930
8771 9.9561
8772 22.2983
8773 0.5453
8774 8.2269
8775 7.4351
8776 3.6592
8777 0.2062
8778 10.9587
8779 5.2550
8780 20.6654
8781 4.3131
8782 3.0657
8783 17.0306
8784 23.9724
8785 6.5030
8786 16.1646
8787 23.1454
8788 5.3241
8789 13.0342
8790 1.8776
8791 13.7779
8792   NaN
8793   NaN
8794 17.5942
8795 15.6823
8796 4.4424
8797 1.0245
8798 1.9677
8799 3.7224
8800 1.7944
8801 3.7082
8802 13.3836
8803 9.5468
8804 4.1917
8805 5.7453
8806 31.5491
8807 0.7974
8808 4.5355
8809 0.7593
8810 17.5022
8811 15.1686
8812 18.5664
8813 14.7998
8814 1.0624
8815 7.4429
8816 2.1930
8817 12.0811
8818 13.1593
8819 10.6263
8820   NaN
8821 8.9641
8822 3.9293
8823 7.8033
8824 2.8361
8825 4.5670
8826 3.4606
8827 4.0015
8828 4.7272
8829 0.3904
8830 2.9654
8831 1.1567
8832 8.0856
8833 8.2275
8834 4.4880
8835 9.3303
8836 13.6937
8837 11.3399
8838 5.5016
8839 6.1287
8840 10.8712
8841 0.8036
8842 13.2344
8843 2.1074
8844 3.6777
8845 0.8358
8846 2.2980
8847   NaN
8848 10.2433
8849 6.0123
8850 15.5228
8851 9.1112
8852 2.7178
8853 4.1978
8854 17.3887
8855 4.8044
8856 5.0455
8857 4.2425
8858 3.0449
8859 1.8243
8860 9.5074
8861 8.3721
8862 9.0680
8863 8.6961
8864 15.8029
8865 8.0542
8866 0.7387
8867 4.8357
8868 7.3219
8869   NaN
8870 0.3005
8871 0.2814
8872 0.8525
8873 4.9281
8874 3.3239
8875 6.4859
8876 6.2454
8877 14.9340
8878 6.8283
8879 15.2962
8880 6.7168
8881 3.0175
8882 5.5267
8883 0.8881
8884 1.4990
8885 7.0171
8886 8.2336
8887 2.4609
8888 16.8284
8889 1.5263
8890 11.2695
8891 1.2689
8892 2.4359
8893 3.3728
8894 4.7051
8895 25.9624
8896   NaN
8897 9.4512
8898 4.8511
8899 1.0775
8900 18.8666
8901 2.0467
8902 5.3635
8903   NaN
8904 5.6548
8905 6.2954
8906 5.6830
8907 2.0552
8908 2.4587
8909 1.7743
8910 17.4021
8911   NaN
8912 10.3222
8913 16.3443
8914 6.6071
8915 4.6847
8916 5.4314
8917 0.3434
8918   NaN
8919 6.5456
8920   NaN
8921 0.3045
8922 10.6193
8923 0.8592
8924 2.3059
8925 13.9503
8926 0.7351
8927 2.8227
8928 5.0300
8929 1.9792
8930 1.7476
8931 1.4106
8932 8.4985
8933 2.7827
8934 2.3403
8935   NaN
8936 1.7656
8937 25.0064
8938 2.7303
8939 14.6821
8940   NaN
8941 18.2909
8942 8.2626
8943 16.6946
8944   NaN
8945 5.7386
8946 10.1399
8947 8.2228
8948 3.8613
8949 3.9206
8950 10.0010
8951 4.3557
8952 1.5886
8953 12.2090
8954 2.7692
8955 8.0041
8956 7.6158
8957   NaN
8958 4.3825
8959 11.4167
8960 13.7141
8961 9.0904
8962 10.0375
8963 0.6955
8964 2.5062
8965 5.2210
8966 0.7550
8967 1.8833
8968 10.0398
8969 4.1539
8970 5.9505
8971 3.7147
8972 2.1694
8973 4.8121
8974 20.9513
8975 5.3336
8976 15.3809
8977   NaN
8978 6.2013
8979 2.2182
8980   NaN
8981 1.0017
8982 5.9825
8983 9.6029
8984 11.0131
8985 4.0657
8986 3.9473
8987 15.3585
8988 3.0979
8989 14.1622
8990 9.5299
8991 34.1197
8992 16.3221
8993 5.2963
8994 4.6803
8995 4.1094
8996 3.2817
8997 11.1239
8998 7.4018
8999 2.1443
9000   NaN
9001 0.3255
9002 10.6713
9003   NaN
9004 34.5201
9005 1.1715
9006 14.5989
9007 0.2794
9008 13.3465
9009 4.9487
9010 21.1216
9011 3.7657
9012 9.9360
9013 9.1282
9014 8.5026
9015 9.5809
9016 2.7702
9017 14.9463
9018 1.3645
9019 5.1943
9020 13.2357
9021   NaN
9022 12.2398
9023 2.7367
9024 23.9553
9025 10.6105
9026 4.3145
9027 3.0158
9028 13.1802
9029 0.9499
9030 3.9229
9031 1.5181
9032 3.2433
9033 2.7991
9034 1.7085
9035 4.9592
9036 2.2364
9037 6.7869
9038 1.5256
9039 9.7885
9040 1.3115
9041 2.2722
9042 16.4250
9043 11.2006
9044 1.9354
9045 16.5496
9046 0.5595
9047 9.5261
9048 1.7808
9049 0.9942
9050 6.6695
9051 9.7795
9052 1.4090
9053 12.6683
9054 17.3635
9055   NaN
9056 4.4611
9057 8.9905
9058 5.0766
9059 10.0139
9060 9.1947
9061 1.8764
9062 4.5121
9063 12.4102
9064 31.4112
9065 2.9981
9066 0.3042
9067 9.2109
9068 11.9148
9069 9.5376
9070 14.1899
9071 1.3125
9072 2.3373
9073 2.3807
9074 6.9907
9075 1.6902
9076 6.1963
9077 4.5675
9078 10.6874
9079 3.7477
9080 9.2474
9081 14.4636
9082 4.4100
9083   NaN
9084 7.4064
9085 7.6165
9086 9.1272
9087 5.7808
9088 13.2332
9089 14.8737
9090 10.8040
9091 13.2150
9092 21.7293
9093 12.2861
9094 7.4283
9095 10.5778
9096 10.1287
9097 0.8470
9098   NaN
9099 2.2055
9100 11.4903
9101 2.2180
9102 7.4234
9103 5.6615
9104 12.1455
9105 7.1421
9106 2.1707
9107 1.6089
9108 3.0951
9109 1.8295
9110 1.5247
9111 2.5945
9112 0.2778
9113 6.2439
9114 3.6520
9115 0.2845
9116 6.2908
9117 4.1410
9118 8.6363
9119 1.3508
9120 6.8982
9121 1.1297
9122 3.6760
9123 5.4251
9124 8.9586
9125 10.9530
9126 4.6254
9127 12.9626
9128 2.2625
9129 13.6422
9130 15.3254
9131 3.4799
9132 3.7042
9133 17.4439
9134 2.1727
9135 2.7078
9136 7.8027
9137 5.4098
9138 19.0703
9139 3.3955
9140 3.5622
9141 2.8934
9142 7.3081
9143 5.2856
9144 7.1654
9145 4.2162
9146 8.2894
9147 0.7753
9148 1.1081
9149 0.9457
9150 8.2468
9151 5.6796
9152 5.1143
9153 8.6253
9154 5.2596
9155 6.1877
9156 3.3225
9157 0.2190
9158 8.1123
9159 11.1747
9160 6.5144
9161 3.8742
9162 8.6659
9163 2.8346
9164 7.7050
9165 42.1216
9166 9.5379
9167 2.2937
9168 7.6392
9169 6.8115
9170 12.5218
9171 5.1796
9172 1.3200
9173 8.4512
9174 0.3318
9175 12.2452
9176 6.5673
9177 196.9236
9178 3.3097
9179 8.2910
9180 11.6933
9181 8.4495
9182 1.4990
9183 6.5186
9184 9.0061
9185 0.3459
9186 8.1169
9187 0.6034
9188 8.4510
9189 9.4535
9190 1.2758
9191 1.7372
9192 0.2499
9193 6.7267
9194 13.1541
9195 25.3208
9196 4.9544
9197 11.3834
9198 3.5276
9199 1.9719
9200 0.4454
9201 5.1872
9202 5.0535
9203 3.6300
9204 7.0928
9205 3.4886
9206 21.9272
9207 0.8742
9208 15.7538
9209 2.8795
9210 9.1632
9211 1.4943
9212 10.8742
9213 3.1355
9214 12.9600
9215 32.9916
9216 3.1362
9217 6.9859
9218 4.5322
9219 6.0579
9220 6.1728
9221 7.9243
9222   NaN
9223 6.8674
9224 28.2256
9225 8.7236
9226 6.6069
9227 1.8861
9228 0.9259
9229 8.6310
9230 6.1272
9231 1.8747
9232 1.5440
9233 0.3437
9234 8.7403
9235 6.6921
9236 0.9537
9237 1.5188
9238 6.9906
9239 6.5647
9240 0.8372
9241 15.9152
9242   NaN
9243 8.2466
9244 0.7103
9245 12.8647
9246 10.0678
9247 3.1535
9248 10.5545
9249 16.0202
9250 11.1612
9251 10.0161
9252 15.7157
9253 3.0630
9254 3.3183
9255 7.2482
9256 9.3244
9257 7.6011
9258 9.3499
9259 9.6517
9260   NaN
9261 7.7265
9262 2.2737
9263 2.1579
9264 16.7180
9265 10.7171
9266 17.3134
9267 0.5926
9268   NaN
9269 9.7027
9270 18.7209
9271 11.8367
9272 0.5264
9273 0.6648
9274   NaN
9275 17.7582
9276 0.3756
9277 12.3062
9278 5.4068
9279 1.7392
9280 15.4381
9281 17.7995
9282 4.1614
9283 9.0953
9284 12.5231
9285 29.1122
9286 16.8261
9287 8.9529
9288 0.8023
9289 4.0101
9290 9.3516
9291 25.6178
9292 3.1448
9293 15.9599
9294 3.6159
9295 2.0410
9296 3.8293
9297   NaN
9298 9.3435
9299 12.2818
9300 4.2295
9301 7.1368
9302 19.2725
9303 1.7773
9304 11.5161
9305 11.6045
9306 11.6126
9307   NaN
9308 2.2513
9309   NaN
9310 5.2260
9311 21.9593
9312 11.7956
9313 6.2939
9314 3.6274
9315 12.5410
9316 1.8970
9317 10.4464
9318 8.0814
9319 5.4812
9320 2.0825
9321 2.0302
9322 17.6269
9323 2.8719
9324 8.2876
9325 1.4571
9326 20.9118
9327 22.2425
9328 1.2887
9329 7.3906
9330 6.6170
9331 6.0803
9332 15.9615
9333 4.2959
9334 8.7050
9335 7.4321
9336 0.4372
9337 29.3889
9338 13.8964
9339 6.0752
9340 11.4921
9341 1.7918
9342 15.4760
9343   NaN
9344 7.2116
9345 14.6450
9346   NaN
9347 13.3963
9348 31.9918
9349 17.6401
9350 14.3071
9351 14.7894
9352 8.7858
9353 2.4329
9354 2.0305
9355 15.2994
9356 0.9783
9357   NaN
9358 10.0193
9359 0.7678
9360 10.3762
9361 14.2791
9362 21.9641
9363 17.1595
9364 6.2660
9365 1.0953
9366 4.0093
9367 31.1263
9368 6.0014
9369 16.1210
9370 3.0902
9371 1.7065
9372 15.6309
9373 14.4316
9374 3.5761
9375 8.6134
9376 5.7257
9377 12.2676
9378 6.3670
9379 3.4553
9380 0.5277
9381 0.5549
9382 12.3972
9383 4.4376
9384 4.1201
9385 7.2483
9386 24.1354
9387 7.5851
9388 0.5650
9389 11.4701
9390 2.2509
9391 8.2501
9392 9.0145
9393 1.8444
9394 107.1576
9395 15.2575
9396 15.9865
9397   NaN
9398 1.6446
9399 1.9103
9400 2.7738
9401 25.0749
9402 3.9841
9403 9.7788
9404 18.6083
9405 3.6316
9406 23.1858
9407 3.1745
9408 20.2821
9409 1.1623
9410 10.0252
9411 2.6890
9412 11.2495
9413 7.7618
9414 7.2096
9415 12.9397
9416 15.3974
9417 16.4243
9418   NaN
9419 21.0226
9420 1.6078
9421 5.2694
9422 10.8363
9423 4.2648
9424 0.2038
9425 6.8656
9426   NaN
9427 3.6682
9428 3.2756
9429 1.3253
9430 13.1061
9431 1.4393
9432 25.0220
9433   NaN
9434   NaN
9435 10.0359
9436 4.1227
9437 21.5792
9438 8.6674
9439 17.9638
9440   NaN
9441 1.2390
9442 0.8273
9443 1.1419
9444 4.8718
9445 9.8278
9446 13.4974
9447 29.9148
9448 12.4687
9449 0.2986
9450 7.7197
9451 0.5449
9452 3.7571
9453 3.1118
9454 2.9095
9455 2.6912
9456   NaN
9457 6.2482
9458 2.0477
9459 3.9131
9460 23.6009
9461 11.5435
9462 14.2454
9463 9.6481
9464 5.8493
9465 12.3460
9466 25.2742
9467 12.5133
9468 1.5083
9469 1.3289
9470 9.7355
9471 6.0992
9472 10.6624
9473 6.7472
9474 19.3244
9475 7.3053
9476 1.3670
9477 22.7182
9478 1.4577
9479 1.5121
9480 12.1480
9481 1.7449
9482 2.8861
9483 1.8945
9484   NaN
9485 11.5400
9486 3.0142
9487 2.1758
9488 2.2671
9489 1.1565
9490 10.3001
9491 16.6379
9492   NaN
9493 0.4605
9494 2.8842
9495 3.3886
9496 11.4936
9497 7.2957
9498 24.9581
9499 3.2167
9500 3.3586
9501 5.3081
9502 10.3178
9503 4.2319
9504 18.0807
9505 6.7887
9506 9.3542
9507 0.3404
9508 6.7139
9509 4.5889
9510 3.0910
9511 10.8245
9512 7.9281
9513 1.7684
9514 20.6692
9515 3.6500
9516 9.6280
9517 6.9358
9518 8.4955
9519 13.2372
9520 11.6473
9521 13.6526
9522 6.4458
9523   NaN
9524 3.1789
9525 11.3745
9526 9.4094
9527 1.9108
9528 2.9011
9529 4.9534
9530 0.3159
9531 12.8059
9532 3.4147
9533   NaN
9534   NaN
9535 15.1953
9536 0.5275
9537 4.6028
9538 16.3289
9539 19.7748
9540 5.9993
9541 0.2377
9542 9.4306
9543 4.4817
9544 6.7514
9545 3.2976
9546 5.7566
9547 9.6203
9548 4.8250
9549 24.2253
9550 7.0778
9551 16.5520
9552 0.7893
9553 6.2028
9554 3.3114
9555 3.3210
9556 5.5481
9557 34.7653
9558 9.6984
9559 27.2132
9560 8.7942
9561 18.6078
9562 11.1366
9563 31.8030
9564 6.5337
9565 1.6819
9566 1.3465
9567 7.4177
9568 4.3990
9569 1.5925
9570 13.3815
9571 2.4670
9572 1.4448
9573 9.1630
9574 12.1137
9575 11.8560
9576 12.5779
9577 7.0994
9578 4.1705
9579 3.1239
9580 18.9256
9581 6.6518
9582 0.2452
9583 18.0027
9584 8.0549
9585 3.2036
9586 8.8392
9587 4.1424
9588 2.3351
9589 8.6201
9590 13.7928
9591 2.8804
9592 10.2200
9593 23.9891
9594 5.3064
9595 5.4236
9596 4.4660
9597 19.3993
9598 7.4352
9599 21.1380
9600 27.3571
9601 12.8192
9602 17.3466
9603 12.2644
9604 15.5825
9605 3.1586
9606 3.3968
9607 8.7394
9608 2.2669
9609 8.8666
9610 5.2407
9611 15.2426
9612 0.4182
9613 3.2012
9614 10.6597
9615 7.6376
9616 8.6682
9617 21.6390
9618   NaN
9619   NaN
9620 16.3976
9621 17.6807
9622 5.0949
9623 17.6204
9624 29.5918
9625 12.0843
9626 15.6524
9627 10.7083
9628 1.3406
9629 11.2749
9630 17.9141
9631   NaN
9632 3.0050
9633 1.2336
9634   NaN
9635 10.6425
9636 1.2402
9637 14.4656
9638 7.5295
9639 14.3063
9640   NaN
9641 3.6977
9642 1.2445
9643 2.2600
9644 7.3113
9645 15.8310
9646 4.1811
9647 0.3635
9648 2.2368
9649 13.2490
9650 8.1183
9651 0.4567
9652 23.3428
9653 28.5172
9654 1.0951
9655 12.1103
9656 18.6899
9657 2.3346
9658 1.6668
9659 5.5427
9660 6.6243
9661 2.6627
9662 14.3265
9663 24.2140
9664 29.6987
9665 15.6913
9666 11.1354
9667 14.4569
9668 18.2924
9669 2.2324
9670 19.7291
9671 3.8572
9672 10.4060
9673 1.5004
9674 7.3442
9675 5.5647
9676   NaN
9677 6.7536
9678 17.7943
9679 7.2882
9680 5.9954
9681   NaN
9682 9.8643
9683 2.2640
9684 4.0274
9685 5.3931
9686 3.5869
9687 4.3863
9688 8.1448
9689 11.8434
9690 0.2730
9691 3.2935
9692 17.3575
9693 0.0920
9694 8.1704
9695 1.7552
9696 7.0022
9697 4.6460
9698 15.5613
9699 13.9106
9700 4.6871
9701 0.5655
9702 8.8597
9703 3.3184
9704 9.5749
9705 17.7725
9706 5.5979
9707 3.1748
9708 1.9888
9709 11.9251
9710 2.7115
9711 3.4823
9712 17.1372
9713 9.6153
9714 12.9619
9715 4.6921
9716 9.7690
9717 0.4560
9718   NaN
9719 2.7932
9720 4.0863
9721 10.5962
9722 0.7758
9723 0.9837
9724 3.8035
9725 16.5911
9726 8.3446
9727 9.7294
9728 1.1367
9729 2.1975
9730 10.9530
9731 3.0394
9732 13.1353
9733   NaN
9734 9.2051
9735 10.7226
9736 9.4243
9737 4.4483
9738 16.9916
9739 10.4257
9740 5.2729
9741 3.0279
9742 7.4422
9743 9.3413
9744 0.0809
9745 15.1400
9746 0.1160
9747 5.0103
9748 8.6021
9749 3.3103
9750 8.3266
9751   NaN
9752 4.1838
9753 14.1186
9754 4.2408
9755 2.8966
9756 5.9891
9757 7.2336
9758   NaN
9759 5.9038
9760 2.8051
9761 11.0165
9762 4.1861
9763   NaN
9764 10.4676
9765   NaN
9766 7.4513
9767 5.1630
9768 10.7278
9769 1.0912
9770 11.2402
9771 25.3812
9772 3.5266
9773 3.1776
9774 2.6676
9775 10.4022
9776 4.4777
9777 6.4300
9778 2.9770
9779   NaN
9780 5.9501
9781   NaN
9782 8.1536
9783 0.7465
9784 0.9871
9785 2.5941
9786 32.0630
9787 13.5668
9788 10.6755
9789 11.5711
9790 6.5232
9791 17.3640
9792 18.1507
9793   NaN
9794 1.4794
9795 7.9883
9796 8.6008
9797 12.0454
9798 11.6790
9799 27.5893
9800 4.6026
9801 11.0191
9802 2.4912
9803 4.6130
9804 6.2712
9805 2.3249
9806 16.4508
9807 21.7500
9808 1.1135
9809 10.2472
9810 8.2481
9811 2.6294
9812 6.5700
9813 0.6225
9814 2.3358
9815 7.9978
9816 10.5711
9817 6.4974
9818 13.9255
9819 11.8895
9820 5.8284
9821   NaN
9822 2.2846
9823 11.7863
9824 4.8241
9825   NaN
9826 1.6022
9827 5.0269
9828   NaN
9829 1.2773
9830 2.7448
9831 6.6525
9832 5.5220
9833 12.5518
9834 0.4639
9835 4.5677
9836 8.6439
9837 0.3002
9838 10.2182
9839 2.3993
9840 4.7726
9841 1.5862
9842 0.6733
9843 2.0199
9844 5.9920
9845 17.9635
9846 3.1518
9847 0.1301
9848 2.7753
9849 9.6097
9850 0.5760
9851 4.8373
9852 12.4961
9853 1.9303
9854 2.6005
9855 2.5740
9856 10.2605
9857 15.5718
9858 2.4673
9859 0.3382
9860 1.3242
9861 4.8277
9862 5.8101
9863 0.3369
9864 5.1202
9865 12.2455
9866   NaN
9867 33.8161
9868 0.9328
9869 13.9940
9870 1.8235
9871 26.7741
9872 6.8571
9873 9.0469
9874 4.1928
9875 6.0892
9876 17.1823
9877 15.7723
9878 1.9962
9879 1.8247
9880 2.4899
9881 7.8464
9882 9.8686
9883 7.2895
9884 9.0065
9885 0.1388
9886 2.3716
9887 2.0777
9888 2.9243
9889 21.8778
9890 8.7585
9891   NaN
9892 5.4569
9893 2.7497
9894 18.5646
9895 6.1483
9896 3.2338
9897 4.6082
9898 7.5647
9899 11.2873
9900 4.9907
9901 1.5327
9902   NaN
9903 2.4254
9904 1.8865
9905 1.7224
9906 5.9603
9907 7.0793
9908 7.9381
9909 1.8348
9910 12.0020
9911 0.6698
9912 6.1998
9913 21.2098
9914 0.3155
9915 2.9530
9916 3.0885
9917 7.2037
9918 7.3166
9919 2.1551
9920 6.3968
9921 0.3442
9922 0.7502
9923 5.7556
9924 1.3590
9925 3.6172
9926 11.3400
9927 11.7981
9928 5.4657
9929 7.5729
9930 2.2436
9931 7.0682
9932 13.0672
9933 1.0790
9934 0.9651
9935 10.3762
9936 1.4307
9937 17.1521
9938 0.4623
9939 15.1824
9940 19.3874
9941 14.9904
9942 10.0122
9943 8.9653
9944 5.2896
9945 3.1426
9946 7.1916
9947 3.5291
9948   NaN
9949   NaN
9950 3.9283
9951 15.2195
9952 1.1076
9953 16.3717
9954 45.8961
9955 13.1859
9956 6.6232
9957 4.6578
9958 5.6816
9959 11.8391
9960 2.5276
9961   NaN
9962 3.2304
9963 3.3734
9964 2.5313
9965 6.6132
9966 0.6158
9967 1.1828
9968 16.5192
9969 6.0102
9970 7.0462
9971 7.7035
9972 0.4265
9973 15.1426
9974 17.5042
9975 8.2279
9976 18.1731
9977 2.0467
9978 7.6896
9979 26.3204
9980 3.1592
9981 8.2625
9982 2.2140
9983 4.3769
9984 13.1912
9985 5.0675
9986 5.1479
9987 8.4921
9988 17.1337
9989 7.5572
9990 14.3652
9991 9.0210
9992 7.2853
9993 4.8862
9994 20.6854
9995 3.2617
9996 14.2301
9997 7.6836
9998 8.4294
9999 1.4554
10000 6.0444
