   1 0.4645
   2 0.1041
   3 0.3699
   4 0.1756
   5 0.1144
   6 0.2416
   7 0.1744
   8 0.3941
   9 0.1117
  10 0.3508
  11 0.5558
  12 0.2044
  13 0.3279
  14 0.2979
  15 0.2446
  16 0.2256
  17 0.2728
  18 0.0818
  19 0.0738
  20 0.1419
  21 1.3497
  22 0.1438
  23 0.2092
  24 0.1752
  25 0.3093
  26 0.1703
  27 0.1685
  28 0.2297
  29 0.2933
  30 0.4948
  31 0.4518
  32 0.1370
  33 0.1150
  34 0.3048
  35 0.1128
  36 0.1020
  37 0.2083
  38 0.1965
  39 0.1362
  40 0.4599
  41 0.4081
  42 0.1044
  43 0.1161
  44 0.0796
  45 0.5277
  46 0.4656
  47 0.0911
  48 0.1102
  49 0.2324
  50 0.1075
  51 0.4467
  52 0.2451
  53 0.3789
  54 1.1927
  55 0.0752
  56 0.1874
  57 0.1228
  58 0.2822
  59 0.5187
  60 0.2579
  61 0.2188
  62 0.5970
  63 0.3875
  64 0.2709
  65 0.1399
  66 0.1031
  67 0.6512
  68 0.0936
  69 0.6068
  70 0.1171
  71 0.1049
  72 0.1025
  73 0.1785
  74 0.0690
  75 0.2361
  76 0.1906
  77 0.3276
  78 0.1015
  79 0.0796
  80 0.5367
  81 0.1369
  82 0.7041
  83 0.0920
  84 0.1351
  85 0.1417
  86 0.2318
  87 0.1103
  88 0.2673
  89 0.5298
  90 0.1221
  91 0.1782
  92 0.1320
  93 0.1593
  94 0.1302
  95 0.7481
  96 0.2520
  97 0.0782
  98 1.2992
  99 0.4244
 100 0.0984
 101 0.1513
 102 0.4005
 103 0.1658
 104 0.3712
 105 0.1529
 106 0.1177
 107 0.1435
 108 0.0955
 109 0.8988
 110 0.0934
 111 0.0940
 112 0.2439
 113 0.1120
 114 0.1349
 115 0.2976
 116 0.3556
 117 0.1105
 118 0.1901
 119 0.2319
 120 0.1171
 121 0.3342
 122 0.1204
 123 0.2138
 124 0.3889
 125 0.2359
 126 0.1498
 127 0.0993
 128 0.0882
 129 0.1445
 130 0.2774
 131 0.5154
 132 1.4368
 133 0.9214
 134 0.0926
 135 0.1216
 136 0.1414
 137 0.2192
 138 0.3676
 139 0.0918
 140 0.1026
 141 0.1038
 142 0.0734
 143 0.0931
 144 0.5554
 145 0.0734
 146 0.1594
 147 0.7702
 148 0.7313
 149 0.1232
 150 0.1229
 151 0.1308
 152 0.1590
 153 0.2033
 154 0.1941
 155 1.0459
 156 0.0960
 157 0.0695
 158 0.1215
 159 0.1439
 160 0.1118
 161 0.0995
 162 0.2201
 163 0.1510
 164 0.1552
 165 1.1870
 166 0.3169
 167 0.0829
 168 0.1734
 169 0.4014
 170 0.6542
 171 0.2738
 172 0.0937
 173 0.1523
 174 0.0916
 175 0.1103
 176 0.1346
 177 0.2146
 178 0.2710
 179 0.0792
 180 0.0933
 181 0.0903
 182 0.2835
 183 0.2852
 184 0.2902
 185 0.2481
 186 0.1069
 187 0.1076
 188 0.1476
 189 0.1194
 190 0.1288
 191 0.2797
 192 0.0853
 193 0.2612
 194 0.1845
 195 0.0948
 196 0.1327
 197 0.2867
 198 0.1028
 199 0.1207
 200 0.2037
 201 0.2936
 202 0.1307
 203 0.6574
 204 0.1554
 205 0.2776
 206 0.2747
 207 1.2450
 208 0.3184
 209 0.1317
 210 0.1938
 211 0.0813
 212 0.0829
 213 0.4486
 214 0.1206
 215 0.0925
 216 0.7559
 217 0.7733
 218 0.1944
 219 0.1811
 220 0.2569
 221 0.2054
 222 0.0852
 223 0.1581
 224 0.1448
 225 0.0837
 226 0.0700
 227 0.0736
 228 0.1973
 229 0.1222
 230 0.4136
 231 0.1801
 232 0.2450
 233 0.1127
 234 0.1229
 235 0.1046
 236 0.3340
 237 0.1916
 238 0.0860
 239 0.2456
 240 0.4564
 241 0.3294
 242 0.2177
 243 1.3659
 244 0.3780
 245 0.0758
 246 0.6335
 247 0.4332
 248 0.3069
 249 0.0681
 250 0.5122
 251 0.0967
 252 0.2222
 253 0.2567
 254 0.1218
 255 0.3019
 256 0.3797
 257 0.1790
 258 0.1186
 259 0.3623
 260 0.0863
 261 0.5515
 262 0.1634
 263 0.3146
 264 0.2595
 265 0.1465
 266 0.1339
 267 0.1195
 268 0.1194
 269 0.1369
 270 0.0708
 271 0.5873
 272 0.0989
 273 0.4862
 274 0.9353
 275 0.4474
 276 0.1523
 277 0.1319
 278 0.1382
 279 0.5586
 280 0.3459
 281 0.2667
 282 0.0725
 283 0.1288
 284 0.1018
 285 0.0773
 286 0.1473
 287 0.1311
 288 0.7962
 289 0.2006
 290 0.6236
 291 0.0859
 292 0.5060
 293 0.3625
 294 0.1472
 295 0.1605
 296 0.3583
 297 0.2949
 298 0.0798
 299 0.0681
 300 0.2422
 301 0.6152
 302 0.0893
 303 0.0873
 304 0.2926
 305 0.4564
 306 0.1145
 307 0.0790
 308 0.1131
 309 0.0986
 310 0.0810
 311 0.0780
 312 0.1117
 313 0.1175
 314 0.1895
 315 0.0806
 316 0.1470
 317 0.1026
 318 0.1026
 319 0.5729
 320 0.2042
 321 0.5140
 322 0.1261
 323 0.0779
 324 0.5291
 325 0.1193
 326 0.0969
 327 0.0926
 328 0.0854
 329 0.1112
 330 0.3727
 331 0.0694
 332 0.3474
 333 0.0957
 334 0.1396
 335 0.1781
 336 0.2656
 337 0.2232
 338 0.3925
 339 0.3352
 340 0.0813
 341 0.1047
 342 0.4807
 343 0.2846
 344 0.2516
 345 0.2492
 346 0.0704
 347 0.1020
 348 0.4008
 349 0.1044
 350 0.1308
 351 0.1241
 352 0.1012
 353 0.2369
 354 0.2274
 355 0.1050
 356 0.3862
 357 0.1779
 358 0.1963
 359 0.3115
 360 0.1726
 361 0.1001
 362 0.1703
 363 0.2367
 364 0.0826
 365 0.1366
 366 0.0819
 367 0.6921
 368 0.4388
 369 0.0744
 370 0.1004
 371 0.2337
 372 0.1109
 373 0.2387
 374 0.1715
 375 0.1411
 376 0.2364
 377 0.2767
 378 0.0714
 379 0.1104
 380 0.1148
 381 0.3128
 382 0.1431
 383 0.2296
 384 0.2598
 385 0.1713
 386 0.2291
 387 0.4618
 388 0.5911
 389 0.1036
 390 0.2415
 391 0.0805
 392 0.2542
 393 0.3012
 394 0.0799
 395 0.1122
 396 0.1066
 397 0.0829
 398 0.1955
 399 0.1339
 400 0.1727
 401 0.5922
 402 0.0867
 403 0.1201
 404 0.0753
 405 0.2561
 406 0.1344
 407 0.3260
 408 0.2118
 409 0.1968
 410 0.0890
 411 0.1597
 412 0.9365
 413 0.1120
 414 0.2047
 415 0.1966
 416 0.0897
 417 0.1774
 418 0.1235
 419 0.1159
 420 0.3003
 421 0.2847
 422 0.1611
 423 0.0992
 424 0.1470
 425 0.1151
 426 0.1224
 427 0.1167
 428 0.0727
 429 0.2736
 430 0.1074
 431 0.3003
 432 0.1178
 433 0.1233
 434 0.7030
 435 0.1539
 436 0.0968
 437 0.3532
 438 0.2986
 439 0.1509
 440 0.0975
 441 0.1256
 442 0.1617
 443 0.5785
 444 0.0987
 445 0.2317
 446 0.1277
 447 0.2218
 448 0.1051
 449 0.1025
 450 0.3033
 451 0.1322
 452 0.1742
 453 0.1323
 454 0.7570
 455 0.1653
 456 0.7057
 457 0.0870
 458 0.1681
 459 0.4232
 460 0.3004
 461 0.4145
 462 0.1118
 463 0.0683
 464 0.3719
 465 0.0765
 466 0.0675
 467 0.4562
 468 0.2411
 469 0.1760
 470 0.3250
 471 0.0731
 472 0.1906
 473 0.0933
 474 0.1548
 475 0.1516
 476 0.1500
 477 0.2663
 478 0.2783
 479 0.0932
 480 0.1606
 481 0.3484
 482 0.0638
 483 0.1284
 484 0.2952
 485 0.2277
 486 0.9035
 487 0.1081
 488 0.2271
 489 0.1088
 490 0.0776
 491 0.2393
 492 0.4455
 493 0.9792
 494 0.1104
 495 0.1070
 496 0.1390
 497 0.1563
 498 0.1957
 499 0.0803
 500 0.0838
 501 0.3142
 502 0.0783
 503 0.0726
 504 0.3856
 505 0.8690
 506 0.1382
 507 0.3582
 508 0.4498
 509 0.1244
 510 0.2653
 511 0.2019
 512 0.0873
 513 0.3072
 514 0.1145
 515 0.1330
 516 0.0752
 517 0.0763
 518 0.3022
 519 0.1066
 520 0.1452
 521 0.0910
 522 0.2213
 523 0.2464
 524 0.0896
 525 0.0678
 526 0.0914
 527 0.1131
 528 0.3944
 529 0.1327
 530 0.2286
 531 0.2613
 532 0.6225
 533 0.0945
 534 0.0833
 535 0.0891
 536 0.1353
 537 0.2244
 538 0.1763
 539 0.2778
 540 0.1430
 541 0.3296
 542 0.5442
 543 0.1034
 544 0.4015
 545 0.0761
 546 0.1679
 547 0.2380
 548 0.3436
 549 0.1066
 550 0.1212
 551 0.4126
 552 0.0846
 553 0.1218
 554 0.2982
 555 0.1308
 556 0.2015
 557 0.0785
 558 0.2698
 559 0.1845
 560 0.6357
 561 0.1647
 562 0.0864
 563 0.3438
 564 0.1349
 565 0.2502
 566 0.6730
 567 0.2629
 568 0.1213
 569 0.1076
 570 0.1358
 571 0.1245
 572 0.0817
 573 0.5907
 574 0.2445
 575 0.3812
 576 0.1366
 577 0.0908
 578 0.0690
 579 0.1389
 580 0.2273
 581 0.0830
 582 0.1088
 583 0.1096
 584 0.2868
 585 0.0851
 586 0.0880
 587 0.3307
 588 0.4717
 589 0.1357
 590 0.2759
 591 0.4086
 592 0.2722
 593 0.4419
 594 0.4586
 595 0.1105
 596 0.1212
 597 0.0900
 598 0.2743
 599 1.0311
 600 0.0779
 601 0.1222
 602 0.3167
 603 0.0970
 604 0.2586
 605 0.2105
 606 0.0957
 607 0.7987
 608 0.3151
 609 0.2924
 610 0.1145
 611 0.1498
 612 0.2381
 613 0.3354
 614 0.4048
 615 0.1029
 616 0.2085
 617 0.0990
 618 0.3114
 619 0.2751
 620 0.0957
 621 0.3044
 622 0.4164
 623 0.7523
 624 0.1090
 625 1.2429
 626 0.0844
 627 0.1581
 628 0.1030
 629 0.1126
 630 0.0811
 631 0.4095
 632 0.1080
 633 0.1286
 634 0.1262
 635 0.2635
 636 0.0929
 637 0.1129
 638 0.2089
 639 0.2014
 640 0.3894
 641 0.2084
 642 0.7139
 643 0.5450
 644 0.5028
 645 0.1197
 646 0.0981
 647 0.1843
 648 0.3874
 649 0.2076
 650 0.1239
 651 0.6004
 652 0.1352
 653 0.5091
 654 0.3227
 655 0.1194
 656 0.2921
 657 0.1421
 658 0.2997
 659 0.0878
 660 1.4522
 661 0.3563
 662 0.2872
 663 0.3031
 664 0.1006
 665 0.2596
 666 0.2198
 667 0.2129
 668 0.2790
 669 0.1154
 670 0.4029
 671 0.3979
 672 0.1901
 673 0.3265
 674 0.1175
 675 0.2576
 676 0.2245
 677 0.1533
 678 0.0963
 679 0.4662
 680 0.1413
 681 0.3372
 682 0.4592
 683 0.1123
 684 0.1088
 685 0.1176
 686 0.3335
 687 0.6932
 688 0.0711
 689 0.1085
 690 0.1069
 691 0.1048
 692 0.0918
 693 0.4074
 694 0.0835
 695 0.1103
 696 1.2894
 697 0.1205
 698 0.0858
 699 0.3067
 700 0.2474
 701 0.1179
 702 1.3620
 703 0.8093
 704 0.1181
 705 0.0968
 706 0.1185
 707 0.4784
 708 0.3154
 709 1.3521
 710 0.1450
 711 0.1466
 712 0.2395
 713 0.1038
 714 0.8262
 715 0.6308
 716 0.1036
 717 0.1449
 718 0.2839
 719 0.1504
 720 0.1565
 721 0.1117
 722 0.1287
 723 0.4273
 724 0.3407
 725 0.1193
 726 0.1250
 727 0.1060
 728 0.3574
 729 0.4350
 730 0.3708
 731 0.2595
 732 0.0793
 733 0.2199
 734 0.3412
 735 0.1208
 736 0.0884
 737 0.2984
 738 0.1817
 739 0.4915
 740 0.1821
 741 0.1040
 742 0.0819
 743 0.0987
 744 0.1642
 745 0.0892
 746 0.1260
 747 0.0930
 748 0.4587
 749 0.1107
 750 0.1995
 751 0.0945
 752 0.3258
 753 0.1827
 754 0.1517
 755 0.1655
 756 0.1453
 757 0.1616
 758 0.4294
 759 0.1255
 760 0.0974
 761 0.2613
 762 0.1950
 763 0.3625
 764 0.2983
 765 0.3447
 766 0.3944
 767 0.3363
 768 0.0820
 769 0.1288
 770 0.1093
 771 0.1020
 772 0.9637
 773 0.4851
 774 0.1114
 775 0.1022
 776 0.4327
 777 0.0905
 778 0.1450
 779 0.3997
 780 0.1527
 781 0.1813
 782 0.4366
 783 0.1494
 784 0.7504
 785 0.1708
 786 0.2214
 787 0.1315
 788 0.0975
 789 0.1232
 790 0.1078
 791 0.2463
 792 0.1031
 793 0.1174
 794 0.5020
 795 0.1653
 796 0.0758
 797 0.2003
 798 0.1096
 799 0.2414
 800 0.2406
 801 0.1262
 802 0.1035
 803 0.1623
 804 0.1240
 805 0.0779
 806 0.2903
 807 0.1165
 808 1.8093
 809 0.0869
 810 0.1382
 811 0.5755
 812 0.0922
 813 0.1906
 814 0.5790
 815 0.0843
 816 0.1176
 817 0.1179
 818 0.0911
 819 0.0628
 820 0.2554
 821 0.1179
 822 0.4197
 823 0.0951
 824 0.1000
 825 0.1223
 826 0.1628
 827 0.4624
 828 0.3540
 829 0.3029
 830 0.2497
 831 0.1037
 832 0.4538
 833 0.1925
 834 0.3922
 835 0.2933
 836 0.2535
 837 0.1346
 838 0.1978
 839 0.3381
 840 0.2019
 841 0.3056
 842 0.1925
 843 0.1111
 844 0.0892
 845 0.1421
 846 0.4612
 847 0.2693
 848 0.1611
 849 0.4624
 850 0.5047
 851 0.2060
 852 0.0783
 853 0.0773
 854 0.0975
 855 0.1113
 856 0.1714
 857 0.2044
 858 0.0678
 859 0.3153
 860 0.0717
 861 0.1279
 862 0.1085
 863 0.2494
 864 0.1270
 865 0.1699
 866 0.6851
 867 1.1032
 868 0.3655
 869 0.1380
 870 0.3115
 871 0.2073
 872 0.3913
 873 0.1261
 874 0.4958
 875 0.2106
 876 0.3676
 877 0.1605
 878 1.0140
 879 0.2894
 880 0.0862
 881 0.7213
 882 0.0961
 883 0.1345
 884 0.1231
 885 0.1306
 886 0.1408
 887 0.4112
 888 0.2946
 889 0.1893
 890 0.1144
 891 0.1451
 892 0.0972
 893 0.0707
 894 0.0789
 895 0.1437
 896 0.4090
 897 0.2668
 898 0.0756
 899 0.4807
 900 0.1590
 901 0.1378
 902 0.4054
 903 0.0850
 904 0.1703
 905 0.1822
 906 0.1026
 907 0.2033
 908 0.0906
 909 0.3881
 910 0.1649
 911 0.0905
 912 0.2492
 913 0.1262
 914 0.1090
 915 0.3748
 916 0.1399
 917 0.5156
 918 0.0823
 919 1.1254
 920 0.1353
 921 0.4031
 922 0.4295
 923 0.0758
 924 0.1777
 925 0.0928
 926 0.4573
 927 0.0852
 928 0.1429
 929 0.6535
 930 0.2053
 931 0.0855
 932 0.3891
 933 0.0778
 934 0.5118
 935 0.1247
 936 0.1327
 937 0.9271
 938 0.6339
 939 0.4833
 940 0.3367
 941 0.1402
 942 0.0703
 943 0.1420
 944 0.1224
 945 0.1177
 946 0.0788
 947 0.6159
 948 0.0860
 949 0.0905
 950 0.1226
 951 0.1487
 952 0.1071
 953 0.3188
 954 0.2564
 955 0.3965
 956 0.3888
 957 0.1431
 958 0.4630
 959 0.1384
 960 0.1013
 961 0.2267
 962 0.1543
 963 0.0818
 964 0.0974
 965 0.4329
 966 0.4450
 967 0.0910
 968 0.2846
 969 0.0901
 970 0.8044
 971 0.1537
 972 0.1296
 973 0.1301
 974 0.6167
 975 0.0649
 976 0.2089
 977 0.0827
 978 0.2594
 979 0.3245
 980 0.1351
 981 0.1194
 982 0.1738
 983 0.1559
 984 0.0964
 985 0.4855
 986 0.1203
 987 0.3622
 988 0.1390
 989 0.1946
 990 0.2665
 991 0.3433
 992 0.2724
 993 0.1353
 994 0.1417
 995 0.0949
 996 0.4872
 997 0.0944
 998 0.0767
 999 0.1754
1000 0.1318
1001 0.2760
1002 0.3421
1003 0.1175
1004 0.2451
1005 0.9470
1006 0.0849
1007 0.1442
1008 0.2698
1009 0.5941
1010 0.1201
1011 0.2451
1012 0.1259
1013 0.1044
1014 0.0662
1015 0.2178
1016 0.1101
1017 0.1051
1018 0.2849
1019 0.1047
1020 0.1751
1021 0.1055
1022 0.1253
1023 0.1666
1024 0.8749
1025 0.1850
1026 0.0861
1027 0.0999
1028 0.4647
1029 0.0890
1030 0.1733
1031 0.1204
1032 0.6673
1033 0.1003
1034 0.3168
1035 1.5645
1036 0.2133
1037 0.2351
1038 0.2608
1039 0.3399
1040 0.1611
1041 0.1767
1042 0.1654
1043 0.0999
1044 0.1044
1045 0.0898
1046 0.3576
1047 0.0608
1048 0.3879
1049 0.2794
1050 0.0914
1051 0.3984
1052 0.1655
1053 0.1509
1054 0.4665
1055 0.1289
1056 0.0898
1057 0.0742
1058 0.3403
1059 0.0944
1060 0.5031
1061 0.0680
1062 0.1196
1063 0.6660
1064 0.1274
1065 0.2801
1066 0.1298
1067 0.4096
1068 0.9092
1069 0.1190
1070 0.2943
1071 0.1359
1072 0.2728
1073 0.3795
1074 0.1061
1075 0.3798
1076 0.1004
1077 0.4351
1078 0.2835
1079 0.1344
1080 0.1072
1081 1.1939
1082 0.0891
1083 0.1706
1084 0.0877
1085 0.2193
1086 0.2884
1087 0.2445
1088 0.1523
1089 0.1061
1090 0.3112
1091 0.2240
1092 0.4839
1093 0.1301
1094 0.1484
1095 0.2203
1096 0.1896
1097 0.0938
1098 0.3568
1099 0.1004
1100 0.1875
1101 0.0917
1102 0.1073
1103 0.5560
1104 0.1295
1105 0.3229
1106 0.3762
1107 0.8245
1108 0.1337
1109 0.0803
1110 0.6470
1111 0.4961
1112 0.2827
1113 0.3491
1114 0.4689
1115 0.1214
1116 0.1867
1117 0.2637
1118 0.4191
1119 0.1534
1120 0.1328
1121 0.2256
1122 0.2608
1123 0.1046
1124 0.0792
1125 0.3211
1126 0.1175
1127 0.2631
1128 0.1114
1129 0.4729
1130 0.1831
1131 0.1250
1132 0.1108
1133 0.1966
1134 0.1145
1135 0.4442
1136 0.9377
1137 0.3860
1138 0.5278
1139 0.4207
1140 0.1322
1141 0.1554
1142 0.3169
1143 0.2542
1144 0.1067
1145 0.1091
1146 0.1304
1147 0.0747
1148 0.2200
1149 0.1452
1150 0.1395
1151 0.3442
1152 0.1965
1153 0.1538
1154 0.1228
1155 0.0887
1156 0.3982
1157 0.2624
1158 0.1033
1159 0.1263
1160 0.2788
1161 0.4893
1162 0.2189
1163 0.1076
1164 0.1602
1165 0.0986
1166 0.2502
1167 0.4240
1168 0.2388
1169 0.1373
1170 0.2199
1171 0.1100
1172 0.1689
1173 0.2517
1174 0.1308
1175 0.2650
1176 0.1076
1177 0.1067
1178 0.1446
1179 0.1420
1180 0.0932
1181 0.1605
1182 0.1507
1183 0.1021
1184 0.3048
1185 0.2229
1186 1.3033
1187 0.0697
1188 0.4859
1189 0.0990
1190 0.4117
1191 0.0878
1192 0.1767
1193 0.0833
1194 0.2325
1195 0.1414
1196 0.1186
1197 0.3953
1198 0.1254
1199 0.1294
1200 0.1493
1201 0.2431
1202 0.1229
1203 0.2821
1204 0.1213
1205 0.1141
1206 0.1081
1207 0.5281
1208 1.5815
1209 0.0727
1210 0.3317
1211 0.1285
1212 0.1835
1213 0.2201
1214 0.1827
1215 0.1059
1216 0.4714
1217 0.0956
1218 0.1110
1219 0.2012
1220 0.1900
1221 0.1612
1222 0.1406
1223 0.1756
1224 0.5668
1225 0.2134
1226 0.1018
1227 0.1024
1228 0.2086
1229 0.4602
1230 0.2685
1231 0.1057
1232 0.2301
1233 0.1940
1234 0.2909
1235 1.5650
1236 0.3487
1237 0.3722
1238 0.6212
1239 0.3276
1240 0.0671
1241 0.1144
1242 0.0959
1243 0.1965
1244 0.1368
1245 0.3729
1246 0.2862
1247 0.1349
1248 0.1514
1249 0.6603
1250 0.1055
1251 0.1465
1252 0.4263
1253 0.1789
1254 0.0897
1255 0.1360
1256 0.3561
1257 0.1777
1258 0.1938
1259 0.1425
1260 0.1099
1261 0.1191
1262 0.2929
1263 0.1394
1264 0.3096
1265 0.1147
1266 0.1415
1267 0.0885
1268 0.3256
1269 0.1564
1270 0.2353
1271 0.3507
1272 0.0740
1273 0.1940
1274 0.1196
1275 0.6488
1276 0.6518
1277 0.3431
1278 0.1236
1279 0.7716
1280 0.1455
1281 0.0780
1282 0.1092
1283 0.7730
1284 0.1101
1285 0.0890
1286 0.4185
1287 0.1222
1288 0.2254
1289 0.5526
1290 0.3264
1291 0.3214
1292 0.4928
1293 0.1751
1294 0.6579
1295 0.2024
1296 0.0921
1297 0.4937
1298 0.2238
1299 0.1621
1300 0.1772
1301 0.3620
1302 0.1403
1303 0.3254
1304 0.1150
1305 0.1595
1306 0.2697
1307 0.3225
1308 0.1569
1309 0.1499
1310 0.1192
1311 0.2007
1312 0.1414
1313 1.7755
1314 0.0891
1315 0.1367
1316 0.1279
1317 0.2591
1318 0.1088
1319 0.0836
1320 0.4798
1321 0.2235
1322 0.0910
1323 0.9033
1324 0.1092
1325 0.1222
1326 0.3413
1327 0.1551
1328 0.1884
1329 0.3348
1330 0.3467
1331 0.1431
1332 0.6630
1333 0.1119
1334 0.1185
1335 0.1420
1336 0.0734
1337 0.2794
1338 0.2515
1339 0.2237
1340 0.1964
1341 0.1244
1342 0.2445
1343 0.0881
1344 0.4315
1345 0.5499
1346 0.3961
1347 0.2009
1348 0.0734
1349 0.2347
1350 0.3611
1351 0.8147
1352 0.3085
1353 0.0771
1354 0.6192
1355 0.0885
1356 0.1200
1357 0.4303
1358 0.1549
1359 0.2329
1360 0.1278
1361 0.1196
1362 0.0902
1363 0.1123
1364 0.0950
1365 0.3626
1366 0.3882
1367 0.2958
1368 0.3536
1369 0.2194
1370 0.1430
1371 0.2296
1372 0.1215
1373 0.4255
1374 0.2645
1375 0.1024
1376 0.1298
1377 0.4418
1378 0.1355
1379 0.4633
1380 0.3330
1381 0.2071
1382 0.0852
1383 0.1288
1384 0.1497
1385 0.1500
1386 0.1404
1387 0.2645
1388 0.2119
1389 0.4021
1390 0.0846
1391 0.1024
1392 0.2759
1393 0.0949
1394 0.1512
1395 0.4393
1396 0.2551
1397 0.3549
1398 0.3036
1399 0.1316
1400 0.2132
1401 0.1435
1402 0.0868
1403 0.1539
1404 0.7447
1405 0.1503
1406 0.3696
1407 0.7254
1408 0.3247
1409 0.2346
1410 0.1204
1411 0.2155
1412 0.1205
1413 0.1286
1414 0.2363
1415 0.0991
1416 0.0792
1417 0.2357
1418 0.1037
1419 0.2395
1420 0.4755
1421 0.1131
1422 0.7260
1423 0.2143
1424 0.0987
1425 0.1212
1426 0.1290
1427 0.2996
1428 0.1150
1429 0.4980
1430 0.1750
1431 0.1262
1432 0.1225
1433 0.1436
1434 0.1634
1435 0.1103
1436 0.0680
1437 0.2286
1438 0.1283
1439 1.2019
1440 0.1512
1441 0.0962
1442 0.1081
1443 0.1171
1444 0.1475
1445 0.2113
1446 0.1457
1447 0.0931
1448 0.1285
1449 0.4819
1450 0.1125
1451 0.1597
1452 0.8567
1453 0.1209
1454 0.4018
1455 0.0859
1456 0.1783
1457 0.6445
1458 0.0843
1459 0.1049
1460 0.0962
1461 1.0312
1462 0.0909
1463 0.2054
1464 0.1305
1465 0.1119
1466 0.1591
1467 0.4358
1468 0.2367
1469 0.2346
1470 0.1389
1471 0.3691
1472 0.1557
1473 0.2758
1474 0.1164
1475 0.3593
1476 0.1793
1477 0.1036
1478 0.1318
1479 0.0782
1480 0.2318
1481 0.1092
1482 0.1504
1483 0.4743
1484 0.3494
1485 0.2778
1486 0.3285
1487 0.3195
1488 0.2790
1489 0.1833
1490 0.3039
1491 0.6196
1492 0.2669
1493 0.3370
1494 0.0711
1495 0.4812
1496 0.0949
1497 0.1681
1498 0.0906
1499 0.3224
1500 0.0793
1501 0.1157
1502 0.4248
1503 0.1983
1504 0.2620
1505 0.0865
1506 0.2392
1507 0.1154
1508 0.0862
1509 0.3274
1510 0.5785
1511 0.9843
1512 0.3910
1513 0.3225
1514 0.1603
1515 0.2368
1516 0.4581
1517 0.0973
1518 0.1149
1519 0.2343
1520 0.1465
1521 0.2105
1522 0.4900
1523 0.1967
1524 0.3025
1525 0.3676
1526 0.1112
1527 0.2142
1528 0.0843
1529 0.1020
1530 0.2779
1531 0.1793
1532 0.5003
1533 0.1798
1534 0.2955
1535 0.0930
1536 0.0867
1537 0.6048
1538 0.5312
1539 0.2734
1540 0.3212
1541 0.3051
1542 0.1989
1543 0.2038
1544 0.0982
1545 0.1021
1546 0.2453
1547 0.4543
1548 2.4837
1549 0.2364
1550 0.0794
1551 0.0950
1552 0.2974
1553 0.0945
1554 0.4280
1555 0.1025
1556 0.2280
1557 0.1338
1558 0.2500
1559 0.1229
1560 0.1357
1561 0.1142
1562 0.3054
1563 0.2615
1564 0.3227
1565 0.5286
1566 0.2206
1567 0.4108
1568 0.3986
1569 0.1982
1570 0.1439
1571 0.0848
1572 0.6847
1573 0.2851
1574 0.3091
1575 0.0843
1576 0.2566
1577 0.0789
1578 0.1834
1579 0.2144
1580 0.2534
1581 0.1180
1582 0.1009
1583 0.1104
1584 0.3946
1585 0.1159
1586 0.1160
1587 0.4766
1588 0.1335
1589 0.1287
1590 0.3491
1591 0.0730
1592 0.1122
1593 0.1201
1594 0.5273
1595 0.0808
1596 0.2145
1597 0.1566
1598 0.0881
1599 0.1067
1600 0.3007
1601 0.5757
1602 0.2395
1603 0.4782
1604 0.3566
1605 0.4631
1606 0.2732
1607 1.3160
1608 0.1374
1609 0.1031
1610 0.3899
1611 0.1317
1612 0.1918
1613 0.1063
1614 0.0798
1615 0.8327
1616 0.1121
1617 0.3508
1618 0.1498
1619 0.1263
1620 0.3747
1621 0.1082
1622 0.2262
1623 0.2331
1624 0.2066
1625 0.1183
1626 0.1027
1627 0.7789
1628 0.2571
1629 0.6629
1630 0.3433
1631 0.0888
1632 0.1311
1633 0.0946
1634 0.2590
1635 0.0960
1636 0.0991
1637 0.0853
1638 0.1150
1639 0.1091
1640 0.5095
1641 0.3162
1642 0.2179
1643 0.1795
1644 0.1448
1645 0.0945
1646 0.1146
1647 1.7334
1648 0.2829
1649 0.4130
1650 0.1507
1651 0.1953
1652 0.4392
1653 0.3232
1654 0.2057
1655 0.2218
1656 0.5740
1657 0.1813
1658 0.1028
1659 0.1622
1660 0.1150
1661 3.4731
1662 0.1851
1663 0.1065
1664 0.1139
1665 1.9494
1666 0.0957
1667 0.3927
1668 0.1958
1669 0.0772
1670 0.1004
1671 0.4422
1672 0.0958
1673 0.1187
1674 0.3166
1675 0.1662
1676 0.1074
1677 0.0986
1678 1.3842
1679 0.1448
1680 0.9090
1681 0.1188
1682 0.1224
1683 0.3337
1684 0.0842
1685 0.2130
1686 0.2838
1687 0.3927
1688 0.2048
1689 0.1685
1690 0.0801
1691 0.3246
1692 0.0974
1693 0.1632
1694 0.2972
1695 0.2217
1696 0.1087
1697 0.4959
1698 0.1591
1699 0.0825
1700 0.1060
1701 0.1978
1702 0.3481
1703 0.2563
1704 0.0670
1705 0.1680
1706 0.5066
1707 0.1075
1708 0.1948
1709 0.1064
1710 0.4336
1711 0.1637
1712 0.2630
1713 0.1889
1714 0.0809
1715 0.3249
1716 0.1169
1717 0.5463
1718 0.0718
1719 0.3404
1720 0.3691
1721 0.2568
1722 0.1051
1723 0.3554
1724 0.4859
1725 0.0972
1726 0.0845
1727 0.1254
1728 0.2755
1729 0.3160
1730 0.4518
1731 0.1653
1732 0.1508
1733 0.0906
1734 0.4877
1735 0.2347
1736 0.0841
1737 0.1252
1738 0.1011
1739 0.2009
1740 0.2667
1741 0.1577
1742 0.0963
1743 0.3465
1744 0.0830
1745 0.1360
1746 0.3904
1747 0.1959
1748 0.1301
1749 0.0881
1750 0.2628
1751 0.0874
1752 0.2303
1753 0.1316
1754 0.0989
1755 0.1255
1756 0.7661
1757 0.4865
1758 0.1063
1759 0.3774
1760 1.1034
1761 0.4050
1762 0.2567
1763 0.1896
1764 0.0864
1765 0.4946
1766 0.1016
1767 0.3783
1768 0.0819
1769 0.3421
1770 0.1157
1771 0.1620
1772 0.1426
1773 0.1434
1774 0.1847
1775 0.1272
1776 0.2268
1777 0.9729
1778 0.2647
1779 0.0708
1780 0.1159
1781 0.1799
1782 0.1113
1783 0.0940
1784 0.1152
1785 0.6572
1786 0.2186
1787 0.4131
1788 0.1284
1789 0.4545
1790 0.0906
1791 0.1191
1792 0.2599
1793 0.1190
1794 2.0905
1795 0.2550
1796 0.1789
1797 0.5068
1798 0.7879
1799 0.2341
1800 0.1366
1801 0.0792
1802 0.1552
1803 0.1054
1804 0.3782
1805 0.1226
1806 0.1071
1807 0.1033
1808 0.1290
1809 0.2151
1810 0.1536
1811 0.1157
1812 0.2479
1813 0.4689
1814 0.1086
1815 0.7662
1816 0.2016
1817 0.1587
1818 0.3756
1819 0.3490
1820 0.1565
1821 0.3908
1822 0.3378
1823 0.1146
1824 0.1289
1825 0.1329
1826 0.4766
1827 0.1218
1828 0.0832
1829 0.3590
1830 0.1122
1831 0.2359
1832 0.1946
1833 0.4649
1834 0.3104
1835 0.5367
1836 0.1130
1837 0.1471
1838 0.1177
1839 0.2812
1840 1.4363
1841 0.3421
1842 0.2777
1843 0.2389
1844 0.1480
1845 0.1561
1846 0.1114
1847 0.2356
1848 0.3487
1849 0.6568
1850 0.2736
1851 0.8553
1852 0.3140
1853 0.5391
1854 0.0934
1855 0.1942
1856 0.0883
1857 0.2894
1858 0.1961
1859 0.0697
1860 0.0738
1861 0.1090
1862 0.4218
1863 0.1542
1864 1.2675
1865 0.2934
1866 0.4583
1867 0.1585
1868 0.2396
1869 0.4491
1870 0.0718
1871 0.1753
1872 0.3970
1873 0.1315
1874 0.1846
1875 0.5279
1876 0.3057
1877 0.0854
1878 0.2874
1879 0.4171
1880 0.1218
1881 0.2086
1882 0.0783
1883 0.3985
1884 0.1103
1885 0.2199
1886 0.2062
1887 0.4544
1888 0.0961
1889 0.2329
1890 0.0721
1891 0.2453
1892 0.0670
1893 1.1681
1894 0.1244
1895 0.9147
1896 0.1462
1897 0.3833
1898 0.0906
1899 0.1256
1900 0.1634
1901 0.1425
1902 0.0954
1903 0.2859
1904 0.2360
1905 0.1268
1906 0.3737
1907 0.1116
1908 0.2065
1909 0.1279
1910 0.1074
1911 0.4059
1912 0.1483
1913 0.2457
1914 0.3952
1915 0.3869
1916 0.2302
1917 0.1229
1918 0.1151
1919 0.1326
1920 0.1379
1921 0.4679
1922 0.1757
1923 0.1177
1924 0.1054
1925 0.9456
1926 0.2178
1927 0.3093
1928 0.1079
1929 3.8743
1930 0.4163
1931 0.1050
1932 0.2004
1933 0.1339
1934 0.1803
1935 0.0722
1936 0.1094
1937 0.0970
1938 0.4741
1939 0.1058
1940 1.3541
1941 0.1776
1942 0.0993
1943 0.1097
1944 0.1581
1945 0.3004
1946 0.0782
1947 0.0816
1948 0.0996
1949 0.3041
1950 0.4870
1951 0.2445
1952 0.0980
1953 0.2395
1954 0.6353
1955 0.4631
1956 0.1057
1957 0.0828
1958 0.3174
1959 0.1127
1960 0.2519
1961 0.3368
1962 0.2127
1963 1.4793
1964 0.1104
1965 0.1242
1966 0.1917
1967 0.9293
1968 0.1213
1969 0.0745
1970 0.0838
1971 0.0982
1972 0.4336
1973 0.4284
1974 0.1140
1975 0.1530
1976 0.1350
1977 0.1429
1978 0.0880
1979 0.5579
1980 0.3578
1981 0.0791
1982 0.2982
1983 0.3260
1984 0.4821
1985 0.1272
1986 0.2511
1987 0.3081
1988 0.3622
1989 0.1031
1990 0.2023
1991 0.2733
1992 0.0691
1993 0.8453
1994 0.3174
1995 0.1649
1996 0.2892
1997 0.1542
1998 0.3922
1999 0.6859
2000 0.5920
2001 0.4053
2002 0.9028
2003 0.5259
2004 0.5002
2005 0.0991
2006 0.2221
2007 0.6998
2008 0.3975
2009 0.1035
2010 0.1142
2011 0.2648
2012 0.2837
2013 0.5087
2014 0.1530
2015 0.2439
2016 0.5522
2017 0.1132
2018 0.1376
2019 0.0989
2020 0.3215
2021 0.4818
2022 0.2526
2023 0.1051
2024 0.2602
2025 0.3040
2026 0.2968
2027 0.0862
2028 0.1044
2029 0.1963
2030 0.1747
2031 0.1198
2032 0.1482
2033 0.1729
2034 0.1131
2035 0.2240
2036 0.1328
2037 0.1060
2038 0.1258
2039 0.2378
2040 0.1484
2041 0.1208
2042 0.1222
2043 0.0887
2044 0.1610
2045 0.0977
2046 0.3059
2047 0.2083
2048 0.0983
2049 0.0623
2050 0.0938
2051 0.1528
2052 0.6330
2053 0.0898
2054 0.0910
2055 0.0977
2056 0.4618
2057 0.4513
2058 0.0739
2059 0.1243
2060 0.4517
2061 0.1152
2062 0.0867
2063 0.1167
2064 0.3075
2065 0.3651
2066 0.4192
2067 0.0965
2068 0.2418
2069 0.2287
2070 0.3649
2071 0.1404
2072 0.1520
2073 0.1056
2074 0.4777
2075 0.0913
2076 0.1633
2077 0.1495
2078 0.5398
2079 0.0952
2080 0.2589
2081 0.1217
2082 0.2285
2083 0.2275
2084 0.3642
2085 0.0767
2086 0.1322
2087 0.1366
2088 0.5272
2089 0.1730
2090 0.0759
2091 1.1812
2092 0.0923
2093 0.5570
2094 0.1383
2095 0.0967
2096 0.0765
2097 0.3720
2098 0.0912
2099 0.3926
2100 0.5171
2101 0.1120
2102 0.1013
2103 0.1759
2104 0.4131
2105 0.1495
2106 0.1409
2107 0.2350
2108 0.4603
2109 0.3228
2110 0.6444
2111 0.1363
2112 0.0822
2113 0.1299
2114 0.1223
2115 0.3595
2116 0.0682
2117 0.1257
2118 0.3968
2119 0.1620
2120 0.1143
2121 0.1356
2122 0.2792
2123 0.2180
2124 0.1475
2125 0.2672
2126 0.0981
2127 1.0628
2128 0.0814
2129 0.1337
2130 0.1140
2131 0.6537
2132 0.1618
2133 0.2687
2134 0.6591
2135 0.2739
2136 0.3280
2137 0.2418
2138 0.1905
2139 0.1634
2140 0.1230
2141 0.4009
2142 0.0981
2143 0.2524
2144 0.1254
2145 0.0944
2146 0.2256
2147 0.0849
2148 0.2010
2149 0.1058
2150 0.1106
2151 0.1901
2152 0.2916
2153 0.0860
2154 0.2570
2155 0.0956
2156 0.1996
2157 0.1536
2158 1.2373
2159 0.4476
2160 0.1718
2161 0.1207
2162 0.2483
2163 0.1523
2164 0.3016
2165 0.0898
2166 0.3838
2167 0.1082
2168 0.1678
2169 0.3861
2170 0.1722
2171 0.1273
2172 0.1021
2173 1.1916
2174 0.0727
2175 0.3109
2176 0.1528
2177 0.4256
2178 0.2110
2179 1.5177
2180 0.1088
2181 0.2730
2182 0.1094
2183 0.1471
2184 0.1546
2185 0.1108
2186 0.2996
2187 0.1463
2188 0.1497
2189 0.0859
2190 0.0954
2191 0.0869
2192 0.1018
2193 0.1274
2194 0.0733
2195 0.0912
2196 0.2582
2197 0.3198
2198 0.2787
2199 0.1226
2200 0.0859
2201 0.0882
2202 0.2871
2203 0.1152
2204 0.0769
2205 0.8126
2206 0.1246
2207 1.8172
2208 0.1375
2209 0.6228
2210 0.0760
2211 0.1097
2212 0.3117
2213 0.1050
2214 0.5505
2215 0.1250
2216 0.3086
2217 0.4165
2218 0.3125
2219 0.2529
2220 0.1296
2221 0.1004
2222 0.2135
2223 0.3022
2224 0.1074
2225 0.0840
2226 0.1218
2227 0.1465
2228 0.0902
2229 0.3340
2230 0.1023
2231 0.2059
2232 0.0743
2233 0.8756
2234 0.1013
2235 0.1160
2236 0.1164
2237 0.1127
2238 0.0939
2239 0.1386
2240 0.0729
2241 0.1370
2242 0.6033
2243 0.2419
2244 0.1238
2245 0.1617
2246 0.1517
2247 0.1009
2248 0.3414
2249 0.1275
2250 0.2970
2251 0.1079
2252 0.0669
2253 0.1255
2254 0.2977
2255 0.5404
2256 0.5933
2257 0.4068
2258 0.3550
2259 0.1092
2260 0.0654
2261 0.2721
2262 0.2554
2263 0.5833
2264 0.2097
2265 0.2666
2266 0.0793
2267 0.4053
2268 0.0732
2269 0.1305
2270 0.3160
2271 0.0932
2272 0.1096
2273 0.2975
2274 0.1176
2275 0.3451
2276 0.0969
2277 0.1376
2278 0.2871
2279 0.3575
2280 0.1047
2281 0.1443
2282 0.2011
2283 0.1932
2284 0.1390
2285 0.0825
2286 0.1637
2287 0.0910
2288 0.1489
2289 0.6205
2290 0.1027
2291 0.7225
2292 0.1253
2293 0.0742
2294 0.2378
2295 0.1030
2296 0.1189
2297 0.1352
2298 0.0967
2299 0.1350
2300 0.2378
2301 0.0709
2302 0.2982
2303 0.3667
2304 0.3958
2305 0.0843
2306 0.4022
2307 0.0934
2308 0.2863
2309 0.7242
2310 0.4059
2311 0.1237
2312 0.1473
2313 0.3132
2314 0.1837
2315 0.5384
2316 0.1404
2317 0.2403
2318 0.2204
2319 0.0830
2320 0.1129
2321 0.1232
2322 0.0688
2323 0.0790
2324 0.1789
2325 0.1268
2326 0.0741
2327 0.1029
2328 0.1081
2329 0.1261
2330 0.1106
2331 0.1085
2332 0.2237
2333 0.2848
2334 0.2533
2335 0.1389
2336 0.2494
2337 0.1330
2338 0.1308
2339 0.2403
2340 0.1118
2341 0.0898
2342 0.1236
2343 0.2843
2344 0.0740
2345 0.2473
2346 0.0901
2347 0.0774
2348 0.4978
2349 0.2425
2350 0.0888
2351 0.7142
2352 0.1254
2353 0.1580
2354 0.5761
2355 0.1098
2356 0.0811
2357 0.0995
2358 0.1031
2359 0.1624
2360 0.1009
2361 0.9840
2362 0.1830
2363 0.1049
2364 0.2977
2365 0.1541
2366 0.2309
2367 0.3714
2368 0.2469
2369 0.0714
2370 0.0914
2371 1.1595
2372 0.1551
2373 0.1024
2374 0.5219
2375 0.1276
2376 0.1063
2377 0.1061
2378 0.2345
2379 0.5722
2380 0.0895
2381 0.0988
2382 0.1157
2383 0.0771
2384 0.2178
2385 0.2080
2386 0.2335
2387 0.2942
2388 0.0798
2389 0.1760
2390 0.1353
2391 0.1296
2392 0.1182
2393 0.2268
2394 0.8062
2395 0.1363
2396 0.3932
2397 0.1427
2398 0.1019
2399 0.1006
2400 0.3857
2401 0.3708
2402 0.1378
2403 0.2007
2404 0.2157
2405 0.3208
2406 0.0980
2407 0.4411
2408 0.4821
2409 0.1966
2410 0.1332
2411 0.2215
2412 0.3016
2413 0.2696
2414 0.2468
2415 0.1569
2416 0.1146
2417 0.1641
2418 0.0955
2419 0.2746
2420 0.0954
2421 0.2141
2422 0.2115
2423 0.1032
2424 0.0985
2425 0.0698
2426 0.1118
2427 0.1163
2428 0.0910
2429 0.3280
2430 0.0779
2431 0.3162
2432 0.1259
2433 0.1592
2434 0.3001
2435 0.2357
2436 0.1307
2437 0.0684
2438 0.6810
2439 0.3530
2440 0.2968
2441 0.0964
2442 0.1186
2443 0.0907
2444 0.3993
2445 0.4347
2446 0.3350
2447 0.1802
2448 0.1391
2449 1.0400
2450 0.1133
2451 0.1014
2452 0.1867
2453 0.2263
2454 0.0890
2455 0.1266
2456 0.2512
2457 0.3998
2458 0.1594
2459 0.1294
2460 0.0950
2461 0.1176
2462 0.1152
2463 0.1088
2464 0.4075
2465 0.0897
2466 0.0859
2467 0.3874
2468 0.4792
2469 0.0813
2470 0.4428
2471 0.1579
2472 0.4110
2473 0.1145
2474 0.0683
2475 0.8917
2476 0.7503
2477 0.1045
2478 0.1611
2479 0.0939
2480 0.0733
2481 0.2502
2482 0.1197
2483 0.6864
2484 0.1138
2485 0.0835
2486 0.1896
2487 0.0900
2488 0.7328
2489 0.3032
2490 0.2222
2491 0.1241
2492 0.2505
2493 0.1347
2494 0.1286
2495 0.0826
2496 0.8523
2497 0.1024
2498 0.1247
2499 0.1339
2500 0.1446
