2501 28.9344
2502 5.5127
2503 28.9808
2504 1.3788
2505 28.5274
2506 4.0918
2507 5.4882
2508 0.7304
2509 1.7366
2510 0.2024
2511 0.8955
2512 9.8085
2513 7.7825
2514 4.3448
2515 5.2355
2516 3.3097
2517 2.8140
2518 2.3145
2519 15.7180
2520 19.0818
2521 5.1709
2522 4.4004
2523 24.0929
2524 2.1439
2525 32.4235
2526 22.0687
2527 3.2145
2528 0.2514
2529 1.1029
2530 45.0125
2531 2.4510
2532 5.1711
2533 3.9738
2534 0.5315
2535 7.2290
2536 6.9756
2537 12.5831
2538 1.8649
2539 23.2728
2540 53.4650
2541 5.1830
2542 27.1979
2543 4.5204
2544 3.9368
2545 1.3153
2546 2.7638
2547 8.7935
2548 0.6158
2549 3.1331
2550 2.2470
2551 1.2231
2552 1.3308
2553 1.1720
2554 30.0158
2555 29.3520
2556 0.5755
2557 5.7674
2558 7.7082
2559 12.8947
2560 5.1195
2561 2.2980
2562 19.3338
2563 11.3280
2564 2.6602
2565 32.4582
2566 0.2576
2567 2.9186
2568 3.2466
2569 16.6718
2570 6.0126
2571 0.3821
2572 6.6931
2573 1.1008
2574 8.3352
2575 1.4707
2576 4.8763
2577 5.7625
2578 7.1151
2579 21.8768
2580 20.2066
2581 14.7483
2582 4.5110
2583 0.7030
2584 2.6823
2585 12.2462
2586 2.0386
2587 7.2797
2588 2.0832
2589 0.3293
2590 6.7594
2591 0.6537
2592   NaN
2593 9.5675
2594 0.5263
2595 2.3145
2596 20.1052
2597 3.5363
2598 0.3761
2599 1.0917
2600 0.7977
2601 14.0854
2602 41.9860
2603 1.7324
2604 8.1035
2605 6.4891
2606 36.7258
2607 4.3121
2608 3.0649
2609 2.9716
2610 4.4499
2611 2.0840
2612 16.5943
2613 0.3275
2614 25.3447
2615 16.6784
2616 8.2904
2617 14.4307
2618 3.5584
2619 15.6074
2620 3.9787
2621 21.7314
2622 16.7015
2623 2.1263
2624 22.2487
2625 1.6438
2626 16.6399
2627 4.3120
2628 10.6958
2629 2.3317
2630 6.0210
2631 5.5786
2632 1.5094
2633 2.6358
2634 1.0080
2635 0.3303
2636 2.1629
2637 1.7705
2638 0.4803
2639 7.2691
2640 24.1103
2641 2.2592
2642 4.2707
2643 7.7215
2644 8.1536
2645 4.3277
2646 3.5124
2647 0.6975
2648 0.4640
2649 19.7844
2650 1.3036
2651 2.3800
2652 2.4047
2653 6.5539
2654 25.3712
2655 2.2204
2656 1.0574
2657 9.9268
2658 0.5576
2659 0.4178
2660 5.5102
2661 2.8370
2662 18.7308
2663 20.5326
2664 2.7027
2665 0.6352
2666 10.5176
2667 21.0934
2668 31.5237
2669 12.4031
2670 10.0887
2671 19.5569
2672 2.2239
2673 3.9040
2674 10.1131
2675 5.9785
2676 2.8147
2677 1.1787
2678 20.1229
2679 2.0474
2680 14.2188
2681 1.1283
2682 1.5443
2683 0.8666
2684 34.3781
2685 7.2486
2686 16.1895
2687 21.2672
2688 1.9411
2689 5.2173
2690 49.9339
2691 48.8040
2692 6.4196
2693 14.7963
2694 3.5086
2695 7.1424
2696 11.4064
2697 0.8049
2698 1.3691
2699 16.3442
2700 14.3700
2701 20.1912
2702 4.5791
2703 5.8600
2704 6.4964
2705 16.4609
2706 3.5336
2707 2.8313
2708 10.7807
2709 7.1134
2710 14.5831
2711 0.4678
2712 1.7922
2713 2.2624
2714 1.5753
2715 16.1039
2716 3.8562
2717 11.4804
2718 4.7874
2719 22.9887
2720 24.0065
2721 1.0730
2722 6.6545
2723 4.7316
2724 1.7918
2725 0.5126
2726 17.0530
2727 2.4608
2728 25.2203
2729 31.1205
2730 4.2067
2731 4.1973
2732 1.6896
2733 0.6327
2734 0.2994
2735 11.1733
2736 7.6072
2737 22.0443
2738 10.0614
2739 30.7221
2740 2.0593
2741 1.5345
2742 16.9636
2743 0.5471
2744 20.3444
2745 2.6666
2746 12.9135
2747 0.4556
2748 19.4568
2749 5.6746
2750 1.0892
2751 2.9243
2752 3.4980
2753 5.7939
2754 13.8403
2755 1.8702
2756 0.5026
2757 0.8416
2758 3.5254
2759 33.5972
2760 2.4258
2761 0.7789
2762 1.3003
2763 1.9304
2764 0.1260
2765 4.0106
2766 17.1718
2767 23.6927
2768 2.2896
2769 46.7873
2770 7.8072
2771 0.7240
2772 27.3161
2773 3.6743
2774 0.3064
2775 5.8021
2776   NaN
2777 5.8679
2778 4.9557
2779 0.7431
2780 25.7048
2781 23.0179
2782 10.7838
2783 31.4294
2784 4.6453
2785 2.5958
2786 1.9219
2787 20.3069
2788 5.7051
2789 4.1430
2790 10.8184
2791 19.5233
2792 0.9685
2793 5.8038
2794 0.7533
2795 9.6995
2796 1.4631
2797 3.9688
2798 0.7580
2799 6.8815
2800 8.2568
2801 13.7238
2802 4.8871
2803 1.4341
2804 15.6778
2805 5.4462
2806 0.9658
2807 0.2487
2808 3.8731
2809 18.2107
2810 22.4340
2811 0.8464
2812 27.1432
2813 4.0275
2814 4.4727
2815 1.2658
2816 6.8744
2817 17.7283
2818 15.4755
2819 3.6165
2820 4.2405
2821 4.5028
2822 0.7085
2823 4.8688
2824 8.2207
2825 4.9776
2826 10.2027
2827 9.5327
2828 22.4001
2829 4.5505
2830 8.5168
2831 0.5465
2832 1.4759
2833 0.4036
2834 14.7728
2835 7.0736
2836 5.7300
2837 2.5083
2838 8.3170
2839 2.1349
2840 1.1363
2841 0.5163
2842 1.2854
2843 2.7947
2844 2.2566
2845 1.9183
2846 30.1432
2847 2.9086
2848 18.7000
2849 22.7956
2850 15.8845
2851 2.3531
2852 7.3076
2853 2.2769
2854 5.5173
2855 3.1867
2856 3.5799
2857 15.6165
2858 0.9266
2859 34.6044
2860 20.7220
2861 11.3924
2862 37.0048
2863 13.8388
2864 9.9135
2865 2.6172
2866 2.2679
2867 7.3280
2868 6.2739
2869 7.1626
2870 0.9647
2871   NaN
2872 0.5554
2873 1.1232
2874 7.8047
2875 0.3449
2876 20.5188
2877 3.1649
2878 8.3468
2879 4.5164
2880 5.5099
2881 3.9026
2882 15.3719
2883 0.8135
2884 4.5213
2885 0.6202
2886 35.3294
2887 3.3388
2888 7.1048
2889 38.5914
2890 3.5601
2891 33.9082
2892 15.5231
2893 7.2857
2894 15.5403
2895 8.4701
2896 4.6452
2897 5.3742
2898 6.3673
2899 27.1530
2900 1.6671
2901 11.8927
2902 20.8658
2903 1.2028
2904 3.6431
2905 6.3598
2906 0.7483
2907 31.4973
2908 5.0619
2909 32.8671
2910 1.6007
2911 12.3438
2912 1.6598
2913 11.0796
2914 18.6674
2915 20.0075
2916 44.6568
2917 18.7150
2918   NaN
2919 6.6251
2920 3.4394
2921 17.4295
2922 0.1310
2923 3.4153
2924 2.3631
2925 0.7345
2926 2.2090
2927 20.7777
2928 3.0800
2929 0.9044
2930 1.8552
2931 6.3252
2932 3.3547
2933 0.4619
2934 3.3611
2935 18.6510
2936 0.7241
2937 6.8652
2938 21.3558
2939 0.5030
2940 0.6707
2941 3.1734
2942 2.1305
2943 37.8751
2944 0.7832
2945 22.7824
2946 14.4744
2947 2.2745
2948 0.5238
2949 5.8444
2950 29.7156
2951 6.6679
2952 23.8710
2953 0.3825
2954 2.2497
2955 1.6154
2956 0.5032
2957 0.3686
2958 2.5834
2959 21.0221
2960 3.0158
2961 8.6508
2962 1.8026
2963 19.0938
2964 0.5728
2965 15.1154
2966 2.0557
2967 0.6937
2968 23.0879
2969 0.8680
2970 0.9332
2971 41.1972
2972 8.9152
2973 2.8331
2974 4.2527
2975 7.2071
2976 4.9741
2977 21.5558
2978 2.2499
2979 34.1501
2980 0.6468
2981 2.8246
2982 13.7822
2983 19.8631
2984 0.9951
2985 13.9644
2986 1.3492
2987 1.7224
2988 1.0831
2989 14.5752
2990 1.0360
2991 1.8451
2992 1.3469
2993 20.5081
2994 0.5340
2995 0.5657
2996 2.2913
2997 0.7262
2998 0.6024
2999 1.0512
3000 3.1196
3001 1.1153
3002 1.8067
3003 17.7193
3004 2.1593
3005 11.2720
3006 29.5117
3007 0.4588
3008 16.0964
3009 1.2495
3010 13.0565
3011 13.8218
3012 21.3966
3013 5.0095
3014 0.6358
3015 9.2110
3016 0.3260
3017 17.4993
3018 6.7818
3019 5.7057
3020 0.8286
3021 0.5862
3022 2.8063
3023 1.2744
3024 0.6561
3025 4.8643
3026 9.6423
3027 28.8677
3028 1.4347
3029 4.2567
3030 4.1638
3031 1.5379
3032 1.4618
3033 1.5527
3034 1.6719
3035 4.1776
3036 2.3673
3037 5.3594
3038 4.4984
3039 22.7455
3040 2.2834
3041 17.9520
3042 2.9395
3043 0.5015
3044 4.7739
3045 3.1121
3046 21.1325
3047 6.6537
3048 2.5861
3049 26.9498
3050 7.6671
3051 2.3522
3052 17.5406
3053 2.6639
3054 0.2090
3055 4.3892
3056 3.1481
3057 16.8020
3058 1.0072
3059 8.5434
3060 0.7374
3061 22.5946
3062 6.3553
3063 0.8881
3064 6.5023
3065 14.1605
3066 59.9226
3067 4.3651
3068 4.3078
3069 7.0394
3070 1.4673
3071 8.5456
3072 7.0366
3073 8.9128
3074 1.3277
3075 2.0377
3076 2.0207
3077 2.7603
3078 20.8620
3079 8.2136
3080 1.7299
3081 4.7863
3082 0.6218
3083 7.8370
3084 4.7993
3085 2.7559
3086 5.7676
3087 17.1787
3088 0.4271
3089 23.3274
3090 3.7452
3091 0.9835
3092 28.0349
3093 13.7179
3094 44.0408
3095 2.7438
3096 12.0395
3097 4.1568
3098 19.5701
3099 0.8915
3100 4.0593
3101 6.6888
3102 1.2835
3103 0.6850
3104 1.3037
3105 27.9124
3106 19.1072
3107 7.6599
3108 52.7908
3109 19.8901
3110 0.3297
3111 2.3627
3112 1.1788
3113 36.6512
3114 1.2006
3115 1.4949
3116 11.6622
3117 14.1207
3118 1.1715
3119 0.8797
3120 8.7131
3121 1.5587
3122 6.8948
3123 4.0998
3124 2.1922
3125 1.1327
3126 1.2896
3127 8.6698
3128 0.4518
3129 0.6433
3130 10.4503
3131 4.5709
3132 0.9198
3133 0.6534
3134 20.4861
3135 1.4416
3136 1.2806
3137 31.7714
3138 3.5157
3139 0.7105
3140 5.5176
3141 1.7499
3142 14.0594
3143 3.1455
3144 23.3963
3145 2.9987
3146 0.5669
3147 3.2366
3148 4.1778
3149 2.0577
3150 5.9403
3151 0.7371
3152 19.7705
3153 13.6171
3154 1.1746
3155 1.5751
3156 8.8879
3157 2.0481
3158 3.5617
3159 3.8979
3160 22.8693
3161 5.3721
3162 1.2931
3163 2.8600
3164 1.0558
3165 6.2021
3166 2.1864
3167 11.2618
3168 1.5101
3169 48.8175
3170 1.3168
3171 20.4943
3172 0.8494
3173 0.7898
3174 15.9072
3175 1.3522
3176 1.6163
3177 2.9985
3178 2.2913
3179 8.4460
3180 4.7059
3181 3.8822
3182 24.9466
3183 3.5036
3184 15.7011
3185 2.5347
3186 2.9871
3187 1.9781
3188 23.6146
3189 0.5373
3190 1.2178
3191 2.4981
3192 30.3357
3193 5.0573
3194 28.0500
3195 2.2377
3196 1.2583
3197 0.7865
3198 35.2491
3199   NaN
3200 39.4768
3201 6.4788
3202 7.0305
3203 5.0956
3204 15.3837
3205 3.7500
3206 16.0178
3207 4.7836
3208 0.3971
3209 11.1672
3210 2.5140
3211 3.7092
3212 3.8151
3213 2.1762
3214 5.4813
3215 8.0357
3216 3.3852
3217 55.9163
3218 18.4146
3219 20.4683
3220 1.5315
3221 6.6792
3222 1.9750
3223 22.5032
3224 18.5476
3225 1.6288
3226 1.2069
3227 2.0029
3228 4.7642
3229 4.2030
3230 3.9779
3231 11.4373
3232 2.3823
3233 36.7835
3234 9.6500
3235 3.5284
3236 11.3701
3237 6.4378
3238 1.3418
3239 0.3708
3240 1.4902
3241 5.6003
3242 9.8211
3243 10.6524
3244 3.8737
3245 0.2659
3246 2.2694
3247 3.3165
3248 1.1987
3249 5.4767
3250 2.2035
3251 1.5775
3252 22.8483
3253 4.1233
3254 0.9634
3255 6.2933
3256 0.6190
3257 1.3008
3258 8.4175
3259 1.1034
3260 3.0135
3261 1.5846
3262 3.2848
3263 7.2990
3264 7.0481
3265 8.1186
3266 0.5726
3267 21.1548
3268 2.4324
3269 0.9587
3270 20.7763
3271 9.0986
3272 2.6623
3273 38.9518
3274 3.7150
3275 4.3783
3276 4.8294
3277 5.2908
3278 3.0247
3279 23.2143
3280 49.8321
3281 2.0970
3282 6.3398
3283 4.9561
3284 7.2870
3285 30.9435
3286 9.6103
3287 11.0583
3288 2.4516
3289 7.7260
3290 4.1162
3291 0.8802
3292 1.4176
3293 6.1943
3294 2.2829
3295 0.3152
3296 3.5238
3297 2.3437
3298 2.0896
3299 3.5593
3300 15.3625
3301 16.6164
3302 4.6763
3303 3.9037
3304 0.9141
3305 7.9079
3306 3.8766
3307 0.7681
3308 0.3791
3309 2.5604
3310 7.1508
3311 2.5045
3312 5.3155
3313 1.1787
3314 5.7158
3315 4.8485
3316 1.3344
3317 18.9109
3318 12.8362
3319 0.3170
3320 1.5274
3321 8.9653
3322 0.1349
3323 2.0485
3324 9.1290
3325 9.1009
3326 3.0960
3327 6.5802
3328 27.4967
3329 12.1709
3330 3.9476
3331 1.8580
3332 0.6429
3333 0.6850
3334 2.0677
3335 17.0816
3336 3.4133
3337 0.5030
3338 6.7407
3339 24.6049
3340 7.2187
3341 0.7692
3342 44.2376
3343 0.7948
3344 9.5993
3345 9.4135
3346 1.8359
3347 25.4350
3348 10.4786
3349 0.5625
3350 2.2331
3351 4.0593
3352 4.5023
3353 18.3552
3354 11.5743
3355 9.2330
3356 0.2977
3357 4.5976
3358 18.4706
3359 1.2587
3360 4.1389
3361 1.2320
3362 19.5817
3363 19.1229
3364 7.5967
3365 4.1648
3366 2.2147
3367 1.9120
3368 0.7639
3369 0.6458
3370 0.4135
3371 7.9144
3372 2.7108
3373 12.9420
3374 23.6608
3375 0.6707
3376 2.2087
3377 29.7861
3378 6.4150
3379 0.9639
3380 0.4018
3381 32.7066
3382 19.4476
3383 1.0319
3384 16.3817
3385 0.3537
3386 9.9710
3387 1.7883
3388 3.0286
3389 2.1425
3390 5.8713
3391 2.8901
3392 28.7897
3393 16.7749
3394 28.9072
3395 0.4188
3396 1.1562
3397 19.2058
3398 4.0472
3399 3.7422
3400 3.6651
3401 3.1373
3402 4.5574
3403 3.4265
3404 1.0862
3405 7.1515
3406 4.0884
3407 41.3319
3408 3.2277
3409 0.2154
3410 28.9739
3411 1.9547
3412 7.2298
3413 3.2331
3414 8.9251
3415 0.8239
3416 6.8174
3417 2.1136
3418 0.9536
3419 4.0550
3420 2.3958
3421 9.2962
3422 1.9184
3423 5.0887
3424 10.5536
3425 23.8257
3426 12.3416
3427 2.4899
3428 5.5371
3429 10.0218
3430 1.4517
3431 5.5641
3432 18.9455
3433 1.1482
3434 27.5825
3435 0.2043
3436 6.4186
3437 49.7701
3438 3.0107
3439 2.4505
3440 4.4131
3441 0.6734
3442 4.2382
3443 0.8705
3444 11.7903
3445 7.7804
3446 1.2619
3447 2.0958
3448 5.7206
3449 2.3219
3450 1.8455
3451 11.8268
3452 5.0818
3453 4.5886
3454 26.4854
3455 1.0247
3456 17.8760
3457 49.0693
3458 5.8274
3459 3.0872
3460 2.9448
3461 1.0241
3462 5.2590
3463 2.8046
3464 33.5268
3465 8.7279
3466 0.3786
3467 20.1673
3468 6.1730
3469 14.1868
3470 7.8678
3471 54.3332
3472 17.5765
3473 18.0548
3474 1.6097
3475 5.7576
3476 1.3159
3477 4.8962
3478 18.2276
3479 21.3569
3480 1.5986
3481 2.4070
3482 38.2492
3483 3.2907
3484 7.4628
3485 6.4978
3486 19.4850
3487 11.1885
3488 10.2807
3489 10.6161
3490 4.5061
3491 6.4491
3492 15.7685
3493 8.1771
3494 10.0482
3495 1.7874
3496 14.9853
3497 1.5567
3498 1.0787
3499 2.5220
3500 13.4707
3501 0.4741
3502 1.8475
3503 2.6464
3504 6.0324
3505 0.3231
3506 4.0540
3507 6.7069
3508 9.0178
3509 1.8212
3510 27.6655
3511 14.9912
3512 2.1516
3513 5.7389
3514 3.4062
3515 7.0561
3516 2.7116
3517 2.4724
3518 2.4228
3519 1.9562
3520 25.4603
3521 4.5391
3522 1.6478
3523 1.2058
3524 0.3868
3525 0.9696
3526 36.8797
3527 0.1180
3528 7.3848
3529 0.3961
3530 32.8298
3531 1.0214
3532 15.9801
3533 25.4095
3534 3.2553
3535 5.3643
3536 16.7438
3537 3.8453
3538 6.6874
3539 19.8481
3540 30.0268
3541 19.4488
3542 12.4974
3543 3.3994
3544 3.1720
3545 2.4680
3546 4.2864
3547 4.2233
3548 8.5227
3549 1.3265
3550 11.0253
3551 2.3374
3552 6.7470
3553 18.3315
3554 40.2934
3555 0.9909
3556 1.1131
3557 6.6479
3558 2.7995
3559 0.2819
3560 8.0696
3561 1.2524
3562 2.5077
3563 24.5313
3564 11.1355
3565 24.6424
3566 19.9883
3567 1.0785
3568 8.1405
3569 14.5165
3570 1.3406
3571 1.0404
3572 7.1306
3573 1.2695
3574 19.4599
3575 21.0384
3576 4.1437
3577 0.5056
3578 22.1380
3579 21.3060
3580 30.7948
3581 4.9433
3582 0.8185
3583 1.7508
3584 1.5930
3585 1.7412
3586 4.9689
3587 2.6209
3588 4.8892
3589 24.7563
3590 2.9465
3591 9.8307
3592 22.4532
3593 9.2316
3594 1.1247
3595 20.3335
3596 4.4032
3597 1.3171
3598 0.7037
3599 21.7099
3600 2.4566
3601 2.5336
3602 3.6344
3603 0.4690
3604 0.6815
3605 14.6286
3606 2.2697
3607 6.2810
3608 19.8530
3609 37.0376
3610 1.1856
3611 0.7773
3612 25.5159
3613 1.5645
3614 4.0031
3615 0.6528
3616 3.8842
3617 0.9851
3618 7.6087
3619 3.0420
3620 1.6236
3621 0.3040
3622 1.4151
3623 0.8603
3624 1.7192
3625 25.7396
3626 9.0813
3627 1.6989
3628 21.9908
3629 17.3784
3630 10.5088
3631 9.6153
3632 0.4908
3633 3.5042
3634 12.4962
3635 22.6315
3636 7.5196
3637 6.8707
3638 5.6170
3639 14.1791
3640 15.5980
3641 1.2851
3642 7.0114
3643 8.5893
3644 2.8247
3645 0.7682
3646 1.3741
3647 14.3576
3648 1.0807
3649 3.6815
3650 7.5945
3651 1.8457
3652 6.7052
3653 5.0378
3654 16.2541
3655 1.1367
3656 25.0645
3657 2.3257
3658 0.4644
3659 1.4179
3660 5.5141
3661 1.9590
3662 1.3802
3663 3.1520
3664 4.5342
3665 0.6444
3666 1.1462
3667 37.1859
3668 8.4734
3669 1.0296
3670 0.3243
3671 8.5474
3672 0.3125
3673 2.6254
3674 7.3082
3675 4.9477
3676 9.8160
3677 8.7968
3678 2.0770
3679 13.7740
3680 23.4772
3681 0.4939
3682 28.1407
3683 2.2207
3684 6.1362
3685 10.8502
3686 0.7027
3687 26.2165
3688 43.9395
3689 7.6588
3690 7.0484
3691 29.6777
3692 1.0559
3693 1.5799
3694 8.2574
3695 1.0010
3696 0.3502
3697 1.0775
3698 0.6874
3699 7.1317
3700 0.8637
3701 8.6750
3702 2.0921
3703 3.1926
3704 0.4542
3705 14.9952
3706 5.0149
3707 7.0898
3708 1.0008
3709 3.3620
3710 1.3863
3711 4.3833
3712 27.2840
3713 3.5606
3714 14.1506
3715 14.1006
3716 4.3886
3717 4.4223
3718 1.6258
3719 1.5246
3720 0.7800
3721 11.1500
3722 18.2358
3723 1.3493
3724 0.8574
3725 0.6751
3726 1.5588
3727 28.6468
3728 40.5721
3729 16.2250
3730 5.9070
3731 17.8856
3732 2.5486
3733 2.0250
3734 7.6915
3735 0.9050
3736 0.4561
3737 5.0662
3738 42.1809
3739 4.5411
3740 1.0826
3741 0.6802
3742 3.9960
3743 15.7284
3744 10.9728
3745 0.8296
3746 9.5884
3747 13.1374
3748 0.9723
3749 14.3014
3750 0.4126
3751 13.4829
3752 0.7012
3753 5.3442
3754 2.0135
3755 4.5349
3756 3.2183
3757 10.6562
3758 2.9669
3759 1.3627
3760 1.4847
3761 1.6770
3762 3.3183
3763 2.2602
3764 1.9710
3765 41.8786
3766 3.8970
3767 5.7076
3768 16.1166
3769 6.4023
3770 6.6262
3771 9.8214
3772 5.5392
3773 0.6459
3774 7.3671
3775 45.3782
3776 21.8473
3777 0.9404
3778 6.9596
3779 1.3672
3780 2.0144
3781 11.0407
3782 0.6736
3783 1.0060
3784 1.1742
3785 2.1810
3786 0.3782
3787 1.4933
3788 1.9088
3789 0.7764
3790 3.6195
3791 5.3144
3792 0.6406
3793 10.3147
3794 0.4124
3795 11.2409
3796 8.9407
3797 0.4113
3798 2.6331
3799 1.6307
3800 5.3395
3801 14.2594
3802 7.3288
3803 9.2159
3804 12.2622
3805 1.5812
3806 1.3337
3807 38.5457
3808 28.0843
3809 10.9159
3810 0.7416
3811 6.2034
3812 13.4081
3813 1.0627
3814 4.7521
3815 2.1494
3816 7.8597
3817 3.1172
3818 6.7585
3819 4.5129
3820 34.3537
3821 3.7565
3822 0.6521
3823 31.5884
3824 3.2781
3825 25.1606
3826 9.2480
3827 10.7209
3828 4.0252
3829 48.6425
3830 22.4356
3831 1.7676
3832 10.4068
3833 15.2680
3834 14.3043
3835 3.9683
3836 7.6405
3837 36.7850
3838 8.7590
3839 22.1635
3840 21.2317
3841 6.0613
3842 3.9094
3843 5.1452
3844 0.9247
3845 1.2771
3846 1.6006
3847 4.5035
3848 0.5436
3849 20.8130
3850 2.2895
3851 0.4850
3852 47.7117
3853 21.0256
3854 1.3166
3855 8.3390
3856 0.4666
3857 5.5352
3858 0.6164
3859 25.1945
3860 3.8117
3861 1.2689
3862 19.8030
3863 0.9353
3864 20.4387
3865 18.8130
3866 1.3316
3867 8.4328
3868 3.5389
3869 1.6982
3870 0.6627
3871 0.2740
3872 10.7669
3873 0.9991
3874 18.1220
3875 1.4340
3876 3.8803
3877 10.5158
3878 2.0019
3879 34.2634
3880 23.1189
3881 11.6386
3882 25.5425
3883 0.8425
3884 0.5717
3885 1.4489
3886 3.4513
3887 24.9303
3888 1.9018
3889 13.3103
3890 0.6443
3891 15.3178
3892 0.8694
3893 14.2449
3894 0.8958
3895 14.0660
3896 1.3507
3897 0.5636
3898 5.6617
3899 9.4738
3900 0.5176
3901 0.9242
3902 4.3950
3903 2.6915
3904 8.4422
3905 3.7887
3906 1.4516
3907 8.0764
3908 10.0350
3909 2.9945
3910 13.6363
3911 11.1232
3912 6.5760
3913 3.3806
3914 10.8012
3915 13.5905
3916 8.1085
3917 2.8570
3918 22.5032
3919 2.3966
3920 0.3725
3921 0.8881
3922 0.3660
3923 2.4256
3924 3.5918
3925 0.3275
3926 9.4213
3927 9.7332
3928 7.1122
3929 7.3870
3930 0.7264
3931 2.6925
3932 5.6503
3933 9.7438
3934 6.8393
3935 5.8231
3936 3.1680
3937 1.8907
3938 3.8579
3939 21.3359
3940 1.8663
3941 22.8280
3942 1.5222
3943 4.7830
3944 1.3506
3945 0.6970
3946 9.6040
3947 3.1938
3948 35.9683
3949 2.6460
3950 1.0339
3951 22.0960
3952 1.2104
3953 2.9706
3954 1.7578
3955 4.8157
3956 7.9197
3957 1.6651
3958 6.5508
3959 0.4173
3960 41.2355
3961 13.7895
3962 11.8208
3963 17.1384
3964 5.0207
3965 50.4479
3966 0.8946
3967 8.6004
3968 2.6596
3969 5.0990
3970 9.2213
3971 48.0233
3972 21.5368
3973 4.8301
3974 1.8344
3975 18.1062
3976 16.7575
3977 2.5276
3978 5.4478
3979 38.3039
3980 38.1740
3981 2.6768
3982 17.9616
3983 31.6741
3984 8.8474
3985 15.8471
3986 30.7455
3987 9.5000
3988 7.5552
3989 5.0197
3990 1.1845
3991 6.6170
3992 2.4231
3993 5.9032
3994 1.5990
3995 27.5613
3996 0.8170
3997 0.4386
3998 0.4393
3999 8.1285
4000 1.4294
4001 1.3936
4002 6.3011
4003 23.2582
4004 0.1606
4005 0.8658
4006 3.5541
4007 20.9945
4008 1.7746
4009 0.4582
4010 1.7497
4011 2.3492
4012 0.3535
4013 1.9365
4014 1.4904
4015 21.0542
4016 15.5791
4017 30.8577
4018 7.8038
4019 0.6010
4020 20.4654
4021 1.3495
4022 19.2253
4023 10.5927
4024 4.3330
4025 1.2525
4026 17.0680
4027 0.9751
4028 11.4740
4029 2.9594
4030 0.8181
4031 30.5426
4032 9.9626
4033 3.4231
4034 1.6857
4035 5.8089
4036 3.7214
4037 12.9543
4038 7.0618
4039 9.5365
4040 1.8353
4041 2.7888
4042 4.9062
4043 1.3535
4044 29.9804
4045 3.9204
4046 4.6309
4047 17.1066
4048 3.9153
4049 4.5354
4050 8.7179
4051 6.3195
4052 4.0273
4053 22.4570
4054 0.2723
4055 40.2521
4056 2.7973
4057 0.6733
4058 17.1906
4059 1.5917
4060 4.4416
4061 14.8662
4062 5.9025
4063 2.7176
4064 3.3483
4065 0.6253
4066 4.1042
4067 12.2506
4068 32.5821
4069 2.9664
4070 1.9593
4071 24.7027
4072 3.6063
4073 0.2004
4074 1.0207
4075 3.5309
4076 19.2312
4077 3.1834
4078 1.0677
4079 31.6309
4080 2.2414
4081 8.0336
4082 6.3671
4083 2.3904
4084 0.9006
4085 0.0975
4086 30.2080
4087 16.9704
4088 2.5185
4089 48.0224
4090 2.5458
4091 1.9389
4092 9.0634
4093 5.7868
4094 10.7551
4095 7.4904
4096 10.9291
4097 1.7146
4098 20.3122
4099 2.4878
4100 0.8774
4101 21.8373
4102 4.2770
4103 10.1479
4104 15.8590
4105 10.9275
4106 1.6193
4107 16.0563
4108 0.5413
4109 2.2269
4110 2.0748
4111 3.8894
4112 12.6781
4113 7.0428
4114 16.0907
4115 3.5966
4116 20.8238
4117 9.0456
4118 22.1858
4119 44.5907
4120 5.5157
4121 1.0423
4122 18.6672
4123 5.5057
4124 7.4150
4125 1.0827
4126 3.9171
4127 5.7513
4128 0.2963
4129 2.1149
4130 1.7407
4131 0.6891
4132 6.8718
4133 6.3150
4134 2.3860
4135 1.1067
4136 0.3119
4137 1.3284
4138 9.8102
4139 2.0234
4140 1.2777
4141 8.8390
4142 27.3617
4143 4.1331
4144 3.9101
4145 1.2798
4146 7.4820
4147 18.0213
4148 1.5275
4149 5.5332
4150 1.4542
4151 0.5305
4152 3.9126
4153 5.3809
4154 17.7516
4155 14.8237
4156 15.3493
4157 20.5246
4158 15.8581
4159 1.4313
4160 34.0774
4161 3.2660
4162 0.5135
4163 5.2551
4164 18.2051
4165 21.5395
4166 8.6896
4167 3.1445
4168 1.8907
4169 0.5725
4170 7.9268
4171 1.7142
4172 3.3874
4173 3.8853
4174 1.2508
4175 4.0444
4176 0.8343
4177 15.8563
4178 22.3441
4179 1.9013
4180 0.4405
4181 4.7054
4182 1.6483
4183 1.7010
4184 13.2050
4185 1.2258
4186 6.5063
4187 21.2823
4188 20.7516
4189 0.8285
4190 2.3247
4191 21.9454
4192 1.7592
4193 15.1273
4194 2.2328
4195 1.2085
4196 10.8035
4197 5.3393
4198 7.0973
4199 3.9238
4200 23.6168
4201 0.8620
4202 7.7216
4203 4.1433
4204 2.1734
4205 1.3636
4206 5.3881
4207 2.6265
4208 7.8359
4209 1.7766
4210 1.0384
4211 10.6170
4212 4.6889
4213 0.8509
4214 1.1093
4215 7.6021
4216 2.3288
4217 20.8205
4218 3.4186
4219 3.3767
4220 7.2955
4221 1.4755
4222 0.8719
4223 0.7266
4224 22.5734
4225 18.9075
4226 13.7496
4227 2.8068
4228 34.8977
4229 2.9128
4230 1.7001
4231 0.4405
4232 0.4199
4233 5.3791
4234 0.9134
4235 27.6353
4236 2.4411
4237 48.4421
4238 1.7296
4239 2.9822
4240 4.7622
4241 27.0188
4242 0.9218
4243 3.1643
4244 1.5284
4245 1.1786
4246 1.0046
4247 19.2771
4248 11.4880
4249 0.6065
4250 7.1156
4251 3.6764
4252 16.7383
4253 9.3380
4254 2.3354
4255 6.6692
4256 4.9286
4257 3.2945
4258 2.9769
4259 4.1193
4260 6.4003
4261 1.1013
4262 4.9628
4263 5.8878
4264 2.2935
4265 0.9692
4266 21.8550
4267 0.5520
4268 2.7515
4269 8.4019
4270 14.6466
4271 2.7719
4272 5.0435
4273 6.2843
4274 2.0254
4275 12.7179
4276 1.8484
4277 6.6769
4278 2.3312
4279 1.5834
4280 10.7240
4281 3.3598
4282 0.4446
4283 2.7841
4284 0.1679
4285 4.9522
4286 16.1569
4287 16.5843
4288 1.5544
4289 2.5589
4290 0.2976
4291 3.0164
4292 0.5507
4293 39.2386
4294 0.5767
4295 25.9754
4296 0.9111
4297 11.8013
4298 7.9797
4299 0.4677
4300 1.2912
4301 3.7373
4302 33.6875
4303 11.4581
4304 0.4687
4305 0.9597
4306 2.7984
4307 16.0437
4308 1.8393
4309 38.1091
4310 1.9339
4311 1.4678
4312 12.2916
4313 2.2350
4314 1.0490
4315 1.8100
4316 13.6429
4317 3.6884
4318 7.8856
4319 10.4028
4320 2.4499
4321 2.0344
4322 1.0381
4323 3.7283
4324 18.4786
4325 2.0128
4326 4.6631
4327 1.2346
4328 2.1614
4329 38.0199
4330 1.8676
4331 23.3030
4332 4.2587
4333 4.4120
4334 5.7273
4335 4.4139
4336 1.0020
4337 2.5409
4338 2.3103
4339 1.0162
4340 5.0365
4341 5.7616
4342 2.6792
4343 0.6505
4344 0.7314
4345 1.3494
4346 2.0123
4347 7.5864
4348 1.4562
4349 3.7038
4350 14.8907
4351 17.4638
4352 4.1487
4353 0.3003
4354 21.1731
4355 10.2529
4356 18.2693
4357 0.4467
4358 2.1465
4359 3.0276
4360 19.9029
4361 2.3364
4362 0.3105
4363 0.4670
4364 2.7031
4365 34.0242
4366 20.6787
4367 0.1445
4368 4.7003
4369 0.5027
4370 12.1426
4371 2.8112
4372 16.5303
4373 3.0050
4374 2.0657
4375 5.4203
4376 8.5865
4377 4.7163
4378 11.2006
4379 1.6554
4380 1.0742
4381 0.8631
4382 0.9737
4383 2.6356
4384 5.6997
4385 4.8400
4386 2.1352
4387 20.3126
4388 11.7313
4389 3.4591
4390 1.2613
4391 1.2727
4392 14.8700
4393 1.1253
4394 0.8555
4395 0.7935
4396 1.2412
4397 5.7991
4398 0.9202
4399 0.4284
4400 1.0564
4401 3.8528
4402 16.4678
4403 3.1594
4404 2.9709
4405 5.9733
4406 2.6243
4407 1.8070
4408 0.7799
4409 1.5058
4410 21.1903
4411 1.1068
4412 8.0972
4413 2.1217
4414 13.4599
4415 3.5787
4416 24.3174
4417 3.0919
4418 13.3356
4419 3.4690
4420 0.9145
4421 16.8418
4422 1.1905
4423 9.5673
4424 4.3487
4425 0.2928
4426 2.2358
4427 1.6637
4428 8.6672
4429 1.1049
4430 0.6747
4431 0.6786
4432 3.3603
4433 0.4006
4434 3.4087
4435 1.5833
4436 0.9524
4437 5.3982
4438 18.4697
4439 5.3432
4440 3.0816
4441 0.4125
4442 1.1749
4443 1.0345
4444 1.9080
4445 55.6396
4446 2.6300
4447 0.1728
4448 0.6016
4449 4.6124
4450 36.1786
4451 3.0091
4452 5.6383
4453 2.6300
4454 8.7578
4455 8.9998
4456 59.3770
4457 28.1340
4458 0.9506
4459 1.1217
4460 22.4183
4461 15.0282
4462 5.4167
4463 15.4607
4464 0.2846
4465 13.9042
4466 4.5813
4467 5.7774
4468 1.2487
4469 1.5199
4470 1.8933
4471 6.1215
4472 12.3057
4473 0.4599
4474 2.0520
4475 3.3441
4476 21.8400
4477 12.8570
4478 1.9756
4479 1.5939
4480 19.8952
4481 1.3627
4482 5.7605
4483 5.2530
4484 7.3859
4485 1.8838
4486 1.5174
4487 5.6026
4488 0.1248
4489 4.6705
4490 3.0882
4491 2.3131
4492 23.3785
4493 0.3794
4494 0.6175
4495 1.6184
4496 3.8210
4497 3.1615
4498 18.7293
4499 11.5025
4500 23.0672
4501 4.8756
4502 18.0566
4503 11.3859
4504 5.9607
4505 15.2654
4506 22.4375
4507 0.3176
4508 20.5075
4509 9.9842
4510 9.0321
4511 20.1299
4512 22.5360
4513 2.0420
4514 11.3315
4515 3.4414
4516 23.0485
4517 6.7054
4518 0.9900
4519 15.5392
4520 0.9080
4521 8.6448
4522 0.5789
4523 20.5304
4524 3.1544
4525 0.9429
4526 12.6201
4527 18.1574
4528 21.2243
4529 12.5057
4530 0.7486
4531 1.9440
4532 2.3736
4533 0.9605
4534 0.8450
4535 12.5514
4536 5.5396
4537 0.9382
4538 0.5923
4539 2.3411
4540 3.3215
4541 1.1770
4542 13.3878
4543 3.0642
4544 8.8572
4545 0.9107
4546 0.5221
4547 0.8990
4548 16.7397
4549 11.0983
4550 4.0698
4551 3.8185
4552 1.7744
4553 2.8337
4554 1.4134
4555 31.3403
4556 9.2407
4557 1.0744
4558 1.7869
4559 0.9236
4560 2.6690
4561 0.9382
4562 37.4328
4563 1.9811
4564 0.7995
4565 4.5016
4566 13.6159
4567 2.7563
4568 0.8397
4569 0.6196
4570 0.6006
4571 2.0582
4572 5.7874
4573 1.5116
4574 0.7781
4575 0.9927
4576 3.6830
4577 3.6678
4578 0.2866
4579 4.8943
4580 24.7625
4581 3.2328
4582 46.9154
4583 21.0897
4584 8.5060
4585 1.2566
4586 2.9174
4587 16.7804
4588 0.7982
4589 17.9120
4590 3.4763
4591 17.4414
4592 1.8851
4593 9.5855
4594 1.6242
4595 19.7517
4596 11.6911
4597 3.4204
4598 3.7896
4599 1.7368
4600 1.1571
4601 7.9797
4602 2.0857
4603 1.2918
4604 15.8779
4605 10.7089
4606 21.5250
4607 0.5300
4608 5.7150
4609 0.7566
4610 3.4579
4611 1.5571
4612 16.5347
4613 12.8671
4614 0.9140
4615 0.8245
4616 15.6101
4617 0.7063
4618 0.9300
4619 17.6103
4620 9.4857
4621 0.5218
4622 0.7742
4623 21.7880
4624 10.0755
4625 15.3113
4626 24.5211
4627 10.2621
4628 12.6931
4629 16.1960
4630 14.5589
4631 13.2660
4632 0.3291
4633 1.1852
4634 2.0145
4635 4.6778
4636 1.2196
4637 1.6725
4638 8.2692
4639 17.5521
4640 0.3265
4641 19.2727
4642 6.0232
4643 1.0187
4644 3.4039
4645 9.1420
4646 0.7773
4647 1.3860
4648 3.5124
4649 13.6267
4650 17.5373
4651 3.4228
4652 1.5646
4653 20.5380
4654 15.0446
4655 16.4349
4656 0.8992
4657 0.7112
4658 7.8394
4659 2.3439
4660 30.8393
4661 3.2567
4662 0.7872
4663 3.4320
4664 1.6988
4665 2.0669
4666 2.8800
4667 2.5260
4668 29.8417
4669 3.6658
4670 2.8513
4671 2.3285
4672 0.4768
4673 6.5261
4674 5.9161
4675 14.8947
4676 18.4550
4677 10.0852
4678   NaN
4679 2.5543
4680 26.9902
4681 1.5522
4682 7.9661
4683 28.5015
4684 0.3469
4685 1.7552
4686 1.5561
4687 0.9875
4688 4.7389
4689 6.4242
4690 11.1382
4691 1.8150
4692 3.1143
4693 1.8943
4694 3.7691
4695 9.1379
4696 19.8027
4697 1.3732
4698 6.5297
4699 3.3899
4700 1.3559
4701 0.2612
4702 21.5876
4703 2.0825
4704 19.7944
4705 4.8241
4706 0.9956
4707 33.9838
4708 3.5718
4709 15.8974
4710 33.6018
4711 0.7700
4712 0.9369
4713 26.1620
4714 9.9595
4715 0.8610
4716 4.7597
4717 1.8206
4718 8.4256
4719 18.2829
4720 17.0900
4721 9.9730
4722 1.4157
4723 1.8788
4724 1.5114
4725 2.6966
4726 3.3031
4727 16.1890
4728 0.3809
4729 3.2506
4730 3.5695
4731 30.2004
4732 3.3230
4733 3.1734
4734 10.4465
4735 0.7805
4736 20.6922
4737 3.6243
4738 1.5696
4739 32.4491
4740 1.3880
4741 0.6982
4742 0.6300
4743 10.3539
4744 0.8907
4745 13.1443
4746 10.5288
4747 12.7538
4748 13.0762
4749 4.1781
4750 34.5674
4751 0.4865
4752 0.4950
4753 6.5623
4754 3.9790
4755 5.8045
4756 5.3637
4757 1.4417
4758 24.1523
4759 2.1011
4760 0.7831
4761 0.1833
4762 0.2888
4763 20.8945
4764 0.5033
4765 0.4561
4766 0.7009
4767 1.6864
4768 1.4487
4769 4.4776
4770 14.4979
4771 2.2766
4772 10.8325
4773 24.5430
4774 4.8093
4775 0.9229
4776 4.0554
4777 10.6125
4778 4.0016
4779 1.5884
4780 3.6739
4781 1.3183
4782 4.0860
4783 13.4304
4784 2.9525
4785 4.0496
4786 9.1871
4787 2.3843
4788 8.2554
4789 29.3043
4790 0.9552
4791 14.3942
4792 2.5980
4793 5.3164
4794 10.2731
4795 0.7472
4796 24.7585
4797 4.6462
4798 3.5573
4799 1.3545
4800 9.0829
4801 4.9889
4802 6.6117
4803 3.9675
4804 13.2802
4805 6.7243
4806 34.8738
4807 2.5779
4808 3.9047
4809 1.1210
4810 1.3923
4811 1.6246
4812 2.3924
4813 18.8366
4814 0.6968
4815 3.5988
4816 1.7339
4817 20.8719
4818 19.5977
4819 0.4303
4820 18.8489
4821 4.1289
4822 1.1772
4823 14.1866
4824 6.3544
4825 16.4270
4826 5.7465
4827 18.1424
4828 24.7013
4829 2.2638
4830 1.2331
4831 1.1788
4832 7.1333
4833 39.8054
4834 12.0315
4835 4.2311
4836 2.8551
4837 19.5737
4838 3.8266
4839 0.6728
4840 0.9317
4841 18.7315
4842 3.0754
4843 18.3006
4844 2.2388
4845 1.1642
4846 5.0074
4847 23.5944
4848 0.4601
4849 5.5118
4850 2.9283
4851 1.8027
4852 2.1354
4853 33.6201
4854 2.4915
4855 7.5528
4856 5.0641
4857 3.3379
4858 2.6205
4859 13.8644
4860 1.3507
4861 5.4897
4862 1.6562
4863 7.5445
4864 2.9135
4865 4.8271
4866 0.8596
4867 1.3341
4868 1.3738
4869 3.1074
4870 7.6050
4871 4.5928
4872 1.1543
4873 7.7129
4874 30.7038
4875 11.4120
4876 4.2099
4877 0.5037
4878 0.7199
4879 3.7641
4880 17.7634
4881 8.2312
4882 24.5952
4883 11.0863
4884 20.8339
4885 6.8461
4886 3.3265
4887 1.9902
4888 2.0923
4889 1.5277
4890 7.3860
4891 5.0557
4892 18.8909
4893 3.4265
4894 11.0778
4895 0.8369
4896 1.8610
4897 1.5359
4898 1.2487
4899 6.9339
4900 1.7137
4901 0.6746
4902 7.8739
4903 6.5647
4904 2.5334
4905 3.5340
4906 2.3206
4907 6.1857
4908 2.1033
4909 12.9143
4910 2.5052
4911 1.3406
4912 9.5739
4913 21.0069
4914 1.7059
4915 21.5295
4916 9.7656
4917 3.0859
4918 12.4668
4919 16.7329
4920 16.9070
4921 31.2136
4922 0.9611
4923 3.3593
4924   NaN
4925 6.5561
4926 2.9074
4927 4.0949
4928 1.6869
4929 5.7463
4930 2.0419
4931 1.2630
4932 7.6424
4933 3.2166
4934 6.4830
4935 4.2497
4936 4.2282
4937 2.8706
4938 3.4384
4939 4.0672
4940 21.5223
4941 3.1550
4942 2.1718
4943 2.4274
4944 3.0004
4945 1.4650
4946 3.3690
4947 1.7931
4948 1.4344
4949 5.2690
4950 12.7850
4951 1.7951
4952 39.0260
4953 0.7553
4954 35.3672
4955 4.5651
4956 1.4322
4957 1.1291
4958 10.0718
4959 4.1379
4960 1.8971
4961 7.5397
4962 2.6266
4963 2.0654
4964 22.5074
4965 14.9717
4966 3.2758
4967 1.9170
4968 8.3075
4969 4.4323
4970 3.3775
4971 1.2878
4972 2.1885
4973 38.7523
4974 1.0004
4975 0.4608
4976 4.3032
4977 6.2057
4978 0.8574
4979 4.1686
4980 1.4675
4981 6.0877
4982 16.3691
4983 39.6731
4984 6.9911
4985 1.1425
4986 1.5599
4987 1.6942
4988 0.6958
4989 8.9321
4990 16.1533
4991 14.2165
4992 0.4052
4993 3.9296
4994 0.9259
4995 0.4533
4996 1.2584
4997 0.7954
4998 1.2866
4999 32.3138
5000 1.4140
