   1 0.7867
   2 46.4006
   3 24.4759
   4   NaN
   5 10.8782
   6 4.7286
   7 7.9787
   8 5.0389
   9 36.6471
  10 17.3958
  11 7.2231
  12 9.9490
  13 14.0169
  14 5.0081
  15 15.9336
  16 8.4526
  17   NaN
  18 18.5618
  19 12.7915
  20 1.5672
  21 4.8541
  22 20.5054
  23 8.1168
  24 8.1662
  25   NaN
  26 0.6435
  27 21.9938
  28 13.3224
  29 5.9093
  30 33.9855
  31 4.4283
  32 50.1006
  33 2.5857
  34 1.6294
  35 24.5992
  36 19.5692
  37 6.6904
  38 1.4787
  39 29.5048
  40 2.0718
  41 30.1118
  42 13.8626
  43 24.2357
  44 3.8634
  45 2.7594
  46 49.4231
  47 1.4775
  48 15.9529
  49 3.2590
  50 3.1925
  51   NaN
  52 3.6906
  53 34.0498
  54 1.7610
  55 21.6864
  56 35.9788
  57 19.6404
  58 9.1094
  59 33.2669
  60 27.3696
  61 15.1093
  62   NaN
  63 12.2385
  64 38.9308
  65 41.5931
  66 10.2094
  67 5.3660
  68 19.6696
  69 2.1329
  70 56.0723
  71 35.3150
  72 42.7283
  73 18.0761
  74 3.8344
  75 28.7851
  76 23.8396
  77 17.7523
  78 1.1854
  79   NaN
  80 23.3473
  81 2.9709
  82 4.7250
  83 1.0986
  84 8.1376
  85 27.3838
  86 3.5096
  87 8.9864
  88 3.1211
  89 1.4380
  90 5.4320
  91 8.8102
  92 17.4160
  93 19.2644
  94 23.9431
  95 57.0827
  96 17.2724
  97 0.2940
  98 4.5402
  99 9.1998
 100 0.5279
 101 6.8265
 102 2.9149
 103   NaN
 104 6.5200
 105 1.0218
 106 26.6257
 107 3.9895
 108 9.5428
 109   NaN
 110 3.7553
 111 18.9209
 112 4.0917
 113 14.4648
 114 1.3354
 115 19.3037
 116 6.7146
 117   NaN
 118 4.3060
 119 0.8255
 120 11.8146
 121 5.6168
 122 8.6281
 123 1.2652
 124 30.8973
 125 2.8555
 126 18.5246
 127 3.9646
 128 10.9044
 129 9.6060
 130 11.1932
 131 41.3551
 132 1.0045
 133 3.8417
 134 20.8726
 135 19.0137
 136 34.1966
 137 4.2381
 138 4.5293
 139 6.2562
 140 0.9155
 141 6.7987
 142 21.2330
 143 7.8417
 144 0.9373
 145 1.2207
 146 1.4176
 147 7.4060
 148 9.1456
 149 10.7305
 150 13.6274
 151 57.8236
 152 28.1801
 153 20.7197
 154 1.0817
 155 30.3791
 156 18.2759
 157 6.4050
 158 5.1402
 159 18.9725
 160 43.5228
 161 6.5235
 162 7.6912
 163 6.0202
 164 6.7820
 165 3.3672
 166 27.7069
 167 20.1282
 168 14.7923
 169 4.5130
 170 20.2078
 171 2.2766
 172 22.8740
 173 11.1510
 174 43.3998
 175 16.8444
 176 4.5595
 177 7.0574
 178 0.4803
 179 18.8396
 180 42.9396
 181 23.3017
 182 44.0304
 183 47.4231
 184 1.6160
 185 35.6120
 186 6.8700
 187 9.1343
 188 7.2477
 189 12.7055
 190 43.3893
 191 19.7020
 192 5.4100
 193 6.5769
 194 21.0367
 195 46.6025
 196 17.7935
 197 22.0898
 198 46.5958
 199 1.1250
 200 50.5598
 201 0.3154
 202 21.7567
 203 4.4723
 204 14.5781
 205 22.4196
 206 4.2234
 207 18.6747
 208 10.4671
 209 18.5884
 210 1.0573
 211 1.4229
 212 36.9075
 213 18.5359
 214 2.9097
 215 10.6959
 216 16.4038
 217 15.4112
 218 0.2961
 219 0.7531
 220   NaN
 221 9.5916
 222 1.9487
 223 1.6159
 224 3.2049
 225 11.8480
 226   NaN
 227 3.9494
 228 21.2792
 229 15.0333
 230 8.5882
 231 22.4942
 232 2.7965
 233 29.8572
 234 23.8382
 235 30.4376
 236 18.1303
 237   NaN
 238 18.2961
 239 10.2088
 240 2.1017
 241 5.3403
 242 8.8045
 243 16.5102
 244   NaN
 245 10.3960
 246 2.9080
 247 9.8090
 248 7.1535
 249 1.9382
 250 18.7200
 251 37.0360
 252 20.8640
 253 3.3949
 254 18.8708
 255 29.5009
 256 18.6705
 257 7.6818
 258   NaN
 259 7.0877
 260 7.6220
 261 3.8005
 262 11.4460
 263 40.9892
 264 12.0768
 265 66.3174
 266 18.2860
 267 4.8947
 268 8.9891
 269 10.9088
 270 9.6724
 271 9.7480
 272 5.6799
 273 3.2146
 274 22.6598
 275 12.3588
 276 7.2470
 277 5.4746
 278 56.0767
 279 12.8264
 280 17.7406
 281 16.7621
 282 16.7738
 283 7.3492
 284 8.4653
 285 34.1901
 286 8.8581
 287 29.2086
 288 1.5104
 289   NaN
 290   NaN
 291 2.9258
 292 34.8878
 293 8.2208
 294 23.1461
 295 3.9033
 296 7.2445
 297 7.6268
 298 7.2716
 299 12.9944
 300 26.8542
 301 0.8093
 302 15.9276
 303 20.7122
 304 30.3630
 305 29.3321
 306 13.8880
 307 1.9785
 308 5.4018
 309 18.0771
 310 3.5840
 311 29.9256
 312 9.1344
 313 5.1581
 314 5.1747
 315 46.0253
 316 3.5919
 317 3.3500
 318 2.8177
 319 8.6172
 320 10.3730
 321 15.7162
 322 20.7353
 323 11.0982
 324 0.3660
 325 0.4743
 326 10.7395
 327 7.3779
 328 28.5687
 329 0.7673
 330 1.1345
 331 10.7566
 332 21.0125
 333 1.2031
 334 49.4482
 335 13.6269
 336 1.1223
 337 17.7299
 338 7.8502
 339 8.2482
 340 11.7359
 341 49.1454
 342 19.5410
 343 4.0260
 344 27.5581
 345 3.3397
 346 0.7697
 347 9.5793
 348 31.6887
 349 9.8255
 350 49.3482
 351 29.3877
 352 4.9076
 353 4.0735
 354   NaN
 355 3.5861
 356 26.6278
 357 9.9758
 358 31.0087
 359 42.1386
 360 17.0209
 361 0.2517
 362 17.7805
 363 2.6714
 364 6.3854
 365 10.7188
 366   NaN
 367 44.1299
 368 16.3364
 369 38.7753
 370 2.4701
 371 23.4139
 372 16.3279
 373 0.1297
 374 20.6252
 375 11.8113
 376 19.3527
 377 1.2882
 378 26.6555
 379 26.0022
 380 14.7626
 381 3.7126
 382 7.6562
 383 0.5748
 384 3.0385
 385 24.3555
 386 12.0314
 387 15.8747
 388 25.9663
 389 3.5323
 390 2.0253
 391 21.1312
 392 13.9877
 393 6.7532
 394 50.6622
 395 18.6339
 396 22.7689
 397 16.5347
 398 10.1550
 399 15.9485
 400 35.6266
 401 16.1894
 402 18.7024
 403 39.4153
 404 15.1712
 405 15.1350
 406 19.0755
 407 16.4710
 408 1.1616
 409   NaN
 410 21.0835
 411 28.1460
 412 1.8606
 413 1.1076
 414 14.8275
 415 19.2043
 416 21.0713
 417 2.3196
 418 4.3882
 419 15.4825
 420 12.7121
 421 33.5318
 422 14.4558
 423 2.8394
 424 12.7377
 425 2.4836
 426 32.4152
 427 10.4675
 428 10.4248
 429 25.2026
 430 7.9828
 431 32.5551
 432 31.2936
 433 5.0655
 434 16.9798
 435 17.0774
 436 6.6442
 437 2.8280
 438 5.6334
 439 13.7114
 440 25.3019
 441 24.1848
 442 11.0799
 443 53.4919
 444 6.9428
 445 13.2788
 446 9.1013
 447 26.1311
 448 9.8273
 449 11.2612
 450 28.8968
 451 17.0294
 452 21.0125
 453 8.0366
 454 22.5752
 455 17.2510
 456   NaN
 457 3.8307
 458 37.0670
 459 15.5058
 460 31.4725
 461 9.1699
 462 1.6590
 463 29.6051
 464 12.1224
 465 8.0404
 466 1.2581
 467 39.4572
 468 21.5696
 469 1.9888
 470 18.1848
 471 19.8663
 472 11.5353
 473 0.6161
 474 1.6629
 475 31.2011
 476   NaN
 477 2.7055
 478 37.3130
 479 23.8307
 480 1.3972
 481 43.2379
 482 1.1921
 483 41.4495
 484 5.7396
 485   NaN
 486 11.7345
 487 17.4995
 488 4.0524
 489 33.7164
 490 7.2432
 491 19.2337
 492 4.8780
 493 21.2513
 494 14.1508
 495 7.0744
 496   NaN
 497 37.1167
 498 18.1482
 499 5.5222
 500 9.5149
 501 4.8832
 502 4.7094
 503 16.6932
 504 5.6755
 505 8.2631
 506 2.4844
 507 25.8219
 508 48.7245
 509 10.8515
 510 13.8408
 511   NaN
 512 18.3879
 513 26.0616
 514 1.9148
 515 3.0463
 516 9.7069
 517 0.5078
 518 2.0241
 519 51.4021
 520 11.9266
 521 25.7733
 522 12.0538
 523 6.8167
 524 10.3145
 525 6.9683
 526 5.7840
 527 23.2671
 528 10.8531
 529 15.4208
 530 18.8188
 531 42.8184
 532 9.5256
 533 10.1553
 534 31.8026
 535 14.9715
 536 1.4275
 537 1.2590
 538 17.9194
 539 5.2629
 540 1.7352
 541 4.3622
 542 20.8985
 543 4.4228
 544 10.7159
 545 7.3285
 546 17.8229
 547 21.3261
 548 30.1313
 549 24.3543
 550 8.9553
 551 3.3401
 552 21.2236
 553 20.7979
 554 10.0802
 555 31.4645
 556 32.2425
 557 10.3641
 558 3.1401
 559 7.0522
 560 7.7828
 561 23.0289
 562 9.4005
 563 2.4736
 564 35.2453
 565 20.2769
 566 20.7363
 567 29.4247
 568 18.4834
 569 21.8370
 570 2.0603
 571 8.6554
 572 1.5966
 573 17.1911
 574 2.7223
 575 7.8849
 576 8.2990
 577 10.4414
 578 32.0735
 579 7.7732
 580 1.4282
 581 22.0152
 582 1.1432
 583 8.2133
 584 3.9653
 585 2.3733
 586 8.2263
 587 22.4500
 588   NaN
 589 18.8098
 590 5.5580
 591 37.4305
 592 8.9077
 593 4.8618
 594 1.1673
 595 14.9012
 596 15.0233
 597 38.7226
 598 2.5998
 599 0.8877
 600 32.0492
 601 10.7552
 602 21.6759
 603 2.0214
 604 8.7241
 605 23.4368
 606 28.8602
 607 2.5884
 608 24.8008
 609 37.3797
 610 16.2100
 611 7.6098
 612 22.4983
 613 21.7176
 614 22.4082
 615 10.0375
 616 41.7384
 617 29.1379
 618   NaN
 619 24.5031
 620 6.3164
 621 1.2624
 622 2.2497
 623 16.6499
 624 22.9110
 625 12.4276
 626 1.3830
 627 8.3057
 628   NaN
 629 10.3695
 630 29.5739
 631 2.6602
 632 14.5127
 633 8.8065
 634 7.0135
 635 16.3750
 636 16.5257
 637 20.1302
 638 26.3777
 639 8.8515
 640 16.3112
 641 24.5691
 642 8.2613
 643 25.0196
 644 2.9036
 645 3.8976
 646 17.9457
 647 21.5298
 648 15.4372
 649 11.4608
 650 3.5225
 651 25.4957
 652 16.2780
 653 6.4925
 654 21.2118
 655 22.2835
 656 8.7139
 657 36.9495
 658 49.0371
 659 12.8893
 660 11.0791
 661 18.6117
 662 37.1130
 663 0.7324
 664 12.8438
 665 19.9465
 666 44.7570
 667 7.7152
 668 11.2938
 669 11.2068
 670 21.8421
 671   NaN
 672 7.6174
 673 12.4283
 674 4.5606
 675 18.2978
 676 1.7566
 677 1.2110
 678 1.0225
 679 38.7306
 680 1.4048
 681 32.2171
 682 6.2740
 683 6.3914
 684 37.7135
 685 1.5272
 686 22.6345
 687 20.7517
 688 3.6169
 689 22.2041
 690 33.3678
 691   NaN
 692 2.5319
 693 36.9184
 694 7.8430
 695 0.5547
 696 6.9712
 697 16.0099
 698 18.1794
 699 10.4578
 700 14.0985
 701 8.6478
 702 22.8201
 703 21.0166
 704 21.2707
 705 16.3680
 706 10.5464
 707 1.8004
 708 3.6135
 709 3.5121
 710 42.8255
 711 12.3366
 712 8.2055
 713 22.4995
 714 12.2163
 715 5.1145
 716 5.9291
 717 24.8379
 718 32.9762
 719 13.5518
 720 5.6640
 721 1.9152
 722   NaN
 723 43.9862
 724 5.0081
 725 22.4702
 726 19.8316
 727 12.6322
 728 5.4181
 729 2.4946
 730 6.8071
 731 34.7024
 732 0.6504
 733 27.3274
 734 0.9654
 735 14.3656
 736   NaN
 737 19.7980
 738 24.0498
 739 28.1813
 740 8.0699
 741 24.6421
 742 20.3514
 743 16.8319
 744 1.2505
 745 3.0599
 746 48.3729
 747 4.6852
 748 39.6250
 749 15.1343
 750 0.5809
 751 52.8602
 752 8.1197
 753 5.4800
 754 1.8255
 755 3.7479
 756 28.9936
 757 16.3321
 758 21.1720
 759 2.3952
 760 2.8721
 761 10.9352
 762 1.3073
 763 34.7891
 764 7.2954
 765 3.8535
 766 29.7035
 767 3.1688
 768 1.7913
 769 8.1982
 770 12.8283
 771 25.6931
 772 5.7959
 773 0.8027
 774 2.2790
 775 17.0427
 776 7.6898
 777 7.8780
 778   NaN
 779 1.2828
 780 7.6901
 781 17.7077
 782   NaN
 783 6.1139
 784 9.1593
 785 54.1354
 786 13.7413
 787 26.4141
 788 0.6020
 789 25.0119
 790 27.3376
 791 5.9263
 792 29.4700
 793 6.8286
 794 0.2494
 795 14.8959
 796 21.0678
 797 0.5549
 798 6.7443
 799 22.5148
 800 17.9908
 801 17.9342
 802 0.8594
 803 7.8801
 804 24.2772
 805 20.6835
 806 25.5462
 807 12.5783
 808 3.1143
 809 44.1736
 810 32.3722
 811 2.1779
 812 2.2372
 813 0.4006
 814 18.7397
 815 5.4943
 816 36.4776
 817 13.6018
 818 20.6090
 819   NaN
 820   NaN
 821 21.5695
 822 25.8376
 823 3.6924
 824 2.6327
 825   NaN
 826 23.3877
 827 33.3629
 828 9.5434
 829 4.1074
 830 9.4610
 831 18.9305
 832 26.4475
 833 55.7920
 834 19.1830
 835 5.6062
 836 20.3119
 837 3.8337
 838 11.4505
 839 6.3704
 840   NaN
 841 36.9077
 842 6.0916
 843 21.3291
 844 34.5857
 845 23.7221
 846 7.4331
 847 1.0807
 848 0.7760
 849 1.4853
 850 31.2922
 851 1.1475
 852 9.2946
 853 19.9805
 854 7.9302
 855 3.8078
 856 12.9256
 857 2.8345
 858 16.9694
 859 19.4533
 860 7.8711
 861 19.3249
 862 15.1769
 863 6.4363
 864 7.4877
 865 33.1650
 866 42.5598
 867 2.6012
 868 26.5461
 869 19.5396
 870 16.5443
 871 7.1209
 872 26.6643
 873 38.5098
 874 4.4239
 875 2.4891
 876 24.4735
 877 38.7526
 878 15.3030
 879   NaN
 880 18.7227
 881 35.2528
 882 6.4769
 883 14.5721
 884 10.7188
 885 10.2309
 886 11.9054
 887 1.2712
 888 18.7556
 889 3.3993
 890 36.8144
 891 2.1030
 892 14.2375
 893 4.8785
 894 41.8423
 895 6.9891
 896 29.9619
 897 9.0921
 898 1.8887
 899 5.9819
 900 6.7612
 901 4.6950
 902 17.4177
 903 13.6332
 904   NaN
 905   NaN
 906   NaN
 907 27.4112
 908 3.7020
 909 12.9813
 910 0.4269
 911 5.1744
 912 26.8604
 913 11.6441
 914 1.4183
 915 15.1886
 916 20.3421
 917   NaN
 918 63.7065
 919 10.0401
 920 7.4612
 921 8.6059
 922 8.3022
 923 21.1412
 924 10.2544
 925 14.8210
 926 16.7442
 927 19.8426
 928 1.0680
 929 26.0631
 930 28.2239
 931 2.4705
 932 1.6206
 933 10.5363
 934 13.1144
 935 15.7965
 936 4.5868
 937 17.4068
 938 24.1366
 939 3.5956
 940 3.5396
 941 0.6441
 942 3.4098
 943 5.0359
 944 14.7289
 945 25.6632
 946 6.2073
 947 3.5798
 948 42.6787
 949 3.5016
 950 14.1481
 951 8.1077
 952 14.4048
 953 4.5765
 954 9.0327
 955 17.4691
 956   NaN
 957 2.0254
 958 5.7991
 959 41.2048
 960 6.3879
 961   NaN
 962 17.1343
 963 13.4513
 964 34.7725
 965 6.9928
 966 16.5621
 967 4.5153
 968 16.9547
 969 16.2925
 970 1.7580
 971 41.5273
 972 20.8544
 973 11.6510
 974 2.1479
 975 7.9320
 976 9.7395
 977 7.3488
 978 17.3833
 979 17.7982
 980   NaN
 981 16.9229
 982 17.8373
 983 3.2633
 984 15.9800
 985 7.7086
 986 13.3383
 987 29.7185
 988 24.9718
 989 10.3440
 990 23.7276
 991 33.7255
 992 20.8226
 993 3.4549
 994 20.6805
 995 39.3638
 996 20.6823
 997 17.9774
 998 2.3768
 999 4.0147
1000 1.2114
1001 6.5971
1002 1.7200
1003 33.7065
1004 14.2976
1005 4.3842
1006 24.3576
1007 1.4957
1008 6.8190
1009 34.0130
1010 35.7927
1011 1.5023
1012 1.6749
1013 3.7339
1014 18.8460
1015 18.2365
1016 18.3316
1017 6.0660
1018 11.1062
1019 6.3428
1020 23.5349
1021   NaN
1022 11.3866
1023 48.8345
1024 30.5032
1025 3.9195
1026 5.4390
1027 5.2151
1028 2.5673
1029 33.5483
1030 0.6416
1031 5.2976
1032 26.4718
1033 10.8378
1034 20.3882
1035 25.4419
1036 30.3465
1037 35.2977
1038 2.9200
1039 11.0836
1040 20.7760
1041 30.5039
1042 40.1005
1043 17.7807
1044 33.8645
1045 3.7099
1046 1.2342
1047 42.7506
1048 21.9971
1049 53.1727
1050 14.5265
1051 9.2029
1052 33.2784
1053 17.8019
1054 2.8709
1055 13.5984
1056 19.0658
1057 5.6754
1058 22.5561
1059   NaN
1060 23.0024
1061 23.3834
1062 30.3186
1063   NaN
1064 11.4820
1065 10.9156
1066 44.1797
1067 8.4361
1068 8.2603
1069 16.0423
1070   NaN
1071 16.8135
1072 11.8142
1073 19.9271
1074 21.6640
1075 47.1923
1076 1.9821
1077 6.0801
1078 1.3769
1079 20.8990
1080 10.7042
1081 18.9458
1082 2.0967
1083 1.1595
1084 2.1537
1085   NaN
1086 6.5933
1087 58.0374
1088 11.6527
1089 30.1911
1090 1.2210
1091 20.9133
1092 41.5209
1093 1.0719
1094 51.8404
1095 19.8132
1096 13.5248
1097 19.6409
1098 0.4894
1099 9.3466
1100 1.9825
1101 22.1305
1102 6.8941
1103 13.9849
1104 14.4393
1105   NaN
1106 35.2759
1107 22.9932
1108 6.1047
1109   NaN
1110 3.5657
1111 2.7088
1112 13.2228
1113 28.4201
1114 1.7947
1115 11.9939
1116 14.2064
1117 15.7220
1118 1.3176
1119 0.5394
1120 21.5820
1121 32.5855
1122 23.6409
1123 12.9412
1124 19.3833
1125 15.1779
1126 2.1845
1127 8.1461
1128 20.5348
1129 36.3327
1130 21.2380
1131 7.1854
1132 1.5089
1133 25.0865
1134 12.0637
1135 13.2736
1136 2.1659
1137 9.7152
1138 10.9198
1139 7.3415
1140 8.8637
1141 22.2153
1142 21.6750
1143 16.9407
1144 22.4191
1145 17.1320
1146 29.1836
1147 4.1529
1148 12.1102
1149 18.6762
1150 53.2121
1151   NaN
1152 25.6368
1153 35.1763
1154 19.8768
1155 6.1778
1156 22.0973
1157 7.3623
1158 0.8501
1159 19.7939
1160 6.0836
1161 3.2243
1162 17.7116
1163 18.6185
1164 27.7194
1165 37.2019
1166 41.3342
1167 8.2170
1168 24.6599
1169 6.3016
1170 20.1556
1171 14.3652
1172 6.4868
1173 10.2056
1174 21.4299
1175 41.2572
1176 6.6664
1177 2.3954
1178 19.7972
1179 21.2249
1180 26.0449
1181 6.9993
1182 31.7488
1183 11.5780
1184 10.4262
1185   NaN
1186   NaN
1187 6.5951
1188 15.2318
1189 14.9899
1190 61.5233
1191 16.2378
1192 21.6009
1193 20.2735
1194 10.6470
1195 9.8700
1196 48.1184
1197 20.2036
1198 0.6473
1199 19.7517
1200 3.4937
1201 8.1493
1202   NaN
1203 20.3158
1204 11.7067
1205 29.6010
1206 30.6923
1207 56.9139
1208 2.0443
1209   NaN
1210 10.4036
1211 20.2282
1212 3.7656
1213 19.4872
1214 47.7906
1215 19.5060
1216 33.7747
1217 19.8696
1218 38.0534
1219 32.3911
1220 3.6287
1221 9.5029
1222 16.5133
1223 15.0800
1224 31.5198
1225 7.6712
1226 3.6591
1227 2.6741
1228 53.5467
1229 19.9023
1230 28.1006
1231 4.3065
1232 11.6636
1233 5.9303
1234 26.1610
1235 24.8454
1236 20.4347
1237 5.5611
1238 15.1867
1239 10.9527
1240 9.4090
1241 1.0625
1242 29.0842
1243 12.7794
1244 28.7892
1245 6.2132
1246 45.5920
1247 24.7103
1248 25.4534
1249 5.2415
1250 28.2693
1251 8.5698
1252 2.8517
1253 4.6546
1254 10.7283
1255 8.4297
1256 64.4691
1257 10.3573
1258 5.8373
1259 13.7050
1260 6.4455
1261 48.3026
1262 7.8825
1263 5.8485
1264 29.2433
1265 6.3068
1266 7.7219
1267 18.2316
1268 11.1329
1269 48.5079
1270 45.3903
1271 14.7140
1272 18.9152
1273 42.5382
1274 2.1949
1275 20.3120
1276 47.5725
1277 8.0300
1278 18.6344
1279 28.9095
1280 0.8817
1281 15.4503
1282 29.0579
1283 1.0049
1284 6.6973
1285 4.0142
1286 21.8090
1287 2.3703
1288 20.5611
1289 7.4721
1290 6.9769
1291 8.8058
1292 19.7832
1293 41.8690
1294 12.9459
1295 15.5911
1296 5.6980
1297 19.9249
1298   NaN
1299 5.4427
1300 4.3589
1301 25.1236
1302 14.2348
1303 18.5688
1304 2.1560
1305 12.1500
1306 38.8433
1307 40.8398
1308 8.0602
1309 12.6163
1310 19.5954
1311 36.5310
1312 6.3140
1313 12.3408
1314 19.1262
1315 3.1111
1316 26.7305
1317 10.7316
1318 5.8345
1319 0.3807
1320 22.5509
1321 3.6088
1322 37.5822
1323 4.2393
1324 19.4332
1325 1.7316
1326 29.6201
1327 43.2308
1328 25.5108
1329 0.9212
1330 1.2666
1331 18.2027
1332 1.5546
1333 20.0938
1334 4.0283
1335 14.2469
1336 12.1595
1337 1.0404
1338 37.4886
1339 3.1302
1340 4.7684
1341 4.6413
1342 8.8848
1343 2.3474
1344   NaN
1345 23.3467
1346 18.8951
1347 3.0941
1348 19.1801
1349 0.5719
1350 15.9318
1351 20.6036
1352 20.2797
1353 20.1678
1354 13.1466
1355 2.1193
1356 23.2761
1357 38.9172
1358 25.3031
1359 1.4066
1360 15.4833
1361 35.7147
1362 7.8346
1363 27.2002
1364 8.5060
1365 14.2240
1366 1.5501
1367 27.6789
1368 1.5566
1369 23.6040
1370 16.2413
1371 18.4134
1372 4.6068
1373 13.7512
1374 5.6032
1375   NaN
1376 1.0970
1377   NaN
1378 9.1971
1379 3.9609
1380 17.6529
1381 14.9152
1382 3.0150
1383 2.4864
1384 23.8309
1385 46.3276
1386 8.0140
1387 30.5099
1388 20.6977
1389 16.2861
1390 32.9233
1391 13.1146
1392 0.4491
1393 2.5237
1394 6.2807
1395 7.9876
1396 54.5845
1397   NaN
1398 15.1548
1399 10.5250
1400 31.2454
1401 9.4764
1402 3.6289
1403 26.1128
1404 31.6070
1405 1.0023
1406 19.1750
1407 34.6003
1408 52.5738
1409 10.3815
1410 2.2097
1411 19.5528
1412 19.8084
1413 0.9092
1414 42.6299
1415 24.4156
1416   NaN
1417 6.7343
1418 16.7537
1419 58.7731
1420 2.1884
1421 17.6281
1422 6.4969
1423 2.6426
1424 11.4101
1425 17.1318
1426 5.0240
1427 6.9850
1428 11.4702
1429 0.9802
1430 24.1657
1431 4.1447
1432 14.1116
1433 41.3402
1434 9.0664
1435 2.8306
1436 45.4924
1437 14.2383
1438 0.8960
1439 3.8591
1440 10.1630
1441 4.6600
1442 14.3140
1443 20.2471
1444 8.4347
1445 5.8101
1446 4.5236
1447 30.6722
1448 1.5838
1449 12.5999
1450 3.7742
1451 1.1587
1452 16.0978
1453 6.2018
1454 1.6373
1455 27.7733
1456   NaN
1457 26.5985
1458 17.7507
1459 18.2608
1460 2.5976
1461 27.3337
1462 4.2730
1463 7.5394
1464 18.7125
1465 5.7941
1466 18.9668
1467 16.2016
1468 1.8873
1469 3.3397
1470 5.1952
1471 0.4173
1472 39.5567
1473 14.9416
1474 3.1683
1475 37.4025
1476 5.0735
1477 1.0907
1478 14.2900
1479 11.7141
1480 3.2486
1481 2.7403
1482 25.7032
1483 6.1691
1484 4.7641
1485 17.4975
1486 9.6148
1487 3.1842
1488 6.5407
1489 3.3914
1490 25.6338
1491 15.9107
1492 3.4005
1493 49.0027
1494 31.6295
1495 9.0289
1496 21.6725
1497 22.2420
1498   NaN
1499 2.9609
1500 11.5267
1501 51.8905
1502 6.5363
1503 24.1953
1504 5.0646
1505 3.5929
1506 15.0427
1507 2.7728
1508 1.0549
1509 25.4325
1510 1.3404
1511 7.0344
1512 7.3883
1513 17.3886
1514 31.0384
1515 14.3024
1516 7.8020
1517 1.7928
1518 3.3421
1519 51.5251
1520 33.8945
1521 19.2871
1522 8.0730
1523 4.8630
1524 24.9712
1525 2.1197
1526 1.9873
1527 8.4903
1528 1.6334
1529 1.6498
1530 4.8992
1531 19.0506
1532 9.4670
1533 5.6769
1534 0.7428
1535 2.3266
1536 26.8212
1537 0.3919
1538 4.6732
1539 12.5636
1540 1.9848
1541 3.6392
1542 16.6448
1543 19.3853
1544 7.4488
1545 18.0348
1546   NaN
1547 50.3987
1548 5.6515
1549 5.8460
1550 1.8258
1551 11.2849
1552 3.5173
1553 9.0967
1554 5.2698
1555 5.6526
1556 19.8287
1557 7.1274
1558 29.7646
1559 10.8239
1560 2.8543
1561 21.6770
1562 28.2974
1563 14.8085
1564 25.1970
1565 17.2314
1566 42.9787
1567 30.7923
1568 5.0281
1569 17.1072
1570 22.2362
1571 13.6688
1572 12.8134
1573 4.4988
1574 18.2985
1575 14.8504
1576 1.4173
1577 8.8117
1578 3.9392
1579 26.2443
1580 0.6663
1581 0.9837
1582 1.6559
1583 21.9220
1584 3.8877
1585 2.6192
1586 7.0979
1587 22.3314
1588 20.3868
1589 10.6749
1590 1.4210
1591 4.5936
1592 23.0192
1593 4.1032
1594 30.7178
1595 14.6201
1596 29.7923
1597 26.7130
1598 1.6316
1599 7.3635
1600 27.5933
1601 28.8783
1602 35.9189
1603 0.3981
1604 8.7856
1605 0.7246
1606 4.5202
1607 19.7956
1608 12.2315
1609 6.6731
1610 2.1625
1611   NaN
1612 1.3673
1613 13.3283
1614 24.0405
1615 4.7031
1616 22.1553
1617 5.4673
1618 30.7345
1619 14.4471
1620 24.8570
1621 1.0007
1622 14.2306
1623 4.4491
1624 20.6920
1625 2.9662
1626 4.1399
1627 14.9446
1628 19.6757
1629 11.7964
1630 2.5595
1631   NaN
1632 17.7175
1633 3.4406
1634 6.9795
1635 67.2991
1636   NaN
1637 29.1361
1638 1.4970
1639 18.9260
1640 4.8874
1641 11.5546
1642 0.8238
1643 2.5830
1644 19.6972
1645 13.1007
1646 11.1201
1647   NaN
1648 19.1687
1649 14.7799
1650 16.5232
1651 1.3689
1652 1.0240
1653 13.8813
1654 6.2646
1655 0.5250
1656 1.8189
1657 7.3307
1658 7.6392
1659 3.4664
1660 6.9295
1661 53.1109
1662 33.2495
1663 33.7592
1664 20.3130
1665 11.7332
1666 15.0382
1667 72.4669
1668 6.4371
1669   NaN
1670 1.5627
1671 2.1248
1672 21.9996
1673 13.6714
1674 10.7208
1675 12.8208
1676 4.1865
1677 26.4755
1678 2.6973
1679 24.5734
1680 6.5572
1681 8.4085
1682 20.5420
1683 20.7926
1684 3.8121
1685 4.6975
1686 0.4483
1687 4.3860
1688 11.3292
1689 0.4639
1690 3.0928
1691 0.9133
1692 3.3649
1693 21.8718
1694 6.6365
1695 13.6540
1696 20.6539
1697 2.0928
1698 2.8234
1699 1.7349
1700 33.6718
1701 8.2016
1702 14.8391
1703 36.0093
1704 3.1630
1705 1.3155
1706   NaN
1707 26.5598
1708 4.2155
1709 2.1719
1710 5.6962
1711 6.2698
1712 52.9696
1713 27.4446
1714 3.0086
1715 14.7426
1716 2.7620
1717 20.9373
1718 1.0864
1719 4.1908
1720 23.5192
1721 1.6680
1722 6.3789
1723 3.2990
1724 4.9915
1725 33.3340
1726 23.5343
1727 51.2832
1728 32.7179
1729 16.5128
1730 22.2516
1731 2.0772
1732 3.7960
1733 9.6958
1734 13.8562
1735 4.8127
1736 18.1391
1737 2.0702
1738 18.9166
1739 8.1067
1740 0.7113
1741 23.6892
1742 42.6791
1743 1.5496
1744 38.6098
1745 9.2348
1746   NaN
1747 12.6807
1748 14.2941
1749 8.4943
1750 9.1947
1751 43.8998
1752 3.8667
1753 2.2864
1754 16.3913
1755 34.8173
1756 0.8835
1757 4.1827
1758 2.7848
1759 7.6669
1760 0.8112
1761 0.9136
1762 27.6726
1763 29.9467
1764 39.0959
1765 2.7731
1766 0.5525
1767 7.2903
1768 9.8384
1769 2.1906
1770 2.0753
1771 6.8557
1772 0.9332
1773 13.9797
1774 6.8598
1775 26.5570
1776   NaN
1777 3.4821
1778 2.3238
1779 0.4531
1780 6.2805
1781 18.5944
1782 3.8372
1783 3.0675
1784 3.4217
1785 21.9531
1786 7.6633
1787 7.1019
1788 1.0900
1789 2.3551
1790 35.1227
1791 10.7914
1792 14.4908
1793 1.5233
1794 6.2697
1795 1.3081
1796 3.2254
1797 17.1174
1798 41.3914
1799 20.8235
1800 5.7524
1801 0.8787
1802 23.5175
1803   NaN
1804 22.3928
1805 17.8264
1806 42.2276
1807 1.0260
1808 6.7941
1809 1.0737
1810 18.1426
1811   NaN
1812 3.0638
1813 5.3852
1814 20.2106
1815 6.8761
1816   NaN
1817   NaN
1818 2.1383
1819 23.1893
1820 1.1652
1821 6.0920
1822   NaN
1823 19.6174
1824 9.8624
1825 15.0294
1826 12.1838
1827 10.4127
1828 34.2911
1829 17.2174
1830 34.5125
1831 11.7141
1832 7.4249
1833 20.7281
1834 0.3723
1835 56.0589
1836 35.6043
1837 3.7247
1838 18.5762
1839 1.4972
1840 8.5094
1841 14.4514
1842 12.0202
1843 0.9395
1844 1.8811
1845 19.8533
1846 13.5650
1847 3.3930
1848 36.5510
1849 18.6676
1850 9.6000
1851 11.7802
1852   NaN
1853 50.6542
1854 11.6994
1855   NaN
1856 13.0313
1857 9.1580
1858   NaN
1859 11.7158
1860 6.9043
1861 23.8042
1862 25.0479
1863 30.5520
1864 4.8674
1865 3.4293
1866   NaN
1867 15.4340
1868 13.1989
1869 6.7383
1870 4.4925
1871 11.0618
1872 3.0145
1873 0.3830
1874 4.3928
1875 3.4849
1876 18.0794
1877 15.8287
1878 4.1326
1879 6.1047
1880 20.5309
1881 37.2783
1882 6.1456
1883 15.8338
1884 43.1087
1885 9.9951
1886 10.8199
1887 1.6820
1888 27.6404
1889 11.7055
1890 28.2799
1891 19.2322
1892 21.5300
1893 20.6831
1894 3.2980
1895 20.1784
1896 19.9720
1897 1.3424
1898 26.2294
1899 9.0357
1900 8.9521
1901 21.2079
1902 27.1664
1903 2.2534
1904 23.4426
1905 2.2268
1906 27.8888
1907 18.8438
1908 5.6029
1909 4.8409
1910 2.9440
1911 15.2354
1912 13.0376
1913 7.8637
1914 0.2864
1915 4.7859
1916 13.8408
1917 1.9623
1918 11.6809
1919   NaN
1920 23.9251
1921   NaN
1922 1.0340
1923 2.7660
1924 22.4480
1925 1.4226
1926 4.2928
1927 12.4358
1928 27.5763
1929 2.5024
1930 29.1722
1931 17.5847
1932 20.1177
1933 6.5377
1934 3.2363
1935 7.2361
1936 10.6309
1937 3.1662
1938   NaN
1939 48.8112
1940 24.2742
1941 1.2395
1942 19.7716
1943 4.1284
1944 5.3762
1945 7.1931
1946 4.6063
1947 6.3825
1948 30.7707
1949 0.9967
1950   NaN
1951 5.3342
1952 6.5685
1953 15.4194
1954 3.1891
1955 37.6934
1956 18.2030
1957 24.9264
1958 3.3647
1959   NaN
1960 27.1551
1961 1.1046
1962 12.6568
1963 17.8611
1964 0.7128
1965 8.9102
1966 7.0070
1967 11.0697
1968 2.5252
1969 5.2587
1970 11.6382
1971 16.4109
1972 30.6740
1973 52.1596
1974 44.5016
1975 31.6243
1976 12.0137
1977 24.7650
1978 19.7259
1979 36.8125
1980 4.6863
1981 45.3980
1982 9.5243
1983 22.8214
1984 22.9835
1985 36.1520
1986 1.4384
1987 17.7062
1988 3.8965
1989 14.2450
1990 1.4071
1991 19.9426
1992 6.4212
1993 11.9252
1994 1.4131
1995 2.2560
1996 17.7798
1997 18.4981
1998 16.4281
1999 1.9538
2000 9.6953
2001 13.2356
2002 7.2400
2003   NaN
2004 16.5559
2005 7.5029
2006 20.9268
2007 0.7113
2008 1.9138
2009 4.8126
2010 16.0281
2011 10.2495
2012 15.4378
2013 20.5372
2014 8.3036
2015 6.4330
2016 20.2003
2017 34.4013
2018 8.3702
2019 3.7222
2020 21.3014
2021 15.0366
2022 9.9880
2023 9.1972
2024 17.8573
2025 33.0200
2026 8.9989
2027 1.2425
2028 8.0903
2029 18.7741
2030 18.2073
2031 11.4225
2032 23.4653
2033 7.3460
2034 20.1367
2035 23.3266
2036 6.3257
2037 31.0188
2038 21.2850
2039 2.3581
2040 11.6214
2041 21.4294
2042 40.9960
2043 18.9117
2044 6.7765
2045 1.7783
2046 4.1878
2047 13.1621
2048 8.9392
2049 21.2851
2050 3.8995
2051 3.7511
2052 21.6199
2053 14.5086
2054 10.7817
2055   NaN
2056 18.8740
2057   NaN
2058 0.4055
2059   NaN
2060 49.7272
2061 13.6101
2062 8.7642
2063 11.2881
2064 20.8653
2065 5.9833
2066 22.7532
2067 14.9446
2068 22.7695
2069 6.1167
2070 1.5298
2071 51.7193
2072 2.6350
2073 18.0664
2074 23.8143
2075 23.0085
2076 32.6505
2077 25.7027
2078 4.0296
2079 20.7371
2080 9.8012
2081 16.1725
2082 21.9586
2083 2.4096
2084 8.9562
2085 36.7619
2086 19.7665
2087 17.0147
2088 13.2274
2089 4.0838
2090 4.2038
2091 26.0763
2092 4.2750
2093 14.4981
2094   NaN
2095 2.9782
2096 14.1307
2097 25.0639
2098 3.8277
2099 1.0614
2100 2.1845
2101 2.1579
2102 3.6248
2103 22.0474
2104 65.2208
2105 1.2045
2106 1.1459
2107 7.9385
2108 30.4231
2109 4.1220
2110 16.4651
2111 26.4717
2112 2.7115
2113 15.4413
2114   NaN
2115 2.2141
2116 1.3951
2117 22.3009
2118 40.5204
2119 12.2164
2120 13.9417
2121 2.1089
2122 6.4984
2123 40.6678
2124 9.2113
2125 33.8215
2126 2.6749
2127 0.4260
2128 2.8758
2129 29.9401
2130 1.2874
2131 5.4800
2132 38.7289
2133 17.2109
2134 10.6449
2135 43.2261
2136 1.1341
2137 31.2384
2138 16.2735
2139 9.7267
2140 1.9667
2141 5.8876
2142 3.5498
2143 20.5222
2144 3.1376
2145 25.6021
2146 27.4220
2147 10.8142
2148 2.4841
2149 13.2728
2150 22.7776
2151 2.4244
2152 20.7078
2153 48.6760
2154 3.3055
2155 29.7117
2156 18.3114
2157 11.0530
2158 4.0114
2159 14.2639
2160 26.3222
2161 13.4365
2162 33.2057
2163 21.2680
2164 5.5829
2165 12.8778
2166 6.0104
2167 31.4499
2168 25.9070
2169 21.0234
2170 1.1252
2171 11.0690
2172 4.2103
2173 51.9726
2174 0.5667
2175 14.4599
2176 5.6232
2177 12.6870
2178 2.8780
2179 10.9005
2180 1.8018
2181 10.2529
2182 10.6482
2183 25.3308
2184 11.4336
2185 33.9160
2186 25.9721
2187 27.9231
2188 10.0152
2189 19.9316
2190 4.2593
2191 21.6121
2192 7.6618
2193 0.7227
2194 14.7719
2195 3.6462
2196 11.4683
2197 23.0874
2198 0.4981
2199 17.7663
2200 10.4308
2201 0.9879
2202 18.5143
2203 18.2974
2204 18.2722
2205 13.5127
2206 25.6276
2207 3.4712
2208 1.0094
2209 21.5518
2210 3.1403
2211 36.4599
2212 15.2499
2213 33.2145
2214 6.5542
2215 26.8299
2216 3.2556
2217 12.8298
2218 21.9308
2219 32.1852
2220 5.6906
2221 1.9293
2222 40.6460
2223   NaN
2224 1.0445
2225 16.8572
2226 24.5078
2227 15.1619
2228 55.4993
2229 1.6671
2230 36.5608
2231 3.0084
2232 15.9943
2233 26.7478
2234 2.8550
2235 2.6400
2236 31.9754
2237 26.4332
2238 20.6951
2239 15.0460
2240 19.9967
2241 25.5947
2242   NaN
2243 43.6594
2244 3.9928
2245 3.6941
2246 42.6021
2247 48.8332
2248 12.3843
2249 9.3636
2250 10.9861
2251 26.0969
2252 55.4281
2253 12.6948
2254   NaN
2255 15.0708
2256 0.9535
2257 8.0608
2258 3.3000
2259 2.2125
2260 30.5020
2261 3.8636
2262   NaN
2263   NaN
2264 25.3332
2265 1.9268
2266 12.1212
2267   NaN
2268 29.7958
2269 1.4556
2270 16.1000
2271 27.2644
2272 18.0655
2273 5.0589
2274 0.3459
2275 3.0776
2276 14.5234
2277 36.5632
2278 7.3362
2279 8.8534
2280 21.5046
2281   NaN
2282 4.0307
2283 21.1761
2284 15.1230
2285 17.4360
2286 18.0399
2287 16.2316
2288 2.4980
2289 1.7882
2290 10.6677
2291 2.7522
2292 6.9671
2293 4.0624
2294 14.6964
2295 17.5795
2296 2.2634
2297 15.0008
2298 7.9275
2299 32.1906
2300 28.3185
2301 2.8211
2302 16.2478
2303 18.1082
2304 1.8759
2305 2.1281
2306 36.2842
2307 13.5607
2308   NaN
2309 0.5190
2310 5.5755
2311 43.8838
2312 0.8358
2313 8.1518
2314 1.6504
2315 11.3164
2316 0.9454
2317 7.9787
2318 10.9037
2319 20.4917
2320 0.9337
2321 16.6154
2322 2.4333
2323 3.4477
2324 16.2055
2325 1.0408
2326 2.1867
2327 26.3180
2328 5.5032
2329 3.1413
2330 9.5291
2331 0.4853
2332 21.5685
2333 4.5014
2334   NaN
2335 0.4380
2336 3.1011
2337 32.0413
2338 6.8963
2339 13.8943
2340 2.9217
2341 5.0434
2342 22.5493
2343 7.9989
2344 33.7827
2345 8.6660
2346 7.8535
2347 14.2728
2348 2.4892
2349 2.4133
2350 23.8917
2351 64.4775
2352 6.8157
2353 9.7961
2354 5.2652
2355 7.6549
2356 17.3834
2357 6.3336
2358 4.9865
2359 27.5647
2360 15.0245
2361 8.3273
2362   NaN
2363 3.4028
2364 17.0115
2365 5.8347
2366 2.4014
2367 12.2095
2368   NaN
2369 1.8755
2370 15.9271
2371 11.6074
2372 59.7727
2373 11.6843
2374 0.4275
2375 22.7669
2376 7.1934
2377 10.0975
2378   NaN
2379 7.6360
2380 17.8732
2381 7.1680
2382   NaN
2383 17.2284
2384 3.4664
2385 0.4064
2386 6.5369
2387 21.4245
2388 10.6542
2389 26.6506
2390 18.4170
2391 2.5821
2392 29.5161
2393 2.1733
2394 34.2228
2395 15.8758
2396 42.3854
2397 6.1670
2398 0.3870
2399 0.9992
2400 20.3791
2401 18.0930
2402 26.9104
2403 24.2471
2404 9.3727
2405 46.8387
2406 17.6968
2407 29.6489
2408 20.6060
2409 3.9966
2410 3.6210
2411 28.6169
2412 30.6524
2413 11.2031
2414 5.4804
2415 34.6707
2416 18.4419
2417 16.4583
2418 23.3073
2419 5.5145
2420 2.7197
2421 11.1960
2422 2.5560
2423 11.1040
2424 21.4449
2425 6.5518
2426 16.9071
2427 21.1801
2428 11.1680
2429 25.4916
2430 15.8674
2431 18.9303
2432 31.1724
2433 1.3354
2434 10.4497
2435 5.4652
2436 5.3484
2437 20.5251
2438 29.0441
2439 24.5626
2440 24.7144
2441 8.5254
2442 20.0576
2443 22.2210
2444 1.9866
2445 13.8501
2446 13.9067
2447 2.9235
2448 12.2996
2449 30.5044
2450   NaN
2451   NaN
2452 4.5897
2453 5.5393
2454   NaN
2455 19.4991
2456 0.7607
2457 22.2765
2458 1.9737
2459 11.7222
2460 42.7428
2461 0.3171
2462 4.6117
2463 26.7723
2464 4.3105
2465 4.8364
2466 4.9746
2467 8.7159
2468 8.3073
2469 8.6413
2470 28.2615
2471 54.2076
2472 35.0825
2473 18.4753
2474 17.9826
2475 11.5580
2476 35.7681
2477 7.3923
2478 15.9375
2479 14.0897
2480 11.7796
2481 18.0947
2482 4.9112
2483 21.8931
2484 19.3623
2485 9.7279
2486 26.4263
2487 40.2143
2488 7.3380
2489 3.9956
2490 22.2737
2491 2.3894
2492 21.2686
2493 13.6753
2494 21.2016
2495 0.7664
2496 32.2051
2497 13.9840
2498 11.4367
2499 5.4077
2500 56.6462
2501 30.1140
2502 10.2626
2503 17.2086
2504 27.4688
2505 3.1617
2506 6.7731
2507 19.3492
2508 5.5357
2509   NaN
2510 26.5129
2511 2.0960
2512 41.8133
2513 28.9380
2514 0.5940
2515 7.4860
2516 5.3598
2517 1.8501
2518 1.9906
2519 0.4807
2520 12.3325
2521 1.7478
2522 7.8399
2523 32.6872
2524 1.3129
2525 17.7949
2526 8.4048
2527 20.3487
2528 1.7646
2529 42.0888
2530 12.7404
2531 38.8100
2532 10.0026
2533 23.8588
2534 24.0990
2535 0.7695
2536 18.1429
2537 2.5352
2538 29.6883
2539 64.3338
2540 9.3666
2541 26.9383
2542 7.7272
2543 16.0368
2544   NaN
2545 17.8950
2546 3.9540
2547 20.6738
2548 2.9869
2549 24.1766
2550 6.0758
2551 6.0103
2552 0.4075
2553 10.8153
2554 2.1134
2555 1.4313
2556 12.1571
2557 18.8127
2558 10.6249
2559 4.0899
2560 23.1912
2561 6.6017
2562 2.3788
2563 9.3165
2564 1.6367
2565 20.8663
2566 17.5058
2567 9.5296
2568 14.4335
2569 9.9979
2570 4.0261
2571 21.3773
2572 29.9851
2573 7.8121
2574 17.4264
2575 12.2795
2576 10.8208
2577 10.1276
2578 0.6922
2579 1.8210
2580 6.6675
2581   NaN
2582 1.4824
2583 4.3798
2584   NaN
2585 11.8431
2586 48.3995
2587 1.6732
2588 7.5781
2589 5.8444
2590 1.5405
2591 10.2622
2592 1.7209
2593 5.1550
2594 2.4314
2595 24.3726
2596 25.9893
2597 42.0916
2598 8.3901
2599 13.3234
2600 1.8452
2601 4.6766
2602 11.8261
2603 3.6534
2604 11.8726
2605 21.8995
2606 5.9830
2607 15.9517
2608 7.2531
2609 30.0110
2610 4.6624
2611   NaN
2612 19.4270
2613 12.1563
2614 17.6321
2615 14.3560
2616 24.4680
2617 0.4214
2618 6.5161
2619 1.3299
2620 11.8468
2621 27.6391
2622 29.8351
2623 8.1610
2624 15.3804
2625 3.4416
2626 9.4443
2627 2.7553
2628 18.9450
2629 37.4481
2630 21.2400
2631 2.0919
2632   NaN
2633 6.7788
2634 21.9773
2635 31.0321
2636 16.8215
2637 11.7665
2638 1.7970
2639 1.3960
2640 54.4309
2641 10.7100
2642 17.9027
2643 10.7490
2644 13.0284
2645 3.4956
2646 10.4888
2647 23.9842
2648   NaN
2649 26.1026
2650 39.4015
2651 28.9487
2652 5.2326
2653 2.0276
2654 38.0989
2655 51.2860
2656 1.7033
2657 7.1781
2658   NaN
2659   NaN
2660 8.7665
2661 1.5234
2662 33.6382
2663 26.3895
2664   NaN
2665 22.0506
2666 5.6552
2667 4.2407
2668 25.1437
2669 4.4636
2670 32.2909
2671 0.9650
2672 4.2929
2673 3.4184
2674 3.0596
2675 16.1688
2676 18.7860
2677 2.2080
2678 3.6479
2679 1.3323
2680 26.9310
2681   NaN
2682 18.5643
2683   NaN
2684 20.4397
2685 3.5507
2686 23.9794
2687 35.5557
2688 9.4931
2689 4.8324
2690 14.4551
2691 17.4245
2692 34.8110
2693 9.0011
2694 13.7299
2695 16.6299
2696 17.2338
2697 5.4260
2698 2.4774
2699 33.1287
2700 1.3647
2701 20.6975
2702 17.5893
2703 2.3672
2704 2.2222
2705 0.9273
2706 9.1057
2707 0.9944
2708 4.0637
2709 19.8878
2710 8.7944
2711 25.0643
2712 6.5383
2713 7.5335
2714 18.5280
2715 48.3624
2716 30.5815
2717 4.3265
2718 20.5219
2719 6.8552
2720 36.5080
2721 23.8333
2722 6.0387
2723 0.6664
2724 17.6912
2725 19.1908
2726 12.2498
2727 2.3277
2728 1.6283
2729 0.8298
2730 3.0555
2731 17.5547
2732 33.5299
2733 7.1948
2734 18.7483
2735 2.1760
2736 2.9333
2737 4.0665
2738 16.0281
2739 1.3638
2740 6.2238
2741 1.9521
2742 13.5852
2743 20.3333
2744 25.3486
2745 12.7977
2746 14.1281
2747 55.1511
2748 2.0065
2749 5.7730
2750 23.3143
2751 5.2489
2752 23.6955
2753 7.5908
2754 12.3834
2755 4.0385
2756 21.6737
2757 1.9990
2758 19.6751
2759 0.4149
2760 31.0900
2761 8.8350
2762 6.3253
2763 15.1435
2764 12.8505
2765 2.8171
2766 13.2631
2767 49.8061
2768 21.6031
2769 18.3746
2770 2.0123
2771 21.6005
2772 10.1922
2773 20.3157
2774 3.5193
2775 13.1492
2776 18.3579
2777 7.6906
2778 29.7295
2779 21.8400
2780 7.8542
2781 17.8972
2782 0.7239
2783 33.7625
2784 11.7251
2785 9.8929
2786 0.7663
2787 4.3698
2788 26.3144
2789 2.2672
2790 12.1467
2791 3.9430
2792 20.2589
2793 15.4476
2794 8.2670
2795 14.4859
2796 3.5647
2797 6.6516
2798 1.5876
2799 10.1067
2800 8.4912
2801 10.7390
2802 8.5459
2803 40.4595
2804 7.8857
2805 6.8244
2806 2.9879
2807 26.9968
2808 4.0897
2809 20.6086
2810 7.8443
2811 2.5990
2812 30.0342
2813 12.6509
2814 3.8959
2815 4.6988
2816 39.8659
2817 28.9552
2818 1.5578
2819 23.4407
2820 16.8192
2821 16.7814
2822 6.9145
2823 5.0570
2824 12.7718
2825 0.9445
2826 1.1271
2827 1.4028
2828 7.9104
2829 10.7084
2830 14.5490
2831 7.3590
2832 42.9042
2833 8.9410
2834 53.3408
2835 23.9304
2836 19.2958
2837 2.2732
2838   NaN
2839 6.9864
2840 2.0917
2841   NaN
2842 42.4074
2843 7.2315
2844   NaN
2845 19.6379
2846 10.9031
2847 17.5253
2848 6.8961
2849 21.2674
2850 4.0239
2851 19.1422
2852 24.7488
2853 16.3551
2854 29.7184
2855 10.2800
2856 1.7641
2857 2.4099
2858 9.4027
2859 15.8284
2860 2.8090
2861 13.0238
2862 12.6402
2863 0.7992
2864 1.1235
2865 19.3471
2866 4.1944
2867 19.5843
2868 19.1436
2869 19.7945
2870 42.1932
2871 12.4507
2872 2.9566
2873 10.3215
2874 33.6106
2875 15.0051
2876 0.8422
2877 11.8933
2878 2.3983
2879 17.5169
2880 8.4246
2881 17.9635
2882 6.4419
2883 11.1153
2884 24.2750
2885 9.3909
2886 10.2213
2887 3.2283
2888 12.6853
2889 3.5630
2890 10.7975
2891 7.9153
2892 21.9732
2893 53.7057
2894 5.3312
2895 10.4485
2896 13.7020
2897 31.8112
2898 24.2245
2899 16.6462
2900 4.1292
2901 8.1772
2902 5.0098
2903 3.5023
2904 18.3311
2905 24.6575
2906 1.5733
2907 0.9384
2908 8.3972
2909 19.9459
2910 19.4768
2911 40.6061
2912 3.5239
2913 26.0634
2914 9.6311
2915 25.7791
2916 21.2577
2917 8.0464
2918 3.2629
2919 32.2607
2920 39.2685
2921 3.5108
2922 1.3308
2923 22.7711
2924 10.8386
2925 2.1430
2926 13.2937
2927 3.2898
2928 6.0986
2929 9.6379
2930 2.1285
2931 13.7079
2932 17.1851
2933 43.4337
2934 8.2096
2935 2.6997
2936 50.8258
2937 6.1881
2938   NaN
2939 12.7428
2940 4.4715
2941 4.1719
2942 28.2529
2943   NaN
2944 13.8290
2945 3.6216
2946 46.6201
2947 1.3346
2948 19.3889
2949 19.9276
2950 11.0502
2951 19.2236
2952 21.5716
2953 42.4758
2954 20.4505
2955 17.5352
2956 23.1244
2957 2.0715
2958 16.2614
2959 11.2703
2960 6.1447
2961 21.5804
2962 21.0251
2963 8.4810
2964 3.7736
2965 23.5813
2966 6.0325
2967 35.5872
2968 41.7612
2969 4.8795
2970 29.7130
2971 21.5953
2972 3.1217
2973 16.4741
2974 4.7261
2975 28.7386
2976 19.0573
2977 12.4659
2978 4.1784
2979 21.8861
2980 11.5150
2981 31.7507
2982 1.8477
2983 5.5190
2984 45.6888
2985 20.7256
2986 6.7966
2987 5.5819
2988 1.9695
2989 16.4860
2990 9.8031
2991 14.1562
2992 2.5790
2993 25.9355
2994   NaN
2995 16.1077
2996 18.5686
2997 1.2800
2998 16.3172
2999 49.1883
3000 19.8269
3001 18.1721
3002 7.6678
3003 6.0429
3004 1.9525
3005 2.7978
3006 14.1962
3007 75.9629
3008 4.8584
3009 31.9138
3010 13.2204
3011 19.9176
3012 10.6170
3013 18.3371
3014 5.3461
3015 13.1295
3016 2.9220
3017 12.8365
3018 8.4740
3019 12.0621
3020 4.5490
3021 2.8924
3022   NaN
3023 4.5120
3024 1.0990
3025 28.5555
3026 70.9078
3027 44.0193
3028 25.1514
3029 1.5463
3030 8.0227
3031 0.8320
3032 2.1142
3033 14.0049
3034 1.7570
3035 3.7638
3036 9.9711
3037 1.2131
3038 17.5754
3039 1.5012
3040 8.0543
3041 12.9333
3042 38.8820
3043 5.0287
3044 9.1253
3045 1.4085
3046 4.7996
3047 21.8786
3048 27.9445
3049 11.2805
3050 2.9097
3051 1.4564
3052 7.6440
3053 4.1079
3054 19.2635
3055 40.2415
3056 17.7284
3057   NaN
3058 1.0867
3059 0.9122
3060 4.5063
3061 3.2059
3062 7.0220
3063   NaN
3064 21.0914
3065 1.0975
3066 4.4950
3067   NaN
3068 5.0773
3069   NaN
3070 21.4859
3071   NaN
3072 5.2528
3073 15.7876
3074 6.3756
3075 15.7060
3076 13.4297
3077 2.3069
3078 2.1993
3079 0.4384
3080 2.2191
3081 9.3328
3082 11.5508
3083 3.7334
3084 7.9692
3085   NaN
3086 17.1845
3087 11.5699
3088 5.9788
3089 4.4872
3090   NaN
3091 7.3396
3092 6.8180
3093 0.7813
3094 9.4372
3095 22.8713
3096 18.1652
3097 3.9110
3098 20.4555
3099 13.6594
3100 6.0144
3101 33.1318
3102 3.9070
3103 12.1434
3104 40.4027
3105 23.4232
3106 38.7726
3107 14.9207
3108 9.5803
3109 7.8817
3110 27.9922
3111 4.3565
3112 15.5615
3113 45.0564
3114 9.6738
3115 4.5868
3116 9.2590
3117 5.8409
3118   NaN
3119 15.3252
3120 21.3342
3121 4.4170
3122 56.3338
3123   NaN
3124 2.8641
3125 32.6482
3126 16.9670
3127 29.6479
3128 37.0714
3129 24.1469
3130 1.3587
3131 62.3624
3132 1.0793
3133 3.3735
3134 19.7977
3135 14.6558
3136 2.2512
3137 2.3733
3138 33.1634
3139 26.5172
3140 0.3014
3141 5.3752
3142 3.4663
3143 6.2890
3144 7.6407
3145 6.3874
3146 35.3443
3147 69.9806
3148 1.2504
3149 1.1560
3150 15.3926
3151 4.5932
3152 1.5004
3153   NaN
3154 12.7767
3155 2.6529
3156 17.2358
3157 18.3626
3158 7.1510
3159 24.5761
3160 4.2074
3161 5.6101
3162 10.2721
3163 8.6107
3164 12.6837
3165 5.6345
3166 10.6004
3167 3.6652
3168 25.3022
3169   NaN
3170 10.8180
3171 14.0833
3172   NaN
3173 0.9404
3174 4.8269
3175   NaN
3176   NaN
3177 33.4242
3178 3.4791
3179 13.9653
3180 4.1198
3181 1.5432
3182 30.5224
3183 2.9515
3184 3.6803
3185 12.6164
3186 0.7190
3187 23.9841
3188   NaN
3189 7.7366
3190 1.7751
3191 20.8133
3192 3.6642
3193 12.6686
3194 2.8409
3195 21.0257
3196 2.7225
3197 41.5957
3198 12.9792
3199 34.6344
3200 2.6251
3201 2.8404
3202 8.2137
3203 27.8311
3204 1.8124
3205 4.0798
3206 20.7321
3207 1.9168
3208 11.5178
3209 2.0437
3210   NaN
3211 20.2528
3212 16.8405
3213 2.0513
3214 18.5086
3215 0.3745
3216 23.0381
3217 8.9035
3218 7.2907
3219 28.4315
3220 18.5556
3221 3.3477
3222 4.1706
3223 11.1717
3224   NaN
3225 14.9850
3226 29.1004
3227 1.3082
3228 18.0647
3229 0.5946
3230 4.1177
3231 39.6901
3232 10.6663
3233   NaN
3234 6.2491
3235 10.6442
3236 5.7909
3237 12.1273
3238 13.4530
3239 28.6248
3240 26.2992
3241 2.2526
3242 24.0385
3243 25.7709
3244 6.4900
3245 0.9874
3246 21.2799
3247 3.3989
3248 1.3907
3249 17.1103
3250 2.2774
3251 11.8112
3252 5.2427
3253   NaN
3254 3.8102
3255 13.4742
3256 30.0796
3257 11.2083
3258 4.6714
3259 27.4644
3260 7.1656
3261 14.1548
3262 6.5282
3263 19.9602
3264 3.8835
3265 6.2215
3266 4.8513
3267 25.1333
3268 1.3355
3269 3.5274
3270 7.6244
3271 10.9941
3272 8.0665
3273 0.7476
3274 33.4352
3275 14.7629
3276 55.2721
3277 28.7070
3278 16.3086
3279 31.5838
3280 5.6903
3281 11.1698
3282 11.3738
3283 32.6069
3284 26.0406
3285 11.9290
3286 11.8189
3287 1.3624
3288 1.0732
3289 2.8186
3290 4.9046
3291 1.3421
3292 12.2575
3293 9.6781
3294 22.8662
3295 20.4574
3296 3.6791
3297 26.7372
3298 38.4610
3299 3.2142
3300 3.3124
3301 20.5015
3302 20.4890
3303 5.3271
3304 14.3182
3305 12.4035
3306 14.3771
3307 7.0517
3308   NaN
3309 19.7436
3310 13.8854
3311 0.3305
3312 32.1059
3313   NaN
3314 32.6185
3315 25.3466
3316 2.9097
3317 48.3732
3318 37.2786
3319 10.6826
3320 17.7660
3321 5.9498
3322   NaN
3323 52.9767
3324 24.9591
3325 21.9620
3326 14.5463
3327 9.3413
3328 1.7724
3329 5.5624
3330 42.3114
3331 18.8165
3332 1.6320
3333 14.0089
3334 16.3263
3335 9.4733
3336 18.8354
3337 14.1755
3338 6.2515
3339 20.3100
3340 31.6847
3341 13.8009
3342 10.5989
3343 5.6837
3344 8.2122
3345 3.2708
3346 9.0731
3347 33.6267
3348 18.4829
3349 4.5369
3350 33.6243
3351 3.9263
3352 15.3009
3353 2.3274
3354 3.5452
3355 3.2522
3356 0.9038
3357 18.5136
3358 41.8715
3359 33.9741
3360 15.3519
3361 21.3995
3362 0.9480
3363 0.3901
3364 38.8539
3365 0.6997
3366 7.9945
3367 3.8512
3368 25.3362
3369 11.9296
3370 11.3289
3371 11.1347
3372 16.4866
3373 9.0202
3374 10.6788
3375 3.4045
3376 19.5088
3377 11.2280
3378 0.7437
3379 13.2355
3380 6.0324
3381 8.2594
3382 2.6903
3383 10.7644
3384 4.4839
3385 9.8140
3386 4.1364
3387 16.9181
3388 10.4641
3389 7.1950
3390 5.3717
3391 25.0089
3392 57.4192
3393 42.4544
3394 41.5561
3395 1.2884
3396 19.8672
3397 1.1126
3398 4.7798
3399 1.4818
3400 3.2458
3401 3.6398
3402 6.9884
3403 30.3061
3404 2.7050
3405 37.9279
3406 20.6519
3407 26.1366
3408 16.5474
3409 1.3580
3410 55.9632
3411 15.7196
3412 13.7074
3413 7.2322
3414 21.0132
3415 1.3697
3416 19.6497
3417 1.7732
3418 5.3218
3419 7.8111
3420 23.0430
3421 7.3712
3422 21.5140
3423 34.6424
3424 9.3809
3425 26.2693
3426 6.5050
3427 28.6336
3428 16.3106
3429 17.6194
3430 37.5924
3431 45.2777
3432 16.0087
3433 1.8074
3434 10.8536
3435 23.0396
3436 8.9460
3437 19.8637
3438 36.0764
3439 5.3593
3440 19.0575
3441 8.7429
3442 19.7589
3443 33.5003
3444 12.1607
3445 3.0210
3446 27.3046
3447 20.5989
3448 20.0696
3449 5.2383
3450 2.2290
3451 3.1852
3452 48.4956
3453 26.7357
3454 3.2478
3455 35.8184
3456 4.0291
3457 11.3029
3458 12.1512
3459 4.3292
3460 2.2049
3461 16.7778
3462 9.9855
3463 5.7013
3464 13.4784
3465 3.1543
3466 0.5631
3467 13.5812
3468 13.9542
3469 18.2248
3470 0.9950
3471 2.7852
3472 14.3516
3473 2.0693
3474 24.8948
3475 1.2544
3476 14.8864
3477 0.8710
3478 1.1457
3479   NaN
3480 22.7641
3481 6.1897
3482 0.6369
3483 7.1971
3484 10.7262
3485 14.2425
3486 8.4489
3487   NaN
3488 19.0978
3489 8.0842
3490 21.9786
3491 10.0532
3492 0.4805
3493 3.5739
3494 9.7780
3495 42.2300
3496 5.4745
3497 33.9702
3498 2.3109
3499 16.8964
3500 1.5513
3501 16.5801
3502 29.3395
3503 18.6501
3504 4.0838
3505 10.7895
3506 0.7932
3507 17.2352
3508 22.8623
3509 5.5595
3510 10.0807
3511 28.0647
3512 6.0952
3513 2.1149
3514 0.3310
3515 29.7344
3516 6.5941
3517 16.6004
3518 9.4909
3519 4.4036
3520 2.2035
3521 14.4568
3522 29.6626
3523 4.3548
3524 4.3922
3525 16.5643
3526 9.0509
3527 12.8793
3528 9.6869
3529 12.4967
3530 32.0281
3531 2.8559
3532 7.1848
3533 2.1663
3534 9.6363
3535 3.6111
3536 8.5414
3537 16.7177
3538 38.6112
3539 0.7887
3540 0.6203
3541 2.1715
3542 1.2816
3543 24.8415
3544 22.9815
3545 2.9733
3546 37.5131
3547 4.4803
3548 11.0345
3549 18.5572
3550 4.1513
3551 9.7045
3552 19.3398
3553 9.4416
3554 2.7366
3555 2.0771
3556 3.3916
3557 21.9964
3558 1.7190
3559 2.6898
3560 7.8353
3561 0.3372
3562 24.7151
3563 25.4402
3564 3.7861
3565   NaN
3566 0.7418
3567 31.2598
3568 2.3359
3569 8.2226
3570 14.0682
3571 55.7581
3572 7.4601
3573 11.6262
3574 8.5983
3575 19.7721
3576 39.4741
3577 1.3431
3578 19.6024
3579   NaN
3580   NaN
3581 0.6826
3582 21.9454
3583 29.6077
3584 2.2933
3585 1.0706
3586 14.0678
3587 13.8570
3588 5.4309
3589 0.6099
3590 27.5785
3591 9.7450
3592 7.7270
3593 9.9588
3594 1.1975
3595 23.9898
3596 34.8210
3597 24.4007
3598 6.3606
3599 1.3842
3600 19.8257
3601 22.7126
3602 40.6624
3603 19.6677
3604 17.3700
3605 15.2875
3606 9.4912
3607 29.4165
3608 14.1378
3609 25.5931
3610 27.2079
3611 7.1758
3612 11.9665
3613 1.0822
3614 10.9837
3615 45.8924
3616 25.8904
3617 2.8020
3618 3.9018
3619 1.5297
3620 3.7460
3621 10.1778
3622 14.0850
3623 5.8164
3624 10.5251
3625 4.2029
3626 2.1455
3627 13.2960
3628 0.7366
3629 7.4469
3630 20.1084
3631 0.4108
3632 23.6756
3633 0.7530
3634 3.5714
3635 15.2148
3636 12.3838
3637 1.8644
3638 6.2634
3639 11.3037
3640 7.9987
3641 1.5672
3642 2.6220
3643 20.0277
3644 4.2928
3645 0.4698
3646 1.6052
3647 42.1577
3648 20.3755
3649 4.2371
3650 19.0484
3651 8.9951
3652 36.9000
3653 5.2136
3654 4.8304
3655 1.8898
3656 1.6746
3657 6.4023
3658 32.8890
3659 13.8792
3660 25.1970
3661   NaN
3662 9.1242
3663 27.0422
3664 17.9177
3665 4.0634
3666 3.6479
3667 23.8911
3668 28.6639
3669 13.8826
3670 34.9194
3671 4.3442
3672 12.5779
3673 3.7503
3674 3125.5232
3675 35.9245
3676 38.7662
3677   NaN
3678 53.6169
3679 40.3891
3680 1.7135
3681 21.4533
3682 6.3552
3683 9.0174
3684 4.3702
3685 14.0594
3686 14.9114
3687 17.8768
3688 21.3771
3689 2.0880
3690 6.3601
3691 18.9210
3692 25.4585
3693 7.5496
3694 10.7739
3695 19.9062
3696 1.0844
3697 7.0015
3698 19.6326
3699 3.1213
3700 3.5480
3701   NaN
3702 7.4776
3703 25.7087
3704 4.9258
3705 16.0488
3706 18.6583
3707 3.7223
3708 18.2025
3709 6.9781
3710 16.6918
3711 13.7078
3712 10.1922
3713 0.5377
3714 2.9300
3715 50.2573
3716 22.3067
3717 5.8752
3718   NaN
3719 2.5732
3720 11.3093
3721 14.2842
3722 25.6287
3723 9.4164
3724 16.0613
3725 23.8832
3726 10.4352
3727 4.3251
3728 2.9693
3729 0.9577
3730 35.3642
3731 15.0478
3732 21.1086
3733 8.3829
3734 29.0949
3735 33.8829
3736 51.4785
3737 10.5607
3738   NaN
3739 7.1870
3740 18.9822
3741 18.9661
3742 0.5681
3743 2.6413
3744 20.3064
3745 15.1744
3746 21.1137
3747 49.3850
3748 18.0795
3749 7.8458
3750 11.3654
3751 40.0031
3752 3.0632
3753 1.3955
3754   NaN
3755 21.1040
3756 17.1557
3757 0.8708
3758 1.1299
3759 1.6813
3760 20.8429
3761 16.1317
3762 28.5763
3763 5.1469
3764 8.1877
3765 11.4954
3766 10.2315
3767 2.9759
3768 8.3841
3769 32.5389
3770 16.2050
3771 13.3024
3772 0.5678
3773 7.5375
3774 5.1025
3775 26.2508
3776 7.4694
3777 1.6058
3778 27.6895
3779   NaN
3780 22.3038
3781 0.4107
3782 10.2468
3783 2.9146
3784 5.1916
3785 9.8252
3786 20.4599
3787 25.3247
3788 3.3994
3789 5.1689
3790 14.5930
3791 5.9501
3792 22.0704
3793 6.4790
3794 45.1686
3795 20.2490
3796 20.1130
3797 20.3682
3798 16.3000
3799 16.8936
3800 31.2643
3801 20.0178
3802 39.2721
3803 33.6875
3804 0.6655
3805 2.0599
3806 5.7115
3807 14.6352
3808 1.7471
3809 12.0886
3810 1.5641
3811 25.9678
3812 2.7920
3813 10.8042
3814 11.7867
3815 10.9135
3816 15.2150
3817   NaN
3818 1.9710
3819 4.9416
3820 12.2539
3821 53.1276
3822 17.5811
3823 5.2036
3824 5.4495
3825 18.7588
3826 6.8747
3827 14.5375
3828 35.6111
3829 15.4725
3830 1.5264
3831 9.5382
3832 8.5770
3833 52.8200
3834 11.3892
3835 0.5110
3836 10.1470
3837 6.6369
3838 12.4389
3839 19.4327
3840 2.2806
3841 0.6611
3842 6.7866
3843 9.2581
3844 23.9199
3845   NaN
3846 10.0594
3847 12.4221
3848 19.8119
3849 4.0057
3850 18.7436
3851 21.0231
3852 23.8907
3853 40.1791
3854 15.4507
3855 10.4706
3856   NaN
3857 18.5300
3858   NaN
3859 17.0928
3860   NaN
3861 2.6065
3862 3.4512
3863 2.6883
3864 22.8748
3865 19.0712
3866 14.7804
3867 19.4756
3868 22.7887
3869 15.9320
3870 17.0602
