   1 0.1173
   2 0.0870
   3 0.3802
   4 0.3198
   5 0.3751
   6 0.3068
   7 0.1221
   8 0.1607
   9 0.1549
  10 0.1251
  11 0.4062
  12 0.0711
  13 0.2346
  14 0.5089
  15 0.1340
  16 0.0737
  17 0.0951
  18 0.1063
  19 0.0844
  20 0.1267
  21 0.1759
  22 0.1008
  23 0.1166
  24 0.2827
  25 0.3484
  26 0.0784
  27 0.1444
  28 0.3425
  29 0.1920
  30 0.2020
  31 0.1161
  32 0.2476
  33 0.0929
  34 0.0960
  35 0.1179
  36 0.1556
  37 0.5178
  38 0.1853
  39 0.1845
  40 0.0879
  41 0.2956
  42 0.2145
  43 0.5091
  44 0.1220
  45 0.5480
  46 0.1359
  47 0.1098
  48 0.0971
  49 0.1190
  50 0.2334
  51 0.1440
  52 0.0723
  53 0.3611
  54 0.1347
  55 0.5324
  56 0.1381
  57 0.1042
  58 0.1281
  59 0.0762
  60 0.2013
  61 0.1237
  62 0.2671
  63 0.1301
  64 0.1029
  65 0.1147
  66 0.4716
  67 0.0903
  68 0.1841
  69 0.0775
  70 0.1319
  71 0.3391
  72 0.3406
  73 0.1685
  74 0.2196
  75 0.7322
  76 0.1643
  77 0.3103
  78 0.2727
  79 0.0856
  80 0.1241
  81 0.0970
  82 0.2098
  83 0.4328
  84 0.0735
  85 0.1072
  86 0.1289
  87 0.1013
  88 0.1007
  89 0.1691
  90 0.1122
  91 0.0820
  92 0.0928
  93 0.1047
  94 0.0983
  95 0.0999
  96 0.0835
  97 0.0710
  98 0.1385
  99 0.1553
 100 0.1060
 101 0.1009
 102 0.5039
 103 0.1156
 104 0.6210
 105 0.1156
 106 0.1554
 107 0.0983
 108 0.1055
 109 0.1661
 110 0.0835
 111 0.0977
 112 0.1672
 113 0.0996
 114 0.0867
 115 0.1252
 116 0.0965
 117 0.3044
 118 0.1203
 119 0.1470
 120 0.1008
 121 0.0910
 122 0.3356
 123 0.3002
 124 0.1324
 125 0.1802
 126 0.0767
 127 0.1490
 128 0.1749
 129 0.0884
 130 0.1136
 131 0.4179
 132 0.1065
 133 0.3167
 134 0.0851
 135 0.2261
 136 0.0896
 137 0.0893
 138 0.1042
 139 0.1088
 140 0.1137
 141 0.0823
 142 0.1216
 143 0.3164
 144 0.0676
 145 0.0846
 146 0.1357
 147 0.2336
 148 0.0942
 149 0.2659
 150 0.0894
 151 0.0920
 152 0.2743
 153 0.2302
 154 0.1228
 155 0.1743
 156 0.1033
 157 0.1466
 158 0.1339
 159 0.1269
 160 0.3803
 161 0.0910
 162 0.0724
 163 0.1327
 164 0.1229
 165 0.3877
 166 0.3090
 167 0.3338
 168 0.0744
 169 0.1473
 170 0.0926
 171 0.1497
 172 0.0898
 173 0.4067
 174 0.3380
 175 0.1122
 176 0.0988
 177 0.0724
 178 0.0841
 179 0.3022
 180 0.2417
 181 0.0804
 182 0.0949
 183 0.1086
 184 0.3447
 185 0.1525
 186 0.2333
 187 0.1314
 188 0.1055
 189 0.1098
 190 0.1860
 191 0.1035
 192 1.2573
 193 0.1495
 194 0.2512
 195 0.3946
 196 0.2691
 197 0.1314
 198 0.0945
 199 0.1879
 200 0.1104
 201 0.1368
 202 0.1702
 203 0.3933
 204 0.0969
 205 0.2753
 206 0.1055
 207 0.1196
 208 0.0826
 209 0.0871
 210 0.1006
 211 0.3191
 212 0.1099
 213 0.1078
 214 0.0887
 215 0.0924
 216 0.1272
 217 0.2177
 218 0.1057
 219 0.1403
 220 0.4964
 221 0.0816
 222 0.1645
 223 0.1435
 224 0.1644
 225 0.1854
 226 0.0895
 227 0.7635
 228 0.2155
 229 0.1238
 230 0.3807
 231 0.0906
 232 0.1300
 233 0.0997
 234 0.1210
 235 0.1112
 236 0.1600
 237 0.1032
 238 0.0791
 239 0.1504
 240 0.2320
 241 0.1496
 242 0.1331
 243 0.1004
 244 0.0847
 245 0.1053
 246 0.1321
 247 0.0907
 248 0.2049
 249 0.1528
 250 0.0956
 251 0.0966
 252 0.2328
 253 0.2556
 254 0.1244
 255 0.1874
 256 0.1021
 257 0.1071
 258 0.0845
 259 0.0852
 260 0.0835
 261 0.0910
 262 0.4478
 263 0.1302
 264 0.0924
 265 0.1043
 266 0.1134
 267 0.1303
 268 0.0941
 269 0.4132
 270 0.1319
 271 0.0975
 272 0.1395
 273 0.1618
 274 0.1664
 275 0.1103
 276 0.0849
 277 0.5722
 278 0.4793
 279 0.1168
 280 0.1093
 281 0.2222
 282 0.1250
 283 0.1217
 284 0.1265
 285 0.1113
 286 0.0887
 287 0.1632
 288 0.1523
 289 0.1495
 290 0.1392
 291 0.2231
 292 0.4875
 293 0.2386
 294 0.3605
 295 0.2288
 296 0.1584
 297 0.0854
 298 0.0995
 299 0.1114
 300 0.1025
 301 0.7294
 302 0.3130
 303 0.2600
 304 0.0935
 305 0.0836
 306 0.1262
 307 0.1020
 308 0.1028
 309 0.1197
 310 0.0758
 311 0.1012
 312 0.2408
 313 0.1847
 314 0.0737
 315 0.1310
 316 0.4770
 317 0.0678
 318 0.1075
 319 0.1083
 320 0.1243
 321 0.2947
 322 0.3930
 323 0.1787
 324 0.1446
 325 0.1011
 326 0.2532
 327 0.0871
 328 0.1369
 329 0.2202
 330 0.1153
 331 0.1437
 332 0.1567
 333 0.3497
 334 0.1533
 335 0.4741
 336 0.2985
 337 0.1974
 338 0.2325
 339 0.1455
 340 0.0991
 341 0.1084
 342 0.0822
 343 0.2228
 344 0.1338
 345 0.0922
 346 0.1394
 347 0.2389
 348 0.0819
 349 0.2210
 350 0.0971
 351 0.0643
 352 0.0751
 353 0.1449
 354 0.0944
 355 0.1639
 356 0.0908
 357 0.0755
 358 0.0714
 359 0.1089
 360 0.0849
 361 0.2176
 362 0.0789
 363 0.2873
 364 0.0976
 365 0.1112
 366 0.1501
 367 0.1353
 368 0.0863
 369 0.8295
 370 0.1207
 371 0.2215
 372 0.1213
 373 0.0837
 374 0.0757
 375 0.1261
 376 0.1322
 377 0.1604
 378 0.1132
 379 0.0912
 380 0.2423
 381 0.2549
 382 0.3809
 383 0.1514
 384 0.2383
 385 0.0774
 386 0.1317
 387 0.0981
 388 0.0873
 389 0.1715
 390 0.0881
 391 0.7069
 392 0.0897
 393 0.0971
 394 0.0878
 395 0.3300
 396 0.1164
 397 0.0817
 398 0.1146
 399 0.0743
 400 0.0904
 401 0.0747
 402 0.1064
 403 0.1488
 404 0.0799
 405 0.2198
 406 0.3566
 407 0.1054
 408 0.0879
 409 0.0908
 410 0.1531
 411 0.3729
 412 0.3637
 413 0.1450
 414 0.3015
 415 0.2215
 416 0.1143
 417 0.1511
 418 0.7560
 419 0.1467
 420 0.1614
 421 0.1826
 422 0.0963
 423 0.0949
 424 0.6682
 425 0.1096
 426 0.1125
 427 0.1358
 428 0.1085
 429 0.1358
 430 0.0845
 431 0.2148
 432 0.1058
 433 0.1170
 434 0.1066
 435 0.0952
 436 0.2752
 437 0.1123
 438 0.1189
 439 0.1173
 440 0.0864
 441 0.0957
 442 0.0824
 443 0.0933
 444 0.1718
 445 0.0903
 446 0.1064
 447 0.1149
 448 0.1019
 449 0.0763
 450 0.2744
 451 0.1454
 452 0.3306
 453 0.1372
 454 0.1068
 455 0.1301
 456 0.0975
 457 0.1339
 458 0.0960
 459 0.1218
 460 0.0734
 461 0.1134
 462 0.0927
 463 0.2381
 464 0.2252
 465 0.2697
 466 0.1482
 467 0.0679
 468 0.0969
 469 0.0926
 470 0.9610
 471 0.3196
 472 0.0755
 473 0.0926
 474 0.3733
 475 0.0992
 476 0.0901
 477 0.1295
 478 0.1560
 479 0.1017
 480 0.0948
 481 0.5428
 482 0.1885
 483 0.1068
 484 0.1317
 485 0.1287
 486 0.0724
 487 0.1083
 488 0.1279
 489 0.1324
 490 0.1708
 491 0.1531
 492 0.1042
 493 0.0925
 494 0.1601
 495 0.1488
 496 0.1256
 497 0.1221
 498 0.0857
 499 0.1913
 500 0.1084
 501 0.1096
 502 0.0920
 503 0.1692
 504 0.1090
 505 0.7095
 506 0.3022
 507 0.0804
 508 0.2673
 509 0.1427
 510 0.4840
 511 0.0857
 512 0.1158
 513 0.2675
 514 0.0966
 515 0.1341
 516 0.2113
 517 0.0873
 518 0.1090
 519 0.2293
 520 0.3739
 521 0.2903
 522 0.3274
 523 0.0831
 524 0.0850
 525 0.1234
 526 0.3140
 527 0.0698
 528 0.0928
 529 0.1288
 530 0.1932
 531 0.1384
 532 0.0805
 533 0.0874
 534 0.6325
 535 0.0953
 536 0.1679
 537 0.1018
 538 0.1958
 539 0.6759
 540 0.1357
 541 0.1033
 542 0.1743
 543 0.1525
 544 0.0840
 545 0.0866
 546 0.1934
 547 0.1013
 548 0.1408
 549 0.0762
 550 0.4254
 551 0.1142
 552 0.1327
 553 0.0823
 554 0.3866
 555 0.1242
 556 0.2360
 557 0.3303
 558 0.0899
 559 1.2451
 560 0.0752
 561 0.1309
 562 0.1115
 563 0.0718
 564 0.1076
 565 0.1256
 566 0.1509
 567 0.1445
 568 0.0914
 569 0.3100
 570 0.1527
 571 0.1057
 572 0.1486
 573 0.4059
 574 0.1481
 575 0.1087
 576 0.1035
 577 0.3726
 578 0.2457
 579 0.0882
 580 0.1431
 581 0.1426
 582 0.1022
 583 0.1237
 584 0.0924
 585 0.2904
 586 0.0976
 587 0.1277
 588 0.1522
 589 0.0851
 590 0.1480
 591 0.1606
 592 0.1117
 593 0.4163
 594 0.1357
 595 0.0750
 596 0.1043
 597 0.1504
 598 0.1347
 599 0.1361
 600 0.1115
 601 0.1230
 602 0.0928
 603 0.4905
 604 0.1180
 605 0.0765
 606 0.1534
 607 0.2377
 608 0.1469
 609 0.1907
 610 0.1636
 611 0.0881
 612 0.1042
 613 0.3272
 614 0.3356
 615 0.1246
 616 0.4499
 617 0.0898
 618 0.0934
 619 0.1134
 620 0.2521
 621 0.2155
 622 0.1350
 623 0.0898
 624 0.1094
 625 0.1030
 626 0.0856
 627 0.2466
 628 0.1840
 629 0.5826
 630 0.0888
 631 0.1426
 632 0.1305
 633 0.0682
 634 0.1809
 635 0.1125
 636 0.1694
 637 0.9766
 638 0.0971
 639 0.1244
 640 0.2690
 641 0.0852
 642 0.4095
 643 0.1426
 644 0.0940
 645 0.2976
 646 0.0975
 647 0.1487
 648 0.1501
 649 0.1267
 650 0.2844
 651 0.1102
 652 0.1777
 653 0.0929
 654 0.0853
 655 0.1958
 656 0.0983
 657 0.4357
 658 0.1273
 659 0.5623
 660 0.1344
 661 0.0880
 662 0.1779
 663 0.1125
 664 0.1125
 665 0.1257
 666 0.1469
 667 0.0778
 668 0.6504
 669 0.2918
 670 0.1311
 671 0.1009
 672 0.1150
 673 0.1193
 674 0.0761
 675 0.0864
 676 0.1199
 677 0.2885
 678 0.1000
 679 0.0880
 680 0.2022
 681 0.2161
 682 0.1060
 683 0.8798
 684 0.1019
 685 0.5423
 686 0.3918
 687 0.1672
 688 0.0644
 689 0.1457
 690 0.2082
 691 0.1081
 692 0.1005
 693 0.0906
 694 0.1558
 695 0.1120
 696 0.1157
 697 0.1458
 698 0.3366
 699 0.4038
 700 0.1130
 701 0.1663
 702 0.6822
 703 0.1060
 704 0.0884
 705 0.1013
 706 0.1045
 707 0.3946
 708 0.0852
 709 0.0832
 710 0.0750
 711 0.0766
 712 0.1221
 713 0.0813
 714 0.0944
 715 0.0788
 716 0.1324
 717 0.3495
 718 0.0874
 719 0.1662
 720 0.1185
 721 0.2174
 722 0.2165
 723 0.1475
 724 0.1218
 725 0.0652
 726 0.1165
 727 0.1322
 728 0.0915
 729 0.1536
 730 0.1301
 731 0.1182
 732 0.0922
 733 0.1110
 734 0.0920
 735 0.1660
 736 0.1349
 737 0.0948
 738 0.0735
 739 0.0867
 740 0.0929
 741 0.2753
 742 0.2202
 743 0.1955
 744 0.4854
 745 0.3802
 746 0.4779
 747 0.2626
 748 0.1122
 749 0.1149
 750 0.1190
 751 0.1589
 752 0.1191
 753 0.8948
 754 0.1340
 755 0.1619
 756 0.2132
 757 0.1667
 758 0.1131
 759 0.1715
 760 0.0843
 761 0.0925
 762 0.1344
 763 0.2731
 764 0.1340
 765 0.0978
 766 0.3624
 767 0.2410
 768 0.1305
 769 0.0752
 770 0.0738
 771 0.1265
 772 0.7389
 773 0.1214
 774 0.1013
 775 0.1219
 776 0.0940
 777 0.2087
 778 0.0850
 779 0.2703
 780 0.1388
 781 0.2625
 782 0.0857
 783 0.0954
 784 0.1532
 785 0.1508
 786 0.1203
 787 0.5508
 788 0.3242
 789 0.5116
 790 0.0950
 791 0.0846
 792 0.1011
 793 0.1579
 794 0.1287
 795 0.3402
 796 0.1633
 797 0.2086
 798 0.0820
 799 0.3998
 800 0.2783
 801 0.1019
 802 0.1425
 803 0.3574
 804 0.3014
 805 0.1333
 806 0.1109
 807 0.1211
 808 0.1413
 809 0.0756
 810 0.0990
 811 0.1110
 812 0.1277
 813 0.0883
 814 0.0955
 815 0.0677
 816 0.1259
 817 0.1152
 818 0.1382
 819 0.2649
 820 0.0653
 821 0.2324
 822 0.0713
 823 0.1030
 824 0.1052
 825 0.2595
 826 0.0874
 827 0.1109
 828 0.2840
 829 0.1461
 830 0.0990
 831 0.0945
 832 0.0994
 833 0.1329
 834 0.1746
 835 0.0758
 836 0.0798
 837 0.3983
 838 0.2458
 839 0.1069
 840 0.1488
 841 0.2291
 842 0.0916
 843 0.4565
 844 0.0789
 845 0.3020
 846 0.0973
 847 0.1903
 848 0.3069
 849 0.2707
 850 0.0927
 851 0.0891
 852 0.0946
 853 0.0896
 854 0.3157
 855 0.1165
 856 0.0822
 857 0.1043
 858 0.1027
 859 0.0841
 860 0.1547
 861 0.0934
 862 0.2697
 863 0.3327
 864 0.1982
 865 0.1336
 866 0.3270
 867 0.1143
 868 0.0746
 869 0.0967
 870 0.1047
 871 0.0923
 872 0.2244
 873 0.2384
 874 0.2415
 875 0.1229
 876 0.0745
 877 0.0722
 878 0.1437
 879 0.2726
 880 0.1228
 881 0.1291
 882 0.1143
 883 0.2538
 884 0.0855
 885 0.1307
 886 0.1065
 887 0.1705
 888 0.0888
 889 0.1577
 890 0.0947
 891 0.1690
 892 0.1299
 893 0.0982
 894 0.1146
 895 0.0761
 896 0.1450
 897 0.2128
 898 0.0907
 899 0.0821
 900 0.1151
 901 0.1809
 902 0.2205
 903 0.0921
 904 0.2377
 905 0.0813
 906 0.2898
 907 0.0635
 908 0.2168
 909 0.1022
 910 0.1081
 911 0.0936
 912 0.0929
 913 0.2251
 914 0.1920
 915 0.2346
 916 0.2585
 917 0.0975
 918 0.2102
 919 0.2366
 920 0.3328
 921 0.0712
 922 0.2622
 923 0.1846
 924 0.0889
 925 0.1071
 926 0.1526
 927 0.2187
 928 0.2797
 929 0.0907
 930 0.2842
 931 0.2222
 932 0.1078
 933 0.1221
 934 0.0749
 935 0.1732
 936 0.0716
 937 0.0937
 938 0.2453
 939 0.1227
 940 0.0704
 941 0.3497
 942 0.1698
 943 0.1489
 944 0.1803
 945 0.0929
 946 0.1704
 947 0.3776
 948 0.1059
 949 0.1265
 950 0.3034
 951 0.1409
 952 0.1277
 953 0.1234
 954 0.1863
 955 0.2069
 956 0.0817
 957 0.1306
 958 0.1135
 959 0.0885
 960 0.0958
 961 0.1149
 962 0.0941
 963 0.3516
 964 0.2440
 965 0.1936
 966 0.0997
 967 0.2097
 968 0.1440
 969 0.1030
 970 0.1995
 971 0.1028
 972 0.3563
 973 0.4769
 974 0.0997
 975 0.1392
 976 0.1555
 977 0.1156
 978 0.1356
 979 0.1011
 980 0.0664
 981 0.0986
 982 0.3112
 983 0.1883
 984 0.1093
 985 0.1436
 986 0.0988
 987 0.0995
 988 0.3850
 989 0.0990
 990 0.1240
 991 0.0775
 992 0.0804
 993 0.1517
 994 0.1146
 995 0.1166
 996 0.1319
 997 0.1554
 998 0.0827
 999 0.0937
1000 0.4482
1001 0.0890
1002 0.1184
1003 0.0772
1004 0.0772
1005 0.1039
1006 0.0947
1007 0.1034
1008 0.0999
1009 0.1425
1010 0.1731
1011 0.2556
1012 0.1135
1013 0.1560
1014 0.1484
1015 0.0823
1016 0.1951
1017 0.2525
1018 0.1184
1019 0.0928
1020 0.3800
1021 0.2726
1022 0.1629
1023 0.1051
1024 0.2561
1025 0.3169
1026 0.0784
1027 0.1240
1028 0.1329
1029 0.2896
1030 0.2399
1031 0.3518
1032 0.3743
1033 0.1609
1034 0.2179
1035 0.1264
1036 0.1408
1037 0.1376
1038 0.0929
1039 0.1115
1040 0.3774
1041 0.1624
1042 0.1131
1043 0.0974
1044 0.4475
1045 0.1571
1046 0.0834
1047 0.1201
1048 0.1347
1049 0.1202
1050 0.1205
1051 0.0961
1052 0.0713
1053 0.1414
1054 0.1790
1055 0.1110
1056 0.0847
1057 0.0996
1058 0.3821
1059 0.1526
1060 0.0963
1061 0.3744
1062 0.0963
1063 0.2613
1064 0.2507
1065 0.0937
1066 0.3059
1067 0.8946
1068 0.1630
1069 0.1334
1070 0.2234
1071 0.0825
1072 0.0972
1073 0.1278
1074 0.1336
1075 0.2389
1076 0.1168
1077 0.0723
1078 0.3547
1079 0.1188
1080 0.0855
1081 0.1035
1082 0.0664
1083 0.6330
1084 0.1175
1085 0.1367
1086 0.1666
1087 0.1540
1088 0.6496
1089 0.0830
1090 0.1109
1091 0.1007
1092 0.1655
1093 0.1336
1094 0.1367
1095 0.1210
1096 0.1362
1097 0.3883
1098 0.0714
1099 0.3144
1100 0.2484
1101 0.1274
1102 0.0764
1103 0.2704
1104 0.1663
1105 0.2685
1106 0.0864
1107 0.2814
1108 0.4431
1109 0.0903
1110 0.0998
1111 0.3530
1112 0.4545
1113 0.0941
1114 0.0862
1115 0.1676
1116 0.3465
1117 0.0808
1118 0.0973
1119 0.1076
1120 0.3027
1121 0.1836
1122 0.4275
1123 0.0740
1124 0.2800
1125 0.2977
1126 0.0913
1127 0.0726
1128 0.5921
1129 0.1245
1130 0.1805
1131 0.3271
1132 0.1601
1133 0.1333
1134 0.1110
1135 0.0833
1136 0.1012
1137 0.0909
1138 0.1530
1139 0.1269
1140 0.1556
1141 0.1081
1142 0.1323
1143 0.2624
1144 0.1438
1145 0.1900
1146 0.1194
1147 0.5102
1148 0.2700
1149 0.1096
1150 0.1327
1151 0.1924
1152 0.4602
1153 0.0636
1154 0.1169
1155 0.0972
1156 0.0988
1157 0.2523
1158 0.0869
1159 0.0842
1160 0.0979
1161 0.1327
1162 0.1748
1163 0.0719
1164 0.1128
1165 0.2923
1166 0.1323
1167 0.1824
1168 0.3323
1169 0.1340
1170 0.1498
1171 0.2002
1172 0.1215
1173 0.2192
1174 0.0852
1175 0.0938
1176 0.0976
1177 0.0953
1178 0.1016
1179 0.0960
1180 0.1254
1181 0.1080
1182 0.3051
1183 0.1213
1184 0.2495
1185 0.1360
1186 0.0803
1187 0.0874
1188 0.2669
1189 0.1040
1190 0.0963
1191 0.0962
1192 0.0731
1193 0.1181
1194 0.1190
1195 0.1184
1196 0.0822
1197 0.1472
1198 0.2000
1199 0.2546
1200 0.1263
1201 0.1112
1202 0.1193
1203 0.0981
1204 0.1110
1205 0.3983
1206 0.0724
1207 0.3732
1208 0.2383
1209 0.1440
1210 0.0909
1211 0.1664
1212 0.2496
1213 0.0812
1214 0.1748
1215 0.0853
1216 0.1035
1217 0.2687
1218 0.1223
1219 0.2164
1220 0.0882
1221 0.0790
1222 0.0942
1223 0.1521
1224 0.2204
1225 0.1265
1226 0.0897
1227 0.1251
1228 0.1013
1229 0.1152
1230 0.1089
1231 0.0791
1232 0.1293
1233 0.1456
1234 0.1553
1235 0.1625
1236 0.0959
1237 0.4268
1238 0.1849
1239 0.0924
1240 0.0818
1241 0.3897
1242 0.1135
1243 0.0874
1244 0.0634
1245 0.0994
1246 0.4024
1247 0.0915
1248 0.1403
1249 0.1446
1250 0.2667
1251 0.1137
1252 0.1422
1253 0.0899
1254 0.0988
1255 0.1168
1256 0.1097
1257 0.0904
1258 0.1419
1259 0.1093
1260 0.1368
1261 0.1292
1262 0.1802
1263 0.0891
1264 0.1524
1265 0.1151
1266 0.1140
1267 0.1137
1268 0.2560
1269 0.1951
1270 0.0682
1271 0.1287
1272 0.0800
1273 0.1153
1274 0.1365
1275 0.1115
1276 0.1885
1277 0.1165
1278 0.1235
1279 0.0993
1280 0.0831
1281 0.2430
1282 0.1085
1283 1.0512
1284 0.1881
1285 0.1489
1286 0.1313
1287 0.0972
1288 0.1145
1289 0.0963
1290 0.2509
1291 0.1175
1292 0.2520
1293 0.1427
1294 0.1045
1295 0.2756
1296 0.1174
1297 0.0869
1298 0.2767
1299 0.2549
1300 0.0875
1301 0.1693
1302 0.2139
1303 0.1274
1304 0.4552
1305 0.0831
1306 0.4995
1307 0.1209
1308 0.1393
1309 0.1396
1310 0.1813
1311 0.2301
1312 0.1046
1313 0.1178
1314 0.1323
1315 0.1354
1316 0.1053
1317 0.1402
1318 0.1125
1319 0.1604
1320 0.1207
1321 0.1995
1322 0.2567
1323 0.3951
1324 0.0972
1325 0.0915
1326 0.1039
1327 0.2640
1328 0.1322
1329 0.1545
1330 0.0874
1331 0.2073
1332 0.1106
1333 0.0812
1334 0.0883
1335 0.2119
1336 0.0761
1337 0.2768
1338 0.2032
1339 0.1299
1340 0.0852
1341 0.1517
1342 0.0946
1343 0.2195
1344 0.0865
1345 0.1233
1346 0.1397
1347 0.1985
1348 0.1014
1349 0.1180
1350 0.1088
1351 0.2676
1352 0.0830
1353 0.1113
1354 0.1299
1355 0.1552
1356 0.1187
1357 0.8397
1358 0.1658
1359 0.1162
1360 0.0940
1361 0.2327
1362 0.1881
1363 0.1425
1364 0.1173
1365 0.1060
1366 0.1061
1367 0.3683
1368 0.1141
1369 0.0732
1370 0.0922
1371 0.1638
1372 0.0869
1373 0.0902
1374 0.0779
1375 0.1033
1376 0.0827
1377 0.0977
1378 0.0979
1379 0.0899
1380 0.4758
1381 0.1320
1382 0.1583
1383 0.1140
1384 0.1033
1385 0.0951
1386 0.2921
1387 0.1440
1388 0.1346
1389 0.1834
1390 0.1354
1391 0.2983
1392 0.0921
1393 0.1950
1394 0.1357
1395 0.0834
1396 0.1218
1397 0.5295
1398 0.1075
1399 0.0904
1400 0.3650
1401 0.0988
1402 0.3871
1403 0.2449
1404 0.1064
1405 0.3993
1406 0.2680
1407 0.0952
1408 0.1093
1409 0.0916
1410 0.0715
1411 0.1096
1412 0.0997
1413 0.1339
1414 0.1096
1415 0.3339
1416 0.4577
1417 0.1500
1418 0.1320
1419 0.1405
1420 0.1021
1421 0.1081
1422 0.1775
1423 0.2109
1424 0.3020
1425 0.2704
1426 0.1019
1427 0.1023
1428 0.3741
1429 0.1781
1430 0.1426
1431 0.2262
1432 0.0760
1433 0.1448
1434 0.2282
1435 0.0683
1436 0.4931
1437 0.3053
1438 0.0771
1439 0.1519
1440 0.0910
1441 0.0779
1442 0.0793
1443 0.0658
1444 0.0699
1445 0.5543
1446 0.1159
1447 0.0967
1448 0.2466
1449 0.0881
1450 0.1029
1451 0.1419
1452 0.0849
1453 0.1018
1454 0.1603
1455 0.1828
1456 0.1987
1457 0.1150
1458 0.1641
1459 0.6559
1460 0.1142
1461 0.0950
1462 0.4562
1463 0.0793
1464 0.1732
1465 0.0975
1466 0.0921
1467 0.2576
1468 0.2584
1469 0.1270
1470 0.0754
1471 0.1504
1472 0.2654
1473 1.4453
1474 0.1262
1475 0.1200
1476 0.1182
1477 0.1205
1478 1.1962
1479 0.1352
1480 0.0617
1481 0.4262
1482 0.1288
1483 0.4619
1484 0.1353
1485 0.1192
1486 0.1410
1487 0.1409
1488 0.1778
1489 0.1246
1490 0.1074
1491 0.1292
1492 0.1263
1493 0.1221
1494 0.2132
1495 0.1294
1496 0.1043
1497 0.2586
1498 0.4177
1499 0.1319
1500 0.0816
1501 0.1126
1502 0.0832
1503 0.1442
1504 0.0819
1505 0.1782
1506 0.0968
1507 0.1103
1508 0.1335
1509 0.1034
1510 0.0952
1511 0.4131
1512 0.1276
1513 0.2787
1514 0.0922
1515 0.1469
1516 0.2819
1517 0.2552
1518 0.1361
1519 0.2932
1520 0.1301
1521 0.0922
1522 0.1597
1523 0.1288
1524 0.1229
1525 0.2214
1526 0.1163
1527 0.1609
1528 0.4442
1529 0.2975
1530 0.2462
1531 0.0835
1532 0.1576
1533 0.0802
1534 0.2019
1535 0.4283
1536 0.1250
1537 0.1051
1538 0.1387
1539 0.1158
1540 0.0939
1541 0.0755
1542 0.1148
1543 0.0698
1544 0.1010
1545 0.1343
1546 0.0749
1547 0.2874
1548 0.1977
1549 0.0925
1550 0.1264
1551 0.0942
1552 0.1248
1553 0.2548
1554 0.1643
1555 0.1098
1556 0.3922
1557 0.0726
1558 0.1013
1559 0.1277
1560 0.1001
1561 0.1123
1562 0.1153
1563 0.0905
1564 0.1072
1565 0.0848
1566 0.3986
1567 0.2086
1568 0.1171
1569 0.0992
1570 0.4446
1571 0.1458
1572 0.1041
1573 0.0850
1574 0.1234
1575 0.0758
1576 0.1513
1577 0.0936
1578 0.0849
1579 0.1312
1580 0.1629
1581 0.2576
1582 0.1236
1583 0.1491
1584 0.1060
1585 0.2035
1586 0.1001
1587 0.3039
1588 0.0690
1589 0.2289
1590 0.1449
1591 0.2107
1592 0.0830
1593 0.0907
1594 0.2551
1595 0.1061
1596 0.3285
1597 0.0898
1598 0.1468
1599 0.1266
1600 0.1233
1601 0.1861
1602 0.1535
1603 0.1199
1604 0.0815
1605 0.1538
1606 0.2077
1607 0.3187
1608 0.2170
1609 0.3560
1610 0.0852
1611 0.0853
1612 0.5184
1613 0.1165
1614 0.2918
1615 0.1399
1616 0.0914
1617 0.0776
1618 0.1315
1619 0.0949
1620 0.2436
1621 0.1871
1622 0.3459
1623 0.1234
1624 0.1069
1625 0.0862
1626 0.6424
1627 0.2739
1628 0.2244
1629 0.3121
1630 0.1918
1631 0.1476
1632 0.0754
1633 0.5047
1634 0.1311
1635 0.4862
1636 0.1013
1637 0.0727
1638 0.2172
1639 0.1382
1640 0.0872
1641 0.0836
1642 0.3923
1643 0.0740
1644 0.1381
1645 0.1275
1646 0.0744
1647 0.1223
1648 0.2229
1649 0.1108
1650 0.1019
1651 0.2993
1652 0.8366
1653 0.1715
1654 0.1515
1655 0.3612
1656 0.1197
1657 0.1113
1658 0.2233
1659 0.1446
1660 0.1251
1661 0.1388
1662 0.0998
1663 0.1251
1664 0.2240
1665 0.0745
1666 0.2645
1667 0.0810
1668 0.1890
1669 0.1536
1670 0.5190
1671 0.2026
1672 0.2561
1673 0.1352
1674 0.1187
1675 0.1511
1676 0.1415
1677 0.0916
1678 0.3697
1679 0.3023
1680 0.0896
1681 0.1464
1682 0.0987
1683 0.2703
1684 0.3876
1685 0.1028
1686 0.0821
1687 0.1429
1688 0.1037
1689 0.2528
1690 0.2747
1691 0.2196
1692 0.0857
1693 0.0978
1694 0.2942
1695 0.1031
1696 0.3919
1697 0.1311
1698 0.1387
1699 0.1211
1700 0.0839
1701 0.1928
1702 0.3009
1703 0.1289
1704 0.1013
1705 0.3360
1706 0.0915
1707 0.0749
1708 0.0653
1709 0.0994
1710 0.1041
1711 0.2208
1712 0.0775
1713 0.0805
1714 0.1697
1715 0.0951
1716 0.2112
1717 0.1883
1718 0.0897
1719 0.1300
1720 0.2019
1721 0.4640
1722 0.2965
1723 0.1415
1724 0.2937
1725 0.0981
1726 0.1076
1727 0.1165
1728 0.1126
1729 0.0671
1730 0.4809
1731 0.2388
1732 0.1081
1733 0.0805
1734 0.2120
1735 0.6486
1736 0.0889
1737 0.1398
1738 0.0701
1739 0.0788
1740 0.3130
1741 0.1240
1742 0.0906
1743 0.4741
1744 0.1155
1745 0.1046
1746 0.1038
1747 0.0912
1748 0.3378
1749 0.1397
1750 0.1088
1751 0.1553
1752 0.1485
1753 0.8125
1754 0.8433
1755 0.1091
1756 0.2388
1757 0.1643
1758 0.3643
1759 0.1766
1760 0.0906
1761 0.3040
1762 0.1614
1763 0.1151
1764 0.5861
1765 0.1428
1766 0.0800
1767 0.0895
1768 0.0922
1769 0.5323
1770 0.2937
1771 0.1384
1772 0.1453
1773 0.1197
1774 0.0804
1775 0.5421
1776 0.2689
1777 0.1006
1778 0.2830
1779 0.3335
1780 0.1642
1781 0.1350
1782 0.1522
1783 0.1325
1784 0.4307
1785 0.0994
1786 0.1214
1787 0.1987
1788 0.0866
1789 0.1326
1790 0.0800
1791 0.1145
1792 0.0850
1793 0.7214
1794 0.1285
1795 0.1197
1796 0.2025
1797 0.2881
1798 0.1045
1799 0.1233
1800 0.0914
1801 0.1224
1802 0.0913
1803 0.2370
1804 0.1601
1805 0.1873
1806 0.0928
1807 0.3841
1808 0.0860
1809 0.4223
1810 0.0952
1811 0.0871
1812 0.2813
1813 0.1427
1814 0.2897
1815 0.1268
1816 0.0737
1817 0.1431
1818 0.2602
1819 0.0987
1820 0.2019
1821 0.0705
1822 0.1568
1823 0.0903
1824 0.1418
1825 0.1523
1826 0.1247
1827 0.0858
1828 0.2291
1829 0.1224
1830 0.1323
1831 0.1936
1832 0.0704
1833 0.2532
1834 0.0923
1835 0.1142
1836 0.2366
1837 0.1196
1838 0.0772
1839 0.1113
1840 0.1406
1841 0.1700
1842 0.2152
1843 0.5133
1844 0.2001
1845 0.2772
1846 0.0913
1847 0.1120
1848 0.5438
1849 0.1306
1850 0.2048
1851 0.1256
1852 0.5900
1853 0.2191
1854 0.2006
1855 0.1776
1856 0.0684
1857 0.0822
1858 0.0918
1859 0.0958
1860 0.6216
1861 0.2290
1862 0.0812
1863 0.2980
1864 0.1179
1865 0.3266
1866 0.1468
1867 0.1108
1868 0.2231
1869 0.0982
1870 0.1088
1871 0.1302
1872 0.1162
1873 0.1026
1874 0.5959
1875 0.1844
1876 0.0860
1877 0.0960
1878 0.5513
1879 0.1085
1880 0.0806
1881 0.3596
1882 0.1332
1883 0.1581
1884 0.1266
1885 0.1203
1886 0.2548
1887 0.2735
1888 0.1802
1889 0.2875
1890 0.0824
1891 0.4167
1892 0.1652
1893 0.1373
1894 0.1164
1895 0.0851
1896 0.1010
1897 0.1550
1898 0.6366
1899 0.1158
1900 0.0972
1901 0.1589
1902 0.2321
1903 0.0757
1904 0.0945
1905 0.2584
1906 0.1273
1907 0.1160
1908 0.2578
1909 0.0935
1910 0.5944
1911 0.2086
1912 0.1491
1913 0.1826
1914 0.1898
1915 0.0958
1916 0.1290
1917 0.1271
1918 0.1261
1919 0.0805
1920 0.0965
1921 0.1480
1922 0.1184
1923 0.0710
1924 0.1334
1925 0.1870
1926 0.1860
1927 0.2165
1928 0.3690
1929 0.1953
1930 0.1823
1931 0.0894
1932 0.1048
1933 0.1293
1934 0.0934
1935 0.0861
1936 0.2781
1937 0.2428
1938 0.1059
1939 0.1266
1940 0.0975
1941 0.1217
1942 0.1111
1943 0.0967
1944 0.1260
1945 0.0989
1946 0.1166
1947 0.1084
1948 0.2299
1949 0.0859
1950 0.0764
1951 0.3435
1952 0.0974
1953 0.0990
1954 0.2310
1955 0.1274
1956 0.1829
1957 0.0770
1958 0.1115
1959 0.1117
1960 0.1015
1961 0.1236
1962 0.0913
1963 0.1965
1964 0.1365
1965 0.1082
1966 0.0890
1967 0.0899
1968 0.1102
1969 0.1206
1970 0.0825
1971 0.7295
1972 0.1428
1973 0.4148
1974 0.1523
1975 0.2823
1976 0.2519
1977 0.1090
1978 0.3672
1979 0.3236
1980 0.1166
1981 0.1363
1982 0.1111
1983 0.1624
1984 0.1021
1985 0.1270
1986 0.0812
1987 0.2381
1988 0.0910
1989 0.0770
1990 0.0933
1991 0.1108
1992 0.0858
1993 0.2375
1994 0.1070
1995 0.1784
1996 0.2826
1997 0.4861
1998 0.1661
1999 0.0866
2000 0.0751
2001 0.2693
2002 0.1373
2003 0.0717
2004 0.3666
2005 0.1270
2006 0.4636
2007 0.1513
2008 0.3956
2009 0.2666
2010 0.3836
2011 0.1272
2012 0.1246
2013 0.2175
2014 0.1025
2015 0.1111
2016 0.1933
2017 0.0813
2018 0.3461
2019 0.0739
2020 0.1740
2021 0.1219
2022 0.1112
2023 0.1333
2024 0.2267
2025 0.7039
2026 0.2240
2027 0.1931
2028 0.1364
2029 0.1290
2030 0.0977
2031 0.1318
2032 0.2998
2033 0.0969
2034 0.0947
2035 0.0996
2036 0.0856
2037 0.0988
2038 0.0837
2039 0.3506
2040 0.1134
2041 0.1231
2042 0.1737
2043 0.0899
2044 0.2103
2045 0.1659
2046 0.1557
2047 0.0710
2048 0.4009
2049 0.1137
2050 0.1449
2051 0.0937
2052 0.0929
2053 0.1734
2054 0.0982
2055 0.0900
2056 0.0816
2057 0.1109
2058 0.1055
2059 0.1089
2060 0.1397
2061 0.1069
2062 0.1147
2063 0.3226
2064 0.1875
2065 0.2143
2066 0.1584
2067 0.1928
2068 0.0859
2069 0.4935
2070 0.4071
2071 0.1217
2072 0.1374
2073 0.2079
2074 0.2395
2075 0.2983
2076 0.1256
2077 0.0771
2078 0.4213
2079 0.0814
2080 0.1291
2081 0.0869
2082 0.1018
2083 0.0859
2084 0.1245
2085 0.4335
2086 0.1199
2087 0.2713
2088 0.6316
2089 0.0824
2090 0.1288
2091 0.1199
2092 0.0999
2093 0.1002
2094 0.0820
2095 0.1081
2096 0.1696
2097 0.1356
2098 0.1328
2099 0.0784
2100 0.0930
2101 0.2642
2102 0.1945
2103 0.2107
2104 0.2183
2105 0.1379
2106 0.4886
2107 0.4028
2108 0.0955
2109 0.2062
2110 0.1038
2111 0.4042
2112 0.0860
2113 0.1043
2114 0.1240
2115 0.2718
2116 0.1153
2117 0.0722
2118 0.1380
2119 0.0728
2120 0.0832
2121 0.1340
2122 0.1710
2123 0.1230
2124 0.5130
2125 0.1173
2126 0.1051
2127 0.6257
2128 0.2033
2129 0.1236
2130 0.3328
2131 0.1570
2132 0.3868
2133 0.0788
2134 0.0757
2135 0.1379
2136 0.1087
2137 0.1162
2138 0.1711
2139 0.1302
2140 0.1631
2141 0.0803
2142 0.1345
2143 0.3248
2144 0.3057
2145 0.3157
2146 0.1042
2147 0.1013
2148 0.1805
2149 0.1654
2150 0.0792
2151 0.1045
2152 0.1265
2153 0.2304
2154 0.2432
2155 0.4957
2156 0.1720
2157 0.0831
2158 0.1077
2159 0.2207
2160 0.0830
2161 0.1518
2162 0.2559
2163 0.1038
2164 0.0755
2165 0.0910
2166 0.1353
2167 0.2486
2168 0.4654
2169 0.1274
2170 0.0722
2171 0.1170
2172 0.1159
2173 0.2194
2174 0.2937
2175 0.1245
2176 0.0797
2177 0.8708
2178 0.1586
2179 0.0949
2180 0.1044
2181 0.0633
2182 0.2985
2183 0.0878
2184 0.1199
2185 0.1149
2186 0.1165
2187 0.1148
2188 0.1716
2189 0.0953
2190 0.0674
2191 0.1992
2192 0.2250
2193 0.3952
2194 0.1138
2195 0.4046
2196 0.2215
2197 0.2106
2198 0.1675
2199 0.7349
2200 0.1541
2201 0.2057
2202 0.0888
2203 0.1953
2204 0.3095
2205 0.0775
2206 0.1976
2207 0.1553
2208 0.0916
2209 0.1513
2210 0.3539
2211 0.3605
2212 0.1406
2213 0.1238
2214 0.2145
2215 0.1883
2216 0.1128
2217 0.1787
2218 0.4659
2219 0.2003
2220 0.2641
2221 0.0838
2222 0.1022
2223 0.2358
2224 0.0920
2225 0.2541
2226 0.0992
2227 0.2065
2228 0.0742
2229 0.5939
2230 0.1020
2231 0.1580
2232 0.2751
2233 0.0752
2234 0.1475
2235 0.1405
2236 0.1129
2237 0.1098
2238 0.1473
2239 0.1106
2240 0.1023
2241 0.1550
2242 0.1451
2243 0.0779
2244 0.2479
2245 0.8105
2246 0.1340
2247 0.1358
2248 0.1055
2249 0.4019
2250 0.4295
2251 0.0798
2252 0.1245
2253 0.1563
2254 0.2264
2255 0.1736
2256 0.1446
2257 0.1002
2258 0.1959
2259 0.0742
2260 0.1058
2261 0.1504
2262 0.1459
2263 0.0834
2264 0.1384
2265 0.1634
2266 0.1432
2267 0.0842
2268 0.2841
2269 0.1362
2270 0.0776
2271 0.0992
2272 0.0756
2273 0.0996
2274 0.1444
2275 0.2529
2276 0.0780
2277 0.1335
2278 0.1084
2279 0.1331
2280 0.0897
2281 0.1118
2282 0.8203
2283 0.1761
2284 0.0801
2285 0.1215
2286 0.1865
2287 0.0773
2288 0.1891
2289 0.1116
2290 0.1159
2291 0.1610
2292 0.1461
2293 0.1064
2294 0.1002
2295 0.1339
2296 0.3596
2297 0.1632
2298 0.1072
2299 0.2944
2300 0.0760
2301 0.4378
2302 0.1562
2303 0.1003
2304 0.1160
2305 0.2570
2306 0.1811
2307 0.1249
2308 0.1392
2309 0.1930
2310 0.0940
2311 0.0672
2312 0.4678
2313 0.0795
2314 0.1624
2315 0.3979
2316 0.1378
2317 0.1738
2318 0.1047
2319 0.2321
2320 0.1347
2321 0.1952
2322 0.0940
2323 0.0714
2324 0.0822
2325 0.0998
2326 0.1299
2327 0.2120
2328 0.3385
2329 0.2600
2330 0.1503
2331 0.1021
2332 0.0736
2333 0.0813
2334 0.0799
2335 0.1646
2336 0.2383
2337 0.2138
2338 0.1098
2339 0.2374
2340 0.2058
2341 0.1136
2342 0.4286
2343 0.1002
2344 0.0865
2345 0.1218
2346 0.1790
2347 0.0958
2348 0.1107
2349 0.1067
2350 0.0832
2351 0.2019
2352 0.0813
2353 0.1119
2354 0.1254
2355 0.1362
2356 0.1118
2357 0.1088
2358 0.1240
2359 0.2761
2360 0.0916
2361 0.1331
2362 0.1361
2363 0.0691
2364 0.0962
2365 1.1058
2366 0.1093
2367 0.2741
2368 0.0804
2369 0.1833
2370 0.0790
2371 0.1004
2372 0.1088
2373 0.0969
2374 0.2569
2375 0.0786
2376 0.1127
2377 0.1416
2378 0.1151
2379 0.0976
2380 0.1728
2381 0.0843
2382 0.1962
2383 0.1550
2384 0.1228
2385 0.0778
2386 0.3168
2387 0.1197
2388 0.1763
2389 0.1551
2390 0.1658
2391 0.0743
2392 0.1698
2393 0.2945
2394 0.2518
2395 0.1093
2396 0.1194
2397 0.1241
2398 0.1295
2399 0.1042
2400 0.3888
2401 0.4561
2402 0.1259
2403 0.1868
2404 0.1713
2405 0.1272
2406 0.2487
2407 0.1843
2408 0.1518
2409 0.1609
2410 0.2672
2411 0.1321
2412 0.1113
2413 0.0974
2414 0.5020
2415 0.1211
2416 0.6036
2417 0.3506
2418 0.4636
2419 0.1170
2420 0.1032
2421 0.1226
2422 0.0787
2423 0.4786
2424 0.2035
2425 0.1168
2426 0.0928
2427 0.0888
2428 0.2214
2429 0.1319
2430 0.2108
2431 0.0966
2432 0.1092
2433 0.3964
2434 0.3357
2435 0.2274
2436 0.5736
2437 0.1256
2438 0.1282
2439 0.3129
2440 0.1077
2441 0.0929
2442 0.1288
2443 0.1096
2444 0.0852
2445 0.2045
2446 0.0729
2447 0.1110
2448 0.1427
2449 0.1334
2450 0.0999
2451 0.1022
2452 0.2339
2453 0.1316
2454 0.0985
2455 0.0703
2456 0.1006
2457 0.0896
2458 0.2505
2459 0.0763
2460 0.0860
2461 0.1119
2462 0.0745
2463 0.1127
2464 0.1253
2465 0.0678
2466 1.5595
2467 0.1332
2468 0.1795
2469 0.0899
2470 0.0970
2471 0.1383
2472 0.1778
2473 0.3970
2474 0.3653
2475 0.6816
2476 0.1087
2477 0.4568
2478 0.1584
2479 0.0910
2480 0.0681
2481 0.0783
2482 0.1094
2483 0.0849
2484 0.1468
2485 0.0943
2486 0.0943
2487 0.2388
2488 0.0907
2489 0.1161
2490 0.6819
2491 0.1921
2492 0.3196
2493 0.4432
2494 0.0881
2495 0.4000
2496 0.4235
2497 0.3052
2498 0.1084
2499 0.2022
2500 0.0890
