5001 0.6016
5002 0.2860
5003 0.1819
5004 0.1297
5005 0.0738
5006 0.1149
5007 0.1700
5008 0.1306
5009 0.2505
5010 0.3971
5011 0.4031
5012 0.2372
5013 0.1387
5014 0.1535
5015 0.5947
5016 0.5939
5017 0.3325
5018 0.0740
5019 0.0927
5020 0.1273
5021 0.3588
5022 0.1138
5023 0.1047
5024 0.1286
5025 0.1760
5026 0.1062
5027 0.1236
5028 0.0875
5029 0.1966
5030 0.1028
5031 0.6104
5032 0.6341
5033 0.3555
5034 0.1859
5035 0.2076
5036 0.2432
5037 0.6176
5038 0.1137
5039 0.1349
5040 0.2092
5041 0.1231
5042 0.3032
5043 0.5183
5044 0.4522
5045 0.7393
5046 0.2607
5047 0.0704
5048 0.1374
5049 0.2000
5050 0.1474
5051 1.5228
5052 0.0904
5053 0.1155
5054 0.0823
5055 0.2205
5056 0.3325
5057 0.1489
5058 0.1330
5059 2.4546
5060 0.1199
5061 0.8729
5062 0.4144
5063 0.2004
5064 0.1459
5065 0.3012
5066 0.1065
5067 0.2677
5068 0.1432
5069 1.0075
5070 0.1203
5071 0.3354
5072 0.4594
5073 1.0182
5074 0.0812
5075 0.3824
5076 0.6014
5077 0.3618
5078 0.3738
5079 0.0868
5080 0.9550
5081 0.1181
5082 0.0834
5083 0.1195
5084 0.1448
5085 0.4253
5086 0.1457
5087 0.1205
5088 0.2985
5089 0.4428
5090 0.1363
5091 0.2515
5092 0.0804
5093 0.1498
5094 0.1043
5095 0.0817
5096 0.1371
5097 0.1833
5098 0.1066
5099 0.2490
5100 0.0757
5101 1.1300
5102 1.0854
5103 0.1872
5104 0.3341
5105 0.1421
5106 0.1053
5107 0.0850
5108 0.6104
5109 0.2027
5110 0.0893
5111 0.1047
5112 0.1547
5113 0.1466
5114 0.4806
5115 0.1100
5116 0.1163
5117 0.2388
5118 0.0935
5119 0.4298
5120 0.0921
5121 0.4432
5122 0.2124
5123 0.4394
5124 0.2774
5125 0.0920
5126 0.1519
5127 0.4504
5128 0.1343
5129 0.4349
5130 0.0795
5131 0.1371
5132 0.1384
5133 0.1090
5134 0.0829
5135 0.7968
5136 0.0716
5137 0.0898
5138 0.3562
5139 0.2910
5140 0.2835
5141 0.0852
5142 0.1987
5143 0.0858
5144 0.1224
5145 0.1256
5146 0.1122
5147 0.3661
5148 0.4630
5149 0.4511
5150 0.0970
5151 0.1125
5152 0.0717
5153 0.2696
5154 0.4538
5155 0.0922
5156 0.1429
5157 0.1436
5158 0.0712
5159 0.0814
5160 0.6170
5161 0.1212
5162 0.0747
5163 0.0834
5164 0.0716
5165 0.4086
5166 0.0977
5167 0.2149
5168 0.3014
5169 0.1810
5170 0.1187
5171 0.2252
5172 0.4180
5173 0.7283
5174 0.1572
5175 0.2877
5176 0.1182
5177 0.0759
5178 0.1785
5179 0.1106
5180 0.1442
5181 0.3172
5182 0.0768
5183 0.0652
5184 0.1036
5185 0.1221
5186 0.0794
5187 0.1450
5188 0.3941
5189 0.0737
5190 0.1064
5191 0.1250
5192 0.4438
5193 0.0754
5194 0.0771
5195 0.1119
5196 0.1108
5197 0.1425
5198 0.1447
5199 0.1997
5200 0.9928
5201 0.0931
5202 0.0932
5203 0.1193
5204 0.2440
5205 0.0972
5206 0.5243
5207 0.0870
5208 0.1134
5209 0.1415
5210 0.1215
5211 0.1225
5212 0.2085
5213 0.2229
5214 0.3795
5215 0.1174
5216 0.1276
5217 0.0887
5218 0.2469
5219 0.2329
5220 0.1205
5221 0.1155
5222 0.0951
5223 0.1171
5224 0.2545
5225 0.1119
5226 0.1297
5227 0.2453
5228 0.2376
5229 0.0868
5230 0.0886
5231 0.1354
5232 0.0906
5233 0.1026
5234 0.3302
5235 0.1074
5236 0.6127
5237 0.1007
5238 0.2037
5239 0.2689
5240 0.3411
5241 0.2631
5242 0.1767
5243 0.1064
5244 0.0686
5245 0.3289
5246 0.2568
5247 0.2526
5248 0.1440
5249 0.2585
5250 0.1035
5251 0.2103
5252 0.1880
5253 0.1541
5254 0.1592
5255 0.8738
5256 0.2270
5257 0.2448
5258 0.4274
5259 1.3108
5260 0.3420
5261 0.3730
5262 0.8148
5263 0.1228
5264 0.1228
5265 0.4553
5266 0.2402
5267 0.2333
5268 0.1827
5269 0.1231
5270 0.2877
5271 0.1050
5272 0.7172
5273 0.5910
5274 0.3321
5275 0.4879
5276 0.7874
5277 0.2020
5278 0.3922
5279 0.2261
5280 0.3327
5281 0.1732
5282 1.2812
5283 0.1234
5284 0.2091
5285 1.3979
5286 0.3484
5287 0.2836
5288 0.3601
5289 0.0724
5290 0.5134
5291 0.1047
5292 0.1320
5293 0.1207
5294 0.0980
5295 0.3059
5296 0.0958
5297 0.0998
5298 0.4424
5299 0.4598
5300 0.2045
5301 0.7002
5302 0.3002
5303 0.2297
5304 0.1316
5305 0.1598
5306 0.2028
5307 0.1836
5308 0.1221
5309 0.1618
5310 0.1980
5311 0.1484
5312 0.2662
5313 0.1060
5314 0.1410
5315 0.1054
5316 0.2805
5317 0.3450
5318 0.1504
5319 0.5190
5320 0.1054
5321 0.3853
5322 0.1042
5323 0.3750
5324 0.0788
5325 0.2384
5326 0.0834
5327 0.0704
5328 0.1173
5329 0.1079
5330 0.2478
5331 0.2128
5332 0.3715
5333 0.1435
5334 0.2503
5335 0.1283
5336 0.3350
5337 0.0884
5338 0.4911
5339 0.1321
5340 0.0826
5341 0.1384
5342 0.0842
5343 0.5275
5344 0.1530
5345 0.0974
5346 0.3092
5347 0.3111
5348 0.1348
5349 0.1100
5350 0.2909
5351 0.7405
5352 0.0763
5353 0.1303
5354 0.7602
5355 0.0843
5356 0.1069
5357 0.3697
5358 0.1404
5359 0.1834
5360 1.2019
5361 0.0981
5362 0.9437
5363 0.1416
5364 0.1046
5365 0.1841
5366 0.1347
5367 0.2781
5368 0.3941
5369 0.3771
5370 0.2784
5371 0.3519
5372 0.1227
5373 0.1302
5374 0.2032
5375 0.0823
5376 0.1148
5377 0.0977
5378 0.1638
5379 0.1045
5380 0.1684
5381 0.7754
5382 0.1041
5383 0.1795
5384 0.3979
5385 0.2222
5386 0.0842
5387 0.2583
5388 0.4367
5389 0.0900
5390 0.4741
5391 0.0897
5392 0.6460
5393 0.1138
5394 0.3965
5395 0.3618
5396 0.0919
5397 0.1052
5398 0.1444
5399 0.2272
5400 0.2692
5401 0.2590
5402 0.0873
5403 0.2908
5404 0.1153
5405 0.2630
5406 0.3750
5407 0.2223
5408 0.1336
5409 0.1102
5410 0.1352
5411 0.8497
5412 0.1307
5413 0.1167
5414 0.2416
5415 0.2605
5416 0.1194
5417 0.2627
5418 0.1931
5419 0.1158
5420 2.1563
5421 0.1154
5422 0.3447
5423 0.3209
5424 0.0791
5425 0.1438
5426 0.1695
5427 0.0929
5428 0.0768
5429 0.0849
5430 0.2641
5431 0.3801
5432 0.8304
5433 0.1188
5434 0.2091
5435 0.2634
5436 0.1401
5437 0.1240
5438 1.1052
5439 0.2420
5440 0.1097
5441 0.0727
5442 0.2020
5443 0.2211
5444 0.4225
5445 0.3143
5446 0.4786
5447 0.0848
5448 0.1126
5449 0.2338
5450 0.2293
5451 0.2737
5452 0.0975
5453 0.4324
5454 0.1054
5455 0.2127
5456 0.1315
5457 0.2065
5458 0.1131
5459 0.3856
5460 0.1887
5461 0.2342
5462 0.1025
5463 0.1995
5464 0.2347
5465 0.2709
5466 0.5214
5467 0.2901
5468 0.1210
5469 0.0873
5470 0.0808
5471 0.2179
5472 0.1447
5473 0.1042
5474 0.1111
5475 0.3247
5476 0.0857
5477 0.1072
5478 0.1354
5479 0.1165
5480 0.5392
5481 0.1050
5482 0.0823
5483 0.3577
5484 0.1006
5485 0.1170
5486 0.0816
5487 0.2678
5488 0.3492
5489 0.1167
5490 0.1874
5491 0.0792
5492 0.3421
5493 0.8809
5494 0.0896
5495 0.1917
5496 0.0946
5497 0.7957
5498 0.2809
5499 0.0650
5500 0.4820
5501 0.2355
5502 0.4287
5503 0.4446
5504 0.1255
5505 0.1809
5506 0.1620
5507 0.1119
5508 0.2477
5509 0.3873
5510 0.5429
5511 0.1148
5512 0.1013
5513 0.1040
5514 0.1179
5515 0.0930
5516 0.1872
5517 0.1719
5518 0.4045
5519 0.1048
5520 0.4197
5521 0.1397
5522 0.2947
5523 0.2117
5524 0.1339
5525 0.2193
5526 0.0979
5527 0.1124
5528 0.0930
5529 0.2017
5530 0.8174
5531 0.5661
5532 0.1866
5533 0.0911
5534 0.1400
5535 0.5184
5536 0.1543
5537 0.1246
5538 0.0750
5539 0.1206
5540 0.5858
5541 0.1772
5542 0.1720
5543 0.1189
5544 0.1241
5545 0.0910
5546 0.0885
5547 0.4121
5548 0.4638
5549 0.3356
5550 0.1869
5551 0.1136
5552 0.7821
5553 0.0887
5554 0.2168
5555 0.0916
5556 0.4421
5557 0.1739
5558 1.5668
5559 0.1156
5560 0.1684
5561 0.5140
5562 0.1271
5563 0.1067
5564 0.3946
5565 0.0818
5566 0.4483
5567 0.1471
5568 0.0708
5569 0.5669
5570 0.1401
5571 0.2395
5572 0.4616
5573 0.1371
5574 0.2146
5575 0.2238
5576 0.6186
5577 0.1930
5578 0.1778
5579 0.1580
5580 0.1142
5581 0.0875
5582 0.1287
5583 1.0031
5584 0.2740
5585 0.3516
5586 0.1504
5587 0.1206
5588 0.0783
5589 0.1792
5590 0.2993
5591 0.1066
5592 0.4447
5593 0.1004
5594 0.4380
5595 1.1560
5596 0.0824
5597 0.0907
5598 0.1831
5599 0.1816
5600 0.0841
5601 0.0798
5602 0.1584
5603 0.2935
5604 0.0837
5605 0.1052
5606 0.4198
5607 0.4445
5608 0.1294
5609 0.6177
5610 0.5634
5611 0.1190
5612 0.0948
5613 0.1289
5614 0.1655
5615 0.3059
5616 0.1283
5617 0.1082
5618 0.2100
5619 0.2328
5620 0.2796
5621 0.1152
5622 0.1458
5623 0.4491
5624 0.4000
5625 0.1330
5626 0.0821
5627 0.1264
5628 0.1097
5629 0.4944
5630 0.4068
5631 0.2876
5632 0.1816
5633 0.2048
5634 0.1175
5635 0.3123
5636 0.2183
5637 0.1967
5638 0.4857
5639 0.0800
5640 0.2194
5641 0.3726
5642 0.0799
5643 0.0947
5644 0.1519
5645 0.1702
5646 0.1253
5647 0.0859
5648 0.3197
5649 0.0817
5650 0.2209
5651 0.1248
5652 0.3127
5653 0.3390
5654 0.1158
5655 0.0935
5656 0.1026
5657 0.1186
5658 0.3904
5659 0.3596
5660 0.1660
5661 0.0891
5662 0.1042
5663 0.4882
5664 0.3920
5665 0.1528
5666 0.0789
5667 0.0776
5668 0.0981
5669 0.1136
5670 0.1398
5671 0.4480
5672 0.1090
5673 0.0995
5674 0.0763
5675 1.3257
5676 0.0892
5677 0.2529
5678 0.1625
5679 0.0856
5680 0.1456
5681 0.1040
5682 0.1558
5683 0.2604
5684 0.1914
5685 0.1124
5686 0.1852
5687 0.0637
5688 0.0874
5689 0.2180
5690 0.1554
5691 0.3873
5692 1.4375
5693 0.0755
5694 0.1248
5695 0.3155
5696 0.5014
5697 0.4741
5698 0.0979
5699 1.1423
5700 0.2342
5701 0.0880
5702 0.0912
5703 0.1512
5704 0.2997
5705 0.2047
5706 0.4675
5707 0.2930
5708 0.0860
5709 0.1912
5710 0.2777
5711 0.9559
5712 0.4814
5713 0.2817
5714 0.1745
5715 0.1151
5716 0.2361
5717 0.2443
5718 0.2338
5719 0.7153
5720 0.1009
5721 0.6030
5722 0.0709
5723 0.1832
5724 0.0948
5725 0.3074
5726 0.1735
5727 0.1356
5728 0.3057
5729 0.1435
5730 0.4159
5731 0.2876
5732 0.3004
5733 0.1007
5734 0.1338
5735 0.6299
5736 0.6149
5737 0.1166
5738 0.0969
5739 0.4255
5740 0.0793
5741 0.1008
5742 0.1087
5743 0.0876
5744 0.2396
5745 1.0212
5746 0.0899
5747 0.1365
5748 0.1463
5749 0.6230
5750 0.0749
5751 0.2682
5752 0.3803
5753 0.3475
5754 0.1867
5755 0.3961
5756 0.2075
5757 0.0828
5758 0.1330
5759 0.0834
5760 0.1434
5761 0.4036
5762 0.5472
5763 0.1166
5764 0.4127
5765 0.1274
5766 0.0951
5767 0.1726
5768 0.7460
5769 0.1220
5770 0.6056
5771 0.3139
5772 0.0872
5773 0.3105
5774 0.1330
5775 0.5952
5776 0.1133
5777 0.6541
5778 0.6241
5779 0.4253
5780 0.1899
5781 0.5272
5782 0.1117
5783 0.1296
5784 0.4465
5785 0.1396
5786 0.4086
5787 0.0979
5788 0.3960
5789 0.2149
5790 0.1359
5791 0.0865
5792 0.4675
5793 0.1027
5794 0.2928
5795 0.2242
5796 0.2167
5797 0.1012
5798 0.1305
5799 0.1080
5800 0.1268
5801 0.2761
5802 0.1433
5803 0.1216
5804 0.3352
5805 0.2379
5806 0.4126
5807 0.0713
5808 0.2259
5809 0.0799
5810 0.5488
5811 0.1775
5812 0.5979
5813 0.1596
5814 0.4468
5815 0.2582
5816 0.1263
5817 0.2221
5818 0.0923
5819 0.0898
5820 0.2456
5821 0.4488
5822 0.1411
5823 0.0808
5824 0.1689
5825 0.1098
5826 0.6183
5827 0.1320
5828 0.2476
5829 0.5157
5830 0.1394
5831 0.1414
5832 0.3917
5833 0.2168
5834 0.2336
5835 0.0946
5836 0.0944
5837 0.3243
5838 0.2260
5839 0.2231
5840 0.1652
5841 0.1353
5842 0.3276
5843 0.0959
5844 0.1438
5845 0.2982
5846 0.3468
5847 0.1249
5848 1.1162
5849 0.1198
5850 0.3227
5851 0.5565
5852 0.0868
5853 0.3154
5854 0.0826
5855 0.4683
5856 0.6118
5857 0.6829
5858 0.1476
5859 0.1465
5860 0.1295
5861 0.1211
5862 0.4399
5863 0.3339
5864 0.1825
5865 0.1106
5866 0.1204
5867 0.1137
5868 0.1146
5869 0.1038
5870 0.0701
5871 0.1093
5872 0.1975
5873 0.4391
5874 0.3869
5875 0.2487
5876 0.2474
5877 0.0725
5878 0.1447
5879 0.5312
5880 0.3128
5881 0.1458
5882 0.6210
5883 0.1126
5884 0.0843
5885 0.1426
5886 0.2161
5887 0.2539
5888 0.1340
5889 0.1602
5890 0.2208
5891 0.1032
5892 0.0985
5893 0.1907
5894 0.1888
5895 0.0992
5896 0.1012
5897 0.0979
5898 0.9766
5899 0.8331
5900 0.0873
5901 0.0797
5902 0.1108
5903 0.0634
5904 0.5170
5905 0.0683
5906 0.1683
5907 0.2236
5908 0.5514
5909 0.2446
5910 0.1514
5911 0.1106
5912 0.0924
5913 0.1552
5914 0.3311
5915 0.1123
5916 0.1588
5917 0.2000
5918 0.1174
5919 0.1662
5920 0.4281
5921 0.3303
5922 0.1115
5923 0.1388
5924 0.1423
5925 0.1386
5926 0.5930
5927 0.3089
5928 0.0988
5929 0.1268
5930 0.1214
5931 1.0865
5932 0.5120
5933 0.1792
5934 0.6627
5935 0.2329
5936 0.4748
5937 0.9568
5938 0.1282
5939 0.2265
5940 0.1518
5941 0.2460
5942 0.3168
5943 0.1088
5944 0.0713
5945 0.3906
5946 0.3509
5947 0.1294
5948 0.1533
5949 0.1852
5950 0.1187
5951 0.1955
5952 0.0850
5953 0.3782
5954 0.6961
5955 0.4829
5956 1.1935
5957 0.1402
5958 0.1009
5959 0.2463
5960 0.1535
5961 0.1087
5962 0.5186
5963 0.1523
5964 0.1112
5965 0.1040
5966 0.1094
5967 0.1289
5968 0.3640
5969 0.2984
5970 0.2975
5971 0.0844
5972 0.1451
5973 0.2131
5974 0.0907
5975 0.1375
5976 0.5363
5977 0.2742
5978 0.1414
5979 0.2652
5980 0.0945
5981 0.2845
5982 0.1679
5983 0.3408
5984 0.2558
5985 0.1280
5986 0.1017
5987 0.0710
5988 0.4015
5989 0.0819
5990 0.1050
5991 0.4995
5992 0.1261
5993 0.4333
5994 0.1856
5995 0.5754
5996 0.1065
5997 0.4291
5998 0.7836
5999 0.1345
6000 0.2719
6001 0.1456
6002 0.1200
6003 0.0952
6004 0.0900
6005 0.4228
6006 0.1431
6007 0.0731
6008 0.1001
6009 0.4705
6010 0.2238
6011 0.0852
6012 0.3405
6013 0.1387
6014 0.1095
6015 0.1150
6016 0.1228
6017 0.2608
6018 0.0939
6019 0.2278
6020 0.3222
6021 0.1112
6022 0.1308
6023 0.5386
6024 0.1325
6025 0.2439
6026 0.1249
6027 0.7815
6028 0.1433
6029 0.1151
6030 0.2289
6031 0.1107
6032 0.1654
6033 0.1164
6034 0.5408
6035 0.4653
6036 0.1045
6037 0.1642
6038 0.1229
6039 0.2297
6040 0.1804
6041 0.1160
6042 0.1406
6043 0.6145
6044 0.1029
6045 0.2288
6046 0.1316
6047 0.1114
6048 0.1138
6049 0.3192
6050 0.2200
6051 0.1059
6052 0.2780
6053 0.1128
6054 0.1453
6055 0.2429
6056 0.1477
6057 0.6704
6058 0.0963
6059 0.2969
6060 0.2348
6061 0.5971
6062 0.3709
6063 0.3735
6064 0.0681
6065 0.1327
6066 0.1330
6067 0.2883
6068 0.1726
6069 0.0809
6070 0.1531
6071 0.0887
6072 0.1790
6073 0.2260
6074 0.3057
6075 0.9411
6076 0.3347
6077 0.1117
6078 0.2615
6079 0.1729
6080 0.1054
6081 0.0806
6082 0.4775
6083 0.0634
6084 0.2872
6085 1.0106
6086 0.1318
6087 0.1087
6088 0.4332
6089 1.1142
6090 0.5529
6091 0.0932
6092 0.1987
6093 0.0937
6094 0.0880
6095 0.1856
6096 0.3376
6097 0.2951
6098 0.1571
6099 0.1151
6100 0.1074
6101 0.1010
6102 0.0790
6103 0.2150
6104 0.3505
6105 0.2856
6106 0.3241
6107 0.3589
6108 0.1277
6109 0.2170
6110 0.1699
6111 0.6759
6112 0.0977
6113 1.2704
6114 0.1132
6115 0.0900
6116 0.1071
6117 0.1858
6118 0.2509
6119 0.2954
6120 0.0848
6121 0.1090
6122 0.1214
6123 0.1796
6124 0.1288
6125 0.3205
6126 0.2461
6127 0.0910
6128 0.3918
6129 0.4579
6130 0.1870
6131 0.1275
6132 0.1927
6133 0.3516
6134 0.1312
6135 0.0783
6136 0.1749
6137 0.0772
6138 0.1486
6139 0.1199
6140 1.1378
6141 0.2012
6142 0.2040
6143 0.3018
6144 0.1208
6145 0.2242
6146 0.2215
6147 0.1338
6148 0.2385
6149 0.2493
6150 0.2614
6151 0.4148
6152 0.1467
6153 0.0863
6154 0.5913
6155 0.7175
6156 0.2397
6157 0.1209
6158 0.1311
6159 0.1682
6160 0.1124
6161 0.7180
6162 0.2230
6163 0.3910
6164 0.1874
6165 0.0900
6166 0.1493
6167 0.2257
6168 0.1791
6169 0.1318
6170 0.1102
6171 0.1106
6172 0.3730
6173 0.3470
6174 0.2459
6175 0.1517
6176 0.2957
6177 0.2262
6178 0.1134
6179 0.1306
6180 1.6428
6181 0.1376
6182 0.3630
6183 0.1465
6184 0.3072
6185 0.1017
6186 0.0876
6187 0.1516
6188 0.2527
6189 0.2307
6190 0.2297
6191 0.2295
6192 0.2342
6193 0.1473
6194 0.2461
6195 0.1344
6196 0.3444
6197 0.1781
6198 0.1286
6199 0.7176
6200 0.0799
6201 0.1361
6202 0.4529
6203 0.2174
6204 0.3869
6205 0.4948
6206 0.1544
6207 0.0999
6208 0.1201
6209 0.1195
6210 0.4425
6211 0.0919
6212 0.1556
6213 0.6817
6214 0.4238
6215 0.1534
6216 0.1188
6217 0.1314
6218 0.1129
6219 0.1875
6220 0.6420
6221 0.4754
6222 0.6538
6223 0.0921
6224 0.0719
6225 0.2355
6226 0.1609
6227 0.2511
6228 0.0783
6229 0.1958
6230 0.3302
6231 0.2225
6232 0.3346
6233 0.4933
6234 0.2264
6235 0.1520
6236 0.1183
6237 0.2501
6238 0.0903
6239 0.0759
6240 0.1385
6241 0.0959
6242 0.1522
6243 0.3479
6244 0.3286
6245 0.1232
6246 0.1937
6247 0.1264
6248 0.0789
6249 0.0772
6250 0.5271
6251 0.3114
6252 0.2236
6253 0.0988
6254 0.0892
6255 0.1871
6256 0.2236
6257 0.2189
6258 0.2349
6259 0.3819
6260 0.1545
6261 0.2968
6262 0.2572
6263 0.0916
6264 0.0977
6265 0.1355
6266 0.0655
6267 0.3704
6268 0.1017
6269 0.1112
6270 0.1006
6271 0.3944
6272 0.1009
6273 0.1287
6274 0.1569
6275 0.1015
6276 0.1510
6277 0.4302
6278 0.3750
6279 0.3343
6280 0.4065
6281 0.1388
6282 0.9700
6283 0.2733
6284 0.7763
6285 0.2175
6286 0.1112
6287 0.6581
6288 0.0946
6289 0.1250
6290 0.6200
6291 0.4014
6292 0.1269
6293 0.5050
6294 0.3097
6295 0.1102
6296 0.1276
6297 0.0969
6298 0.1077
6299 0.3372
6300 0.1109
6301 0.1399
6302 0.0795
6303 0.0922
6304 0.3269
6305 0.1411
6306 0.0874
6307 0.2580
6308 0.1670
6309 0.1460
6310 0.1686
6311 0.2616
6312 0.2236
6313 0.2139
6314 0.0951
6315 0.0733
6316 0.6516
6317 0.1137
6318 0.2316
6319 1.0499
6320 0.1010
6321 0.2054
6322 0.2030
6323 0.3234
6324 0.6998
6325 0.1206
6326 0.3579
6327 0.1016
6328 0.1311
6329 0.1174
6330 0.1790
6331 0.1099
6332 0.2381
6333 0.1181
6334 0.0883
6335 0.3717
6336 0.3125
6337 0.4440
6338 0.2075
6339 0.3330
6340 0.1143
6341 0.1938
6342 0.3519
6343 0.1127
6344 0.4018
6345 0.0981
6346 0.1417
6347 1.0610
6348 0.4784
6349 0.1168
6350 0.2643
6351 0.1108
6352 0.3071
6353 0.1826
6354 0.2283
6355 0.0752
6356 0.1067
6357 0.4457
6358 0.1389
6359 0.0977
6360 0.1945
6361 0.1206
6362 0.1123
6363 0.2427
6364 0.0978
6365 0.0834
6366 0.1003
6367 0.5151
6368 1.2877
6369 0.1901
6370 0.4799
6371 0.1307
6372 0.1059
6373 0.5580
6374 0.1610
6375 0.3108
6376 0.0959
6377 0.1469
6378 0.2149
6379 0.1764
6380 0.2242
6381 0.1059
6382 0.6109
6383 0.2923
6384 0.2411
6385 0.0870
6386 0.1501
6387 0.0906
6388 0.0937
6389 0.5072
6390 0.2745
6391 0.2479
6392 0.0788
6393 1.2710
6394 0.2290
6395 0.2733
6396 0.1497
6397 1.2687
6398 0.2251
6399 0.1240
6400 0.1085
6401 0.1002
6402 0.1851
6403 0.1274
6404 0.1144
6405 0.2404
6406 0.1512
6407 0.2160
6408 0.5502
6409 0.1949
6410 0.2800
6411 0.1054
6412 0.0927
6413 0.3722
6414 0.1183
6415 0.3265
6416 0.1006
6417 0.1035
6418 0.0864
6419 0.1544
6420 0.1775
6421 0.1954
6422 0.1227
6423 0.0729
6424 0.4101
6425 0.1242
6426 0.0770
6427 0.7575
6428 0.1226
6429 0.2640
6430 0.1477
6431 0.1962
6432 0.1101
6433 0.5019
6434 0.2436
6435 0.7919
6436 0.1073
6437 0.1357
6438 0.2523
6439 0.4951
6440 0.1384
6441 0.1402
6442 0.2832
6443 0.0907
6444 0.3399
6445 0.1729
6446 0.2308
6447 0.1291
6448 0.1055
6449 0.3812
6450 0.1771
6451 1.0988
6452 0.1545
6453 0.1507
6454 0.1671
6455 0.1429
6456 0.1450
6457 0.2917
6458 0.1514
6459 0.0797
6460 0.1655
6461 0.3101
6462 0.4608
6463 0.2706
6464 0.1011
6465 0.0985
6466 0.0971
6467 0.9253
6468 0.1257
6469 0.1667
6470 0.3907
6471 0.1510
6472 0.5119
6473 0.2398
6474 0.0894
6475 0.2917
6476 0.2748
6477 0.3012
6478 0.3551
6479 0.1022
6480 0.2378
6481 0.1142
6482 0.6450
6483 0.1185
6484 0.2917
6485 0.6924
6486 1.4919
6487 0.1077
6488 0.2396
6489 0.1153
6490 0.1986
6491 0.3747
6492 0.4809
6493 0.1131
6494 0.3824
6495 0.1963
6496 0.5230
6497 0.1029
6498 0.0834
6499 0.0991
6500 0.1228
6501 0.1211
6502 0.5284
6503 0.0882
6504 0.1041
6505 0.6237
6506 0.1101
6507 0.1376
6508 0.1306
6509 0.3861
6510 0.2873
6511 0.2076
6512 0.0873
6513 0.8035
6514 0.2531
6515 0.1534
6516 0.2581
6517 0.2590
6518 0.1898
6519 0.3094
6520 0.2138
6521 0.1574
6522 0.4975
6523 0.0941
6524 0.1194
6525 0.1412
6526 0.4230
6527 0.1187
6528 0.4633
6529 0.1088
6530 0.3002
6531 0.2348
6532 0.2584
6533 0.1201
6534 0.0988
6535 0.0739
6536 1.3334
6537 0.1276
6538 0.0828
6539 0.2449
6540 0.0773
6541 0.8052
6542 0.1100
6543 0.8695
6544 0.2518
6545 0.3184
6546 1.9343
6547 0.9196
6548 0.7452
6549 0.1724
6550 0.0903
6551 0.1381
6552 0.2031
6553 0.5319
6554 0.0820
6555 0.2523
6556 0.1413
6557 0.3779
6558 0.2034
6559 0.2267
6560 0.0759
6561 0.2743
6562 0.1300
6563 0.0993
6564 0.0699
6565 0.8078
6566 2.3013
6567 0.0743
6568 0.1383
6569 0.1168
6570 0.1518
6571 0.4159
6572 0.0863
6573 0.0823
6574 0.0971
6575 0.1128
6576 0.1563
6577 0.4839
6578 0.1129
6579 0.1338
6580 0.0883
6581 0.3697
6582 0.1181
6583 0.1138
6584 0.2353
6585 0.2509
6586 0.1378
6587 0.0814
6588 0.1200
6589 0.1157
6590 0.1648
6591 0.0853
6592 0.2156
6593 0.4094
6594 0.7884
6595 0.3087
6596 0.1085
6597 0.0764
6598 0.2157
6599 0.3493
6600 0.2425
6601 0.1924
6602 0.1699
6603 0.3734
6604 0.2034
6605 0.1099
6606 0.0981
6607 0.4921
6608 0.1474
6609 0.2276
6610 0.3785
6611 0.2691
6612 0.1143
6613 0.2853
6614 0.1430
6615 0.1229
6616 0.0940
6617 0.6857
6618 0.3009
6619 0.6150
6620 1.1583
6621 0.2080
6622 0.1113
6623 0.1249
6624 0.1667
6625 0.6276
6626 0.0785
6627 0.1241
6628 0.0996
6629 0.1532
6630 0.1224
6631 0.2250
6632 0.0948
6633 0.0829
6634 0.1096
6635 0.3481
6636 0.1038
6637 0.1029
6638 0.0924
6639 0.0780
6640 0.1632
6641 0.5384
6642 0.2299
6643 0.2463
6644 0.1123
6645 0.2910
6646 0.1439
6647 0.1511
6648 0.2111
6649 0.0840
6650 0.3406
6651 0.1373
6652 0.2622
6653 0.1757
6654 0.1992
6655 0.0935
6656 0.1419
6657 0.1857
6658 0.4040
6659 0.2342
6660 0.1302
6661 0.1963
6662 0.6168
6663 0.3981
6664 0.2763
6665 0.4780
6666 1.7669
6667 0.1770
6668 0.1337
6669 0.4506
6670 0.2310
6671 0.1217
6672 0.2812
6673 0.1658
6674 0.3246
6675 0.4121
6676 0.7860
6677 0.0988
6678 0.0958
6679 0.2704
6680 0.1030
6681 0.0875
6682 0.1710
6683 0.0922
6684 0.1042
6685 0.1377
6686 0.2298
6687 0.2120
6688 0.6735
6689 0.1185
6690 0.1638
6691 0.6614
6692 0.1011
6693 0.1083
6694 0.2337
6695 0.0764
6696 0.0959
6697 0.1496
6698 0.4497
6699 0.3230
6700 0.3013
6701 0.0863
6702 0.1269
6703 0.2604
6704 0.2909
6705 0.1696
6706 0.0949
6707 0.0983
6708 0.1028
6709 0.1472
6710 1.1494
6711 0.1924
6712 0.2419
6713 1.0881
6714 0.3216
6715 0.1195
6716 0.2633
6717 0.0820
6718 0.1094
6719 0.8083
6720 0.0938
6721 0.3694
6722 0.1344
6723 0.1301
6724 0.1174
6725 0.2118
6726 0.0863
6727 0.4031
6728 0.1037
6729 0.1000
6730 0.2481
6731 0.0950
6732 0.0912
6733 0.1088
6734 0.1319
6735 0.0842
6736 0.2556
6737 0.3987
6738 0.4657
6739 0.2566
6740 0.1182
6741 0.0762
6742 0.0977
6743 0.2335
6744 0.1252
6745 0.0962
6746 0.3668
6747 0.7722
6748 1.1121
6749 0.4751
6750 0.1227
6751 0.1182
6752 0.4070
6753 0.3195
6754 0.1145
6755 0.0789
6756 0.6551
6757 0.2141
6758 0.6821
6759 0.0980
6760 0.1071
6761 0.0876
6762 0.9648
6763 0.1160
6764 0.2800
6765 0.1735
6766 0.1866
6767 0.1184
6768 0.3485
6769 0.1132
6770 0.0879
6771 0.1011
6772 0.4985
6773 0.4245
6774 0.0957
6775 0.2990
6776 0.2377
6777 0.4408
6778 0.2248
6779 0.2611
6780 0.2550
6781 0.1465
6782 0.6264
6783 0.1672
6784 0.1723
6785 0.3623
6786 0.0780
6787 0.1139
6788 0.0933
6789 0.1202
6790 0.1430
6791 0.4315
6792 0.1613
6793 0.2879
6794 0.6382
6795 0.3959
6796 0.0820
6797 0.3382
6798 0.1101
6799 0.6202
6800 0.2548
6801 0.2064
6802 0.5604
6803 0.1205
6804 0.3052
6805 0.0846
6806 0.2551
6807 0.1714
6808 0.1631
6809 0.4956
6810 0.2571
6811 0.2449
6812 0.0981
6813 0.1336
6814 0.0865
6815 0.2829
6816 0.1267
6817 0.1032
6818 0.1691
6819 0.1126
6820 0.0834
6821 0.3933
6822 0.1978
6823 0.1318
6824 0.1453
6825 0.1536
6826 0.2899
6827 0.1882
6828 0.1391
6829 0.0930
6830 0.5113
6831 0.1160
6832 0.3748
6833 0.3925
6834 0.0817
6835 0.8694
6836 0.1211
6837 0.1976
6838 0.1273
6839 0.3986
6840 0.0979
6841 0.3080
6842 0.1386
6843 0.2348
6844 0.3274
6845 0.1028
6846 0.1929
6847 0.3294
6848 0.1329
6849 0.3081
6850 0.3036
6851 0.1018
6852 0.1097
6853 0.3563
6854 0.1268
6855 0.1301
6856 0.1340
6857 0.1816
6858 0.1246
6859 0.2314
6860 0.5688
6861 0.1997
6862 0.1780
6863 0.0926
6864 0.2457
6865 0.1196
6866 0.1330
6867 0.1639
6868 0.1147
6869 0.1066
6870 0.1330
6871 0.1208
6872 0.1289
6873 0.2284
6874 0.1775
6875 0.3085
6876 0.3006
6877 0.1285
6878 0.1113
6879 0.2367
6880 0.1490
6881 0.0911
6882 0.1069
6883 0.1573
6884 0.1233
6885 0.1109
6886 0.0855
6887 0.1126
6888 0.4082
6889 0.1291
6890 0.4584
6891 0.2576
6892 0.3288
6893 0.1356
6894 0.3954
6895 0.2460
6896 0.3130
6897 0.1546
6898 0.2005
6899 0.4739
6900 0.0956
6901 0.2804
6902 0.2474
6903 0.2173
6904 1.2145
6905 0.1106
6906 0.1695
6907 0.1934
6908 0.1658
6909 0.1517
6910 0.4560
6911 0.1758
6912 0.0895
6913 0.3744
6914 0.3576
6915 0.1016
6916 0.4653
6917 0.1455
6918 0.1333
6919 0.2140
6920 0.2448
6921 0.3361
6922 0.0958
6923 0.3536
6924 0.1598
6925 0.0720
6926 0.2770
6927 0.7495
6928 0.3398
6929 0.0882
6930 0.0937
6931 0.7967
6932 0.1481
6933 0.7858
6934 0.5167
6935 0.1091
6936 0.0932
6937 0.2986
6938 0.1112
6939 0.1050
6940 0.5089
6941 0.1400
6942 0.0844
6943 0.7491
6944 0.4011
6945 0.2573
6946 0.4038
6947 0.1253
6948 0.1117
6949 0.1956
6950 0.1771
6951 0.1177
6952 0.4831
6953 0.1477
6954 0.3706
6955 0.5327
6956 0.3990
6957 0.1042
6958 0.1126
6959 0.2836
6960 0.1064
6961 0.2135
6962 0.0864
6963 0.4452
6964 0.3338
6965 1.2323
6966 0.1857
6967 0.1119
6968 0.1371
6969 0.0997
6970 0.1269
6971 0.5498
6972 0.1103
6973 0.2786
6974 0.6593
6975 0.8066
6976 0.4446
6977 0.0838
6978 0.1373
6979 0.4280
6980 0.3371
6981 0.1345
6982 0.1785
6983 0.0863
6984 0.0683
6985 0.2760
6986 0.0778
6987 0.6442
6988 0.3190
6989 0.1389
6990 0.4396
6991 0.0946
6992 0.2921
6993 0.1253
6994 0.0974
6995 0.1520
6996 0.3753
6997 0.0958
6998 0.1120
6999 0.1488
7000 0.1241
7001 0.1286
7002 0.2705
7003 0.2812
7004 0.2056
7005 0.2168
7006 0.0908
7007 0.1134
7008 0.1047
7009 0.2672
7010 0.1934
7011 0.1439
7012 0.3855
7013 0.2073
7014 0.0915
7015 0.2758
7016 0.1601
7017 0.4152
7018 0.0863
7019 0.0848
7020 0.3110
7021 0.1388
7022 0.1393
7023 0.1605
7024 0.1755
7025 0.1137
7026 0.4487
7027 0.3103
7028 0.2399
7029 0.2253
7030 0.0963
7031 0.0888
7032 0.2702
7033 0.0751
7034 0.1951
7035 0.1947
7036 0.0955
7037 0.1229
7038 0.1598
7039 0.1471
7040 0.0897
7041 0.1019
7042 0.4333
7043 0.1005
7044 0.0848
7045 0.3112
7046 0.1234
7047 0.1093
7048 0.3884
7049 0.6906
7050 0.2081
7051 0.0858
7052 0.1222
7053 0.2571
7054 0.7782
7055 0.1009
7056 0.1177
7057 0.0807
7058 0.1106
7059 0.2540
7060 0.1337
7061 0.1530
7062 0.1368
7063 0.1930
7064 0.1485
7065 0.2611
7066 0.0998
7067 0.1934
7068 0.1061
7069 0.1374
7070 0.1144
7071 0.2932
7072 0.1105
7073 0.2874
7074 0.0840
7075 0.1717
7076 1.2733
7077 0.0667
7078 0.2065
7079 0.0865
7080 0.0840
7081 0.1502
7082 0.2295
7083 0.4088
7084 0.2293
7085 0.1282
7086 0.3033
7087 0.2057
7088 0.4711
7089 0.1091
7090 0.4426
7091 0.1093
7092 0.8287
7093 0.3287
7094 0.0894
7095 0.4983
7096 0.5816
7097 0.1155
7098 0.1491
7099 0.1111
7100 0.0795
7101 2.6587
7102 0.1986
7103 0.4313
7104 0.3903
7105 0.1220
7106 0.5716
7107 0.1515
7108 0.1450
7109 0.2915
7110 0.1092
7111 0.3191
7112 0.1335
7113 0.0819
7114 0.0816
7115 0.3754
7116 0.3819
7117 0.1520
7118 0.1465
7119 0.4183
7120 0.4380
7121 0.3062
7122 0.4415
7123 0.8997
7124 0.0810
7125 0.2401
7126 0.1134
7127 0.1420
7128 0.0933
7129 0.0826
7130 0.1097
7131 0.1381
7132 0.1325
7133 0.8332
7134 0.1128
7135 0.1369
7136 0.0830
7137 0.4322
7138 0.4054
7139 0.1615
7140 0.1346
7141 0.2728
7142 0.3163
7143 0.1388
7144 0.0899
7145 0.1367
7146 0.2857
7147 0.2881
7148 0.2958
7149 0.4663
7150 0.3851
7151 0.1776
7152 0.2899
7153 0.2726
7154 0.1423
7155 0.1294
7156 0.3426
7157 0.2766
7158 0.7777
7159 0.0738
7160 0.0862
7161 0.5231
7162 0.0876
7163 0.1962
7164 0.4123
7165 0.1279
7166 0.6133
7167 0.8117
7168 0.3540
7169 0.3647
7170 0.0965
7171 0.4377
7172 0.1992
7173 0.3586
7174 0.2637
7175 0.7364
7176 0.0805
7177 0.0860
7178 0.1691
7179 0.1138
7180 0.1320
7181 0.1722
7182 0.1489
7183 0.1564
7184 0.1658
7185 0.0780
7186 0.0974
7187 0.0904
7188 0.2815
7189 0.0757
7190 0.1216
7191 0.3564
7192 0.1366
7193 0.1330
7194 0.8236
7195 0.1228
7196 0.2219
7197 0.0744
7198 0.9333
7199 0.5204
7200 0.0966
7201 0.5042
7202 0.2507
7203 0.0998
7204 0.2619
7205 0.1383
7206 0.1884
7207 0.1886
7208 0.3860
7209 0.0934
7210 0.1324
7211 0.1079
7212 0.1005
7213 0.1028
7214 0.0956
7215 0.1407
7216 0.1684
7217 0.2831
7218 0.1357
7219 1.4215
7220 0.1589
7221 0.1797
7222 0.1497
7223 0.0836
7224 0.1241
7225 0.0985
7226 0.2364
7227 0.0839
7228 0.6957
7229 0.0839
7230 0.1251
7231 0.1207
7232 0.2358
7233 0.0694
7234 0.1595
7235 0.1062
7236 0.5255
7237 0.8219
7238 0.1164
7239 0.3309
7240 0.1138
7241 0.4211
7242 0.3836
7243 1.0288
7244 0.1166
7245 0.0897
7246 0.1240
7247 0.1570
7248 0.2420
7249 0.7101
7250 0.0868
7251 0.1824
7252 0.1369
7253 0.2582
7254 0.1339
7255 0.4787
7256 0.1137
7257 0.1090
7258 0.1109
7259 0.0958
7260 0.1037
7261 0.1797
7262 0.2012
7263 0.0957
7264 0.0991
7265 0.1779
7266 0.2544
7267 0.3608
7268 0.2506
7269 0.1828
7270 0.1903
7271 0.8583
7272 0.1897
7273 0.1671
7274 0.0715
7275 0.0985
7276 0.3580
7277 0.6252
7278 0.0776
7279 0.3843
7280 0.3451
7281 0.1186
7282 0.3190
7283 0.1724
7284 0.3338
7285 0.2326
7286 0.1169
7287 0.7720
7288 0.1886
7289 0.2359
7290 0.3325
7291 0.1090
7292 0.1048
7293 0.8137
7294 0.1754
7295 0.1500
7296 0.1812
7297 0.1349
7298 0.0752
7299 0.1292
7300 0.1333
7301 0.1612
7302 0.2535
7303 0.2934
7304 0.4551
7305 0.1362
7306 0.4163
7307 0.1465
7308 0.2130
7309 0.1615
7310 0.0904
7311 0.1591
7312 0.1395
7313 0.3588
7314 0.1946
7315 0.1471
7316 0.1088
7317 0.4481
7318 0.0726
7319 0.1763
7320 0.8895
7321 0.1246
7322 1.1403
7323 0.2106
7324 0.1289
7325 0.1960
7326 0.0843
7327 0.1227
7328 0.9779
7329 0.1172
7330 0.0959
7331 0.0625
7332 0.1338
7333 0.1498
7334 0.1069
7335 0.0876
7336 0.0757
7337 3.0721
7338 0.1087
7339 0.1252
7340 0.1131
7341 0.0824
7342 0.5188
7343 0.5721
7344 0.2878
7345 0.1963
7346 0.1100
7347 0.1830
7348 0.3488
7349 0.1375
7350 0.2463
7351 0.0864
7352 0.1473
7353 0.4025
7354 0.2701
7355 0.2412
7356 0.6233
7357 0.4630
7358 0.1334
7359 0.3848
7360 0.3256
7361 0.0798
7362 0.1129
7363 0.1420
7364 0.0755
7365 0.0822
7366 0.1395
7367 0.1034
7368 0.1490
7369 0.2564
7370 0.1174
7371 0.4498
7372 0.2948
7373 0.1053
7374 0.4203
7375 0.1786
7376 0.2077
7377 0.1540
7378 0.1560
7379 0.1281
7380 0.0939
7381 0.1969
7382 0.0899
7383 0.9044
7384 0.2927
7385 0.1895
7386 0.0730
7387 0.7230
7388 0.2690
7389 0.1597
7390 0.0981
7391 0.1275
7392 0.0798
7393 0.2341
7394 0.3929
7395 0.1402
7396 0.4718
7397 0.1226
7398 0.1229
7399 0.1318
7400 0.1379
7401 0.2404
7402 0.1336
7403 0.1003
7404 0.1254
7405 0.1288
7406 0.1515
7407 0.1258
7408 0.1195
7409 0.2546
7410 0.2841
7411 0.8061
7412 0.0861
7413 0.1586
7414 0.0952
7415 0.0970
7416 0.1551
7417 0.2252
7418 0.2089
7419 0.2287
7420 0.1609
7421 0.0997
7422 0.1426
7423 0.0779
7424 0.1182
7425 0.1016
7426 1.0627
7427 0.1218
7428 0.6970
7429 0.1968
7430 0.0827
7431 0.1222
7432 0.3803
7433 0.1733
7434 0.3621
7435 0.2987
7436 0.2459
7437 0.1277
7438 0.3611
7439 0.2789
7440 0.6387
7441 0.3324
7442 0.0867
7443 0.1154
7444 0.1057
7445 0.1265
7446 0.1567
7447 0.1440
7448 0.1173
7449 0.1280
7450 0.2755
7451 0.0805
7452 0.1201
7453 0.3363
7454 1.0918
7455 0.3698
7456 0.2245
7457 0.1203
7458 0.1920
7459 0.0771
7460 0.1022
7461 0.3476
7462 0.1788
7463 0.0691
7464 0.1377
7465 0.1064
7466 0.4561
7467 0.1323
7468 0.2170
7469 0.4078
7470 0.1273
7471 0.7232
7472 0.2248
7473 0.0776
7474 0.1843
7475 0.6207
7476 0.1304
7477 0.2195
7478 0.1245
7479 0.2867
7480 0.2203
7481 0.1376
7482 0.1145
7483 0.3328
7484 0.1704
7485 0.1221
7486 0.2004
7487 0.0818
7488 0.1503
7489 0.1147
7490 0.3324
7491 0.2220
7492 0.0870
7493 0.0881
7494 0.1884
7495 0.1054
7496 0.5746
7497 0.1568
7498 0.3424
7499 0.0737
7500 0.1246
