   1 0.6932
   2 1.0038
   3 1.3487
   4 14.3358
   5 16.6048
   6 33.7646
   7 10.6803
   8 2.4392
   9 0.9479
  10 4.8592
  11 14.2931
  12 5.4662
  13 10.8175
  14 3.6575
  15 1.8040
  16 1.6808
  17 5.6432
  18 11.5221
  19 3.2994
  20 0.8479
  21 0.7078
  22 30.8982
  23 4.7663
  24 5.2527
  25 5.9178
  26 11.6035
  27 21.0798
  28 2.1517
  29 13.2203
  30 0.2681
  31 0.6847
  32 10.2227
  33 3.4089
  34 4.8351
  35 8.7388
  36 1.4842
  37 13.0456
  38 2.8193
  39 4.1139
  40 0.4609
  41 2.8528
  42 20.3429
  43 6.2941
  44 4.4230
  45 0.6096
  46 13.7565
  47 4.7821
  48 2.1090
  49 14.8609
  50 0.7330
  51 3.9463
  52 0.8981
  53 1.9005
  54 1.4582
  55 4.9785
  56 3.3946
  57 13.2006
  58 5.5405
  59 1.3945
  60 31.2879
  61 11.7106
  62 2.0773
  63 1.1965
  64 2.9356
  65 20.5719
  66 23.0141
  67 29.2151
  68 0.8978
  69 7.2219
  70 0.3025
  71 0.8901
  72 5.7620
  73 1.3169
  74 0.7250
  75 8.7365
  76 3.3413
  77 18.2208
  78 6.8145
  79 32.2820
  80 1.2820
  81 33.1786
  82 4.1059
  83 2.5857
  84 2.6040
  85 15.3964
  86 9.4901
  87 2.0796
  88 0.4532
  89 15.7485
  90 14.3558
  91 30.4473
  92 20.5142
  93 13.5497
  94 1.1496
  95 1.0228
  96 8.0599
  97 36.3774
  98 0.2613
  99 2.6949
 100 6.1810
 101 0.8898
 102 4.8052
 103 2.9949
 104 3.6822
 105 25.3083
 106 1.4998
 107 0.7932
 108 7.1577
 109 23.2605
 110 17.2014
 111 3.3209
 112 22.3241
 113 7.2874
 114 1.7082
 115 13.5957
 116 21.2812
 117 0.4150
 118 8.4187
 119 3.3316
 120 0.6932
 121 13.8538
 122 6.4599
 123 7.3804
 124 1.2669
 125 1.0242
 126 4.4689
 127 1.1737
 128 37.9794
 129 10.0348
 130 0.9679
 131 2.0110
 132 4.7425
 133 6.9612
 134 0.6086
 135 0.8815
 136 1.5865
 137 7.8033
 138 1.6716
 139 0.1741
 140 2.8312
 141 0.9682
 142 4.7272
 143 12.6960
 144 11.1731
 145 9.5290
 146 9.3689
 147 5.5220
 148 1.4352
 149 8.7463
 150 0.5092
 151 9.9461
 152 5.0863
 153 3.5284
 154 8.4323
 155 0.5784
 156 1.8741
 157 6.3496
 158 12.5494
 159 4.9068
 160 7.1808
 161 0.4521
 162 17.8567
 163 0.9871
 164 2.5229
 165 0.3964
 166 1.5625
 167 50.0386
 168 36.0828
 169 2.4389
 170 21.6802
 171 4.8753
 172 0.3300
 173 3.7497
 174 3.7790
 175 2.0232
 176 16.5263
 177 23.3551
 178 21.2640
 179 2.3427
 180 43.4252
 181 1.2097
 182 3.8108
 183 8.5232
 184 9.4707
 185 9.0838
 186 33.6831
 187 0.5944
 188 12.8982
 189 1.4294
 190 3.0052
 191 24.1368
 192 5.5772
 193 10.1816
 194 11.0633
 195 4.2162
 196 2.5178
 197 1.2047
 198 2.6135
 199 3.1732
 200 15.2867
 201 24.2325
 202 0.8852
 203 4.5641
 204 5.6838
 205 1.8366
 206 17.9026
 207 7.7649
 208 4.2586
 209 1.0870
 210 1.5359
 211 1.8096
 212 5.9374
 213 37.7077
 214 3.4674
 215 8.2535
 216 8.0127
 217 11.4236
 218 6.3381
 219 9.7895
 220 6.8187
 221 2.3514
 222 1.8158
 223 2.2467
 224 2.3695
 225 5.5300
 226 5.5975
 227 0.1219
 228 5.0580
 229 12.9837
 230 1.4669
 231 22.4383
 232 13.7068
 233 11.9500
 234 24.1058
 235 9.1628
 236 1.1106
 237 2.4325
 238 16.6232
 239 1.3107
 240 1.8532
 241 2.4443
 242 10.6974
 243 0.6419
 244 3.8324
 245 2.9157
 246 1.5406
 247 0.5236
 248 0.4577
 249 0.8090
 250 0.1389
 251 18.4202
 252 7.3940
 253 2.4909
 254 2.9413
 255 1.4306
 256 0.7245
 257 10.4078
 258 0.8445
 259 1.8659
 260 14.3365
 261 1.3341
 262 39.9534
 263 32.2153
 264 7.3081
 265 2.6622
 266 1.0754
 267 1.6760
 268 1.6588
 269 7.6831
 270 29.0228
 271 60.8559
 272 4.2984
 273 6.2048
 274 3.8447
 275 0.4007
 276 8.2216
 277 5.2884
 278 8.7896
 279 12.0416
 280 24.6287
 281 4.0114
 282 0.8988
 283 6.0348
 284 7.4583
 285 23.0310
 286 10.5802
 287 0.6447
 288 15.6021
 289 0.7923
 290 2.3738
 291 3.2933
 292 23.7637
 293 3.1965
 294 7.3250
 295 13.5538
 296 23.4942
 297 11.1243
 298 0.5291
 299 45.9853
 300 4.3126
 301 41.5129
 302 17.4048
 303 8.0263
 304 1.1538
 305 0.3318
 306 2.9186
 307 0.2959
 308 3.7903
 309 26.5849
 310 1.6997
 311 2.0632
 312 20.6292
 313 17.4174
 314 27.9095
 315 2.6027
 316 2.9893
 317 1.4632
 318 2.7745
 319 14.5247
 320 9.0437
 321 3.9686
 322 33.6097
 323 8.0151
 324 8.4354
 325 1.6331
 326 20.9332
 327 1.9853
 328 7.6721
 329 1.8972
 330 0.4771
 331 1.0087
 332 0.8777
 333 0.4790
 334 0.1324
 335 2.9639
 336 2.0752
 337 6.3343
 338 22.4184
 339 8.9062
 340 4.5208
 341 7.5449
 342 2.2571
 343 18.7827
 344 20.9769
 345 3.1932
 346 41.0388
 347 1.3414
 348 10.4534
 349 1.0343
 350 20.8006
 351 12.4559
 352 17.4171
 353 0.8652
 354 0.7976
 355 2.9087
 356 10.9250
 357 24.5092
 358 1.3787
 359 1.2233
 360 7.4225
 361 24.2763
 362 41.7820
 363 1.4880
 364 4.1697
 365 0.8151
 366 0.4046
 367 18.3938
 368 0.5108
 369 4.6567
 370 1.6770
 371 37.8976
 372 0.4261
 373 18.5314
 374 13.3896
 375 18.8473
 376 5.7716
 377 2.7547
 378 16.6454
 379 3.8849
 380 2.8556
 381 8.1071
 382 1.2434
 383 2.4026
 384 43.7067
 385 0.4140
 386 25.6527
 387 22.0617
 388 8.2117
 389 12.1212
 390 1.4961
 391 1.3686
 392 53.9938
 393 0.6094
 394 3.3219
 395 2.4066
 396 31.1361
 397 4.9405
 398 11.3969
 399 30.4540
 400 2.1422
 401 2.6677
 402 0.7016
 403 3.0326
 404 1.8048
 405 0.2217
 406 19.3740
 407 1.3960
 408 5.3405
 409 2.8796
 410 9.3662
 411 15.5629
 412 5.3397
 413 6.4158
 414 3.0700
 415 2.1801
 416 1.5435
 417 10.4283
 418 1.2044
 419 4.2403
 420 1.9375
 421 29.5715
 422 20.7299
 423 4.6354
 424 0.3657
 425 27.1746
 426 0.5528
 427 0.2460
 428 5.1299
 429 9.5028
 430 15.2348
 431 6.0967
 432 1.1371
 433 40.7401
 434 16.9003
 435 6.8100
 436 0.4827
 437 0.2328
 438 2.4527
 439 18.6131
 440 1.3702
 441 2.0289
 442 6.3863
 443 0.2061
 444 8.9286
 445 4.4003
 446 0.9573
 447 1.4162
 448 17.2313
 449 16.7333
 450 11.1793
 451 2.3260
 452 3.6889
 453 16.0493
 454 3.2387
 455 1.9594
 456 1.4182
 457 10.4244
 458 1.2750
 459 0.8684
 460 10.4871
 461 7.1822
 462 7.3769
 463 1.3469
 464 1.0087
 465 0.5512
 466 0.7839
 467 6.2078
 468 5.5205
 469 1.2540
 470 0.4734
 471 3.5705
 472 28.6291
 473 9.4750
 474 2.1579
 475 14.3298
 476 43.6761
 477 28.9719
 478 0.4595
 479 3.4972
 480 1.4544
 481 35.3044
 482 1.7775
 483 2.9318
 484 0.8172
 485 1.3646
 486 7.2807
 487 14.3788
 488 4.9675
 489 4.1757
 490 4.0430
 491 15.8242
 492 16.3497
 493 34.3172
 494 9.9567
 495 1.5061
 496 2.2644
 497 6.0215
 498 13.9666
 499 8.0414
 500 27.7649
 501 8.6380
 502 0.5107
 503   NaN
 504 5.4177
 505 29.0689
 506 1.7667
 507 0.4608
 508 1.2641
 509 1.8215
 510 7.7552
 511 26.1172
 512 5.8086
 513 1.5866
 514 19.1126
 515 2.9423
 516 1.2462
 517 11.4587
 518 0.4580
 519 4.3872
 520 0.2939
 521 3.3800
 522 17.3569
 523 1.2986
 524 1.5200
 525 0.9183
 526 12.5033
 527 1.5768
 528 1.6396
 529 2.2330
 530 3.4504
 531 21.1386
 532 11.9522
 533 0.4665
 534 0.3772
 535 1.3911
 536 1.3923
 537 3.9647
 538 31.3369
 539 2.4341
 540 17.9089
 541 2.4834
 542 2.2970
 543 18.7341
 544 3.0864
 545 0.5969
 546 6.9012
 547 45.5308
 548 14.9836
 549 11.5814
 550 22.0841
 551 1.1169
 552 6.6617
 553 2.6678
 554 3.3872
 555 1.9908
 556 1.5609
 557 26.3994
 558 10.8757
 559 10.7817
 560 17.1453
 561 0.7276
 562 20.7650
 563   NaN
 564 19.8127
 565 5.9578
 566 0.3554
 567 19.5126
 568 38.6585
 569 2.8515
 570 10.9894
 571 13.8105
 572 6.1827
 573 0.4507
 574 18.3415
 575 2.5977
 576 0.4906
 577 0.2688
 578 2.9129
 579 10.4564
 580 1.4731
 581 6.2503
 582 2.0176
 583 19.3568
 584 4.0386
 585 12.6202
 586 1.0008
 587 2.6297
 588 1.1636
 589 5.4868
 590 16.4785
 591 0.4242
 592 3.5595
 593 3.0003
 594 1.2923
 595 0.4419
 596 11.8238
 597 3.0577
 598 34.6341
 599 3.4918
 600 0.8895
 601 3.4744
 602 16.0862
 603 3.6554
 604 1.9951
 605 1.3006
 606 9.7103
 607 2.3735
 608 12.1293
 609 2.0609
 610 23.6749
 611 0.4300
 612 1.7899
 613 2.0224
 614 1.5493
 615 6.9343
 616 14.7296
 617 3.1193
 618 29.6746
 619 2.0592
 620 10.0070
 621 3.0381
 622 14.6659
 623 60.3806
 624 0.6471
 625 3.7513
 626 4.6867
 627 2.6938
 628 18.9761
 629 0.6619
 630 4.4039
 631 10.8556
 632 1.6932
 633 2.8400
 634 4.0765
 635 9.6579
 636 12.2774
 637 22.2565
 638 2.2849
 639 30.2369
 640 41.5179
 641 12.8772
 642 6.6115
 643 3.2810
 644 14.5368
 645 1.2176
 646 1.9717
 647 0.4230
 648 29.5955
 649 1.6511
 650 2.1249
 651 1.7530
 652 25.3907
 653 48.8975
 654 20.5080
 655 3.5210
 656 1.0008
 657 1.1017
 658 4.4624
 659 7.4877
 660 4.7572
 661 1.4662
 662 1.1898
 663 1.3320
 664 5.8747
 665 27.5919
 666 0.7838
 667 0.8204
 668 2.4511
 669 0.8638
 670 3.6056
 671 1.6710
 672 2.0447
 673 15.9422
 674 1.4013
 675 19.0148
 676 6.6538
 677 1.2161
 678 5.7119
 679 0.6139
 680 0.1405
 681 3.4687
 682 2.3765
 683 24.1298
 684 25.3108
 685 1.2193
 686 2.7221
 687 10.2801
 688 1.1660
 689 1.5117
 690 3.0334
 691 1.0856
 692 15.7630
 693 5.7305
 694 6.3490
 695 1.6957
 696 10.7289
 697 8.2679
 698 3.7964
 699 1.0631
 700 14.1181
 701 1.0996
 702 11.8130
 703 1.2663
 704 1.6626
 705 9.2132
 706 3.7613
 707 3.3737
 708 4.5322
 709 3.2023
 710 1.4564
 711 10.2178
 712 12.4572
 713 34.2689
 714 12.0207
 715 0.4137
 716 2.9016
 717 4.3590
 718 18.5243
 719 10.3698
 720 1.0995
 721 7.2204
 722 0.4254
 723 0.4238
 724 0.9736
 725 2.5774
 726 22.2845
 727 10.9993
 728 1.2389
 729 19.0744
 730 15.7820
 731 6.1419
 732 13.2540
 733 2.0581
 734 7.3240
 735 6.9542
 736 10.5304
 737 1.3543
 738 3.5738
 739 3.0375
 740 1.4206
 741 1.0220
 742 6.7575
 743 3.3970
 744 7.9760
 745 1.4625
 746 15.7210
 747 18.9498
 748 2.5875
 749 1.7524
 750 0.7538
 751 10.7241
 752 17.1649
 753 7.5553
 754 15.8382
 755 0.6207
 756 5.6249
 757 8.6415
 758 4.2786
 759 11.5393
 760 1.6477
 761 20.7213
 762 21.1339
 763 3.6887
 764 4.0337
 765 1.0530
 766 0.7994
 767 10.5070
 768 12.3585
 769 3.0396
 770 1.6337
 771 1.2314
 772 21.0981
 773 6.6328
 774 1.3551
 775 0.2288
 776 1.7232
 777 5.1243
 778 1.7465
 779 2.0036
 780 1.0186
 781 0.6475
 782 1.8422
 783 4.4086
 784 18.4354
 785 2.1626
 786 10.2919
 787 0.2765
 788 10.1307
 789 19.0350
 790 41.4392
 791 1.4860
 792 0.4315
 793 0.5919
 794 0.5214
 795 9.1209
 796 3.1149
 797 3.9384
 798 2.2333
 799 7.8325
 800 9.2251
 801 3.1008
 802 5.0120
 803 26.3744
 804 48.3425
 805 4.8295
 806 0.9011
 807 6.7267
 808 12.3155
 809 0.5949
 810 6.0238
 811 15.3911
 812 9.9371
 813 0.8537
 814 2.0823
 815 20.4541
 816 1.8386
 817 2.5435
 818 6.9245
 819 4.8246
 820 1.9817
 821 3.9234
 822 4.0700
 823 2.2036
 824 3.6106
 825 13.0331
 826 0.5651
 827 7.7474
 828 8.2206
 829 5.9330
 830 0.7455
 831 0.8763
 832 26.8990
 833 3.5643
 834 20.1875
 835 2.1680
 836 10.6538
 837 0.9406
 838 3.8177
 839 0.5905
 840 23.5751
 841 52.2915
 842 17.3665
 843 2.0782
 844 1.8503
 845 4.1458
 846 4.0685
 847 9.0227
 848 7.0597
 849 5.2747
 850 15.9968
 851 3.0553
 852 7.3775
 853 6.4548
 854 3.3484
 855 19.7995
 856 27.5201
 857 6.3464
 858 9.4700
 859 2.6294
 860 32.6303
 861 20.2818
 862 6.3243
 863 0.3034
 864 12.8787
 865 2.8600
 866 7.2118
 867 2.5721
 868 28.8676
 869 1.7405
 870 1.3206
 871 21.0830
 872 21.5903
 873 11.8509
 874 2.3932
 875 1.2282
 876 6.6799
 877 23.0844
 878 0.8784
 879 3.8922
 880 1.7041
 881 7.5120
 882 0.1708
 883 4.1655
 884 2.8378
 885 18.0854
 886 2.9580
 887 1.3731
 888 7.8795
 889 15.7075
 890 11.8728
 891 3.0179
 892 0.4371
 893 8.3994
 894 11.9140
 895 5.3395
 896 4.0841
 897 1.1525
 898 2.2528
 899 2.9165
 900 1.2391
 901 1.3706
 902 0.8328
 903 4.5363
 904 8.2736
 905 2.7795
 906 3.9902
 907 2.6163
 908 0.8422
 909 0.2785
 910 2.7175
 911 11.1381
 912 17.1947
 913 18.4721
 914 3.5927
 915 5.4881
 916 32.0276
 917 4.0616
 918 12.8369
 919 6.8074
 920 26.3597
 921 14.4220
 922 8.5245
 923 2.1404
 924 3.4384
 925 2.5631
 926 0.6354
 927 8.1025
 928 1.5971
 929 2.1224
 930 0.1350
 931 0.6681
 932 13.0543
 933 14.0885
 934 0.2428
 935 0.1147
 936 13.0635
 937 6.7484
 938 0.3096
 939 0.2743
 940 3.1783
 941 1.0959
 942 3.9833
 943 9.0166
 944 0.8744
 945 15.2583
 946 2.0297
 947 16.9281
 948 2.3986
 949 22.3846
 950 2.5987
 951 8.3272
 952 3.0251
 953 4.9606
 954 19.0832
 955 15.2049
 956 2.3843
 957 0.7811
 958 1.1937
 959 0.9340
 960 1.4301
 961 4.2540
 962 17.9265
 963 7.5188
 964 0.3720
 965 23.3868
 966 14.9877
 967 2.2666
 968 6.1554
 969 32.8930
 970 0.9656
 971 32.7407
 972 0.2681
 973 21.8278
 974 28.9308
 975 0.9177
 976 4.0535
 977 14.5763
 978 17.9778
 979 5.3461
 980 1.8879
 981 3.5437
 982 2.1721
 983 4.9693
 984 20.9306
 985 25.4735
 986 13.5759
 987 12.9834
 988 4.1680
 989 4.5511
 990 1.5178
 991 1.4392
 992 9.6265
 993 0.9329
 994 0.4229
 995 0.5246
 996 8.7473
 997 0.2606
 998 5.3791
 999 0.7687
1000 3.0785
1001 44.8863
1002 10.7634
1003 3.7998
1004 1.3721
1005 25.3347
1006 1.4748
1007 8.6520
1008 5.1128
1009 26.8991
1010 5.0956
1011 0.3211
1012 0.5862
1013 6.8719
1014 15.3105
1015 0.2667
1016 34.8364
1017 2.6788
1018 2.3444
1019 38.4590
1020 2.2588
1021 19.5609
1022 3.9545
1023 2.9463
1024 5.9259
1025 4.9302
1026 3.7615
1027 0.4078
1028 1.0574
1029 3.3080
1030 2.1484
1031 0.6142
1032 1.6277
1033 2.7860
1034 19.4731
1035 5.4584
1036 0.5114
1037 22.7439
1038 0.8073
1039 1.4037
1040 17.3477
1041 18.5563
1042 52.3303
1043 0.4887
1044 0.2930
1045 16.8040
1046 21.3095
1047 0.5340
1048 2.6880
1049 7.0962
1050 2.8636
1051 2.3152
1052 22.3280
1053 1.9955
1054 0.8828
1055 0.2573
1056 0.5236
1057 2.5024
1058 2.1788
1059 5.1773
1060 0.8580
1061 4.2989
1062 2.5945
1063 2.2972
1064 33.5695
1065 7.9018
1066 4.0409
1067 17.6929
1068 3.1170
1069 1.5658
1070 3.6967
1071 3.9242
1072 11.2250
1073 1.6932
1074 1.3467
1075 0.5003
1076 1.2489
1077 4.7210
1078 7.2081
1079 9.6854
1080 0.6227
1081 14.9789
1082 1.2973
1083 0.7941
1084 38.2368
1085 1.7760
1086 1.8019
1087 0.6773
1088 7.4455
1089 1.0280
1090 11.3641
1091 7.1437
1092 1.1692
1093 12.4747
1094 22.9097
1095 1.8675
1096 6.9854
1097 9.4002
1098 22.9934
1099 7.5229
1100 2.2004
1101 45.7389
1102 8.6708
1103 5.1330
1104 22.3308
1105 8.0707
1106 6.4526
1107 17.3905
1108 1.7943
1109 28.1566
1110 7.1598
1111 25.3734
1112 20.9593
1113 1.1263
1114 3.1891
1115 15.3492
1116 0.7879
1117 12.0083
1118 0.8472
1119 3.0876
1120 1.0391
1121 3.6022
1122 22.4066
1123 0.8958
1124 2.6593
1125 28.7059
1126 17.0304
1127 1.5402
1128 15.6991
1129 49.7148
1130 8.2665
1131 0.0995
1132 1.1823
1133 6.2583
1134 12.2909
1135 3.4513
1136 3.8170
1137 4.7863
1138 0.9301
1139 22.0752
1140 0.9947
1141 16.3940
1142 15.3131
1143 3.7732
1144 17.7359
1145 21.6431
1146 1.4444
1147 2.2867
1148 1.7811
1149 0.8220
1150 1.8824
1151 6.0851
1152 25.7562
1153 1.4013
1154 3.9734
1155 0.7832
1156 3.9958
1157 16.1075
1158 8.1082
1159 3.0237
1160 16.0092
1161 1.8873
1162 0.8478
1163 4.1079
1164 11.5529
1165 15.4890
1166 2.1046
1167 2.7224
1168 3.0132
1169 0.3345
1170 0.7288
1171 1.4181
1172 6.3766
1173 1.9513
1174 1.2215
1175 1.7960
1176 1.5263
1177 9.4245
1178 1.4764
1179 0.5832
1180 3.4676
1181 1.5091
1182 13.5796
1183 1.4990
1184 3.5636
1185 0.3836
1186 3.7005
1187 0.4583
1188 7.3044
1189 36.2306
1190 14.9075
1191 2.4123
1192 1.9731
1193 2.4780
1194 26.3802
1195 11.5005
1196 0.3929
1197 1.3293
1198 0.5437
1199 27.4452
1200 5.0902
1201 1.7706
1202 1.0535
1203 1.8942
1204 16.5721
1205 7.2397
1206 14.3707
1207 1.4686
1208 6.3644
1209 1.5900
1210 0.2424
1211 1.7945
1212 4.5550
1213 30.4071
1214 3.7336
1215 2.4590
1216 1.7260
1217 15.6107
1218 4.3271
1219 1.1207
1220 11.4213
1221 1.5363
1222 1.0306
1223 1.8161
1224 8.3574
1225 4.2138
1226 16.3909
1227 0.7710
1228 0.5191
1229 7.1785
1230 3.7722
1231 2.1943
1232 0.4666
1233 3.3012
1234 19.6634
1235 3.6344
1236 0.3213
1237 1.2612
1238 1.4411
1239 24.5541
1240 2.5568
1241 0.4598
1242 12.1682
1243 7.4534
1244 0.8821
1245 1.3162
1246 7.2931
1247 0.9795
1248 9.8735
1249 1.0471
1250 7.3920
1251 1.2551
1252 3.5244
1253 2.3680
1254 5.2383
1255 1.3384
1256 4.8970
1257 1.4629
1258 6.6953
1259 1.5634
1260 4.5310
1261 2.2259
1262 2.0111
1263 0.6994
1264 16.3902
1265 1.2875
1266 18.8098
1267 15.4372
1268 1.7963
1269 28.0043
1270 1.1692
1271 13.1983
1272 0.9216
1273 0.9971
1274 3.0039
1275 0.2659
1276 19.5528
1277 37.8855
1278 2.3048
1279 4.6531
1280 1.9455
1281 6.1110
1282 8.6771
1283 25.5497
1284 5.6322
1285 15.2208
1286 0.6774
1287 6.6551
1288 16.4482
1289 3.5165
1290 5.1527
1291 3.0467
1292 1.6535
1293 4.7166
1294 4.3754
1295 43.7691
1296 3.8843
1297 25.7341
1298 4.1597
1299 2.4520
1300 1.0157
1301 17.0475
1302 3.0016
1303 0.5905
1304 22.6003
1305 2.2109
1306 21.8672
1307 6.1049
1308 0.7868
1309 0.9332
1310 5.7195
1311 6.4232
1312 2.8999
1313 27.0008
1314 10.6762
1315 1.0475
1316 0.4410
1317 10.8687
1318 1.8017
1319 2.3459
1320 6.4969
1321 17.7374
1322 3.2877
1323 1.4851
1324 8.9876
1325   NaN
1326 8.9139
1327 15.0594
1328 3.6061
1329 3.2180
1330 1.7584
1331 18.3304
1332 4.0968
1333 0.8864
1334 5.1114
1335 14.5461
1336 2.4759
1337 1.0894
1338 16.0992
1339 2.8133
1340 10.4181
1341 15.1549
1342 11.1969
1343 56.3317
1344 1.4844
1345 12.8011
1346 3.1334
1347 25.8165
1348 5.2610
1349 1.9982
1350 1.8238
1351 18.6174
1352 6.5741
1353 3.5108
1354 0.8711
1355 0.8063
1356 0.9699
1357 2.5053
1358 9.6881
1359 1.9513
1360 3.0433
1361 0.8387
1362 11.5036
1363 2.8830
1364 8.6943
1365 1.6901
1366 2.2406
1367 0.6393
1368 24.4783
1369 4.0636
1370 27.0639
1371 1.0414
1372 10.7396
1373 9.1461
1374 2.8108
1375 19.8511
1376 26.6412
1377 1.3187
1378 3.2670
1379 2.2513
1380 2.3485
1381 1.8818
1382 8.7643
1383 20.0986
1384 4.4745
1385 0.1192
1386 2.0232
1387 18.3313
1388 0.3889
1389 13.6407
1390 9.3134
1391 3.7547
1392 21.9521
1393 15.9731
1394 10.9991
1395 16.8533
1396 4.6082
1397 1.6572
1398 16.8371
1399 1.2564
1400 2.5877
1401 19.8220
1402 35.3043
1403 1.1811
1404 5.2323
1405 1.6047
1406 19.9010
1407 16.9315
1408 22.5167
1409 0.9088
1410 8.3473
1411 9.1289
1412 5.7003
1413 6.5196
1414 5.8118
1415 1.0124
1416 8.1321
1417 1.3415
1418 9.5457
1419 21.7737
1420 7.6131
1421 1.5067
1422 1.4722
1423 2.4516
1424 0.9252
1425 9.2133
1426 21.0476
1427 11.2736
1428 1.2055
1429 1.3253
1430 5.5125
1431 1.3445
1432 14.9583
1433 11.9703
1434 3.4520
1435 9.9061
1436 1.2374
1437 6.2800
1438 7.3451
1439 2.0977
1440 6.4737
1441 5.7421
1442 9.0791
1443 0.9661
1444 5.4694
1445 24.9710
1446 16.3185
1447 28.4735
1448 25.7500
1449 0.2698
1450 2.9268
1451 10.3059
1452 1.3542
1453 35.7647
1454 21.9037
1455 1.8188
1456 2.4734
1457 0.3650
1458 2.1635
1459 6.8876
1460 1.3047
1461 2.9479
1462 0.6778
1463 15.6126
1464 19.3661
1465 2.3302
1466 13.8198
1467 5.3238
1468 0.8688
1469 22.7151
1470 3.3524
1471 2.9571
1472 4.7275
1473 3.0521
1474 5.8765
1475 14.4027
1476 2.3394
1477 4.7944
1478 7.9508
1479 2.0938
1480 5.3154
1481 28.2782
1482 2.6712
1483 4.2295
1484 14.7695
1485 2.8808
1486 0.4474
1487 12.1105
1488 27.2880
1489 2.6467
1490 10.5321
1491 3.6278
1492 30.6905
1493 2.2509
1494 1.5732
1495 36.6839
1496 3.7135
1497 1.1362
1498 1.0160
1499 0.4634
1500 2.7250
1501 0.3891
1502 0.7309
1503 5.8518
1504 4.9283
1505 5.2138
1506 3.6103
1507 1.5933
1508 8.2886
1509 6.1452
1510 1.2214
1511 3.4813
1512 2.4911
1513 21.4900
1514 3.4254
1515 16.8439
1516 29.7902
1517 23.6928
1518 6.6676
1519 2.6141
1520 1.7963
1521 33.6296
1522 3.7476
1523 1.0423
1524 0.7588
1525 34.6832
1526 4.4549
1527 12.5483
1528 0.6785
1529 5.3887
1530 5.3647
1531 23.2794
1532 6.2064
1533 0.8513
1534 18.0800
1535 3.2384
1536 1.3050
1537 2.1434
1538 15.3586
1539 4.4632
1540 6.4779
1541 5.3992
1542 0.3220
1543 1.6697
1544 3.8712
1545 19.8409
1546 9.1535
1547 14.9520
1548 0.8246
1549 2.1753
1550 29.2359
1551 30.2473
1552 0.9384
1553 1.1768
1554 5.4409
1555 2.1751
1556 4.1850
1557 1.1544
1558 1.4944
1559 0.3424
1560 13.1782
1561 3.4566
1562 1.0473
1563 39.9760
1564 2.3266
1565 1.6087
1566 2.4168
1567 1.0982
1568 1.0466
1569 8.2298
1570 1.3418
1571 30.4569
1572 18.8006
1573 25.2340
1574 0.9087
1575 1.1676
1576 17.0761
1577 3.9577
1578 38.3115
1579 2.7295
1580 23.0379
1581 10.0051
1582 0.5351
1583 1.7179
1584 1.2067
1585 12.6743
1586 6.8132
1587 6.4923
1588 2.0984
1589 7.0626
1590 2.7827
1591 2.2700
1592 0.4263
1593 46.7041
1594 1.0660
1595 1.6916
1596 6.1569
1597 18.8830
1598 7.8267
1599 17.2229
1600 0.6762
1601 1.9903
1602 14.5120
1603 1.6012
1604 19.0543
1605 4.1969
1606 17.8590
1607 7.2485
1608 7.7282
1609 5.4796
1610 2.5096
1611   NaN
1612 2.2297
1613 0.6751
1614 27.7280
1615 8.0715
1616 1.4095
1617 8.1996
1618 0.7469
1619 20.5683
1620 11.6648
1621 0.7829
1622 1.6176
1623 1.8078
1624 21.4317
1625 1.6304
1626 15.9632
1627 0.8433
1628 1.9636
1629 23.8736
1630 0.3250
1631 2.2526
1632 0.2930
1633 1.4895
1634 26.8282
1635 2.0558
1636 2.7144
1637 14.4620
1638 29.2884
1639 0.4731
1640 1.1074
1641 2.6330
1642 2.6468
1643 4.8288
1644 1.3834
1645 0.9349
1646 19.6734
1647 1.5775
1648 4.9965
1649 28.5812
1650 4.5375
1651 18.3891
1652 19.0293
1653 1.5277
1654 0.8872
1655 20.1464
1656 15.6040
1657 0.4425
1658 10.0155
1659 3.2425
1660 1.8370
1661 6.3735
1662 0.4110
1663 22.0880
1664 6.7465
1665 12.4716
1666 34.4944
1667 2.4204
1668 18.9397
1669 2.3681
1670 1.1710
1671 2.8942
1672 13.1235
1673 2.0540
1674 7.2354
1675 2.5941
1676 8.6049
1677 1.2016
1678 2.2088
1679 26.9314
1680 6.7087
1681 25.4915
1682 0.7175
1683 9.1544
1684 45.2908
1685 8.0276
1686 8.9034
1687 17.7964
1688 2.3890
1689 0.6694
1690 21.6962
1691 12.8541
1692 1.8027
1693 7.8772
1694 4.8205
1695 1.5047
1696 3.0598
1697 2.5463
1698 8.4075
1699 16.2147
1700 2.6541
1701 1.1135
1702 1.1035
1703 1.5805
1704 4.4872
1705 28.1724
1706 2.5915
1707 25.3678
1708 11.9439
1709 4.0337
1710 0.2603
1711 2.2231
1712 5.3521
1713 3.4569
1714 11.7632
1715 1.2192
1716 1.7633
1717 6.4850
1718 1.5327
1719 23.1008
1720 12.1892
1721 3.6497
1722 3.6457
1723 6.3863
1724 3.8851
1725 18.2308
1726 1.4090
1727 22.5773
1728 1.0831
1729 1.2961
1730 24.0084
1731 1.7112
1732 0.9918
1733 6.2166
1734 2.0605
1735 1.2266
1736 2.7767
1737 2.2831
1738 1.6371
1739 30.7566
1740 1.7797
1741 1.6567
1742 5.4539
1743 8.8014
1744 9.4967
1745 3.4177
1746 2.2353
1747 2.8275
1748 1.3146
1749 6.2973
1750 19.4253
1751 5.4091
1752 1.4164
1753 8.7201
1754 10.7498
1755 0.9875
1756 8.1972
1757 0.5945
1758 4.2985
1759 9.1077
1760 3.4262
1761 21.4692
1762 1.1294
1763 5.9113
1764 2.6655
1765 0.9265
1766 13.9278
1767 0.9529
1768 1.6206
1769 0.7333
1770 0.5147
1771 22.2536
1772 12.0877
1773 9.2617
1774 20.0160
1775 1.6252
1776 1.0204
1777 14.9449
1778 4.6663
1779 27.4673
1780 6.7025
1781 8.0355
1782 1.3616
1783 4.6036
1784 15.6479
1785 20.8050
1786 1.4675
1787 38.9797
1788 5.0836
1789 0.4286
1790 3.6412
1791 3.0625
1792 16.7284
1793 0.3438
1794 20.6993
1795 2.1648
1796 11.9537
1797 8.6743
1798 1.3977
1799 6.2021
1800 1.8605
1801 20.1828
1802 29.4818
1803 9.0617
1804 12.4667
1805 0.6955
1806 17.8979
1807 4.1201
1808 27.4680
1809 21.0898
1810 8.1948
1811 2.9264
1812 6.3291
1813 23.2401
1814 0.8057
1815   NaN
1816 14.7992
1817 2.6937
1818 24.7606
1819 1.4010
1820 0.5934
1821 5.0173
1822 15.7955
1823 18.8329
1824 6.3052
1825 14.3727
1826 3.3765
1827 1.6541
1828 3.1144
1829 1.5700
1830 8.2717
1831 0.2754
1832 32.6948
1833 2.8375
1834 31.0470
1835 1.1760
1836 1.1747
1837 10.0042
1838 1.5373
1839 1.3405
1840 1.8793
1841 1.0550
1842 5.3975
1843 28.3727
1844 6.8213
1845 6.2629
1846 3.9893
1847 6.2273
1848 2.1018
1849 3.0039
1850 0.3010
1851 3.6915
1852 14.4779
1853 0.7070
1854 0.5676
1855 1.7618
1856 13.5912
1857 0.9576
1858 9.9431
1859 28.7378
1860 2.0774
1861 8.2441
1862 10.4852
1863 11.6748
1864 5.4388
1865 15.1486
1866 0.2595
1867 2.1890
1868 1.9492
1869 0.2621
1870 14.0339
1871 6.2497
1872 35.0138
1873 0.7400
1874 4.6799
1875 2.9553
1876 1.0487
1877 11.5139
1878 14.5177
1879 26.3091
1880 4.2811
1881 12.4200
1882 15.6989
1883 3.0039
1884 26.3451
1885 5.8423
1886 18.5837
1887 9.3067
1888 16.9242
1889 0.5871
1890 3.2229
1891 18.8548
1892 15.5968
1893 14.6296
1894 28.2950
1895 6.0651
1896 1.0673
1897 4.7364
1898 1.3000
1899 2.0780
1900 6.1368
1901 0.9530
1902 27.7224
1903 5.2951
1904 0.3982
1905 4.1528
1906 1.0250
1907 4.1387
1908 27.1632
1909 23.2677
1910 5.0190
1911 0.7271
1912 0.9784
1913 7.9802
1914 8.8148
1915 35.1688
1916 15.6043
1917 4.8746
1918 5.8608
1919 10.3715
1920 0.9175
1921 2.1722
1922 3.8207
1923 5.3807
1924 12.1033
1925 16.0525
1926 11.3063
1927 2.4026
1928 2.2586
1929 1.0617
1930 1.8009
1931 0.2791
1932 4.9737
1933 5.2686
1934 1.3376
1935 7.7068
1936 0.9611
1937 3.0792
1938 5.3466
1939 0.4490
1940 10.6644
1941 2.3864
1942 1.0628
1943 19.4086
1944 3.1593
1945 1.6854
1946 15.3470
1947 38.7735
1948 3.9281
1949 0.9753
1950 14.7335
1951 2.7688
1952 1.4388
1953 28.8987
1954 4.6931
1955 6.2390
1956 8.8660
1957 20.2208
1958 1.6779
1959 6.0584
1960 44.8973
1961 0.8740
1962 3.2152
1963 10.0637
1964 6.8584
1965 0.7207
1966 1.7055
1967 12.0913
1968 7.4651
1969 1.3287
1970 8.1769
1971 6.6390
1972 1.2869
1973 0.8740
1974 1.1273
1975 8.5966
1976 2.8856
1977 17.0427
1978 21.7828
1979 1.7679
1980 7.2432
1981 4.8649
1982 1.1796
1983 8.8403
1984 12.7061
1985 2.6478
1986 5.8208
1987 3.8939
1988 4.2049
1989 5.6390
1990 5.6899
1991 8.2152
1992 20.4734
1993 0.1283
1994 4.2650
1995 0.7183
1996 11.5664
1997 6.3771
1998 5.3531
1999 1.0051
2000 0.6467
2001 2.1141
2002 2.9418
2003 16.1106
2004 11.8206
2005 21.8458
2006 5.2853
2007 11.2818
2008 9.6882
2009 10.8135
2010 4.5869
2011 0.7902
2012 6.5325
2013 6.3509
2014 1.8016
2015 5.8597
2016 2.6792
2017 0.9361
2018 0.3996
2019 0.3150
2020 39.4324
2021 0.3350
2022 2.0946
2023 3.8907
2024 1.3482
2025 6.7869
2026 6.8205
2027 3.2798
2028 1.2320
2029 2.2913
2030 6.5051
2031 2.0099
2032 2.6194
2033 0.1924
2034 7.7377
2035 3.9116
2036 11.8266
2037 0.8376
2038 18.8226
2039   NaN
2040 7.3785
2041 2.2516
2042 4.8358
2043 0.3150
2044 7.2379
2045 21.4307
2046 2.0913
2047 6.5372
2048 5.9353
2049 1.7330
2050 8.4931
2051 0.5752
2052 0.8570
2053 20.1972
2054 0.5121
2055 6.4329
2056 7.4749
2057 2.5320
2058 2.9583
2059   NaN
2060 8.2772
2061 13.4398
2062 5.2958
2063 59.3388
2064 0.3061
2065 9.0387
2066 0.2669
2067 3.5048
2068 18.5423
2069 1.3764
2070 5.0236
2071 2.3111
2072 0.6957
2073 2.1583
2074 19.9514
2075 0.6834
2076 16.4988
2077 2.1483
2078 32.1152
2079 0.3786
2080 1.9583
2081 8.5818
2082 1.8428
2083 0.8748
2084 10.4957
2085 3.2727
2086 1.5879
2087 1.1158
2088 21.8981
2089 0.8702
2090 0.1977
2091 7.3271
2092 1.8142
2093 8.3933
2094 3.9354
2095 2.2820
2096 11.2386
2097 7.0655
2098 20.2648
2099 10.4739
2100 0.9880
2101 1.0964
2102 12.5344
2103 3.0939
2104 2.0919
2105 21.9600
2106 4.1951
2107 21.1966
2108 8.4487
2109 15.2332
2110 11.6470
2111 3.3407
2112 4.1876
2113 1.4991
2114 0.9819
2115 0.1959
2116 22.8091
2117 0.7758
2118 17.9119
2119 17.9274
2120 8.7101
2121 0.8890
2122 0.6791
2123 10.1696
2124 5.3233
2125 16.5751
2126 1.0253
2127 16.8764
2128 1.8222
2129 1.6093
2130 1.1546
2131 19.3116
2132 0.5835
2133 9.9764
2134 14.5372
2135 2.6677
2136 25.7961
2137 11.1201
2138 1.1680
2139 3.3958
2140 5.7795
2141 2.6816
2142 4.1799
2143 9.1437
2144 2.3058
2145 13.3787
2146 8.2531
2147 2.5135
2148 2.1589
2149 1.1316
2150 0.9457
2151 2.1290
2152 22.4957
2153 1.3830
2154 2.0007
2155 2.0821
2156 3.4146
2157 2.0551
2158 1.5564
2159 4.8201
2160 4.3519
2161 1.2422
2162 0.1725
2163 1.5005
2164 1.4939
2165 25.3827
2166 0.7749
2167 2.2110
2168 2.5364
2169 19.1392
2170 17.8306
2171 0.4556
2172 0.5445
2173 2.4578
2174 5.2987
2175 4.6213
2176 4.6553
2177 4.8884
2178 26.4430
2179 17.7158
2180 0.7851
2181 0.7016
2182 3.0520
2183 1.8436
2184 0.9677
2185 25.6289
2186 21.0649
2187 0.5961
2188 1.3908
2189 0.3650
2190 0.9040
2191 29.2383
2192 24.7338
2193 1.3683
2194 2.8318
2195 0.6670
2196 4.9725
2197 5.7882
2198 7.4910
2199 7.7851
2200 7.7809
2201 8.8374
2202 35.9129
2203 6.1772
2204 0.6467
2205 4.8643
2206 4.2949
2207 29.9617
2208 1.5596
2209 4.3081
2210 0.6908
2211 0.4465
2212 4.8047
2213 11.6382
2214 9.1622
2215 24.9998
2216 42.6096
2217 37.9510
2218 2.6598
2219 2.1392
2220 1.7443
2221 0.6392
2222 7.9576
2223 7.0442
2224 1.1596
2225 11.5409
2226 8.8076
2227   NaN
2228 0.1364
2229 17.2659
2230 6.4693
2231 8.0106
2232 28.6740
2233 2.3481
2234 1.3667
2235 0.7908
2236 1.6531
2237 19.6444
2238 4.6335
2239 6.8261
2240 5.2529
2241 12.6218
2242 4.0417
2243 0.8550
2244 0.3614
2245 2.0171
2246 2.4302
2247 3.5509
2248 3.9149
2249 1.2063
2250 13.1377
2251 1.3708
2252 3.2367
2253 10.3981
2254 10.2853
2255 0.4175
2256 17.2111
2257 21.9901
2258 4.2298
2259 0.9411
2260 2.0826
2261 22.1381
2262 20.7474
2263 6.7669
2264 0.9621
2265 5.5059
2266 1.1387
2267 7.4246
2268 7.6604
2269 3.7638
2270 0.3223
2271 4.0406
2272 3.9827
2273 0.9687
2274 0.9733
2275 0.6425
2276 16.7773
2277 1.1607
2278 27.7211
2279 27.4468
2280 2.6167
2281 1.4843
2282 0.8849
2283 9.8652
2284 1.4024
2285 2.9240
2286 7.6317
2287 13.3362
2288 1.4672
2289 32.4262
2290 6.6924
2291 4.1229
2292 20.1438
2293 8.0136
2294 11.2615
2295 43.4529
2296 0.7941
2297 6.4440
2298 22.7520
2299 21.1179
2300 3.8903
2301 1.5179
2302 1.1632
2303 2.3900
2304 1.0652
2305 16.9462
2306 0.5088
2307 10.1727
2308 8.8468
2309 17.0446
2310 25.4038
2311 50.2461
2312 2.9871
2313 16.3128
2314 1.3300
2315 6.1510
2316 0.6072
2317 1.3606
2318 0.8594
2319 0.8337
2320 7.2082
2321 4.2263
2322 0.8932
2323 7.2562
2324 2.3076
2325 10.0166
2326 0.6333
2327 0.6197
2328 2.2692
2329 1.3037
2330 8.6316
2331 0.5786
2332 1.7224
2333 1.7328
2334 3.4707
2335 2.5280
2336 22.4697
2337 3.7642
2338 3.8999
2339 6.5670
2340 1.4360
2341 6.2781
2342 15.9711
2343 3.6541
2344 0.4343
2345 4.1036
2346 2.3876
2347 4.7014
2348 2.1936
2349 13.3169
2350 1.5713
2351 1.7898
2352 31.6864
2353 2.0495
2354 8.6579
2355 3.6899
2356 6.7081
2357 11.9190
2358 1.0829
2359 0.8316
2360 32.9353
2361 4.4487
2362 5.0912
2363 33.7114
2364 1.0466
2365 0.3043
2366 2.3272
2367 17.4005
2368 0.6944
2369 1.7766
2370 1.7503
2371 1.8308
2372 9.3516
2373 2.3281
2374 1.1188
2375 5.8151
2376 22.0286
2377 2.0823
2378 0.7268
2379 0.9127
2380 1.2097
2381 6.1050
2382 17.9576
2383 0.2881
2384 0.7680
2385 3.2660
2386 4.5873
2387 17.5259
2388 3.9704
2389 24.8081
2390 0.8382
2391 32.5351
2392 3.6175
2393 1.6608
2394 2.6115
2395 25.1134
2396 1.4798
2397 12.1829
2398 8.3838
2399 0.2011
2400 11.2325
2401 0.7458
2402 19.7101
2403 0.6037
2404 13.7472
2405 0.2475
2406 5.4542
2407 18.9115
2408 0.4791
2409 10.3357
2410 8.2109
2411 12.1182
2412 2.4538
2413 1.1440
2414 20.6379
2415 1.7025
2416 2.2481
2417 15.0542
2418 2.1417
2419 2.7852
2420 1.3299
2421 14.7118
2422 20.4117
2423 18.6703
2424 23.7427
2425 4.5199
2426 1.9335
2427 3.3463
2428 1.4101
2429 0.6712
2430 3.0043
2431 6.6687
2432 0.5041
2433 3.1036
2434 2.6428
2435 1.0054
2436 6.7835
2437 0.1565
2438 0.4862
2439 2.9047
2440 1.7134
2441 14.8572
2442 3.2378
2443 1.5694
2444 4.6805
2445 1.8666
2446 7.5967
2447 4.0307
2448 11.5422
2449 1.5092
2450 0.3379
2451 2.3243
2452 9.0716
2453 0.2875
2454 4.6523
2455 12.1254
2456 5.6071
2457 1.4432
2458 2.0121
2459 2.4820
2460 16.5092
2461 4.6068
2462 6.4005
2463 4.4526
2464 4.6144
2465 3.2432
2466 1.0395
2467 8.1099
2468 1.7008
2469 24.7583
2470 0.6401
2471 7.3047
2472 3.3379
2473 8.5009
2474 2.8633
2475 1.6171
2476 4.7267
2477 2.7134
2478 8.2743
2479 1.4805
2480 11.1688
2481 0.4179
2482 4.5435
2483 3.6028
2484 0.5817
2485 9.0223
2486 22.4823
2487 25.1016
2488 1.3052
2489 20.1701
2490 7.6633
2491 2.4596
2492 10.7546
2493 1.2160
2494 0.7664
2495 2.4578
2496 28.4266
2497 13.1451
2498 24.4638
2499 2.8254
2500 17.1392
