7501 0.2925
7502 0.1247
7503 0.1212
7504 0.2275
7505 0.2810
7506 0.2241
7507 0.2693
7508 0.2203
7509 0.1140
7510 0.0870
7511 0.1277
7512 0.1346
7513 0.0809
7514 0.5183
7515 0.1070
7516 0.2329
7517 0.0847
7518 0.0872
7519 0.1922
7520 0.1062
7521 0.2609
7522 0.2767
7523 0.1968
7524 0.2650
7525 0.1064
7526 0.2260
7527 0.1702
7528 0.1611
7529 0.8930
7530 0.2751
7531 0.1017
7532 0.1375
7533 0.1216
7534 0.7103
7535 0.1334
7536 0.1264
7537 0.1294
7538 0.1111
7539 0.1520
7540 0.0994
7541 1.1224
7542 0.0752
7543 0.0775
7544 0.3438
7545 0.0819
7546 0.1931
7547 0.1981
7548 0.5435
7549 0.5101
7550 0.1147
7551 0.1386
7552 0.0734
7553 0.4759
7554 0.1078
7555 1.0479
7556 0.1073
7557 0.3725
7558 0.1083
7559 0.1109
7560 0.1923
7561 0.1709
7562 0.3472
7563 0.0843
7564 0.3220
7565 0.0949
7566 0.0827
7567 0.1253
7568 0.1506
7569 0.1092
7570 0.0804
7571 0.1264
7572 0.2223
7573 0.2276
7574 0.3341
7575 0.3900
7576 0.1146
7577 0.0775
7578 0.2057
7579 0.3619
7580 0.0714
7581 0.2191
7582 0.1798
7583 0.1579
7584 0.2600
7585 0.1597
7586 0.3322
7587 0.1845
7588 0.4331
7589 0.2978
7590 0.3379
7591 0.5890
7592 0.4278
7593 0.1228
7594 0.2254
7595 0.2916
7596 0.3385
7597 0.1632
7598 0.2753
7599 0.2221
7600 0.1223
7601 0.1129
7602 0.1406
7603 0.2402
7604 0.3191
7605 0.1298
7606 0.3717
7607 0.2006
7608 0.2298
7609 0.0846
7610 0.1071
7611 0.0986
7612 0.5202
7613 0.3512
7614 0.3607
7615 0.1116
7616 0.0823
7617 1.0995
7618 0.1026
7619 0.1451
7620 0.1618
7621 0.1979
7622 0.0973
7623 0.1041
7624 0.1208
7625 0.4285
7626 0.2018
7627 0.2122
7628 0.0770
7629 0.4295
7630 0.1311
7631 0.3665
7632 0.9725
7633 0.1179
7634 0.1005
7635 0.2263
7636 0.3812
7637 0.1323
7638 0.2868
7639 0.1254
7640 0.3644
7641 0.1063
7642 0.1469
7643 0.2814
7644 0.2078
7645 0.2202
7646 0.0995
7647 0.1143
7648 0.1435
7649 0.1109
7650 0.2581
7651 0.0934
7652 0.1557
7653 0.2871
7654 0.3379
7655 0.0907
7656 0.4956
7657 0.1396
7658 0.0891
7659 0.0866
7660 0.1358
7661 0.2007
7662 0.1976
7663 0.1330
7664 0.2184
7665 0.4582
7666 0.5869
7667 0.1200
7668 0.3368
7669 0.3876
7670 0.0977
7671 0.2464
7672 0.2874
7673 0.1115
7674 0.1345
7675 0.4841
7676 1.1266
7677 0.6019
7678 0.1915
7679 0.2192
7680 0.0834
7681 0.2617
7682 0.6380
7683 0.1153
7684 0.2882
7685 0.1165
7686 0.1116
7687 0.2377
7688 0.1922
7689 0.1035
7690 0.0772
7691 0.4661
7692 0.3781
7693 0.4439
7694 0.1276
7695 0.3934
7696 0.1306
7697 0.8067
7698 0.3482
7699 0.1047
7700 0.0953
7701 0.3418
7702 0.1177
7703 0.3672
7704 0.1676
7705 0.1702
7706 0.1825
7707 0.1468
7708 0.0943
7709 0.1281
7710 0.4216
7711 0.3144
7712 0.1141
7713 0.1377
7714 0.0944
7715 0.1267
7716 0.1714
7717 0.1766
7718 0.3942
7719 0.1991
7720 0.1212
7721 1.2783
7722 0.0829
7723 0.1065
7724 0.2405
7725 0.1119
7726 0.5035
7727 0.8228
7728 0.2291
7729 0.3850
7730 0.1886
7731 0.1104
7732 0.1030
7733 0.0780
7734 0.1382
7735 0.3349
7736 0.2256
7737 0.1394
7738 0.1377
7739 0.0799
7740 0.0781
7741 0.1599
7742 0.1789
7743 0.3132
7744 0.2298
7745 0.1485
7746 0.0750
7747 0.0772
7748 0.1017
7749 0.1148
7750 0.1899
7751 0.4894
7752 0.4162
7753 0.7016
7754 0.4350
7755 0.3352
7756 0.3947
7757 0.1295
7758 0.1481
7759 0.2997
7760 1.1530
7761 0.4953
7762 0.1403
7763 0.6564
7764 0.1285
7765 0.1768
7766 0.0911
7767 0.2029
7768 0.1723
7769 0.1632
7770 0.1044
7771 0.1174
7772 0.2912
7773 0.3272
7774 1.1382
7775 0.1153
7776 0.1378
7777 0.4415
7778 0.0844
7779 0.1087
7780 0.1010
7781 0.3883
7782 0.1980
7783 0.2415
7784 0.2773
7785 0.2373
7786 0.1174
7787 0.6801
7788 0.2971
7789 0.0794
7790 0.0794
7791 0.0789
7792 0.8033
7793 0.1463
7794 0.2175
7795 0.2062
7796 0.4568
7797 0.4338
7798 0.1208
7799 0.2294
7800 0.1403
7801 0.0941
7802 0.1424
7803 0.4033
7804 1.1740
7805 0.3294
7806 0.7980
7807 0.0977
7808 0.1415
7809 0.2538
7810 0.5535
7811 0.0929
7812 0.1293
7813 0.1023
7814 0.4095
7815 0.1019
7816 0.0832
7817 0.0839
7818 0.1832
7819 0.1368
7820 0.4721
7821 0.0959
7822 0.1215
7823 0.1577
7824 0.1365
7825 0.0804
7826 1.2335
7827 0.1215
7828 0.1942
7829 0.6364
7830 0.1371
7831 0.2662
7832 0.9589
7833 0.9681
7834 0.0853
7835 0.1516
7836 0.1121
7837 0.3129
7838 0.1455
7839 0.0743
7840 0.1492
7841 0.1606
7842 0.1014
7843 0.3000
7844 0.0814
7845 0.2168
7846 1.2077
7847 0.1752
7848 0.6041
7849 0.0839
7850 0.1261
7851 0.1164
7852 0.5113
7853 0.3852
7854 0.2580
7855 0.1287
7856 0.5848
7857 0.2110
7858 0.2352
7859 0.1580
7860 0.2016
7861 0.1364
7862 0.5549
7863 0.0952
7864 0.0860
7865 0.5971
7866 0.1610
7867 0.2651
7868 0.0911
7869 0.1037
7870 0.1450
7871 0.1693
7872 0.1266
7873 0.1291
7874 0.4163
7875 0.2928
7876 0.3257
7877 0.4980
7878 0.0763
7879 0.3771
7880 0.1851
7881 0.2697
7882 0.2236
7883 0.1387
7884 0.1323
7885 0.0838
7886 0.0961
7887 0.1399
7888 0.0784
7889 0.2247
7890 0.4874
7891 0.1635
7892 0.2551
7893 0.5510
7894 0.1796
7895 0.0886
7896 0.4136
7897 1.4054
7898 0.0910
7899 0.1895
7900 0.3237
7901 0.0945
7902 0.0850
7903 0.0960
7904 0.1131
7905 0.2370
7906 0.0877
7907 0.1196
7908 0.7822
7909 0.1800
7910 0.1154
7911 0.3118
7912 0.3790
7913 0.1059
7914 0.1357
7915 0.4336
7916 0.2878
7917 0.3739
7918 0.1750
7919 0.0952
7920 0.4732
7921 0.5219
7922 0.0879
7923 0.4799
7924 0.1995
7925 0.1403
7926 0.1958
7927 0.1884
7928 0.4419
7929 0.5760
7930 0.0829
7931 0.1761
7932 0.1233
7933 0.4285
7934 0.1120
7935 0.3535
7936 0.1216
7937 0.0870
7938 0.2966
7939 0.2219
7940 0.2110
7941 0.2986
7942 0.5078
7943 0.1583
7944 0.2268
7945 0.1100
7946 0.0914
7947 0.1307
7948 0.1020
7949 0.1462
7950 0.0992
7951 2.0429
7952 0.1149
7953 0.0963
7954 0.3391
7955 0.3698
7956 0.0750
7957 0.1205
7958 0.1024
7959 0.1397
7960 0.3760
7961 0.1006
7962 0.1113
7963 0.4756
7964 0.2100
7965 0.1241
7966 0.5714
7967 0.7271
7968 0.1184
7969 0.1221
7970 0.1080
7971 0.0993
7972 0.0898
7973 0.3509
7974 0.2626
7975 0.2608
7976 0.0818
7977 0.1023
7978 0.4001
7979 0.1192
7980 0.0811
7981 0.5006
7982 0.1662
7983 0.1407
7984 0.3052
7985 0.1457
7986 0.2857
7987 0.1344
7988 0.1540
7989 0.1130
7990 0.1374
7991 0.7968
7992 0.4979
7993 0.2398
7994 0.7492
7995 0.1074
7996 0.3331
7997 0.0787
7998 0.1475
7999 0.3090
8000 0.1148
8001 0.7730
8002 0.4161
8003 0.5879
8004 0.1001
8005 0.1101
8006 0.1617
8007 0.1072
8008 0.2229
8009 0.2506
8010 0.1302
8011 0.3175
8012 0.1750
8013 0.0825
8014 0.0890
8015 0.0895
8016 0.3650
8017 0.1061
8018 0.1466
8019 0.2060
8020 0.5511
8021 0.1019
8022 0.2191
8023 0.3620
8024 0.8052
8025 0.0986
8026 0.0998
8027 1.3834
8028 0.1255
8029 0.0999
8030 0.3712
8031 0.0936
8032 0.1374
8033 0.1482
8034 0.1035
8035 0.1362
8036 0.1407
8037 0.0967
8038 0.1735
8039 0.2539
8040 0.2990
8041 0.1181
8042 0.7764
8043 0.2261
8044 0.1125
8045 0.4754
8046 0.0785
8047 0.3738
8048 0.1045
8049 0.4876
8050 0.8475
8051 0.1532
8052 0.0798
8053 0.1266
8054 0.0932
8055 0.7358
8056 0.3532
8057 0.2720
8058 0.2682
8059 0.1921
8060 0.3102
8061 0.1149
8062 0.1980
8063 0.0769
8064 0.4851
8065 0.1428
8066 1.1585
8067 0.1051
8068 0.1228
8069 0.1147
8070 0.3893
8071 0.6216
8072 0.1652
8073 0.1396
8074 0.1526
8075 0.1147
8076 0.2890
8077 0.7704
8078 0.2763
8079 0.1205
8080 0.2564
8081 0.1685
8082 0.1099
8083 0.0794
8084 0.1084
8085 0.3485
8086 0.1184
8087 0.0913
8088 0.0834
8089 0.1281
8090 0.5577
8091 0.0760
8092 0.1254
8093 0.1262
8094 1.0902
8095 0.1249
8096 0.0917
8097 0.1075
8098 0.2401
8099 0.0811
8100 0.0893
8101 0.1325
8102 0.2583
8103 0.2861
8104 0.2693
8105 0.3469
8106 0.0857
8107 0.1275
8108 0.1385
8109 0.4750
8110 0.1030
8111 0.1476
8112 0.1419
8113 0.1694
8114 0.2407
8115 0.1104
8116 0.1726
8117 0.1514
8118 0.4476
8119 0.0830
8120 0.1089
8121 0.1384
8122 0.3854
8123 0.2322
8124 0.0656
8125 0.0877
8126 0.2831
8127 0.7344
8128 0.1108
8129 0.3209
8130 0.1000
8131 0.1325
8132 0.3350
8133 0.5260
8134 0.2607
8135 0.3424
8136 0.8790
8137 0.1134
8138 0.1490
8139 0.1006
8140 0.7133
8141 0.1076
8142 0.2204
8143 0.1511
8144 0.1903
8145 0.1543
8146 0.0921
8147 0.0947
8148 0.1431
8149 0.1235
8150 0.0858
8151 0.0798
8152 0.0887
8153 0.1213
8154 0.8426
8155 0.4016
8156 0.1128
8157 0.2697
8158 0.2461
8159 0.2190
8160 0.3634
8161 0.1518
8162 0.1415
8163 0.1333
8164 0.2030
8165 0.1124
8166 0.2925
8167 0.1017
8168 0.0771
8169 0.0955
8170 0.2439
8171 0.3709
8172 0.3275
8173 0.1547
8174 0.3695
8175 0.1660
8176 0.3459
8177 0.1161
8178 0.1231
8179 0.5311
8180 0.1741
8181 0.0939
8182 0.1115
8183 0.1145
8184 0.0979
8185 0.1303
8186 0.1013
8187 0.1615
8188 0.4744
8189 0.3354
8190 0.1133
8191 0.3306
8192 0.1267
8193 0.2976
8194 0.1933
8195 0.0757
8196 0.3820
8197 0.4215
8198 0.4654
8199 0.0693
8200 0.1646
8201 0.1222
8202 0.1107
8203 0.1870
8204 0.4133
8205 0.2676
8206 0.1189
8207 0.2742
8208 0.1176
8209 0.1184
8210 0.2827
8211 0.1008
8212 0.1546
8213 0.0962
8214 0.0692
8215 0.3889
8216 0.3163
8217 0.0942
8218 0.3157
8219 0.1443
8220 0.2960
8221 0.0796
8222 0.1514
8223 0.0825
8224 0.1964
8225 0.2104
8226 1.0540
8227 0.1111
8228 0.1013
8229 0.1193
8230 0.0875
8231 0.2155
8232 0.3037
8233 0.2039
8234 0.3241
8235 0.0834
8236 0.6580
8237 0.0735
8238 0.2134
8239 0.1752
8240 0.4157
8241 0.0961
8242 0.0811
8243 0.2690
8244 0.2823
8245 0.1941
8246 0.7890
8247 0.4399
8248 0.0731
8249 0.0799
8250 0.2405
8251 0.1409
8252 0.1033
8253 0.0887
8254 0.2527
8255 0.0844
8256 0.2246
8257 0.7247
8258 0.2700
8259 0.0760
8260 0.1550
8261 0.6880
8262 0.1066
8263 0.1957
8264 0.2589
8265 0.2900
8266 0.1841
8267 0.0981
8268 2.1170
8269 0.3167
8270 0.1001
8271 0.0797
8272 0.2004
8273 0.3362
8274 0.1029
8275 0.1093
8276 0.1096
8277 0.1960
8278 0.1218
8279 0.0914
8280 0.1579
8281 0.4232
8282 0.4970
8283 0.0745
8284 0.0907
8285 0.2194
8286 0.0722
8287 0.2025
8288 0.4730
8289 0.1003
8290 0.1666
8291 0.3947
8292 0.3673
8293 0.1543
8294 0.1119
8295 0.0842
8296 0.1006
8297 0.1968
8298 0.0734
8299 0.2437
8300 0.1508
8301 0.0911
8302 0.0791
8303 0.1884
8304 0.6416
8305 0.2329
8306 0.2845
8307 0.1227
8308 0.2146
8309 0.3258
8310 0.1091
8311 0.9101
8312 0.1839
8313 0.1037
8314 0.7828
8315 0.0874
8316 0.0806
8317 0.0893
8318 0.1518
8319 0.2291
8320 0.1817
8321 0.0805
8322 0.1144
8323 0.2517
8324 0.2321
8325 0.0813
8326 0.0859
8327 0.2259
8328 0.2711
8329 0.2012
8330 0.2135
8331 0.1387
8332 1.5640
8333 0.4641
8334 0.1412
8335 0.1388
8336 0.3471
8337 0.2985
8338 0.1808
8339 0.1509
8340 0.3237
8341 0.1054
8342 0.2117
8343 0.6355
8344 0.4402
8345 0.1223
8346 0.1702
8347 0.2340
8348 0.1858
8349 0.0893
8350 0.0702
8351 0.1060
8352 0.0998
8353 0.2723
8354 0.1633
8355 0.1073
8356 0.1241
8357 0.3722
8358 0.3494
8359 0.1501
8360 0.1254
8361 0.2193
8362 0.0796
8363 0.1488
8364 0.1994
8365 0.1345
8366 0.0836
8367 0.0730
8368 0.1606
8369 0.1164
8370 0.1225
8371 0.0751
8372 0.2183
8373 0.1186
8374 0.1397
8375 0.9865
8376 0.3140
8377 0.4375
8378 0.0732
8379 0.1774
8380 0.0986
8381 0.4681
8382 0.6170
8383 0.0971
8384 0.1066
8385 0.1515
8386 0.1311
8387 0.1006
8388 0.2940
8389 0.1344
8390 0.0986
8391 0.0781
8392 0.0817
8393 0.1167
8394 0.0855
8395 0.9453
8396 0.0861
8397 0.1606
8398 0.0955
8399 0.1420
8400 0.0917
8401 0.1584
8402 0.1166
8403 0.1696
8404 0.1002
8405 0.6660
8406 0.2475
8407 0.1350
8408 0.3418
8409 0.1144
8410 0.1604
8411 0.0990
8412 0.0665
8413 1.1397
8414 0.0731
8415 0.1104
8416 0.5435
8417 0.5014
8418 0.4608
8419 0.6754
8420 0.1651
8421 0.0995
8422 0.1510
8423 0.1771
8424 0.5310
8425 0.7204
8426 0.0815
8427 0.2821
8428 0.2469
8429 0.3482
8430 0.5407
8431 0.2929
8432 0.3178
8433 0.1225
8434 0.1183
8435 0.1867
8436 0.5239
8437 1.0751
8438 0.0974
8439 0.3853
8440 0.0955
8441 0.1328
8442 0.1210
8443 0.0723
8444 0.1770
8445 0.2275
8446 0.4058
8447 0.5077
8448 0.1997
8449 0.6269
8450 0.8193
8451 0.1446
8452 0.1623
8453 0.2099
8454 0.0965
8455 0.1172
8456 0.2797
8457 0.5073
8458 0.2114
8459 0.1292
8460 0.1575
8461 0.3374
8462 0.0840
8463 0.0786
8464 0.1013
8465 0.1792
8466 0.1382
8467 0.1047
8468 0.2194
8469 0.2558
8470 0.2777
8471 0.0875
8472 0.1323
8473 0.2821
8474 0.1113
8475 0.1099
8476 0.9143
8477 0.1080
8478 0.0867
8479 0.1475
8480 0.1693
8481 0.1145
8482 0.0911
8483 0.2228
8484 0.2659
8485 0.1631
8486 0.0966
8487 0.1163
8488 0.1248
8489 0.3073
8490 0.1346
8491 0.2612
8492 0.1889
8493 0.1300
8494 0.1502
8495 0.1243
8496 0.1789
8497 0.4894
8498 0.0858
8499 0.0866
8500 0.1361
8501 0.0942
8502 0.1800
8503 0.0767
8504 0.2600
8505 0.2695
8506 0.1142
8507 0.3199
8508 1.1634
8509 0.1082
8510 0.0877
8511 0.1522
8512 0.4001
8513 0.1331
8514 0.3253
8515 0.1315
8516 0.0808
8517 0.3173
8518 0.1130
8519 0.1536
8520 0.1409
8521 0.7446
8522 0.0865
8523 0.2827
8524 0.1097
8525 0.4389
8526 0.0841
8527 0.0933
8528 0.1333
8529 0.1430
8530 0.4987
8531 0.1326
8532 0.5802
8533 0.6038
8534 0.1209
8535 0.1604
8536 0.2886
8537 0.2714
8538 0.3788
8539 0.1048
8540 0.1009
8541 0.4749
8542 1.2393
8543 1.2218
8544 0.1031
8545 0.0713
8546 0.2201
8547 0.1303
8548 0.1269
8549 0.1291
8550 0.1564
8551 0.1206
8552 0.1778
8553 0.9232
8554 0.4199
8555 0.4844
8556 0.7531
8557 0.2512
8558 0.4489
8559 0.0799
8560 0.1968
8561 0.1025
8562 0.2630
8563 0.5012
8564 0.6534
8565 0.1219
8566 0.1085
8567 0.1152
8568 1.1071
8569 0.3693
8570 0.0746
8571 0.3624
8572 0.1392
8573 0.1690
8574 0.1200
8575 0.1949
8576 0.3975
8577 0.2896
8578 0.3291
8579 0.1231
8580 0.1372
8581 0.1098
8582 0.1415
8583 0.1277
8584 0.1126
8585 0.1822
8586 0.2182
8587 0.1267
8588 0.0818
8589 0.3838
8590 0.8394
8591 0.0980
8592 1.1487
8593 0.1222
8594 3.6218
8595 0.5883
8596 0.1927
8597 0.1119
8598 0.1295
8599 0.1267
8600 0.0879
8601 0.7519
8602 0.5140
8603 0.1575
8604 0.3791
8605 0.2320
8606 0.1716
8607 0.2244
8608 0.3012
8609 0.1022
8610 0.4761
8611 0.1471
8612 0.1237
8613 0.1314
8614 0.1188
8615 0.0945
8616 0.0834
8617 1.1229
8618 0.2142
8619 0.2278
8620 0.3828
8621 0.1515
8622 0.3556
8623 0.0777
8624 0.2838
8625 0.1677
8626 0.1048
8627 0.0940
8628 0.3692
8629 0.1247
8630 0.1035
8631 0.7103
8632 0.6509
8633 0.2686
8634 0.2053
8635 0.1005
8636 0.1522
8637 0.1917
8638 0.1320
8639 0.0815
8640 0.2630
8641 0.0732
8642 0.3966
8643 0.8235
8644 0.0900
8645 0.1334
8646 0.0671
8647 0.5994
8648 0.0984
8649 0.7316
8650 0.4045
8651 0.1599
8652 0.7071
8653 0.1039
8654 0.1017
8655 0.1800
8656 0.0804
8657 0.0815
8658 0.1312
8659 0.3642
8660 0.1083
8661 0.1038
8662 0.0827
8663 0.3327
8664 0.1215
8665 0.2222
8666 0.2986
8667 0.1016
8668 0.1753
8669 0.1125
8670 0.1394
8671 0.3232
8672 0.2746
8673 0.1220
8674 0.2491
8675 0.4821
8676 0.1659
8677 0.0913
8678 0.6322
8679 0.1081
8680 0.9520
8681 0.1132
8682 1.0305
8683 0.1698
8684 0.0723
8685 0.1850
8686 0.2059
8687 0.0689
8688 0.3551
8689 0.6338
8690 0.1585
8691 0.1392
8692 0.0849
8693 0.7749
8694 0.2958
8695 0.1235
8696 0.0969
8697 0.3697
8698 0.1837
8699 0.1144
8700 0.0776
8701 0.0982
8702 0.0931
8703 0.1871
8704 0.1167
8705 0.1018
8706 0.1429
8707 0.0989
8708 0.1394
8709 0.4289
8710 0.0951
8711 0.4211
8712 0.1844
8713 0.4723
8714 0.3774
8715 0.0959
8716 0.1148
8717 0.1060
8718 0.0966
8719 0.1022
8720 0.4204
8721 0.4121
8722 0.1526
8723 0.0794
8724 0.3197
8725 0.1081
8726 0.1017
8727 1.0040
8728 0.3648
8729 0.1645
8730 0.4893
8731 0.1548
8732 0.5552
8733 0.3012
8734 0.2114
8735 0.2295
8736 0.3485
8737 0.0627
8738 0.1417
8739 0.2156
8740 0.5068
8741 0.1210
8742 0.0676
8743 0.0715
8744 0.0827
8745 0.0787
8746 0.0780
8747 0.1087
8748 0.1289
8749 0.0924
8750 0.0989
8751 0.2977
8752 0.1984
8753 0.6837
8754 0.2287
8755 0.0821
8756 0.3105
8757 0.3570
8758 0.0882
8759 0.3677
8760 0.3544
8761 0.2727
8762 0.3720
8763 0.0970
8764 0.2917
8765 0.0941
8766 0.1474
8767 0.1858
8768 0.0995
8769 0.0895
8770 0.1274
8771 0.1504
8772 0.2494
8773 0.2225
8774 0.1112
8775 0.1749
8776 0.1755
8777 0.3802
8778 0.2116
8779 0.0987
8780 0.8672
8781 0.1028
8782 0.2461
8783 0.4990
8784 0.1155
8785 0.2951
8786 0.0997
8787 0.0844
8788 0.2308
8789 0.1299
8790 0.2044
8791 0.2038
8792 0.1218
8793 0.1080
8794 0.1069
8795 0.1716
8796 0.2302
8797 0.2778
8798 0.3455
8799 0.1837
8800 0.1095
8801 0.1141
8802 0.0968
8803 0.0772
8804 0.2855
8805 0.2019
8806 0.1432
8807 0.7601
8808 0.3777
8809 0.9681
8810 0.1289
8811 0.1339
8812 0.1210
8813 0.1307
8814 0.0895
8815 0.2430
8816 0.2635
8817 0.2721
8818 0.1356
8819 0.3297
8820 0.2634
8821 0.1210
8822 0.3150
8823 0.3569
8824 0.5031
8825 0.2111
8826 0.3634
8827 0.1949
8828 0.1571
8829 0.1952
8830 0.1259
8831 0.1482
8832 0.5404
8833 0.1153
8834 0.1865
8835 0.2731
8836 0.5726
8837 0.1466
8838 0.3173
8839 0.1345
8840 0.1805
8841 0.1680
8842 0.3772
8843 0.1837
8844 0.1757
8845 0.1464
8846 0.3246
8847 0.0943
8848 0.3617
8849 0.1194
8850 0.2040
8851 0.3305
8852 0.3886
8853 0.0972
8854 0.2978
8855 0.2890
8856 0.0810
8857 0.1334
8858 0.2922
8859 0.1291
8860 0.1958
8861 0.1288
8862 0.2300
8863 0.1375
8864 0.0778
8865 0.0760
8866 0.4172
8867 0.3084
8868 0.2342
8869 0.8918
8870 0.5059
8871 0.4014
8872 0.0952
8873 0.4022
8874 0.2554
8875 0.0942
8876 0.0993
8877 0.0871
8878 0.1676
8879 0.3392
8880 0.1180
8881 0.3673
8882 0.3518
8883 0.1498
8884 0.1736
8885 0.5369
8886 0.2056
8887 0.1095
8888 0.1328
8889 0.7128
8890 0.1220
8891 0.1940
8892 0.5734
8893 0.1149
8894 0.1128
8895 0.1661
8896 0.0956
8897 0.1613
8898 0.2074
8899 0.0798
8900 0.1129
8901 0.1362
8902 0.1879
8903 0.2816
8904 0.0719
8905 0.3272
8906 0.5600
8907 0.3241
8908 0.2826
8909 0.6130
8910 0.4525
8911 0.0903
8912 0.2427
8913 0.1299
8914 0.1134
8915 0.3407
8916 0.4355
8917 0.1318
8918 0.7839
8919 0.0870
8920 0.5210
8921 0.2053
8922 0.0781
8923 0.6550
8924 0.1471
8925 0.1358
8926 0.1136
8927 0.3383
8928 0.1769
8929 0.3911
8930 0.0997
8931 0.1274
8932 0.3239
8933 0.0827
8934 0.0989
8935 0.2147
8936 0.2008
8937 0.3529
8938 0.2580
8939 0.3920
8940 0.2068
8941 0.4943
8942 0.0822
8943 0.1198
8944 0.1020
8945 0.5326
8946 0.2753
8947 0.1200
8948 0.0984
8949 0.2478
8950 0.1388
8951 0.0826
8952 0.4738
8953 0.0994
8954 0.3056
8955 0.1514
8956 0.0993
8957 0.2685
8958 0.1709
8959 0.2116
8960 0.2559
8961 0.1196
8962 0.1798
8963 0.3107
8964 1.1997
8965 0.2000
8966 0.1116
8967 0.0814
8968 0.2597
8969 0.0784
8970 0.0695
8971 0.3740
8972 0.4130
8973 0.2193
8974 0.0791
8975 0.2351
8976 0.0875
8977 0.1140
8978 0.1389
8979 0.1108
8980 0.2250
8981 0.0645
8982 0.2073
8983 0.1361
8984 0.1255
8985 0.0662
8986 0.1107
8987 0.3642
8988 0.1387
8989 0.4944
8990 0.6289
8991 0.0942
8992 0.1213
8993 0.4121
8994 0.1253
8995 0.9587
8996 0.4105
8997 0.0719
8998 0.1590
8999 0.3128
9000 0.1694
9001 0.0970
9002 0.3232
9003 0.1087
9004 0.1858
9005 0.1116
9006 0.1584
9007 0.1693
9008 0.4036
9009 0.7785
9010 0.3190
9011 0.1046
9012 0.1511
9013 0.1840
9014 0.7696
9015 0.1378
9016 0.1743
9017 0.1068
9018 0.1086
9019 0.1132
9020 0.1617
9021 0.7939
9022 0.1127
9023 0.6333
9024 0.0822
9025 0.0920
9026 0.0836
9027 0.2205
9028 0.3135
9029 0.2279
9030 0.3321
9031 0.2660
9032 0.1030
9033 0.1054
9034 0.1104
9035 0.3005
9036 0.1079
9037 0.2942
9038 0.1074
9039 0.0991
9040 0.0643
9041 0.2631
9042 0.2518
9043 0.3256
9044 0.1057
9045 0.4322
9046 0.1688
9047 0.1117
9048 0.1077
9049 0.0972
9050 0.6062
9051 0.4153
9052 0.3841
9053 0.1425
9054 0.3971
9055 0.1295
9056 0.0823
9057 0.3176
9058 0.3519
9059 0.1800
9060 0.2028
9061 0.1351
9062 0.1081
9063 0.2899
9064 0.1457
9065 0.0700
9066 0.1365
9067 0.1172
9068 0.3857
9069 0.2242
9070 0.1317
9071 0.4517
9072 0.1210
9073 0.5415
9074 0.2264
9075 0.0699
9076 0.1051
9077 0.2144
9078 0.3815
9079 0.1136
9080 0.1098
9081 0.4503
9082 0.5746
9083 0.4870
9084 0.3337
9085 0.1074
9086 0.1231
9087 0.1461
9088 0.0706
9089 0.3277
9090 0.1780
9091 0.1421
9092 0.3332
9093 0.4216
9094 0.0877
9095 0.3553
9096 0.0966
9097 0.1635
9098 0.6082
9099 0.0762
9100 0.0937
9101 0.4274
9102 0.1234
9103 0.3256
9104 0.0754
9105 0.1007
9106 0.2557
9107 0.2765
9108 0.5011
9109 0.0823
9110 0.0955
9111 0.1356
9112 0.8025
9113 0.1178
9114 0.0934
9115 0.1268
9116 0.2223
9117 0.1215
9118 0.1645
9119 0.4683
9120 0.4030
9121 0.3915
9122 0.7792
9123 0.0900
9124 0.4130
9125 0.3742
9126 0.1899
9127 0.2176
9128 0.2562
9129 0.0943
9130 0.1083
9131 0.0958
9132 0.3974
9133 0.3436
9134 0.2576
9135 0.2502
9136 0.1218
9137 0.2729
9138 0.3906
9139 0.1960
9140 1.1939
9141 0.1371
9142 0.1972
9143 0.1577
9144 0.2094
9145 0.2062
9146 0.0910
9147 0.3558
9148 0.0991
9149 0.9770
9150 0.4365
9151 0.1085
9152 0.3995
9153 0.3507
9154 0.0696
9155 0.3768
9156 0.2262
9157 0.2706
9158 0.1209
9159 0.5945
9160 0.5972
9161 0.4933
9162 0.0783
9163 0.3812
9164 0.2078
9165 0.1296
9166 0.1414
9167 0.0932
9168 0.3772
9169 0.1610
9170 0.0829
9171 0.1099
9172 0.1735
9173 0.1841
9174 0.1037
9175 0.1303
9176 0.0768
9177 0.4972
9178 0.3616
9179 0.7295
9180 0.1504
9181 0.1034
9182 0.1648
9183 0.2069
9184 0.5973
9185 0.5204
9186 0.3063
9187 0.1038
9188 0.1561
9189 0.0845
9190 0.1593
9191 0.0991
9192 0.0747
9193 0.3705
9194 0.3282
9195 1.3300
9196 0.1020
9197 0.0995
9198 0.1404
9199 0.1328
9200 2.6155
9201 0.1559
9202 0.2893
9203 0.1083
9204 0.3836
9205 0.0799
9206 0.1146
9207 0.2070
9208 0.1259
9209 0.1076
9210 1.2816
9211 0.0824
9212 0.3136
9213 0.1686
9214 0.9066
9215 0.1213
9216 0.1307
9217 0.1038
9218 0.1018
9219 0.2730
9220 0.2913
9221 0.1048
9222 0.3316
9223 0.6498
9224 0.1059
9225 0.1192
9226 0.1439
9227 0.1735
9228 0.1782
9229 1.1095
9230 0.3142
9231 0.1588
9232 0.5133
9233 0.0931
9234 0.3658
9235 0.2647
9236 0.1764
9237 0.5220
9238 0.3617
9239 0.2859
9240 0.1052
9241 0.1795
9242 0.4656
9243 0.4368
9244 0.1187
9245 0.2458
9246 0.0916
9247 0.5192
9248 0.1396
9249 1.1034
9250 0.1251
9251 0.5135
9252 0.2692
9253 0.0644
9254 0.3927
9255 0.7141
9256 0.1162
9257 0.1770
9258 0.4082
9259 0.3804
9260 0.1544
9261 0.1254
9262 0.0818
9263 0.1001
9264 0.1770
9265 0.0722
9266 0.0934
9267 0.3599
9268 0.4760
9269 0.2749
9270 0.3057
9271 0.3881
9272 0.2654
9273 0.1881
9274 0.1995
9275 0.1031
9276 0.1823
9277 0.1409
9278 0.0772
9279 0.2257
9280 0.2867
9281 0.3425
9282 0.2450
9283 1.0619
9284 0.1394
9285 0.1110
9286 0.4166
9287 0.1357
9288 0.1144
9289 0.3092
9290 0.1461
9291 0.1120
9292 0.1135
9293 0.4344
9294 0.0707
9295 0.0973
9296 0.1390
9297 0.3379
9298 0.2450
9299 0.1465
9300 0.9571
9301 0.3359
9302 0.3030
9303 0.4383
9304 0.1019
9305 0.0912
9306 0.1291
9307 0.0907
9308 0.1628
9309 0.0814
9310 0.1122
9311 0.1918
9312 0.3796
9313 0.1391
9314 0.3840
9315 0.6381
9316 0.2093
9317 0.3903
9318 0.0825
9319 0.5919
9320 0.1514
9321 0.0974
9322 0.1156
9323 0.8333
9324 0.1083
9325 0.1276
9326 0.0970
9327 0.0956
9328 0.1482
9329 0.0707
9330 0.1381
9331 0.3108
9332 0.2738
9333 0.2127
9334 0.1281
9335 0.5104
9336 0.4652
9337 0.1146
9338 0.1121
9339 0.0791
9340 0.1735
9341 0.1220
9342 0.4958
9343 0.1099
9344 0.1982
9345 3.2269
9346 0.5689
9347 0.0967
9348 0.0776
9349 0.1364
9350 0.3830
9351 0.1051
9352 0.5513
9353 0.1033
9354 0.3410
9355 0.1292
9356 0.3383
9357 0.5948
9358 0.1279
9359 0.1650
9360 0.1166
9361 0.4322
9362 0.4146
9363 0.1238
9364 0.4481
9365 0.2784
9366 0.3630
9367 0.1824
9368 0.2275
9369 0.2828
9370 0.1401
9371 0.2094
9372 0.5145
9373 0.4266
9374 0.0715
9375 0.0867
9376 0.1237
9377 0.0830
9378 0.0840
9379 0.0808
9380 1.0066
9381 0.8519
9382 0.2466
9383 0.0927
9384 0.7569
9385 0.0834
9386 0.1073
9387 0.1002
9388 0.3622
9389 0.4395
9390 0.1943
9391 0.0989
9392 0.0851
9393 0.1087
9394 0.1105
9395 0.0973
9396 0.4380
9397 0.6002
9398 0.3529
9399 0.1057
9400 0.2199
9401 0.1128
9402 0.1900
9403 0.1266
9404 0.2426
9405 0.1272
9406 0.1356
9407 0.1136
9408 0.7597
9409 0.0844
9410 0.3724
9411 0.1438
9412 0.4042
9413 0.6612
9414 0.3295
9415 0.1887
9416 0.4669
9417 0.1844
9418 0.1943
9419 0.2243
9420 0.1377
9421 0.3051
9422 0.1380
9423 0.1058
9424 0.1499
9425 0.2632
9426 0.1199
9427 0.1941
9428 0.3151
9429 0.1188
9430 0.3293
9431 0.0993
9432 0.0857
9433 0.1922
9434 0.1753
9435 0.0949
9436 0.5142
9437 0.5084
9438 0.1758
9439 0.4682
9440 0.1105
9441 0.1163
9442 0.5251
9443 0.0967
9444 0.0738
9445 0.1057
9446 0.2065
9447 0.2896
9448 0.1905
9449 1.0523
9450 0.1577
9451 0.3546
9452 0.4417
9453 0.8874
9454 0.2966
9455 0.1350
9456 0.0954
9457 1.2321
9458 0.1413
9459 0.1111
9460 0.4017
9461 0.1208
9462 0.1897
9463 0.3573
9464 0.3363
9465 0.3160
9466 0.1838
9467 0.0846
9468 0.2746
9469 0.4106
9470 0.2167
9471 0.2524
9472 0.3311
9473 0.0899
9474 0.0847
9475 0.0726
9476 0.1759
9477 0.4354
9478 0.1146
9479 0.0969
9480 0.1372
9481 0.1415
9482 0.1667
9483 0.1115
9484 0.1446
9485 0.1412
9486 0.0875
9487 0.0867
9488 0.1661
9489 0.1421
9490 0.5452
9491 0.1384
9492 0.1165
9493 0.1024
9494 0.1162
9495 0.0881
9496 0.2671
9497 0.1663
9498 0.9745
9499 0.3003
9500 0.6044
9501 0.2813
9502 0.2323
9503 0.0997
9504 0.1551
9505 0.1520
9506 0.4153
9507 0.2634
9508 0.2655
9509 0.2894
9510 0.1841
9511 0.1312
9512 0.0947
9513 0.6693
9514 0.0894
9515 0.2720
9516 1.0502
9517 0.1370
9518 0.1551
9519 0.4782
9520 0.2328
9521 0.1924
9522 0.1487
9523 0.1586
9524 0.2100
9525 0.1655
9526 0.6366
9527 0.2048
9528 0.0894
9529 0.0809
9530 0.1821
9531 0.5781
9532 0.3631
9533 0.1981
9534 0.5482
9535 0.2280
9536 0.3172
9537 0.2061
9538 0.1726
9539 0.2296
9540 0.2862
9541 0.2165
9542 0.6116
9543 0.4998
9544 0.0650
9545 0.0790
9546 0.1095
9547 0.4918
9548 0.3380
9549 0.7615
9550 0.1395
9551 0.1874
9552 0.0971
9553 0.1342
9554 0.1481
9555 0.0819
9556 0.5527
9557 0.1193
9558 0.1788
9559 0.1874
9560 0.0724
9561 0.0796
9562 0.1846
9563 0.2369
9564 0.1282
9565 0.1030
9566 0.2709
9567 0.2378
9568 0.1842
9569 0.6624
9570 0.1464
9571 0.4115
9572 0.1071
9573 0.4556
9574 0.2254
9575 0.2196
9576 0.1118
9577 0.1173
9578 0.1543
9579 0.1131
9580 0.1383
9581 0.1413
9582 0.0956
9583 0.6618
9584 0.2602
9585 0.3934
9586 0.1022
9587 0.1706
9588 0.0691
9589 0.4021
9590 0.0764
9591 0.1353
9592 0.1441
9593 0.3431
9594 0.2401
9595 0.1731
9596 0.3650
9597 0.4416
9598 0.2714
9599 0.1906
9600 1.3550
9601 1.0615
9602 0.0789
9603 0.2855
9604 0.1478
9605 0.1572
9606 0.1067
9607 0.1323
9608 0.1095
9609 0.0772
9610 0.0681
9611 0.1571
9612 0.1243
9613 0.1853
9614 0.2358
9615 0.5520
9616 0.1741
9617 0.0762
9618 0.0953
9619 0.2568
9620 0.1700
9621 0.3442
9622 1.0523
9623 0.0926
9624 0.0785
9625 0.2498
9626 0.1349
9627 0.0783
9628 0.5418
9629 0.3297
9630 0.0977
9631 0.2162
9632 0.2730
9633 0.3396
9634 0.1493
9635 0.1184
9636 0.1521
9637 0.2164
9638 0.2083
9639 0.1277
9640 0.1182
9641 0.1405
9642 0.1239
9643 0.1481
9644 0.8152
9645 0.0900
9646 0.0684
9647 0.4178
9648 0.1129
9649 0.3320
9650 0.0778
9651 0.4590
9652 0.2928
9653 0.0984
9654 0.3484
9655 0.1051
9656 0.2240
9657 0.1270
9658 0.1154
9659 0.1588
9660 0.0800
9661 0.1405
9662 0.1751
9663 0.0919
9664 0.2775
9665 0.2666
9666 0.0890
9667 0.1613
9668 0.0939
9669 0.2568
9670 0.3129
9671 0.1242
9672 0.1089
9673 0.3365
9674 0.6705
9675 0.1145
9676 0.6788
9677 0.1008
9678 0.1492
9679 0.1363
9680 0.1399
9681 0.0791
9682 0.3010
9683 0.3116
9684 0.1391
9685 0.1059
9686 0.4548
9687 0.4417
9688 0.2384
9689 0.6233
9690 0.1565
9691 0.1734
9692 0.2822
9693 0.0689
9694 0.0920
9695 0.1779
9696 0.1196
9697 0.3071
9698 0.1239
9699 0.0761
9700 0.1339
9701 0.0935
9702 0.1176
9703 0.1196
9704 0.3364
9705 0.4598
9706 1.5271
9707 0.1806
9708 0.0963
9709 0.4503
9710 0.1177
9711 0.6294
9712 0.1246
9713 0.1008
9714 0.1746
9715 0.1910
9716 0.1503
9717 0.3727
9718 0.1223
9719 0.2666
9720 0.2794
9721 0.3181
9722 0.0867
9723 0.3642
9724 0.1006
9725 0.2586
9726 0.9337
9727 0.3033
9728 0.0917
9729 0.2005
9730 0.4789
9731 0.0702
9732 0.1157
9733 0.0794
9734 0.3011
9735 0.1063
9736 0.1201
9737 0.7566
9738 0.1351
9739 0.0998
9740 0.2991
9741 0.1040
9742 0.3970
9743 0.1799
9744 1.0672
9745 0.3220
9746 0.2966
9747 0.0915
9748 0.2154
9749 0.1537
9750 0.4404
9751 0.2068
9752 0.2751
9753 0.2134
9754 0.0855
9755 0.2071
9756 0.2361
9757 0.2062
9758 0.0848
9759 0.1348
9760 0.1859
9761 0.1110
9762 0.7330
9763 0.1477
9764 0.1382
9765 0.3929
9766 0.1164
9767 0.0978
9768 0.0893
9769 0.2491
9770 0.0973
9771 0.3996
9772 0.1604
9773 0.1127
9774 0.3365
9775 0.0861
9776 0.1980
9777 1.3658
9778 0.8407
9779 0.1345
9780 0.1158
9781 0.3522
9782 0.1591
9783 0.1906
9784 0.1120
9785 0.0934
9786 0.1005
9787 0.4214
9788 0.1232
9789 0.2544
9790 0.1412
9791 0.2393
9792 0.0893
9793 0.2369
9794 0.3782
9795 0.3351
9796 0.3182
9797 0.5695
9798 0.4422
9799 0.2762
9800 0.4401
9801 0.4546
9802 0.7536
9803 0.3819
9804 0.0985
9805 0.0711
9806 0.4442
9807 0.1044
9808 0.0905
9809 0.7483
9810 0.0939
9811 0.1250
9812 0.1268
9813 0.1147
9814 0.1081
9815 0.2114
9816 0.3137
9817 0.3499
9818 0.4236
9819 0.0767
9820 0.1343
9821 0.8486
9822 0.1419
9823 0.1943
9824 0.0993
9825 0.7024
9826 0.4480
9827 0.2403
9828 0.2161
9829 0.1322
9830 0.3654
9831 0.0821
9832 0.2220
9833 0.1411
9834 0.3384
9835 0.1696
9836 0.2486
9837 0.6618
9838 0.1866
9839 0.1974
9840 0.1066
9841 0.1605
9842 0.0849
9843 0.2489
9844 0.2559
9845 0.1067
9846 0.1147
9847 0.2421
9848 0.1085
9849 0.0797
9850 0.4266
9851 0.4191
9852 0.2369
9853 0.0897
9854 0.3076
9855 0.3558
9856 0.2227
9857 0.1191
9858 0.3164
9859 0.1977
9860 0.1068
9861 1.0181
9862 0.1229
9863 0.1337
9864 0.1348
9865 0.1190
9866 0.0982
9867 0.2190
9868 0.1941
9869 0.2090
9870 0.3663
9871 1.1105
9872 0.6364
9873 0.2138
9874 0.1527
9875 0.1485
9876 0.2603
9877 0.0976
9878 0.1086
9879 0.1659
9880 0.0805
9881 0.9386
9882 1.3456
9883 0.3003
9884 0.4178
9885 0.2296
9886 0.2568
9887 0.3891
9888 0.1431
9889 0.6448
9890 0.1169
9891 0.1022
9892 0.1098
9893 0.1070
9894 0.3678
9895 0.1067
9896 0.1763
9897 0.4051
9898 0.0683
9899 0.2135
9900 0.2663
9901 0.1209
9902 0.1575
9903 0.1060
9904 0.4169
9905 0.0801
9906 0.1288
9907 0.1099
9908 0.1312
9909 0.2461
9910 0.1043
9911 0.2465
9912 0.8592
9913 0.2851
9914 0.1183
9915 0.3753
9916 0.1602
9917 0.0997
9918 0.1029
9919 0.0826
9920 0.3645
9921 0.1618
9922 0.3155
9923 0.1024
9924 0.1173
9925 0.1366
9926 0.1218
9927 0.0947
9928 0.2617
9929 0.3160
9930 0.1400
9931 0.3708
9932 0.0964
9933 1.0391
9934 0.1691
9935 0.1008
9936 0.2547
9937 0.0875
9938 0.5052
9939 0.1287
9940 0.0888
9941 0.3326
9942 0.1721
9943 0.0847
9944 0.1141
9945 0.3549
9946 0.1461
9947 0.1607
9948 0.2303
9949 0.6206
9950 0.2107
9951 0.2261
9952 0.5264
9953 0.4007
9954 0.1189
9955 0.1393
9956 0.4095
9957 0.1759
9958 0.0757
9959 0.1772
9960 0.4200
9961 0.3682
9962 0.1180
9963 0.4579
9964 0.5049
9965 0.1257
9966 0.0947
9967 0.4269
9968 0.0863
9969 0.2123
9970 0.3562
9971 0.0991
9972 0.1401
9973 0.0816
9974 0.2018
9975 0.0832
9976 0.2959
9977 0.2068
9978 0.1309
9979 0.1142
9980 0.0753
9981 0.0728
9982 0.0767
9983 0.1261
9984 0.1020
9985 0.1715
9986 0.4598
9987 0.5372
9988 0.1152
9989 0.2548
9990 0.1789
9991 0.3864
9992 0.0995
9993 0.1109
9994 0.7918
9995 0.5093
9996 0.3853
9997 0.0950
9998 0.1271
9999 0.2119
10000 0.3563
