5001 0.1234
5002 0.2527
5003 0.0779
5004 0.1741
5005 0.2710
5006 0.1250
5007 0.1379
5008 0.2022
5009 0.1542
5010 0.1103
5011 0.2583
5012 0.1187
5013 0.1325
5014 0.3238
5015 0.0986
5016 0.2220
5017 0.1273
5018 0.1471
5019 0.2521
5020 0.2421
5021 0.1149
5022 0.1586
5023 0.5636
5024 0.1026
5025 0.1796
5026 0.1318
5027 0.1431
5028 0.2532
5029 0.1656
5030 0.1110
5031 0.0975
5032 0.2235
5033 0.1057
5034 0.6128
5035 0.1667
5036 0.0747
5037 0.2701
5038 0.2838
5039 0.1093
5040 0.1272
5041 0.1325
5042 0.1377
5043 0.1856
5044 0.0971
5045 0.1465
5046 0.1803
5047 0.1045
5048 0.1399
5049 0.1009
5050 0.2165
5051 0.0967
5052 0.0727
5053 0.2307
5054 0.0729
5055 0.1400
5056 0.1223
5057 0.4941
5058 0.2309
5059 0.1598
5060 0.1411
5061 0.3881
5062 0.3548
5063 0.1158
5064 0.1081
5065 0.1174
5066 0.0974
5067 0.2438
5068 0.3102
5069 0.0967
5070 0.1558
5071 0.4276
5072 0.2993
5073 0.2155
5074 0.0821
5075 0.0984
5076 0.4432
5077 0.0902
5078 0.1235
5079 0.1219
5080 0.7202
5081 0.3312
5082 0.2095
5083 0.1286
5084 0.2398
5085 0.0824
5086 0.1552
5087 0.1401
5088 0.0738
5089 0.6724
5090 0.0685
5091 0.2758
5092 0.0998
5093 0.2621
5094 0.1212
5095 0.1092
5096 0.1103
5097 0.3890
5098 0.1487
5099 0.2239
5100 0.0880
5101 0.2677
5102 0.0638
5103 0.0854
5104 0.1212
5105 0.0893
5106 0.0875
5107 0.1002
5108 0.0812
5109 0.1011
5110 0.1154
5111 0.0750
5112 0.7120
5113 0.1560
5114 0.0701
5115 0.0939
5116 0.1968
5117 0.0981
5118 0.0959
5119 0.2191
5120 0.2927
5121 0.3195
5122 0.1877
5123 0.1661
5124 0.0776
5125 0.3321
5126 0.1074
5127 0.0999
5128 0.1619
5129 0.2013
5130 0.7277
5131 0.3923
5132 0.1962
5133 0.1281
5134 0.1316
5135 0.0832
5136 0.1313
5137 0.0784
5138 0.1201
5139 0.7948
5140 0.1582
5141 0.5850
5142 0.1167
5143 0.3894
5144 0.2478
5145 0.0752
5146 0.3067
5147 0.1144
5148 0.4126
5149 0.1131
5150 0.1252
5151 0.3337
5152 0.1480
5153 0.1226
5154 0.3944
5155 0.0980
5156 0.0792
5157 0.5148
5158 0.1432
5159 0.0820
5160 0.1096
5161 0.2500
5162 0.2927
5163 0.0757
5164 0.1040
5165 0.0962
5166 0.1307
5167 0.1731
5168 0.1184
5169 0.1280
5170 0.1078
5171 0.2420
5172 0.0826
5173 0.2014
5174 0.1339
5175 0.0668
5176 0.4211
5177 0.4278
5178 0.2733
5179 0.1106
5180 0.4538
5181 0.0990
5182 0.1616
5183 0.2875
5184 0.1062
5185 0.1065
5186 0.1723
5187 0.1007
5188 0.4214
5189 0.1218
5190 0.1072
5191 0.1036
5192 0.0823
5193 0.1003
5194 0.0814
5195 0.1062
5196 0.5131
5197 0.1251
5198 0.1182
5199 0.3720
5200 0.1477
5201 0.1971
5202 0.1984
5203 0.9089
5204 0.1170
5205 0.1022
5206 0.0691
5207 0.1269
5208 0.3070
5209 0.1205
5210 0.1279
5211 0.2117
5212 0.0915
5213 0.0960
5214 0.4083
5215 0.2285
5216 0.1636
5217 0.4239
5218 0.1399
5219 0.1049
5220 0.0708
5221 0.3353
5222 0.1715
5223 0.1244
5224 0.3817
5225 0.1147
5226 0.0780
5227 0.1126
5228 0.1520
5229 0.0969
5230 0.0895
5231 0.1995
5232 0.1011
5233 0.0873
5234 0.1015
5235 0.1052
5236 0.3310
5237 0.1840
5238 0.0885
5239 0.2297
5240 0.1084
5241 0.5973
5242 0.1248
5243 0.0870
5244 0.4460
5245 0.1035
5246 0.0970
5247 0.4782
5248 0.1117
5249 0.1082
5250 0.1101
5251 0.1342
5252 0.0788
5253 0.3527
5254 0.1347
5255 0.1327
5256 0.1211
5257 0.1615
5258 0.1263
5259 0.4133
5260 0.0974
5261 0.1118
5262 0.0905
5263 0.0928
5264 0.0919
5265 0.1752
5266 0.1140
5267 0.1550
5268 0.0846
5269 0.1230
5270 0.0889
5271 0.1019
5272 0.1180
5273 0.1120
5274 0.1078
5275 0.7970
5276 0.1441
5277 0.1444
5278 0.0877
5279 0.3028
5280 0.1073
5281 0.1153
5282 0.2437
5283 0.0864
5284 0.1741
5285 0.0979
5286 0.1123
5287 0.1260
5288 0.2089
5289 0.3318
5290 0.0904
5291 0.1084
5292 0.2657
5293 0.0810
5294 0.1094
5295 0.1095
5296 0.1637
5297 0.3777
5298 0.5835
5299 0.1097
5300 0.2192
5301 0.0884
5302 0.2232
5303 0.3619
5304 0.1019
5305 0.1040
5306 0.0866
5307 0.0883
5308 0.5514
5309 0.1304
5310 0.1568
5311 0.1676
5312 0.1137
5313 0.0830
5314 0.1428
5315 0.1224
5316 0.4349
5317 0.1209
5318 0.5036
5319 0.1305
5320 0.1102
5321 1.4008
5322 0.1592
5323 0.1351
5324 0.1786
5325 0.1361
5326 0.0811
5327 0.3860
5328 0.4117
5329 0.1150
5330 0.2906
5331 0.1318
5332 0.0707
5333 0.2149
5334 0.1417
5335 0.1036
5336 0.1063
5337 0.1313
5338 0.0746
5339 0.0985
5340 0.1317
5341 0.1129
5342 0.1336
5343 0.0911
5344 0.1446
5345 0.2494
5346 0.1142
5347 0.1572
5348 0.1315
5349 0.1170
5350 0.1431
5351 0.3330
5352 0.1399
5353 0.1163
5354 0.0890
5355 0.1060
5356 0.2820
5357 0.1042
5358 0.1759
5359 0.1071
5360 0.1105
5361 0.2560
5362 0.1407
5363 0.0944
5364 0.1248
5365 0.1532
5366 0.2724
5367 0.1654
5368 0.0812
5369 0.0683
5370 0.1237
5371 0.0961
5372 0.0724
5373 0.0892
5374 0.0885
5375 0.1199
5376 0.1220
5377 0.0888
5378 0.1304
5379 0.0896
5380 0.0997
5381 0.0825
5382 0.1877
5383 0.1109
5384 0.0699
5385 0.3924
5386 0.0891
5387 0.1159
5388 0.1131
5389 0.3644
5390 0.1703
5391 0.1405
5392 0.6341
5393 0.1294
5394 0.1060
5395 0.1435
5396 0.1919
5397 0.0719
5398 0.0721
5399 0.1346
5400 0.1696
5401 0.3606
5402 0.1397
5403 0.0893
5404 0.2110
5405 0.0947
5406 0.3996
5407 0.1631
5408 0.0857
5409 0.1327
5410 0.1606
5411 0.1012
5412 0.1324
5413 0.1143
5414 0.1004
5415 0.5902
5416 0.1049
5417 0.0954
5418 0.1372
5419 0.1574
5420 0.2679
5421 0.0759
5422 0.1516
5423 0.1137
5424 0.1330
5425 0.1627
5426 0.1025
5427 0.2245
5428 0.4865
5429 0.0985
5430 0.0776
5431 0.4964
5432 0.1261
5433 0.0835
5434 0.0839
5435 0.0665
5436 0.1345
5437 0.1634
5438 0.1126
5439 0.1361
5440 0.0901
5441 0.1925
5442 0.1526
5443 0.1470
5444 0.1422
5445 0.4914
5446 0.4405
5447 0.2613
5448 0.0880
5449 0.2535
5450 0.1303
5451 0.5146
5452 0.1116
5453 0.2532
5454 0.1353
5455 0.1311
5456 0.1373
5457 0.0931
5458 0.2869
5459 0.0882
5460 0.1592
5461 0.2146
5462 0.0980
5463 0.1536
5464 0.1455
5465 0.1037
5466 0.0987
5467 0.0998
5468 0.4043
5469 0.2230
5470 0.1410
5471 0.1356
5472 0.3962
5473 0.1413
5474 0.0906
5475 0.0816
5476 0.3907
5477 0.1124
5478 0.0794
5479 0.0777
5480 0.2080
5481 0.1046
5482 0.2716
5483 0.0771
5484 0.0815
5485 0.3577
5486 0.1183
5487 0.1013
5488 0.2303
5489 0.4296
5490 0.0776
5491 0.1140
5492 0.2643
5493 0.2135
5494 0.4070
5495 0.5370
5496 0.1985
5497 0.2436
5498 0.2375
5499 0.0769
5500 0.0974
5501 0.1069
5502 0.0767
5503 0.0848
5504 0.1111
5505 0.2293
5506 0.1231
5507 0.1075
5508 0.2878
5509 0.1298
5510 0.1362
5511 0.0877
5512 0.4524
5513 0.2026
5514 0.0872
5515 0.0819
5516 0.0725
5517 0.1181
5518 0.1436
5519 0.4182
5520 0.1172
5521 0.1222
5522 0.1312
5523 0.0883
5524 0.1097
5525 0.1565
5526 0.1338
5527 0.1628
5528 0.2143
5529 0.3979
5530 0.1182
5531 0.2990
5532 0.1212
5533 0.0785
5534 0.0813
5535 0.0722
5536 0.1184
5537 0.1272
5538 0.1108
5539 0.1536
5540 0.1349
5541 0.0858
5542 0.0998
5543 0.1183
5544 0.1203
5545 0.3027
5546 0.1372
5547 0.1309
5548 0.3531
5549 0.0878
5550 0.3498
5551 0.1545
5552 0.0922
5553 0.2775
5554 0.1284
5555 0.1712
5556 0.1146
5557 0.1773
5558 0.0954
5559 0.0775
5560 0.4315
5561 0.1147
5562 0.1349
5563 0.4389
5564 0.0965
5565 0.1128
5566 0.2598
5567 0.1391
5568 0.1497
5569 0.1806
5570 0.1700
5571 0.2181
5572 0.1682
5573 0.0915
5574 0.0838
5575 0.1327
5576 0.1114
5577 0.0900
5578 0.1129
5579 0.6796
5580 0.2979
5581 0.1369
5582 0.1265
5583 0.1455
5584 0.2999
5585 0.0997
5586 0.1611
5587 0.1179
5588 0.4748
5589 0.1837
5590 0.0741
5591 0.0934
5592 0.0873
5593 0.3036
5594 0.2403
5595 0.1041
5596 0.1084
5597 0.1804
5598 0.1279
5599 0.1590
5600 0.2896
5601 0.0809
5602 0.0971
5603 0.1791
5604 0.1509
5605 0.0803
5606 0.0884
5607 0.0955
5608 0.4448
5609 0.1216
5610 0.0929
5611 0.2570
5612 0.0921
5613 0.1177
5614 0.1266
5615 0.6459
5616 0.1468
5617 0.0983
5618 0.0976
5619 0.1473
5620 0.2497
5621 0.1480
5622 0.3831
5623 0.3336
5624 0.1591
5625 0.1349
5626 0.2295
5627 0.1483
5628 0.1453
5629 0.1311
5630 0.2228
5631 0.6590
5632 0.1094
5633 0.2035
5634 0.1308
5635 0.1122
5636 0.3026
5637 0.0813
5638 0.2425
5639 0.1495
5640 0.2994
5641 0.1374
5642 0.0766
5643 0.1504
5644 0.1632
5645 0.1346
5646 0.1808
5647 0.0814
5648 0.2189
5649 0.1079
5650 0.1152
5651 0.1695
5652 0.1777
5653 0.1193
5654 0.2316
5655 0.1309
5656 0.1384
5657 0.1368
5658 0.0792
5659 0.1601
5660 0.0810
5661 0.1286
5662 0.3085
5663 0.3279
5664 0.0642
5665 0.2391
5666 0.1445
5667 0.1080
5668 0.1192
5669 0.7981
5670 0.0670
5671 0.1469
5672 0.1849
5673 0.0871
5674 0.2094
5675 1.1599
5676 0.0871
5677 0.1118
5678 0.0889
5679 0.1761
5680 0.1063
5681 0.2029
5682 0.0950
5683 0.0726
5684 0.1038
5685 0.0912
5686 0.1545
5687 0.1438
5688 0.0981
5689 0.1340
5690 0.6755
5691 0.3139
5692 0.1261
5693 0.3311
5694 0.0845
5695 0.1272
5696 0.1023
5697 0.0941
5698 0.0850
5699 0.0772
5700 0.0992
5701 0.1325
5702 0.0881
5703 0.0853
5704 0.0936
5705 0.5128
5706 0.0975
5707 0.0633
5708 0.1482
5709 0.0956
5710 0.2524
5711 0.2533
5712 0.2270
5713 0.0987
5714 0.4683
5715 0.2539
5716 0.1005
5717 0.1343
5718 0.0921
5719 0.1797
5720 0.0826
5721 0.0901
5722 0.2362
5723 0.0989
5724 0.2972
5725 0.3602
5726 0.0889
5727 0.0884
5728 0.1181
5729 0.4895
5730 0.1341
5731 0.0959
5732 0.1678
5733 0.1756
5734 0.1181
5735 0.4069
5736 0.1301
5737 0.1814
5738 0.1400
5739 0.3307
5740 0.1216
5741 0.1063
5742 0.4767
5743 0.4040
5744 0.0841
5745 0.1898
5746 0.4282
5747 0.3740
5748 0.1038
5749 0.1155
5750 0.4223
5751 0.6150
5752 0.1839
5753 0.1004
5754 0.3344
5755 0.1170
5756 0.3021
5757 0.0913
5758 0.1340
5759 0.1334
5760 0.1112
5761 0.5040
5762 0.0836
5763 0.1618
5764 0.1874
5765 0.3530
5766 0.0987
5767 0.1400
5768 0.1580
5769 0.0831
5770 0.2715
5771 0.1108
5772 0.0858
5773 0.1104
5774 0.3453
5775 0.1717
5776 0.1188
5777 0.1549
5778 0.1249
5779 0.0920
5780 0.2634
5781 0.0818
5782 0.1973
5783 0.2741
5784 0.1979
5785 0.2360
5786 0.0968
5787 0.1077
5788 0.2074
5789 0.0963
5790 0.1060
5791 0.1878
5792 0.0822
5793 0.2397
5794 0.3295
5795 0.1546
5796 0.1765
5797 0.0735
5798 0.0930
5799 0.0931
5800 0.0608
5801 0.2563
5802 0.1083
5803 0.2092
5804 0.1003
5805 0.1249
5806 0.1213
5807 0.0952
5808 0.2186
5809 0.2122
5810 0.2937
5811 0.1465
5812 0.2085
5813 0.2949
5814 0.0780
5815 0.1397
5816 0.1327
5817 0.0818
5818 0.0717
5819 0.4095
5820 0.1361
5821 0.0691
5822 0.3033
5823 0.1110
5824 0.2673
5825 0.0882
5826 0.1146
5827 0.0928
5828 0.0808
5829 0.1187
5830 0.3184
5831 0.3025
5832 0.2022
5833 0.2898
5834 0.1042
5835 0.0950
5836 0.1207
5837 0.1255
5838 0.3841
5839 0.3019
5840 0.1341
5841 0.1188
5842 0.1576
5843 0.1525
5844 0.0828
5845 0.0679
5846 0.0887
5847 0.2352
5848 0.1368
5849 0.6914
5850 0.0909
5851 0.1180
5852 0.1094
5853 0.1058
5854 0.0851
5855 0.1107
5856 0.0690
5857 0.0984
5858 0.1006
5859 0.1861
5860 0.0763
5861 0.1212
5862 0.1516
5863 0.1696
5864 0.1638
5865 0.1496
5866 0.1126
5867 0.1205
5868 0.1610
5869 0.2455
5870 0.0798
5871 0.4956
5872 0.3897
5873 0.1499
5874 0.2890
5875 0.1035
5876 0.2143
5877 0.0861
5878 0.1890
5879 0.3010
5880 0.0791
5881 0.0924
5882 0.1140
5883 0.1852
5884 0.1196
5885 0.0868
5886 0.0970
5887 0.1131
5888 0.0905
5889 0.1370
5890 0.1786
5891 0.1362
5892 0.2638
5893 0.1767
5894 0.1248
5895 0.0900
5896 0.0783
5897 0.3992
5898 0.2764
5899 0.1149
5900 0.1250
5901 0.3775
5902 0.0935
5903 0.1322
5904 0.0890
5905 0.1670
5906 0.0943
5907 0.1110
5908 0.1482
5909 0.0691
5910 0.2062
5911 0.2745
5912 0.1561
5913 0.0991
5914 0.1039
5915 0.2019
5916 0.0763
5917 0.2442
5918 0.0843
5919 0.1724
5920 0.1700
5921 0.1047
5922 0.2515
5923 0.1381
5924 0.1744
5925 0.0737
5926 1.0118
5927 0.1127
5928 0.1239
5929 0.0987
5930 0.3404
5931 0.1236
5932 0.1607
5933 0.0832
5934 0.0869
5935 0.0828
5936 0.1256
5937 0.2141
5938 0.2349
5939 0.0976
5940 0.2106
5941 0.3126
5942 0.0975
5943 0.0957
5944 0.3757
5945 0.3885
5946 0.1165
5947 0.1185
5948 0.1378
5949 0.1415
5950 0.0981
5951 0.0834
5952 0.1897
5953 0.0967
5954 0.1439
5955 0.0966
5956 0.8778
5957 0.0987
5958 0.1134
5959 0.1383
5960 0.1039
5961 0.1551
5962 0.0954
5963 0.1709
5964 0.1126
5965 0.1357
5966 0.1467
5967 0.0868
5968 0.1848
5969 0.0768
5970 0.1231
5971 0.0807
5972 0.5502
5973 0.2503
5974 0.1022
5975 0.0931
5976 0.1541
5977 0.1632
5978 0.0779
5979 0.3877
5980 0.1515
5981 0.1373
5982 0.1407
5983 0.0876
5984 0.1519
5985 0.1428
5986 0.2021
5987 0.1108
5988 0.1024
5989 0.3568
5990 0.1302
5991 0.2540
5992 0.1101
5993 0.1049
5994 0.1003
5995 0.3662
5996 0.1035
5997 0.2236
5998 0.1193
5999 0.1918
6000 0.1228
6001 0.1186
6002 0.1730
6003 0.1048
6004 0.1374
6005 0.1070
6006 0.1219
6007 0.1243
6008 0.0777
6009 0.1476
6010 0.0792
6011 0.1189
6012 0.1558
6013 0.1013
6014 0.0978
6015 0.1090
6016 0.1433
6017 0.3021
6018 0.1341
6019 0.1394
6020 0.3559
6021 0.4044
6022 0.1014
6023 0.2323
6024 0.0860
6025 0.0901
6026 0.0934
6027 0.1268
6028 0.1102
6029 0.4468
6030 0.0732
6031 0.0954
6032 0.0832
6033 0.5953
6034 0.0927
6035 0.1134
6036 0.0988
6037 0.3922
6038 0.1178
6039 0.5059
6040 0.1154
6041 0.2066
6042 0.2199
6043 0.1451
6044 0.1490
6045 0.0874
6046 0.1483
6047 0.0823
6048 0.0992
6049 0.1600
6050 0.1036
6051 0.3040
6052 0.1129
6053 0.0795
6054 0.1116
6055 0.1126
6056 0.1346
6057 0.0932
6058 0.0854
6059 0.2640
6060 0.0895
6061 0.1010
6062 1.1945
6063 0.1530
6064 0.0781
6065 0.1670
6066 0.1266
6067 0.1225
6068 0.0975
6069 0.2661
6070 0.1684
6071 0.0896
6072 0.1816
6073 0.1549
6074 0.1710
6075 0.0912
6076 0.1195
6077 0.0916
6078 0.0911
6079 0.6660
6080 0.1021
6081 0.1071
6082 0.0667
6083 0.1660
6084 0.2466
6085 0.0829
6086 0.1061
6087 0.0834
6088 0.2834
6089 0.1206
6090 0.1625
6091 0.1263
6092 0.1312
6093 0.0902
6094 0.1252
6095 0.2165
6096 0.1518
6097 0.4464
6098 0.2590
6099 0.0728
6100 0.1171
6101 0.1347
6102 0.1067
6103 0.0801
6104 0.1050
6105 0.4423
6106 0.1367
6107 0.1248
6108 0.3797
6109 0.1318
6110 0.2636
6111 0.5944
6112 0.1188
6113 0.1258
6114 0.4690
6115 0.1128
6116 0.0775
6117 0.3258
6118 0.0960
6119 0.0970
6120 0.0852
6121 0.1706
6122 0.1261
6123 0.3671
6124 0.2092
6125 0.3913
6126 0.0769
6127 0.1957
6128 0.1160
6129 0.4211
6130 0.2782
6131 0.1088
6132 0.0818
6133 0.1313
6134 0.0832
6135 0.0758
6136 0.1099
6137 0.1207
6138 0.2214
6139 0.1017
6140 0.7404
6141 0.1769
6142 0.1053
6143 0.1380
6144 0.7218
6145 0.0955
6146 0.1079
6147 0.1347
6148 0.0639
6149 0.1008
6150 0.1783
6151 0.0997
6152 0.1775
6153 0.1688
6154 0.1657
6155 0.0648
6156 0.1066
6157 0.1377
6158 0.1140
6159 0.1983
6160 0.0984
6161 0.5230
6162 0.1097
6163 0.0723
6164 0.0814
6165 0.0841
6166 0.0929
6167 0.0797
6168 0.2560
6169 0.1315
6170 0.1160
6171 0.1262
6172 0.3013
6173 0.3481
6174 0.0893
6175 0.1603
6176 0.1029
6177 0.1376
6178 0.1129
6179 0.5870
6180 0.1173
6181 0.1211
6182 0.1232
6183 0.8579
6184 0.1549
6185 0.2880
6186 0.0905
6187 0.1381
6188 0.3076
6189 0.1163
6190 0.0769
6191 0.1203
6192 0.1265
6193 0.1146
6194 0.0845
6195 0.0900
6196 0.0833
6197 0.3412
6198 0.1129
6199 0.1082
6200 0.1018
6201 0.1338
6202 0.0833
6203 0.1628
6204 0.2811
6205 0.1245
6206 0.2803
6207 0.2447
6208 0.2333
6209 0.1200
6210 0.1396
6211 0.1208
6212 0.4588
6213 0.1059
6214 0.1099
6215 0.1160
6216 0.0964
6217 0.1536
6218 0.0962
6219 0.0774
6220 0.3281
6221 0.2371
6222 0.1576
6223 0.3901
6224 0.1415
6225 0.1474
6226 0.6980
6227 0.0842
6228 0.1181
6229 0.3434
6230 0.1116
6231 0.1107
6232 0.5356
6233 0.2473
6234 0.0945
6235 0.1214
6236 0.1518
6237 0.1100
6238 0.1333
6239 0.2349
6240 0.1484
6241 0.2048
6242 0.1214
6243 0.1707
6244 0.0919
6245 0.2132
6246 0.1865
6247 0.1350
6248 0.1022
6249 0.0898
6250 0.3208
6251 0.0847
6252 0.2955
6253 0.1096
6254 0.0882
6255 0.1690
6256 0.0858
6257 0.0814
6258 0.0844
6259 0.0862
6260 0.1145
6261 0.0844
6262 0.2080
6263 0.0724
6264 0.1202
6265 0.1379
6266 0.1640
6267 0.2954
6268 0.0783
6269 0.2309
6270 0.1024
6271 0.0924
6272 0.4424
6273 0.1003
6274 0.4479
6275 0.1069
6276 0.1936
6277 0.0993
6278 0.2438
6279 0.2023
6280 0.6769
6281 0.1161
6282 0.1117
6283 0.1372
6284 0.0813
6285 0.3141
6286 0.0919
6287 0.0976
6288 0.0712
6289 0.0778
6290 0.1147
6291 0.2538
6292 0.1692
6293 0.0985
6294 0.0902
6295 0.1105
6296 0.1110
6297 0.1054
6298 0.1428
6299 0.1179
6300 0.1043
6301 0.0862
6302 0.5287
6303 0.1331
6304 0.2613
6305 0.2523
6306 0.0901
6307 0.2012
6308 0.2462
6309 0.0959
6310 0.1299
6311 0.1072
6312 0.1229
6313 0.2203
6314 0.2269
6315 0.0861
6316 0.1184
6317 0.0826
6318 0.1709
6319 0.1216
6320 0.1714
6321 0.1593
6322 0.0738
6323 0.2441
6324 0.0953
6325 0.1552
6326 0.1409
6327 0.0910
6328 0.0850
6329 0.1651
6330 0.0886
6331 0.0852
6332 0.3244
6333 0.0777
6334 0.1205
6335 0.0980
6336 0.2986
6337 0.1218
6338 0.1292
6339 0.1220
6340 0.3650
6341 0.1066
6342 0.3550
6343 0.1847
6344 0.0729
6345 0.1023
6346 0.0839
6347 0.1848
6348 0.1003
6349 0.3855
6350 0.0963
6351 0.1231
6352 0.1280
6353 0.3768
6354 0.3253
6355 0.0852
6356 0.1695
6357 0.1609
6358 0.5548
6359 0.2096
6360 0.1392
6361 0.1632
6362 0.1178
6363 0.1893
6364 0.1317
6365 0.0803
6366 0.1177
6367 0.1071
6368 0.0754
6369 0.0987
6370 0.1338
6371 0.1122
6372 0.1011
6373 0.2110
6374 0.0656
6375 0.0852
6376 0.1081
6377 0.1337
6378 0.0878
6379 0.0791
6380 0.2083
6381 0.2201
6382 0.1702
6383 0.0895
6384 0.0856
6385 0.1726
6386 0.1739
6387 0.1453
6388 0.2326
6389 0.9631
6390 0.0943
6391 0.1253
6392 0.2687
6393 0.5864
6394 0.2693
6395 0.1901
6396 0.1159
6397 0.1124
6398 0.2236
6399 0.1215
6400 0.3257
6401 0.1692
6402 0.1027
6403 0.1093
6404 0.1581
6405 0.4197
6406 0.0659
6407 0.2188
6408 0.1324
6409 0.0729
6410 0.1048
6411 0.5039
6412 0.1436
6413 0.1615
6414 0.1102
6415 0.3266
6416 0.1729
6417 0.3523
6418 0.1690
6419 0.0842
6420 0.1336
6421 0.1019
6422 0.0976
6423 0.1159
6424 0.3555
6425 0.3252
6426 0.1220
6427 0.0814
6428 0.1253
6429 0.0901
6430 0.4714
6431 0.1245
6432 0.6614
6433 0.4312
6434 0.0777
6435 0.3236
6436 0.2749
6437 0.1312
6438 0.0792
6439 0.1396
6440 0.0678
6441 0.1040
6442 0.4929
6443 0.1265
6444 0.3448
6445 0.1352
6446 0.0686
6447 0.0993
6448 0.0859
6449 0.4094
6450 0.2777
6451 0.1106
6452 0.1330
6453 0.1103
6454 0.1300
6455 0.0956
6456 0.1254
6457 0.1027
6458 0.4333
6459 0.2230
6460 0.2493
6461 0.0875
6462 0.1169
6463 0.2182
6464 0.4634
6465 0.1003
6466 0.1246
6467 0.0823
6468 0.0922
6469 0.4075
6470 1.0194
6471 0.1457
6472 0.2378
6473 0.1609
6474 0.2599
6475 0.0899
6476 0.2946
6477 0.2047
6478 0.9080
6479 0.3467
6480 0.1423
6481 1.4898
6482 0.1984
6483 0.2181
6484 0.1360
6485 0.0771
6486 0.0908
6487 0.4856
6488 0.1111
6489 0.1219
6490 0.4934
6491 0.1573
6492 0.3989
6493 0.1112
6494 0.1083
6495 0.1962
6496 0.1300
6497 0.2168
6498 0.1850
6499 0.0965
6500 0.0965
6501 0.1531
6502 0.1402
6503 0.4756
6504 0.1076
6505 0.1011
6506 0.0929
6507 0.0739
6508 0.1640
6509 0.1485
6510 0.3236
6511 0.0718
6512 0.4260
6513 0.4190
6514 0.1477
6515 0.1397
6516 0.1451
6517 0.6486
6518 0.0902
6519 0.1135
6520 0.1353
6521 0.0841
6522 0.3155
6523 0.1111
6524 0.3619
6525 0.2100
6526 0.0821
6527 0.5136
6528 0.0842
6529 0.1886
6530 0.2297
6531 0.2824
6532 0.1225
6533 0.0732
6534 0.0969
6535 0.3010
6536 0.2043
6537 0.2431
6538 0.1624
6539 0.4954
6540 0.1085
6541 0.1766
6542 0.2835
6543 0.3330
6544 0.1000
6545 0.3944
6546 0.1062
6547 0.3991
6548 0.1213
6549 0.3688
6550 0.1833
6551 0.0894
6552 0.0716
6553 0.9021
6554 0.0987
6555 0.3716
6556 0.1601
6557 0.5296
6558 0.1230
6559 0.1079
6560 0.1159
6561 0.1070
6562 0.1056
6563 0.1080
6564 0.0958
6565 0.1681
6566 0.2698
6567 0.3545
6568 0.2777
6569 0.0942
6570 0.1121
6571 0.2313
6572 0.1002
6573 0.0994
6574 0.3467
6575 0.4393
6576 0.0848
6577 0.1500
6578 0.1579
6579 0.1308
6580 0.0860
6581 0.1321
6582 0.0802
6583 0.2279
6584 0.0737
6585 0.1072
6586 0.0853
6587 0.2403
6588 0.1403
6589 0.1135
6590 0.1001
6591 0.0812
6592 0.1115
6593 0.1883
6594 0.1436
6595 0.1287
6596 0.0778
6597 0.1241
6598 0.0828
6599 0.1346
6600 0.1398
6601 0.0852
6602 0.1213
6603 0.1035
6604 0.1626
6605 0.6090
6606 0.1602
6607 0.3902
6608 0.1550
6609 0.1007
6610 0.3062
6611 0.1566
6612 0.1578
6613 0.0978
6614 0.1181
6615 0.1880
6616 0.4679
6617 0.3575
6618 0.3231
6619 0.2831
6620 0.2370
6621 0.0809
6622 0.3295
6623 0.1467
6624 0.3477
6625 0.0858
6626 0.1930
6627 0.1049
6628 0.3392
6629 0.1549
6630 0.3854
6631 1.0878
6632 0.0824
6633 0.0902
6634 0.2555
6635 0.0934
6636 0.0668
6637 0.1205
6638 0.1412
6639 0.1228
6640 0.4404
6641 0.0942
6642 0.0914
6643 0.1319
6644 0.1419
6645 0.3095
6646 0.2362
6647 0.2298
6648 0.1273
6649 0.4260
6650 0.0850
6651 0.1173
6652 0.1149
6653 0.3590
6654 0.4606
6655 0.1682
6656 0.0850
6657 0.1184
6658 0.0939
6659 0.0998
6660 0.1035
6661 0.2138
6662 0.1981
6663 0.1071
6664 0.1010
6665 0.2033
6666 0.2211
6667 0.1216
6668 0.4914
6669 0.1441
6670 0.0704
6671 0.4533
6672 0.0719
6673 0.1529
6674 0.1437
6675 0.1179
6676 0.0904
6677 0.1360
6678 0.5899
6679 0.1750
6680 0.0994
6681 0.1173
6682 0.0787
6683 0.0818
6684 0.2961
6685 0.0790
6686 0.1164
6687 0.3362
6688 0.1531
6689 0.0875
6690 0.1110
6691 0.1340
6692 0.0887
6693 0.1897
6694 0.1137
6695 0.3154
6696 0.1465
6697 0.2825
6698 0.0720
6699 0.0932
6700 0.2620
6701 0.0787
6702 0.1746
6703 0.0930
6704 0.0942
6705 0.0966
6706 0.1545
6707 0.2733
6708 0.1013
6709 0.2871
6710 0.3129
6711 0.2141
6712 0.2683
6713 0.1051
6714 0.1185
6715 0.1069
6716 0.1102
6717 0.3327
6718 0.0752
6719 0.1903
6720 0.1366
6721 0.1789
6722 0.1389
6723 0.1037
6724 0.4587
6725 0.0716
6726 0.1138
6727 0.0816
6728 0.1141
6729 0.1347
6730 0.4154
6731 0.3128
6732 0.1862
6733 0.1079
6734 0.1641
6735 0.1303
6736 0.1005
6737 0.0644
6738 0.2387
6739 0.1490
6740 0.2131
6741 0.0942
6742 0.1205
6743 0.6678
6744 0.0750
6745 0.1544
6746 0.1479
6747 0.1023
6748 0.0935
6749 0.1773
6750 0.1025
6751 0.0839
6752 0.1042
6753 0.1309
6754 0.1052
6755 0.1118
6756 0.2202
6757 0.1111
6758 0.0956
6759 0.1104
6760 0.1712
6761 0.2243
6762 0.1025
6763 0.2148
6764 0.0797
6765 0.1003
6766 0.1672
6767 0.0735
6768 0.6490
6769 0.0768
6770 0.1022
6771 0.0929
6772 0.0930
6773 0.1496
6774 0.1109
6775 0.0913
6776 0.1689
6777 0.2282
6778 0.0951
6779 0.3400
6780 0.0913
6781 0.0744
6782 0.1701
6783 0.1328
6784 0.0869
6785 0.1212
6786 0.1408
6787 0.7396
6788 0.3033
6789 0.2089
6790 0.0918
6791 0.2650
6792 0.1036
6793 0.1879
6794 0.9861
6795 0.1072
6796 0.3710
6797 0.1108
6798 0.0775
6799 0.1784
6800 0.1104
6801 0.2886
6802 0.2342
6803 0.0852
6804 0.1152
6805 0.2639
6806 0.1307
6807 0.0877
6808 0.0897
6809 0.1599
6810 0.1011
6811 0.1349
6812 0.0815
6813 0.0804
6814 0.1227
6815 0.1392
6816 0.0925
6817 0.0947
6818 0.0845
6819 0.1555
6820 0.1361
6821 0.0907
6822 0.0939
6823 0.0837
6824 0.1144
6825 0.1195
6826 0.1263
6827 0.2566
6828 0.1701
6829 0.0886
6830 0.1441
6831 0.0744
6832 0.1854
6833 0.2075
6834 0.2609
6835 0.2218
6836 0.3672
6837 0.0742
6838 0.1860
6839 0.1433
6840 0.2700
6841 0.1291
6842 0.0980
6843 0.2610
6844 0.1871
6845 0.2318
6846 0.2609
6847 0.0933
6848 0.1219
6849 0.1465
6850 0.1080
6851 0.0773
6852 0.1490
6853 0.1274
6854 0.0902
6855 0.3765
6856 0.2151
6857 0.2246
6858 0.2637
6859 0.2099
6860 0.1164
6861 0.1348
6862 0.1302
6863 0.1002
6864 0.0800
6865 0.4791
6866 0.1458
6867 0.1318
6868 0.0956
6869 0.3150
6870 0.0948
6871 0.1064
6872 0.0998
6873 0.0780
6874 0.1518
6875 0.1606
6876 0.1101
6877 0.1906
6878 0.0951
6879 0.2799
6880 0.1393
6881 0.3926
6882 0.1296
6883 0.0889
6884 0.4606
6885 0.1859
6886 0.1602
6887 0.1351
6888 0.0904
6889 0.1582
6890 0.2847
6891 0.1659
6892 0.1142
6893 0.1645
6894 0.1292
6895 0.1703
6896 0.1410
6897 0.2085
6898 0.1662
6899 0.0873
6900 0.6411
6901 0.1623
6902 0.1410
6903 0.1145
6904 0.0936
6905 0.1933
6906 0.0901
6907 0.1364
6908 0.1260
6909 0.1524
6910 0.1787
6911 0.1663
6912 0.4554
6913 0.3057
6914 0.0945
6915 0.1050
6916 0.3531
6917 0.1251
6918 0.0859
6919 0.1038
6920 0.1317
6921 0.2316
6922 0.1469
6923 0.0896
6924 0.1328
6925 0.1745
6926 0.1339
6927 0.2231
6928 0.1322
6929 0.0835
6930 0.0923
6931 0.1846
6932 0.1245
6933 0.1290
6934 0.0976
6935 0.1837
6936 0.3563
6937 0.0796
6938 0.1642
6939 0.1132
6940 0.0883
6941 0.1189
6942 0.0899
6943 0.2301
6944 0.1406
6945 0.1797
6946 0.3546
6947 0.1197
6948 0.0792
6949 0.4880
6950 0.2599
6951 0.0883
6952 0.1456
6953 0.2084
6954 0.0831
6955 0.1057
6956 0.1814
6957 0.3286
6958 0.1260
6959 0.1057
6960 0.1130
6961 0.1003
6962 0.1053
6963 0.1415
6964 0.0979
6965 0.0930
6966 0.1555
6967 0.0833
6968 0.1100
6969 0.0915
6970 0.1347
6971 0.1197
6972 0.0709
6973 0.1837
6974 0.2269
6975 0.0992
6976 0.1117
6977 0.0908
6978 0.2130
6979 0.1393
6980 0.1660
6981 0.1108
6982 0.3879
6983 0.3521
6984 0.1232
6985 0.1388
6986 0.1063
6987 0.1667
6988 0.1114
6989 0.0746
6990 0.1383
6991 0.0756
6992 0.0938
6993 0.2481
6994 0.0904
6995 0.4669
6996 0.0874
6997 0.0952
6998 0.1500
6999 0.3997
7000 0.4017
7001 0.3400
7002 0.1208
7003 0.1037
7004 0.1436
7005 0.1125
7006 0.1096
7007 0.7732
7008 0.6228
7009 0.2654
7010 0.0677
7011 0.1151
7012 0.6541
7013 0.1160
7014 0.1240
7015 0.1431
7016 0.1153
7017 0.4958
7018 0.1279
7019 0.1797
7020 0.0799
7021 0.3310
7022 0.1117
7023 0.0796
7024 0.1025
7025 0.1615
7026 0.1249
7027 0.1079
7028 0.0990
7029 0.0966
7030 0.1296
7031 0.1130
7032 0.0773
7033 0.2792
7034 0.0848
7035 0.5734
7036 0.1176
7037 0.0858
7038 0.1057
7039 0.1997
7040 0.1829
7041 0.1074
7042 0.3249
7043 0.1677
7044 0.0945
7045 0.2713
7046 0.2768
7047 0.0820
7048 0.4681
7049 0.1020
7050 0.1075
7051 0.1047
7052 0.1037
7053 0.1172
7054 0.0825
7055 0.2274
7056 0.1199
7057 0.1642
7058 0.1976
7059 0.1424
7060 0.0972
7061 0.1436
7062 0.1098
7063 0.1377
7064 0.1337
7065 0.0895
7066 0.1171
7067 0.5066
7068 0.3589
7069 0.0688
7070 0.0876
7071 0.1186
7072 0.1116
7073 0.0733
7074 0.2952
7075 0.1166
7076 0.1012
7077 0.1044
7078 0.1116
7079 0.1948
7080 0.1196
7081 0.3302
7082 0.3741
7083 0.1156
7084 0.1094
7085 0.2772
7086 0.0734
7087 0.1404
7088 0.1588
7089 0.1503
7090 0.1130
7091 0.0958
7092 0.0969
7093 0.1814
7094 0.1255
7095 0.0938
7096 0.3161
7097 0.0696
7098 0.1623
7099 0.1429
7100 0.0801
7101 0.1312
7102 0.0777
7103 0.1221
7104 0.0872
7105 0.2376
7106 0.2041
7107 0.3057
7108 0.0815
7109 0.2963
7110 0.0936
7111 0.0903
7112 0.1690
7113 0.1225
7114 0.0845
7115 0.1307
7116 0.1807
7117 0.0900
7118 0.1304
7119 0.1592
7120 0.2276
7121 0.1548
7122 0.1095
7123 0.1201
7124 0.1237
7125 0.0921
7126 0.2110
7127 0.2049
7128 0.1485
7129 0.1234
7130 0.0747
7131 0.0963
7132 0.1019
7133 0.3069
7134 0.5449
7135 0.1377
7136 0.0829
7137 0.2155
7138 0.0978
7139 0.0920
7140 0.1414
7141 0.1801
7142 0.2885
7143 0.0797
7144 0.0717
7145 0.4989
7146 0.0941
7147 0.1426
7148 0.2305
7149 0.2141
7150 0.1611
7151 0.3457
7152 0.2188
7153 0.2462
7154 0.1475
7155 0.2517
7156 0.1168
7157 0.3240
7158 0.2597
7159 0.4880
7160 0.1242
7161 0.0725
7162 0.5054
7163 0.0854
7164 0.0979
7165 0.3786
7166 0.1122
7167 0.3995
7168 0.0842
7169 0.0658
7170 0.3082
7171 0.1292
7172 0.1680
7173 0.1530
7174 0.2480
7175 0.0810
7176 0.0807
7177 0.1097
7178 0.7643
7179 0.1499
7180 0.0952
7181 0.0755
7182 0.2327
7183 0.1051
7184 0.0868
7185 0.1249
7186 0.5511
7187 0.1151
7188 0.2283
7189 0.1037
7190 0.0878
7191 0.1284
7192 0.1846
7193 0.1710
7194 0.0873
7195 0.0874
7196 0.1000
7197 0.0900
7198 0.0798
7199 0.1421
7200 0.1900
7201 0.1964
7202 0.1056
7203 0.1127
7204 0.0653
7205 0.1385
7206 0.1411
7207 0.1375
7208 0.2121
7209 0.1932
7210 0.0766
7211 0.1726
7212 0.3958
7213 0.1811
7214 0.4267
7215 0.6211
7216 0.1004
7217 0.1058
7218 0.2590
7219 0.2518
7220 0.0845
7221 0.3000
7222 0.2957
7223 0.1944
7224 0.1196
7225 0.5808
7226 0.1038
7227 0.1046
7228 0.1756
7229 0.1100
7230 0.1275
7231 0.0976
7232 0.1665
7233 0.1259
7234 0.2434
7235 0.0797
7236 0.7584
7237 0.0878
7238 0.2485
7239 0.0872
7240 0.0793
7241 0.0678
7242 0.0772
7243 0.3691
7244 0.0681
7245 0.0829
7246 0.0692
7247 0.4540
7248 0.2618
7249 0.1129
7250 0.5385
7251 0.1681
7252 0.0861
7253 0.2410
7254 0.1174
7255 0.1392
7256 0.1498
7257 0.1298
7258 0.1026
7259 0.1539
7260 0.1132
7261 0.1060
7262 0.0711
7263 0.3313
7264 0.1222
7265 0.1088
7266 0.2118
7267 0.0798
7268 0.1208
7269 0.2371
7270 0.1427
7271 0.1009
7272 0.1411
7273 0.5653
7274 0.3224
7275 0.2546
7276 0.1136
7277 0.1445
7278 0.4262
7279 0.3824
7280 0.1186
7281 0.0839
7282 0.0780
7283 0.2815
7284 0.3295
7285 0.0833
7286 0.1091
7287 0.0818
7288 0.1248
7289 0.2221
7290 0.2175
7291 0.2207
7292 0.1833
7293 0.4077
7294 0.3080
7295 0.0881
7296 0.0966
7297 0.0983
7298 0.4202
7299 0.0722
7300 0.1063
7301 0.1816
7302 0.1927
7303 0.4312
7304 0.2076
7305 0.1974
7306 0.1849
7307 0.1455
7308 0.4683
7309 0.0872
7310 0.3833
7311 0.0945
7312 0.0896
7313 0.1447
7314 0.2308
7315 0.0976
7316 0.1314
7317 0.2273
7318 0.1356
7319 0.1121
7320 0.1264
7321 0.0951
7322 0.1170
7323 0.1432
7324 0.1026
7325 0.0960
7326 0.2026
7327 0.1074
7328 0.1133
7329 0.2912
7330 0.1021
7331 0.3905
7332 0.1041
7333 0.3010
7334 0.0915
7335 0.1182
7336 0.0668
7337 0.1241
7338 0.1715
7339 0.2436
7340 0.0814
7341 0.0833
7342 0.1627
7343 0.1114
7344 0.0755
7345 0.1159
7346 0.3105
7347 0.1304
7348 0.4384
7349 0.1102
7350 0.1101
7351 0.0990
7352 0.0736
7353 0.0990
7354 0.1243
7355 0.0911
7356 0.1089
7357 0.2951
7358 0.0978
7359 0.2105
7360 0.0735
7361 0.0849
7362 0.5725
7363 0.1442
7364 0.1021
7365 0.1275
7366 0.1487
7367 0.0659
7368 0.0834
7369 0.1926
7370 0.0839
7371 0.0744
7372 0.0972
7373 0.3291
7374 0.1303
7375 0.1079
7376 0.1288
7377 0.1523
7378 0.1307
7379 0.0929
7380 0.1162
7381 0.0836
7382 0.0741
7383 0.0896
7384 0.1126
7385 0.1581
7386 0.1132
7387 0.1409
7388 0.1248
7389 0.0705
7390 0.1028
7391 0.0744
7392 0.0923
7393 0.0982
7394 0.0889
7395 0.0931
7396 0.0922
7397 0.0717
7398 0.1069
7399 0.0739
7400 0.1312
7401 0.1434
7402 0.1190
7403 0.0920
7404 0.0966
7405 0.3113
7406 0.1215
7407 0.1108
7408 0.2109
7409 0.0880
7410 0.4646
7411 0.3239
7412 0.4939
7413 0.1249
7414 0.1455
7415 0.3028
7416 0.1547
7417 0.2104
7418 0.1417
7419 0.0855
7420 0.1148
7421 0.1164
7422 0.2356
7423 0.0805
7424 0.1357
7425 0.0819
7426 0.2790
7427 0.1397
7428 0.1303
7429 0.1142
7430 0.1078
7431 0.0888
7432 0.1098
7433 0.2086
7434 0.0799
7435 0.1553
7436 1.2492
7437 0.1493
7438 0.5654
7439 0.0804
7440 0.2616
7441 0.3401
7442 0.1329
7443 0.1053
7444 0.2128
7445 0.0741
7446 0.1714
7447 0.2091
7448 0.1809
7449 0.0756
7450 0.3677
7451 0.5125
7452 0.4509
7453 0.1615
7454 0.0971
7455 0.1494
7456 0.2401
7457 0.0698
7458 0.3648
7459 0.1294
7460 0.1144
7461 0.2950
7462 0.3754
7463 0.0952
7464 0.0710
7465 0.0865
7466 0.0871
7467 0.0950
7468 0.2991
7469 0.4520
7470 0.2591
7471 0.0765
7472 0.0944
7473 0.0733
7474 0.5784
7475 0.0884
7476 0.2424
7477 0.3465
7478 0.1006
7479 0.5154
7480 0.5358
7481 0.0820
7482 0.1852
7483 0.1152
7484 0.1704
7485 0.0802
7486 0.1198
7487 0.4501
7488 0.0847
7489 0.0981
7490 0.6599
7491 0.0759
7492 0.6104
7493 0.1208
7494 0.0754
7495 0.1639
7496 0.1591
7497 0.0704
7498 0.1715
7499 0.4479
7500 0.0948
