5001 1.1083
5002 0.1405
5003 0.6180
5004 0.8333
5005 0.1227
5006 0.2506
5007 0.5674
5008 0.3514
5009 0.4028
5010 0.7820
5011 0.4332
5012 0.4580
5013 0.4102
5014 0.7921
5015 1.8722
5016 3.7488
5017 0.6274
5018 3.3929
5019 0.4377
5020 1.9507
5021 0.6724
5022 0.8844
5023 0.5569
5024 0.1619
5025 0.3381
5026 0.2914
5027 0.3050
5028 5.1736
5029 0.9998
5030 2.5404
5031 0.1231
5032 0.3469
5033 1.1506
5034 1.7814
5035 6.9590
5036 21.0209
5037 0.5105
5038 0.8226
5039 0.4980
5040 0.5609
5041 2.7966
5042 0.0760
5043 0.4284
5044 0.7327
5045 0.5906
5046 0.8843
5047 0.3161
5048 0.4011
5049 3.3133
5050 0.9210
5051 2.1435
5052 8.8478
5053 0.2748
5054 3.7564
5055 0.1342
5056 0.3607
5057 1.2457
5058 0.4463
5059 1.2923
5060 0.0718
5061 0.3613
5062 1.0945
5063 0.0924
5064 1.3038
5065 0.3314
5066 0.3641
5067 0.3639
5068 0.5573
5069 0.2373
5070 0.1376
5071 0.7557
5072 0.3708
5073 1.7340
5074 0.4271
5075 1.8951
5076 0.3989
5077 0.9836
5078 0.8699
5079 0.4359
5080 2.2248
5081 0.7164
5082 2.5915
5083 1.4190
5084 0.6922
5085 2.2509
5086 1.0123
5087 0.2098
5088 1.7551
5089 0.7825
5090 0.6441
5091 3.4436
5092 0.1197
5093 0.4921
5094 3.5200
5095 1.9102
5096 0.3325
5097 0.4229
5098 2.6084
5099 3.9763
5100 0.3223
5101 0.1184
5102 0.1476
5103 0.6802
5104 1.2395
5105 0.8018
5106 1.1442
5107 0.8823
5108 0.3749
5109 0.1376
5110 0.6127
5111 0.1499
5112 0.0800
5113 0.1189
5114 0.6547
5115 1.0954
5116 0.1913
5117 1.6007
5118 0.6823
5119 0.2455
5120 0.3968
5121 0.4142
5122 0.8964
5123 0.4186
5124 2.1948
5125 11.0378
5126 1.1101
5127 1.1635
5128 0.5667
5129 1.0189
5130 2.3513
5131 0.1882
5132 0.4391
5133 0.1101
5134 0.3410
5135 0.2295
5136 0.2758
5137 0.9139
5138 0.9879
5139 0.4747
5140 2.3306
5141 2.9892
5142 0.2045
5143 2.0293
5144 0.6259
5145 2.1176
5146 3.2769
5147 5.9364
5148 2.3981
5149 0.1372
5150 3.0914
5151 0.1291
5152 0.4629
5153 2.5249
5154 1.4767
5155 0.7796
5156 2.0578
5157 0.8259
5158 0.3323
5159 0.8197
5160 0.7725
5161 0.5688
5162 0.5045
5163 0.1664
5164 0.5651
5165 1.3430
5166 2.6308
5167 0.7743
5168 1.4754
5169 0.5109
5170 0.4783
5171 1.4766
5172 0.8398
5173 1.3917
5174 0.5305
5175 0.2066
5176 0.3420
5177 0.4813
5178 0.2687
5179 0.8754
5180 0.3698
5181 1.8660
5182 2.5933
5183 0.3759
5184 0.3650
5185 3.2328
5186 1.7279
5187 1.9710
5188 1.0920
5189 0.5354
5190 11.6714
5191 0.2973
5192 0.4082
5193 11.0722
5194 0.3831
5195 2.1002
5196 0.2384
5197 0.2554
5198 3.3351
5199 0.8751
5200 0.7463
5201 0.5237
5202 2.3917
5203 0.2027
5204 0.5086
5205 0.5670
5206 0.1787
5207 1.0301
5208 2.5048
5209 0.4115
5210 0.3920
5211 1.0256
5212 0.4255
5213 0.8598
5214 1.9691
5215 0.8765
5216 0.1384
5217 0.2516
5218 3.6579
5219 0.2061
5220 1.0181
5221 0.9111
5222 0.4124
5223 1.6401
5224 1.0935
5225 2.2519
5226 1.4623
5227 1.0577
5228 0.1627
5229 7.4515
5230 0.3301
5231 2.1854
5232 0.9103
5233 0.1365
5234 0.3712
5235 2.3107
5236 2.1237
5237 0.2582
5238 0.3174
5239 0.4259
5240 0.4477
5241 0.7400
5242 0.2131
5243 2.7475
5244 0.2051
5245 1.1300
5246 0.8311
5247 0.9946
5248 0.5924
5249 0.4187
5250 0.1738
5251 0.1001
5252 0.1233
5253 9.3221
5254 0.8123
5255 1.2269
5256 3.5715
5257 0.1571
5258 3.0104
5259 0.5187
5260 0.1710
5261 3.3802
5262 0.4476
5263 1.7370
5264 0.1396
5265 0.9249
5266 0.6079
5267 2.3321
5268 2.7393
5269 2.5031
5270 0.3016
5271 2.7054
5272 0.6885
5273 0.4000
5274 1.5324
5275 0.1747
5276 0.7609
5277 0.4063
5278 0.4673
5279 1.5736
5280 0.2233
5281 2.3646
5282 1.2102
5283 0.4950
5284 0.4366
5285 0.6743
5286 0.4135
5287 5.2549
5288 0.3332
5289 0.7432
5290 3.2547
5291 1.0507
5292 0.6147
5293 0.7561
5294 1.0839
5295 0.8643
5296 1.0981
5297 0.3296
5298 1.1654
5299 2.4041
5300 0.1754
5301 0.1104
5302 0.6021
5303 0.6852
5304 0.3807
5305 0.2873
5306 0.5937
5307 1.9550
5308 3.2167
5309 0.7258
5310 1.5540
5311 0.3788
5312 0.4849
5313 1.2719
5314 0.2930
5315 1.5771
5316 0.6111
5317 0.4833
5318 0.8854
5319 0.7585
5320 0.2516
5321 0.2967
5322 0.3809
5323 5.2520
5324   NaN
5325 2.5491
5326 1.0993
5327 1.0588
5328 0.0796
5329 0.3615
5330 0.7180
5331 2.4885
5332 0.3705
5333 1.5722
5334 0.6505
5335 0.6130
5336 19.4903
5337 0.5370
5338 0.4168
5339 0.4107
5340 0.1809
5341 7.7481
5342 0.7160
5343 0.4813
5344 0.3034
5345 0.7548
5346 1.3676
5347 1.9278
5348 0.3508
5349 1.0328
5350 0.9771
5351 0.4483
5352 0.8130
5353 0.6881
5354 0.0972
5355 0.9174
5356 0.5419
5357 0.4426
5358 6.6282
5359 0.6235
5360 1.4185
5361 0.8913
5362 1.2972
5363 0.7689
5364 0.5819
5365 1.2800
5366 1.3223
5367 0.3020
5368 0.8840
5369 0.4911
5370 1.3711
5371 0.7718
5372 0.3259
5373 0.4926
5374 10.9282
5375 0.3330
5376 0.1568
5377 4.5448
5378 0.8639
5379 0.6163
5380 0.8118
5381 3.0737
5382 0.5944
5383 0.7856
5384 0.6341
5385 0.1501
5386 0.8661
5387 0.8590
5388 6.2252
5389 0.4206
5390 0.7903
5391 0.4166
5392 0.1551
5393 0.1792
5394 1.1458
5395 0.3154
5396 0.3892
5397 2.6845
5398 0.4325
5399 0.9128
5400 1.0322
5401 0.2731
5402 0.1276
5403 0.3848
5404 0.7024
5405 0.4048
5406 0.3794
5407 0.5523
5408 0.4436
5409 0.2391
5410 0.2048
5411 4.9461
5412 0.3826
5413 0.1286
5414 0.7790
5415 1.0315
5416 0.7372
5417 0.6044
5418 0.4020
5419 0.8270
5420 1.0879
5421 3.2056
5422 0.5743
5423 0.8287
5424 0.3188
5425 0.5746
5426 1.1086
5427 0.1721
5428 1.2797
5429 0.2286
5430 0.7580
5431 2.9105
5432 0.0782
5433 0.4327
5434 0.7328
5435 0.5639
5436 0.7351
5437 1.8112
5438 0.4577
5439 1.5012
5440 0.9520
5441 0.4494
5442 0.8148
5443 0.2896
5444 0.2102
5445 0.2235
5446 0.7444
5447 0.4105
5448 1.2835
5449 0.9126
5450 1.2343
5451 0.2634
5452 2.0082
5453 0.8930
5454 0.2378
5455 1.2390
5456 0.4076
5457 1.2149
5458 0.8430
5459 0.5302
5460 0.8257
5461 0.3731
5462 0.6586
5463 1.5760
5464 1.2501
5465 0.5048
5466 0.1095
5467 1.8738
5468 0.9779
5469 1.2720
5470 1.9519
5471 2.7499
5472 1.1131
5473 0.6739
5474 0.9028
5475 0.4911
5476 1.6001
5477 2.6154
5478 0.2793
5479 0.6428
5480 0.2833
5481 1.0794
5482 0.2418
5483 1.6269
5484 2.3053
5485 0.8458
5486 1.2830
5487 0.6924
5488 1.3171
5489 0.6321
5490 0.4258
5491 0.7078
5492 0.1230
5493 2.2913
5494 0.2665
5495 0.2841
5496 1.0188
5497 1.9254
5498 2.2767
5499 0.1219
5500 2.1221
5501 1.9534
5502 0.3817
5503 0.3499
5504 3.2514
5505 0.4590
5506 0.2607
5507 1.9612
5508 0.2355
5509 0.1308
5510 0.3812
5511 0.1344
5512 0.4853
5513 0.6357
5514 14.4279
5515 0.1778
5516 6.3405
5517 0.7249
5518 0.3796
5519 8.6867
5520 0.9894
5521 0.4789
5522 0.3098
5523 0.2168
5524 2.2153
5525 0.2832
5526 1.8765
5527 1.9935
5528 0.2381
5529 0.2966
5530 1.3395
5531 0.4335
5532 2.6856
5533 0.3906
5534 0.3605
5535 0.1355
5536 0.5258
5537 0.4279
5538 0.3065
5539 1.7737
5540 3.3545
5541 2.3756
5542 0.7864
5543 1.0891
5544 0.1643
5545 0.3090
5546 1.1962
5547 2.1713
5548 0.5484
5549 1.3203
5550 2.5077
5551 1.0300
5552 0.1550
5553 0.7814
5554 0.3094
5555 0.4124
5556 0.3971
5557 1.6005
5558 1.2907
5559 0.1866
5560 0.1563
5561 0.2903
5562 0.6468
5563 1.7675
5564 1.0159
5565 0.1567
5566 0.1230
5567 0.0806
5568 1.6730
5569 0.3613
5570 0.4330
5571 1.8295
5572 0.7867
5573 4.6628
5574 0.3954
5575 0.6275
5576 0.5867
5577 0.9591
5578 1.4406
5579 0.4004
5580 0.3010
5581 1.9445
5582 1.6967
5583 0.3409
5584 0.8654
5585 0.5905
5586 0.5353
5587 2.5915
5588 0.2190
5589 0.2797
5590 0.8351
5591 0.8736
5592 0.2368
5593 2.5551
5594 0.6184
5595 2.1753
5596 2.5216
5597 0.9140
5598 1.6389
5599 0.4973
5600 1.3422
5601 0.4257
5602 0.9254
5603 1.4163
5604 2.3897
5605 2.0083
5606 0.9424
5607 0.4580
5608 0.1190
5609 0.5248
5610 0.2598
5611 0.7571
5612 0.2648
5613 1.6907
5614 0.4364
5615 1.7305
5616 0.6102
5617 0.5250
5618 0.5593
5619 0.3789
5620 1.4427
5621 0.2379
5622 3.6131
5623 2.2283
5624 2.6004
5625 0.6310
5626 0.9249
5627 0.4724
5628 0.0935
5629 1.1302
5630 0.4118
5631 0.5287
5632 0.4934
5633 0.5020
5634 6.1678
5635 0.3039
5636 0.3386
5637 0.5200
5638 1.4700
5639 0.4594
5640 0.7069
5641 1.1144
5642 3.0389
5643 0.9181
5644 0.3551
5645 3.2902
5646 2.6440
5647 0.1186
5648 0.4248
5649 0.2342
5650 1.5652
5651 4.2559
5652 0.6326
5653 1.4468
5654 7.8926
5655 0.2948
5656 0.6408
5657 0.5116
5658 1.0005
5659 1.1173
5660 0.4693
5661 0.3139
5662 2.2785
5663 0.3960
5664 0.4356
5665 0.8309
5666 0.2035
5667 1.4713
5668 0.8328
5669 0.4480
5670 2.6692
5671 1.4971
5672 2.1507
5673 1.5930
5674 0.3371
5675 0.3942
5676 0.2897
5677 0.8207
5678 2.7513
5679 3.6957
5680 0.2230
5681 0.8549
5682 0.1159
5683 0.4377
5684 1.2465
5685 0.1523
5686 0.6627
5687 0.3359
5688 3.2468
5689 0.6685
5690 0.6386
5691 0.1562
5692 0.3638
5693 1.2584
5694 0.8511
5695 0.4416
5696 0.8003
5697 0.1554
5698 0.3235
5699 1.0376
5700 1.5303
5701 0.3142
5702 1.2550
5703 1.8702
5704 0.3203
5705 6.0928
5706 1.8918
5707 0.7224
5708 0.4752
5709 0.8260
5710 1.5059
5711 0.5889
5712 3.8243
5713 5.4371
5714 2.8111
5715 1.0207
5716 8.5706
5717 0.3304
5718 0.2368
5719 8.0898
5720 3.0193
5721 0.5720
5722 1.7493
5723 1.1794
5724 0.3894
5725 1.8631
5726 5.4158
5727 1.4650
5728 6.6352
5729 0.6880
5730 0.4731
5731 0.2407
5732 2.1279
5733 0.9072
5734 1.3697
5735 0.3716
5736 1.0336
5737 0.8739
5738 0.4108
5739 0.2547
5740 16.1921
5741 0.2191
5742 0.1553
5743 0.3166
5744 0.8171
5745 0.3052
5746 0.4490
5747 0.8808
5748 1.1798
5749 0.2552
5750 1.4381
5751 0.8943
5752 1.4258
5753 0.6911
5754 0.1941
5755 0.7664
5756 0.4120
5757 0.3100
5758 0.8287
5759 2.4769
5760 0.4403
5761 0.4868
5762 0.1235
5763 12.5183
5764 1.0331
5765 0.5375
5766 0.4320
5767 1.0359
5768 1.2439
5769 1.5024
5770 2.1115
5771 0.8989
5772 0.2543
5773 3.5563
5774 0.3159
5775 0.5398
5776 0.4082
5777 0.6567
5778 2.3705
5779 2.0553
5780 1.1757
5781 1.6468
5782 1.8678
5783 0.3990
5784 0.3439
5785 0.4603
5786 1.1268
5787 0.6950
5788 3.6794
5789 0.3981
5790 0.8539
5791 0.8602
5792 0.5155
5793 0.4530
5794 0.5887
5795 0.2194
5796 1.4896
5797 10.3340
5798 0.4063
5799 1.0481
5800 0.1473
5801 5.5210
5802 0.6041
5803 6.2994
5804 1.3527
5805 1.4666
5806 0.3088
5807 1.0488
5808 0.1286
5809 0.0999
5810 1.0089
5811 2.3284
5812 3.7970
5813 0.2946
5814 0.2597
5815 10.9271
5816 0.4924
5817 0.4273
5818 1.0139
5819 0.3032
5820 0.3860
5821 0.6309
5822 13.1771
5823 0.3924
5824 6.5208
5825 0.2074
5826 0.5991
5827 0.6402
5828 0.1361
5829 1.3828
5830 0.2297
5831 0.3768
5832 0.3268
5833 0.3775
5834 0.2236
5835 0.8209
5836 0.3880
5837 0.7233
5838 0.4194
5839 0.2151
5840 0.3725
5841 2.4877
5842 1.0067
5843 3.4182
5844 0.7675
5845 0.2017
5846 1.0617
5847 1.7066
5848 0.5641
5849 0.2655
5850 0.3117
5851 0.3983
5852 1.5884
5853 0.6412
5854 4.2782
5855 0.3890
5856 0.2829
5857 6.2095
5858 7.5133
5859 0.2582
5860 0.4123
5861 0.4089
5862 0.0747
5863 0.9181
5864 0.0796
5865 0.9175
5866 0.2272
5867 0.3594
5868 0.0943
5869 3.4899
5870 1.4572
5871 0.3519
5872 4.0695
5873 1.1801
5874 1.8304
5875 0.3405
5876 0.7447
5877 0.4618
5878 0.4156
5879 0.8909
5880 0.3059
5881 0.9869
5882 0.1607
5883 0.4245
5884 0.2997
5885 0.7142
5886 2.7267
5887 0.5508
5888 2.4773
5889 0.1749
5890 0.2028
5891 0.8196
5892 2.1053
5893 0.8226
5894 2.7161
5895 3.4333
5896 0.2537
5897 0.5317
5898 0.2023
5899 0.4121
5900 0.1047
5901 1.3346
5902 0.5876
5903 0.2432
5904 0.4555
5905 0.4418
5906 0.2273
5907 1.2924
5908 0.6477
5909 0.5912
5910 2.6239
5911 1.8603
5912 1.1951
5913 2.2269
5914 1.1498
5915 1.8133
5916 0.3521
5917 0.3587
5918 0.3755
5919 0.1342
5920 0.3432
5921 3.3070
5922 0.9242
5923 0.8810
5924 3.0645
5925 1.1972
5926 0.6014
5927 0.6126
5928 0.7721
5929 0.5088
5930 0.4816
5931 0.5329
5932 0.6673
5933 0.3163
5934 0.4812
5935 0.3172
5936 0.6961
5937 0.4278
5938 5.4000
5939 0.4090
5940 0.5754
5941 2.1694
5942 0.5325
5943 2.0988
5944 0.2258
5945 1.5153
5946 0.4634
5947 14.6296
5948 0.4399
5949 2.9352
5950 0.2611
5951 1.7075
5952 0.1486
5953 10.4968
5954 1.7720
5955 0.2993
5956 0.9037
5957 0.1542
5958 1.6307
5959 0.0966
5960 1.0597
5961 0.3439
5962 1.6650
5963 2.0320
5964 5.1855
5965 2.3624
5966 1.3268
5967 0.4473
5968 0.6004
5969 0.4391
5970 0.1092
5971 4.2428
5972 0.3128
5973 1.5572
5974 0.3426
5975 0.2943
5976 0.9874
5977 1.2254
5978 0.3074
5979 0.4694
5980 0.5515
5981 0.3450
5982 0.1806
5983 0.5534
5984 1.3189
5985 0.1156
5986 1.0184
5987 0.8770
5988 0.9439
5989 0.4214
5990 0.3923
5991 0.7795
5992 0.7636
5993 0.8173
5994 0.2948
5995 3.1199
5996 5.9516
5997 0.5550
5998 2.1252
5999 0.3754
6000 1.4219
6001 3.1714
6002 0.9996
6003 0.2517
6004 1.3295
6005 1.1893
6006 0.5813
6007 0.7775
6008 1.0838
6009 0.5233
6010 1.6524
6011 1.4962
6012 1.4190
6013 0.3122
6014 0.1467
6015 1.5903
6016 1.5014
6017 0.1291
6018 1.8490
6019 0.0899
6020 0.5100
6021 1.6574
6022 1.0081
6023 1.0951
6024 0.6069
6025 6.4096
6026 1.2737
6027 0.1463
6028 0.3865
6029 0.3777
6030 0.6770
6031 3.5337
6032 3.6997
6033 1.1280
6034 0.3996
6035 3.2308
6036 0.8783
6037 0.3916
6038 0.2565
6039 0.4927
6040 1.2660
6041 1.3878
6042 0.1139
6043 0.4635
6044 0.5191
6045 0.4197
6046 0.1766
6047 0.2596
6048 3.0417
6049 2.2723
6050 0.0713
6051 0.2983
6052 10.9436
6053 3.9330
6054 0.6277
6055 0.2317
6056 0.2702
6057 13.3973
6058 0.7279
6059 1.0681
6060 0.3515
6061 0.2511
6062 0.1580
6063 0.4401
6064 0.2852
6065 0.3611
6066 1.6400
6067 1.0978
6068 3.2315
6069 0.6721
6070 0.6846
6071 0.5391
6072 1.1004
6073 0.8621
6074 0.3198
6075 1.9792
6076 2.1796
6077 0.5545
6078 0.6514
6079 0.5647
6080 0.2469
6081 0.3263
6082 2.0054
6083 0.2697
6084 0.7090
6085 0.4014
6086 0.7859
6087 0.8122
6088 2.0353
6089 0.4242
6090 1.1815
6091 0.3197
6092 1.8733
6093 0.6790
6094 0.4582
6095 0.3200
6096 2.4344
6097 0.3682
6098 0.3459
6099 0.4396
6100 0.9455
6101 0.5432
6102 0.9027
6103 7.0755
6104 0.5837
6105 0.7932
6106 0.1079
6107 0.3898
6108 0.3285
6109 2.1965
6110 0.8264
6111 0.2247
6112 0.6899
6113 3.1978
6114 0.4322
6115 0.4646
6116 1.1562
6117 1.7503
6118 0.4152
6119 0.2372
6120 3.2330
6121 0.1615
6122 0.8210
6123 0.1676
6124 4.2970
6125 3.6620
6126 0.3693
6127 0.6378
6128 1.0951
6129 0.8378
6130 0.4541
6131 0.3426
6132 0.2974
6133 3.9351
6134 1.0145
6135 0.4376
6136 8.1819
6137 1.4410
6138 3.6517
6139 0.4145
6140 6.5615
6141 0.5496
6142 0.1102
6143 1.2462
6144 0.2680
6145 0.5117
6146 0.4129
6147 0.3665
6148 1.8691
6149 1.1500
6150 1.4293
6151 0.2410
6152 0.6923
6153 0.6712
6154 4.3582
6155 2.1156
6156 0.1453
6157 8.8630
6158 1.8108
6159 1.0215
6160 0.5074
6161 0.5095
6162 0.4296
6163 1.0552
6164 1.2345
6165 0.4567
6166 1.3728
6167 1.3684
6168 2.3749
6169 0.3309
6170 0.9129
6171 0.4549
6172 1.9868
6173 0.5540
6174 1.0227
6175 0.8948
6176 1.2178
6177 0.5134
6178 0.5629
6179 0.8646
6180 0.5943
6181 0.1673
6182 0.3630
6183 0.3702
6184 0.6077
6185 2.6057
6186 1.3245
6187 0.5111
6188 4.4311
6189 3.1728
6190 0.8997
6191 2.2229
6192 0.5092
6193 0.5773
6194 0.5867
6195 0.4650
6196 5.8003
6197 1.2534
6198 0.2771
6199 0.8512
6200 1.6933
6201 0.8338
6202 0.7537
6203 0.2346
6204 0.3516
6205 1.9424
6206 2.3779
6207 0.2947
6208 0.5397
6209 0.1234
6210 0.6887
6211 0.7382
6212 0.9219
6213 0.4304
6214 0.4619
6215 2.7062
6216 1.5945
6217 9.9764
6218 0.3593
6219 0.1580
6220 0.6248
6221 0.7177
6222 2.3771
6223 0.5399
6224 0.7821
6225 1.3172
6226 0.3087
6227 0.3291
6228 0.8019
6229 0.4014
6230 2.0358
6231 0.3452
6232 6.8967
6233 0.2590
6234 0.3279
6235 0.3979
6236 1.9997
6237 0.3261
6238 2.6021
6239 0.8814
6240 0.5145
6241 0.2760
6242 0.7762
6243 1.7494
6244 2.3849
6245 0.6202
6246 0.2761
6247 0.1391
6248 2.6407
6249 1.0442
6250 0.2532
6251 1.1041
6252 0.3986
6253 4.7637
6254 0.1447
6255 1.0539
6256 0.7275
6257 0.9274
6258 3.0347
6259 1.2479
6260 0.4246
6261 7.5632
6262 0.2870
6263 0.3087
6264 1.1029
6265 0.1010
6266 0.4827
6267 0.1525
6268 1.6848
6269 0.1337
6270 0.8049
6271 0.4753
6272 0.2847
6273 1.8734
6274 3.1081
6275 5.4747
6276 0.9289
6277 8.6260
6278 0.9620
6279 0.1383
6280 2.1997
6281 0.8233
6282 0.7327
6283 7.7028
6284 0.2996
6285 0.1290
6286 0.0726
6287 0.7949
6288 0.4452
6289 0.1145
6290 0.1868
6291 0.3843
6292 0.6106
6293 4.0473
6294 0.3817
6295 2.6555
6296 0.0951
6297 1.1320
6298 0.3693
6299 0.4040
6300 0.3069
6301 0.2050
6302 3.0134
6303 0.6055
6304 1.0008
6305 0.5303
6306 0.0973
6307 0.2763
6308 0.7938
6309 0.4039
6310 0.4298
6311 0.8492
6312 2.5193
6313 0.7304
6314 0.4676
6315 0.7020
6316 0.3076
6317 0.3734
6318 0.9914
6319 0.5680
6320 0.4527
6321 1.4752
6322 0.2454
6323 2.3759
6324 3.0272
6325 0.7954
6326 1.0093
6327 0.5663
6328 0.7987
6329 5.3039
6330 2.5803
6331 0.8992
6332 0.2655
6333 1.9103
6334 2.0374
6335 1.0025
6336 0.9103
6337 0.4405
6338 1.1333
6339 0.3176
6340 0.9619
6341 0.3373
6342 1.0112
6343 1.3080
6344 0.4945
6345 2.3990
6346 0.4073
6347 1.0665
6348 2.6601
6349 0.3139
6350 4.0219
6351 1.2418
6352 3.0733
6353 0.3537
6354 0.1311
6355 0.5162
6356 0.7869
6357 7.5271
6358 1.4930
6359 1.1777
6360 0.2763
6361 13.4997
6362 0.6756
6363 0.3626
6364 2.3048
6365 0.2589
6366 6.7301
6367 1.0176
6368 1.0031
6369 0.8228
6370 0.1745
6371 0.3772
6372 0.5104
6373 0.9751
6374 1.2533
6375 2.0621
6376 1.0321
6377 0.1107
6378 3.0557
6379 0.1942
6380 1.0529
6381 1.7358
6382 3.6459
6383 0.9126
6384 2.7388
6385 0.1665
6386 0.4922
6387 0.0998
6388 0.3822
6389 0.4359
6390 6.7073
6391 1.4684
6392 8.4019
6393 1.1584
6394 1.3808
6395 0.6935
6396 1.1218
6397 1.5352
6398 0.6657
6399 0.8339
6400 0.1944
6401 0.5227
6402 0.0811
6403 0.3580
6404 0.7129
6405 0.4496
6406 0.1354
6407 0.3479
6408 0.3880
6409 0.5902
6410 0.5291
6411 0.3323
6412 0.1338
6413 0.1743
6414 1.5500
6415 1.4450
6416 0.3872
6417 0.3025
6418 0.7007
6419 2.4322
6420 1.5346
6421 0.4177
6422 0.4446
6423 0.8048
6424 0.3720
6425 0.7667
6426 0.3023
6427 0.4501
6428 0.8635
6429 0.2331
6430 0.2651
6431 0.3214
6432 0.9067
6433 2.1919
6434 2.0870
6435 0.3904
6436 0.1086
6437 0.7112
6438 0.3463
6439 3.7108
6440 0.2439
6441 0.3875
6442 0.9106
6443 0.2708
6444 2.3453
6445 0.2159
6446 1.4207
6447 0.6425
6448 0.4094
6449 0.6422
6450 1.2490
6451 1.3939
6452 0.6372
6453 0.6921
6454 0.2601
6455 0.9144
6456 0.9111
6457 1.1840
6458 0.8865
6459 0.2921
6460 1.3778
6461 0.2459
6462 0.1334
6463 4.0369
6464 0.1903
6465 1.2728
6466 0.5607
6467 1.2666
6468 9.1497
6469 2.1149
6470 1.1859
6471 0.6134
6472 2.6772
6473 0.7755
6474 3.4704
6475 0.1474
6476 3.5195
6477 0.6042
6478 0.1199
6479 1.0970
6480 2.6841
6481 0.2726
6482 0.4593
6483 2.3147
6484 0.6500
6485 3.2541
6486 1.3694
6487 0.9725
6488 4.7452
6489 0.6274
6490 0.3507
6491 0.2878
6492 1.2089
6493 1.6593
6494 3.3849
6495 1.1299
6496 1.5533
6497 3.1554
6498 0.8320
6499 0.3222
6500 0.4038
6501 2.2536
6502 0.5180
6503 2.9000
6504 0.3884
6505 0.5093
6506 0.7814
6507 0.9429
6508 0.3170
6509 0.3809
6510 10.0626
6511 0.7705
6512 0.1580
6513 0.8104
6514 2.8452
6515 0.6433
6516 1.0032
6517 0.4350
6518 0.4609
6519 0.1530
6520 0.2725
6521 0.4910
6522 0.2388
6523 0.5518
6524 1.9754
6525 0.3081
6526 0.5072
6527 1.1346
6528 0.7366
6529 1.8964
6530 0.4053
6531 1.2016
6532 1.0532
6533 1.6321
6534 0.7112
6535 0.2462
6536 1.2106
6537 0.2299
6538 2.6359
6539 1.2317
6540 0.1623
6541 0.2306
6542 1.1545
6543 1.6029
6544 0.5792
6545 8.7623
6546 0.7951
6547 4.5676
6548 0.8131
6549 0.3211
6550 0.3981
6551 4.4763
6552 0.9578
6553 2.1229
6554 1.5286
6555 0.6838
6556 0.1298
6557 2.0559
6558 0.6135
6559 0.1044
6560 1.7851
6561 0.8047
6562 6.7747
6563 2.4676
6564 0.4063
6565 0.4025
6566 4.7939
6567 1.1740
6568 0.7419
6569 0.7628
6570 0.5699
6571 2.5370
6572 0.0949
6573 2.4688
6574 1.0803
6575 3.9115
6576 1.3956
6577 1.0526
6578 0.4234
6579 0.4536
6580 0.3501
6581 0.8274
6582 1.8510
6583 1.0969
6584 0.6900
6585 0.2548
6586 0.4055
6587 0.0863
6588 0.3234
6589 3.1901
6590 0.4907
6591 0.2453
6592 0.5812
6593 0.1509
6594 0.3704
6595 8.5157
6596 0.5802
6597 0.8483
6598 0.8267
6599 1.2080
6600 1.9271
6601 1.0316
6602 1.1536
6603 0.3862
6604 0.2528
6605 0.8915
6606 0.2792
6607 0.3358
6608 0.2928
6609 1.3559
6610 0.3148
6611 4.1070
6612 0.5197
6613 1.1571
6614 1.4534
6615 1.3025
6616 2.0160
6617 1.4847
6618 1.0898
6619 0.7280
6620 0.1989
6621 0.5044
6622 1.2756
6623 3.8025
6624 0.0853
6625 0.5763
6626 1.9424
6627 0.5201
6628 0.7371
6629 0.4755
6630 5.9062
6631 0.6925
6632 0.5957
6633 1.5840
6634 3.4731
6635 0.3656
6636 0.8590
6637 1.0645
6638 0.5435
6639 2.3831
6640 0.2207
6641 0.6018
6642 3.0281
6643 0.9586
6644 1.9428
6645 1.0075
6646 1.1184
6647 0.4631
6648 2.0810
6649 1.2815
6650 0.3988
6651 3.3333
6652   NaN
6653 2.9855
6654 0.3145
6655 0.3468
6656 2.1463
6657 1.6411
6658 3.8871
6659 4.4299
6660 0.0901
6661 2.7525
6662 2.6008
6663 1.2850
6664 0.3897
6665 0.7610
6666 0.4658
6667 0.4799
6668 0.1720
6669 0.9129
6670 1.0422
6671 0.4888
6672 0.0956
6673 0.2686
6674 2.4091
6675 0.2459
6676 0.3559
6677 2.1610
6678 0.1472
6679 0.3463
6680 5.8540
6681 0.9266
6682 2.2723
6683 2.0379
6684 0.9583
6685 0.3260
6686 0.6262
6687 1.1367
6688 1.4792
6689 4.3797
6690 0.2872
6691 2.6396
6692 6.0878
6693 0.5427
6694 0.3863
6695 0.1087
6696 0.4002
6697 0.2507
6698 0.4003
6699 0.3082
6700 2.1944
6701 0.7537
6702 0.5477
6703 1.7820
6704 0.1892
6705 0.2968
6706 3.8589
6707 4.7007
6708 0.3114
6709 0.7371
6710 0.7799
6711 1.0431
6712 0.4345
6713 0.1539
6714 0.6140
6715 0.4882
6716 0.7450
6717 1.3636
6718 0.5089
6719 0.8494
6720 2.4950
6721 0.3750
6722 0.1879
6723 10.6968
6724 1.1259
6725 4.2900
6726 1.7252
6727 3.6691
6728 0.8790
6729 0.3912
6730 4.0002
6731 0.7681
6732 1.9007
6733 0.4473
6734 0.1432
6735 0.4856
6736 0.2976
6737 3.0889
6738 1.6176
6739 0.3899
6740 1.9339
6741 3.0516
6742 1.7426
6743 4.2922
6744 0.4967
6745 0.1040
6746 1.3867
6747 2.0061
6748 1.3297
6749 3.7409
6750 0.2437
6751 0.3966
6752 3.1998
6753 3.6070
6754 0.6138
6755 0.8051
6756 0.7044
6757 0.6109
6758 1.0630
6759 0.2657
6760 0.9039
6761 0.5767
6762 0.9694
6763 0.2967
6764 3.2342
6765 0.3519
6766 0.8662
6767 0.7821
6768 0.3016
6769 0.5885
6770 3.2434
6771 0.3385
6772 1.0543
6773 1.6145
6774 1.4604
6775 1.0930
6776 0.4400
6777 0.2382
6778 0.9616
6779 0.3254
6780 1.0243
6781 2.0618
6782 3.1665
6783 2.2109
6784 1.1525
6785 0.9255
6786 0.0934
6787 1.2576
6788 0.4082
6789 0.1004
6790 0.2921
6791 1.4290
6792 0.3637
6793 4.3661
6794 1.3694
6795 0.4696
6796 1.5609
6797 0.3395
6798 0.2588
6799 0.1399
6800 1.2576
6801 0.3817
6802 1.6749
6803 0.0876
6804 9.1669
6805 2.2419
6806 0.3020
6807 0.3549
6808 0.2729
6809 0.9488
6810 0.7343
6811 0.3211
6812 4.0270
6813 0.7030
6814 1.2916
6815 0.2950
6816 0.3935
6817 0.4916
6818 0.4114
6819 0.2193
6820 0.2238
6821 1.5678
6822 0.7803
6823 0.0989
6824 0.5403
6825 0.4290
6826 0.2569
6827 1.0403
6828 0.3133
6829 1.3466
6830 0.6067
6831 0.3195
6832 0.1210
6833 0.8707
6834 0.8462
6835 0.4952
6836 0.4503
6837 0.1407
6838 1.7274
6839 1.1451
6840 12.0816
6841 0.3851
6842 1.4630
6843 0.8062
6844 0.4519
6845 0.3163
6846 0.1558
6847 1.7613
6848 0.9748
6849 0.8033
6850 0.4476
6851 4.4992
6852 0.3353
6853 2.8853
6854 1.1508
6855 3.0315
6856 0.6742
6857 6.9440
6858 0.2087
6859 3.3669
6860 0.3695
6861 0.2433
6862 0.9875
6863 0.2068
6864 0.2725
6865 0.1264
6866 2.8960
6867 1.1722
6868 1.4753
6869 15.8035
6870 0.4243
6871 1.6746
6872 0.3926
6873 0.4795
6874 0.9088
6875 7.0283
6876 0.2945
6877 0.1633
6878 0.3928
6879 3.1927
6880 0.5869
6881 0.4486
6882 0.4220
6883 0.0816
6884 0.5022
6885 0.4749
6886 2.3682
6887 1.1470
6888 1.4931
6889 1.3545
6890 0.3707
6891 0.5604
6892 1.5121
6893 1.0135
6894 0.2379
6895 0.1803
6896 0.2451
6897 0.8627
6898 0.5433
6899 0.4839
6900 1.0305
6901 0.5461
6902 0.8534
6903 0.3042
6904 0.1479
6905 3.9606
6906 1.6469
6907 0.3008
6908 0.2976
6909 1.0929
6910 0.8605
6911 2.5947
6912 0.3023
6913 0.9649
6914 0.6383
6915 3.3414
6916 0.2790
6917 0.4090
6918 0.7044
6919 4.1420
6920 3.6771
6921 3.7710
6922 0.3523
6923 0.7096
6924 0.1713
6925 0.7475
6926 1.8084
6927 0.5914
6928 0.3934
6929 1.0425
6930 0.2668
6931 1.3336
6932 0.8026
6933 1.9249
6934 0.8433
6935 0.2790
6936 0.5851
6937 0.3708
6938 2.0076
6939 2.6799
6940 2.5203
6941 0.2144
6942 0.0649
6943 1.1165
6944 0.3106
6945 0.5252
6946 2.4402
6947 0.1185
6948 0.2740
6949 0.9061
6950 0.4124
6951 5.7133
6952 0.8355
6953 0.2332
6954 1.4828
6955 23.6196
6956 0.1249
6957 0.7419
6958 1.3244
6959 0.8490
6960 1.4221
6961 1.6205
6962 3.2917
6963 0.8124
6964 1.3705
6965 1.9390
6966 0.7928
6967 2.6997
6968 0.2322
6969 0.4263
6970 1.3660
6971 0.2437
6972 2.0890
6973 4.2248
6974 2.1777
6975 0.1907
6976 1.5338
6977 1.1383
6978 1.5943
6979 0.3003
6980 2.6621
6981 1.0740
6982 0.7118
6983 0.9046
6984 1.2383
6985 0.3540
6986 0.3349
6987 0.9924
6988 1.8910
6989 0.3416
6990 2.2085
6991 0.7236
6992 0.7429
6993 2.1577
6994 0.7815
6995 0.6361
6996 3.0904
6997 0.0918
6998 0.4228
6999 0.1051
7000 0.2804
7001 2.2214
7002 4.9776
7003 1.0104
7004 0.1425
7005 1.4573
7006 1.7740
7007 0.3687
7008 1.8662
7009 0.8656
7010 3.8551
7011 1.2131
7012 1.4031
7013 0.7690
7014 0.2337
7015 0.5232
7016 0.2266
7017 0.5372
7018 0.4009
7019 0.6998
7020 0.4886
7021 0.3506
7022 3.0107
7023 0.4615
7024 0.9638
7025 0.2983
7026 0.6099
7027 1.1626
7028 0.2924
7029 0.9494
7030 0.2934
7031 0.4170
7032 0.1099
7033 0.1197
7034 1.3054
7035 0.9133
7036 2.6556
7037 1.9651
7038 0.6265
7039 1.0747
7040 1.0374
7041 0.0990
7042 1.9015
7043 0.5681
7044 0.7350
7045 1.6699
7046 6.8678
7047 0.3849
7048 0.1056
7049 0.1460
7050 0.4498
7051 13.3898
7052 1.6147
7053 3.6049
7054 1.0330
7055 0.0988
7056 1.2328
7057 0.3824
7058 0.6249
7059 1.6901
7060 0.6485
7061 2.0112
7062 2.6456
7063 0.6656
7064 0.1884
7065 0.3890
7066 0.9170
7067 0.4726
7068 0.4346
7069 1.6460
7070 0.3819
7071 1.2164
7072 0.3740
7073 0.6016
7074 0.1484
7075 1.9269
7076 0.8120
7077 0.2867
7078 0.4490
7079 1.8626
7080 2.0337
7081 0.2165
7082 0.3321
7083 1.6150
7084 1.2433
7085 0.5704
7086 3.2817
7087 0.1058
7088 1.5596
7089 0.0958
7090 1.9256
7091 0.1914
7092 5.7218
7093 1.7181
7094 4.5207
7095 4.2853
7096 1.5142
7097 1.8815
7098 3.4226
7099 0.1508
7100 0.5114
7101 0.9718
7102 0.8987
7103 1.1891
7104 0.1347
7105 2.6477
7106 0.2703
7107 0.5094
7108 0.8004
7109 2.7085
7110 0.3016
7111 1.7465
7112 2.1270
7113 0.2202
7114 2.9458
7115 0.8817
7116 0.6043
7117 0.7170
7118 0.4489
7119 0.5051
7120 0.8231
7121 0.6883
7122 0.3669
7123 0.7061
7124 0.8300
7125 1.9103
7126 1.2416
7127 2.2772
7128 2.2405
7129 0.9139
7130 0.6624
7131 0.3933
7132 2.0908
7133 1.5041
7134 0.8209
7135 0.3009
7136 1.0591
7137 0.6122
7138 1.3096
7139 1.6029
7140 2.2443
7141 3.0803
7142 0.7865
7143 0.4994
7144 0.6669
7145 0.6063
7146 2.3764
7147 2.9653
7148 0.5463
7149 0.8908
7150 0.3845
7151 0.5209
7152 0.1174
7153 1.0318
7154 2.5536
7155 0.5860
7156 2.2962
7157 0.5613
7158 11.7632
7159 0.3383
7160 0.5816
7161 3.8107
7162 0.8716
7163 1.3316
7164 0.1509
7165 14.9730
7166 0.1264
7167 0.6533
7168 1.9009
7169 1.5779
7170 1.3905
7171 0.2407
7172 0.1477
7173 0.3378
7174 0.3597
7175 0.5575
7176 0.1181
7177 0.7872
7178 1.5981
7179 9.7402
7180 0.6871
7181 0.4251
7182 0.3282
7183 1.1295
7184 0.6478
7185 0.4106
7186 0.9436
7187 3.1149
7188 1.0780
7189 0.3086
7190 1.0285
7191 0.3422
7192 0.5812
7193 0.1519
7194 3.8460
7195 2.7338
7196 0.4467
7197 0.1019
7198 0.4169
7199 0.4499
7200 0.1178
7201 0.3283
7202 0.5443
7203 2.8361
7204 0.4338
7205 0.4662
7206 0.3543
7207 0.7768
7208 0.9166
7209 0.5577
7210 0.7123
7211 0.7065
7212 1.3233
7213 0.2380
7214 0.9737
7215 0.7588
7216 0.6758
7217 0.5642
7218 0.0972
7219 0.1640
7220 1.9076
7221 0.3542
7222 0.4793
7223 0.9159
7224 0.1084
7225 1.9865
7226 0.1642
7227 0.9777
7228 0.3370
7229 5.9819
7230 0.4920
7231 0.3028
7232 0.2709
7233 1.4409
7234 1.9109
7235 1.1130
7236 0.3322
7237 1.2533
7238 0.5321
7239 1.0521
7240 0.3565
7241 0.2645
7242 0.6777
7243 2.3073
7244 1.3696
7245 1.1889
7246 0.1357
7247 1.6507
7248 4.3835
7249 5.5683
7250 0.5514
7251 1.3746
7252 0.4685
7253 0.1450
7254 0.4912
7255 0.1824
7256 0.5864
7257 3.4169
7258 0.8435
7259 1.4046
7260 0.3756
7261 5.0946
7262 1.1166
7263 0.5863
7264 0.1734
7265 0.5883
7266 1.0649
7267 0.2646
7268 1.0879
7269 19.7167
7270 0.6816
7271 1.1941
7272 0.3214
7273 2.5394
7274 1.5073
7275 2.5309
7276 1.4852
7277 15.1306
7278 0.1364
7279 0.6347
7280 0.8028
7281 0.4283
7282 0.4074
7283 0.8772
7284 1.4379
7285 2.3070
7286 1.0035
7287 0.4338
7288 2.0334
7289 0.4474
7290 1.0839
7291 0.5458
7292 0.7078
7293 1.5352
7294 0.0782
7295 0.4288
7296 0.4242
7297 0.0950
7298 2.4818
7299 1.2715
7300 0.1181
7301 0.2382
7302 0.3799
7303 2.2866
7304 0.1504
7305 0.4072
7306 0.4523
7307 0.5823
7308 1.6531
7309 2.7867
7310 1.0832
7311 0.4177
7312 0.3311
7313 1.2527
7314 0.5474
7315 0.8928
7316 1.0583
7317 1.4606
7318 0.6259
7319 1.7298
7320 0.2329
7321 10.2866
7322 0.3778
7323 0.7034
7324 0.4349
7325 0.1768
7326 1.1089
7327 0.2756
7328 2.5461
7329 5.3455
7330 0.1206
7331 0.2692
7332 0.5444
7333 1.1251
7334 4.3504
7335 0.8973
7336 2.4346
7337 0.4128
7338 0.1836
7339 0.4836
7340 0.3299
7341 0.7159
7342 0.3776
7343 3.1568
7344 2.4889
7345 0.9281
7346 0.6615
7347 3.2709
7348 0.4189
7349 0.3129
7350 1.5351
7351 0.3365
7352 0.4200
7353 0.1189
7354 0.3096
7355 0.4676
7356 0.1554
7357 0.4752
7358 0.0775
7359 0.3639
7360 0.4692
7361 3.3067
7362 2.9179
7363 0.5804
7364 0.3786
7365 2.6387
7366 1.6569
7367 1.5136
7368 0.8669
7369 3.4252
7370 1.0735
7371 0.6464
7372 0.1694
7373 0.4038
7374 1.2998
7375 0.4333
7376 1.7121
7377 0.5318
7378 0.2475
7379 0.3563
7380 2.7106
7381 0.8250
7382 0.6431
7383 0.7970
7384 0.8996
7385 0.0906
7386 0.1968
7387 1.4297
7388 1.1308
7389 0.1597
7390 0.5926
7391 0.4507
7392 2.2027
7393 1.3709
7394 1.5042
7395 0.2365
7396 0.2023
7397 0.3991
7398 2.1165
7399 0.5735
7400 0.2937
7401 0.4635
7402 0.3903
7403 0.7037
7404 1.3111
7405 0.8538
7406 0.3778
7407 0.3538
7408 0.8019
7409 0.1138
7410 1.0106
7411 0.8738
7412 0.2810
7413 1.2889
7414 4.7451
7415 0.2469
7416 1.1745
7417 0.6684
7418 0.5862
7419 2.1458
7420 1.1206
7421 3.4592
7422 0.6503
7423 2.1207
7424 0.3924
7425 2.8236
7426 0.6823
7427 0.9023
7428 0.7575
7429 2.3864
7430 1.2049
7431 1.2005
7432 1.7060
7433 0.2101
7434 1.3766
7435 0.2788
7436 0.3229
7437 0.4479
7438 1.5110
7439 0.9957
7440 0.4291
7441 0.4085
7442 1.7520
7443 0.9274
7444 0.2504
7445 0.2076
7446 0.2889
7447 0.6535
7448 0.3051
7449 1.3544
7450 0.4501
7451 0.7758
7452 0.5238
7453 0.1485
7454 0.4207
7455 0.3365
7456 0.2405
7457 2.8719
7458 0.3861
7459 2.4216
7460 0.3692
7461 1.5485
7462 0.4559
7463 0.3399
7464 0.2260
7465 1.6652
7466 0.4992
7467 0.8531
7468 2.5899
7469 0.3397
7470 0.6051
7471 6.9404
7472 2.9963
7473 1.1047
7474 0.1116
7475 2.0918
7476 0.4505
7477 0.1220
7478 3.6850
7479 0.4140
7480 3.2655
7481 0.5673
7482 0.8305
7483 1.1047
7484 1.7523
7485 0.7676
7486 0.3339
7487 0.9114
7488 1.9145
7489 2.6191
7490 1.0632
7491 0.8683
7492 0.3087
7493 0.2125
7494 0.5999
7495 0.3926
7496 1.9788
7497 0.4032
7498 0.4454
7499 0.3793
7500 1.1893
