7501 13.9309
7502 3.7365
7503 6.8013
7504 0.2867
7505 0.3703
7506 3.6205
7507 4.2672
7508 0.5867
7509 2.3557
7510 0.9191
7511 4.0081
7512 1.3873
7513 4.6839
7514 0.1870
7515 6.7770
7516 0.7250
7517 3.9919
7518 5.5322
7519 44.5083
7520 4.4957
7521 2.8041
7522 2.1167
7523 0.4243
7524 1.1976
7525 0.1630
7526 0.6577
7527 2.9513
7528 1.1518
7529 2.0822
7530 2.0582
7531 0.2025
7532 5.1615
7533 0.0904
7534 1.1509
7535 1.4091
7536 0.3885
7537 2.1327
7538 1.7038
7539 0.5255
7540 0.7660
7541 0.2857
7542 3.2692
7543 3.8488
7544 2.9347
7545 3.7456
7546 2.5366
7547 1.2567
7548 1.3956
7549 0.8644
7550 0.9820
7551 0.5893
7552 0.4547
7553 3.4583
7554 2.1507
7555 0.5071
7556 0.1848
7557 0.2548
7558 0.6313
7559 3.2192
7560 2.1951
7561 5.4169
7562 1.5079
7563 0.6622
7564 5.7914
7565 0.4973
7566 5.2077
7567 6.7169
7568 1.0111
7569 1.5793
7570 0.7708
7571 0.3774
7572 10.1442
7573 2.1367
7574 0.3963
7575 1.6624
7576 1.1377
7577 11.0397
7578 1.0982
7579 5.7878
7580 7.3583
7581 1.2998
7582 0.6729
7583 2.6187
7584 9.4268
7585 2.2657
7586 4.0491
7587 7.5085
7588 3.6759
7589 0.7186
7590 1.0530
7591 5.9465
7592 9.2372
7593 0.6585
7594 4.5834
7595 1.2099
7596 1.1994
7597 3.5838
7598 12.4073
7599 5.0346
7600 0.4402
7601 3.4651
7602 0.4385
7603 4.0278
7604 0.2584
7605 7.8232
7606 10.9210
7607 0.3726
7608 3.1739
7609 1.7263
7610 6.5076
7611 1.5924
7612 2.8059
7613 0.8351
7614 0.8160
7615 1.1632
7616 2.8425
7617 8.5395
7618 4.0067
7619 16.6291
7620 10.3718
7621 1.6838
7622 1.4753
7623 1.7347
7624 0.1908
7625 1.0793
7626 1.5230
7627 1.8363
7628 1.2304
7629 6.4388
7630 12.8828
7631 36.0057
7632 4.7936
7633 3.3378
7634 15.7604
7635 0.7930
7636 5.8482
7637 4.5841
7638 2.3048
7639 1.9913
7640 4.1033
7641 1.0819
7642 2.7779
7643 0.3917
7644 3.8967
7645 3.1085
7646 0.7859
7647 1.7190
7648 1.3427
7649 1.7407
7650 4.4061
7651 16.1369
7652 2.3450
7653 2.7035
7654 4.2165
7655 0.1155
7656 5.4102
7657 0.4351
7658 1.1977
7659 7.1801
7660 1.6717
7661 0.6899
7662 10.9169
7663 0.8262
7664 1.3619
7665 1.0539
7666 3.9902
7667 2.1029
7668 8.0919
7669 1.3805
7670 0.7001
7671 10.9251
7672 13.8774
7673 0.6411
7674 4.7604
7675 0.7890
7676 7.5716
7677 0.7013
7678 2.3089
7679 0.2994
7680 8.8984
7681 0.8336
7682 1.1433
7683 1.8674
7684 10.7896
7685 2.0159
7686 10.1935
7687 0.3069
7688 0.5665
7689 2.0757
7690 1.8587
7691 0.7016
7692 4.6476
7693 0.5807
7694 2.1317
7695 2.3244
7696 4.0052
7697 0.2967
7698 1.7298
7699 2.1708
7700 0.9392
7701 1.1064
7702 5.5737
7703 5.7164
7704 1.4080
7705 2.8585
7706 2.7490
7707 0.6570
7708 2.9540
7709 1.4134
7710 2.2059
7711 10.7133
7712 0.3896
7713 1.6082
7714 11.6072
7715 0.5209
7716 0.5857
7717 0.1192
7718 7.8009
7719 9.7143
7720 1.8211
7721 1.5147
7722 2.9447
7723 8.0171
7724 7.3872
7725 2.5734
7726 6.0376
7727 1.7933
7728 0.9268
7729 3.6247
7730 4.8169
7731 3.7548
7732 4.2090
7733 2.2832
7734 1.7409
7735 2.3420
7736 0.1990
7737 1.4719
7738 0.4943
7739 1.7069
7740 9.1420
7741 2.9702
7742 1.5767
7743 2.4885
7744 2.4639
7745 0.5669
7746 4.7299
7747 2.4189
7748 2.8023
7749 11.6477
7750 3.0681
7751 2.2291
7752 4.1205
7753 1.8260
7754 8.0054
7755 5.4365
7756 12.8100
7757 6.4511
7758 0.7610
7759 2.4062
7760 1.0462
7761 0.3318
7762 1.6803
7763 1.2754
7764 2.7060
7765 3.0658
7766 2.1408
7767 0.4205
7768 0.3475
7769 0.7532
7770 1.0270
7771 17.2443
7772 0.9883
7773 4.1067
7774 0.7723
7775 16.4412
7776   NaN
7777 2.1323
7778 0.6908
7779 2.0593
7780 0.0911
7781 4.2574
7782 11.1601
7783 0.0967
7784 0.3266
7785 4.4345
7786 2.0898
7787 2.2297
7788 0.9826
7789 2.4402
7790 1.0440
7791 7.0805
7792 1.9646
7793 2.3233
7794 1.8530
7795 1.1259
7796 0.7746
7797 1.5758
7798 23.2979
7799 2.4058
7800 0.6437
7801 1.6493
7802 3.4749
7803 2.4450
7804 2.4505
7805 2.7212
7806 0.9295
7807 6.4318
7808 2.1733
7809 0.7702
7810 6.3706
7811 2.9495
7812 1.0416
7813 3.4540
7814 8.1627
7815 4.5904
7816 0.6097
7817 21.4959
7818 11.0193
7819 0.9343
7820 68.2016
7821 1.1747
7822 4.1202
7823 0.9112
7824 1.4759
7825 2.0938
7826 4.7667
7827 22.3323
7828 0.3201
7829 0.3620
7830 10.1162
7831 1.1907
7832 33.6412
7833 0.2342
7834 19.6892
7835 2.1346
7836 0.5776
7837 9.6201
7838 0.6725
7839 0.7771
7840 1.9344
7841 2.3635
7842 1.1615
7843 0.1878
7844 20.5891
7845 2.5245
7846 6.2151
7847 1.8269
7848 11.6891
7849 3.7930
7850 1.7400
7851 0.5699
7852 1.2133
7853 1.8327
7854 1.3069
7855 10.8564
7856 8.3791
7857 2.0501
7858 1.0094
7859 19.2481
7860 2.0561
7861 1.5119
7862 8.5319
7863 14.0913
7864 1.1884
7865 2.2081
7866 0.6512
7867 0.9285
7868 0.1067
7869 3.9131
7870 7.0235
7871 8.6756
7872 10.5864
7873 0.7236
7874 0.4556
7875 3.3475
7876 4.4106
7877 2.1370
7878 13.2266
7879 3.3411
7880 0.5435
7881 1.3037
7882 2.0507
7883 3.2074
7884 4.6894
7885 1.5954
7886 1.0000
7887 1.9335
7888 45.0758
7889 3.2909
7890 1.7895
7891 4.7891
7892 3.5611
7893 0.8988
7894 0.8616
7895 2.3597
7896 11.9708
7897 0.6958
7898 3.4115
7899 2.6250
7900 5.7307
7901 3.3355
7902 0.6017
7903 2.9744
7904 5.3172
7905 0.4236
7906 6.3667
7907 1.1448
7908 24.6341
7909 0.3285
7910 2.6225
7911 14.2299
7912 0.2565
7913 15.0635
7914 0.9253
7915 0.5021
7916 1.4346
7917 17.6735
7918 1.7869
7919 1.2227
7920 2.9585
7921 0.9682
7922 0.9045
7923 2.0873
7924 3.7815
7925 2.0892
7926 0.1941
7927 0.8609
7928 1.8332
7929 0.4324
7930 1.1780
7931 5.6494
7932 4.7982
7933 13.4236
7934 5.4371
7935 12.7452
7936 0.8147
7937 12.9511
7938 6.9264
7939 1.6567
7940 7.0908
7941 0.9145
7942 1.9432
7943 0.3536
7944   NaN
7945 1.7749
7946 4.8262
7947 11.9902
7948 2.7120
7949 4.2579
7950 7.4899
7951 1.2411
7952 4.4984
7953 6.9655
7954 0.6348
7955 1.2549
7956 3.0808
7957 2.0267
7958 5.1915
7959 0.5597
7960 0.5455
7961 2.7376
7962 16.5875
7963 2.1650
7964 0.2466
7965 2.8683
7966 6.6918
7967 1.0187
7968 0.6215
7969 0.9713
7970 15.5038
7971 0.2597
7972 4.4735
7973 0.4970
7974 9.0323
7975 0.4058
7976 1.7466
7977 4.0498
7978 1.9742
7979 0.5386
7980 52.1986
7981 0.4360
7982 4.1948
7983 12.6449
7984 2.5979
7985 3.9450
7986 0.3851
7987 0.6585
7988 0.9769
7989 0.2931
7990 10.4955
7991 5.6239
7992 2.0224
7993 1.4717
7994 22.1601
7995 2.5897
7996 2.5012
7997 2.8966
7998 0.3354
7999 1.6926
8000 4.2913
8001 4.1615
8002 0.5306
8003 2.0865
8004 13.2470
8005 9.3569
8006 0.7548
8007 6.3425
8008 1.7509
8009 0.5008
8010 4.8605
8011 1.8209
8012 11.1582
8013 1.2937
8014 0.5730
8015 2.5559
8016 1.9972
8017 6.6773
8018 0.8796
8019 0.9299
8020 0.2207
8021 24.1622
8022 16.2940
8023 0.8063
8024 0.9645
8025 4.2205
8026 0.9904
8027 5.8711
8028 1.1275
8029 34.3844
8030 2.5245
8031 1.3395
8032 6.9233
8033 9.0661
8034 1.9100
8035 0.5430
8036 14.5864
8037 0.6473
8038 2.0515
8039 0.8987
8040 31.4843
8041 3.3750
8042 2.5256
8043 1.3108
8044 1.1543
8045 1.3787
8046 1.5917
8047 2.8264
8048 0.8017
8049 1.0243
8050 4.5064
8051 2.5246
8052 7.2497
8053 5.8936
8054 1.0173
8055 8.8644
8056 11.4002
8057 2.1376
8058 5.6139
8059 8.9717
8060 2.9860
8061 0.8113
8062 2.0081
8063 0.9393
8064 3.1377
8065 6.7437
8066 1.1957
8067 5.0206
8068 2.3125
8069 0.3165
8070 44.3814
8071 1.7115
8072 0.9338
8073 0.5789
8074 2.8431
8075 5.1271
8076 1.2874
8077 1.9830
8078 1.7865
8079 54.1238
8080 1.4687
8081 0.9833
8082 0.9439
8083 0.9385
8084 3.3029
8085 3.7080
8086 0.8695
8087 0.3798
8088 9.5417
8089 1.3685
8090 4.6670
8091 4.9152
8092 1.8825
8093 1.2824
8094 3.3779
8095 0.9762
8096 0.5292
8097 0.7636
8098 1.9458
8099 19.7119
8100 0.2854
8101 0.1702
8102 0.4126
8103 0.1891
8104 1.0077
8105 2.2626
8106 0.5740
8107   NaN
8108 0.7454
8109 12.2654
8110 3.6212
8111 3.7459
8112 1.8020
8113 1.2516
8114 1.6586
8115 9.3031
8116 0.5942
8117 2.7160
8118 1.0739
8119 2.7317
8120 2.9769
8121 6.3862
8122 0.2281
8123 1.4385
8124 1.0522
8125 0.5293
8126 0.8132
8127 0.8717
8128 1.5720
8129 3.5362
8130 6.5191
8131 2.1889
8132 4.0013
8133 0.4838
8134 2.9598
8135 16.9297
8136 3.8880
8137 22.8247
8138 15.3124
8139 12.6639
8140 49.0521
8141 1.2228
8142 0.7939
8143 1.4711
8144 1.7326
8145 1.3026
8146 5.4629
8147 0.6388
8148 15.1756
8149 4.9762
8150 1.4485
8151 4.4744
8152 2.4807
8153 0.8652
8154 0.4800
8155 0.4201
8156 5.3735
8157 6.3763
8158 5.1419
8159 2.6089
8160 0.8204
8161 1.5270
8162 10.6737
8163 2.9491
8164 5.6047
8165 4.6897
8166 2.5879
8167 5.4595
8168 2.0165
8169 0.0810
8170 3.6279
8171 4.5556
8172 4.7586
8173 5.3033
8174 1.1461
8175 1.0632
8176 0.7419
8177 0.6323
8178 3.4377
8179 3.0858
8180 12.6535
8181 32.7871
8182 1.3191
8183 2.0251
8184 15.9587
8185 11.4453
8186 4.0770
8187 2.4939
8188 0.6580
8189 1.8469
8190 4.8661
8191 6.3668
8192 1.1353
8193 1.0360
8194 1.0209
8195 0.7146
8196 1.2740
8197 0.8293
8198 2.3876
8199 2.1197
8200 4.3165
8201 0.5444
8202 1.2800
8203 1.9715
8204 3.9064
8205 1.3737
8206 2.8491
8207 0.4270
8208 1.0447
8209 0.9279
8210 1.2609
8211 8.9522
8212 3.0412
8213 3.7272
8214 1.6943
8215 0.7446
8216 9.6523
8217 2.9018
8218 3.8348
8219 2.1219
8220 1.4328
8221 13.8589
8222 0.1955
8223 3.0765
8224 3.2284
8225 1.4652
8226 4.6803
8227 1.5198
8228 12.5720
8229 0.5619
8230 0.2635
8231 2.7091
8232 1.6655
8233 2.6729
8234 11.0150
8235 14.1597
8236   NaN
8237 0.2914
8238 0.6720
8239 5.0711
8240 3.1571
8241 1.2955
8242 2.7874
8243 0.9120
8244 1.1759
8245 4.7291
8246 7.6556
8247 4.7952
8248 6.1463
8249 13.2052
8250 4.0430
8251 1.1671
8252 10.5222
8253 1.7739
8254 0.5610
8255 3.5003
8256 0.3993
8257 1.1685
8258 1.6873
8259 5.6031
8260 2.3724
8261 7.8301
8262 0.0762
8263 14.8574
8264 3.8543
8265 6.3380
8266 37.5733
8267 7.0467
8268 1.4475
8269 1.7234
8270 6.4142
8271 1.2818
8272 8.4140
8273 7.1244
8274 5.0806
8275 0.5848
8276 1.1812
8277 0.1592
8278 0.8580
8279 2.0882
8280 0.2852
8281 0.3534
8282 5.5007
8283 2.1315
8284 0.5855
8285 4.0780
8286 1.1800
8287 0.7013
8288 2.3627
8289 1.4502
8290 2.5215
8291 4.2398
8292 7.3630
8293 1.0689
8294 0.7216
8295 3.4747
8296 16.6325
8297 2.7584
8298 0.8156
8299 4.5461
8300 2.4221
8301 1.5553
8302 8.2546
8303 1.7885
8304 0.5965
8305 1.9328
8306 1.2205
8307 0.5587
8308 0.6943
8309 0.5975
8310 1.1260
8311 1.2057
8312 4.6715
8313 3.8721
8314 15.4042
8315 6.9937
8316 1.2950
8317 0.3675
8318 1.3564
8319 3.4422
8320 11.2346
8321 2.0115
8322 9.7037
8323 3.2324
8324 2.5437
8325 5.4723
8326 6.8179
8327 0.9232
8328 5.1325
8329 4.4067
8330 2.8557
8331 2.8246
8332 0.5006
8333 2.0462
8334 3.0491
8335 2.7963
8336 2.0808
8337 17.2782
8338 1.6203
8339 0.0726
8340 5.4190
8341 0.2844
8342 20.9828
8343 1.8775
8344 1.2027
8345 1.9762
8346 0.3667
8347 0.4109
8348 6.7896
8349 4.2414
8350 1.0381
8351 7.6614
8352 9.8767
8353 2.9417
8354 22.9993
8355 0.7904
8356 4.3760
8357 0.4206
8358 0.1990
8359 2.1927
8360 0.9091
8361 0.3839
8362 2.0569
8363 2.0467
8364 3.1194
8365 6.9574
8366 2.5190
8367 0.3877
8368 4.9502
8369 1.5569
8370 0.4845
8371 1.4325
8372 1.0855
8373 4.9377
8374 1.4261
8375 1.8903
8376 0.2042
8377 2.5604
8378 1.2856
8379 0.7569
8380 4.6987
8381 9.4917
8382 2.4168
8383 9.2753
8384 0.9895
8385 1.6388
8386 4.4749
8387 14.1844
8388 5.4540
8389 1.5726
8390 2.1434
8391 1.7585
8392 9.4730
8393 0.6574
8394 1.5344
8395 0.4687
8396 3.2091
8397 3.4504
8398 0.2065
8399 18.8238
8400 0.5335
8401 7.7066
8402 0.1422
8403 5.2623
8404 5.5460
8405 12.4785
8406 4.1449
8407 4.9696
8408 12.7388
8409 0.6289
8410 5.9036
8411 1.5169
8412 2.2165
8413 1.0761
8414 0.2241
8415 4.2114
8416 9.9947
8417 2.1569
8418 2.1489
8419 2.2547
8420 1.1789
8421 0.4285
8422 2.3002
8423 9.8262
8424 0.1412
8425 4.0192
8426 0.6295
8427 1.0474
8428 0.4839
8429 3.4747
8430 9.6883
8431 5.6268
8432 7.4644
8433 2.5276
8434 4.4107
8435 3.5382
8436 2.5474
8437 3.8907
8438 6.3866
8439 2.1076
8440 8.1620
8441 3.9277
8442 0.9220
8443 5.8826
8444 0.8071
8445 1.7637
8446 0.3340
8447 5.6407
8448 0.8672
8449 1.3171
8450 9.9784
8451 4.7922
8452 0.2560
8453 32.0090
8454 0.4336
8455 22.2670
8456 3.3915
8457 0.2423
8458 1.5871
8459 2.9220
8460 1.2266
8461 12.1514
8462 3.7910
8463 2.5858
8464 2.3895
8465 2.0702
8466 6.7587
8467 5.7558
8468 3.6729
8469 5.7073
8470 4.1709
8471 1.3135
8472 29.7600
8473 3.8039
8474 0.2370
8475 3.7732
8476 0.6865
8477 4.1023
8478 2.2292
8479 0.5724
8480 9.0997
8481 7.4687
8482 4.4054
8483 6.3919
8484 2.0362
8485 0.9846
8486 4.4939
8487 3.8079
8488 16.4081
8489 4.5950
8490 16.6900
8491 16.0800
8492 8.4089
8493 0.4176
8494 0.7731
8495 5.5134
8496 2.2126
8497 2.0816
8498 2.0007
8499 13.7946
8500 2.6640
8501 6.2390
8502 0.3403
8503 0.4498
8504 3.3541
8505 3.1144
8506 7.7406
8507 0.8279
8508 6.7214
8509 12.6880
8510 6.8075
8511 0.1846
8512 67.9361
8513 0.3368
8514 1.7704
8515 3.0838
8516 9.3724
8517 0.7506
8518 1.0241
8519 3.4480
8520 5.9699
8521 3.7595
8522 1.8173
8523 0.3740
8524 5.2940
8525 0.7304
8526 10.5489
8527 3.7944
8528 0.7545
8529 1.3709
8530 5.7619
8531 5.5162
8532 2.3886
8533 0.8813
8534 1.5643
8535 1.3361
8536 0.2180
8537 2.2109
8538 0.6017
8539 0.9689
8540 19.1482
8541 0.3329
8542 0.7668
8543 0.3605
8544 4.6916
8545 8.7481
8546 2.6171
8547 0.8159
8548 2.0296
8549 1.4610
8550 0.7191
8551 24.9368
8552 2.0819
8553 0.3824
8554 1.1162
8555 0.6611
8556 2.6002
8557 0.2923
8558 3.8521
8559   NaN
8560 3.0394
8561 2.2246
8562 5.8295
8563 4.2034
8564 0.3556
8565 3.1148
8566 7.7292
8567 16.2303
8568 0.6393
8569 1.9614
8570 1.8240
8571 0.2344
8572 5.1887
8573 5.7546
8574 1.8254
8575 0.4469
8576 2.5981
8577 7.4946
8578 1.8285
8579 9.8734
8580 2.8360
8581 0.7444
8582 8.7719
8583 1.0676
8584 0.5512
8585 4.3841
8586 31.4566
8587 11.4071
8588 1.2147
8589 5.5907
8590 4.6539
8591 4.7148
8592 16.6385
8593 7.7103
8594 0.4024
8595 1.4928
8596 5.2288
8597 0.2840
8598 1.4997
8599 0.2154
8600 2.7149
8601 1.0609
8602 2.2345
8603 4.2828
8604 1.4740
8605   NaN
8606 14.7543
8607 3.5512
8608 4.4285
8609 0.2068
8610 0.3672
8611 1.1028
8612 1.6632
8613 2.5158
8614 1.6331
8615 5.2548
8616 4.8267
8617 1.7948
8618 17.0105
8619 1.9175
8620 4.6316
8621 1.0133
8622 15.8209
8623 4.5207
8624 2.4437
8625 1.0490
8626 14.0853
8627 3.5931
8628 1.9589
8629 1.0428
8630 0.5960
8631 7.3222
8632 29.7617
8633 1.5178
8634 0.8451
8635 4.5408
8636 1.5513
8637 0.6349
8638 0.6284
8639 0.8316
8640 6.7910
8641 2.1144
8642 1.8974
8643 9.0416
8644 20.7559
8645 8.8186
8646 0.5957
8647 1.6038
8648 1.2370
8649 1.9944
8650 1.1409
8651 1.3071
8652 11.6475
8653 1.6836
8654 1.6901
8655 4.6468
8656 2.4771
8657 15.3317
8658 2.6967
8659 1.5141
8660 6.5151
8661 2.3353
8662 3.1299
8663 4.0214
8664 1.2274
8665 2.1059
8666 0.5340
8667 1.9599
8668 0.4683
8669 0.2486
8670 0.7756
8671 0.2627
8672 2.1830
8673 0.2491
8674 7.0994
8675 7.4708
8676 0.6745
8677 4.5850
8678 12.1336
8679 1.3450
8680 0.2220
8681 2.2025
8682 6.7802
8683 6.3785
8684 1.1587
8685 2.6029
8686 23.2845
8687 0.6805
8688 2.1303
8689 0.9073
8690 4.0984
8691 0.2018
8692 2.9739
8693 2.0256
8694 5.8284
8695 0.7383
8696 0.7294
8697 1.2014
8698 6.9037
8699 3.6312
8700 0.4434
8701 6.0215
8702 0.2697
8703 4.6909
8704 16.9087
8705 1.8573
8706 1.7349
8707 0.6815
8708 0.9472
8709 5.9287
8710 18.5561
8711 4.9750
8712 0.8334
8713 17.8809
8714 20.8653
8715 4.4712
8716 5.3938
8717 0.6158
8718 8.2994
8719 0.9282
8720 7.1212
8721 0.8008
8722 1.3405
8723 0.5729
8724 0.6598
8725 4.9455
8726 1.0601
8727 2.1213
8728 8.5404
8729 3.4765
8730 0.5427
8731 1.2333
8732 2.4723
8733 1.4795
8734 6.9319
8735 2.3262
8736 0.3795
8737 1.2643
8738 1.1558
8739 0.5861
8740 3.3791
8741 0.2568
8742 1.8856
8743 0.5486
8744 2.1445
8745 15.8144
8746 0.9790
8747 7.5600
8748 1.7917
8749 0.4649
8750 1.6312
8751 0.3769
8752 3.4982
8753 1.0035
8754 0.1114
8755 2.4992
8756 0.2125
8757 10.3217
8758 3.8790
8759 0.9964
8760 1.1126
8761 5.6353
8762 5.3742
8763 1.9277
8764 6.7021
8765 3.4679
8766 8.6028
8767 41.2036
8768 5.3943
8769 7.8245
8770 0.8927
8771 0.4178
8772 1.6959
8773 2.6749
8774 4.4107
8775 10.7738
8776 5.4265
8777 0.1756
8778 7.5212
8779 1.4693
8780 0.6394
8781 9.8343
8782 18.7622
8783 2.5949
8784 0.7499
8785 0.9251
8786 0.5551
8787 3.0301
8788 4.1948
8789 2.5356
8790 1.1385
8791 0.1060
8792 14.7675
8793 1.4542
8794 1.8258
8795 3.4145
8796 5.2218
8797 83.5417
8798 8.2839
8799 1.9222
8800 1.3278
8801 0.3605
8802 0.9570
8803 11.2105
8804 1.6609
8805 1.0086
8806 2.9436
8807 2.5960
8808 2.4713
8809 0.3917
8810 2.4502
8811 0.6899
8812 0.2717
8813 6.7248
8814 14.9850
8815 1.9501
8816 2.7562
8817 3.6407
8818 0.5253
8819 9.3721
8820 0.6886
8821 6.0491
8822 1.6471
8823 0.4079
8824 9.5924
8825 0.5351
8826 3.0877
8827 1.8323
8828 0.7545
8829 2.2771
8830 0.2191
8831 0.6079
8832 0.5895
8833 0.5991
8834 0.2069
8835 55.9914
8836 3.3014
8837 0.5360
8838 3.3241
8839 1.2658
8840 2.2923
8841 0.1857
8842 4.1063
8843 8.7394
8844 1.6055
8845 2.1005
8846 1.8235
8847 5.1795
8848 1.4601
8849 1.0973
8850 1.0116
8851 1.9948
8852 4.9748
8853 0.7110
8854 7.6980
8855 4.1945
8856 3.0715
8857 5.2028
8858 2.3082
8859 2.8083
8860 0.4457
8861 0.3043
8862 3.2249
8863 0.8325
8864 1.3955
8865 5.8272
8866 31.9237
8867 0.6229
8868 0.3928
8869 0.5873
8870 0.4293
8871 7.9503
8872 0.8097
8873 0.2942
8874 3.3031
8875 1.6363
8876 14.9376
8877 10.0613
8878 2.7095
8879 3.7826
8880 2.7886
8881 0.6699
8882 1.0509
8883 0.7953
8884 6.7566
8885 0.5450
8886 0.4024
8887 3.4687
8888 23.0431
8889 0.8151
8890 2.1133
8891 1.2755
8892 3.7872
8893 1.5112
8894 0.6567
8895 0.1367
8896 0.4777
8897 20.2394
8898 2.7696
8899 2.0746
8900 2.6859
8901 1.1942
8902 24.8241
8903 1.0313
8904 0.9661
8905 1.0216
8906 37.8024
8907 5.0861
8908 1.2230
8909 5.2479
8910 5.5492
8911 1.1634
8912 1.5199
8913 7.1511
8914 49.2714
8915 10.6128
8916 0.4759
8917 10.7710
8918 0.4830
8919 0.5916
8920 9.6981
8921 0.7707
8922 0.9914
8923 0.1502
8924 0.5653
8925 1.9511
8926 3.6755
8927 7.9612
8928 1.2034
8929 1.4783
8930 9.3854
8931 1.0765
8932 6.3452
8933 1.8461
8934 3.4546
8935 0.0928
8936 10.7321
8937   NaN
8938 0.6952
8939 0.2714
8940 9.8604
8941 1.8929
8942 0.5260
8943 15.0089
8944 8.9216
8945 3.7792
8946 4.2190
8947 8.3584
8948 3.5617
8949 4.4297
8950 2.1940
8951 11.1734
8952 2.3025
8953 1.4769
8954 5.5801
8955 2.3653
8956 2.4804
8957 0.7255
8958 2.0555
8959 2.4296
8960 0.1984
8961 6.2673
8962   NaN
8963 1.3080
8964 3.3430
8965 4.7645
8966 1.2388
8967 1.1621
8968 0.3858
8969 3.5458
8970 4.6098
8971 0.4930
8972 0.0726
8973 9.2782
8974 1.2252
8975 9.2833
8976 0.9925
8977 0.6659
8978 3.9921
8979 5.7265
8980 7.3183
8981 4.5789
8982 3.8170
8983 0.9715
8984 5.3069
8985 3.8891
8986 3.4760
8987 4.6151
8988 8.1061
8989 0.9692
8990 3.9761
8991 8.2984
8992 1.5453
8993 0.2959
8994 5.7050
8995 0.4687
8996 2.3043
8997 2.7941
8998 1.1181
8999 1.4230
9000 1.4202
9001 2.6851
9002 2.0959
9003 1.3372
9004 4.8526
9005 1.8461
9006 0.7905
9007 0.6002
9008 1.3577
9009 1.4037
9010 0.3088
9011 0.7287
9012 0.4192
9013 2.4728
9014 3.2523
9015 0.1223
9016 0.4192
9017 0.2667
9018 2.4992
9019 4.6779
9020 1.1151
9021 78.5839
9022 4.6183
9023 1.3150
9024 2.1459
9025 2.5866
9026 1.0804
9027 0.6203
9028 2.6932
9029 1.4897
9030 1.1116
9031 4.5934
9032 0.2699
9033 1.5761
9034 2.0036
9035 1.1255
9036   NaN
9037 12.3394
9038 0.2832
9039 0.4871
9040 2.2580
9041 2.5098
9042 2.1190
9043 2.2806
9044 2.7024
9045 2.5654
9046 0.9025
9047 3.0431
9048 4.1678
9049 5.5913
9050 11.2401
9051 0.3757
9052 0.8977
9053 30.3306
9054 9.8283
9055 0.8326
9056 0.1216
9057 12.7514
9058 3.8280
9059 5.6674
9060 1.9008
9061 1.1771
9062 1.6526
9063 3.7293
9064 2.0708
9065 1.1803
9066 0.7767
9067 1.2800
9068 4.1414
9069 3.2500
9070 7.4385
9071 1.1874
9072 1.8649
9073 1.0881
9074 10.1681
9075 0.4165
9076 2.1698
9077 2.6181
9078 0.6562
9079 7.4361
9080 1.7100
9081 1.7065
9082 2.2922
9083 1.9171
9084 1.7194
9085 8.0138
9086 1.0053
9087 1.6761
9088 27.9371
9089 0.6686
9090 4.8983
9091 1.0447
9092 1.5414
9093 0.2554
9094 2.4041
9095 15.3081
9096 0.8564
9097 0.5164
9098 1.7974
9099 0.3865
9100 1.9321
9101 5.2243
9102 4.6004
9103 7.9282
9104 9.1245
9105 9.2434
9106 3.0993
9107 3.3506
9108 4.1652
9109 3.7911
9110 2.6715
9111 7.5690
9112 9.2231
9113 8.0244
9114 7.4857
9115 1.2505
9116 1.3631
9117 2.5561
9118 1.6701
9119 0.5882
9120 2.2333
9121 7.6040
9122 1.2324
9123 12.8179
9124 4.0206
9125 6.2841
9126 11.5160
9127 4.8055
9128 0.4080
9129 0.8258
9130 6.3727
9131 3.1123
9132 0.2883
9133 1.0455
9134 0.2378
9135 1.2824
9136 11.0777
9137 0.2152
9138 2.6739
9139 2.2695
9140 7.6187
9141 3.0327
9142 0.3145
9143 13.3369
9144 0.3677
9145 0.3978
9146 4.8314
9147 9.1478
9148 6.4262
9149 1.4218
9150 6.6855
9151 1.7781
9152 4.2735
9153 2.2389
9154 1.3159
9155 1.7436
9156 0.5177
9157 22.5840
9158 7.0759
9159 1.5046
9160 2.9947
9161 3.3290
9162 7.7114
9163 0.2934
9164 0.3654
9165 0.6465
9166 6.6375
9167 5.8836
9168 1.0532
9169 0.5200
9170 1.6098
9171 17.3341
9172 0.5059
9173 2.6460
9174 1.3392
9175 11.7723
9176 2.8772
9177 0.2842
9178 0.2563
9179 1.0299
9180 0.9398
9181 5.4494
9182 0.6056
9183 3.0296
9184 1.1204
9185 0.3557
9186 0.9209
9187 1.0692
9188 1.6664
9189 1.8190
9190 0.7213
9191 0.8944
9192 1.2113
9193 0.8414
9194 0.7346
9195 13.0640
9196 0.6152
9197 7.0843
9198 0.7557
9199 1.7505
9200 3.7386
9201 0.9064
9202 2.2740
9203 2.4642
9204   NaN
9205 12.3551
9206 1.4727
9207 1.0476
9208 0.7131
9209 0.7326
9210 2.6636
9211 2.4857
9212 0.3228
9213 16.0015
9214 5.2559
9215 3.9405
9216 2.9288
9217 0.5197
9218 0.9661
9219 1.6311
9220 1.0340
9221 3.3044
9222 6.5865
9223 4.1297
9224 0.1465
9225 0.9877
9226 0.3442
9227 1.0405
9228 12.6321
9229 2.0170
9230 0.2524
9231 1.7284
9232 7.7349
9233 1.0486
9234 1.7290
9235 3.3481
9236 12.3051
9237 3.0248
9238 3.6854
9239 18.4290
9240 7.6386
9241 19.2727
9242 0.5895
9243 4.3777
9244 3.6551
9245 0.3586
9246 1.0746
9247 0.5559
9248 1.6203
9249 0.8036
9250 2.6229
9251 17.1076
9252 0.9696
9253 2.3165
9254 2.8531
9255 7.3729
9256 4.5011
9257 2.0837
9258 0.3911
9259 15.4434
9260 5.1132
9261 0.5724
9262 0.5064
9263 1.3433
9264 5.0718
9265 2.6623
9266 6.3776
9267 37.9350
9268 1.6886
9269 10.0010
9270 1.1862
9271 0.9129
9272 0.3257
9273 4.9876
9274 2.0275
9275 0.5263
9276 1.2312
9277 2.8450
9278 15.5426
9279 1.9652
9280 7.3533
9281 1.0644
9282 1.3243
9283 8.2778
9284 0.8637
9285 2.7617
9286 1.7936
9287 2.2356
9288 9.8502
9289 39.6465
9290 20.7013
9291 1.5177
9292 12.8863
9293 1.0175
9294 3.1240
9295 2.3210
9296 1.0514
9297 11.4954
9298 3.7286
9299 5.8804
9300 2.0402
9301 2.6108
9302 3.1032
9303 2.7860
9304 1.8847
9305 0.7987
9306 5.3652
9307 7.0486
9308 1.0391
9309 4.4955
9310 2.0554
9311 0.9810
9312 2.5473
9313 11.4167
9314 2.8346
9315 0.3985
9316 2.9017
9317 1.7302
9318 0.8797
9319 4.5635
9320 0.3652
9321 4.9388
9322 5.6350
9323 3.7663
9324 3.0951
9325 15.3886
9326 0.1827
9327 4.1279
9328 3.5490
9329 1.0135
9330 2.3819
9331 5.3350
9332 7.3420
9333 5.5484
9334 0.9240
9335 13.2532
9336 14.6227
9337 0.8637
9338 24.1286
9339 0.3921
9340 21.6801
9341 0.2975
9342 1.5032
9343 3.0595
9344 5.7336
9345 2.2340
9346 1.4635
9347 3.5617
9348 0.3296
9349 0.6182
9350 1.3480
9351 1.7262
9352 2.3987
9353 2.6283
9354 3.6563
9355 7.0712
9356 0.4008
9357 6.8641
9358 1.1703
9359 7.9078
9360 10.0458
9361 3.1041
9362 3.0197
9363 16.4494
9364 3.1175
9365 1.3684
9366 2.9136
9367 8.3156
9368 1.0539
9369 12.1801
9370 1.1389
9371 2.1474
9372 12.2083
9373 2.2080
9374 6.2875
9375 0.4658
9376 7.0786
9377 0.7635
9378 3.2435
9379 2.5799
9380 1.5916
9381 1.9863
9382 0.2066
9383 0.9714
9384 6.2406
9385 50.0665
9386 15.1874
9387 6.1964
9388 3.2049
9389 2.8617
9390   NaN
9391 18.1760
9392 3.6744
9393 1.4529
9394 7.2261
9395 9.6908
9396 3.2988
9397 1.6736
9398 2.7554
9399 0.9682
9400 2.4116
9401 0.5161
9402 3.0585
9403 0.7334
9404 4.8037
9405 1.1319
9406 1.5704
9407 2.3140
9408 1.0249
9409 26.9506
9410 3.0917
9411 2.2678
9412 0.3417
9413 0.1716
9414 2.3269
9415 0.4940
9416 2.7370
9417 2.3555
9418 2.7239
9419 2.7404
9420 2.1319
9421 0.1503
9422 0.6152
9423 3.4980
9424 7.1378
9425 4.9402
9426 2.2963
9427 0.4902
9428 2.6876
9429 0.4590
9430 3.3436
9431 5.0227
9432 2.9779
9433   NaN
9434 1.7233
9435 3.8171
9436 9.7301
9437 1.2634
9438 0.7612
9439 0.4828
9440 3.4205
9441 0.5077
9442 0.9485
9443 2.9974
9444 3.2274
9445 0.2768
9446 3.0725
9447 2.8306
9448 0.8276
9449 2.5679
9450 10.9404
9451 3.0244
9452 0.7284
9453 2.9818
9454 1.8090
9455 0.2174
9456 1.8806
9457 0.2306
9458 2.1186
9459 0.8950
9460 4.3774
9461 4.6768
9462 0.8529
9463 0.7555
9464 3.3532
9465 4.7385
9466 1.3824
9467 0.7218
9468 0.2952
9469 1.0222
9470 4.2196
9471 0.2315
9472 0.6690
9473 0.9749
9474 0.2537
9475 4.5511
9476 0.7367
9477 4.5221
9478 2.2295
9479 1.6934
9480 13.4983
9481 0.4338
9482 1.0688
9483 3.1953
9484 1.5944
9485 5.0892
9486 4.1918
9487 0.8101
9488 2.2690
9489 7.3947
9490 38.3092
9491 0.2845
9492 3.8284
9493 7.1155
9494 5.2615
9495 4.2299
9496 2.2760
9497 4.3286
9498 3.9225
9499 1.4241
9500 0.3412
9501 0.9396
9502 14.9452
9503 0.6722
9504 6.0966
9505 2.1734
9506 1.5563
9507 10.1537
9508 1.0568
9509 1.3981
9510 4.4653
9511 5.9850
9512 3.5293
9513 7.9520
9514 4.2480
9515 2.1870
9516 0.3167
9517 2.7790
9518 0.1284
9519 2.5250
9520 13.5739
9521 3.9540
9522 1.0375
9523 0.1682
9524 0.5358
9525 2.8782
9526 14.0559
9527 2.3088
9528 1.0202
9529 13.0197
9530 3.1705
9531 1.0569
9532 0.9120
9533 0.2631
9534 1.5905
9535 3.1392
9536 1.8501
9537 5.9358
9538 2.2893
9539 1.3647
9540 1.1685
9541 0.3435
9542 8.8837
9543 8.0306
9544 7.7182
9545 1.7731
9546 0.7562
9547 5.1059
9548 35.7380
9549 5.3945
9550 8.6714
9551 1.4759
9552 1.6900
9553 0.1344
9554 1.6457
9555 6.3420
9556 3.6179
9557 1.1567
9558 0.5416
9559 0.8627
9560 0.2428
9561 2.3372
9562 1.0956
9563 3.8869
9564 0.2378
9565 5.4273
9566 2.5863
9567 0.4545
9568 1.3087
9569 2.9179
9570 0.8017
9571 0.7973
9572 3.7476
9573 0.8309
9574 3.3228
9575 3.0369
9576 1.4432
9577 0.3329
9578 3.3863
9579 4.9679
9580 1.5101
9581 0.7643
9582 0.9847
9583 3.4607
9584 0.3545
9585 21.8390
9586 2.8383
9587 7.9875
9588 3.6797
9589 0.9095
9590 59.4764
9591 1.1312
9592 0.4172
9593 30.8787
9594 8.6010
9595 16.7405
9596 0.2196
9597 4.6616
9598 0.7487
9599 17.3343
9600 2.0225
9601 0.5273
9602 1.2149
9603 1.0884
9604 1.6104
9605 0.9190
9606 5.3523
9607 1.4280
9608 0.7110
9609 1.9488
9610 0.1269
9611 0.6290
9612 0.9853
9613 3.8589
9614 6.2180
9615 8.4072
9616 1.9958
9617 1.4958
9618 2.6325
9619 3.7627
9620 1.5174
9621 4.7406
9622 0.9526
9623 6.2850
9624 5.1674
9625 4.7595
9626 0.2556
9627 2.9647
9628 19.7752
9629 1.8491
9630 0.6208
9631 0.3552
9632 0.8114
9633 0.5091
9634 4.6489
9635 4.6286
9636 0.7781
9637 3.2284
9638 1.8722
9639 33.2299
9640 2.3555
9641 6.3974
9642 32.0841
9643 1.1156
9644 2.9490
9645 11.9840
9646 21.1002
9647 1.4375
9648 2.5895
9649 4.8404
9650 4.9089
9651 1.2059
9652 1.8688
9653 0.5340
9654 20.9892
9655 0.7235
9656 7.0260
9657 3.4141
9658 0.6312
9659 6.1190
9660 5.3539
9661 2.8440
9662 0.4889
9663 0.5151
9664 0.3585
9665 13.5934
9666 3.9576
9667 1.0305
9668 3.8619
9669 9.4610
9670 2.1363
9671 0.5391
9672 1.5547
9673 1.8321
9674 1.8925
9675 0.8005
9676 0.7129
9677 1.1484
9678 3.4394
9679 10.3454
9680 6.6390
9681 9.0166
9682 2.5238
9683 2.7714
9684 13.4539
9685 5.5841
9686 1.5531
9687 7.3156
9688 3.7182
9689 9.5139
9690 0.4070
9691 0.4975
9692 0.6455
9693 1.0399
9694 0.5593
9695 0.9135
9696 2.8068
9697 4.2824
9698 4.6190
9699 13.9255
9700 0.7008
9701 1.3410
9702 1.8838
9703 0.5509
9704 4.4066
9705 0.2603
9706 12.8550
9707 1.0682
9708 2.1673
9709 14.6942
9710 4.5930
9711 0.2283
9712 2.6748
9713 5.8710
9714 22.0855
9715 0.7664
9716 1.3700
9717 0.4829
9718 2.9164
9719 1.5123
9720 0.9583
9721 1.8911
9722 1.8786
9723 0.3406
9724 1.8585
9725 2.1229
9726 5.2340
9727 3.1863
9728 8.3622
9729 0.6431
9730 0.9448
9731 2.5863
9732 1.9213
9733 0.0959
9734 2.2767
9735 1.8272
9736 5.1684
9737 1.8804
9738 3.8773
9739 5.9817
9740 6.1626
9741 2.3460
9742 2.0197
9743 11.1395
9744 0.4269
9745 7.6601
9746 2.9113
9747 1.4512
9748 3.8760
9749 6.9523
9750 5.5039
9751 26.3086
9752 5.1111
9753 4.9368
9754 1.4287
9755 0.0972
9756 6.6607
9757 0.8236
9758 0.3237
9759 0.7536
9760 12.6557
9761 1.1004
9762 0.2469
9763 0.4259
9764 0.8233
9765 2.9867
9766 6.4021
9767 3.6510
9768 1.2049
9769 4.7811
9770 0.9844
9771 1.7894
9772 4.1887
9773 5.5321
9774 1.3082
9775 0.4834
9776 1.0253
9777 0.3179
9778 1.4603
9779 3.4088
9780 0.1116
9781 0.9003
9782 1.4168
9783 2.0200
9784 20.3303
9785 1.6493
9786   NaN
9787 1.5118
9788 0.4079
9789 0.5661
9790 8.9264
9791 1.1537
9792 1.9889
9793 0.3275
9794 9.7009
9795 0.5517
9796 0.8555
9797 4.8330
9798 14.7665
9799 5.7034
9800 0.3665
9801 2.8294
9802 0.6046
9803 14.6847
9804 18.2646
9805 10.6023
9806 14.1212
9807 12.5932
9808 4.0273
9809 1.5334
9810 0.6477
9811 4.9443
9812 1.1340
9813 0.8880
9814 1.0788
9815 1.2527
9816 1.0280
9817 0.2944
9818 4.6780
9819 5.3550
9820 5.9352
9821 6.2862
9822 1.9683
9823 0.9539
9824 1.1364
9825 5.2405
9826 0.2659
9827 1.4643
9828 0.2680
9829 2.0748
9830 7.4880
9831 1.3126
9832 14.3608
9833 3.8570
9834 2.1465
9835 4.7608
9836 3.4111
9837 7.9198
9838 0.1896
9839 0.8240
9840 1.1566
9841 4.5869
9842 12.1633
9843 1.2022
9844 1.2155
9845 0.7167
9846 0.3900
9847 0.1546
9848 26.5699
9849 3.9936
9850 0.9017
9851 2.5664
9852 1.1115
9853 5.2581
9854 3.0333
9855 0.8321
9856 2.6038
9857 0.7780
9858 2.8486
9859 1.9363
9860 3.5388
9861 3.1184
9862 0.7368
9863 2.2649
9864 2.5799
9865 6.2747
9866   NaN
9867 1.7092
9868 7.8976
9869 0.6903
9870 0.8826
9871 2.6288
9872 4.0431
9873 0.6770
9874 6.2004
9875 1.8849
9876 14.6638
9877 4.9655
9878 1.8770
9879 9.8738
9880 3.5204
9881 4.8002
9882 0.5163
9883 5.0758
9884 1.9015
9885 4.1576
9886 0.4497
9887 0.3715
9888 4.8823
9889 2.0616
9890 2.2678
9891 1.7051
9892 0.2032
9893 0.1418
9894 2.1845
9895 0.6029
9896 4.7909
9897 0.1901
9898 4.6015
9899 5.7275
9900 1.5170
9901 4.1424
9902 1.0293
9903 5.4483
9904 12.4928
9905 3.6527
9906 3.5689
9907 24.9166
9908 9.3586
9909 32.4764
9910 0.9155
9911 8.5977
9912 1.6170
9913 1.3145
9914 1.1066
9915 4.0534
9916 3.3846
9917 16.7782
9918 2.9441
9919 1.8588
9920 3.8796
9921 1.7053
9922 0.6025
9923 4.9887
9924 1.0954
9925 1.9907
9926 18.8653
9927 0.3719
9928 2.1399
9929 2.3430
9930 5.6515
9931 0.9877
9932 0.8255
9933 3.6901
9934 0.6832
9935 1.6712
9936 0.4928
9937 0.4091
9938 2.7609
9939 1.1739
9940 3.0851
9941 0.1857
9942 2.0512
9943 0.4183
9944 1.3318
9945 2.1388
9946 0.3225
9947 41.2490
9948 9.7357
9949 3.3582
9950 1.5713
9951 1.0059
9952 2.1241
9953 0.2471
9954 5.3145
9955 4.5811
9956   NaN
9957 1.3169
9958 2.4209
9959 1.5753
9960 0.5467
9961 6.5566
9962 1.8091
9963 1.7694
9964 4.0116
9965 10.5112
9966 0.6277
9967 0.6920
9968 0.4595
9969 1.0223
9970 12.0789
9971 1.4881
9972 0.2181
9973 2.6816
9974 4.4371
9975 14.4892
9976 6.5264
9977 0.4697
9978 1.4021
9979 4.5956
9980 0.9545
9981 16.6089
9982   NaN
9983 13.5100
9984 6.3842
9985 1.1197
9986 2.0315
9987 0.3254
9988 0.5820
9989 7.9367
9990 1.8941
9991 18.3691
9992 0.1818
9993 11.7272
9994 3.9157
9995 0.4537
9996 1.9137
9997 7.5463
9998 1.1175
9999 0.7410
10000 3.3550
