   1 3.6241
   2 0.6673
   3 3.1168
   4 6.5659
   5 0.3005
   6 1.3951
   7 0.2997
   8 0.8209
   9 0.1508
  10 10.2627
  11 4.5784
  12 0.1700
  13 0.5567
  14 1.2987
  15 0.1914
  16 1.1038
  17 2.7282
  18 2.8858
  19 2.6011
  20 21.9357
  21 0.5319
  22 0.7728
  23 7.7470
  24 0.1778
  25 1.4360
  26 7.6954
  27 1.0192
  28 0.3452
  29 0.3439
  30 6.1918
  31 0.4189
  32 0.1307
  33 1.8615
  34 2.0754
  35 0.2178
  36 13.8285
  37 1.1286
  38 0.7804
  39 7.2135
  40 0.0947
  41 8.3962
  42 0.0954
  43 7.0093
  44 4.4344
  45 0.4283
  46 0.4912
  47 7.4176
  48 0.4233
  49 0.4814
  50 1.3194
  51 1.1178
  52 0.2203
  53 0.7843
  54 0.2878
  55 1.8659
  56 0.2534
  57 0.2402
  58 1.4660
  59 0.5033
  60 0.1765
  61 0.2761
  62 1.0472
  63 0.6257
  64 0.0985
  65 6.9740
  66 7.8842
  67 0.9238
  68 17.7433
  69 0.5706
  70 2.2900
  71 0.1183
  72 2.2680
  73 1.8257
  74 0.2284
  75 0.2107
  76 1.5332
  77 0.4344
  78 1.6799
  79 3.2343
  80 0.4004
  81 0.2797
  82 2.4915
  83 3.2717
  84 0.6867
  85 0.1602
  86 5.9797
  87 0.3945
  88 3.5933
  89 0.1258
  90 0.8972
  91 0.4091
  92 0.0851
  93 0.8570
  94 0.7260
  95 5.1598
  96 8.6291
  97 0.1877
  98 0.0964
  99 0.2128
 100 0.2861
 101 0.1465
 102 1.9974
 103 0.2617
 104 0.4875
 105 0.1136
 106 0.7392
 107 5.1324
 108 0.1807
 109 0.4922
 110 0.4881
 111 0.7362
 112 1.0668
 113 0.4519
 114 1.5996
 115 0.5368
 116 0.7226
 117 0.3761
 118 0.5548
 119 1.4059
 120 2.8356
 121 0.3152
 122 1.6475
 123 0.2857
 124 1.5631
 125 0.0810
 126 4.0506
 127 1.9532
 128 0.7576
 129 0.0785
 130 0.1675
 131 0.2021
 132 6.3692
 133 2.1520
 134 0.0941
 135 0.7084
 136 0.3655
 137 0.3121
 138 0.2899
 139 0.4545
 140 0.6658
 141 0.2725
 142 0.8933
 143 0.5464
 144 1.1779
 145 0.1242
 146 2.6342
 147 0.5264
 148 3.5034
 149 1.5597
 150 2.1049
 151 0.6760
 152 0.9625
 153 2.9447
 154 0.9820
 155 0.6238
 156 0.2925
 157 15.8983
 158 3.0493
 159 11.5137
 160 1.2434
 161 18.4319
 162 0.1121
 163 1.3739
 164 1.0467
 165 3.1873
 166 11.2852
 167 0.3963
 168 5.8951
 169 1.9456
 170 0.2857
 171 0.1228
 172 2.8253
 173 3.2445
 174 0.3754
 175 1.7885
 176 0.6552
 177 1.7177
 178 0.2508
 179 4.6683
 180 6.9786
 181 1.8163
 182 1.6370
 183 0.4206
 184 0.1618
 185 1.5532
 186 0.3399
 187 0.6764
 188 0.2402
 189 1.1360
 190 7.9214
 191 0.1674
 192 0.4238
 193 1.8047
 194 0.3751
 195 0.1430
 196 3.3138
 197 0.2023
 198 0.1366
 199 1.8347
 200 0.2864
 201 1.3868
 202 0.5319
 203 1.5104
 204 2.1211
 205 0.7225
 206 0.3182
 207 2.7137
 208 0.6810
 209 0.1080
 210 0.7625
 211 1.4698
 212 0.7822
 213 1.2076
 214 3.0005
 215 0.4411
 216 1.6674
 217 0.5179
 218 0.1602
 219 1.7280
 220 0.6185
 221 0.8406
 222 11.3130
 223 0.2098
 224 0.7106
 225 1.5846
 226 3.2709
 227 6.6533
 228 0.5308
 229 5.0014
 230 0.2694
 231 0.3290
 232 3.0902
 233 0.1295
 234 10.9523
 235 0.1815
 236 8.8693
 237 0.2256
 238 0.3377
 239 0.2733
 240 2.0659
 241 1.8607
 242 3.4735
 243 0.3880
 244 9.0628
 245 0.1428
 246 0.3132
 247 2.7624
 248 0.3039
 249 0.2769
 250 1.5033
 251 0.7201
 252 5.5243
 253 0.6576
 254 0.3471
 255 0.3114
 256 2.1008
 257 0.3524
 258 0.0901
 259 3.9327
 260 0.7431
 261 0.5728
 262 0.3474
 263 0.1367
 264 1.4117
 265 8.5856
 266 4.3910
 267 12.4289
 268 2.9943
 269 0.3064
 270 0.1856
 271 0.4933
 272 1.6487
 273 8.6154
 274 0.1044
 275 0.0933
 276 5.1526
 277 2.6344
 278 0.8448
 279 2.9689
 280 2.9246
 281 0.0732
 282 0.6340
 283 0.3621
 284 8.6655
 285 0.1593
 286 0.4088
 287 0.3487
 288 4.4851
 289 0.4385
 290 0.1310
 291 0.4611
 292 0.5939
 293 2.0437
 294 0.4462
 295 0.2306
 296 1.1197
 297 1.5123
 298 2.4238
 299 0.6989
 300 2.8398
 301 0.8103
 302 1.5300
 303 1.0139
 304 0.4442
 305 0.3331
 306 1.0311
 307 0.2998
 308 6.4184
 309 1.6865
 310 7.5738
 311 0.1075
 312 1.1381
 313 2.6625
 314 5.1002
 315 0.7978
 316 2.8082
 317 2.2917
 318 3.6984
 319 0.6979
 320 0.3525
 321 0.1782
 322 0.1390
 323 1.6254
 324 11.0924
 325 1.6064
 326 0.6794
 327 1.6853
 328 0.1606
 329 6.6493
 330 3.9867
 331 4.4299
 332 1.5744
 333 2.2732
 334 0.7952
 335 1.6074
 336 5.7375
 337 13.5124
 338 2.2896
 339 14.1702
 340 0.3542
 341 1.6457
 342 0.5857
 343 0.9273
 344 0.3707
 345 0.7227
 346 0.4638
 347 0.7203
 348 2.1092
 349 0.1560
 350 1.6826
 351 2.2449
 352 0.4934
 353 0.4745
 354 0.5767
 355 8.9267
 356 0.3252
 357 15.7592
 358 11.2168
 359 1.0828
 360 0.2904
 361 7.0899
 362 6.1897
 363 2.0654
 364 7.3823
 365 0.1474
 366 1.4037
 367 5.8661
 368 0.2069
 369 0.3284
 370 0.3437
 371 5.6724
 372 1.3060
 373 1.7283
 374 1.2364
 375 0.4139
 376 0.1724
 377 1.3913
 378 2.7607
 379 3.8442
 380 6.3317
 381 0.1939
 382 0.3444
 383 0.1009
 384 0.7911
 385 0.4571
 386 0.9435
 387 0.5272
 388 1.3281
 389 0.7695
 390 0.3080
 391 1.8002
 392 2.2855
 393 2.5522
 394 0.2935
 395 1.4502
 396 4.9293
 397 0.6460
 398 0.1046
 399 0.0790
 400 0.4972
 401 3.2125
 402 0.5107
 403 5.4627
 404 2.1205
 405 1.4881
 406 1.0250
 407 0.4802
 408 1.5751
 409 15.4671
 410 0.3786
 411 0.5219
 412 16.7056
 413 2.4389
 414 0.3473
 415 0.2241
 416 0.2413
 417 0.2856
 418 16.3714
 419 0.1957
 420 0.1179
 421 0.9656
 422 3.2305
 423 0.5870
 424 8.8775
 425 0.1558
 426 0.1122
 427 0.8971
 428 0.3512
 429 1.9630
 430 0.7452
 431 0.3051
 432 0.3332
 433 0.1267
 434 0.2775
 435 0.7215
 436 0.5694
 437 0.5400
 438 0.0892
 439 7.2539
 440 0.5066
 441 2.1494
 442 0.2039
 443 0.3029
 444 12.9927
 445 3.6170
 446 0.5547
 447 0.8557
 448 0.9878
 449 2.2015
 450 0.3402
 451 0.0927
 452 1.2782
 453 2.6333
 454 0.2492
 455 0.1043
 456 3.0363
 457 6.0249
 458 1.1553
 459 0.3235
 460 0.4640
 461 0.2835
 462 2.8297
 463 17.1885
 464 1.2434
 465 4.1118
 466 2.4011
 467 8.0684
 468 1.6325
 469 2.1846
 470 0.6016
 471 9.0162
 472 0.4111
 473 13.7642
 474 3.3593
 475 1.8951
 476 3.8701
 477 3.5119
 478 1.2300
 479 1.2603
 480 0.0741
 481 54.6476
 482 0.4547
 483 0.3552
 484 0.4003
 485 3.7866
 486 0.1797
 487 0.1624
 488 0.4235
 489 0.5741
 490 0.1766
 491 0.3951
 492 8.6115
 493 0.1986
 494 7.5690
 495 0.8344
 496 1.2698
 497 0.2366
 498 0.2013
 499 0.2892
 500 0.2833
 501 7.4309
 502 2.3192
 503 0.7130
 504 0.2137
 505 0.4047
 506 7.2105
 507 2.4038
 508 0.3432
 509 0.3880
 510 0.1047
 511 0.2946
 512 1.9498
 513 0.7696
 514 0.6911
 515 0.4705
 516   NaN
 517 0.2541
 518 7.7617
 519 1.3923
 520 3.8540
 521 3.4821
 522 0.6561
 523 5.8394
 524 3.4308
 525 6.2875
 526 0.5645
 527 1.2435
 528 1.0424
 529 3.9490
 530 2.1473
 531 0.2709
 532 0.4102
 533 0.3090
 534 1.9419
 535 0.5608
 536 0.3935
 537 0.4943
 538 0.7460
 539 0.2519
 540 0.4586
 541 2.9888
 542 5.9962
 543 2.1601
 544 3.8057
 545 9.8715
 546 3.6588
 547 0.5543
 548 0.1954
 549 0.8875
 550 2.5029
 551 6.5466
 552 0.1467
 553 1.7494
 554 3.1411
 555 13.2926
 556 0.1508
 557 0.4563
 558 0.1935
 559 3.6072
 560 0.3682
 561 0.9311
 562 1.0665
 563 6.5099
 564 0.9259
 565 0.1038
 566 6.5736
 567 2.4181
 568 1.7268
 569 0.5108
 570 0.4394
 571 0.6212
 572 6.9736
 573 3.5476
 574 0.0865
 575 7.2005
 576 0.2263
 577 0.1884
 578 0.5017
 579 0.6713
 580 1.0176
 581 0.1919
 582 0.1351
 583 1.1957
 584 0.2147
 585 1.1149
 586 12.4215
 587 0.3720
 588 0.1805
 589 0.2746
 590 2.6860
 591 0.2913
 592 1.5812
 593 0.3790
 594 0.3826
 595 0.4200
 596 0.8808
 597 2.9188
 598 0.6693
 599 0.2208
 600 0.3655
 601 0.1126
 602 0.4495
 603 4.9146
 604 0.1847
 605 0.8553
 606 1.5047
 607 0.1345
 608 1.5898
 609 1.2256
 610 0.1289
 611 1.0885
 612 0.1388
 613 0.1534
 614 0.4308
 615 1.4364
 616 0.3358
 617 0.2656
 618 3.0396
 619 0.0966
 620 0.3169
 621 3.7684
 622 0.1454
 623 1.4025
 624 0.0821
 625 0.3413
 626 11.0988
 627 0.4988
 628 0.4151
 629 0.8508
 630 2.3546
 631 0.9525
 632 1.4900
 633 7.3380
 634 1.3762
 635 0.2408
 636 0.1494
 637 2.1841
 638 2.4694
 639 0.2438
 640 2.3042
 641 2.3199
 642 1.6311
 643 0.5996
 644 3.1333
 645 1.8708
 646 0.3833
 647 4.1204
 648 2.4910
 649 0.4139
 650 1.7166
 651 0.2012
 652 0.7971
 653 0.3935
 654 1.6166
 655 9.1127
 656 1.6291
 657 1.9499
 658 3.2816
 659 12.4949
 660 0.8161
 661 3.2106
 662 0.8657
 663 0.6956
 664 3.0988
 665 0.1223
 666 1.8948
 667 4.8449
 668 13.7650
 669 4.9109
 670 0.2404
 671 0.1141
 672 1.7036
 673 0.4347
 674 11.3994
 675 0.8677
 676 0.1305
 677 2.1270
 678 3.3871
 679 0.1858
 680 0.4528
 681 0.1303
 682 10.3148
 683 0.2003
 684 0.7214
 685 2.5614
 686 0.0879
 687 2.5311
 688 0.2820
 689 0.6735
 690 0.3287
 691 0.2494
 692 0.1580
 693 4.2104
 694 0.7185
 695 9.1413
 696 0.6023
 697 5.5565
 698 0.2886
 699 0.4902
 700 0.2613
 701 1.0117
 702 0.1124
 703 0.4225
 704 7.8250
 705 0.6103
 706 1.0863
 707 0.8001
 708 2.9254
 709 0.5956
 710 3.6601
 711 2.8397
 712 6.9981
 713 10.6250
 714 0.8112
 715 6.3599
 716 2.3581
 717 4.0237
 718 0.2095
 719 1.3197
 720 0.1135
 721 0.2167
 722 0.2240
 723 0.3194
 724 0.1384
 725 0.5155
 726 0.1866
 727 0.2423
 728 2.3810
 729 1.7356
 730 0.0985
 731 0.4479
 732 0.3005
 733 0.5905
 734 0.4250
 735 0.2969
 736 1.5722
 737 0.1906
 738 0.6686
 739 1.8941
 740 0.6628
 741 0.3416
 742 0.5755
 743 0.9058
 744 5.2659
 745 0.4032
 746 0.2178
 747 0.1527
 748 1.5344
 749 0.6051
 750 2.1489
 751 3.3225
 752 0.0949
 753 4.6915
 754 0.2254
 755 2.3376
 756 1.4961
 757 11.6310
 758 1.0151
 759 0.2397
 760 1.6611
 761 0.2641
 762 0.2773
 763 0.1386
 764 3.2209
 765 2.6470
 766 6.3040
 767 1.8719
 768 1.4417
 769 5.9468
 770 0.1711
 771 0.7817
 772 0.6551
 773 0.5407
 774 4.3031
 775 3.4180
 776 4.6101
 777 5.2628
 778 5.1891
 779 2.7738
 780 0.0992
 781 9.5348
 782 11.4202
 783 1.5344
 784 0.2278
 785 7.5565
 786 1.6633
 787 0.5388
 788 11.0863
 789 2.5451
 790 0.4530
 791 5.3594
 792 0.1599
 793 7.0878
 794 6.8460
 795 1.2532
 796 0.4485
 797 0.4236
 798 1.6418
 799 0.1989
 800 5.8087
 801 4.2598
 802 0.7097
 803 3.5592
 804 2.6768
 805 2.5930
 806 0.2678
 807 0.1674
 808 2.1647
 809 4.0735
 810 1.6566
 811 3.6337
 812 0.3578
 813 0.4923
 814 0.6216
 815 2.9339
 816 1.6943
 817 1.2063
 818 0.3597
 819 2.8424
 820 1.1592
 821 3.1947
 822 0.0921
 823   NaN
 824 0.1757
 825 1.1136
 826 1.0938
 827 0.1177
 828 0.3896
 829 1.0418
 830 0.5105
 831 3.7112
 832 2.2595
 833 0.3905
 834 0.1697
 835 1.1278
 836 10.2571
 837 0.1563
 838 2.9290
 839 0.4899
 840 0.7287
 841 1.1038
 842 2.9800
 843 1.0699
 844 0.0852
 845 0.9518
 846 0.1669
 847 4.1737
 848 5.5126
 849 0.1173
 850 0.5275
 851 0.3486
 852 1.3757
 853 0.3206
 854 0.6454
 855 1.1080
 856 0.8901
 857 0.1713
 858 2.5969
 859 2.4460
 860 5.1193
 861 0.4351
 862 0.2291
 863 2.8127
 864 4.9064
 865 3.0603
 866 9.3704
 867 1.1876
 868 6.9329
 869 1.0467
 870 8.0551
 871 1.1095
 872 0.9330
 873 2.5878
 874 1.0348
 875 2.1063
 876 0.5380
 877 4.1470
 878 1.4390
 879 0.2193
 880 1.3432
 881 1.7999
 882 11.7674
 883 3.9650
 884 3.3586
 885 0.3440
 886 0.5006
 887 0.3804
 888 0.4629
 889 0.8018
 890 4.7973
 891 5.2161
 892 0.1934
 893 0.5307
 894 2.9695
 895 6.8993
 896 0.4797
 897 4.2107
 898 0.4007
 899 0.3515
 900 0.6744
 901 14.1480
 902 0.8680
 903 3.8622
 904 1.3840
 905 0.5364
 906 1.9214
 907 2.3485
 908 16.4257
 909 0.1768
 910 0.5616
 911 1.5271
 912 5.2002
 913 0.2919
 914 0.7002
 915 0.6830
 916 0.4846
 917 0.2857
 918 1.9620
 919 0.4190
 920 0.1422
 921 0.8133
 922 0.3456
 923 3.6309
 924 0.3609
 925 0.2186
 926 4.6650
 927 1.8651
 928 1.3889
 929 11.7103
 930 0.2807
 931 2.4525
 932 9.0645
 933 0.1621
 934 2.6039
 935 1.4403
 936 0.4641
 937 0.1814
 938 6.8864
 939 0.7764
 940 0.8073
 941 2.8826
 942 0.1827
 943 0.8162
 944 0.2550
 945 0.4443
 946 0.2691
 947 3.6315
 948 0.9618
 949 1.4839
 950 0.6063
 951 0.1562
 952 1.9565
 953 0.4977
 954 10.9344
 955 0.2247
 956 2.1112
 957 0.6779
 958 0.8145
 959 0.1985
 960 1.0267
 961 0.6588
 962 2.0731
 963 0.1190
 964 0.2229
 965 0.8588
 966 4.2409
 967 0.1156
 968 0.2159
 969 12.8887
 970 0.8235
 971 8.7899
 972 0.2731
 973 0.5618
 974 2.6260
 975 0.1281
 976 0.6860
 977 1.1203
 978 12.2584
 979 4.5019
 980 1.6611
 981 0.3404
 982 2.7487
 983 0.2772
 984 2.0878
 985 0.1940
 986 4.0040
 987 1.6943
 988 9.1854
 989 0.2474
 990 2.0029
 991 1.7165
 992 0.2100
 993 32.2368
 994 2.5635
 995 3.5889
 996 0.3425
 997 6.2095
 998 1.5822
 999 1.5320
1000   NaN
1001 6.2948
1002 4.0635
1003 0.1385
1004 11.1248
1005 1.8661
1006 0.4158
1007 2.8105
1008 0.5953
1009 0.9907
1010 0.8082
1011 0.5242
1012 0.3178
1013 1.9298
1014 1.7124
1015 1.1845
1016 0.5130
1017 8.9185
1018 5.7495
1019 0.5230
1020 2.2945
1021 0.2777
1022 0.1499
1023 2.4615
1024 6.1210
1025 0.1964
1026 1.0440
1027 0.0968
1028 6.2794
1029   NaN
1030 1.0681
1031 2.1677
1032 6.3882
1033 18.6046
1034 0.6880
1035 4.5367
1036 6.3373
1037 1.1870
1038 1.2310
1039 7.5105
1040 0.0938
1041 0.1487
1042 0.6500
1043 1.3240
1044 5.2123
1045 0.4551
1046 6.6404
1047 3.4408
1048 8.0252
1049 1.3874
1050 1.9806
1051 1.4592
1052 2.8697
1053 0.2322
1054 2.9802
1055 0.8609
1056 1.6558
1057 0.1539
1058 0.6523
1059 1.6123
1060 8.7247
1061 0.5056
1062 2.4157
1063 0.3460
1064 0.6383
1065 5.2110
1066 9.7534
1067 4.4613
1068 33.5764
1069 10.3527
1070 0.3988
1071 1.6019
1072 0.5134
1073 0.7303
1074 12.8573
1075   NaN
1076 0.3538
1077 0.5632
1078 0.3168
1079 0.5938
1080 2.5409
1081 3.4162
1082 2.8005
1083 0.5809
1084 0.9428
1085 0.4550
1086 1.7701
1087 2.5637
1088 1.7664
1089 2.0481
1090 0.6343
1091 0.1611
1092 0.1272
1093 1.2824
1094 2.2206
1095 0.8244
1096 1.9691
1097 0.6713
1098 0.2629
1099 0.7765
1100 3.2247
1101 0.4729
1102 10.9803
1103 0.1308
1104 0.2428
1105 2.3731
1106 2.0218
1107 0.1624
1108 0.2386
1109 0.1382
1110 2.1811
1111 0.7568
1112 1.9558
1113 10.3546
1114 0.0910
1115 4.1113
1116 0.3089
1117 1.3444
1118 0.0874
1119 0.7538
1120 0.5942
1121 0.5886
1122 0.1357
1123 0.2620
1124 0.8510
1125 0.1219
1126 0.8312
1127 0.2093
1128 1.6815
1129 0.1837
1130 0.4072
1131 2.0186
1132 0.3750
1133 0.1476
1134 0.2245
1135 0.3110
1136 1.7897
1137 1.2846
1138 6.6670
1139 5.1432
1140 4.2354
1141 0.1163
1142 0.2067
1143 0.9257
1144 8.0859
1145 0.3160
1146 0.2043
1147 1.8522
1148 2.6774
1149 0.9200
1150 1.3305
1151 0.4535
1152 0.1858
1153 8.8284
1154 5.8935
1155 2.2472
1156 0.4916
1157 0.1521
1158 0.2618
1159 0.2764
1160 0.2679
1161 9.7360
1162 0.5101
1163 0.1045
1164 0.2078
1165 8.4049
1166 2.3808
1167 0.9924
1168 0.2526
1169 2.3740
1170 0.3515
1171 6.7087
1172 0.5695
1173 1.2937
1174 1.5162
1175 1.1089
1176 0.2189
1177 3.9435
1178 0.2648
1179 0.0752
1180 0.0979
1181 0.3603
1182 0.3607
1183 0.6326
1184 0.4998
1185 0.1192
1186 3.1227
1187 0.2288
1188 0.5335
1189 2.9618
1190 3.2284
1191 0.2616
1192 0.5273
1193 4.7693
1194 7.9240
1195 0.7566
1196 13.3840
1197 0.3409
1198 0.8653
1199 0.2394
1200 1.2827
1201 5.4199
1202 3.2331
1203 1.3791
1204 0.5014
1205 0.7514
1206 0.3601
1207 6.1859
1208 3.6688
1209 1.5184
1210 16.7130
1211 0.1869
1212 2.0265
1213 4.1077
1214 0.3074
1215 4.4902
1216 3.0600
1217 0.1492
1218 2.4565
1219 1.7609
1220 7.0381
1221 1.6178
1222 2.9739
1223 0.2752
1224 0.3963
1225 0.2516
1226 0.9516
1227 0.2459
1228 0.7657
1229 0.9046
1230 1.3662
1231 2.3385
1232 0.1804
1233 5.1824
1234 2.9106
1235 0.7750
1236 0.2493
1237 3.7463
1238 0.4481
1239 0.2617
1240 0.8880
1241 0.8761
1242 3.4474
1243 2.5632
1244 5.1810
1245 0.8085
1246 8.0338
1247 2.7264
1248 2.9510
1249 2.1130
1250 1.7107
1251 0.1195
1252 2.9643
1253 6.7852
1254 8.9079
1255 2.0316
1256 1.9650
1257 0.7996
1258 6.7783
1259 12.2659
1260 1.4415
1261 2.3052
1262 0.3158
1263 0.8586
1264 4.5781
1265 6.7056
1266 1.7860
1267 1.9134
1268 0.7457
1269 9.1906
1270 1.8334
1271 0.6087
1272 1.9853
1273 1.4018
1274 1.2125
1275 0.1919
1276 1.1871
1277 1.2920
1278 2.4853
1279 0.2381
1280 0.2947
1281 0.3542
1282 2.9572
1283 13.1491
1284 2.2820
1285 0.2800
1286 6.2899
1287 8.7666
1288 0.1509
1289 0.2464
1290 0.1585
1291 1.9517
1292 16.4370
1293 6.7338
1294 0.2384
1295 0.1438
1296 1.7471
1297 0.3211
1298 1.6132
1299 4.3417
1300 1.4416
1301 1.8837
1302 0.6316
1303 1.7627
1304 1.2429
1305 0.9081
1306 2.1537
1307 0.7169
1308 1.1969
1309 23.7141
1310 1.1237
1311 0.3019
1312 0.2217
1313 0.8163
1314 0.1356
1315 1.8104
1316 2.5167
1317 1.8519
1318 2.9042
1319 1.1597
1320 2.8252
1321 0.7561
1322 1.7626
1323 0.1940
1324 0.5102
1325 1.6087
1326 0.3294
1327 2.1869
1328 0.5169
1329 2.8927
1330 0.9395
1331 0.7596
1332 0.2292
1333 0.2299
1334 2.3911
1335 0.2952
1336 1.7169
1337 4.3647
1338 0.2765
1339 0.2318
1340 0.5293
1341 0.2500
1342 0.4632
1343 0.3926
1344 0.2794
1345 7.0027
1346 0.2228
1347 0.1642
1348 0.4558
1349 1.0630
1350 2.5294
1351 2.7339
1352 0.3108
1353 0.3316
1354 0.4088
1355 0.2920
1356 0.5699
1357 0.6655
1358 6.9732
1359 0.2401
1360 1.4311
1361 0.3068
1362 0.1676
1363 0.6150
1364 6.6262
1365 0.1885
1366 0.3370
1367 2.3440
1368 0.9176
1369 3.9769
1370 0.3766
1371 0.0812
1372 0.7769
1373 3.2701
1374 5.7523
1375 0.0989
1376 1.0939
1377 0.2297
1378 1.8377
1379 0.5884
1380 2.0235
1381 1.3262
1382 0.2761
1383 0.2393
1384 1.5874
1385 0.1145
1386 10.5760
1387 1.1628
1388 0.3584
1389 0.1682
1390 1.5249
1391 0.9621
1392 0.1516
1393 0.3334
1394 0.8780
1395 2.0026
1396 2.8432
1397 1.4891
1398 0.3167
1399 8.9226
1400 0.9039
1401 0.9396
1402 1.3928
1403 4.8720
1404 0.3238
1405 3.1854
1406 1.1700
1407 0.2259
1408 4.9901
1409 0.3320
1410 1.1921
1411 2.3685
1412 8.3787
1413 0.1501
1414 0.2518
1415 0.1799
1416 0.2838
1417 6.1963
1418 9.7763
1419 4.3101
1420 1.4341
1421 4.3694
1422 0.2259
1423 0.5542
1424 0.3443
1425 0.2891
1426 0.1816
1427 0.1132
1428 0.6833
1429 0.2965
1430 0.4251
1431 0.1579
1432 0.6422
1433 5.0058
1434 0.3751
1435 0.9140
1436 0.9859
1437 0.4923
1438 11.4910
1439 1.4629
1440 0.8836
1441 0.2566
1442 1.1811
1443 0.6346
1444 0.6769
1445 2.2741
1446 6.8236
1447 0.6150
1448 0.7281
1449 2.2554
1450 6.3751
1451 2.4151
1452 2.6217
1453 0.6956
1454 1.3446
1455 0.8962
1456 2.1776
1457 0.4674
1458 1.6355
1459 0.3397
1460 0.3166
1461 1.2462
1462 1.7591
1463 0.1342
1464 0.9379
1465 1.3835
1466 0.3971
1467 6.4124
1468 0.5071
1469 0.5438
1470 4.5155
1471 4.9713
1472 0.3760
1473 1.5124
1474 0.4544
1475 0.1613
1476 3.7843
1477 0.5918
1478 0.1400
1479 2.1763
1480 0.6739
1481 2.2465
1482 0.6618
1483 0.5386
1484 4.5491
1485 4.3367
1486 1.0936
1487 2.4372
1488 0.0916
1489 0.5072
1490 0.6247
1491 0.6000
1492 2.2687
1493 0.5119
1494 0.4882
1495 3.8975
1496 1.4896
1497 2.2348
1498 2.5884
1499 1.8535
1500 0.1513
1501 2.4922
1502 0.4291
1503 0.3154
1504 0.3558
1505 0.2305
1506 0.2762
1507 0.4250
1508 0.2585
1509 0.9658
1510 0.8201
1511 8.2381
1512 0.1818
1513 3.8135
1514 7.2151
1515 0.3935
1516 3.4333
1517 7.9411
1518 1.3756
1519 0.4647
1520 7.5970
1521 1.2821
1522 0.1377
1523 2.1579
1524 2.6267
1525 0.8349
1526 2.8445
1527 1.4881
1528 1.7975
1529 0.4092
1530 0.3668
1531 1.8213
1532 6.0717
1533 0.4280
1534 0.6497
1535   NaN
1536 3.8952
1537 1.9431
1538 1.6875
1539 0.1157
1540 2.5032
1541 0.0768
1542   NaN
1543 1.1795
1544 1.7741
1545 2.2379
1546 0.2970
1547 0.7889
1548 0.3624
1549 0.4586
1550 1.9527
1551 1.9866
1552 0.2690
1553 12.2502
1554 0.3755
1555 2.0302
1556 0.8182
1557 0.2989
1558 19.5368
1559 0.1561
1560 1.5626
1561 2.2515
1562 1.6308
1563 0.8353
1564 0.8383
1565 0.7024
1566 0.1985
1567 2.8843
1568 2.2767
1569 0.1015
1570 2.8187
1571 2.2606
1572 0.3135
1573 0.7902
1574 0.1738
1575 0.6860
1576 0.1566
1577 0.2576
1578 0.9447
1579 2.8921
1580 3.2238
1581 0.5840
1582 3.1198
1583 10.9489
1584 1.0422
1585 1.8517
1586 2.7745
1587 7.8713
1588 0.9741
1589 2.6888
1590 0.4806
1591 1.7886
1592 1.2653
1593 6.4477
1594 7.4838
1595 0.3445
1596 1.3028
1597 10.7232
1598 0.7702
1599 0.1504
1600 0.6572
1601 0.5114
1602 0.2357
1603 1.0496
1604 0.2187
1605 0.6164
1606 0.1573
1607 0.3834
1608 3.0090
1609 0.1747
1610 0.3471
1611 0.0942
1612 0.2385
1613 0.2350
1614 0.8875
1615 0.7457
1616 3.2072
1617 1.6819
1618 0.4162
1619 0.7892
1620 3.9572
1621 1.3215
1622 0.1629
1623 3.7481
1624 1.6230
1625 2.3605
1626 0.7415
1627 2.5609
1628 9.9677
1629 0.3478
1630 0.2728
1631 0.6266
1632 0.4253
1633 6.4540
1634 2.8887
1635 0.8568
1636 1.4234
1637 1.3193
1638 11.2760
1639 0.1069
1640 0.8315
1641 1.7032
1642 2.3822
1643 0.4877
1644 0.9935
1645 6.6444
1646 0.5368
1647 7.0751
1648 0.1061
1649 1.4975
1650 1.9317
1651 0.4219
1652 1.2201
1653 0.2411
1654 3.3203
1655 0.2722
1656 0.0988
1657 4.7328
1658 7.3753
1659 0.5627
1660 0.1033
1661 0.2539
1662 1.8385
1663 0.1139
1664 1.7197
1665 0.2336
1666 0.2495
1667 9.3806
1668 2.1213
1669 0.0808
1670 5.1933
1671 6.1727
1672 0.5167
1673 1.9095
1674 1.0494
1675 0.1792
1676 2.3691
1677 0.2511
1678 0.9792
1679 5.6327
1680 1.4805
1681 0.2258
1682 3.8109
1683 5.1607
1684 0.2180
1685 1.9475
1686 0.5208
1687 0.1889
1688 0.1249
1689 4.1198
1690 9.0156
1691 0.9975
1692 0.3345
1693 5.5246
1694 1.6647
1695 4.8558
1696 4.1455
1697 0.1924
1698 1.9781
1699 0.8220
1700 4.4313
1701 0.6260
1702 0.4838
1703 1.4857
1704 0.2655
1705 0.8028
1706 0.1651
1707 0.1124
1708 0.2700
1709 1.3094
1710 0.4508
1711 7.9288
1712 0.2072
1713 0.2060
1714 0.4903
1715 7.1813
1716 5.3407
1717 3.6580
1718 0.3297
1719 0.1140
1720 4.9177
1721 0.1468
1722 1.2213
1723 0.2575
1724 0.5074
1725 1.6235
1726 1.8248
1727 2.4107
1728 0.8887
1729 5.9825
1730 1.4643
1731 0.7404
1732 1.1379
1733 3.8277
1734 0.2799
1735 2.3416
1736 0.1615
1737 0.1673
1738 0.4632
1739 0.8781
1740 0.4354
1741 0.4819
1742 10.0830
1743 0.4461
1744 1.5991
1745 0.1576
1746 13.1171
1747 1.3720
1748 0.1066
1749 0.6911
1750 0.3248
1751 4.4625
1752 10.7007
1753 7.6178
1754 1.4051
1755 3.5413
1756 1.8874
1757 0.1911
1758 0.8514
1759 0.4513
1760 0.6895
1761 0.2533
1762 2.1389
1763 0.6385
1764 4.5509
1765 3.6711
1766 1.5316
1767 0.4242
1768 21.9516
1769 0.1294
1770 8.3364
1771 0.2050
1772 1.0360
1773 0.3123
1774 0.3920
1775 0.7576
1776 3.5751
1777 0.8686
1778 1.5005
1779 1.5402
1780 0.6770
1781 1.0279
1782 13.0578
1783 0.0906
1784 1.0895
1785 0.1359
1786 0.6348
1787 1.3494
1788 4.8025
1789 0.1536
1790 0.2556
1791 7.1438
1792 0.5021
1793 12.7827
1794 4.4697
1795 0.6844
1796 6.0107
1797 0.5522
1798 4.5117
1799 0.2493
1800 2.2131
1801 5.8980
1802 1.6296
1803 0.3562
1804 0.1558
1805 2.2280
1806 0.2192
1807 0.5782
1808 6.7812
1809 4.5316
1810 0.5740
1811 1.6080
1812 3.0372
1813 1.7136
1814 0.6209
1815 2.9844
1816 0.1119
1817 0.4546
1818 0.2920
1819 1.7538
1820 1.1419
1821 0.2057
1822 0.3329
1823 2.6480
1824 0.3650
1825 0.3444
1826 0.4620
1827 2.3334
1828 8.8479
1829 5.7695
1830 0.2259
1831 1.0062
1832 4.1165
1833 0.2566
1834 0.4814
1835 3.5737
1836 0.1106
1837 0.3123
1838 1.2310
1839 0.9651
1840 1.4654
1841 0.5506
1842 1.2845
1843 1.2736
1844 6.5946
1845 2.4320
1846 0.1572
1847 18.3068
1848 0.8223
1849 0.1251
1850 13.3817
1851 0.6800
1852 0.1861
1853 2.7614
1854 1.0423
1855 8.6810
1856 0.2576
1857 0.4669
1858 2.5971
1859 6.0691
1860 0.2087
1861 0.8790
1862 0.2660
1863 0.7601
1864 1.4994
1865 0.4023
1866 3.0153
1867 0.4349
1868 7.2239
1869 0.7214
1870   NaN
1871 0.2786
1872 0.3192
1873 0.1196
1874 3.5228
1875 0.9805
1876 4.6267
1877 2.5733
1878 1.7911
1879 0.2514
1880 0.8877
1881 2.8587
1882 0.3760
1883 4.4070
1884 1.9891
1885 1.0517
1886 0.7439
1887 0.4750
1888 11.8580
1889 1.7986
1890 3.9140
1891 2.3268
1892 3.5483
1893 0.1717
1894 2.4886
1895   NaN
1896 0.3152
1897 0.1510
1898 0.5261
1899 0.9082
1900 0.6722
1901 0.7083
1902 1.3089
1903 0.2464
1904 1.4383
1905 0.7503
1906 0.4403
1907 0.3764
1908 6.2399
1909 0.1606
1910 0.0956
1911 0.8151
1912 8.7286
1913 4.9755
1914 9.9996
1915 0.1176
1916 7.1647
1917 0.4226
1918 1.4227
1919 1.1048
1920 0.1595
1921 0.6342
1922 12.4493
1923 0.3587
1924 1.4935
1925 3.4765
1926 0.3363
1927 1.4886
1928 0.1978
1929 0.4151
1930 0.4749
1931 5.3846
1932 3.8553
1933 2.4369
1934 2.3137
1935 0.8782
1936 1.0873
1937 0.1457
1938 3.7688
1939 9.3233
1940 3.9804
1941 0.4663
1942 0.1539
1943 0.8485
1944 0.3593
1945 0.1148
1946 9.9927
1947 4.7524
1948 0.0755
1949 1.0558
1950 0.9203
1951 2.2688
1952 21.8669
1953 1.7436
1954 0.5932
1955 0.1905
1956 1.1917
1957 0.1127
1958 3.8569
1959 0.5131
1960 1.5257
1961 1.3097
1962 0.5827
1963 0.6113
1964 0.6628
1965 0.1422
1966 7.2982
1967 3.8671
1968 0.4060
1969 2.7937
1970 4.3473
1971 0.3454
1972 0.4050
1973 0.7305
1974 0.1169
1975 0.6520
1976 16.8147
1977 0.4692
1978 2.0345
1979   NaN
1980 0.2410
1981 0.1412
1982 6.7547
1983 0.1005
1984 8.9528
1985 2.0269
1986 15.8005
1987 2.4069
1988 2.3293
1989 12.7292
1990 0.6068
1991 0.5424
1992 0.2193
1993 4.2422
1994 2.0915
1995 9.9558
1996 3.5815
1997 0.4231
1998 3.4529
1999 0.4719
2000 0.2568
2001 0.1784
2002 0.2248
2003 2.5112
2004 2.0043
2005 1.4534
2006 1.8463
2007 0.3140
2008 1.8786
2009 2.7658
2010 0.2338
2011 3.2507
2012 0.1595
2013 4.1981
2014 0.1039
2015 9.6180
2016 1.5739
2017 0.4204
2018 1.7777
2019 3.6651
2020 0.2179
2021 0.3762
2022 0.1856
2023 0.2163
2024 2.0968
2025   NaN
2026 0.1588
2027 0.5373
2028 3.2389
2029 5.0953
2030 0.0980
2031 1.4114
2032 3.0542
2033 0.2729
2034 0.6183
2035 0.1606
2036 0.2479
2037 0.3933
2038 10.5247
2039 0.2239
2040 4.1106
2041 2.2202
2042 6.1173
2043 0.3670
2044 0.9018
2045 2.6786
2046 4.0487
2047 1.9208
2048 0.1759
2049 2.0896
2050 1.2144
2051 0.7478
2052 0.2496
2053 0.4019
2054 3.6117
2055 0.5967
2056 0.1331
2057 0.5119
2058 24.6450
2059 0.1495
2060 2.0880
2061 0.2015
2062 0.1275
2063 1.4579
2064 1.5057
2065 0.4372
2066 1.2590
2067 2.9238
2068 6.6016
2069 2.4139
2070 3.2351
2071 0.1897
2072 0.7699
2073 2.1118
2074 1.1576
2075 1.6018
2076 0.1595
2077 2.3407
2078 0.1999
2079 0.4101
2080 0.2097
2081 0.1181
2082 0.9811
2083 2.3293
2084 1.0591
2085 1.2265
2086 0.4980
2087 1.5887
2088 8.9745
2089 4.1454
2090 1.9278
2091 1.2153
2092 0.3106
2093 8.5095
2094 0.3845
2095 0.1456
2096 0.5473
2097 0.1499
2098 7.0718
2099 1.2876
2100 0.1305
2101 5.0480
2102 3.9851
2103 0.7157
2104 0.2721
2105 1.2551
2106 0.3635
2107 0.4937
2108 0.8446
2109 0.3322
2110 1.2155
2111 0.9241
2112 3.3699
2113 1.9055
2114 0.6926
2115 0.3244
2116 2.8656
2117 0.1035
2118 0.1582
2119 2.6873
2120 3.0135
2121 0.3969
2122 3.8846
2123 1.3180
2124 0.0811
2125 0.4527
2126 0.7304
2127 0.8280
2128 22.6640
2129 1.0926
2130 0.7789
2131 0.3370
2132 1.6143
2133 0.0952
2134 0.1316
2135 2.3303
2136 0.1845
2137 2.1506
2138 0.8694
2139 3.1202
2140 0.2228
2141 0.6126
2142 0.9668
2143 0.8978
2144 0.5962
2145 6.1345
2146 0.3578
2147 2.4488
2148 1.5229
2149 0.2776
2150 0.4604
2151 0.5924
2152 0.6808
2153 3.8481
2154 0.9375
2155 0.4118
2156 1.5603
2157 0.4189
2158 1.5363
2159 1.3992
2160 8.9909
2161 0.0744
2162 15.7983
2163 2.8132
2164 1.2051
2165 0.5804
2166 0.1084
2167 2.4636
2168 0.2411
2169 1.1587
2170 3.4347
2171 3.4583
2172 0.5463
2173 2.5598
2174 0.8461
2175 0.3080
2176 0.1795
2177 1.1321
2178 3.1645
2179 1.4409
2180 1.6472
2181 0.4942
2182 3.1485
2183 0.4901
2184 0.6561
2185 0.3735
2186 2.7477
2187 9.4309
2188 0.3648
2189 1.4595
2190 0.7608
2191 0.2504
2192 0.1818
2193 0.5543
2194 0.2326
2195 2.7564
2196 0.3174
2197 1.7778
2198 0.0810
2199 0.5599
2200 0.6798
2201 6.0626
2202 2.8241
2203 2.1704
2204 4.0195
2205 0.2074
2206 0.2344
2207 0.9999
2208 0.2038
2209 0.5317
2210 1.3655
2211 0.1480
2212 1.4070
2213 3.7619
2214 3.4083
2215 2.7434
2216 2.6074
2217   NaN
2218 0.6805
2219 1.2693
2220 5.3972
2221 3.4368
2222 2.4771
2223 0.4233
2224 0.3588
2225 3.0997
2226 0.6577
2227 3.2795
2228 0.2491
2229 0.4132
2230 0.3968
2231 0.1069
2232 1.3008
2233 1.1730
2234 0.8264
2235 0.1703
2236 2.3236
2237 0.8455
2238 8.1966
2239 5.5569
2240 0.2477
2241 0.3588
2242 0.1044
2243 1.3336
2244 1.1206
2245 1.2244
2246 0.5956
2247 0.5966
2248 1.2826
2249 0.4848
2250 1.3492
2251 2.0818
2252 0.5477
2253 0.4348
2254 0.1536
2255 5.3214
2256 2.6209
2257 0.7633
2258 0.4315
2259 2.2613
2260 1.2848
2261 1.6838
2262 0.4805
2263 0.7780
2264 0.1220
2265 0.3939
2266 0.1542
2267 3.6350
2268 0.2636
2269 5.1625
2270 0.1749
2271 0.3016
2272 9.6305
2273 0.8247
2274 2.3841
2275 2.2531
2276 0.5394
2277 1.1834
2278 0.7444
2279 2.1954
2280 0.6567
2281 1.3561
2282 0.6518
2283 1.6741
2284 0.3858
2285 0.5640
2286 5.8179
2287 4.4474
2288 1.6013
2289 1.8600
2290 1.8614
2291 0.2052
2292 0.2634
2293 4.8830
2294 0.3506
2295 0.1136
2296 6.5507
2297 6.2494
2298 8.3245
2299 0.5458
2300 0.1557
2301 0.2841
2302 1.2074
2303 0.1498
2304 0.1747
2305 2.1065
2306 1.3072
2307 1.2628
2308 1.4650
2309 0.4843
2310 1.1808
2311 3.7930
2312 0.2005
2313 10.7105
2314 0.6950
2315 0.8579
2316 1.8204
2317 1.9492
2318 0.3313
2319 0.4263
2320 15.8271
2321 1.1259
2322 2.0189
2323 5.3065
2324 4.7957
2325 6.5828
2326 2.2863
2327 0.3913
2328 0.6698
2329 0.5282
2330 1.8944
2331 1.3721
2332 4.3640
2333 0.7234
2334 3.3747
2335 1.8099
2336 1.2854
2337 1.1444
2338 0.1732
2339 0.8371
2340 0.8863
2341 0.6598
2342 2.8764
2343 2.6546
2344 0.7351
2345 0.1102
2346 2.6646
2347 0.3285
2348 0.8608
2349 0.1273
2350 0.2087
2351 0.5011
2352 5.2704
2353 0.9641
2354 0.7531
2355 2.1334
2356 1.8533
2357 0.8702
2358 0.2152
2359 0.1063
2360 1.8743
2361 0.2129
2362 0.3826
2363 1.7620
2364 1.4460
2365 0.1315
2366 4.3597
2367 0.2695
2368 4.9170
2369 2.2990
2370 1.1292
2371 1.3128
2372 0.4213
2373 2.0598
2374 0.9122
2375 0.0892
2376 0.3006
2377 1.0876
2378 1.4946
2379 1.4199
2380 1.8261
2381 0.3523
2382 0.6056
2383 0.2594
2384 4.7404
2385 3.3615
2386 0.6231
2387 17.4343
2388 0.3506
2389 0.4179
2390 0.1144
2391 8.7134
2392 1.0527
2393 3.7471
2394 0.4787
2395 8.6779
2396 0.3029
2397 5.5882
2398 0.1997
2399 6.1128
2400 2.7316
2401 1.3096
2402 1.7798
2403 0.3280
2404 0.0981
2405 0.3585
2406 4.9550
2407 1.4143
2408 1.8661
2409 0.2554
2410 0.1997
2411 1.9730
2412 2.4914
2413 0.1008
2414 0.1910
2415 0.6004
2416 0.4885
2417 0.5802
2418 0.2137
2419 5.2775
2420 0.9131
2421 1.4464
2422 0.2410
2423 0.2749
2424 0.8041
2425 0.3193
2426 3.6522
2427 0.1374
2428 0.8889
2429 1.0272
2430 2.4195
2431 3.0028
2432 3.3576
2433 1.6470
2434 0.4469
2435 2.2448
2436 0.2129
2437 1.4397
2438 0.4646
2439 1.4627
2440 1.8172
2441 0.5409
2442 0.8912
2443 0.7104
2444 8.9343
2445 0.8727
2446 4.7705
2447 0.6139
2448 7.8008
2449 2.5459
2450 3.4027
2451 5.7889
2452 1.8111
2453 1.5877
2454 12.3209
2455 0.4335
2456 0.4000
2457 8.2770
2458 2.3920
2459 0.9781
2460 3.1173
2461 0.7026
2462 1.9751
2463 2.5689
2464 1.4748
2465 5.3993
2466 0.8472
2467 0.5250
2468 2.9184
2469 0.2864
2470 0.6528
2471 0.6934
2472 6.2538
2473 0.1922
2474 9.4658
2475 1.3153
2476 0.3136
2477 9.6706
2478 0.3329
2479 0.2664
2480 0.4521
2481 1.6632
2482 0.3286
2483 0.4094
2484 0.0782
2485 0.6992
2486 0.1994
2487 0.9767
2488 0.7928
2489 0.5443
2490 0.7896
2491 0.7964
2492 3.0165
2493 1.0980
2494 0.2618
2495 4.0666
2496 0.6555
2497 0.2568
2498 0.7000
2499 0.6853
2500 0.3866
