   1 2.9720
   2 2.1765
   3 3.7359
   4 15.1913
   5 10.8536
   6 0.3507
   7 0.2813
   8 1.2484
   9 8.5717
  10 2.1752
  11   NaN
  12 9.6592
  13 2.9488
  14 0.4551
  15 0.6637
  16 14.6215
  17 4.0457
  18 12.5347
  19 0.4660
  20 15.9675
  21 17.1342
  22 3.5151
  23 4.1656
  24 10.4344
  25 1.7141
  26 6.0075
  27 0.2697
  28 3.4593
  29 14.7652
  30 5.7976
  31 0.4383
  32 10.4413
  33 0.2623
  34 5.5396
  35 2.6650
  36 5.0234
  37 0.8310
  38 1.1787
  39 1.2667
  40 1.4602
  41 5.4292
  42 1.6933
  43 0.3004
  44 8.5138
  45 6.6019
  46 0.3376
  47 0.9934
  48 0.3958
  49 2.6901
  50 19.8473
  51 6.7514
  52 5.5760
  53 0.1788
  54 0.0823
  55 8.6256
  56 0.3345
  57 2.0132
  58 1.7952
  59 13.0684
  60 19.6511
  61 14.6052
  62 8.9724
  63 3.3120
  64 1.6726
  65 1.5029
  66 15.3274
  67 0.6275
  68 3.0506
  69 0.2748
  70 6.3766
  71 1.3646
  72 2.6485
  73 0.4380
  74 6.3132
  75 0.5386
  76 0.0884
  77 20.2411
  78 2.0926
  79 4.7906
  80 0.7773
  81 6.9785
  82 3.1536
  83 1.7156
  84 1.4457
  85 3.8450
  86 0.1214
  87 12.4800
  88 1.2410
  89 0.4260
  90 0.3434
  91 1.5726
  92 5.1748
  93 0.5053
  94 0.2585
  95 8.7536
  96 9.5323
  97 2.3402
  98 0.2798
  99 15.8143
 100 0.4373
 101 0.2359
 102 1.9627
 103 1.7310
 104 4.9425
 105 0.2617
 106 1.6056
 107 8.8613
 108 1.0831
 109 4.3543
 110 2.4353
 111 0.7329
 112 3.0626
 113 8.7213
 114 0.9511
 115 16.6412
 116 8.4473
 117 0.4442
 118 2.0113
 119 1.9938
 120 0.8390
 121 2.5040
 122 0.1821
 123 0.2497
 124 5.0746
 125 9.4246
 126 2.4503
 127 4.6172
 128 1.9267
 129 2.6770
 130 6.6212
 131 3.5338
 132 0.5587
 133 0.1659
 134 6.3655
 135 0.5055
 136 4.4367
 137 0.7522
 138 4.4647
 139 0.3787
 140 3.1169
 141 1.4327
 142 3.9486
 143 2.3892
 144 0.6150
 145 7.4994
 146 5.5182
 147 0.6256
 148 15.2071
 149 0.6480
 150 3.8635
 151 2.6142
 152 2.6370
 153 3.5742
 154 11.7745
 155 3.8156
 156 0.6960
 157 3.9782
 158 8.0001
 159 0.2885
 160   NaN
 161 3.7631
 162 1.9056
 163 2.6775
 164 2.0434
 165 0.3077
 166 5.7825
 167 14.1586
 168 1.0402
 169 2.0530
 170 0.8622
 171 0.2407
 172 0.3833
 173 3.7171
 174 7.9032
 175 4.0983
 176 6.8531
 177 1.0276
 178 0.5862
 179 0.5240
 180 2.6300
 181 12.7771
 182 2.1402
 183 0.1037
 184 10.4997
 185 11.0521
 186 1.1117
 187 11.6416
 188 4.4294
 189 0.1813
 190 3.6811
 191 4.7602
 192 0.7864
 193 13.2748
 194 9.2126
 195 0.8621
 196 0.4650
 197 0.8554
 198 7.0186
 199 9.3168
 200 5.2089
 201 5.8832
 202 0.6108
 203 1.0969
 204 1.5522
 205 9.1735
 206 1.7359
 207 1.4307
 208 1.3212
 209 0.5065
 210 1.8489
 211 0.3727
 212 10.3457
 213 3.5838
 214 3.8260
 215 4.2150
 216 5.5872
 217 3.5237
 218 2.2085
 219 1.2729
 220 5.2275
 221 6.3185
 222 1.9102
 223 2.1513
 224 1.0104
 225 19.7823
 226 2.2614
 227 0.7691
 228 2.5182
 229 3.8464
 230 10.3356
 231 14.2380
 232 3.6159
 233 1.7374
 234 5.4363
 235 1.7129
 236 0.8491
 237 0.4990
 238 3.9625
 239 15.5730
 240 3.6851
 241 5.6838
 242 3.7619
 243 0.1690
 244 6.2133
 245 0.4114
 246 0.3957
 247 1.1815
 248 0.2663
 249 0.9606
 250 8.7014
 251 3.2891
 252 0.7432
 253 1.4379
 254 3.3441
 255 1.2821
 256 6.1134
 257 29.4542
 258 3.9048
 259 0.4259
 260 5.8461
 261 20.4771
 262 1.1792
 263 1.7358
 264 1.0633
 265 15.9735
 266 4.4256
 267 6.7666
 268 12.9372
 269 6.1075
 270 0.1461
 271 1.4192
 272 1.1942
 273 16.7395
 274 1.7298
 275 0.5116
 276 6.8148
 277 1.8412
 278 0.2587
 279 1.4339
 280 0.4573
 281 0.8389
 282 19.3824
 283 30.9899
 284 4.8028
 285 6.8062
 286 3.8248
 287 0.3916
 288 6.9698
 289   NaN
 290 8.0548
 291 23.2183
 292 2.2447
 293 12.2550
 294 3.4038
 295 1.7163
 296 7.4298
 297 1.3138
 298 0.2246
 299 5.5414
 300 13.5613
 301 0.8067
 302 2.1608
 303 0.8469
 304 4.3258
 305 0.3464
 306 0.7169
 307 1.5350
 308 7.6044
 309 2.7341
 310 0.2797
 311 0.3906
 312 0.4084
 313 3.0804
 314 0.8200
 315 2.0227
 316 4.5158
 317 4.4524
 318 1.2693
 319 1.5900
 320 0.5387
 321 0.4814
 322 1.5944
 323 1.0147
 324 1.5958
 325 0.2933
 326 0.7976
 327 0.8006
 328 2.0541
 329 2.0225
 330 1.7588
 331 1.5737
 332 0.2349
 333 4.0065
 334 2.0468
 335 0.5407
 336 4.8010
 337 5.2847
 338 16.4058
 339 12.4572
 340 7.0264
 341 6.3187
 342 4.5264
 343 0.7187
 344 15.1897
 345 0.3566
 346 4.9246
 347 1.1910
 348 1.3001
 349 0.3126
 350 0.1932
 351 3.1991
 352 0.2416
 353 5.0611
 354 3.1017
 355 0.4951
 356 3.4042
 357 0.6822
 358 4.2126
 359 4.6352
 360 4.6995
 361 15.8416
 362 0.9805
 363 5.2613
 364 8.0692
 365 3.2443
 366 9.1324
 367 2.4859
 368 1.3945
 369 0.7044
 370   NaN
 371 3.0024
 372 4.8275
 373 2.8233
 374 4.0857
 375 2.7280
 376 5.5662
 377 3.8775
 378 2.0475
 379 5.6406
 380 14.2881
 381 2.9264
 382 4.3477
 383 1.0394
 384 1.6689
 385 13.9068
 386 4.2379
 387 1.7361
 388 7.4577
 389 4.2187
 390 7.0571
 391 4.0465
 392 0.1887
 393 7.8053
 394 0.2372
 395 3.0314
 396 2.9842
 397 0.2051
 398 0.3226
 399 2.7871
 400 16.3602
 401 2.1234
 402 0.1804
 403 0.2946
 404 2.5640
 405 4.7644
 406 11.5160
 407 8.2847
 408 4.6107
 409 1.8874
 410 2.9969
 411 1.9784
 412 3.8399
 413 0.8673
 414 3.0572
 415 2.1661
 416 2.2870
 417 0.2522
 418 16.2959
 419 0.3797
 420 1.1981
 421 4.0682
 422 10.1371
 423 1.8583
 424 3.0132
 425 10.3541
 426 43.1419
 427 8.3142
 428 14.2051
 429 1.9744
 430 6.3829
 431 4.6076
 432 14.1020
 433 1.2700
 434 7.3410
 435 0.4135
 436 3.0655
 437 0.3467
 438 14.0746
 439 5.4592
 440 7.2074
 441 7.5273
 442 2.0156
 443 5.3370
 444 8.5903
 445 11.0355
 446 13.4973
 447 16.6954
 448 0.4947
 449 7.5723
 450 2.0718
 451 0.1595
 452 3.0110
 453 8.0018
 454 0.2651
 455 8.7488
 456 7.3750
 457 0.2718
 458 7.3097
 459 0.9214
 460 15.7848
 461 7.6205
 462 2.3719
 463 19.7779
 464 3.1458
 465 2.7165
 466 0.8967
 467 6.9256
 468 6.7066
 469 0.4547
 470 22.2462
 471 7.0475
 472 2.4805
 473 0.2551
 474 9.7206
 475 6.0264
 476 8.9678
 477 12.7782
 478 8.1016
 479 3.9598
 480 2.8146
 481 16.9463
 482 0.3492
 483 2.4150
 484 1.2978
 485 1.4336
 486 10.0105
 487 0.4503
 488 11.1676
 489 4.4135
 490 3.6952
 491 5.0799
 492 4.0521
 493 0.2571
 494 0.4336
 495 5.6340
 496 3.7476
 497 2.4412
 498 14.3902
 499 0.2510
 500 0.3873
 501 5.1737
 502 2.1852
 503 0.1557
 504 28.5720
 505 1.1388
 506 2.0872
 507 5.1357
 508 12.8700
 509 2.5730
 510 2.0389
 511 1.6886
 512 6.9510
 513 9.7823
 514 14.8210
 515 0.8718
 516 28.8665
 517 0.8077
 518 15.7625
 519 0.9605
 520 4.4308
 521 9.0177
 522 0.7708
 523 1.2628
 524 0.6503
 525 1.4801
 526 2.9206
 527 1.8947
 528 6.0746
 529 6.9777
 530 1.5673
 531 1.6988
 532 9.1466
 533 0.5269
 534 0.6311
 535 6.2705
 536 4.0367
 537 6.2774
 538 13.6572
 539 1.3556
 540 4.8645
 541 10.0948
 542 4.1359
 543 9.8263
 544 3.0831
 545 3.8406
 546 0.1499
 547 19.9813
 548 0.2175
 549 9.0268
 550 7.8674
 551 5.0491
 552 0.8929
 553 3.5165
 554 0.9361
 555 1.0204
 556 1.3802
 557 6.3809
 558 3.1332
 559 6.5552
 560 3.2875
 561 2.5408
 562 4.1784
 563 0.2792
 564 0.4529
 565 10.3364
 566 0.5891
 567 1.4372
 568 0.9879
 569 20.2592
 570 4.2163
 571 0.4389
 572 1.3857
 573 0.4982
 574 2.4857
 575 1.7983
 576 1.4363
 577 7.4105
 578 10.4500
 579 2.0660
 580 3.7684
 581 4.5110
 582 0.3462
 583 3.7343
 584 0.5649
 585 0.3439
 586 1.7709
 587 1.0743
 588 1.5395
 589 6.0972
 590 0.1928
 591 0.3025
 592 14.0549
 593 20.9849
 594 0.3538
 595 6.9076
 596 3.9133
 597 0.2355
 598 0.3520
 599 8.1406
 600 1.3908
 601 2.1759
 602 0.9454
 603 3.5248
 604 0.8692
 605 13.0654
 606 6.2025
 607 0.6498
 608 0.7849
 609 0.4351
 610 2.9326
 611 12.0445
 612 1.6484
 613 8.8454
 614 0.7693
 615 9.1489
 616 0.1990
 617 3.4097
 618 10.1981
 619 1.7069
 620 1.1308
 621 0.5487
 622 7.3663
 623 0.3224
 624 10.7765
 625 0.4089
 626 1.4953
 627 4.0634
 628 1.8133
 629 5.6975
 630 10.6459
 631 22.8443
 632 18.9816
 633 1.7389
 634 1.1442
 635 1.2597
 636 5.5329
 637 0.1875
 638 0.5679
 639 12.7738
 640 0.9969
 641 14.1757
 642 0.1615
 643 10.1416
 644 2.4874
 645 0.3950
 646 1.5619
 647 4.8057
 648 0.0979
 649 1.0661
 650 0.7260
 651 7.8035
 652 2.7533
 653 0.5748
 654 2.2292
 655 0.2061
 656 1.7065
 657 18.2058
 658 6.6527
 659 17.2212
 660 0.2370
 661 6.4579
 662 0.4518
 663 8.2468
 664 0.3550
 665 16.2862
 666 1.4852
 667 2.6539
 668 1.0277
 669 2.0987
 670 0.2815
 671 1.1042
 672 5.6506
 673 5.5936
 674   NaN
 675 1.8059
 676 1.6554
 677 0.7699
 678 1.8943
 679 3.2995
 680 8.0024
 681 0.2484
 682 11.1892
 683 9.2321
 684 7.4422
 685 2.3421
 686 8.1217
 687 1.1844
 688 4.8213
 689 2.1410
 690 6.8168
 691 0.2668
 692 0.7505
 693 1.8476
 694 0.8206
 695 3.0951
 696 7.7895
 697 1.1253
 698 1.8299
 699 0.1910
 700 2.9574
 701 11.5776
 702 2.0509
 703 8.3278
 704 8.3220
 705 0.7676
 706 13.0904
 707 3.7829
 708 1.5191
 709 8.1345
 710 0.7649
 711 11.2500
 712 6.4482
 713 14.0358
 714 0.7777
 715 20.7939
 716 2.0968
 717 0.3218
 718 0.3009
 719 0.6569
 720 1.7562
 721 1.1849
 722 4.0841
 723 3.1806
 724 4.3581
 725 3.9827
 726 1.9922
 727 7.2321
 728 0.4073
 729 1.8886
 730 2.6480
 731 2.1922
 732 14.1428
 733 14.6598
 734 22.6915
 735 1.1129
 736 3.8471
 737 1.9612
 738 5.7020
 739 3.4108
 740 1.1772
 741 2.0887
 742 1.4447
 743 23.5622
 744 1.0230
 745 0.3109
 746 3.0992
 747 0.5539
 748 11.6305
 749 0.2062
 750 0.2958
 751 4.5191
 752 1.5862
 753 3.3952
 754 0.5921
 755 3.9018
 756 2.5230
 757 1.2014
 758 0.7692
 759 10.1458
 760 1.4908
 761 3.5345
 762 0.8726
 763 2.4342
 764 1.5880
 765 1.0721
 766 1.4387
 767 3.5869
 768 1.6278
 769 0.1475
 770 6.5588
 771 1.2432
 772 1.5928
 773 0.6576
 774 6.9189
 775 1.9824
 776 11.2678
 777 1.3438
 778 10.3897
 779 2.7736
 780 26.0020
 781 10.7292
 782 3.0438
 783 4.0694
 784 9.1964
 785 0.8209
 786 0.6322
 787 21.9357
 788 0.6513
 789 5.8977
 790 2.9449
 791 13.6672
 792 0.1591
 793 10.8297
 794 7.8144
 795 2.4183
 796 2.7935
 797 4.4589
 798 3.4133
 799 1.6015
 800 2.9233
 801 0.7568
 802 0.8382
 803 5.5284
 804 2.6536
 805 1.6105
 806 5.1002
 807 0.5549
 808 3.6143
 809 1.6529
 810 3.6812
 811 3.2392
 812 2.2451
 813 0.1815
 814 1.0107
 815 6.8865
 816 3.7227
 817 6.7076
 818 2.6413
 819 1.7842
 820 0.8592
 821 1.9723
 822 3.9121
 823 9.9521
 824 1.0133
 825 4.8786
 826 0.1162
 827 2.5058
 828 5.6434
 829 4.0120
 830 1.9460
 831 0.1821
 832 0.2357
 833 0.5386
 834 2.0183
 835 2.0813
 836 10.0947
 837 1.2287
 838 1.8172
 839 2.6066
 840 0.4812
 841 6.1425
 842 4.9896
 843 11.8928
 844 1.7835
 845 1.4738
 846 5.6873
 847 23.8709
 848 3.7583
 849 4.1918
 850 8.5401
 851 0.9084
 852 1.4813
 853 11.5688
 854 0.8132
 855 2.4241
 856 2.2965
 857 9.6018
 858   NaN
 859 13.9703
 860 2.1205
 861 1.8076
 862 0.4629
 863 3.3624
 864 12.5484
 865 0.7928
 866 1.9045
 867 1.2731
 868 0.2984
 869 6.6882
 870 0.6951
 871 0.3627
 872 0.9022
 873 0.5279
 874 0.2951
 875 1.4512
 876 11.6460
 877 0.4780
 878 1.0074
 879 20.9671
 880 6.2081
 881 0.4558
 882 0.2664
 883 3.2436
 884 8.2302
 885 0.3398
 886 3.6282
 887 7.7583
 888 7.5880
 889 1.3510
 890 0.2421
 891 7.2394
 892 5.2521
 893 0.8588
 894 4.3453
 895 1.7061
 896 12.2427
 897 0.1404
 898 7.8567
 899 0.9049
 900 1.8707
 901 5.0026
 902 8.1920
 903 16.6923
 904 4.0326
 905 16.0017
 906 1.9345
 907 4.5743
 908 1.0405
 909 6.5561
 910 2.3279
 911 2.5051
 912 3.5051
 913 0.8721
 914 3.1574
 915 2.1736
 916 0.6246
 917 5.7867
 918 0.3184
 919 0.3666
 920 5.6801
 921 0.8125
 922 3.1000
 923 2.4112
 924 7.0558
 925 15.1587
 926 15.7014
 927 12.1649
 928 0.0933
 929 11.5214
 930 5.5844
 931 2.4587
 932 0.2589
 933 0.1521
 934 2.1029
 935 0.4103
 936 0.4493
 937 1.4117
 938 0.6200
 939 0.2600
 940 0.7470
 941 4.4185
 942 4.0678
 943 0.3302
 944 10.6633
 945 10.5927
 946 0.3183
 947 4.6862
 948 8.4084
 949 3.3067
 950 2.4894
 951 5.1562
 952 2.5602
 953 0.3037
 954 1.2172
 955 0.1767
 956 8.7297
 957 16.0549
 958 1.5861
 959 43.5004
 960 1.7380
 961 5.4844
 962 3.5492
 963 11.9110
 964 3.0911
 965 0.3865
 966 4.0988
 967 0.6112
 968 1.9271
 969 5.0038
 970 0.2928
 971 0.4533
 972 1.7161
 973 0.1979
 974 0.5542
 975 4.2610
 976 9.4198
 977 8.5923
 978 12.9963
 979 4.3673
 980 0.1693
 981 0.1480
 982 8.7893
 983 0.7306
 984 16.7949
 985 0.3985
 986 21.9341
 987 1.3287
 988 11.9348
 989 6.6445
 990 10.9798
 991 4.7474
 992 1.2350
 993 1.9281
 994 1.4757
 995 2.6769
 996 6.7217
 997 2.0899
 998 0.8541
 999 18.8454
1000 17.3058
1001 11.2331
1002 4.3518
1003 0.4756
1004 2.1833
1005 4.0205
1006 0.6890
1007 7.1261
1008 2.5463
1009 17.5492
1010 10.0672
1011 11.0802
1012 9.1720
1013 6.4183
1014 2.6890
1015 10.1295
1016 0.2777
1017 5.2055
1018 3.2292
1019 17.6937
1020 2.6675
1021 12.8947
1022 3.5941
1023 10.9444
1024 1.3849
1025 4.9180
1026 0.4586
1027 3.0813
1028 1.3279
1029 3.6411
1030 1.6793
1031 0.9028
1032 3.4317
1033 9.6906
1034 8.8530
1035 3.0037
1036 0.7132
1037 6.7085
1038 1.4366
1039 0.5861
1040 1.1110
1041 0.8987
1042 4.8253
1043 25.9171
1044 3.6503
1045 0.2145
1046 10.0885
1047 4.5895
1048 2.2386
1049 14.1141
1050 23.4858
1051 0.2989
1052 3.4980
1053 0.6472
1054 0.2697
1055 0.3085
1056 0.1139
1057 12.7089
1058 7.2806
1059 4.4131
1060 5.0000
1061 1.7488
1062 0.7380
1063 3.2158
1064 0.9489
1065 2.9986
1066 0.2418
1067 4.2275
1068 1.2166
1069 18.5745
1070 9.0714
1071 0.6359
1072 11.8855
1073 3.1227
1074 13.2697
1075 0.8566
1076 2.9585
1077 0.9199
1078 0.7450
1079 9.3153
1080 0.6259
1081 7.1050
1082 14.7746
1083 5.9945
1084 1.1199
1085 4.8699
1086 6.0151
1087 9.2243
1088 0.7553
1089 11.8317
1090 13.7526
1091 3.7673
1092 5.2079
1093 2.7109
1094 4.9275
1095 1.0861
1096 8.8396
1097 2.7431
1098 17.7490
1099 7.0882
1100 2.5901
1101 4.7893
1102 8.0223
1103 0.1772
1104 0.3308
1105 1.2055
1106 0.2460
1107 0.2593
1108 1.4222
1109 7.3129
1110 3.0487
1111 0.9262
1112 12.0464
1113 0.5495
1114 1.4999
1115 2.1692
1116 3.1853
1117 1.9502
1118 1.4770
1119 1.2676
1120 9.9660
1121 10.4593
1122 5.3791
1123 15.0929
1124 0.5284
1125 4.4294
1126 14.3352
1127 13.3285
1128 0.3316
1129 2.7872
1130 0.4760
1131 7.6710
1132 3.3964
1133 0.2878
1134 1.8826
1135 7.6948
1136 4.4338
1137 18.0386
1138 0.3107
1139 11.2404
1140 3.8595
1141 1.9790
1142 0.2096
1143 1.3599
1144 12.0445
1145 0.3478
1146 6.1662
1147 1.8775
1148 0.9082
1149 6.8034
1150 9.2728
1151 3.0733
1152   NaN
1153 13.8747
1154   NaN
1155 0.8819
1156 6.1544
1157 6.2254
1158 4.3774
1159 2.8862
1160 0.5431
1161 13.8604
1162 7.7771
1163 0.1245
1164 3.0575
1165 12.7378
1166 1.3625
1167 9.6321
1168 3.3592
1169 3.9474
1170 0.7459
1171 5.7747
1172 1.3133
1173 0.1988
1174 5.9291
1175 2.1003
1176 2.1746
1177 3.8278
1178 0.1206
1179 0.4105
1180 3.3344
1181 14.6937
1182 6.3115
1183 0.0886
1184 4.1803
1185 0.3252
1186 6.1723
1187 1.1236
1188 2.1192
1189 1.5692
1190 1.5095
1191 1.4184
1192 0.2619
1193 2.5699
1194 3.8797
1195 2.9845
1196 1.8531
1197 0.5285
1198 4.8477
1199 3.5275
1200 8.8213
1201 6.0534
1202 8.8195
1203 15.0684
1204 8.0337
1205 14.5641
1206 2.7855
1207 17.9747
1208 17.0796
1209 0.9667
1210 4.1446
1211 0.9917
1212 1.9543
1213 4.0308
1214 1.0469
1215 7.0200
1216 0.7238
1217 1.9013
1218 2.6536
1219 3.6062
1220 2.2374
1221 8.0958
1222 5.9930
1223 0.3568
1224 3.1399
1225 12.1354
1226 2.6949
1227 1.1531
1228 0.3407
1229 3.4624
1230 1.7007
1231 0.4761
1232 5.8164
1233 4.2989
1234 0.9899
1235 1.5845
1236 0.2111
1237 7.4905
1238 5.6004
1239 5.3054
1240 5.1908
1241 20.8370
1242 7.3015
1243 2.9094
1244 5.3374
1245 0.3034
1246 8.6885
1247 10.4547
1248 0.8645
1249 17.2626
1250 0.2525
1251 0.6783
1252 1.4981
1253 1.8629
1254 1.3314
1255 2.6554
1256 12.9555
1257 1.6482
1258 10.5045
1259 0.5000
1260 2.2391
1261 5.4787
1262 0.0822
1263 16.8840
1264 11.0866
1265 1.5337
1266 8.4849
1267 7.4924
1268 11.7071
1269 6.3004
1270 1.6906
1271 7.8983
1272 0.1015
1273 9.8929
1274 4.4240
1275 2.3698
1276 2.1846
1277 2.8332
1278 48.9364
1279 0.3797
1280 7.1911
1281 2.6535
1282 2.5206
1283 0.6525
1284 2.4291
1285 2.9747
1286 0.2390
1287 16.8982
1288 1.6772
1289 0.1511
1290 12.0038
1291 0.2669
1292 4.3130
1293 2.1831
1294 1.8762
1295 43.0037
1296 1.4822
1297 2.4952
1298 8.9790
1299 6.4665
1300 2.8394
1301 2.0239
1302 6.7950
1303 0.7275
1304 13.3766
1305 7.6975
1306 0.3370
1307 0.0993
1308 0.3909
1309 2.5879
1310 4.7444
1311 0.2338
1312 10.7739
1313 4.3941
1314 6.9565
1315 0.7545
1316 1.3758
1317 0.5611
1318 0.8089
1319 4.7253
1320 6.2509
1321 1.5416
1322 1.5416
1323 0.6265
1324 1.2750
1325 1.1462
1326 8.3252
1327 19.1441
1328 9.5299
1329 0.6518
1330 7.0051
1331 10.1148
1332 12.6448
1333 0.7422
1334 8.0506
1335 0.4006
1336 0.1575
1337 10.2078
1338 3.0808
1339 1.6806
1340 17.9679
1341 1.1149
1342 1.4712
1343 5.6338
1344 4.0127
1345 0.5285
1346 7.6216
1347 1.5264
1348 5.9133
1349 0.0809
1350 0.9748
1351 0.6122
1352 6.2180
1353 1.3316
1354 1.7709
1355 0.5642
1356 2.1515
1357 6.8135
1358 9.9574
1359 7.9976
1360 0.2433
1361 3.4607
1362 17.0220
1363 10.6911
1364 0.3014
1365 0.3664
1366 0.6870
1367 1.0645
1368 2.0529
1369 2.8656
1370 0.1882
1371 8.4777
1372 1.3696
1373 0.3123
1374 1.5663
1375 1.9714
1376 1.7548
1377 3.0500
1378 1.7506
1379 20.3606
1380 1.3452
1381 9.8573
1382 1.0381
1383 7.0826
1384 1.8801
1385 3.4414
1386 3.1311
1387 0.1768
1388 3.3002
1389 14.1678
1390 0.4969
1391 6.5170
1392 2.2946
1393 11.9725
1394 1.9011
1395 9.7424
1396 4.4635
1397 3.6557
1398 19.9068
1399 10.2755
1400 2.1653
1401 0.1228
1402 1.6935
1403 8.7022
1404 7.9988
1405 1.7245
1406 1.0824
1407 27.4953
1408 17.4258
1409 1.7431
1410 2.6561
1411 4.8964
1412 9.0343
1413 1.4130
1414 4.6342
1415 3.1162
1416 2.9195
1417 2.2132
1418 1.4894
1419 7.3449
1420 0.8395
1421 0.5578
1422 8.1584
1423 9.7756
1424 1.6988
1425 2.0922
1426 1.2195
1427 1.7838
1428 3.9535
1429 5.3017
1430 0.6828
1431 5.0329
1432 6.6895
1433 2.3318
1434 0.2306
1435 3.4383
1436 8.0020
1437 0.8901
1438 4.4157
1439 0.3563
1440 1.7693
1441 8.0880
1442 0.2488
1443 3.7070
1444 9.9151
1445 16.0690
1446 10.3809
1447 3.3080
1448 4.8795
1449 8.8475
1450 12.3909
1451 1.8073
1452 4.1126
1453 11.9846
1454 13.0210
1455 4.8206
1456 6.6229
1457 1.6142
1458 8.7411
1459 1.9840
1460 0.2262
1461 14.9463
1462 5.3867
1463 3.6417
1464 1.2310
1465 2.0640
1466 0.9331
1467 0.2327
1468 0.2135
1469 0.3240
1470 2.6025
1471 0.5286
1472 2.5747
1473 1.4934
1474 2.0120
1475 1.3768
1476 2.5255
1477 3.3671
1478 2.5301
1479 6.4504
1480 0.2960
1481 12.0792
1482 2.0904
1483 0.1647
1484 0.4461
1485 0.1589
1486 5.6605
1487 0.8212
1488 1.8921
1489 0.4102
1490 13.4995
1491 0.4526
1492 0.3761
1493 0.5257
1494 0.5135
1495 4.5202
1496 11.6899
1497 1.5368
1498 1.6518
1499 0.4566
1500 2.1297
1501 6.1445
1502 1.7083
1503 0.6465
1504 0.5452
1505 4.5591
1506 7.7825
1507 0.3107
1508 5.2870
1509 1.7004
1510 7.4018
1511 3.4770
1512 17.0198
1513 1.0084
1514 8.9019
1515 2.0214
1516 19.3739
1517 1.4281
1518 1.1634
1519 9.3296
1520 0.7617
1521 2.6123
1522 11.9742
1523 2.4780
1524 1.7138
1525 0.8748
1526 1.1087
1527 0.2064
1528 1.2517
1529 4.7009
1530 12.2489
1531 2.2379
1532 0.8834
1533 9.0106
1534 29.1043
1535 12.1022
1536 3.6107
1537 12.0583
1538 7.0724
1539 8.6875
1540 16.0873
1541 1.8594
1542 0.1863
1543 0.4466
1544 1.6403
1545 4.8443
1546 3.5755
1547 6.3850
1548 0.6115
1549 4.5712
1550 8.5157
1551 3.7705
1552 2.0961
1553 5.3920
1554 3.0182
1555 1.4244
1556 1.1745
1557 2.3694
1558 1.9506
1559 7.1542
1560 0.8053
1561 2.0461
1562 2.7396
1563 9.0788
1564 0.9125
1565 14.8926
1566 11.6094
1567 4.9303
1568 17.1315
1569 4.6734
1570 1.2529
1571 0.1063
1572 7.6824
1573 3.5573
1574 9.3422
1575 4.8556
1576 4.5873
1577 2.3978
1578 0.1189
1579 5.6522
1580 1.2368
1581 3.7231
1582 5.5498
1583 0.1724
1584 4.1230
1585 4.4380
1586 11.5239
1587 11.1235
1588 4.1944
1589 1.9823
1590 1.7789
1591 9.1430
1592 6.6207
1593 4.3073
1594 14.6893
1595 18.9887
1596 3.7208
1597 1.1769
1598 1.0016
1599 1.9847
1600 4.8255
1601 12.1782
1602 2.4793
1603 0.4197
1604 3.2279
1605 0.1519
1606 0.4610
1607 13.2418
1608 1.8918
1609   NaN
1610 1.8520
1611 11.7109
1612 4.8992
1613 0.4329
1614 6.2681
1615   NaN
1616 6.5556
1617 1.7853
1618 3.0158
1619 0.4222
1620 1.6825
1621 12.8172
1622 1.8343
1623 5.3909
1624 6.7638
1625 8.6197
1626 0.1280
1627 15.3682
1628 0.9969
1629 10.3123
1630 1.2444
1631 1.4170
1632 0.1645
1633 0.1118
1634 25.0742
1635 0.2628
1636 2.2091
1637 4.7253
1638 3.0146
1639 2.1607
1640 2.9961
1641 5.4765
1642 4.2926
1643 2.9527
1644 53.3619
1645 11.6923
1646 1.6881
1647 1.5714
1648 7.6842
1649 2.5449
1650 0.7672
1651 7.1155
1652 1.6959
1653 0.1000
1654 0.4110
1655 0.8290
1656 0.2663
1657 8.2372
1658 2.6066
1659 0.7781
1660 13.3884
1661 4.2212
1662 2.1988
1663 0.9061
1664 0.8349
1665 4.7745
1666 0.5558
1667 1.8301
1668 6.4998
1669 2.3303
1670 0.6857
1671 6.4469
1672 2.4419
1673 16.9856
1674 1.1717
1675 2.9101
1676 2.2131
1677 4.0726
1678 4.1105
1679   NaN
1680 9.0475
1681 14.2427
1682 5.8969
1683 2.1137
1684 0.6078
1685 5.2043
1686 7.1596
1687 15.7344
1688 32.3106
1689 5.5616
1690 1.7262
1691 1.1376
1692 4.3260
1693 23.0706
1694 9.0870
1695 4.3740
1696 1.8715
1697 10.7945
1698 2.5863
1699 1.5106
1700   NaN
1701 1.3288
1702 0.4750
1703 0.9518
1704 0.6059
1705 1.3538
1706 9.6692
1707 1.0739
1708 1.6863
1709 0.9563
1710 11.6795
1711 2.8558
1712 1.9468
1713 2.3296
1714 0.5703
1715 1.5131
1716 4.3984
1717 1.5703
1718 2.4178
1719 17.5078
1720 0.4353
1721 3.6430
1722 4.8227
1723 14.8593
1724 19.4598
1725 1.9996
1726 1.5444
1727 3.1741
1728 6.5515
1729 0.5497
1730 0.1921
1731 2.8716
1732 11.6227
1733 14.7184
1734 24.5591
1735 7.0011
1736 3.0150
1737 4.4095
1738 2.5786
1739 5.5988
1740 0.6579
1741 0.3847
1742 0.1327
1743 0.4239
1744 1.1853
1745 2.8885
1746 5.0938
1747 3.2926
1748 14.7393
1749 2.9412
1750 5.2857
1751   NaN
1752 6.1463
1753 12.9289
1754 3.8560
1755 1.4407
1756 0.4561
1757 8.3876
1758 1.3287
1759 5.9126
1760 5.4460
1761 12.4535
1762 2.3360
1763 8.3141
1764 1.0277
1765 3.0358
1766 0.1954
1767 1.5116
1768 5.2749
1769 13.1340
1770 0.5980
1771 13.4400
1772 1.2713
1773 3.6591
1774 1.3582
1775 11.9665
1776 0.3011
1777 6.1090
1778 0.1767
1779 7.3546
1780 0.2681
1781 0.3806
1782 0.3244
1783 2.5172
1784 0.4635
1785 1.4487
1786 3.3469
1787 6.2641
1788 3.8571
1789 2.0040
1790 3.7315
1791 11.3532
1792 3.8897
1793 1.1460
1794 12.3089
1795 13.3855
1796 11.4007
1797 2.1878
1798 7.3555
1799 0.8914
1800 6.9679
1801 0.6370
1802 2.3936
1803 0.7760
1804 2.0229
1805 0.2948
1806 2.8796
1807 1.6164
1808 0.6819
1809 10.9403
1810 1.4116
1811 2.2644
1812 3.0162
1813 0.2391
1814 11.6321
1815 2.8651
1816 8.8038
1817 3.6403
1818 0.6348
1819 8.6602
1820 8.0883
1821 1.6250
1822 0.6725
1823 1.2086
1824 2.4790
1825 1.0208
1826 9.6976
1827 2.4111
1828 0.2223
1829 2.0024
1830 1.9893
1831 12.1183
1832 0.0825
1833 0.1913
1834 0.0758
1835 2.4705
1836 8.2783
1837 15.8770
1838 0.3137
1839 3.3204
1840 3.5382
1841 0.2481
1842 16.0464
1843 4.1888
1844 2.8554
1845 3.4484
1846 3.8430
1847 2.8417
1848 16.9886
1849 0.1964
1850 9.7157
1851 2.9202
1852 8.7875
1853 0.4990
1854 5.7262
1855 2.8433
1856 0.0785
1857 1.5618
1858 2.3392
1859 15.1277
1860 0.4300
1861 0.5345
1862 0.2210
1863 2.3919
1864 0.4051
1865 7.8660
1866 1.1761
1867 0.1899
1868 4.7631
1869 0.1014
1870 0.1179
1871 4.9571
1872 11.9459
1873 4.1782
1874 1.1090
1875 0.1571
1876 1.7388
1877 6.9982
1878 8.5598
1879 0.6061
1880 3.1672
1881 0.3188
1882 1.1134
1883 4.1509
1884 32.5303
1885 6.8514
1886 0.9772
1887 0.6839
1888 1.6224
1889 1.4831
1890 3.1532
1891 7.5474
1892 0.8455
1893 16.9090
1894 0.8461
1895 7.0578
1896 3.2977
1897 2.6752
1898 1.4170
1899 1.4058
1900 4.8143
1901 2.1844
1902 15.2562
1903 7.1916
1904 4.2473
1905 3.7474
1906 0.4321
1907 15.3916
1908 21.3594
1909 0.3410
1910 2.4845
1911 7.6389
1912 5.3545
1913 1.7746
1914 21.2951
1915 3.7924
1916 1.7482
1917 3.8095
1918 1.6725
1919 1.8887
1920 5.1454
1921 11.2829
1922 1.1779
1923 2.7582
1924 1.8977
1925 2.3343
1926 2.2183
1927 1.2383
1928 11.0231
1929 5.2971
1930 0.5686
1931 7.0272
1932 0.6719
1933 3.0691
1934 3.1183
1935 2.6481
1936 0.8616
1937 10.3088
1938 5.3780
1939 2.5331
1940 5.7163
1941 1.8607
1942 14.2047
1943 0.1947
1944 15.9789
1945 4.3083
1946 17.3951
1947 0.5810
1948 9.8542
1949 1.1872
1950 0.1190
1951   NaN
1952 0.4296
1953 0.6975
1954 1.6351
1955 2.8874
1956 5.1857
1957 2.6627
1958 1.7086
1959 3.7524
1960 2.1308
1961 0.8022
1962 0.2677
1963 1.2486
1964 12.2098
1965 6.5090
1966 2.0262
1967 0.9590
1968 0.7421
1969 1.0283
1970 7.8427
1971 2.1052
1972 1.4987
1973 0.4368
1974 8.0960
1975 1.5274
1976 1.3856
1977 1.5486
1978 0.3267
1979 4.9323
1980 0.1574
1981 1.2234
1982 4.0720
1983 0.7265
1984 3.7851
1985 0.9572
1986 2.7477
1987 7.4144
1988 0.8409
1989 6.2007
1990 1.1038
1991 0.8821
1992 2.3147
1993 0.3896
1994 1.9903
1995 9.6102
1996 3.3789
1997 2.1853
1998 1.7628
1999 0.5395
2000 10.5869
2001 2.1335
2002 1.7335
2003 2.2837
2004 0.5899
2005 3.1024
2006 0.1906
2007 6.0963
2008 10.2907
2009 2.8244
2010 2.0863
2011 6.7971
2012 5.4718
2013 3.8434
2014 1.1434
2015 1.6655
2016 6.1432
2017 2.9764
2018 1.8130
2019 8.7224
2020 16.7873
2021 8.2762
2022 8.3038
2023 10.1495
2024 3.6392
2025 8.6316
2026 0.4262
2027 1.8517
2028 13.0237
2029 4.1715
2030 0.3158
2031 2.0263
2032 0.5901
2033 0.3610
2034 4.2198
2035 3.9842
2036 2.1936
2037 6.0072
2038 7.0747
2039 8.5559
2040 6.4564
2041 8.4464
2042 17.4536
2043 0.2100
2044 1.0293
2045 2.6532
2046 0.6979
2047 0.2548
2048 3.1436
2049 0.7684
2050 0.2064
2051 3.9782
2052 5.1703
2053 1.0113
2054 0.2075
2055 1.0467
2056 0.1621
2057 3.8503
2058 6.2294
2059 0.4902
2060 5.4550
2061 12.6213
2062 1.0041
2063 0.2976
2064 0.9162
2065 0.9915
2066 2.1065
2067 0.1082
2068 16.5430
2069 1.5018
2070 3.1119
2071 2.8368
2072 17.2432
2073 0.6546
2074 3.0988
2075 4.8014
2076 10.2582
2077 0.5823
2078 5.8428
2079 7.5138
2080 2.3689
2081 1.4555
2082 2.5051
2083 9.6368
2084 8.3690
2085 6.8508
2086 3.3104
2087 7.7407
2088 7.1467
2089 0.5589
2090 0.2999
2091 0.1233
2092 0.4471
2093 12.2468
2094 8.0603
2095 4.7839
2096 0.6726
2097 3.2514
2098 3.3039
2099 0.4892
2100 1.4239
2101 3.1837
2102 1.5187
2103 3.5473
2104 3.3781
2105 1.4720
2106 11.2677
2107 1.1707
2108 5.2290
2109 2.9003
2110 4.7715
2111 1.3214
2112 7.9278
2113 5.6812
2114 0.6759
2115 1.2367
2116 6.7104
2117 4.1523
2118 1.0799
2119 0.4242
2120 1.7340
2121 1.8776
2122 2.8298
2123 0.4155
2124 0.8527
2125 6.0767
2126 0.9975
2127 2.3195
2128 5.1280
2129 0.5863
2130 1.3746
2131 2.7748
2132 7.6861
2133 4.2482
2134 7.8201
2135 0.4115
2136 8.5482
2137 3.8828
2138 5.2841
2139 1.5300
2140 0.4947
2141 0.6603
2142 43.6927
2143 9.7114
2144 0.4522
2145 1.8644
2146 2.2253
2147 3.7105
2148 1.4935
2149 1.8499
2150 3.0363
2151 0.6125
2152 1.0287
2153 0.1690
2154 0.8744
2155 0.3760
2156 0.8023
2157 7.6814
2158 0.7953
2159 15.0163
2160 14.2770
2161 0.7562
2162 2.1128
2163 1.5314
2164 0.2153
2165 2.5923
2166 2.5153
2167 1.7442
2168 1.3067
2169 3.1152
2170 0.3815
2171 10.3945
2172 0.4391
2173 4.9526
2174 3.2676
2175 1.0037
2176 0.1974
2177 13.8585
2178 1.6431
2179 0.7973
2180 4.9365
2181 8.6354
2182 5.6803
2183 5.2503
2184 2.3097
2185 16.9089
2186 2.1807
2187 1.7067
2188 2.6816
2189 1.4764
2190 0.3313
2191 3.8846
2192 1.7340
2193 0.2514
2194 1.7365
2195 0.1300
2196 0.6959
2197 5.0117
2198 1.2762
2199 1.2448
2200 7.5282
2201 0.8520
2202 7.9966
2203 6.3451
2204 10.1493
2205 4.2783
2206 3.3044
2207 0.3895
2208 0.2509
2209 0.3865
2210 1.6607
2211   NaN
2212 3.7407
2213 16.4361
2214 1.6742
2215 3.6296
2216 0.6633
2217 0.2649
2218 16.3425
2219 14.4335
2220 4.2286
2221 4.0330
2222 2.1981
2223 15.6377
2224 6.5390
2225 0.9651
2226 2.2299
2227 9.5413
2228 4.4795
2229 0.8727
2230 1.3402
2231 0.6699
2232 0.2947
2233 8.0346
2234 11.3982
2235 0.8117
2236 10.1962
2237 1.3441
2238 4.5150
2239 0.7317
2240 0.2725
2241 1.1512
2242 1.1635
2243 3.2759
2244 0.9059
2245 12.9885
2246 15.3393
2247 3.4044
2248 16.9516
2249 6.1460
2250 0.9902
2251 4.7992
2252 0.7614
2253 14.6807
2254 0.3628
2255 0.6352
2256 13.3119
2257 3.9649
2258 0.5342
2259 1.2740
2260 0.7481
2261 0.5189
2262 2.0123
2263 2.8561
2264 0.4723
2265 1.2379
2266 2.1879
2267 7.1077
2268 4.5359
2269 6.2101
2270 4.3178
2271 2.2368
2272 0.3260
2273 2.3500
2274 6.5942
2275 22.7800
2276 0.5883
2277 2.7050
2278 10.7765
2279 1.0135
2280 0.9810
2281 3.1297
2282 7.6900
2283 6.9508
2284 2.3411
2285 6.6728
2286 10.6588
2287 10.6409
2288 4.5773
2289 0.5199
2290 5.1635
2291 3.5407
2292 4.2173
2293 1.6934
2294 0.4220
2295 4.9135
2296 13.1302
2297 33.6611
2298 0.5217
2299 5.2208
2300 9.0051
2301 0.4520
2302 10.3672
2303 3.1878
2304 8.3169
2305 2.5315
2306 6.6247
2307 3.1165
2308 0.8609
2309 10.5437
2310 0.7467
2311 1.0269
2312 1.8296
2313 1.1365
2314 16.3157
2315 1.0965
2316 2.0552
2317 11.2762
2318 9.4223
2319 4.8678
2320 1.3287
2321 18.3874
2322 3.5829
2323 4.1180
2324 20.7874
2325 0.2997
2326 6.7017
2327 5.3263
2328 2.4824
2329 1.2265
2330 5.7328
2331 13.9892
2332 5.4491
2333 0.1920
2334 19.4977
2335 17.9817
2336 3.7123
2337 5.4018
2338 2.4195
2339 2.8356
2340 0.9036
2341 4.6560
2342 16.9377
2343 5.0093
2344 3.9025
2345 0.3386
2346 1.7217
2347 2.6601
2348 0.2300
2349 13.7601
2350 1.3157
2351 1.6476
2352 0.4773
2353 2.5990
2354 6.3581
2355 0.9104
2356 9.1219
2357 0.6473
2358 3.5481
2359 1.6376
2360 3.4766
2361 10.1907
2362 0.3428
2363 2.1844
2364 1.9339
2365 4.1111
2366 3.9944
2367 0.5645
2368 0.1042
2369 3.0717
2370 0.4812
2371 0.4005
2372 4.5767
2373 5.7139
2374 3.9764
2375 10.8113
2376 21.6941
2377 0.1778
2378 0.4602
2379 0.5357
2380 0.3749
2381 6.5583
2382 2.4145
2383 4.5357
2384 10.4201
2385 0.7552
2386 4.6207
2387 6.3781
2388 6.7695
2389 6.5218
2390 1.0140
2391 3.7747
2392 0.7940
2393 6.7556
2394 2.0632
2395 0.3326
2396 7.3098
2397 7.2111
2398 11.7517
2399 12.5282
2400 0.8303
2401 5.6178
2402 15.0941
2403 0.6827
2404 14.4355
2405 0.8446
2406 0.8717
2407 1.5157
2408 2.7367
2409 0.7868
2410 6.5628
2411 0.7555
2412 0.9094
2413 6.4735
2414 3.1442
2415 0.3978
2416 0.8732
2417 1.0430
2418 3.4021
2419 1.3823
2420   NaN
2421 2.6405
2422 4.8306
2423 0.1068
2424 2.7516
2425 6.7281
2426 0.2163
2427 10.1198
2428 0.8717
2429 2.3639
2430 0.8953
2431 11.0108
2432 11.3307
2433 1.4465
2434 2.0475
2435 0.3421
2436 0.8672
2437 1.2694
2438 3.2271
2439 0.7057
2440 0.4369
2441 0.9451
2442 0.1346
2443 2.4407
2444 10.9285
2445 6.4358
2446 16.2997
2447 4.1757
2448 0.5369
2449 4.4678
2450 10.0926
2451 2.8865
2452 8.9788
2453 0.5717
2454 4.1780
2455 0.8260
2456 0.8511
2457 0.5788
2458 1.4159
2459 9.5515
2460 0.1672
2461 0.1460
2462 4.2752
2463 3.0713
2464 6.2552
2465 2.9287
2466 0.2909
2467 1.6179
2468 3.2168
2469 9.3418
2470 5.8254
2471 12.6913
2472 0.5224
2473 4.5654
2474 1.1086
2475 5.5800
2476 3.2963
2477 8.6917
2478 9.8951
2479 0.9897
2480 5.2548
2481 9.2141
2482 7.5216
2483 4.7952
2484 0.8094
2485 14.2981
2486 11.1934
2487 0.3642
2488 1.4584
2489 3.0061
2490 12.6103
2491 13.7294
2492 11.8864
2493 0.7604
2494 0.1943
2495 1.2960
2496 0.4031
2497 0.9224
2498 11.3723
2499 11.8097
2500 16.3291
2501 0.7937
2502 0.9141
2503 2.2541
2504 2.1605
2505 2.9559
2506   NaN
2507 1.9043
2508 1.3148
2509 1.9051
2510 10.4947
2511 16.5332
2512 1.6255
2513 1.0888
2514 8.5417
2515 4.9867
2516 4.8908
2517 5.3949
2518 0.5587
2519 0.6112
2520 0.4461
2521 0.9819
2522 1.5517
2523 0.0885
2524 1.7582
2525 1.9724
2526 1.6174
2527 0.8803
2528 0.3341
2529 3.3428
2530 9.1036
2531 39.1368
2532 0.9756
2533 3.1541
2534 4.4802
2535 3.6104
2536 2.6596
2537 2.2139
2538 4.7749
2539   NaN
2540 5.7949
2541 10.3212
2542 0.3773
2543 1.8631
2544 1.9059
2545 1.2959
2546 4.1079
2547 7.9053
2548 2.7514
2549 0.9551
2550 0.9331
2551 2.1898
2552 4.3743
2553 1.6112
2554 3.9421
2555 3.5364
2556 0.2638
2557 1.4472
2558 7.8182
2559 3.6993
2560 0.1255
2561 0.9542
2562 0.6567
2563 9.8331
2564 10.5617
2565 13.3663
2566 1.0581
2567 1.5477
2568 1.2630
2569 12.5238
2570 11.6048
2571 0.7144
2572 0.6928
2573 2.6402
2574 11.0422
2575 0.7355
2576 7.6643
2577 9.0040
2578 7.1082
2579 4.7556
2580 7.0076
2581 49.6952
2582 8.4918
2583 0.8089
2584 4.6099
2585 3.8615
2586 0.3587
2587 14.3278
2588 3.8295
2589 2.8819
2590 0.5800
2591 0.9718
2592 1.0423
2593 0.4483
2594 1.5177
2595 9.3199
2596 13.9561
2597 4.9258
2598 6.0121
2599 3.3414
2600 2.6566
2601 2.6857
2602 9.7011
2603 3.0505
2604 10.3654
2605 0.5552
2606 0.4641
2607 0.4333
2608 0.3496
2609 1.6889
2610 1.6567
2611 2.3506
2612 8.6823
2613 4.8223
2614 5.8681
2615 1.3530
2616 25.3058
2617 9.3574
2618 1.1184
2619 13.3462
2620 6.6352
2621 1.7723
2622 6.0473
2623 0.4556
2624 10.9502
2625 14.2004
2626 0.7462
2627   NaN
2628 2.3836
2629 8.5613
2630 1.0226
2631 1.2692
2632 1.2759
2633 0.1958
2634 0.5153
2635 1.5098
2636 3.3820
2637 0.2730
2638 10.5931
2639 21.6336
2640 8.0409
2641 1.4894
2642 7.5411
2643 1.1544
2644 6.4012
2645 1.5428
2646 0.4076
2647 6.5751
2648 0.2544
2649 4.4431
2650 0.2461
2651 0.7609
2652 1.8083
2653 0.8215
2654 2.4524
2655 23.6941
2656 9.1667
2657 14.5418
2658 4.2682
2659 1.4331
2660 6.8096
2661 1.1023
2662 2.2994
2663 4.0729
2664 0.3176
2665 3.0151
2666 3.6794
2667 0.3870
2668 2.2799
2669 2.2883
2670 0.2212
2671 11.7182
2672 2.8175
2673 0.7614
2674 2.6812
2675 2.1322
2676 7.0665
2677 5.8518
2678 3.9492
2679 5.6478
2680 2.1690
2681 0.3953
2682 5.7566
2683 0.9962
2684 0.5868
2685 3.2398
2686 0.9114
2687 4.0358
2688 1.2673
2689 0.7067
2690 10.4632
2691 2.1213
2692 1.7830
2693 0.1676
2694 11.0608
2695 2.2636
2696 0.3275
2697 2.9564
2698 2.2889
2699 5.7240
2700 8.8748
2701 3.7569
2702 3.5121
2703 0.5073
2704 0.4311
2705 5.8021
2706 3.0605
2707 4.9974
2708 3.8405
2709 0.3158
2710 0.2108
2711 1.5558
2712 1.1381
2713 10.2579
2714 2.6557
2715 2.5542
2716 2.7195
2717 0.5621
2718 7.7233
2719 2.0400
2720 0.7723
2721 3.0316
2722 1.2399
2723 23.7594
2724 0.3985
2725 7.3858
2726 3.4400
2727 4.7184
2728 0.2292
2729 3.8014
2730 11.2522
2731 14.2044
2732 4.5087
2733 0.3823
2734 0.6674
2735 0.5071
2736 0.3472
2737 7.8626
2738 0.2756
2739 6.3645
2740 3.4850
2741 1.7792
2742 4.4805
2743 5.9497
2744 2.8713
2745 7.2662
2746 8.4852
2747 2.1436
2748 3.6179
2749 0.8036
2750 0.3408
2751 2.3230
2752 6.6824
2753 4.2376
2754 6.2231
2755 2.6729
2756 0.3364
2757 0.6802
2758 10.6852
2759 3.0751
2760 0.3050
2761 0.5766
2762 2.3004
2763 4.0597
2764 4.1345
2765 5.8140
2766 6.9028
2767 2.2885
2768 2.1199
2769 0.7013
2770 18.6088
2771 9.2394
2772 9.1388
2773 12.7561
2774 7.7064
2775 4.1025
2776 5.8077
2777 2.7998
2778 5.7171
2779 1.6876
2780 5.2072
2781 8.4629
2782 9.6174
2783 8.6146
2784 1.4902
2785 2.2149
2786 0.4846
2787 9.3886
2788 3.1436
2789 7.6171
2790 4.4360
2791 11.4971
2792 0.0902
2793 4.2788
2794 0.9336
2795 2.9269
2796 16.6606
2797 6.8861
2798 2.9679
2799 2.8183
2800 2.9364
2801 15.6276
2802 8.3371
2803 3.1191
2804 13.1391
2805 9.1719
2806 4.9300
2807 1.8304
2808 0.6290
2809 2.6876
2810 7.0699
2811 10.3328
2812 4.2010
2813 6.9904
2814 2.2708
2815 7.7787
2816 4.4227
2817 2.1174
2818 8.7740
2819 9.4725
2820 2.3181
2821 0.3562
2822 0.3864
2823 3.8197
2824 6.6401
2825 9.0298
2826 1.0500
2827 1.3120
2828 2.6905
2829 20.0033
2830 6.7217
2831 1.7063
2832 0.4997
2833 4.3129
2834 15.7339
2835 1.9587
2836   NaN
2837 4.5117
2838 1.0399
2839 18.0031
2840 2.7626
2841 3.9747
2842 5.6772
2843 2.3224
2844 1.4655
2845 2.7090
2846 1.8066
2847 1.7222
2848 6.5334
2849 7.6734
2850 9.8443
2851 3.5147
2852 20.3859
2853 3.0242
2854 0.1431
2855 1.8772
2856 0.9473
2857 0.2257
2858 6.5909
2859 4.4832
2860 3.6975
2861 2.2075
2862 10.6292
2863 6.4076
2864 0.2470
2865 20.4849
2866 3.1811
2867 8.4265
2868 0.6370
2869 3.8058
2870 2.6759
2871 3.4699
2872 3.9640
2873 7.9974
2874 1.5562
2875 0.7756
2876 0.6270
2877 7.2221
2878 16.1427
2879 0.6598
2880 1.0284
2881 3.7666
2882 0.8911
2883 11.5175
2884 2.6818
2885 0.1990
2886 1.3083
2887 9.3746
2888 6.4853
2889 3.6164
2890 2.9668
2891 0.6269
2892 1.2360
2893 5.1550
2894 5.4164
2895 4.2805
2896 0.8195
2897 2.7196
2898 0.3734
2899 4.7326
2900 2.6950
2901 2.3822
2902 2.0744
2903 5.5578
2904 1.4804
2905 10.8646
2906 10.8349
2907 2.8465
2908 3.2028
2909 11.1082
2910 4.2564
2911 11.7882
2912 12.5802
2913 11.2022
2914 3.7713
2915 3.6245
2916 3.4694
2917 2.3529
2918 2.6129
2919 1.4775
2920   NaN
2921 22.8130
2922 2.4780
2923 2.8113
2924 3.1100
2925 4.9057
2926 0.5601
2927 12.0396
2928 9.2548
2929 3.4700
2930 11.0489
2931 5.8911
2932 8.7192
2933 6.2657
2934 9.5074
2935 5.4730
2936 3.4439
2937 10.7797
2938 15.2492
2939 2.5624
2940 1.2436
2941 7.9512
2942 1.3720
2943 5.9665
2944 2.6798
2945 3.7839
2946 13.1990
2947 10.3930
2948 2.3106
2949 5.5981
2950 5.0547
2951 15.8504
2952 2.6192
2953 0.5454
2954 13.6500
2955 16.5493
2956 1.2667
2957 0.9725
2958 4.3637
2959 0.1040
2960 1.0540
2961 9.0068
2962 19.9996
2963 0.2884
2964 0.3094
2965 5.6164
2966 7.8594
2967 6.3067
2968 0.1504
2969 1.2253
2970 2.1177
2971 1.4603
2972 4.2092
2973 12.2616
2974 0.9407
2975 9.6592
2976 3.8288
2977 1.1090
2978 0.1060
2979 2.9568
2980 1.0005
2981 2.8756
2982 13.4183
2983 6.3047
2984 3.7317
2985 0.7509
2986 0.4142
2987 0.5221
2988 0.9683
2989 5.8160
2990 3.8688
2991 1.7221
2992 0.5685
2993 2.9746
2994 0.8867
2995 0.3163
2996 6.1944
2997 10.1565
2998 2.3115
2999 3.8025
3000 1.8133
3001 3.7105
3002 2.5120
3003 6.0241
3004 0.1459
3005 10.5996
3006 3.5888
3007 20.0337
3008 9.3751
3009 0.4455
3010 1.3892
3011 0.5605
3012 3.2710
3013 4.2924
3014 1.7990
3015 2.1092
3016 10.3927
3017 2.2434
3018 0.2755
3019 23.3997
3020 1.9243
3021 0.3636
3022 0.9012
3023 0.2614
3024 15.1770
3025 3.1718
3026 6.1807
3027 11.2513
3028 9.6954
3029 6.0012
3030 9.8021
3031 2.1071
3032 4.9138
3033 5.2866
3034 2.4207
3035 1.3745
3036 9.3112
3037 0.3147
3038 13.1997
3039 2.6629
3040 4.2439
3041 2.8866
3042 0.0758
3043 0.5634
3044 8.3788
3045 4.4690
3046 0.4173
3047 11.7752
3048 2.1336
3049 2.0813
3050 0.8022
3051 0.3179
3052 12.3847
3053 1.7324
3054 6.7231
3055 6.4850
3056 4.9441
3057 3.5417
3058 6.3442
3059 1.5902
3060 8.6633
3061 6.9511
3062 1.9677
3063 9.9567
3064 1.0241
3065 2.4222
3066 15.4778
3067 15.2389
3068 1.2457
3069 2.3675
3070 1.5298
3071 8.4372
3072 15.1595
3073 3.2640
3074 3.6352
3075 1.1888
3076 4.6559
3077 0.2516
3078 2.0858
3079 10.5457
3080 0.4052
3081 4.1864
3082 3.0633
3083 4.7606
3084 0.1863
3085 3.1591
3086 0.3560
3087 5.1492
3088 4.6290
3089 0.0878
3090 0.3526
3091 0.3482
3092 10.9887
3093 6.8976
3094 0.4055
3095 3.0805
3096 4.3336
3097 1.8737
3098 0.8216
3099 0.1197
3100 0.1346
3101 3.4231
3102 2.4753
3103 1.4650
3104 4.2685
3105 3.8282
3106 0.1248
3107 0.2356
3108 4.7329
3109 7.4749
3110 11.7335
3111 5.1458
3112 3.9854
3113 2.5760
3114 1.0898
3115 0.1874
3116 11.2951
3117 15.5829
3118 6.5479
3119 3.5245
3120 12.4692
3121 0.3374
3122 9.8300
3123 1.4770
3124 0.4051
3125 9.3803
3126 4.9737
3127 0.6385
3128 4.0922
3129 8.7183
3130 19.3452
3131 0.1532
3132 1.8705
3133 4.8576
3134 4.7716
3135 0.3454
3136 0.4829
3137 3.6667
3138 1.4329
3139 15.5950
3140 0.9492
3141 3.0535
3142 2.6033
3143 4.0673
3144 0.4365
3145 3.0780
3146 4.9342
3147 0.1641
3148 12.6725
3149 2.2646
3150 0.7560
3151 0.9475
3152 2.8420
3153 6.8351
3154 2.9587
3155 0.5427
3156 0.8543
3157 6.3262
3158 1.1680
3159 0.1363
3160 3.7322
3161 1.7577
3162 2.3439
3163 0.3116
3164 3.1568
3165 1.0773
3166 0.1663
3167 1.9011
3168   NaN
3169 14.7353
3170 8.7661
3171 0.1158
3172 1.3253
3173 2.2479
3174 6.8782
3175 0.2664
3176 0.5083
3177 14.2951
3178 0.5239
3179 0.3054
3180 2.3989
3181 9.3287
3182 2.7059
3183 0.3547
3184 1.7853
3185 0.7877
3186 0.1253
3187 3.5024
3188 0.7449
3189 8.2921
3190 2.8929
3191 2.2732
3192 3.4787
3193 2.0961
3194 1.3181
3195 2.3603
3196 5.3289
3197 0.2196
3198 4.0150
3199 0.6682
3200 2.7209
3201 0.2124
3202 6.6908
3203 0.3611
3204 2.2996
3205 4.6073
3206 19.1573
3207 0.7977
3208 14.7932
3209 3.5731
3210 0.3978
3211 1.6895
3212   NaN
3213 2.6495
3214 1.0165
3215 15.5017
3216 1.7113
3217 0.3495
3218 0.9497
3219 5.0364
3220 0.1413
3221 0.5693
3222 9.9448
3223 2.4525
3224 1.8014
3225 18.4848
3226 4.7649
3227 4.2365
3228 6.4107
3229 1.2070
3230 0.2866
3231 2.4787
3232 1.0433
3233 1.4029
3234 0.3333
3235 7.9752
3236 14.6073
3237 1.9847
3238 3.0147
3239 11.2170
3240 1.8529
3241 0.6485
3242 0.6177
3243 0.1394
3244 2.6174
3245 0.5681
3246 3.8402
3247 5.0349
3248 12.0699
3249   NaN
3250 10.8798
3251 0.1451
3252 13.2870
3253 4.5264
3254 2.2334
3255 5.2106
3256 11.5061
3257 16.0448
3258 3.4375
3259 2.1530
3260 10.4434
3261 1.1693
3262 6.2782
3263 2.5348
3264 3.0698
3265 1.0387
3266 0.5637
3267 2.5146
3268 6.7017
3269 18.7046
3270 12.1985
3271 5.1139
3272 0.4166
3273 9.3986
3274 3.9670
3275 4.6653
3276 2.3203
3277 3.0919
3278 6.9711
3279 1.4430
3280 6.6947
3281 16.8527
3282 0.5680
3283 5.0527
3284 0.1693
3285 0.4737
3286 4.9168
3287 1.7642
3288 1.9819
3289 14.6650
3290 0.1295
3291 7.5777
3292 2.8216
3293 2.7991
3294 9.9754
3295 4.4071
3296 1.8993
3297 10.8135
3298 0.9649
3299 1.3089
3300 5.7177
3301 4.0798
3302 2.5947
3303 14.5037
3304 4.8006
3305 10.8454
3306 1.6474
3307 3.5621
3308 0.3091
3309 4.2733
3310 6.4376
3311 3.5286
3312 13.1479
3313 3.8228
3314 10.1297
3315 1.0621
3316 5.3470
3317 3.2994
3318 3.9410
3319 0.7420
3320 0.6533
3321 2.2599
3322 0.4213
3323 9.3132
3324 6.3490
3325 1.4542
3326 1.8839
3327 2.7683
3328 1.3116
3329 2.0067
3330 6.9659
3331 2.9502
3332 4.9304
3333 7.6915
3334 4.0650
3335 0.7707
3336 4.5566
3337 30.3003
3338 13.9005
3339 1.7258
3340 37.7067
3341 6.5921
3342 3.5235
3343 1.4440
3344 0.6269
3345 14.5939
3346 2.4686
3347 2.8161
3348 7.5883
3349 1.7555
3350 0.3910
3351 2.9233
3352 6.4623
3353 5.7256
3354 2.8795
3355 1.5018
3356 1.0095
3357 2.7821
3358 2.8664
3359 18.1743
3360 7.8900
3361 11.7359
3362 7.5045
3363 21.4046
3364 1.3831
3365 0.8174
3366 1.6179
3367 3.2080
3368 2.6428
3369 4.3104
3370 7.2775
3371 1.2677
3372 2.5908
3373 2.8087
3374 2.2246
3375 4.7793
3376 0.8794
3377 6.4941
3378 7.1539
3379 16.5824
3380 0.7525
3381 0.6089
3382 0.3506
3383 47.9098
3384 1.0723
3385 5.7099
3386 19.6163
3387 0.6456
3388 6.3691
3389 4.2008
3390 2.1823
3391 9.6838
3392 1.2850
3393 1.7991
3394 0.7891
3395 1.2727
3396 1.5127
3397 1.5320
3398 2.6574
3399 8.8671
3400 11.1013
3401 0.1594
3402 1.7403
3403 12.4078
3404 2.2816
3405 4.0490
3406 3.9589
3407 2.1797
3408 7.5690
3409 14.4690
3410 1.6669
3411 5.9999
3412 3.5071
3413 5.3924
3414 1.8339
3415 8.5350
3416 0.6038
3417 16.0719
3418 4.4848
3419 10.5175
3420 2.7249
3421 8.4051
3422 1.0503
3423 13.3017
3424 2.1595
3425 0.0818
3426 15.9738
3427 0.2728
3428 2.4030
3429 0.7311
3430 5.5849
3431 1.5675
3432 8.9502
3433 17.0880
3434 0.2788
3435 0.2575
3436 7.6059
3437 1.4534
3438 2.7710
3439 3.3233
3440 0.6543
3441 0.5616
3442 0.8888
3443 15.2867
3444 1.9989
3445 1.5797
3446 1.5615
3447 1.4697
3448 2.7315
3449 9.3974
3450 16.1308
3451 2.2774
3452 14.5253
3453 1.8635
3454 3.1461
3455 3.1385
3456 1.5792
3457 1.6359
3458 25.1450
3459 1.0971
3460 9.0185
3461 0.4571
3462 4.6229
3463 0.8229
3464 1.9525
3465 5.1416
3466 1.3930
3467 7.7387
3468 2.1110
3469 8.8160
3470 4.4366
3471 4.3074
3472 0.3124
3473 11.5387
3474 0.7419
3475 2.1466
3476 0.1904
3477 0.3685
3478 7.5360
3479 4.9702
3480 10.0624
3481 2.1237
3482 27.3398
3483 9.7495
3484 7.6948
3485 2.9855
3486 0.9317
3487 3.1533
3488 2.0609
3489 0.1194
3490 0.7255
3491 0.4858
3492 5.1351
3493 0.5878
3494 0.8518
3495 2.1491
3496 1.5394
3497 5.4230
3498 6.8583
3499 6.1400
3500 13.0822
3501 5.1722
3502 0.6914
3503 9.3109
3504 0.5008
3505 3.8816
3506 10.1829
3507 15.0623
3508 0.2286
3509 2.2237
3510 0.2543
3511 13.0679
3512 0.9900
3513 17.2798
3514 1.6722
3515   NaN
3516 10.3260
3517 4.8009
3518 4.1691
3519 6.5322
3520 8.2748
3521 4.0219
3522 2.4196
3523 1.8217
3524 1.6017
3525 0.4304
3526 1.4828
3527 4.4463
3528 2.7454
3529 0.8187
3530 3.8216
3531 4.0153
3532 3.2940
3533 0.6053
3534 17.5854
3535 22.6019
3536 3.3972
3537 9.9129
3538 2.5645
3539 4.1000
3540 4.7790
3541 5.2195
3542 2.2810
3543 0.2548
3544 1.0419
3545 5.7411
3546 11.4178
3547 0.8380
3548 1.7116
3549 33.1546
3550 10.8331
3551 0.1235
3552 1.3938
3553 2.4543
3554 8.3830
3555 10.0360
3556 4.2795
3557 10.0986
3558 2.1947
3559 0.2834
3560 0.3823
3561 0.4271
3562 0.4364
3563 2.0350
3564 0.7742
3565 0.7380
3566 12.5334
3567 6.6268
3568 6.0167
3569 6.7103
3570 0.5559
3571 3.1922
3572 2.1905
3573 1.7996
3574 5.3667
3575 0.1164
3576 12.6086
3577 1.6718
3578 1.4835
3579 0.4796
3580 2.6121
3581 8.8144
3582 7.9540
3583 0.3446
3584 1.8217
3585 5.3731
3586 1.6168
3587 3.1975
3588 7.9505
3589 0.7486
3590 3.0513
3591 12.3762
3592 0.7457
3593 3.2794
3594 2.9486
3595 11.4629
3596 14.7593
3597 2.0498
3598 1.4866
3599 3.9075
3600 4.5684
3601 3.1265
3602 5.2887
3603 3.4505
3604 5.6350
3605 1.8071
3606 0.6192
3607 12.5522
3608 1.3721
3609 2.4224
3610 10.5098
3611 0.8456
3612 1.9823
3613 0.1996
3614 0.2885
3615 0.9990
3616 2.4019
3617 2.2548
3618 1.3009
3619 0.1679
3620 4.4520
3621 1.6540
3622 2.9876
3623 1.7264
3624 2.5814
3625 14.0779
3626 0.8365
3627 2.4966
3628 15.6403
3629 4.8815
3630 1.1830
3631 3.0176
3632 2.2787
3633 2.1090
3634 1.5917
3635 8.5960
3636 1.5768
3637 2.1767
3638 3.0957
3639 1.9043
3640 0.9864
3641 2.1780
3642 5.5566
3643 0.2831
3644 5.1196
3645 2.4939
3646 0.5705
3647 8.1005
3648 17.2988
3649 0.4814
3650 14.1419
3651 31.1661
3652 1.8984
3653 1.6996
3654 8.0888
3655 8.7767
3656 0.4235
3657 0.4296
3658 2.7680
3659 8.5515
3660 0.9375
3661 0.2179
3662 0.8758
3663 0.3153
3664 4.8511
3665 2.7164
3666 1.1699
3667 5.9264
3668 1.6374
3669 5.5696
3670 0.4689
3671 5.1186
3672 1.1297
3673 4.5433
3674 10.4103
3675 3.9035
3676 15.2406
3677 5.9961
3678 5.8294
3679 1.9959
3680 7.4287
3681 0.2680
3682 3.2540
3683 0.3026
3684 5.7683
3685 2.6537
3686 1.2397
3687 2.0708
3688 6.2928
3689 2.2521
3690 6.5002
3691 8.9370
3692 0.4737
3693 5.1194
3694 1.8133
3695 0.6655
3696 3.1319
3697 2.9937
3698 1.3552
3699 14.3764
3700 16.0181
3701 3.4803
3702 3.3433
3703 7.6510
3704 5.3159
3705 0.7733
3706 0.8571
3707 2.4395
3708 5.2125
3709 2.8258
3710 13.3191
3711 0.5640
3712 0.4171
3713 0.4584
3714 5.1930
3715 6.5128
3716 5.8107
3717   NaN
3718 17.4936
3719 2.0717
3720 1.8058
3721 5.4942
3722 9.4256
3723 0.3534
3724 12.0579
3725 12.0193
3726 3.4559
3727 1.0767
3728 1.7735
3729 3.7962
3730 4.2654
3731 3.6554
3732 5.8686
3733 5.2894
3734 0.7373
3735 9.6295
3736 4.5311
3737 6.6562
3738 2.4249
3739 7.9400
3740 0.1703
3741 2.8958
3742 2.4915
3743 3.2934
3744 1.8074
3745 7.4537
3746 4.2735
3747 0.6866
3748 0.6421
3749 6.3493
3750 43.5916
3751 2.6527
3752 0.2765
3753 2.2613
3754 10.2719
3755 4.7739
3756 0.2766
3757 3.4946
3758 5.0018
3759 13.4317
3760 2.0981
3761 16.6287
3762 3.0464
3763 3.9983
3764 7.0512
3765 5.0027
3766 9.8814
3767 7.3025
3768 13.4196
3769 2.7507
3770 0.2164
3771 4.1488
3772 7.4918
3773 1.8953
3774 12.1021
3775 14.9715
3776 3.9581
3777 3.7288
3778 10.2152
3779 3.3498
3780 1.3089
3781 2.3319
3782 0.0740
3783 0.9242
3784 3.0005
3785 0.3070
3786 0.8716
3787 0.5920
3788 5.3204
3789 0.3614
3790 0.5117
3791 0.7634
3792 1.7581
3793 1.2682
3794 7.0757
3795 0.6088
3796 2.9793
3797 4.8815
3798 3.4218
3799 0.6097
3800 6.8773
3801   NaN
3802 6.9536
3803 0.2566
3804 3.3656
3805 1.9955
3806 0.4315
3807 14.8390
3808 13.1380
3809 10.6788
3810 14.0483
3811 5.2904
3812 5.2469
3813 9.5655
3814 1.8663
3815 2.5777
3816 0.2580
3817 4.1698
3818 1.3066
3819 9.6935
3820 2.8277
3821 2.0223
3822 3.1317
3823 0.3639
3824 16.1201
3825 29.0402
3826 1.7218
3827 6.8400
3828 3.0579
3829 12.8968
3830 0.2615
3831 3.0910
3832 2.8396
3833 16.1928
3834 5.9941
3835 8.7499
3836 2.1320
3837 6.5298
3838 14.5756
3839 23.2854
3840 3.7651
3841 2.1330
3842 4.5897
3843 0.2416
3844 2.4523
3845 5.2990
3846 1.1970
3847 1.0307
3848 0.1939
3849 6.1687
3850 13.0337
3851 0.2311
3852 1.1093
3853 0.3794
3854 0.5734
3855 13.5087
3856 0.5378
3857 12.6678
3858 3.4399
3859 0.3140
3860 2.2823
3861 4.6273
3862 2.5060
3863 2.7153
3864 2.4740
3865 5.0193
3866 3.4214
3867 4.5720
3868 0.6683
3869 13.1504
3870 2.6556
3871 0.9054
3872 4.1903
3873 11.4437
3874 7.7292
3875 11.3338
3876 0.2223
3877 0.3581
3878 14.4249
3879 2.3221
3880   NaN
3881 2.0619
3882 1.9326
3883 2.4660
3884 32.7402
3885 6.9709
3886 15.0361
3887 0.4930
3888 1.9138
3889 2.0924
3890 2.1597
3891 0.2994
3892 1.5723
3893 1.9230
3894 1.7447
3895 28.7145
3896 0.2301
3897 2.3724
3898 2.0338
3899 4.1324
3900 0.5604
3901 10.7450
3902 1.9579
3903 0.5646
3904 2.2924
3905 9.6421
3906 0.5174
3907 7.3575
3908 8.0517
3909 7.6274
3910 2.8528
3911 2.3907
3912 0.3758
3913 4.5124
3914 0.3710
3915 5.5823
3916 8.5104
3917 0.3152
3918 1.3721
3919 1.6829
3920 18.2507
3921 0.4477
3922 1.5701
3923 5.7322
3924 0.1505
3925 0.1123
3926 3.1135
3927 0.1997
3928 6.3083
3929 6.8731
3930 0.9157
3931 3.3014
3932 0.5762
3933 0.9498
3934 0.4428
3935 3.5875
3936 3.1832
3937 1.4512
3938 0.6743
3939 0.7490
3940 1.7465
3941 0.2106
3942 0.9276
3943 17.9670
3944 2.7342
3945 3.8358
3946 2.0051
3947 2.0927
3948 3.3521
3949 0.3673
3950 11.6799
3951 1.2960
3952 9.2961
3953 0.2768
3954 0.5532
3955 0.3402
3956 2.7834
3957 1.7738
3958 3.2706
3959 3.3245
3960 1.8580
3961 0.1760
3962 0.7403
3963 6.4034
3964 2.6525
3965 2.1946
3966 0.9991
3967 0.8773
3968 0.9099
3969 0.3836
3970 0.2308
3971 0.8294
3972 1.4778
3973 2.6690
3974 5.2274
3975 5.2740
3976 6.1477
3977 0.7275
3978 1.2007
3979 1.7593
3980 8.4654
3981 0.1121
3982 0.9509
3983 0.0924
3984 1.9276
3985 0.2190
3986 1.4868
3987 12.5779
3988 5.2946
3989 1.6837
3990 14.6557
3991 1.5052
3992 0.2789
3993 1.0584
3994 3.6586
3995 5.0271
3996 3.6987
3997 0.9902
3998 3.8863
3999 0.8538
4000 2.6847
4001 3.9182
4002 2.4711
4003 12.8984
4004 5.8395
4005 0.8539
4006 0.8093
4007 7.1503
4008 0.2226
4009 7.9101
4010 0.7402
4011 2.5555
4012 12.0227
4013 35.2569
4014 2.4377
4015 2.0116
4016 10.3846
4017 1.6491
4018 2.5991
4019 1.6560
4020 0.5290
4021 0.4493
4022 12.0153
4023 4.8120
4024 10.2324
4025 6.1769
4026 0.7062
4027 0.1683
4028 3.3333
4029 0.3220
4030 4.8133
4031 2.2926
4032 0.6865
4033 9.1905
4034 0.4629
4035 7.8099
4036 4.2822
4037 0.1965
4038 4.7419
4039 0.4202
4040 9.1997
4041 0.1277
4042 5.4378
4043 2.1112
4044 2.2358
4045 0.3555
4046 4.5782
4047 13.8611
4048 7.0642
4049 0.3603
4050 1.1808
4051 2.9391
4052 1.6295
4053 2.4967
4054 5.2370
4055 7.1589
4056 0.1872
4057 0.5123
4058 0.5759
4059 0.9516
4060 1.7803
4061 0.1771
4062 2.5816
4063 2.0503
4064 10.0345
4065 0.1787
4066 0.5769
4067 9.9408
4068 4.9338
4069 0.3884
4070 5.5113
4071 3.1780
4072 12.9036
4073 10.0354
4074 3.7280
4075 0.7058
4076 3.3112
4077 6.6095
4078 0.2449
4079 6.3213
4080 0.8892
4081 8.6240
4082 9.1095
4083 4.2799
4084 0.6595
4085 3.8558
4086 6.7649
4087 10.9466
4088 1.5142
4089 8.7623
4090 2.6237
4091 1.8453
4092 13.6501
4093 2.2891
4094 2.5346
4095 4.4097
4096 0.6057
4097 0.9136
4098 0.4185
4099 18.6848
4100 11.2955
4101 2.6569
4102 0.1161
4103 15.6590
4104 5.5076
4105 7.7001
4106 1.9445
4107 0.9801
4108 1.2063
4109 0.2016
4110 3.7768
4111 6.7095
4112 2.2747
4113 4.2957
4114 0.3851
4115 3.7339
4116 1.4538
4117 3.2446
4118 2.0602
4119 4.2369
4120 1.3192
4121 7.8970
4122 1.6706
4123 0.3978
4124 1.1128
4125 2.3490
4126 1.6015
4127 2.8736
4128 1.9158
4129 0.3260
4130 3.6049
4131 1.3379
4132 3.5852
4133 20.2940
4134 1.4982
4135 0.8824
4136 1.9205
4137 13.1335
4138 7.1621
4139 2.3000
4140 0.5512
4141 1.5300
4142 0.5705
4143 0.3114
4144 2.0189
4145 0.7109
4146 0.8473
4147 2.8132
4148 2.7835
4149 4.1313
4150 0.3539
4151 3.1611
4152 2.4887
4153 0.3380
4154 2.4360
4155 3.5004
4156 0.3194
4157 3.3858
4158 10.2653
4159 0.6394
4160 1.1627
4161 10.5198
4162 3.6486
4163 1.0318
4164 0.9394
4165 0.9681
4166 0.8652
4167 0.2030
4168 0.4102
4169 0.1803
4170 1.9560
4171 4.8938
4172 0.3018
4173 9.9528
4174 9.7555
4175 2.7554
4176 1.4416
4177 0.4838
4178 1.3626
4179 1.8940
4180 1.1165
4181 1.6854
4182 2.3068
4183 4.5979
4184 3.7680
4185 2.1556
4186 1.5866
4187 1.4083
4188 4.9944
4189 3.2144
4190 0.3369
4191 6.2981
4192 6.6198
4193 15.4954
4194 2.8388
4195 11.9266
4196 1.7591
4197 8.2671
4198 5.7153
4199 11.4034
4200 2.4837
4201 2.1202
4202 0.2513
4203 0.4186
4204 2.8378
4205 7.7247
4206 7.8340
4207 1.1725
4208 3.0526
4209 2.5738
4210 15.6138
4211 0.5218
4212 5.5994
4213 1.0424
4214 1.1173
4215 11.6370
4216 4.4038
4217 3.7017
4218 6.5502
4219   NaN
4220 4.7809
4221 0.5095
4222 6.0437
4223 7.6791
4224 2.5313
4225 11.2254
4226 4.5989
4227 0.0931
4228 5.7873
4229 6.5546
4230 0.2959
4231 0.4385
4232 2.9968
4233 6.3694
4234 4.1723
4235 7.5235
4236 15.2368
4237 17.7487
4238 0.4848
4239 5.4760
4240 1.5245
4241 1.3163
4242 11.1597
4243 7.7926
4244 2.2195
4245 9.2669
4246 6.2835
4247 10.1928
4248 3.2473
4249 2.8970
4250 2.8822
4251 0.7097
4252 4.1240
4253 0.6483
4254 3.7447
4255 1.8844
4256 1.1215
4257 12.0614
4258 1.8997
4259 0.9220
4260 4.9136
4261 1.7232
4262 7.7488
4263 1.5788
4264 11.7769
4265 2.0308
4266 12.7555
4267 4.5454
4268 3.4095
4269 0.6669
4270 4.4925
4271 2.2837
4272 3.5475
4273 0.4887
4274 0.1531
4275 3.6664
4276 0.2380
4277 11.1380
4278 3.6192
4279 1.5942
4280 1.3012
4281 0.3180
4282   NaN
4283 20.2065
4284 3.6384
4285 4.1623
4286 4.2832
4287 0.5624
4288 5.0806
4289 4.3925
4290 4.1836
4291 1.6590
4292 1.2390
4293 19.0116
4294 9.6012
4295 10.9473
4296 2.4108
4297 4.8145
4298 8.8521
4299 3.7346
4300 13.3777
4301 1.0424
4302 10.5846
4303 0.2253
4304 0.1958
4305 0.5173
4306 0.2250
4307 0.4423
4308 0.7547
4309 0.7807
4310 1.3660
4311 1.2707
4312 3.6352
4313 1.5136
4314 4.4601
4315 3.7019
4316 1.0911
4317 7.2911
4318 8.7715
4319 1.9275
4320 9.4514
4321 0.1450
4322 0.3141
4323 1.2665
4324 0.2638
4325 4.6603
4326 0.3530
4327 3.0236
4328 2.3112
4329 1.4251
4330 2.6846
4331 1.6402
4332 5.7938
4333 0.7284
4334 1.7417
4335 1.4783
4336 17.5552
4337 7.3018
4338 10.7700
4339 0.1356
4340 5.9934
4341 0.3201
4342 0.7902
4343 7.8991
4344 7.7905
4345 0.1834
4346 1.8833
4347 4.5231
4348 2.2394
4349 5.7341
4350 5.0171
4351 2.7277
4352 5.4518
4353 1.9035
4354 9.3336
4355 8.8826
4356 3.6392
4357 0.8433
4358 4.3695
4359 1.4829
4360 12.3678
4361 1.2024
4362 13.5548
4363 1.1851
4364 9.4458
4365 5.2011
4366 1.4209
4367 13.0693
4368 4.9703
4369 4.6284
4370 11.3881
4371 4.2584
4372 1.3107
4373 3.7647
4374 1.9287
4375 3.5871
4376 13.4721
4377 9.7711
4378 12.1982
4379 9.5166
4380 0.1830
4381 7.3122
4382 0.1637
4383 10.2236
4384   NaN
4385 11.7538
4386 4.3902
4387 0.1006
4388 0.2316
4389 3.3923
4390 6.2458
4391 5.1722
4392 7.1901
4393 0.4029
4394 0.5752
4395 2.2343
4396 15.3550
4397 4.4201
4398 0.3204
4399 2.0380
4400 2.7239
4401 0.6663
4402 0.5194
4403 0.1748
4404 16.3508
4405 3.2599
4406 8.6289
4407 4.1221
4408 0.8194
4409 11.4239
4410 1.0130
4411 1.7803
4412 0.4377
4413 6.6937
4414 2.9655
4415 15.4504
4416 2.7181
4417 0.9673
4418 9.5261
4419 0.2625
4420 28.1806
4421 0.2695
4422 1.8676
4423 0.6257
4424 0.5261
4425 3.5569
4426 14.1411
4427 0.6775
4428 0.3091
4429 1.8356
4430 7.8878
4431 6.4362
4432 3.4657
4433 5.8431
4434 10.5527
4435 0.2027
4436 14.2232
4437 3.1088
4438 5.6334
4439 0.7181
4440 2.0831
4441 1.0517
4442 9.9499
4443 1.6537
4444 1.0758
4445 0.9633
4446 12.0100
4447 0.5821
4448 21.6954
4449 1.9095
4450 3.0927
4451 3.8534
4452 0.6506
4453 25.7431
4454 2.9906
4455 6.2532
4456 1.8129
4457 0.2733
4458 15.5295
4459 0.5367
4460 3.2907
4461 15.0251
4462 1.9662
4463 5.9606
4464 13.0876
4465 0.3855
4466 1.2474
4467 12.2620
4468 13.2824
4469 0.9629
4470 0.6010
4471 6.7280
4472 5.1286
4473 0.3183
4474 1.2171
4475 4.3031
4476 2.3495
4477 1.3989
4478 5.7082
4479 3.2108
4480 0.5008
4481 8.0618
4482 1.6070
4483 1.3126
4484 4.6025
4485 2.3132
4486 0.5334
4487 3.0334
4488 1.7159
4489 5.1556
4490 3.7611
4491 7.5123
4492 3.4759
4493 4.7916
4494 0.9463
4495 3.2402
4496 12.6305
4497 1.5636
4498 1.3762
4499 7.6693
4500 31.4479
4501 6.7155
4502 0.4339
4503 0.1650
4504 3.2021
4505 0.3879
4506 7.5028
4507 0.9604
4508 0.8470
4509 4.2540
4510 3.3235
4511 0.6492
4512 1.1016
4513 3.1518
4514 14.7433
4515 0.3658
4516 0.6949
4517 0.2671
4518 0.8206
4519 0.5334
4520 12.3183
4521 2.2087
4522 0.1390
4523 2.2384
4524 4.1365
4525 5.4512
4526 3.2647
4527 3.9269
4528 3.2780
4529 1.4275
4530 0.9182
4531 1.7062
4532 3.2537
4533 2.7764
4534 0.9925
4535 0.2286
4536 6.6596
4537 0.7453
4538 7.2117
4539 2.2723
4540 0.2372
4541 5.2107
4542 18.1827
4543 2.5901
4544 5.4445
4545 5.2802
4546 1.2252
4547 0.5134
4548 13.5406
4549 2.1172
4550 13.1234
4551 0.4461
4552 4.0830
4553 2.7290
4554 0.2345
4555 2.7364
4556 4.9767
4557 4.9035
4558 2.1014
4559 7.2670
4560 4.0269
4561 0.2901
4562 1.4011
4563 17.7084
4564 6.0292
4565 1.0782
4566 10.3804
4567 2.4278
4568 2.4239
4569 7.9551
4570 7.2204
4571 2.5168
4572 5.1390
4573 2.1066
4574 0.4561
4575 2.1650
4576 2.2637
4577 9.8807
4578 16.7712
4579 0.3199
4580 1.6922
4581 5.8216
4582 11.2834
4583 13.1621
4584 4.0992
4585 0.6830
4586 0.7493
4587 11.5219
4588 1.9416
4589   NaN
4590 2.6798
4591 1.1050
4592 11.8809
4593 2.7675
4594 2.3870
4595 4.1340
4596 0.2981
4597 6.2163
4598 2.6363
4599 9.0369
4600 16.9148
4601 0.9356
4602 2.9424
4603 0.9585
4604 0.4038
4605 16.1002
4606 5.1284
4607 3.0825
4608 5.8700
4609 19.7655
4610 0.5486
4611 2.6154
4612 2.0342
4613 0.7714
4614 5.7597
4615 1.8131
4616 0.2161
4617 0.2590
4618 4.9840
4619 18.4099
4620 2.2016
4621 1.7188
4622 2.8237
4623 5.2891
4624 7.4651
4625 7.4237
4626 7.0602
4627 2.4583
4628 19.3946
4629 10.7100
4630 0.6391
4631 2.2020
4632 0.3454
4633 0.7009
4634 0.5422
4635 0.3786
4636 7.5800
4637 8.5720
4638 0.0857
4639 9.0600
4640 0.5707
4641 6.1931
4642 0.2490
4643 1.1432
4644 4.0680
4645 19.2033
4646 1.8919
4647 2.2826
4648 0.4829
4649 4.1455
4650 1.3093
4651 3.5958
4652 1.1159
4653 12.8166
4654 1.1287
4655 9.0436
4656 0.3431
4657 0.6672
4658 0.1252
4659 6.4769
4660 8.2799
4661 3.3560
4662 6.3197
4663 2.4646
4664 2.4012
4665 1.4861
4666 11.2858
4667 3.8664
4668 5.2191
4669 0.2451
4670 6.1269
4671 3.1636
4672 1.6724
4673 6.1594
4674 8.5718
4675 3.5143
4676 0.9721
4677 0.4342
4678 6.8098
4679 20.6259
4680 0.2589
4681 1.1651
4682 15.4587
4683 0.1296
4684 12.2701
4685 7.3760
4686 9.0580
4687 0.3201
4688 1.3985
4689 1.0387
4690 0.6947
4691 1.7644
4692 2.5565
4693 18.5361
4694 12.6876
4695 0.8506
4696 2.3426
4697 4.4797
4698 0.7686
4699 20.7239
4700 10.0767
4701 0.1524
4702 2.3257
4703 6.3183
4704 2.8055
4705 2.6171
4706 7.7704
4707 1.7536
4708 0.1674
4709 22.2938
4710 11.1503
4711 0.0983
4712 1.6161
4713 3.3630
4714 2.2872
4715 12.9359
4716 2.1931
4717 14.5241
4718 2.1452
4719 18.3548
4720 0.1682
4721 1.6305
4722 1.5300
4723 3.3079
4724 2.6013
4725 0.3073
4726 6.7332
4727 0.9604
4728 3.9698
4729 8.1528
4730 0.5823
4731 0.7237
4732 7.7590
4733 9.3157
4734 4.5562
4735 9.1374
4736 1.0802
4737 1.2967
4738 5.4505
4739 0.6593
4740 6.0320
4741 1.3342
4742 3.9834
4743 13.1483
4744 3.4611
4745 0.1873
4746 1.8910
4747 23.2526
4748 18.2651
4749 14.6448
4750 3.4215
4751 0.8418
4752 20.0119
4753 0.7163
4754 4.9039
4755 1.0399
4756 10.9810
4757 1.6182
4758 4.4899
4759 7.5647
4760 1.8368
4761 13.3081
4762 0.3006
4763 0.5706
4764 0.3673
4765 0.7277
4766 5.8974
4767 4.0318
4768 1.0322
4769 1.1092
4770 22.8502
4771 2.2836
4772 2.4780
4773 5.5920
4774 3.4256
4775 0.7126
4776 0.3162
4777 16.2759
4778 0.0787
4779 1.4785
4780 0.3011
4781 1.6827
4782 0.6906
4783 3.5308
4784 4.8327
4785 8.4849
4786 0.2172
4787 0.0787
4788 8.9557
4789 5.1423
4790 5.9446
4791 8.5059
4792 0.3352
4793 2.1186
4794 1.3651
4795 1.9150
4796 2.9618
4797 0.6590
4798 0.3842
4799 1.4021
4800 1.0487
4801 1.9511
4802 4.2845
4803 6.6849
4804 6.8491
4805 6.5428
4806 3.1280
4807 2.3736
4808 1.3816
4809 0.8161
4810 0.3199
4811 0.3181
4812 9.2727
4813 4.9762
4814 0.1173
4815 3.4609
4816 7.0024
4817 1.3261
4818 13.8928
4819 0.2789
4820 9.2608
4821 5.0441
4822 0.8896
4823 7.7323
4824 11.3322
4825 4.8966
4826 17.8697
4827 1.5428
4828 0.4135
4829 1.0226
4830 2.2211
4831 0.3008
4832 2.7861
4833 16.0958
4834 5.3955
4835 0.7429
4836 6.8263
4837 6.5038
4838 3.2411
4839 6.4965
4840 6.3095
4841 1.7466
4842 4.5839
4843 18.3976
4844 7.8203
4845 8.9101
4846 1.5049
4847 2.6922
4848 1.8453
4849 10.3130
4850 15.7210
4851 17.3883
4852 0.8895
4853 6.6845
4854 2.3904
4855 4.7911
4856 8.7207
4857 2.6466
4858 0.1277
4859 2.2803
4860 0.1322
4861 5.6730
4862 4.2639
4863 1.8294
4864 1.6426
4865 0.1404
4866 5.3179
4867 1.4170
4868 0.9812
4869 3.4921
4870 16.4930
4871 4.7762
4872 1.6767
4873 0.5823
4874 0.2533
4875 0.3071
4876 7.9280
4877 6.8362
4878 0.3796
4879 8.6399
4880 3.3585
4881 1.1574
4882 2.2077
4883 4.5325
4884 10.9646
4885 0.0954
4886 7.5843
4887 12.4277
4888 0.8153
4889 18.7747
4890 1.3577
4891 10.5003
4892 1.7253
4893 1.6434
4894 6.3374
4895 0.5053
4896 7.1058
4897 0.1592
4898 0.4203
4899 3.9683
4900 11.2947
4901 10.4449
4902 0.3573
4903 1.7094
4904 3.4781
4905 1.2483
4906 3.5119
4907 0.5253
4908 2.6987
4909 1.0095
4910 10.2191
4911 10.8061
4912 28.1092
4913 16.4626
4914 1.6640
4915 5.1316
4916 0.4446
4917 4.5126
4918 13.2231
4919 16.8246
4920 3.6202
4921 0.3936
4922 0.8689
4923 0.8120
4924 3.5345
4925 1.0063
4926 2.3959
4927 2.8884
4928 1.0006
4929 2.3943
4930 8.5888
4931 0.7199
4932 0.9250
4933 18.9111
4934 2.7523
4935 0.1548
4936 5.2791
4937 2.1931
4938 11.9725
4939 15.8785
4940 2.2630
4941 14.8632
4942 3.9072
4943 13.0913
4944 6.0162
4945 1.3850
4946 14.4196
4947 2.7985
4948 2.1907
4949 2.0732
4950 15.4523
4951 4.3634
4952 11.9242
4953 2.1183
4954 3.2003
4955 7.5469
4956 4.1963
4957 1.8510
4958 0.4823
4959 1.7299
4960 7.6939
4961 2.2911
4962 0.9874
4963 5.7909
4964 28.4418
4965 6.2501
4966 5.4674
4967 0.2410
4968 5.2385
4969 7.8527
4970 0.5191
4971 23.7137
4972 9.6853
4973 5.5885
4974 6.1574
4975 9.2324
4976 0.2577
4977 2.1225
4978 4.0888
4979 1.9869
4980 5.0569
4981 19.6345
4982 0.4149
4983 0.6224
4984 2.3041
4985 1.6298
4986 5.0025
4987 3.2594
4988 9.8857
4989 0.3762
4990 11.8351
4991 2.1147
4992 10.7761
4993 14.4192
4994 3.3082
4995 5.7506
4996 1.5470
4997 0.3150
4998 3.9498
4999 7.7579
5000 2.3044
