7501 7.6536
7502 13.8518
7503 2.2257
7504 3.6411
7505 2.7328
7506 4.3360
7507 2.6625
7508 4.7928
7509 3.9443
7510 4.8318
7511 10.9733
7512 3.4016
7513 1.9599
7514 17.8341
7515 7.4367
7516 29.3953
7517 12.7952
7518 9.4493
7519 2.7385
7520 3.0094
7521 8.5029
7522 4.5528
7523 0.7287
7524 10.9746
7525 0.6598
7526 50.9549
7527 8.4383
7528 12.7286
7529 1.5567
7530 2.3118
7531 19.4504
7532 50.4230
7533 18.0434
7534 5.5491
7535 1.1384
7536 7.0682
7537 3.7276
7538 2.1857
7539 0.5365
7540 7.4344
7541 14.8367
7542 18.6217
7543 0.4220
7544 4.2094
7545 56.3230
7546 60.8783
7547 16.5394
7548 33.1076
7549 15.2566
7550 60.4162
7551 3.3239
7552 15.5357
7553 9.4651
7554 1.7256
7555 9.4697
7556 18.9913
7557 12.6745
7558 10.9537
7559 43.7201
7560 2.9177
7561 4.0166
7562 1.4282
7563 44.3893
7564 3.4215
7565 19.3368
7566 8.8474
7567 5.6457
7568 23.0431
7569 25.3129
7570 1.6125
7571 3.2845
7572 33.1033
7573 6.8338
7574 37.1809
7575 2.9878
7576 3.5904
7577 4.6052
7578 3.6697
7579 0.6512
7580 20.3356
7581 1.2217
7582 6.1807
7583 27.2562
7584 27.2267
7585 1.4931
7586 4.1505
7587 14.5879
7588 0.7709
7589 17.7199
7590 0.8056
7591 2.5357
7592 1.8348
7593 19.1617
7594 0.7957
7595 11.1932
7596 0.7901
7597 0.6551
7598 1.6001
7599 6.9381
7600 1.4258
7601 1.7775
7602 8.4772
7603 3.7648
7604 0.8465
7605 5.3542
7606 16.5794
7607 6.2333
7608 6.0910
7609 9.3502
7610 0.3890
7611 2.0332
7612 9.4566
7613 25.9859
7614 13.2378
7615 11.1573
7616 36.1950
7617 6.7053
7618 1.3411
7619 5.7028
7620 1.4732
7621 16.6048
7622 17.4181
7623 5.9225
7624 54.1923
7625 18.0319
7626 4.0613
7627 7.1245
7628 6.0455
7629 19.2944
7630 7.9957
7631 1.4680
7632 3.2706
7633 6.4712
7634 0.6452
7635 1.4843
7636 97.8911
7637 1.6278
7638 4.0056
7639 13.8785
7640 1.5159
7641 10.7015
7642 12.3296
7643 16.9478
7644 6.7567
7645 9.4541
7646 12.2773
7647 2.4009
7648 0.1466
7649 6.8835
7650 6.8031
7651 20.8548
7652 4.8512
7653 7.7477
7654 1.7496
7655 6.6935
7656 68.9065
7657 9.6076
7658 2.9300
7659 2.7566
7660 0.9685
7661 2.3295
7662 3.9085
7663 29.8825
7664 1.8970
7665 0.6111
7666 2.7465
7667 6.0866
7668 7.6778
7669 8.0348
7670 1.0102
7671 45.8661
7672 9.0445
7673 4.1404
7674 0.7398
7675 0.6727
7676 8.8597
7677 1.2836
7678 41.2177
7679 3.7109
7680 11.2629
7681 1.1751
7682 4.0136
7683 32.7575
7684 4.0629
7685 38.6001
7686 13.1301
7687 26.9273
7688 6.4467
7689 4.6914
7690 2.4018
7691 4.3288
7692 56.6517
7693 53.4245
7694 1.9031
7695 5.5997
7696 16.9427
7697 26.1453
7698 65.6256
7699 6.0063
7700 5.0116
7701 1.9280
7702 14.1325
7703 1.6628
7704 7.5132
7705 1.5596
7706 2.9190
7707 7.1158
7708 3.0694
7709 51.6474
7710 2.1854
7711 24.2331
7712 0.7218
7713 46.6835
7714 14.0477
7715 8.5619
7716 4.9089
7717 25.3334
7718 8.7909
7719 6.5743
7720 5.2236
7721 10.3272
7722 8.8289
7723 5.4800
7724 7.0253
7725 14.5186
7726 2.7427
7727 6.1752
7728 9.8383
7729 19.9770
7730 2.3854
7731 12.2338
7732 7.7394
7733 3.2052
7734 66.3682
7735 1.0292
7736 5.1070
7737 3.0973
7738 3.1310
7739 24.8743
7740 17.6107
7741 11.0462
7742 1.5319
7743 5.8609
7744 4.6461
7745 3.1919
7746 4.0575
7747 5.0420
7748 0.4009
7749 3.2130
7750 1.9638
7751 4.7540
7752 10.6671
7753 3.0751
7754 0.2383
7755 37.1019
7756 9.2809
7757 74.4973
7758 1.7272
7759 10.0960
7760 1.6295
7761 11.1017
7762 1.9012
7763 2.4423
7764 9.4335
7765 6.0317
7766 4.0229
7767 4.2029
7768 7.7085
7769 13.2400
7770 23.3726
7771 4.2588
7772 55.7413
7773 3.2849
7774 6.3682
7775 1.3580
7776 2.9411
7777 3.9108
7778 33.6489
7779 10.1698
7780 9.7951
7781 17.9998
7782 2.1555
7783 57.1912
7784 0.9291
7785 0.9112
7786 10.4562
7787 0.6066
7788 3.2146
7789 1.6296
7790 2.5979
7791 7.0327
7792 2.7094
7793 0.5468
7794 73.3233
7795 3.1857
7796 4.9221
7797 4.4968
7798 22.2168
7799 35.4299
7800 11.2117
7801 1.3151
7802 3.2429
7803 13.7133
7804 9.3486
7805 4.3147
7806 2.4356
7807 26.3366
7808 22.5236
7809 11.4363
7810 3.1537
7811 0.1297
7812 2.8765
7813 10.9428
7814 13.4508
7815 18.7353
7816 5.5874
7817 3.6326
7818 1.1753
7819 2.6092
7820 58.5520
7821 5.7285
7822 4.5357
7823 6.3788
7824 2.2426
7825 20.5627
7826 51.5548
7827 1.6206
7828 65.3403
7829 42.2478
7830 20.3349
7831 1.5516
7832 9.1197
7833 33.1931
7834 1.7999
7835 7.6594
7836   NaN
7837 3.4398
7838 7.9814
7839 21.2815
7840 0.4144
7841 8.5117
7842 11.8548
7843 4.6901
7844 2.1800
7845 8.9646
7846 19.5914
7847 53.0336
7848 18.4182
7849 2.6253
7850 8.0510
7851 29.4936
7852 0.7428
7853 2.3211
7854 0.5834
7855 7.9171
7856 0.7077
7857 16.3744
7858 22.3061
7859 10.6517
7860 2.5186
7861 23.0193
7862 2.9061
7863 26.0333
7864 2.5400
7865 7.1451
7866 2.5943
7867 2.8644
7868 1.5851
7869 13.1368
7870 14.7830
7871 5.6708
7872 3.9623
7873 8.9399
7874 27.3065
7875 5.3744
7876 2.6070
7877 17.1827
7878 3.1344
7879 0.6670
7880 11.6084
7881 8.3713
7882 9.8597
7883 16.0924
7884 5.7481
7885 4.4694
7886 3.2171
7887 2.9446
7888 6.7402
7889 6.9307
7890 17.0695
7891 19.0907
7892 1.5498
7893 1.1384
7894 1.3242
7895 3.1483
7896 18.3339
7897 5.1125
7898 1.3571
7899 4.6160
7900 0.5371
7901 4.2530
7902 4.5793
7903 4.9939
7904 1.2202
7905 30.1604
7906 6.1533
7907 1.5135
7908 3.9720
7909 0.9858
7910 8.0315
7911 2.5319
7912 2.7874
7913 8.5020
7914 3.0041
7915 7.7638
7916   NaN
7917 5.2459
7918 66.3971
7919 11.6955
7920 14.4669
7921 3.4543
7922 1.4326
7923 1.7822
7924 13.1838
7925 5.2996
7926 76.8612
7927 0.4758
7928 1.6249
7929 4.4192
7930 4.4878
7931 38.3715
7932 1.0664
7933 2.7399
7934 2.3609
7935 2.6670
7936 1.0646
7937 8.2487
7938 3.3215
7939 1.0348
7940 37.0110
7941 1.6844
7942 2.9456
7943 1.4866
7944 9.2910
7945 31.1530
7946 5.5337
7947 13.8039
7948 3.5940
7949 1.8732
7950 14.4654
7951 42.0924
7952 2.3943
7953 4.7971
7954 5.4033
7955 1.4675
7956 18.2179
7957 1.4746
7958 1.0280
7959 9.1793
7960 31.6969
7961 20.9057
7962 6.1821
7963 1.6712
7964 1.0148
7965 0.7735
7966 4.5009
7967 5.3184
7968 14.5367
7969 19.3806
7970 0.9926
7971 5.2537
7972 27.6940
7973 3.7543
7974 5.4410
7975 10.3691
7976 11.6247
7977 6.4173
7978 9.8616
7979 0.3156
7980 6.0540
7981 3.7911
7982 0.4571
7983 3.6586
7984 7.8946
7985 2.4541
7986 1.2976
7987 8.6249
7988 2.4231
7989 0.6467
7990 3.4825
7991 12.3310
7992 7.6546
7993 29.5947
7994 2.4832
7995 2.4093
7996 3.8518
7997 2.2016
7998 24.9924
7999 47.0105
8000 9.0317
8001 2.1818
8002 9.6883
8003 0.5024
8004 15.1570
8005 8.4807
8006 4.1741
8007 12.1061
8008 3.6258
8009 12.5803
8010 6.9612
8011 14.5060
8012 14.7979
8013 15.6519
8014 1.1971
8015 2.3834
8016 6.8513
8017 3.7986
8018 22.9142
8019 5.2418
8020 3.8888
8021 7.2312
8022 3.4697
8023 2.8571
8024 11.7433
8025 9.7715
8026 55.8798
8027 0.9366
8028 19.2441
8029 3.2958
8030 1.1820
8031 4.0098
8032 4.1172
8033 2.9853
8034 3.1481
8035 12.7757
8036 2.3001
8037 6.5936
8038 7.9207
8039 1.4571
8040 1.3002
8041 7.7078
8042 6.4187
8043 8.7143
8044 1.9073
8045 1.4354
8046 12.0792
8047 2.3929
8048 2.6724
8049 12.4197
8050 13.1936
8051 3.2123
8052 1.0851
8053 14.9001
8054 8.6561
8055 13.2372
8056 18.5246
8057 5.7189
8058 8.2714
8059 1.9379
8060 4.2284
8061 3.1987
8062 4.8632
8063 7.5045
8064 0.6056
8065 6.1072
8066 1.6739
8067 74.0122
8068 2.7826
8069 8.7141
8070 1.3748
8071 0.9901
8072 1.9350
8073 1.6574
8074 30.0277
8075 2.5011
8076 5.1319
8077 4.1974
8078 1.8124
8079 4.6585
8080 6.3384
8081 25.6746
8082 3.1504
8083 5.7257
8084 17.5135
8085 1.0623
8086 24.3802
8087 9.2427
8088 0.8124
8089 14.7733
8090 13.0606
8091 6.4405
8092 4.9422
8093 11.6113
8094 8.7214
8095 0.5531
8096 7.5246
8097 26.7636
8098 11.0970
8099 5.8311
8100 0.8540
8101 35.3415
8102 4.3417
8103 16.9296
8104 0.2948
8105 7.9942
8106 10.7851
8107 0.1944
8108 12.0857
8109 2.9621
8110 13.0722
8111 2.0157
8112 3.5575
8113 5.8478
8114 11.0192
8115 15.9158
8116 0.5989
8117 5.4530
8118 12.0546
8119 12.9496
8120 7.9691
8121 5.6675
8122 1.6427
8123 46.8282
8124 17.4914
8125 30.6516
8126 52.3214
8127 0.7469
8128 54.5760
8129 5.3006
8130 1.4671
8131 9.0652
8132 9.2834
8133 12.0787
8134 5.2080
8135 4.1284
8136 6.3711
8137 5.6470
8138 2.4236
8139 1.1169
8140 11.0301
8141 3.8036
8142 3.9204
8143 11.0145
8144 30.5203
8145 14.7803
8146 5.2186
8147 6.7678
8148 22.1056
8149 11.0556
8150 3.1870
8151 1.2388
8152 6.3282
8153 1.1516
8154 3.1548
8155 41.0605
8156 4.3410
8157 14.0676
8158 0.3302
8159 0.6923
8160 8.1583
8161 1.4824
8162 1.1817
8163 1.3930
8164 7.2166
8165 10.7588
8166 8.4795
8167 2.8719
8168 13.7881
8169 1.7560
8170 5.5005
8171 28.9967
8172 0.3916
8173 4.1645
8174 6.7122
8175 11.3807
8176 19.3166
8177 1.1001
8178 3.1457
8179 4.7344
8180 13.4366
8181 1.5840
8182 17.7187
8183 13.3813
8184 0.7329
8185 16.8651
8186 0.1709
8187 1.9160
8188 15.2041
8189 3.7259
8190 4.9707
8191 8.0261
8192 3.6469
8193 8.2824
8194 1.0004
8195 7.6747
8196 12.5311
8197 5.0777
8198 48.2332
8199 0.9406
8200 3.6056
8201 6.9145
8202 2.8603
8203 3.9470
8204 1.7066
8205 3.0044
8206 3.6667
8207 32.1507
8208 9.7938
8209 1.2968
8210 1.7424
8211 4.4235
8212 1.9580
8213 11.0479
8214 9.8931
8215 3.6887
8216 3.8285
8217 2.9350
8218 0.7545
8219 4.5141
8220 17.6322
8221 26.8899
8222 1.9036
8223 1.0120
8224 3.3685
8225 3.5617
8226 5.1657
8227 8.1316
8228 4.7480
8229 5.6099
8230 12.2662
8231 6.0259
8232 5.7521
8233 4.0937
8234 2.0894
8235 52.9324
8236 2.1499
8237 28.5860
8238 13.8818
8239 0.8293
8240 0.9272
8241 9.4349
8242 3.9780
8243 0.7661
8244 1.6313
8245 1.0962
8246 4.0664
8247 2.0463
8248 5.5982
8249 0.4361
8250 1.1343
8251 11.4487
8252 8.0177
8253 4.7953
8254 1.8792
8255 21.3322
8256 2.9998
8257 9.2858
8258 10.2337
8259 1.6126
8260 0.7298
8261 8.2486
8262 14.7842
8263 0.7003
8264 1.0767
8265 3.6192
8266 0.6761
8267 7.1089
8268 6.1139
8269 3.7736
8270 6.3989
8271 6.1115
8272 8.3237
8273 5.7831
8274 10.4596
8275 3.9718
8276 15.2174
8277 2.7560
8278 2.3351
8279 22.6799
8280 10.9158
8281 2.5693
8282 8.1364
8283 14.2103
8284 0.5980
8285 22.3328
8286 4.1925
8287 13.2448
8288 2.6948
8289 2.8475
8290 0.5553
8291 10.2746
8292 3.4138
8293 4.3723
8294 0.5812
8295 1.5615
8296 0.9010
8297 30.6249
8298 11.6795
8299 4.8001
8300 133.5826
8301 1.0337
8302 71.8345
8303 2.2628
8304 0.1947
8305 14.3779
8306 2.6120
8307 2.6264
8308 11.2424
8309 0.6888
8310 0.3431
8311 10.4931
8312 7.5467
8313 12.7986
8314 0.5794
8315 38.4215
8316 3.5822
8317 2.2948
8318 7.1465
8319 9.1476
8320 5.0891
8321 7.5349
8322 4.5370
8323 7.0316
8324 1.0774
8325 4.6842
8326 11.7701
8327 1.1008
8328 13.2333
8329 8.5335
8330 15.2299
8331 7.9430
8332 3.2551
8333 9.1340
8334 9.4848
8335 1.5590
8336 4.9184
8337 4.6975
8338 3.9028
8339 1.1241
8340 1.6685
8341 3.2258
8342 2.0039
8343 21.1691
8344 0.7317
8345 0.7182
8346 9.2747
8347 53.1643
8348 1.7331
8349 13.3100
8350 8.5502
8351 2.5839
8352 10.3040
8353 0.2180
8354 15.2238
8355 5.4119
8356 7.8201
8357 1.2119
8358 6.6220
8359 3.3401
8360 3.7286
8361 20.0840
8362 1.6042
8363 6.3429
8364 60.9384
8365 3.3514
8366   NaN
8367 2.4281
8368 1.8397
8369 1.0444
8370 4.7859
8371 2.4623
8372 6.7377
8373 69.2707
8374 18.3332
8375 3.9456
8376 3.4212
8377 5.3403
8378 11.9297
8379 28.3000
8380 3.1822
8381 14.9489
8382 9.5810
8383 7.9933
8384 5.8973
8385 5.1956
8386 3.9446
8387 18.2810
8388 16.6369
8389 5.9800
8390 3.6089
8391 10.2064
8392 1.0132
8393 4.1745
8394 2.6999
8395 0.4286
8396 9.2444
8397 48.1560
8398 1.6124
8399 0.8230
8400 3.1901
8401 2.8457
8402 4.5437
8403 9.4810
8404 13.5552
8405 9.5410
8406 10.5106
8407 37.8775
8408 13.1197
8409 4.7437
8410 15.2870
8411 1.5258
8412 5.2280
8413 4.1292
8414 1.6005
8415 11.1053
8416 3.8804
8417 2.6195
8418 0.6111
8419 3.0727
8420 22.2245
8421 2.5027
8422 1.9197
8423 1.9417
8424 4.2656
8425 8.4724
8426 58.3171
8427 0.2327
8428 3.4975
8429 1.8624
8430 8.2617
8431 3.9561
8432 19.3004
8433 4.8416
8434 5.6250
8435 0.9901
8436 4.1738
8437 3.2477
8438 15.2930
8439 2.4697
8440 3.8467
8441 3.4425
8442 16.4355
8443 0.8225
8444 17.1093
8445 1.8674
8446 14.0627
8447 7.9100
8448 3.5971
8449 0.6396
8450 5.7172
8451 15.4110
8452 3.3144
8453 3.4330
8454 12.5956
8455 14.9274
8456 9.1636
8457 3.4426
8458 5.8510
8459 9.5380
8460 42.6353
8461 0.8185
8462 0.9937
8463 3.4265
8464 7.5056
8465 5.6858
8466 14.6278
8467 0.9667
8468 4.2475
8469 16.6343
8470 2.2592
8471 6.0537
8472 1.9210
8473 3.5291
8474 6.7468
8475 2.3381
8476 6.1100
8477 1.1485
8478 5.0536
8479 2.4431
8480 10.5672
8481 2.6531
8482 10.9189
8483 0.3172
8484 1.1316
8485 3.2867
8486 0.4328
8487 4.8080
8488 1.6137
8489 7.7802
8490 13.0057
8491 1.2389
8492 3.6065
8493 3.3034
8494 6.2071
8495 9.6974
8496 36.6925
8497 7.7198
8498 2.3520
8499 0.5231
8500 1.8449
8501 1.3411
8502 43.4554
8503 0.4421
8504 18.2215
8505 11.6471
8506 7.7070
8507 0.7708
8508 6.5710
8509 0.4972
8510 3.6589
8511 11.0660
8512 88.4380
8513 2.1072
8514 2.6689
8515 1.8091
8516 31.7981
8517 1.7305
8518 1.2496
8519 39.0827
8520 1.9178
8521 3.1081
8522 6.2981
8523 18.4169
8524 18.2680
8525 1.0737
8526 2.1376
8527 54.6839
8528 18.4792
8529 13.5952
8530 55.1077
8531 12.0994
8532 2.0196
8533 1.4288
8534 26.4912
8535 11.5828
8536 53.0788
8537 10.1077
8538 3.7006
8539 14.4647
8540 2.1083
8541 4.3158
8542 3.8146
8543 5.5392
8544 47.5290
8545 1.2729
8546 8.7208
8547 3.2177
8548 1.3613
8549 44.4793
8550 1.2235
8551 1.0252
8552 11.4742
8553 1.8743
8554 8.5330
8555 11.0011
8556 5.0855
8557 4.1998
8558 0.6321
8559 1.1439
8560 10.2536
8561 3.4193
8562 2.9447
8563 2.2751
8564 3.7937
8565 2.3612
8566 3.2278
8567 6.3592
8568 5.6286
8569 0.5936
8570 2.5226
8571 7.3715
8572 6.5519
8573 0.6095
8574 24.0024
8575 5.0761
8576 24.3332
8577 7.5248
8578 0.1713
8579 5.8556
8580 55.2101
8581 12.2499
8582 21.8574
8583 0.2329
8584 1.1808
8585 2.1443
8586 44.3696
8587 0.2742
8588 61.8469
8589 4.6653
8590 1.3942
8591 5.9846
8592 15.7833
8593 5.3260
8594 1.1350
8595 37.3650
8596 1.9789
8597 3.0437
8598 22.7837
8599 2.2390
8600 2.2194
8601 12.0328
8602 1.0771
8603 2.3203
8604 1.0966
8605 14.0124
8606 2.9910
8607 107.4072
8608 5.7742
8609 8.2330
8610 14.7002
8611 15.3585
8612 37.7548
8613 2.2625
8614 10.2212
8615 26.2864
8616 2.4415
8617 9.1943
8618 1.9367
8619 7.3240
8620 1.2481
8621 5.8807
8622 3.0395
8623 8.0285
8624 40.8431
8625 5.4515
8626 15.8491
8627 3.0257
8628 15.3911
8629 30.1343
8630 2.3991
8631 84.3922
8632 2.1359
8633 7.3052
8634 0.7853
8635 8.7284
8636 2.8802
8637 4.4481
8638 20.0359
8639 11.7376
8640 1.3256
8641 5.2418
8642 8.3219
8643 32.9162
8644 6.9467
8645 12.4478
8646 2.5262
8647 10.3859
8648 2.4681
8649 18.3553
8650 12.5009
8651 1.4833
8652 0.4358
8653 16.0073
8654 7.7218
8655 7.5768
8656 1.4081
8657 1.2662
8658 7.4667
8659 1.6484
8660 2.4720
8661 39.9146
8662 2.7371
8663 6.2765
8664 15.7717
8665 1.0344
8666 10.2405
8667 22.7814
8668 2.1312
8669 5.6223
8670 4.8851
8671 8.8466
8672 61.7794
8673 21.5087
8674 13.4886
8675 10.3032
8676 12.8838
8677 7.1039
8678 0.9159
8679 58.4391
8680 3.7674
8681 0.4475
8682 17.4285
8683 1.3433
8684 1.1387
8685 45.3388
8686 16.4124
8687 1.2454
8688 16.9428
8689 11.4418
8690 6.3715
8691 11.7457
8692 3.3681
8693 1.2548
8694 2.4707
8695 23.8959
8696 4.9489
8697 5.4789
8698 6.8827
8699 6.2445
8700 12.5782
8701 3.5854
8702 11.0431
8703 1.9022
8704 1.8088
8705 10.3345
8706 6.0471
8707 23.5133
8708 2.6975
8709 12.0189
8710 1.3104
8711 2.2537
8712 6.1954
8713 19.7555
8714 13.0389
8715 4.1354
8716 6.7180
8717 11.4108
8718 0.3541
8719 0.5568
8720 24.3394
8721 4.6116
8722 1.7759
8723 7.4023
8724 0.5183
8725 4.3283
8726 3.0126
8727 1.3513
8728 1.2271
8729 3.9576
8730 11.2067
8731 25.0429
8732 1.2606
8733 2.6135
8734 1.0231
8735 9.1049
8736 2.6296
8737 1.0963
8738 4.7070
8739 2.8479
8740 22.2553
8741 3.5161
8742 2.3502
8743 0.3965
8744 1.0705
8745 3.1035
8746 5.9222
8747 1.1335
8748 1.9211
8749 6.0927
8750 39.9107
8751 1.4251
8752 21.7813
8753 9.5930
8754 2.9573
8755 10.1065
8756 4.2697
8757 14.8844
8758 1.7388
8759 0.2877
8760 20.8070
8761 3.8506
8762 10.0315
8763 38.6409
8764 2.4347
8765 0.6073
8766 42.0552
8767 1.8074
8768 14.8862
8769 0.2025
8770 12.1022
8771 0.4880
8772 5.3409
8773 2.0548
8774 19.1728
8775 2.3515
8776 7.0172
8777 3.1382
8778 15.5319
8779 4.2185
8780 18.4637
8781 18.1560
8782 0.8213
8783 5.0007
8784 0.6141
8785 17.8223
8786 8.4643
8787 2.7929
8788 0.7267
8789 1.3653
8790 1.7984
8791 2.2333
8792 5.0970
8793 5.7260
8794 5.3630
8795 23.4472
8796 58.5550
8797 1.7960
8798 5.1240
8799 10.4286
8800 1.9048
8801 8.8375
8802 54.8181
8803 1.1820
8804 10.6258
8805 4.1475
8806 3.5346
8807 12.6368
8808 30.8474
8809 7.6283
8810 0.8605
8811 10.5129
8812 2.2332
8813 5.2732
8814 3.8237
8815 3.8821
8816 18.8197
8817 0.9456
8818 3.2904
8819 7.0223
8820 0.7781
8821 65.0922
8822 9.0066
8823 2.0218
8824 3.5041
8825 3.2141
8826 3.5744
8827 22.1870
8828 0.9484
8829 1.7238
8830 15.2585
8831 2.8815
8832 3.9680
8833 7.5408
8834 4.3968
8835 3.8863
8836 1.2119
8837 12.1505
8838 0.9040
8839 29.2834
8840 3.9542
8841 8.7981
8842 13.0703
8843 40.5744
8844 32.9858
8845   NaN
8846 13.9133
8847 11.5450
8848 13.7322
8849 30.1212
8850 2.7259
8851 8.4348
8852 5.2007
8853 31.3281
8854 5.0011
8855 4.4783
8856 101.3747
8857 27.9093
8858 8.4714
8859 43.8666
8860 1.6197
8861 1.4141
8862 14.2530
8863 38.6811
8864 4.2997
8865 1.9844
8866 5.1287
8867 0.5804
8868 4.8200
8869 0.5003
8870 0.6386
8871 1.0770
8872 2.7038
8873 14.0886
8874 6.0348
8875 12.3395
8876 4.2276
8877 1.2488
8878 3.7027
8879 3.6253
8880 10.5045
8881 5.6733
8882 1.0535
8883 26.6906
8884 1.5956
8885 2.8239
8886 14.2147
8887 7.6287
8888 20.5374
8889 1.1713
8890 6.0311
8891 1.4313
8892 4.9425
8893 1.3101
8894 1.5948
8895 3.0292
8896 74.6458
8897 0.7608
8898 1.7518
8899 4.8222
8900 3.2910
8901 11.7308
8902 12.5485
8903 10.9878
8904 4.7130
8905 3.4762
8906 20.5331
8907 7.6041
8908 0.7706
8909 0.3020
8910 1.5034
8911 5.9574
8912 1.8960
8913 4.6414
8914 3.3569
8915 2.8484
8916 4.0596
8917 1.9852
8918 3.1478
8919 11.4159
8920 4.2257
8921 15.6443
8922 8.4874
8923 6.9575
8924 28.4226
8925 16.2220
8926 10.8482
8927 4.3299
8928 4.4788
8929 20.2910
8930 7.8766
8931 13.8925
8932 8.1061
8933 7.7857
8934 1.9264
8935 10.2697
8936 9.2527
8937 18.4202
8938 13.9759
8939 2.2444
8940 5.2744
8941 7.7369
8942 23.6118
8943 3.0207
8944 5.2116
8945 1.3471
8946 1.9736
8947 1.0139
8948 4.9622
8949 0.6406
8950 0.4291
8951 4.2998
8952 7.0027
8953 0.1335
8954 10.2664
8955 18.0994
8956 2.0161
8957 9.2800
8958 4.6106
8959 42.3472
8960 9.9844
8961 3.5380
8962 2.5960
8963 0.6144
8964 2.3817
8965 8.1049
8966 4.3232
8967 16.3499
8968 44.5796
8969 6.0656
8970 40.0125
8971 3.7056
8972 36.5126
8973 2.4177
8974 2.3436
8975 1.4717
8976 12.0970
8977 8.0381
8978 9.8279
8979 4.0607
8980 2.2224
8981 5.0020
8982 1.8059
8983 4.9879
8984 0.3598
8985 0.4160
8986 0.9022
8987 1.3942
8988 5.0460
8989 12.9726
8990 4.9309
8991 10.9866
8992 1.5043
8993 1.7346
8994 6.6833
8995 1.5461
8996 34.5637
8997 0.8957
8998 1.9586
8999 9.4560
9000 56.3600
9001 6.7048
9002 1.8655
9003 22.2014
9004 4.1262
9005 13.5968
9006 1.0561
9007 2.7948
9008 19.4872
9009 44.2874
9010 1.3366
9011 26.9316
9012 7.2127
9013 4.1542
9014 0.6802
9015 11.9541
9016 4.7524
9017 12.0287
9018 11.1064
9019 0.5408
9020 54.8968
9021 2.8740
9022 4.2949
9023 1.4602
9024 2.0108
9025 2.6515
9026 2.2864
9027 14.5726
9028 12.7661
9029 9.4700
9030 15.1163
9031 3.6293
9032 0.9414
9033 0.8178
9034 3.9042
9035 4.6765
9036 6.4838
9037 16.9420
9038 35.0420
9039 0.5926
9040 3.1669
9041 4.1851
9042 9.6577
9043 12.9756
9044 3.2493
9045 11.6869
9046 0.8896
9047 1.0402
9048 3.8301
9049 3.5910
9050 15.7443
9051 0.2919
9052 5.4238
9053 35.3169
9054 2.2457
9055 1.3166
9056 18.2964
9057 52.1319
9058 10.0341
9059 0.7528
9060 58.3715
9061 2.4819
9062 21.3722
9063 1.2922
9064 12.2140
9065 4.0072
9066 7.9093
9067 4.7440
9068 23.2362
9069 7.9832
9070 34.6326
9071 4.5768
9072 15.6833
9073 0.6208
9074 2.3615
9075 4.3906
9076 7.1088
9077 9.2322
9078 8.3928
9079 77.0927
9080 3.1670
9081 3.7237
9082 8.8104
9083 1.6002
9084 3.1310
9085 12.7919
9086 3.5785
9087 3.6403
9088 1.0522
9089 2.8376
9090 3.9409
9091 46.7040
9092 2.9256
9093 8.0860
9094 3.7066
9095 1.6367
9096 13.0122
9097 2.6598
9098 4.4660
9099 0.3884
9100 3.1610
9101 5.9038
9102 4.0124
9103 1.0946
9104 20.6405
9105 30.5613
9106 6.6253
9107 1.4649
9108 0.9676
9109 0.6963
9110 26.6992
9111 1.2521
9112 8.5031
9113 0.4825
9114 1.0677
9115 0.7658
9116 3.1528
9117 7.8286
9118 1.0386
9119 1.8450
9120 2.1133
9121 40.3317
9122 23.2081
9123 57.5257
9124 38.9304
9125 17.4839
9126 2.2910
9127 8.7800
9128 2.5240
9129 11.8255
9130 45.9435
9131 17.4428
9132 10.8335
9133 7.7589
9134 36.5964
9135 36.8013
9136 4.6827
9137 2.2878
9138 17.9538
9139 13.8883
9140 14.9885
9141 4.2793
9142 2.9848
9143 2.1958
9144 4.1452
9145 60.9805
9146 5.8646
9147 4.9917
9148 0.3445
9149 3.1381
9150 0.2998
9151 41.7987
9152 13.1220
9153 3.4831
9154 14.2591
9155 1.9518
9156 10.9927
9157 56.8030
9158 7.0456
9159 5.3583
9160 2.1165
9161 1.0144
9162 1.3237
9163 40.6279
9164 8.5511
9165 4.7644
9166 1.8924
9167 0.7891
9168 7.3599
9169 8.2832
9170 3.6113
9171 8.3427
9172 23.6360
9173 0.2014
9174 14.6750
9175 1.9835
9176 3.4759
9177 59.7713
9178 3.9835
9179 30.8137
9180 2.0771
9181 13.7631
9182 20.2678
9183 0.6786
9184 2.7870
9185 40.9527
9186 107.0881
9187 18.7000
9188 8.7178
9189 16.0665
9190 5.6406
9191 3.3131
9192 5.1605
9193 0.7806
9194 57.2041
9195 1.2634
9196 14.4626
9197 3.6602
9198   NaN
9199 39.7565
9200 9.6023
9201 2.6263
9202 8.6399
9203 11.2762
9204 23.2449
9205 1.6148
9206 6.3399
9207 21.5564
9208 30.3727
9209 0.2307
9210 3.0442
9211 57.0774
9212 2.2133
9213 5.2105
9214 13.9665
9215 4.9388
9216 0.5878
9217 18.2646
9218 10.8599
9219 51.7746
9220 1.4557
9221 36.0487
9222 8.9701
9223 10.8014
9224 9.4724
9225 16.7203
9226 1.0004
9227 8.0064
9228 3.7223
9229 2.0243
9230 11.4089
9231 2.6104
9232 1.4018
9233 3.1255
9234 0.5665
9235 2.7719
9236 12.1494
9237 12.3770
9238 5.9079
9239 19.6149
9240 26.8578
9241 8.1263
9242 4.8942
9243 6.2128
9244 9.2563
9245 2.0108
9246 129.1481
9247 9.2067
9248 22.4761
9249 10.4238
9250 39.6877
9251 71.7105
9252 3.8392
9253 6.5408
9254 14.4981
9255 8.9196
9256 1.5547
9257 5.5131
9258 1.6613
9259 5.0291
9260 8.5971
9261 7.4099
9262 3.3243
9263 4.4039
9264 7.4940
9265 1.8132
9266 54.1011
9267 6.9114
9268 0.4305
9269 0.9974
9270 1.5307
9271 11.0131
9272 1.1684
9273 2.2789
9274 13.3655
9275 1.1445
9276 4.4898
9277 3.6342
9278 3.2527
9279 50.7953
9280 10.9260
9281 4.6857
9282 47.9683
9283 0.5703
9284 3.0092
9285 2.7389
9286 18.0901
9287 31.0745
9288 3.7162
9289 1.0910
9290 16.4969
9291 5.4827
9292 4.8171
9293 27.7664
9294 18.3229
9295 3.8795
9296 20.6789
9297 0.8400
9298 2.6739
9299 1.2503
9300 6.6323
9301 10.7921
9302 0.7147
9303 43.6649
9304 11.6082
9305 1.2732
9306 14.2765
9307 27.2909
9308 3.5595
9309 8.1867
9310 5.2383
9311 13.9381
9312 6.1473
9313 13.3739
9314 4.7501
9315 0.4673
9316 13.5512
9317 13.3882
9318 0.6414
9319 5.7645
9320 22.1540
9321 0.7396
9322 28.4291
9323 13.0765
9324 2.2853
9325 1.5800
9326 1.2647
9327 11.0097
9328 0.7680
9329 5.9661
9330 8.6350
9331 5.0139
9332 1.1576
9333 3.2064
9334 7.9683
9335 0.7426
9336 1.7047
9337 10.8711
9338 22.3494
9339 2.0999
9340 32.4998
9341 3.9838
9342 3.9701
9343 3.2392
9344 3.8982
9345 12.2248
9346 1.5367
9347 2.1367
9348 25.4084
9349 5.1810
9350 0.9791
9351 52.8914
9352 5.7193
9353 18.8147
9354 3.4868
9355 9.7396
9356 8.4996
9357 6.5962
9358 4.8465
9359 3.0622
9360 0.5499
9361 22.7086
9362 33.2258
9363 0.5451
9364 35.2306
9365 69.9934
9366 24.6138
9367 5.4753
9368 24.6050
9369 2.7827
9370 1.7033
9371 8.8134
9372 2.7392
9373 12.8010
9374 6.5598
9375 4.3682
9376 3.0903
9377 2.6190
9378 14.7441
9379 2.5394
9380 25.0925
9381 1.0732
9382 15.3673
9383 0.8225
9384 8.9721
9385 4.9147
9386 7.2505
9387 1.7455
9388 7.8057
9389 2.4362
9390 13.5386
9391 0.5774
9392 9.7713
9393 6.2476
9394 4.8061
9395 12.4523
9396 1.0506
9397 3.5048
9398 7.2311
9399 13.6652
9400 5.6817
9401 0.2914
9402 5.5877
9403 1.0764
9404 10.1490
9405 1.0000
9406 11.3354
9407 4.7814
9408 4.5229
9409 5.4859
9410 0.7182
9411 1.5672
9412 0.8893
9413 1.3402
9414 11.9058
9415 2.8622
9416 8.3948
9417 32.1525
9418 0.9710
9419 3.2567
9420 13.1451
9421 3.6544
9422 2.2950
9423 2.7341
9424 19.1650
9425 26.1185
9426 18.3731
9427 75.6714
9428 21.9753
9429 19.6070
9430 2.3940
9431 1.7314
9432 24.1348
9433 0.4907
9434 3.5401
9435 41.5357
9436 7.7642
9437 1.5722
9438 2.1268
9439 2.5200
9440 49.3511
9441 0.5707
9442 11.8136
9443 3.5672
9444 10.6187
9445 48.4457
9446 0.8791
9447 6.2960
9448 1.2062
9449 7.3130
9450 1.4706
9451 37.8187
9452 7.5806
9453 32.1644
9454 7.4306
9455 2.9512
9456 2.2524
9457 1.8840
9458 5.7552
9459 4.3902
9460 3.8444
9461 0.4009
9462 40.5507
9463 16.2228
9464 2.2553
9465 20.6365
9466 5.1167
9467 13.7891
9468 5.5694
9469 12.6218
9470 0.6091
9471 3.2940
9472 11.3711
9473 4.0381
9474 4.4272
9475 2.1101
9476 10.7137
9477 15.5829
9478 27.2753
9479 18.2815
9480 4.2967
9481 4.3362
9482 13.0301
9483 21.5125
9484 14.8554
9485 2.8433
9486 10.7722
9487 8.8825
9488 27.7772
9489 3.7551
9490 4.1740
9491 25.1018
9492 45.4504
9493 16.1567
9494 36.9239
9495 10.3185
9496 43.9375
9497 1.4292
9498 0.7355
9499 36.7377
9500 1.6042
9501 6.0230
9502 11.0595
9503 19.7911
9504 3.8451
9505 18.4076
9506 13.3293
9507 2.2729
9508 1.9398
9509 0.4102
9510 6.4259
9511 16.1005
9512 4.5102
9513 5.8316
9514 30.3724
9515 31.0558
9516 5.0488
9517   NaN
9518 3.5393
9519 0.3397
9520 1.4687
9521 0.2294
9522 3.5898
9523 4.6781
9524 1.4010
9525 9.1456
9526 0.2388
9527 1.2983
9528 12.1904
9529 14.8587
9530 0.4136
9531 23.9704
9532 0.3606
9533 19.0286
9534 5.5561
9535 2.9791
9536 1.2747
9537 4.5439
9538 42.0414
9539 4.3200
9540 17.1645
9541 6.2901
9542 44.0996
9543 1.3732
9544 20.2177
9545 5.1080
9546 13.1680
9547 41.5289
9548 5.4873
9549 1.0224
9550 5.0008
9551 16.4694
9552 2.1573
9553 2.4030
9554 3.7656
9555 0.5419
9556 19.2017
9557 4.7022
9558 4.1476
9559 2.1772
9560 2.0677
9561 10.1934
9562 6.9637
9563 6.0269
9564 32.7742
9565 16.2539
9566 25.4112
9567 0.4661
9568 4.8954
9569 20.7056
9570 51.2830
9571 1.9335
9572 1.0137
9573 4.4285
9574 2.1485
9575 17.1655
9576 4.7787
9577 50.2708
9578 9.9304
9579 3.6790
9580 5.1341
9581 1.8422
9582 7.9181
9583 93.4683
9584 6.9202
9585 3.2712
9586 63.9549
9587 8.8639
9588 7.3899
9589 1.9690
9590 16.3094
9591 3.6766
9592 4.6211
9593 21.8274
9594 8.3538
9595 1.4700
9596 4.5640
9597 2.3718
9598 21.9825
9599 16.7082
9600 1.5128
9601 11.6351
9602 0.8981
9603 2.4636
9604 6.2346
9605 0.9555
9606 88.7836
9607 0.3138
9608 9.6766
9609 14.7529
9610 88.9819
9611 6.6539
9612 5.0554
9613 9.8033
9614 3.1018
9615 2.0343
9616 1.7494
9617 1.7233
9618 11.9797
9619 4.1022
9620 21.6515
9621 1.6280
9622 0.3773
9623 1.1770
9624 1.4847
9625 13.9267
9626 9.6202
9627 41.0880
9628 4.2494
9629 5.5763
9630 78.3091
9631 18.4828
9632 4.9400
9633 12.7396
9634 0.7591
9635 2.9738
9636 7.2511
9637 5.0481
9638 4.7106
9639 5.3907
9640 6.4248
9641 2.4179
9642 17.3618
9643 1.2416
9644 15.5421
9645 1.1479
9646 6.2023
9647 48.0920
9648 3.7404
9649 5.2593
9650 7.4321
9651 5.6883
9652 2.0458
9653 5.6428
9654 5.9793
9655 23.7909
9656 4.0243
9657 4.3141
9658 0.8387
9659 11.7811
9660 6.0680
9661 3.0460
9662 2.9354
9663 4.5615
9664 62.4612
9665 10.8775
9666 12.5576
9667 1.5802
9668 9.4768
9669 14.2322
9670 2.1607
9671 3.7329
9672 3.8689
9673 10.3987
9674 49.4846
9675 6.7268
9676 2.5807
9677 1.0963
9678 44.9433
9679 0.3326
9680 0.7410
9681 16.3119
9682 1.7905
9683 5.0713
9684 4.2267
9685 3.9208
9686 2.3521
9687 0.2585
9688 9.9438
9689 2.2814
9690 1.9308
9691 58.1226
9692 3.8369
9693 2.2599
9694 0.9434
9695 7.5087
9696 0.7998
9697 3.3005
9698 16.4047
9699 6.2142
9700 45.6439
9701 45.8851
9702 5.9337
9703 28.1696
9704 2.2340
9705 0.7541
9706 4.6738
9707 4.9713
9708 6.0350
9709 30.1492
9710 5.2052
9711 24.9386
9712 12.2889
9713 1.1090
9714 8.3966
9715 4.8646
9716 2.7817
9717 3.5935
9718 3.6100
9719 21.6690
9720 7.4589
9721 9.5932
9722 0.8661
9723 21.2017
9724 9.6507
9725 2.4244
9726 13.6423
9727 0.3075
9728 27.5562
9729 5.7564
9730 16.8482
9731 3.8609
9732 0.8512
9733 4.3363
9734 1.4017
9735 21.1074
9736 2.1734
9737 3.8698
9738 0.5252
9739 9.0834
9740 1.9141
9741 19.2796
9742 1.2253
9743 19.5273
9744 34.3177
9745 1.5784
9746 23.0286
9747 4.4680
9748 0.2489
9749 0.9727
9750 0.7445
9751 10.1334
9752 4.0880
9753 0.3237
9754 12.1171
9755 2.8688
9756 3.5851
9757 18.5078
9758 11.2111
9759 4.4800
9760 5.3093
9761 4.8362
9762 7.8112
9763 26.6456
9764 87.4377
9765 3.6750
9766 10.4833
9767 48.7807
9768 4.1621
9769 1.4917
9770 3.1202
9771 27.7668
9772 0.7799
9773 3.1558
9774 6.8907
9775 0.8488
9776 4.3960
9777 1.0318
9778 2.9978
9779 10.7490
9780 1.1001
9781 11.0883
9782 52.4503
9783 7.1395
9784 8.5042
9785 10.3858
9786 0.7334
9787 12.0960
9788 3.8353
9789 8.5958
9790 6.4531
9791 8.9923
9792 9.8703
9793 15.8831
9794 6.9261
9795 5.2228
9796 1.6050
9797 1.0570
9798 4.7350
9799 2.9289
9800 0.6233
9801 5.1476
9802 7.8126
9803 1.0490
9804 6.5351
9805 38.7663
9806 0.6254
9807 6.9568
9808 2.1657
9809 7.1859
9810 1.2415
9811 2.6802
9812 16.8949
9813 0.9630
9814 15.3181
9815 2.3662
9816 3.5891
9817 1.2703
9818 22.0370
9819 4.5679
9820 16.4732
9821 12.8571
9822 0.5751
9823 5.3219
9824 9.5675
9825 0.9484
9826 0.9846
9827 0.7095
9828 1.1095
9829 2.0818
9830 8.6019
9831 56.1789
9832 11.5576
9833 4.1509
9834 0.3300
9835 3.3018
9836 0.9606
9837 0.1855
9838 13.8800
9839 2.7951
9840 4.0430
9841 7.2586
9842 3.0471
9843 5.3049
9844 15.1679
9845 3.1585
9846 0.8298
9847 4.1634
9848 11.2479
9849 1.2193
9850 1.9905
9851 7.8801
9852 4.8861
9853 54.8765
9854 6.9166
9855 30.1991
9856 16.7667
9857 3.7368
9858 1.9466
9859 9.0905
9860 5.9285
9861 5.5259
9862 8.3548
9863 12.3668
9864 7.6742
9865 6.5996
9866 2.0415
9867 4.0516
9868 24.0743
9869 1.3003
9870 4.8576
9871 22.5137
9872 6.5341
9873 0.8381
9874 15.3937
9875 6.1755
9876 0.5966
9877 8.9107
9878 4.3078
9879 0.3425
9880 5.3459
9881 8.4843
9882 5.2721
9883 5.9504
9884 0.8573
9885 4.1121
9886 5.5408
9887 16.6910
9888 10.7967
9889 36.5451
9890 3.9455
9891 8.5768
9892 1.2137
9893 10.4791
9894 2.1011
9895 1.2624
9896 3.8145
9897 8.7880
9898 10.4527
9899 1.9832
9900 38.2250
9901 17.3256
9902 30.4220
9903 4.6602
9904 7.6262
9905 1.4084
9906 2.8237
9907 3.5235
9908 22.9861
9909 19.4935
9910 12.9439
9911 1.1295
9912 3.3134
9913 10.9305
9914 0.2028
9915 3.2932
9916 2.6670
9917 15.6689
9918 2.2634
9919 11.2326
9920 16.9501
9921 0.8281
9922 6.5536
9923 3.9656
9924 32.8534
9925 12.6953
9926 1.9383
9927 3.1087
9928 11.6871
9929 4.3400
9930 1.4506
9931 0.3712
9932 9.0646
9933 0.7601
9934 7.9250
9935 2.1179
9936 1.2327
9937 8.4743
9938 2.9603
9939 4.5082
9940 21.9851
9941 1.8261
9942 7.0095
9943 9.8856
9944 20.4491
9945 33.1240
9946 9.9248
9947 43.5559
9948 0.6216
9949 25.3846
9950 2.6025
9951 7.5515
9952 0.5213
9953 2.1691
9954 12.4687
9955 1.6916
9956 3.2346
9957 1.3985
9958 8.4698
9959 1.7969
9960 0.8615
9961 4.5721
9962 1.9062
9963 9.7020
9964 23.6467
9965 0.9060
9966 5.2520
9967 6.1525
9968 4.2554
9969 1.9053
9970 9.2590
9971 3.0918
9972 11.2000
9973 82.3652
9974 3.4360
9975 14.9834
9976 1.8938
9977 3.9173
9978 34.5402
9979 1.1144
9980 2.4291
9981 4.2740
9982 24.2267
9983 4.1529
9984 4.2070
9985 6.0219
9986 8.3839
9987 0.7090
9988 5.2320
9989 8.1864
9990 11.1649
9991 10.8623
9992 21.0864
9993 19.1346
9994 11.6349
9995 2.8546
9996 5.0115
9997 4.4730
9998 0.2907
9999 3.9321
10000 5.7162
