7501 0.4160
7502 0.3403
7503 2.6101
7504 0.9892
7505 4.0657
7506 0.8454
7507 4.1736
7508 3.2221
7509 13.5788
7510 17.8622
7511 0.6706
7512 3.0731
7513 1.5014
7514 0.4281
7515 3.2448
7516 5.1866
7517 0.6470
7518 1.7513
7519 13.8939
7520 0.6196
7521 1.0946
7522 1.8321
7523 6.5262
7524 0.2749
7525 1.0607
7526 0.2021
7527 1.5177
7528 15.3103
7529 0.2749
7530 6.5827
7531 1.1739
7532 0.8156
7533 1.2382
7534 2.2732
7535 0.9226
7536 1.4771
7537 0.6436
7538 0.6029
7539 5.3242
7540 6.5744
7541 0.1132
7542 1.3461
7543 1.4955
7544 0.2432
7545 3.9542
7546 0.4745
7547 5.8659
7548 2.4811
7549 1.1026
7550 1.3432
7551 1.4735
7552 18.4615
7553 0.4018
7554 8.5360
7555 5.7248
7556 0.9124
7557 1.4983
7558 0.7080
7559 1.2036
7560 2.1485
7561 5.3015
7562 1.8979
7563 3.3483
7564 0.8276
7565 25.4753
7566 3.9697
7567 4.7443
7568 0.7643
7569 0.9317
7570 9.7683
7571 0.6077
7572 2.1850
7573 0.1111
7574 0.4669
7575 0.9748
7576 0.4414
7577 3.4648
7578 2.5569
7579 2.3601
7580 3.4190
7581 1.3645
7582 1.4309
7583 0.4463
7584 0.5498
7585 1.3354
7586 0.9292
7587 3.3364
7588 1.7375
7589 0.6798
7590 0.4223
7591 2.0610
7592 0.3363
7593 1.2440
7594 3.4448
7595 1.4338
7596 1.4859
7597 3.3853
7598 0.4863
7599 1.4818
7600 2.2989
7601 0.3231
7602 0.6896
7603 0.6842
7604 0.5752
7605 8.1688
7606 0.4736
7607 2.4232
7608 0.9715
7609 1.4671
7610 0.4769
7611 0.2870
7612 0.4529
7613 1.6858
7614 0.7525
7615 1.2514
7616 0.1028
7617 0.3350
7618 0.8797
7619 0.2814
7620 0.4479
7621 0.9030
7622 3.6133
7623 11.0268
7624 1.1558
7625 0.8945
7626 1.4933
7627 0.2320
7628 1.1431
7629 0.2521
7630 3.2512
7631 2.7879
7632 1.2694
7633 5.1499
7634 0.9987
7635 5.1420
7636 0.3150
7637 1.3658
7638 4.5625
7639 0.3930
7640 1.7681
7641 1.3314
7642 0.2283
7643 1.6747
7644 0.7253
7645 2.2807
7646 0.5063
7647 0.3973
7648 7.9223
7649 3.8651
7650 3.3522
7651 1.3889
7652 3.3507
7653 1.8802
7654 2.1249
7655 0.8000
7656 1.9370
7657 1.1244
7658 0.8370
7659 5.7345
7660 0.7978
7661 1.1505
7662 0.9437
7663 0.8089
7664 1.9408
7665 1.5007
7666 1.1226
7667 1.7719
7668 7.2957
7669 4.9891
7670 1.6386
7671 5.0156
7672 2.4509
7673 0.8466
7674 13.0755
7675 0.4717
7676 0.4436
7677 11.5660
7678 0.8623
7679 0.3229
7680 1.0655
7681 14.0408
7682 0.3536
7683 0.3294
7684 1.2148
7685 0.1771
7686 8.6056
7687 17.1146
7688 0.5643
7689 3.0213
7690 3.7620
7691 0.9290
7692 4.0098
7693 3.4420
7694 4.2442
7695 6.9116
7696 1.3860
7697 1.9897
7698 1.0569
7699 2.1158
7700 0.2124
7701 2.7869
7702 2.1325
7703 3.3855
7704 4.3428
7705 0.8971
7706 1.1745
7707 1.4790
7708 0.3844
7709 0.7708
7710 0.8910
7711 0.4168
7712 1.3345
7713 5.4159
7714 0.6391
7715 11.6701
7716 1.3039
7717 0.2934
7718 4.7122
7719 1.8007
7720 1.3587
7721 0.2809
7722 0.1077
7723 0.4829
7724 3.9668
7725 0.3354
7726 1.3136
7727 2.1346
7728 5.8433
7729 0.8269
7730 1.0185
7731 0.4849
7732 0.9020
7733 0.9901
7734 12.0208
7735 1.7395
7736 8.3745
7737 2.4131
7738 0.0948
7739 2.1243
7740 0.2331
7741 5.6011
7742 0.1479
7743 0.4085
7744 3.5329
7745 0.9769
7746 0.9603
7747 2.0805
7748 0.8354
7749 0.9938
7750 0.6118
7751 0.1309
7752 0.5606
7753 2.0914
7754 4.4279
7755 3.9902
7756 3.6924
7757 0.6360
7758 0.4338
7759 0.4089
7760 0.1021
7761 1.4358
7762 8.7195
7763 0.4150
7764 0.8812
7765 0.9540
7766 2.7624
7767 1.2054
7768 3.9972
7769 0.5389
7770 5.4452
7771 0.5376
7772 9.6026
7773 0.7601
7774 0.8224
7775 1.6258
7776 0.3869
7777 0.9115
7778 3.1291
7779 2.2390
7780 9.4026
7781 1.6810
7782 0.8154
7783 4.4124
7784 1.4572
7785 1.0665
7786 2.5279
7787 1.5393
7788 0.2732
7789 1.8439
7790 4.9147
7791 0.4814
7792 7.6735
7793 1.6698
7794 2.6203
7795 0.1323
7796 0.3768
7797 3.1940
7798 4.0231
7799 7.1437
7800 3.0469
7801 6.6764
7802 2.7496
7803 1.4688
7804 2.2652
7805 2.1250
7806 0.2416
7807 0.3122
7808   NaN
7809 1.1298
7810 0.7184
7811 2.8149
7812 3.0290
7813 3.6241
7814 3.6718
7815 0.7678
7816 1.4044
7817 4.7118
7818 0.8138
7819 1.1853
7820 0.1345
7821 3.8997
7822 3.3300
7823 1.5413
7824 4.3249
7825 1.2977
7826 0.3117
7827 2.1112
7828 11.8119
7829 11.7402
7830 6.0103
7831 3.0568
7832 14.5295
7833 0.8498
7834 0.9977
7835 1.8052
7836 1.4782
7837 2.3888
7838 1.8516
7839 11.3520
7840 2.7425
7841 1.6782
7842 4.2451
7843 0.3203
7844 2.5851
7845 0.9889
7846 0.3305
7847 1.5615
7848 1.2262
7849 4.3630
7850 0.5124
7851 4.6687
7852 1.5663
7853 1.7914
7854 1.1163
7855 0.9013
7856 0.3063
7857 2.3064
7858 0.9465
7859 3.3981
7860 1.3310
7861 4.6750
7862 0.8886
7863 0.4255
7864 2.3278
7865 0.8170
7866 1.2413
7867 2.1236
7868 0.6506
7869 37.6169
7870 3.3106
7871 3.6311
7872 0.6029
7873 0.3086
7874 5.0191
7875 0.8613
7876 1.4304
7877 1.1803
7878 3.8516
7879 0.6044
7880 1.7384
7881 0.4558
7882 1.6021
7883 1.1988
7884 2.2542
7885 10.8663
7886 0.3766
7887 2.5266
7888 4.8163
7889 1.5108
7890 3.5585
7891 0.5821
7892 0.4484
7893 14.3411
7894 2.5382
7895 0.6408
7896 8.4045
7897 6.3873
7898 0.6824
7899 0.8073
7900 0.9144
7901 2.2651
7902 1.7497
7903 1.6428
7904 0.6390
7905 1.5078
7906 8.2731
7907 0.5902
7908 11.7712
7909 0.9817
7910 0.8941
7911 6.2879
7912 0.2688
7913 0.3148
7914 1.1395
7915 2.2776
7916 0.4411
7917 3.3913
7918 9.2157
7919 0.8586
7920 22.1869
7921 6.5793
7922 0.1611
7923 11.5799
7924 1.3807
7925 0.9366
7926 2.2191
7927 1.3234
7928 5.6343
7929 0.5960
7930 5.9794
7931 0.3311
7932 2.1770
7933 1.1673
7934 1.6435
7935 1.5113
7936 2.2770
7937 10.1799
7938 8.5726
7939 2.5371
7940 2.7291
7941 0.6035
7942 6.0633
7943 0.3704
7944 0.3776
7945 0.2855
7946 6.0664
7947 3.4477
7948 1.2698
7949 0.5744
7950 7.0276
7951 3.7255
7952 0.2220
7953 15.7759
7954 0.8046
7955 1.1948
7956 1.6159
7957 3.1526
7958 1.2132
7959 14.9910
7960 1.2804
7961 3.7863
7962 18.1037
7963 1.7270
7964 3.8071
7965 7.8561
7966 0.3213
7967 0.3743
7968 2.2182
7969 3.4401
7970 0.4553
7971 1.1085
7972 0.1292
7973 1.4394
7974 0.9884
7975 0.6420
7976 1.5232
7977 2.3998
7978 1.5253
7979 0.6626
7980 0.8134
7981 1.3189
7982 1.1518
7983 3.2597
7984 0.4060
7985 3.9962
7986 3.0271
7987 0.1063
7988 2.8038
7989 21.8885
7990 1.6733
7991 0.9598
7992 1.1490
7993 0.4122
7994 1.8370
7995 21.3786
7996 1.0730
7997 2.2910
7998 0.1124
7999 0.9787
8000 0.6610
8001 0.0970
8002 2.0417
8003 1.3828
8004   NaN
8005 0.3927
8006 1.0473
8007 10.3228
8008 0.4252
8009 1.2857
8010 2.0981
8011 0.3786
8012 0.6503
8013 1.6846
8014 0.2680
8015 0.1215
8016 2.4526
8017 3.7663
8018 0.7603
8019 2.5688
8020 3.0805
8021 3.4960
8022 0.3952
8023 0.7091
8024 0.3523
8025 0.9341
8026 2.2525
8027 8.1126
8028 1.0776
8029 20.7401
8030 1.1100
8031 0.3633
8032 0.6759
8033 5.3060
8034 2.3372
8035 6.9618
8036 0.8992
8037 0.4122
8038 3.1416
8039 1.1076
8040 2.5570
8041 3.5874
8042 0.7449
8043 1.2676
8044 1.3056
8045 13.8200
8046 0.3139
8047 18.7412
8048 0.7372
8049 0.9796
8050 0.9421
8051 1.1327
8052 2.5503
8053 1.6249
8054 2.0467
8055 0.7791
8056 0.7775
8057 0.8282
8058 6.1083
8059 1.0888
8060 0.3797
8061 4.0061
8062 5.4826
8063 0.8408
8064 2.2045
8065 0.8953
8066 0.5547
8067 11.4897
8068 2.4086
8069 23.2738
8070 1.0069
8071 3.9947
8072 0.9423
8073 0.7719
8074 0.8028
8075 19.9737
8076 0.4679
8077 0.5704
8078 0.6088
8079 0.8108
8080 1.4076
8081 0.7352
8082 2.4375
8083 4.2806
8084 5.5253
8085 1.6943
8086 1.6738
8087 1.2115
8088 0.6535
8089 0.3438
8090 1.2800
8091 6.9337
8092 0.7336
8093 2.2386
8094 0.7330
8095 2.7271
8096 2.9423
8097 0.4614
8098 6.8282
8099 1.1040
8100 12.7453
8101 1.7810
8102 0.3327
8103 0.4079
8104 6.7914
8105 3.1752
8106 0.5374
8107 2.7246
8108 0.8886
8109 2.6895
8110 1.8156
8111 2.6330
8112 1.2812
8113 1.7935
8114 0.8927
8115 0.2068
8116 4.0974
8117 0.3875
8118 5.2544
8119 0.3553
8120 0.5100
8121 1.0703
8122 1.0812
8123 1.5799
8124 2.8788
8125 6.0715
8126 9.4510
8127 3.6502
8128 6.9922
8129 1.1520
8130 2.3886
8131 0.3620
8132 0.2606
8133 0.5556
8134 1.6791
8135 9.3916
8136 11.3312
8137 2.8446
8138 1.0446
8139 5.3120
8140 4.2510
8141 0.3215
8142 1.1859
8143 3.1722
8144 5.8125
8145 0.9313
8146 0.8875
8147 1.2320
8148 2.7750
8149 1.7485
8150 0.7752
8151 1.5895
8152 0.4519
8153 0.5377
8154 5.6075
8155 16.1789
8156 0.5110
8157 14.5908
8158 6.8615
8159 0.3362
8160 1.6748
8161 1.7102
8162 1.5851
8163 7.9323
8164 31.0849
8165 0.9503
8166 1.7225
8167 1.2582
8168 0.5183
8169 9.0395
8170 10.3452
8171 1.4503
8172 0.7088
8173 24.0603
8174 0.8546
8175 0.5968
8176 0.7551
8177 1.8182
8178 2.0091
8179 2.9933
8180 1.3774
8181 0.9997
8182 2.6011
8183 0.3797
8184 2.2093
8185 17.9712
8186 0.8347
8187 0.2377
8188 0.3763
8189 10.7450
8190 0.4888
8191 1.2475
8192 1.2235
8193 3.8940
8194 6.0812
8195 0.8677
8196 2.0884
8197 9.3774
8198 1.7307
8199 2.1873
8200 0.9445
8201 1.6194
8202 0.9770
8203 3.8862
8204 0.7941
8205 1.5545
8206 11.3016
8207   NaN
8208 2.8387
8209 1.4595
8210 4.9814
8211 0.1486
8212 2.0813
8213 1.0312
8214 1.3128
8215 0.3691
8216 0.5032
8217 4.6864
8218 0.4189
8219 2.1169
8220 2.4435
8221 2.3322
8222 5.4265
8223 15.6183
8224 1.3403
8225 0.2420
8226 1.4624
8227 0.4572
8228 0.8428
8229 1.0594
8230 1.3116
8231 15.5851
8232 1.6629
8233 3.3060
8234 1.2677
8235 8.4889
8236 0.2623
8237 0.1106
8238 1.6046
8239 2.6581
8240 0.1660
8241 1.0987
8242 0.5055
8243 1.5478
8244 0.6015
8245 2.7547
8246 1.3502
8247 1.1581
8248 1.6071
8249 0.6088
8250 3.6502
8251 10.0515
8252 5.7845
8253 1.4500
8254 3.6158
8255 13.0526
8256 6.6672
8257 2.0307
8258 1.7322
8259 2.0717
8260 1.8342
8261 0.4077
8262 0.4334
8263 1.0239
8264 9.4506
8265 0.5498
8266 0.8959
8267 1.8503
8268 0.7356
8269 1.5272
8270 0.1481
8271 7.6589
8272 1.5483
8273 0.4337
8274 4.7719
8275 0.9213
8276 0.2428
8277 11.0586
8278 1.5933
8279 1.0522
8280 1.2662
8281 0.7463
8282 0.3155
8283 0.6428
8284 1.2251
8285 2.2750
8286 11.4253
8287 1.2352
8288 1.5729
8289 6.2146
8290 3.8028
8291 0.5724
8292 0.9634
8293 3.5068
8294 0.4869
8295 0.4316
8296 0.1038
8297 0.8352
8298 3.7170
8299 3.2577
8300 0.4992
8301 6.2669
8302 0.4173
8303 7.1109
8304 2.9468
8305 0.4777
8306 0.8951
8307 0.6567
8308 1.6467
8309 1.2194
8310 0.4194
8311 6.8494
8312 1.9943
8313 0.6273
8314 0.5526
8315 0.4714
8316 1.2349
8317 1.3721
8318 2.6273
8319 1.9703
8320 0.8370
8321 1.4938
8322 17.1977
8323 4.9819
8324 1.2007
8325 0.5635
8326 3.4525
8327 10.7141
8328 1.2744
8329 0.5296
8330 2.2368
8331 1.6779
8332 0.7566
8333 1.1386
8334 0.5908
8335 0.9752
8336 0.7867
8337 4.3629
8338 27.6265
8339 0.7709
8340 0.1134
8341 7.1229
8342 3.0262
8343 2.5902
8344 0.3248
8345 15.0982
8346 0.9302
8347 2.6860
8348 1.3751
8349 1.8590
8350 0.1235
8351 0.4337
8352 5.1399
8353 0.1739
8354 16.9569
8355 3.2456
8356 0.8030
8357 5.5560
8358 2.3508
8359 11.2083
8360 1.2402
8361 8.2026
8362 1.1640
8363 0.8226
8364 0.7131
8365 4.5089
8366 0.2925
8367 1.9135
8368 2.0422
8369 1.2154
8370 0.5038
8371 2.5142
8372 20.7998
8373 0.5084
8374 0.4388
8375 1.5038
8376 1.6993
8377 0.9892
8378 0.6882
8379 0.7795
8380 1.3616
8381 20.3396
8382 1.3503
8383 3.8252
8384 1.2880
8385 2.8445
8386 23.9744
8387 0.3771
8388 0.8008
8389 2.1655
8390 0.5331
8391 3.1825
8392 1.4046
8393 0.5222
8394 1.3145
8395 15.8541
8396 1.9767
8397 0.9530
8398 13.6082
8399 1.4096
8400 6.9678
8401 1.6673
8402 0.8715
8403 2.5239
8404 0.6435
8405 1.1821
8406 1.3303
8407 0.3453
8408 3.4557
8409 0.3610
8410 6.2279
8411 0.5205
8412 0.4126
8413 1.2346
8414 1.7717
8415 2.4535
8416 0.7019
8417 1.6742
8418 1.3725
8419 1.3513
8420 3.4231
8421 1.9983
8422 3.0707
8423 0.4582
8424 1.1368
8425 0.3209
8426 1.5996
8427 1.3361
8428 3.9420
8429 2.0246
8430 0.4004
8431 0.5567
8432 2.4758
8433 0.4714
8434 0.3907
8435 1.0843
8436 4.1715
8437 1.2427
8438 11.5103
8439 3.9172
8440 1.8459
8441 8.2055
8442 15.8327
8443 3.0918
8444 0.2972
8445 4.6177
8446 2.1950
8447 2.1004
8448 2.1784
8449 0.3866
8450 7.3363
8451 0.9639
8452 0.4416
8453 5.2729
8454 0.3677
8455 2.2481
8456 1.5059
8457 0.9614
8458 1.8698
8459 5.5633
8460 6.9248
8461 0.5399
8462 0.3154
8463 1.0256
8464 24.7136
8465 0.9218
8466 1.1587
8467 0.7270
8468 0.6185
8469 0.3561
8470 0.6778
8471 1.5100
8472 0.2859
8473 1.3818
8474 0.3108
8475 0.9169
8476 1.4181
8477 1.1398
8478 21.0315
8479 0.6087
8480 2.1709
8481 1.8633
8482 0.5506
8483 7.3194
8484 0.3558
8485 2.8018
8486 1.0595
8487 0.3676
8488 1.8809
8489 1.4103
8490 0.3682
8491 0.2958
8492 1.7664
8493 3.5731
8494 1.7443
8495 2.9897
8496 1.0107
8497 0.7429
8498 0.9370
8499 0.7052
8500 5.9955
8501 3.8303
8502 0.6315
8503 8.1709
8504 2.6846
8505 0.3855
8506 1.4319
8507 1.2812
8508 3.4314
8509 2.1128
8510 1.6317
8511 0.8976
8512 5.4811
8513 0.3569
8514 3.0660
8515 11.5151
8516 5.6059
8517 2.9896
8518 1.0977
8519 1.6718
8520 2.6175
8521 0.2419
8522 0.3576
8523 3.1679
8524 2.5349
8525 0.3256
8526 2.2643
8527 0.9038
8528 2.3548
8529 1.3951
8530 0.9390
8531 2.9596
8532 0.5933
8533 31.4437
8534 1.0664
8535 1.0207
8536 1.0664
8537 1.4844
8538 3.0230
8539 1.1264
8540 2.5288
8541 0.8491
8542 1.4283
8543 1.0107
8544 0.9922
8545 3.0839
8546 0.6145
8547 2.0826
8548 0.9133
8549 28.6631
8550 0.2987
8551 0.1402
8552 1.1811
8553 3.7334
8554 1.5908
8555 5.4316
8556 0.3717
8557 1.6841
8558 0.4423
8559 1.5516
8560 0.3238
8561 1.2137
8562 1.6238
8563 0.3883
8564 0.4566
8565 2.2973
8566 2.6633
8567 1.2131
8568 0.9473
8569 8.1166
8570 2.0019
8571 0.4820
8572 9.7909
8573 1.0329
8574 0.5972
8575 4.6072
8576 1.5213
8577 35.5658
8578 6.1228
8579 0.2695
8580 1.0716
8581 0.1371
8582 2.7431
8583 0.4862
8584 0.4916
8585 5.3337
8586 6.0375
8587 0.3939
8588 0.5719
8589 0.8556
8590 1.6470
8591 2.7325
8592 1.2096
8593 4.2831
8594 1.2888
8595 3.0011
8596 1.6562
8597 2.8800
8598 3.9555
8599 0.0899
8600 16.4404
8601 0.7785
8602 0.6089
8603 2.9256
8604 1.1378
8605 1.2106
8606 4.8440
8607 1.8427
8608 2.5635
8609 0.4432
8610 4.3331
8611 1.7489
8612 26.5529
8613 1.2575
8614 0.7420
8615 2.5167
8616 3.1268
8617 1.0120
8618 3.7376
8619 0.9125
8620 0.7420
8621 0.6471
8622 6.1361
8623 3.2841
8624 0.3335
8625 1.0367
8626 1.2302
8627 0.9633
8628 1.5546
8629 3.1820
8630 1.2487
8631 1.1491
8632 0.1151
8633 2.5008
8634 4.5179
8635 0.9758
8636 2.2163
8637 0.9942
8638 1.5902
8639 2.6675
8640 2.8027
8641 1.4901
8642 2.8398
8643 3.7093
8644 0.5166
8645 7.6788
8646 2.4321
8647 2.0576
8648 1.1505
8649 1.0410
8650 2.1877
8651 0.3180
8652 6.2362
8653 4.1712
8654 0.1234
8655 3.4551
8656 3.0401
8657 1.2370
8658 1.7422
8659 0.2920
8660 1.0248
8661 2.3354
8662 4.4453
8663 0.8981
8664 0.2676
8665 21.9726
8666 5.8004
8667 23.3166
8668 1.3604
8669 1.7471
8670 0.4478
8671 2.1610
8672 12.0227
8673 1.2840
8674 1.4912
8675 0.7099
8676 3.0386
8677 0.9608
8678 9.3268
8679 0.4238
8680 2.3620
8681 2.9102
8682 0.6871
8683 0.3623
8684 1.5228
8685 0.5862
8686 4.5539
8687 0.4777
8688 0.4295
8689 11.0671
8690 0.3301
8691 0.1270
8692 2.1272
8693 0.8012
8694 0.9757
8695 1.2020
8696 0.1666
8697 2.0546
8698 1.4796
8699 3.3927
8700 2.9915
8701 0.7656
8702 10.1485
8703 1.8347
8704 0.2865
8705 0.6280
8706 2.6173
8707 5.4522
8708 1.9962
8709 1.6709
8710 0.3026
8711 4.0007
8712 0.4240
8713 1.1607
8714 2.0824
8715 2.7743
8716 0.5172
8717 2.8957
8718 8.8914
8719 1.0136
8720 2.0605
8721 1.2048
8722 0.9969
8723 0.3833
8724 0.9024
8725 0.9682
8726 2.4120
8727 2.5894
8728 5.0524
8729 0.5342
8730 1.5079
8731 0.6107
8732 2.2366
8733 0.3453
8734 3.6340
8735 2.1143
8736 0.6521
8737 0.4763
8738 0.1395
8739 1.8827
8740 0.2192
8741 2.5926
8742 1.6018
8743 1.4912
8744 1.0190
8745 3.0057
8746 0.2235
8747 2.9091
8748 0.5434
8749 0.8984
8750 0.2895
8751 2.9586
8752 0.1919
8753 1.5759
8754 1.6040
8755 0.8037
8756 0.9106
8757 1.5021
8758 0.4140
8759 13.7122
8760 0.6793
8761 3.8760
8762 1.0133
8763 0.8300
8764 3.5418
8765 9.2437
8766 0.3520
8767 0.1332
8768 0.9490
8769 17.6977
8770 2.3557
8771 2.3601
8772 0.6160
8773 0.2564
8774 1.3779
8775 2.1305
8776 0.1022
8777 4.8181
8778 1.7277
8779 0.8025
8780 0.9841
8781 0.7339
8782 1.8584
8783 2.2824
8784 7.1163
8785 2.5841
8786 1.9503
8787 14.4238
8788 1.0236
8789 28.8019
8790 0.3317
8791 4.0707
8792 2.4563
8793 1.8665
8794 0.9546
8795 1.1251
8796 0.3606
8797 2.0860
8798 0.0725
8799 1.7197
8800 0.8934
8801 1.5683
8802 3.7748
8803 8.3181
8804 0.3647
8805 2.4803
8806 1.2752
8807 0.2592
8808 0.2961
8809 0.9291
8810 5.6961
8811 8.2362
8812 16.2132
8813 3.7933
8814 1.1325
8815 0.9186
8816 1.5610
8817 2.4932
8818 3.4905
8819 16.3944
8820 3.2620
8821 7.8015
8822 8.2628
8823 0.3686
8824 0.9704
8825 1.1774
8826 2.5035
8827 0.4025
8828 1.9413
8829 2.2420
8830 0.2104
8831 1.3505
8832 5.4345
8833 0.2747
8834 1.6256
8835 3.0817
8836 0.2760
8837 0.9940
8838 0.8377
8839 7.9476
8840 2.5567
8841 0.2396
8842 1.7956
8843 0.5289
8844 1.5941
8845 10.4119
8846 6.3259
8847 1.2327
8848 0.4490
8849 0.4103
8850 4.0518
8851 22.0243
8852 0.4954
8853 0.5793
8854 3.9771
8855 10.2400
8856 0.3919
8857 0.5526
8858 10.2758
8859 0.4564
8860 5.6903
8861 1.0522
8862 6.0566
8863 17.2095
8864 2.0376
8865 3.9914
8866 1.6071
8867 1.2649
8868 4.8046
8869 0.6779
8870 1.7787
8871 3.2149
8872 0.8326
8873 6.3374
8874 0.5121
8875 1.6091
8876 5.6264
8877 1.8479
8878 3.1422
8879 0.4944
8880 1.3886
8881 2.1133
8882 0.4145
8883 1.1955
8884 0.6750
8885 0.3725
8886 3.7101
8887 0.4889
8888 0.5950
8889 0.4407
8890 0.4223
8891 0.3535
8892 10.5010
8893 0.6945
8894 7.8682
8895 3.9544
8896 1.2887
8897 0.7298
8898 7.6968
8899 0.1950
8900 0.5323
8901 0.4350
8902 0.3496
8903 1.5978
8904 0.3113
8905 1.2004
8906 3.1244
8907 0.6962
8908 4.5682
8909 0.7303
8910 0.9090
8911 0.7434
8912 3.0474
8913 0.4850
8914 0.9767
8915 0.4516
8916 1.9949
8917 0.6932
8918 2.6302
8919 1.4230
8920 3.4367
8921 0.8440
8922 5.6862
8923 0.7195
8924 0.7929
8925 1.4779
8926 4.1863
8927 4.3244
8928 0.3949
8929 2.9496
8930 6.7955
8931 0.7024
8932 1.0442
8933 0.9253
8934 3.0042
8935 0.5350
8936 1.3954
8937 0.9078
8938 0.1192
8939 5.6041
8940 0.9456
8941 2.0179
8942 1.9002
8943 0.5165
8944 2.8334
8945 1.2187
8946 0.0844
8947 1.0379
8948 0.7796
8949 0.1182
8950 0.9385
8951 6.3875
8952 0.9030
8953 5.0311
8954 1.1399
8955 0.6425
8956 0.7144
8957 1.0249
8958 3.4432
8959 22.0477
8960 1.0456
8961 0.8995
8962 2.1941
8963 1.0572
8964 0.7497
8965 9.5703
8966 0.7097
8967 3.1569
8968 7.2159
8969 0.5441
8970 7.0469
8971 2.8442
8972 3.7980
8973 0.2227
8974 4.5539
8975 1.1078
8976 9.6156
8977 2.5884
8978 4.9396
8979 1.5034
8980 0.7883
8981 1.5777
8982 0.4395
8983   NaN
8984 2.0771
8985 5.1109
8986 13.6835
8987 1.6000
8988 1.9778
8989 0.3461
8990 2.3157
8991 0.3440
8992 2.1152
8993 6.5196
8994 23.7078
8995 3.1261
8996 0.8913
8997 0.7157
8998 0.3558
8999 4.0267
9000 0.4629
9001 0.1940
9002 2.1040
9003 4.4541
9004 0.8441
9005 14.3082
9006 0.8411
9007 1.9232
9008 5.4399
9009 2.9581
9010 0.9796
9011 0.3178
9012 10.5367
9013 0.4382
9014 5.4413
9015 1.4162
9016 1.9240
9017 1.5955
9018 9.9211
9019 0.7566
9020 0.7210
9021 3.5890
9022 0.6281
9023 2.9823
9024 3.5889
9025 1.9628
9026 1.7461
9027 0.6224
9028 2.4634
9029 2.5462
9030 0.2734
9031 0.3770
9032 0.2775
9033 0.4198
9034 2.2697
9035 5.7945
9036 11.2716
9037 0.6120
9038 0.8069
9039 0.6007
9040 11.0259
9041 1.6133
9042 1.0164
9043 1.2656
9044 9.9734
9045 3.1692
9046 2.3974
9047 0.6809
9048 2.2163
9049 1.8552
9050 13.9406
9051 2.4058
9052 1.6359
9053 11.6090
9054 4.8327
9055 0.6281
9056 0.4556
9057 4.1018
9058 1.9368
9059 7.0122
9060 1.4179
9061 11.8148
9062 0.4528
9063 2.2747
9064 1.8781
9065 1.2011
9066 4.4292
9067 1.9074
9068 7.3311
9069 1.3175
9070 0.2778
9071 0.8206
9072 2.7637
9073 1.3276
9074 2.8769
9075 0.6357
9076 2.2739
9077 8.8625
9078 1.2274
9079 1.0130
9080 0.2461
9081 1.3339
9082 0.4097
9083 0.1632
9084 0.4468
9085 0.2696
9086 4.2807
9087 0.3838
9088 0.1993
9089 20.4235
9090 0.8508
9091 0.0996
9092 3.2727
9093 5.8942
9094 0.5935
9095 0.5125
9096 0.9629
9097 2.3786
9098 5.1621
9099 0.4477
9100 1.8810
9101 0.2254
9102 1.1029
9103 0.8712
9104 0.3095
9105 0.7379
9106 0.5056
9107 10.7681
9108 1.2934
9109 0.6254
9110 0.9079
9111 1.3995
9112 1.6052
9113 0.2347
9114 0.3461
9115 2.1408
9116 2.4928
9117 9.0527
9118 1.3183
9119 1.3352
9120 0.7750
9121 1.3383
9122 7.8494
9123 0.1711
9124 6.9038
9125 2.3894
9126 0.8294
9127 0.7803
9128 4.3273
9129 0.4816
9130 2.5797
9131 1.0500
9132 2.0411
9133 0.9780
9134 3.4671
9135 4.7388
9136 16.6805
9137 1.2707
9138 0.2116
9139 1.0723
9140 1.1170
9141 0.5783
9142 2.5776
9143 0.0899
9144 0.3064
9145 0.5577
9146 0.9691
9147 0.8720
9148 1.0016
9149 0.3707
9150 1.0653
9151 0.7259
9152 2.2703
9153 2.2526
9154 1.7196
9155 3.3678
9156 1.7600
9157 6.7932
9158 0.5389
9159 8.1791
9160 1.3537
9161 3.0266
9162 2.7899
9163 1.2708
9164 0.1819
9165 0.3726
9166 1.7732
9167 0.9081
9168 2.1629
9169 5.6210
9170 8.4892
9171 0.4916
9172 1.2399
9173 0.3489
9174 0.3523
9175 6.5136
9176 0.4545
9177 0.6220
9178 0.3807
9179 12.7109
9180 2.3148
9181 0.6793
9182 3.2252
9183 10.0011
9184 0.5686
9185 1.0643
9186 4.3056
9187 0.7329
9188 1.6376
9189 6.4909
9190 0.6364
9191 0.5202
9192 0.1544
9193 0.4357
9194 10.9924
9195 1.0952
9196 3.5845
9197 1.1163
9198 2.4492
9199 7.1800
9200 11.1098
9201 1.4536
9202 2.9525
9203 1.9231
9204 4.6640
9205 1.1557
9206 4.7017
9207 1.9434
9208 0.4702
9209 0.2312
9210 0.8452
9211 0.7267
9212 2.6684
9213 1.2740
9214 1.2520
9215 1.2423
9216 2.3476
9217 1.7546
9218 2.7782
9219 0.4532
9220 0.1389
9221 12.5553
9222 0.9674
9223 1.1288
9224 1.1377
9225 0.0799
9226 3.3599
9227 0.3020
9228 2.0890
9229 1.6397
9230 0.7126
9231 1.1071
9232 2.0542
9233 0.3619
9234 1.5257
9235 0.3711
9236 8.9967
9237 0.2764
9238 0.4580
9239 2.1314
9240 2.5106
9241 7.0605
9242 0.8240
9243 1.0148
9244 0.3834
9245 0.3188
9246 0.3123
9247 6.6227
9248 0.3314
9249 8.5277
9250 4.3738
9251 2.0268
9252 0.7796
9253 2.4168
9254 0.1446
9255 5.7894
9256 0.6548
9257 1.6878
9258 14.6515
9259 1.1455
9260 0.1324
9261 0.9207
9262 17.0870
9263 1.7997
9264 0.7364
9265 1.7877
9266 1.1525
9267 3.5233
9268 0.6231
9269 1.7498
9270 4.1237
9271 0.3422
9272 0.9723
9273 0.6258
9274 6.7952
9275 0.4554
9276 0.6622
9277 10.2107
9278 0.8979
9279 0.5380
9280 0.4291
9281 11.2607
9282 2.7419
9283 6.2326
9284 1.3343
9285 3.4562
9286 1.0681
9287 2.7251
9288 1.7899
9289 0.6031
9290 0.7645
9291 1.7500
9292 0.4704
9293 1.0546
9294 2.4541
9295 0.4319
9296 0.2670
9297 2.3510
9298 3.1430
9299 1.1352
9300 7.0189
9301 15.2310
9302 28.1794
9303 0.4527
9304 2.1905
9305 0.6699
9306 18.5732
9307 3.7037
9308 4.3715
9309 2.3896
9310 3.2687
9311 0.4293
9312 5.8909
9313 4.6465
9314 1.9227
9315 1.7167
9316 18.2853
9317 0.5829
9318 2.8614
9319 5.0663
9320 0.9927
9321 2.7399
9322 1.3094
9323 1.8161
9324 1.1275
9325 0.0733
9326 0.7374
9327 3.4200
9328 3.2566
9329 0.1927
9330 0.5897
9331 0.2624
9332 0.3894
9333 5.3356
9334 4.1356
9335 0.6062
9336 0.8993
9337 1.4162
9338 1.9252
9339 1.5340
9340 11.3529
9341 3.5802
9342 3.2348
9343 1.0871
9344 1.7791
9345 0.7895
9346 0.2962
9347 1.0559
9348 2.0742
9349 2.7787
9350 1.5862
9351 1.7994
9352 3.9344
9353 0.5097
9354 7.4407
9355 2.7795
9356 0.5729
9357 1.5056
9358 1.9022
9359 1.6821
9360 0.9744
9361 0.9087
9362 1.8845
9363 0.4943
9364 0.6066
9365 7.3804
9366 0.4309
9367 1.3107
9368 0.4441
9369 0.8328
9370 1.0987
9371 0.4612
9372 0.3529
9373 0.2441
9374 1.1197
9375 1.8046
9376 0.7154
9377 3.4346
9378 4.2048
9379 1.3135
9380 0.2588
9381 0.5964
9382 0.2755
9383 0.3137
9384 6.2271
9385 1.2804
9386 4.4352
9387 1.7711
9388 0.8281
9389 1.0085
9390 5.7012
9391 14.7080
9392 15.3929
9393 0.7616
9394 7.3365
9395 0.1254
9396 1.7919
9397 0.5748
9398 0.2281
9399 5.4757
9400 4.0871
9401 1.1421
9402 1.2609
9403 1.4549
9404 3.2988
9405 1.7687
9406 0.4180
9407 0.7155
9408 0.4270
9409 1.3239
9410 0.6860
9411 0.1222
9412 6.3398
9413 2.4194
9414 1.0894
9415 0.3988
9416 0.7414
9417 0.2501
9418 1.2104
9419 1.0644
9420 2.4148
9421 2.5636
9422 0.3523
9423 0.5390
9424 4.4201
9425 2.6915
9426 0.2065
9427 3.6325
9428 1.4958
9429 0.4413
9430 1.2323
9431 0.7282
9432 1.7447
9433 1.5136
9434 0.4058
9435 5.5511
9436 0.7781
9437 1.3493
9438 1.5657
9439 3.3584
9440 1.0535
9441 14.7847
9442 2.8089
9443 0.4308
9444 0.8184
9445 0.5297
9446 4.5086
9447 1.8984
9448 2.5548
9449 0.1674
9450 0.6815
9451 1.3347
9452 1.7357
9453 0.1300
9454 0.9703
9455 5.9862
9456 1.0947
9457 11.9165
9458 0.1105
9459 0.7421
9460 22.0306
9461 0.7005
9462 0.6211
9463 1.6416
9464 0.4531
9465 2.2489
9466 0.6506
9467 0.9623
9468 1.4722
9469 2.1028
9470 9.2328
9471 1.2923
9472 1.6613
9473 0.5753
9474 2.7214
9475 0.2504
9476 1.5661
9477 1.1859
9478 6.1472
9479 1.2340
9480 2.3037
9481 1.1014
9482 0.3000
9483 0.1684
9484 0.4591
9485 7.1013
9486 0.4924
9487 1.0417
9488 0.2985
9489 1.0761
9490 0.1880
9491 0.7056
9492 7.7735
9493 0.5175
9494 1.1047
9495 0.8977
9496 0.3975
9497 3.7927
9498 1.6043
9499   NaN
9500 2.2223
9501 1.7612
9502 22.7797
9503 10.2911
9504 4.7054
9505 1.9265
9506 0.8759
9507 0.4081
9508 2.8629
9509 3.9439
9510 0.5252
9511 1.3561
9512 2.6644
9513 2.7179
9514 2.0667
9515 1.5338
9516 20.8232
9517 27.8663
9518 14.9634
9519 1.2266
9520 0.8002
9521 0.4995
9522 1.0520
9523 25.1526
9524 1.4249
9525 0.9148
9526 0.3954
9527 0.5661
9528 3.5926
9529 16.3655
9530 1.4615
9531 0.7737
9532 0.7059
9533 3.4780
9534 0.3772
9535 0.3375
9536 1.2031
9537 7.9126
9538 5.6947
9539 5.0843
9540 3.1731
9541 1.4296
9542 2.6296
9543 4.2148
9544 1.0317
9545 1.4979
9546 0.7135
9547 2.9229
9548 12.3494
9549 5.4145
9550 3.5404
9551 4.7113
9552 5.7379
9553 1.0475
9554 0.4291
9555 2.8725
9556 0.4454
9557 0.9460
9558 0.4969
9559 20.3890
9560 0.2641
9561 1.5609
9562 1.6431
9563 2.1715
9564 9.7083
9565 1.3329
9566 2.2804
9567 2.0539
9568 15.0802
9569 2.9660
9570 0.8933
9571 4.2583
9572 0.9398
9573 0.3595
9574 0.5044
9575 2.5470
9576 1.6232
9577 1.5311
9578 0.3919
9579 5.1113
9580 1.2986
9581 2.2865
9582 2.4043
9583 6.4814
9584 1.6377
9585 1.5803
9586 1.5246
9587 0.3871
9588 2.3815
9589 2.2627
9590 1.9414
9591 2.2114
9592 0.0875
9593 9.5862
9594 1.1562
9595 3.4328
9596 4.8776
9597 3.9084
9598 0.3425
9599 12.6976
9600 0.6830
9601 0.6016
9602 0.8709
9603 0.9315
9604 1.8486
9605 0.8077
9606 0.9102
9607 0.8000
9608 4.2773
9609 0.9593
9610 1.2973
9611 0.4967
9612 0.7931
9613 1.2029
9614 3.9564
9615 1.2133
9616 1.5617
9617 6.8856
9618 4.8853
9619 5.6071
9620 2.6553
9621 18.1930
9622 0.1968
9623 7.7741
9624 0.3985
9625 3.8899
9626 0.4622
9627 1.5854
9628 0.1490
9629 4.5516
9630 0.4762
9631 0.3831
9632 1.2518
9633 0.5848
9634 21.0013
9635 2.5201
9636 1.0893
9637 1.0025
9638 0.4630
9639 1.3751
9640 1.7632
9641 1.9603
9642 1.4243
9643 1.6582
9644 0.1416
9645 1.0195
9646 0.5442
9647 0.5110
9648 0.8144
9649 0.9249
9650 0.8588
9651 0.1996
9652 1.1497
9653 0.8005
9654 0.2229
9655 0.4654
9656 3.6879
9657 0.6385
9658 1.5918
9659 0.2993
9660 0.5202
9661 0.4355
9662 12.2055
9663 14.4517
9664 0.3591
9665 0.4342
9666 0.9174
9667 1.7841
9668 0.2750
9669 0.5973
9670 0.6819
9671 0.3055
9672 0.3415
9673 8.5592
9674 1.1970
9675 5.0398
9676 1.1625
9677 1.4993
9678 3.1987
9679 0.3469
9680 3.2755
9681 0.7076
9682 3.1561
9683 0.2778
9684 3.2179
9685 2.3206
9686 0.1591
9687 0.6535
9688 3.1170
9689 1.9830
9690 1.1375
9691 0.3910
9692 2.0039
9693 1.2202
9694 1.5512
9695 1.8841
9696 2.0092
9697 1.7246
9698 3.8453
9699 0.7826
9700 0.4621
9701 0.6128
9702 0.6656
9703 0.5611
9704 0.5342
9705 1.1918
9706 2.8084
9707 5.8724
9708 0.4626
9709 0.4100
9710 16.7923
9711 4.5280
9712 0.8856
9713 3.3473
9714 1.9137
9715 0.9343
9716 0.2937
9717 1.5316
9718 0.8729
9719 0.6169
9720 1.1713
9721 0.2329
9722 10.0403
9723 3.2030
9724 0.4804
9725 13.7880
9726 1.0744
9727 2.0882
9728 2.8984
9729 1.2469
9730 0.7344
9731 0.1590
9732 4.0631
9733 1.6487
9734 2.4273
9735 3.8495
9736 0.4569
9737 0.5910
9738 0.6785
9739 0.7137
9740 0.3577
9741 3.1920
9742 1.7738
9743 1.2422
9744 1.6306
9745 0.6995
9746 3.8587
9747 8.3103
9748 0.5600
9749 1.9431
9750 1.6835
9751 0.6422
9752 0.9895
9753 0.2603
9754 1.7030
9755 0.2934
9756 1.9583
9757 7.8840
9758 3.9030
9759 1.1713
9760 0.4442
9761 0.3584
9762 0.8360
9763 9.6137
9764 1.9550
9765 0.3576
9766 0.4131
9767 5.4581
9768 0.7262
9769 0.1045
9770 1.4358
9771 0.7977
9772 1.5536
9773 1.3310
9774 18.3336
9775 0.7689
9776 1.3671
9777 1.4552
9778 0.5108
9779 0.6844
9780 0.6861
9781 0.4220
9782 5.6983
9783 0.8505
9784 15.6728
9785 1.8534
9786 4.0459
9787 0.6220
9788 0.3496
9789 0.9158
9790 2.3747
9791 1.4282
9792 1.2631
9793 1.3319
9794 0.5315
9795 0.4295
9796 11.0187
9797 0.2164
9798 0.8728
9799 2.5852
9800 0.4567
9801 1.3402
9802 3.0669
9803 3.1498
9804 5.6884
9805 1.2906
9806 13.5130
9807 0.1880
9808 2.3198
9809 2.0830
9810 0.1270
9811 1.6635
9812 2.5998
9813 2.0039
9814 1.0372
9815 18.2409
9816 0.3065
9817 0.5381
9818 0.6323
9819 0.8064
9820 0.8555
9821 0.1250
9822 1.3100
9823 8.3778
9824 1.1706
9825 0.4073
9826 3.2731
9827 0.3048
9828 0.7946
9829 4.0452
9830 7.1689
9831 0.5900
9832 2.1689
9833 0.6473
9834 0.6877
9835 3.3722
9836 0.4146
9837 0.6303
9838 0.4506
9839 0.7600
9840 0.5888
9841 2.5896
9842 4.0870
9843 1.1537
9844 10.4139
9845 0.1771
9846 0.5101
9847 1.1639
9848 2.4334
9849 0.3932
9850 3.2073
9851 0.3907
9852 6.0532
9853 3.9771
9854 0.3727
9855 0.7605
9856 6.6851
9857 2.2704
9858 0.6711
9859 2.4636
9860 18.3339
9861 0.7882
9862 0.4564
9863 1.5485
9864 1.8428
9865 3.3380
9866 1.2921
9867 1.9045
9868 17.7035
9869 2.9793
9870 0.9399
9871 0.1434
9872 4.1726
9873   NaN
9874 2.7582
9875 3.0945
9876 1.1335
9877 0.2986
9878 7.4302
9879 0.3317
9880 5.0953
9881 1.0393
9882 1.2005
9883 1.5588
9884 1.3856
9885 1.3392
9886 0.2609
9887 1.8165
9888 0.9326
9889 1.0809
9890 1.6143
9891 0.2331
9892 4.1639
9893 0.8558
9894 0.2813
9895 0.3843
9896 0.5229
9897 0.3341
9898 4.3408
9899 4.0222
9900 0.9046
9901 0.6242
9902 0.9283
9903 0.9344
9904 0.7586
9905 0.5413
9906 0.1094
9907 0.6698
9908 0.8378
9909 2.1272
9910 13.8024
9911 1.2728
9912 6.6404
9913 2.5053
9914 0.2011
9915 1.7349
9916 0.2540
9917 1.5159
9918 0.6575
9919 0.5137
9920 1.2100
9921 1.9755
9922 2.4973
9923 5.1607
9924 0.6008
9925 0.2641
9926 13.0119
9927 1.1082
9928 1.3538
9929 1.1876
9930 0.7130
9931 0.3003
9932 0.9731
9933 10.4508
9934 1.2369
9935 1.4683
9936 0.8625
9937 1.2040
9938 0.9607
9939 0.5117
9940 5.9990
9941 1.9374
9942 3.6667
9943 2.0938
9944 0.2479
9945 1.9070
9946 5.8248
9947 7.5978
9948 0.6887
9949 1.4407
9950 1.5823
9951 5.9812
9952 3.5708
9953 2.3254
9954 1.0388
9955 0.3891
9956 0.0886
9957 1.2487
9958 0.6415
9959 2.1384
9960 2.7325
9961 7.7055
9962 1.0617
9963 2.1046
9964 2.3044
9965 0.7437
9966 1.0578
9967 1.8084
9968 4.0597
9969 4.5702
9970 0.5954
9971 0.8627
9972 0.9948
9973 0.9030
9974 10.9806
9975 1.8364
9976 2.8667
9977 0.4757
9978   NaN
9979 12.9095
9980 5.0919
9981 0.2824
9982 1.7229
9983 0.3859
9984 0.2991
9985 1.7595
9986 1.5465
9987 12.7506
9988 0.3856
9989 1.3361
9990 7.1071
9991 10.8400
9992 7.0626
9993 1.4956
9994 2.9397
9995 1.2394
9996 2.6223
9997 7.5898
9998 1.4523
9999 0.7782
10000 0.1468
