7001 6.8375
7002 15.8400
7003 17.8169
7004 22.9184
7005 20.0717
7006   NaN
7007 3.7270
7008 28.8002
7009 0.4474
7010 4.2670
7011 4.9271
7012 27.5229
7013 25.4373
7014 1.6919
7015 14.7563
7016 45.1136
7017 39.8903
7018 0.7693
7019 9.3615
7020 16.2690
7021 37.5338
7022   NaN
7023 14.1037
7024   NaN
7025 0.2594
7026 21.0164
7027 17.2799
7028 43.5184
7029 13.9579
7030   NaN
7031 6.7183
7032 5.5393
7033 4.0838
7034 14.5673
7035 5.6438
7036 5.7999
7037 6.6603
7038 13.4842
7039 5.6404
7040 2.6347
7041 7.0242
7042 24.7805
7043 20.2552
7044 5.8721
7045 28.4390
7046 33.3192
7047 1.7846
7048 9.4827
7049 44.9609
7050 7.6261
7051 7.8321
7052 5.0651
7053 3.1521
7054 6.5539
7055 5.8335
7056 23.1249
7057 4.7435
7058 4.8554
7059 19.1146
7060   NaN
7061 30.3087
7062 8.1258
7063 5.5817
7064 40.1395
7065 45.5141
7066 19.2832
7067 53.7794
7068 23.1341
7069 2.9251
7070 16.5289
7071 5.7274
7072 23.5091
7073 12.4810
7074 2.7921
7075 17.2097
7076 51.1310
7077 8.7097
7078 0.9112
7079 39.1556
7080 21.2667
7081 14.1292
7082 1.3790
7083 36.0996
7084 6.2519
7085 23.2847
7086 23.4449
7087 44.0490
7088   NaN
7089 27.8306
7090 0.5006
7091 17.5568
7092 18.6092
7093 6.0391
7094 2.2162
7095 25.6215
7096 21.5602
7097 44.0341
7098 24.0913
7099 1.7734
7100 9.7727
7101 2.3817
7102 4.0698
7103 26.4833
7104 10.5487
7105 25.2125
7106 1.4127
7107 2.4002
7108 22.5962
7109 13.3806
7110 2.7878
7111 4.1829
7112 1.5618
7113 5.0811
7114 5.0036
7115 14.6065
7116 24.4452
7117 0.1510
7118 6.9602
7119 0.8828
7120 0.6033
7121   NaN
7122 21.8415
7123 1.3667
7124 34.4750
7125 6.5737
7126 4.9386
7127 15.6915
7128 2.1846
7129 32.3080
7130 0.9396
7131 3.7355
7132 20.5154
7133 17.1394
7134 8.6091
7135 1.0573
7136 2.7715
7137 12.0260
7138 17.7141
7139 1.6300
7140 0.6134
7141 18.0860
7142 25.2479
7143   NaN
7144 2.8837
7145 20.0603
7146 0.8481
7147 35.2532
7148   NaN
7149 4.4762
7150 6.2374
7151 12.1410
7152 42.4505
7153 18.6702
7154 1.7632
7155 3.3725
7156 37.8469
7157 34.3491
7158 18.5431
7159 12.6897
7160 1.0459
7161 16.7734
7162 3.0762
7163 1.2097
7164 5.8389
7165 17.0872
7166 2.5538
7167 35.0014
7168 0.2719
7169 14.1823
7170 14.0883
7171 16.1913
7172 2.4439
7173 58.6458
7174 7.5776
7175 15.3154
7176 3.0054
7177 32.0134
7178 9.7873
7179 2.9484
7180 26.9639
7181 1.1333
7182 15.8614
7183 14.8026
7184 30.5515
7185   NaN
7186 54.7189
7187   NaN
7188 12.9958
7189 20.4654
7190 1.2307
7191 25.2882
7192 13.1300
7193 6.2097
7194 14.1972
7195 5.7348
7196 10.1578
7197 3.1775
7198 17.4686
7199 2.0366
7200 23.0672
7201 0.7853
7202 7.7883
7203 1.3607
7204 10.4181
7205 21.4145
7206 1.0782
7207 39.8900
7208 3.4210
7209 2.5779
7210 7.8744
7211 5.4344
7212 1.1553
7213 5.1527
7214 0.4876
7215 0.9469
7216 12.6208
7217 21.0184
7218 28.6107
7219 14.2102
7220 6.8350
7221 2.6246
7222 25.5569
7223 14.4524
7224 0.9112
7225 1.1877
7226 11.4806
7227 41.2814
7228 44.6002
7229 5.0846
7230 5.1229
7231 49.7781
7232 6.9287
7233 3.5079
7234 8.9653
7235 17.3856
7236 21.3476
7237 1.3221
7238 17.8533
7239 10.4241
7240 5.6260
7241 0.6978
7242 9.8536
7243 14.4462
7244 28.1857
7245 18.1695
7246 1.4790
7247 3.2384
7248 4.1281
7249 14.1229
7250 2.1898
7251 0.9489
7252 1.6925
7253 17.0510
7254 18.3532
7255 3.3858
7256 10.4167
7257 34.5860
7258 29.4604
7259 0.6272
7260 1.7425
7261 33.7096
7262 3.9619
7263   NaN
7264 15.5298
7265 44.2652
7266 22.3079
7267 42.4344
7268 4.8204
7269 16.8161
7270 30.2386
7271 55.7949
7272 11.3282
7273 7.7801
7274 28.4240
7275 18.6335
7276 0.9088
7277 42.3802
7278 17.4160
7279 5.0340
7280 0.4796
7281 3.4856
7282 3.4781
7283 20.3087
7284 23.6169
7285 1.8500
7286 2.8710
7287 22.8224
7288 18.7396
7289 5.0739
7290 7.2543
7291 1.7223
7292 7.7743
7293 3.6973
7294 6.4877
7295 4.9649
7296 49.8579
7297 9.8609
7298 11.6295
7299   NaN
7300 6.2170
7301 3.8485
7302 32.2112
7303 23.9921
7304 11.0674
7305 1.8476
7306 38.7782
7307 11.3962
7308 3.3241
7309 44.1838
7310 28.3715
7311 20.5547
7312 31.0938
7313 15.4393
7314 6.3757
7315 31.0860
7316 6.3444
7317 13.4780
7318 3.3660
7319 4.7909
7320 5.8817
7321 42.6265
7322 8.7778
7323 5.6059
7324 22.9582
7325 11.6735
7326 7.8302
7327 40.2505
7328 5.6331
7329 12.6046
7330 24.5307
7331 22.3766
7332 0.8620
7333 9.5097
7334 2.5063
7335 20.4820
7336 39.3137
7337 11.2818
7338 36.6344
7339 6.1485
7340 3.2618
7341 18.9992
7342 6.3153
7343 6.3552
7344 2.2286
7345 3.3927
7346   NaN
7347 26.7664
7348 8.7325
7349 50.4638
7350 23.2722
7351 11.0215
7352 15.5834
7353 2.7896
7354 0.8887
7355 0.8710
7356 7.3940
7357 37.2419
7358 22.6468
7359 15.4967
7360 1.0451
7361 31.6900
7362 0.6368
7363 39.1758
7364 13.5551
7365 13.6116
7366 18.2545
7367 18.6838
7368 22.2348
7369 12.7318
7370 14.0289
7371 17.9043
7372 12.0983
7373 7.4560
7374 6.2747
7375 2.2292
7376 0.7890
7377 1.0302
7378 4.6353
7379   NaN
7380 1.8207
7381 8.0049
7382 21.9891
7383 5.7966
7384 1.8399
7385 14.5895
7386 9.3504
7387 5.8313
7388 4.3082
7389   NaN
7390 1.3538
7391 5.8087
7392 0.5435
7393 23.8311
7394 19.3085
7395 2.1057
7396 12.9988
7397   NaN
7398 33.7657
7399 13.2416
7400 3.9039
7401 23.0365
7402 14.9223
7403 10.0612
7404 0.6457
7405 25.8754
7406 5.7678
7407 0.7915
7408 38.4312
7409 39.6110
7410 10.3645
7411 10.4986
7412 9.0321
7413 33.2327
7414 3.2202
7415 17.7613
7416 1.5828
7417 9.7611
7418 17.2847
7419 28.9681
7420 6.8963
7421 1.5135
7422 4.5342
7423 7.4288
7424 11.4952
7425 26.0884
7426 6.1608
7427 6.6132
7428 35.1912
7429 18.4103
7430 24.8255
7431 7.2705
7432 13.1584
7433 7.8782
7434   NaN
7435 1.5649
7436 11.7850
7437 20.9173
7438 29.1521
7439 11.3957
7440 17.6165
7441 1.3018
7442 5.1474
7443 16.1367
7444 3.8478
7445   NaN
7446 22.4672
7447   NaN
7448 1.1083
7449 17.3061
7450 21.7765
7451 12.9763
7452 17.3139
7453 3.2955
7454 2.4632
7455 5.7633
7456 16.8802
7457 19.1932
7458 3.1986
7459 15.2151
7460   NaN
7461 3.8541
7462 9.8241
7463 1.6031
7464 17.0559
7465 30.6138
7466 45.8097
7467   NaN
7468 8.2459
7469 6.3202
7470 27.3009
7471 2.4973
7472 12.8301
7473 3.1055
7474 32.0181
7475 18.4534
7476 15.7847
7477 39.1283
7478   NaN
7479 4.6824
7480 5.2458
7481 6.2222
7482 10.3089
7483 38.0754
7484 8.0442
7485 17.0858
7486 25.8893
7487 0.6824
7488 20.6460
7489 13.7433
7490 43.4353
7491 11.1175
7492 22.3386
7493 34.7325
7494 4.8435
7495 32.0214
7496 3.5489
7497 24.8225
7498 2.3900
7499 2.3781
7500 29.8047
7501 3.3079
7502 34.4866
7503   NaN
7504 15.1869
7505 4.1187
7506 19.4007
7507 11.4753
7508 21.0740
7509 3.4087
7510 14.4052
7511 10.7051
7512 17.8162
7513 4.7483
7514 1.5944
7515 3.3987
7516 2.0535
7517 4.5186
7518 1.4759
7519 2.4999
7520 8.9221
7521 28.7815
7522 5.4430
7523 22.0442
7524 3.2692
7525 7.0562
7526   NaN
7527 10.0778
7528 22.6080
7529 31.8808
7530 43.9622
7531 2.3509
7532 15.4857
7533 9.0961
7534 13.1305
7535 38.4861
7536 0.6861
7537 12.5199
7538 25.2830
7539 2.7113
7540 40.7275
7541 4.7872
7542 8.7096
7543 11.0194
7544 13.2106
7545 11.1972
7546 2.1098
7547 8.7096
7548 24.8102
7549 25.2928
7550 17.4960
7551 36.6089
7552 30.9947
7553 8.2998
7554   NaN
7555 3.4262
7556 13.6863
7557 14.9657
7558 17.6791
7559 17.5125
7560 0.6411
7561 2.7537
7562 11.3354
7563 2.9908
7564 20.2923
7565 28.7546
7566 25.7384
7567 17.1552
7568 35.9451
7569 4.9468
7570 1.7727
7571 14.7258
7572 16.8751
7573 20.7895
7574 2.0498
7575 10.4076
7576 12.2037
7577 36.3185
7578 47.3930
7579 22.0695
7580 32.8971
7581 39.8230
7582 12.2278
7583 14.3316
7584 3.8674
7585 3.8255
7586 9.6949
7587 4.0827
7588 28.5307
7589 9.3693
7590 1.0276
7591 71.2579
7592 13.9651
7593 8.9487
7594 12.4630
7595 4.4675
7596 1.5729
7597 15.2484
7598 3.4924
7599 1.9161
7600 3.9193
7601 0.8772
7602 16.7617
7603 32.0928
7604 16.5387
7605 3.0851
7606 18.2972
7607 26.7540
7608   NaN
7609 4.9132
7610 18.5132
7611 24.0170
7612 1.5860
7613 33.7539
7614 19.1925
7615 35.2891
7616 3.1672
7617 44.3274
7618 11.6716
7619 1.6774
7620 41.5888
7621 16.0917
7622 22.2292
7623 12.5705
7624 18.4414
7625 41.2004
7626 1.0573
7627 3.8065
7628 14.5691
7629 10.7413
7630 14.6864
7631 48.0318
7632 11.9078
7633 10.0451
7634 42.8439
7635 17.8862
7636 3.8815
7637 19.4127
7638 11.9304
7639 14.6847
7640 15.1198
7641 11.8722
7642 22.5815
7643 2.6183
7644 3.0804
7645 1.4461
7646 11.1949
7647 38.0029
7648 3.9679
7649 3.2099
7650 27.4724
7651 43.9443
7652 22.9973
7653 0.5870
7654 26.9843
7655 22.3056
7656 8.9055
7657 0.8922
7658 9.3442
7659 14.0212
7660   NaN
7661 2.1512
7662 19.9485
7663 18.5233
7664 15.3529
7665 11.7021
7666 9.4681
7667 4.1436
7668 23.0137
7669 5.2923
7670 2.2512
7671 20.7787
7672 10.5511
7673 5.1013
7674 37.0088
7675 7.4310
7676 8.5599
7677 10.1730
7678 16.9278
7679 7.6649
7680 20.4527
7681 31.7465
7682 2.4794
7683 3.1827
7684 2.0500
7685 20.0650
7686   NaN
7687 36.0727
7688 17.1340
7689 16.2305
7690 18.6629
7691 2.7232
7692 2.5935
7693 16.7235
7694 0.9501
7695 9.2383
7696 9.9831
7697 14.2243
7698 4.2701
7699 16.6691
7700 16.2977
7701 21.9096
7702 17.1065
7703 34.2864
7704 13.0836
7705 11.4527
7706 32.0314
7707 4.4930
7708 3.4018
7709 53.1621
7710 2.8391
7711 14.8016
7712 5.2957
7713 11.1503
7714 9.5102
7715 18.8815
7716 16.9811
7717 45.2786
7718 18.6201
7719 11.5468
7720   NaN
7721 5.6223
7722 7.9504
7723 18.7682
7724 19.0276
7725 50.0729
7726 12.9735
7727 11.8613
7728 9.3371
7729 3.8743
7730 23.5288
7731 12.6613
7732 38.6831
7733   NaN
7734 8.2009
7735   NaN
7736 17.4751
7737 19.4410
7738 6.0625
7739 33.0282
7740 16.2065
7741 48.9266
7742   NaN
7743 21.4856
7744 13.3382
7745 11.1122
7746 9.3039
7747 21.9294
7748 23.0140
7749 5.1951
7750   NaN
7751 25.5949
7752 1.3982
7753 36.7277
7754 37.0888
7755 8.1537
7756 46.6741
7757 20.2249
7758 17.8998
7759 20.8856
7760 1.4805
7761 7.9320
7762 9.2026
7763 15.2545
7764 20.2697
7765 3.6620
7766 19.5789
7767 10.0359
7768 16.7076
7769 27.8675
7770 3.4188
7771 1.0656
7772 7.5481
7773 3.6134
7774 8.3064
7775 20.3978
7776 1.8281
7777 2.5125
7778 7.7945
7779 3.0901
7780 27.8367
7781 13.9753
7782 8.5229
7783 9.3652
7784 12.4110
7785 3.7182
7786 30.5295
7787 2.2754
7788   NaN
7789 21.0217
7790 13.4425
7791 11.5123
7792 16.3829
7793 25.8826
7794 7.9914
7795 22.2064
7796 8.2563
7797 9.1571
7798 12.0657
7799 3.3562
7800 15.2823
7801   NaN
7802 4.3007
7803 20.2557
7804 1.2491
7805 12.2129
7806 13.1790
7807 7.0413
7808 35.0484
7809 33.2645
7810 24.1910
7811 9.1274
7812 41.1938
7813 3.9383
7814 27.4082
7815 49.1032
7816 18.5501
7817 2.9278
7818 3.7263
7819 22.3206
7820 1.8686
7821 37.1932
7822 24.5824
7823 21.9599
7824 35.6579
7825 22.9436
7826 2.3505
7827 3.8514
7828 1.0348
7829 35.5302
7830 27.8244
7831 6.6579
7832 5.3502
7833 3.8026
7834 3.3100
7835 2.2108
7836 2.0342
7837 2.0557
7838 36.7182
7839 7.2170
7840 2.6571
7841 9.1272
7842 3.2592
7843 6.7857
7844 8.8245
7845 2.5507
7846   NaN
7847 41.4865
7848 30.9904
7849 21.3522
7850 12.0760
7851 17.3057
7852 7.9959
7853 0.4014
7854 8.7057
7855 50.5201
7856 17.3409
7857 20.3124
7858   NaN
7859 2.2519
7860 21.2149
7861 23.6469
7862 9.6316
7863 1.5961
7864 31.7179
7865 12.1225
7866   NaN
7867 0.9500
7868 7.3834
7869 4.5312
7870 3.0531
7871 4.7283
7872 32.6337
7873 31.0646
7874 39.5637
7875 40.8871
7876 19.0483
7877 4.1987
7878 3.1306
7879 7.1292
7880 6.9809
7881 21.4528
7882 6.8660
7883 40.8205
7884 15.9240
7885 24.7332
7886 36.4594
7887 42.8726
7888 6.7884
7889 0.9941
7890 9.4443
7891 5.3703
7892 25.2486
7893 12.9403
7894 13.7869
7895 5.6654
7896 6.2414
7897 7.5080
7898 1.2178
7899 20.7589
7900 11.5996
7901 57.5275
7902 2.4967
7903 0.3728
7904 11.7786
7905 25.8419
7906 2.3235
7907 0.8680
7908 15.6817
7909 50.2035
7910 8.6471
7911 3.6675
7912 12.8554
7913 16.8429
7914 3.8019
7915 3.9732
7916 5.2249
7917 36.3842
7918 3.3451
7919 4.9650
7920 10.6196
7921 5.7454
7922 8.9711
7923 15.2702
7924 23.8153
7925 3.8966
7926 1.6014
7927 29.5207
7928 57.5702
7929 1.4792
7930 4.4159
7931 34.3644
7932 4.1618
7933 40.5033
7934 8.3375
7935 26.8197
7936 15.6471
7937 1.8896
7938 16.8219
7939   NaN
7940 4.0592
7941 25.8528
7942 28.7269
7943 21.8731
7944 5.2522
7945 17.3919
7946 4.3525
7947 10.0436
7948 15.4571
7949 10.4223
7950 1.1917
7951 46.7748
7952 24.1250
7953 12.7314
7954 3.4389
7955 20.9254
7956 2.2796
7957 3.9943
7958 2.5686
7959 14.9339
7960 41.1988
7961 2.1437
7962   NaN
7963   NaN
7964 22.7507
7965 5.0844
7966 11.2495
7967 4.1065
7968 12.1245
7969 1.2536
7970 2.3992
7971 4.5260
7972 2.2264
7973 3.8848
7974 1.9720
7975 13.2350
7976 26.6272
7977 1.3110
7978 44.1755
7979 0.3790
7980 0.4713
7981 21.2806
7982 0.9101
7983 15.7471
7984 3.2709
7985 43.0211
7986 2.4027
7987 3.4056
7988 0.2838
7989 25.2599
7990 5.1597
7991 14.5282
7992 17.9050
7993 1.1730
7994 26.5818
7995 35.2503
7996 1.7880
7997 2.0820
7998 15.4609
7999 12.0836
8000 18.1265
8001 29.9823
8002 10.1170
8003 2.1229
8004 22.3747
8005 4.3669
8006 3.6166
8007 4.5294
8008 34.2842
8009 13.2923
8010 2.9201
8011 38.6848
8012 5.1270
8013 2.8924
8014 17.2399
8015 42.7698
8016 21.4510
8017 3.3811
8018 1.5367
8019 37.3294
8020 6.4173
8021 8.1895
8022 32.9815
8023 3.2080
8024 3.5885
8025 25.4046
8026 3.9505
8027 45.5226
8028 16.9130
8029 18.8739
8030 31.9825
8031 14.0159
8032 9.2429
8033 1.0335
8034 43.8606
8035 22.7295
8036 27.1930
8037 21.2193
8038 8.2849
8039 3.7051
8040 6.2331
8041 5.4970
8042 4.2147
8043 39.5101
8044 7.6273
8045 10.3025
8046 22.6265
8047 28.2630
8048 21.4716
8049 3.5480
8050 7.1403
8051 2.1796
8052 24.4530
8053 14.6013
8054 2.2409
8055 0.9190
8056 33.5430
8057 22.0446
8058 26.6176
8059 9.4572
8060 29.6326
8061 2.7391
8062 10.5196
8063 15.3519
8064 26.4824
8065 2.6767
8066 8.9952
8067 20.7065
8068 14.2265
8069 27.5326
8070 4.2137
8071 3.0631
8072 34.9489
8073 38.4449
8074 18.1142
8075 4.6125
8076 24.6724
8077 15.1534
8078 26.6737
8079 12.0946
8080 5.0857
8081 5.7293
8082 4.9900
8083   NaN
8084   NaN
8085 7.7926
8086 1.7598
8087 1.4338
8088 4.0529
8089 29.6653
8090 12.3849
8091 31.2071
8092 12.7265
8093   NaN
8094 17.5502
8095 4.7924
8096 8.0380
8097   NaN
8098 21.2961
8099 2.4221
8100 1.5937
8101 0.8708
8102 18.1544
8103 3.3760
8104 15.1088
8105 7.7507
8106 34.0732
8107 19.9036
8108 4.1019
8109 1.3777
8110 1.4718
8111 11.6025
8112 22.3978
8113 2.4157
8114 0.8564
8115 2.6139
8116 2.0074
8117   NaN
8118 5.3919
8119 3.7383
8120 5.8961
8121 2.3097
8122 10.1847
8123 1.7571
8124 1.1833
8125 2.3882
8126 8.9441
8127 3.2353
8128 11.1323
8129 31.3369
8130 20.3747
8131 15.4921
8132 38.8629
8133 0.5560
8134 3.1430
8135 31.4557
8136 3.4799
8137 45.4831
8138 22.0251
8139 4.0723
8140 32.4160
8141 0.6132
8142 4.1896
8143 2.6928
8144 0.6120
8145 19.5716
8146 4.7439
8147 5.9754
8148 14.9036
8149 2.6701
8150 29.3805
8151 12.5560
8152 20.9598
8153 2.9208
8154 29.9407
8155 3.9391
8156 24.7689
8157 2.2177
8158 4.6583
8159 1.2835
8160 24.0654
8161 13.3691
8162 16.7637
8163 13.9968
8164   NaN
8165 3.8677
8166 20.5061
8167 5.0382
8168 20.0969
8169 32.6301
8170   NaN
8171 42.7026
8172 0.1361
8173 18.3145
8174 7.9714
8175   NaN
8176 6.1682
8177 21.2192
8178   NaN
8179 26.3707
8180 18.3812
8181 13.9726
8182 57.4779
8183 17.6971
8184 21.7501
8185 10.5481
8186 2.9718
8187 4.1385
8188 3.2883
8189 4.5190
8190 13.4457
8191 4.7530
8192 3.2356
8193 33.4138
8194   NaN
8195 7.6226
8196 5.5192
8197 22.0808
8198 1.7160
8199 21.5615
8200 19.7587
8201 0.7538
8202 21.8856
8203 13.6868
8204 13.3471
8205 3.1214
8206 11.6626
8207 11.8984
8208 12.8072
8209 9.3318
8210 2.4799
8211 31.6269
8212 18.4652
8213 15.5533
8214 26.2401
8215 1.3433
8216 12.4769
8217   NaN
8218 12.7339
8219 11.0559
8220 23.7598
8221 20.7030
8222 21.7449
8223 45.2074
8224 1.7286
8225 17.5139
8226 15.1232
8227 3.0540
8228 30.3941
8229 2.5948
8230 20.2802
8231 2.1672
8232 9.4138
8233 16.8374
8234 14.6624
8235 8.3327
8236 18.4275
8237 18.8753
8238 2.0989
8239 14.9496
8240 2.3523
8241 16.7015
8242 1.0912
8243 10.8609
8244 4.1058
8245   NaN
8246 1.1301
8247 0.3211
8248 11.6812
8249 21.7234
8250 10.5715
8251 5.2018
8252 11.6318
8253 59.6645
8254 61.6788
8255 30.7977
8256 30.7668
8257 20.0291
8258 8.9054
8259 20.0673
8260 8.2741
8261 7.0825
8262 6.2298
8263 5.6890
8264 10.3749
8265 1.8880
8266 24.0403
8267 2.9848
8268 9.1230
8269 2.6210
8270 6.9042
8271 9.4021
8272 5.4365
8273   NaN
8274 37.3285
8275 0.8547
8276 9.7689
8277 25.3096
8278 1.3659
8279 4.1355
8280 2.9637
8281 40.1436
8282 3.7222
8283 12.6827
8284 42.0476
8285 3.7137
8286 0.6723
8287 14.3478
8288 4.0599
8289 4.0313
8290 18.5388
8291 6.5173
8292 41.8584
8293 21.1870
8294 31.3257
8295 2.2213
8296 30.8199
8297 8.4733
8298 0.7075
8299 1.5455
8300 13.5248
8301 32.6431
8302 13.0965
8303 11.7461
8304 4.3621
8305 14.9397
8306 9.2846
8307 5.1113
8308 26.3384
8309 5.2217
8310 44.3358
8311 6.4964
8312 4.4023
8313 19.5941
8314 11.3102
8315 4.7933
8316 18.1509
8317 4.2857
8318 15.6238
8319 1.2801
8320 7.6986
8321 9.6395
8322 8.0204
8323 22.2583
8324 4.3322
8325 11.4306
8326 4.4173
8327 2.1604
8328 16.0360
8329 25.0836
8330 34.9752
8331 5.8850
8332 19.7970
8333 36.8445
8334 24.5393
8335 13.7129
8336 16.6414
8337 2.0069
8338 15.8616
8339 23.2152
8340 0.3102
8341 4.1710
8342 1.0791
8343 1.1716
8344 62.7934
8345 26.7484
8346 1.7693
8347 9.8707
8348   NaN
8349 3.4553
8350 8.9174
8351 1.3374
8352 53.8913
8353 7.4180
8354 8.3862
8355 6.6790
8356 10.6730
8357 7.2112
8358 8.3127
8359 35.9424
8360 3.5928
8361 15.8478
8362 1.6811
8363 20.0233
8364 18.9790
8365 8.4456
8366 11.8434
8367 6.9461
8368 18.3834
8369 1.0159
8370 4.0201
8371 19.7567
8372 45.4043
8373 7.8909
8374 14.2472
8375 6.1719
8376 0.8087
8377 2.5621
8378 9.7690
8379 24.1141
8380 21.4936
8381 28.4887
8382 18.4543
8383 19.9764
8384 8.2747
8385 14.3864
8386 5.6456
8387 21.2794
8388 11.8648
8389   NaN
8390 44.0868
8391 5.6874
8392 3.4162
8393 19.5538
8394 20.0081
8395 0.9506
8396   NaN
8397 0.8537
8398 21.4024
8399 6.4192
8400 17.3484
8401 2.9252
8402   NaN
8403 6.1949
8404 8.4206
8405 23.0255
8406 11.1796
8407 15.8069
8408 4.5746
8409 20.3723
8410 2.1762
8411 0.7686
8412 35.8064
8413 13.2105
8414 20.0986
8415 7.6500
8416 21.8633
8417 14.0541
8418 21.8160
8419 2.9993
8420 3.4977
8421 19.2982
8422 10.1504
8423 24.7235
8424 18.5295
8425   NaN
8426   NaN
8427 45.2554
8428 0.5416
8429   NaN
8430 12.1306
8431 0.6959
8432 24.3901
8433 28.7260
8434 1.2806
8435   NaN
8436 7.0725
8437 14.9728
8438 2.8893
8439   NaN
8440 8.4680
8441 1.6612
8442 1.0324
8443 0.2000
8444 19.0816
8445 35.1028
8446 35.2796
8447 42.5925
8448 3.4987
8449 28.5941
8450 1.0694
8451   NaN
8452 39.5261
8453 7.3449
8454 3.3362
8455 12.1135
8456 2.6013
8457 9.7832
8458 4.5278
8459 8.8223
8460 20.3871
8461 1.1381
8462 3.8048
8463 3.6773
8464 2.4517
8465 9.0207
8466 1.3276
8467 21.1082
8468 0.7037
8469 3.3705
8470 2.1140
8471 2.8312
8472 1.1541
8473 54.4384
8474 6.2037
8475 8.8961
8476 1.2945
8477 22.1645
8478 33.0344
8479 5.6273
8480 0.8912
8481 3.1423
8482 28.8212
8483 27.7055
8484 24.0140
8485 1.4791
8486 21.0361
8487 8.2367
8488 19.5991
8489 1.9060
8490   NaN
8491 7.1723
8492 20.0936
8493 4.6031
8494 41.1253
8495 26.8911
8496 1.2084
8497 8.4204
8498 53.0917
8499 39.8560
8500 1.9647
8501 9.8712
8502 1.9820
8503 4.8881
8504 8.4863
8505 42.6867
8506 39.3908
8507 1.8235
8508 22.5632
8509 22.1602
8510 6.7893
8511 12.5826
8512 11.7237
8513 2.2132
8514 18.2260
8515 1.9581
8516 4.4181
8517 8.3534
8518 1.5622
8519 6.0664
8520 25.8489
8521 5.1406
8522 16.9032
8523 1.7574
8524 15.7782
8525 24.9243
8526 22.5773
8527 32.5935
8528 6.7958
8529 0.4995
8530 3.7336
8531 14.9479
8532 6.1871
8533 16.6743
8534 7.1285
8535 16.2369
8536 14.6819
8537 14.8897
8538 29.7870
8539 3.1781
8540 12.0977
8541 1.3398
8542 32.3781
8543   NaN
8544 6.0725
8545 6.0986
8546 15.6593
8547 3.6735
8548 7.3943
8549 10.4364
8550 3.9926
8551 7.5962
8552 7.1820
8553 23.0458
8554 27.6448
8555   NaN
8556 6.9352
8557 18.8829
8558 31.7914
8559 3.2039
8560 2.1295
8561 28.2364
8562 2.3254
8563 3.9509
8564 8.4312
8565 0.6452
8566 17.8496
8567 22.2824
8568 9.5711
8569 18.4421
8570   NaN
8571 4.5347
8572 33.9913
8573 3.3390
8574 5.4033
8575 55.1595
8576 8.4924
8577 13.5956
8578 11.0684
8579 25.9190
8580 12.0404
8581 9.2870
8582 4.9401
8583 38.4187
8584 31.8827
8585 7.7139
8586 6.2370
8587 2.4507
8588 7.1949
8589 22.6286
8590 18.1541
8591 12.8174
8592 0.6507
8593 2.5818
8594 4.5115
8595 20.3000
8596 24.0641
8597 1.4187
8598   NaN
8599 17.1164
8600 4.9524
8601 1.6497
8602 7.3204
8603 24.7090
8604   NaN
8605 6.5162
8606 14.4697
8607 14.6534
8608 22.8075
8609 6.8416
8610 19.6368
8611 17.8437
8612 26.2879
8613 1.0500
8614 47.9907
8615 2.0209
8616 24.2421
8617 20.8000
8618 8.9098
8619 0.8214
8620 2.1847
8621 4.8344
8622 2.6624
8623 3.0898
8624 70.7697
8625 22.7889
8626 1.2151
8627 8.2772
8628 6.7260
8629 41.6461
8630 24.0322
8631 28.2373
8632 10.5783
8633 22.7603
8634 6.5838
8635 41.1377
8636   NaN
8637 0.7755
8638 4.4426
8639 1.5444
8640 28.2704
8641   NaN
8642 17.7737
8643 2.2674
8644 10.6519
8645 19.2850
8646 1.5003
8647 30.3767
8648 19.0136
8649 2.0157
8650 14.6851
8651 10.2141
8652 1.1422
8653 16.5745
8654 14.2021
8655 15.5935
8656 24.4373
8657 17.2143
8658 19.7757
8659 15.0237
8660   NaN
8661 4.9275
8662 3.9478
8663 12.5395
8664 11.4185
8665 5.7161
8666 14.4667
8667 45.6162
8668 1.8355
8669 11.4535
8670   NaN
8671 1.8769
8672 12.1139
8673 4.3486
8674 23.5767
8675 15.6604
8676 15.6578
8677 5.1298
8678 7.5976
8679   NaN
8680 45.7821
8681 31.1319
8682 3.5406
8683 22.2816
8684 19.9262
8685   NaN
8686 33.5395
8687 16.1643
8688 15.3952
8689 41.0599
8690 10.2041
8691 3.1719
8692 18.8550
8693 26.7830
8694 47.9627
8695 34.9949
8696 2.7016
8697 5.9273
8698 5.5147
8699 7.4956
8700 3.3608
8701 14.2733
8702   NaN
8703 22.9507
8704 22.6808
8705 21.7915
8706 44.1932
8707 5.7419
8708 21.1388
8709 3.8320
8710 40.6402
8711 12.4540
8712 9.4260
8713 10.3489
8714 5.6741
8715 23.6464
8716 18.9770
8717 24.5692
8718 17.1652
8719 3.3824
8720 5.5523
8721 24.3009
8722 18.3978
8723 2.1082
8724 17.0077
8725 3.9832
8726   NaN
8727 3.5132
8728 4.3868
8729 16.8765
8730 44.5114
8731 8.3456
8732 6.5617
8733 2.9425
8734 1.9970
8735 39.1054
8736 6.4621
8737 3.9564
8738   NaN
8739 8.5096
8740 0.2425
8741 11.6412
8742 26.2102
8743 25.1618
8744 22.2914
8745 1.9690
8746 36.5825
8747 18.9550
8748 35.2466
8749 2.4552
8750 11.2971
8751 11.0354
8752 31.8657
8753 18.1684
8754 10.6365
8755 9.9065
8756 10.9913
8757 6.7998
8758 19.9171
8759 6.3160
8760 20.3529
8761 37.2805
8762 16.3373
8763 20.1483
8764 8.2237
8765 8.5562
8766 39.1080
8767 15.7543
8768 36.0086
8769 1.9540
8770 4.9456
8771 16.7411
8772 5.1630
8773 25.6361
8774 25.6360
8775 29.0692
8776 3.1253
8777 4.9678
8778 21.6665
8779 9.7559
8780 4.2836
8781 2.9301
8782 0.6544
8783 17.7561
8784 13.3654
8785 18.5464
8786 20.6337
8787 62.3810
8788 1.2573
8789 2.8561
8790 3.3185
8791 2.3202
8792 4.8702
8793 8.2720
8794 24.4849
8795 28.3048
8796 14.2782
8797 3.2808
8798 4.9079
8799 2.6768
8800 5.4511
8801 22.8145
8802 47.9852
8803 28.3934
8804 34.8141
8805 2.5910
8806 4.4362
8807 14.8406
8808 53.2707
8809 6.8623
8810 14.4414
8811 2.1306
8812 6.0456
8813 9.2227
8814 12.1007
8815 9.3144
8816 4.6920
8817 22.8433
8818 4.1835
8819 2.0687
8820 2.8663
8821 6.5037
8822 12.7254
8823 28.6192
8824 36.3738
8825 3.4487
8826 18.4371
8827 6.7813
8828 11.1831
8829 9.3752
8830   NaN
8831 43.7781
8832 20.8683
8833 5.2314
8834 33.0751
8835 29.9622
8836 3.7861
8837 2.3665
8838 15.7322
8839 14.3329
8840 14.6068
8841 23.5815
8842 28.7621
8843 14.3820
8844 4.4129
8845 1.4543
8846 17.6805
8847 18.4986
8848 41.8947
8849 41.0141
8850   NaN
8851 1.2921
8852 5.5717
8853 8.8892
8854 18.1867
8855 2.2965
8856 3.9693
8857 3.6324
8858 2.7306
8859 49.8844
8860 10.3215
8861 9.9510
8862 2.8510
8863 31.6590
8864 6.3602
8865 16.6974
8866 1.5204
8867 2.1894
8868 9.6694
8869 5.0587
8870 30.6067
8871 12.5513
8872 20.9139
8873 6.9951
8874 1.9756
8875 20.8767
8876 50.6783
8877 9.2978
8878 26.1324
8879 2.5158
8880 3.3158
8881 0.3546
8882 12.2406
8883 4.7436
8884 50.0384
8885 1.1418
8886 2.3270
8887 19.1695
8888 35.2194
8889 12.5489
8890 0.8898
8891 53.9948
8892 23.8824
8893 16.6717
8894 15.9177
8895 0.8736
8896 4.9192
8897 32.8263
8898 11.9496
8899 2.0206
8900 0.6183
8901 3.4150
8902 13.8806
8903 39.3906
8904 44.3384
8905 20.0473
8906 2.1166
8907 17.5471
8908 2.3528
8909 20.5146
8910 6.0414
8911 18.6084
8912 4.0975
8913 1.7708
8914 37.9451
8915 0.5456
8916 24.5201
8917 9.7789
8918 3.2306
8919 30.1938
8920 6.4086
8921 24.4765
8922 28.1217
8923 15.0822
8924 22.2155
8925 29.0155
8926 1.9531
8927 0.6981
8928 19.7563
8929 2.3427
8930 6.9057
8931 11.9140
8932 5.7809
8933 19.4330
8934 3.4075
8935 5.2159
8936 11.2262
8937 14.1285
8938 1.2767
8939   NaN
8940 25.1324
8941 30.9150
8942 35.6670
8943 9.5496
8944 6.2402
8945 22.8534
8946 20.2063
8947 26.0306
8948 6.5004
8949 15.4504
8950 2.4038
8951 21.4721
8952 19.4290
8953 19.4751
8954   NaN
8955 0.3615
8956 21.2319
8957 7.9451
8958 59.6052
8959 0.7825
8960 29.2383
8961 15.4817
8962 0.7852
8963 1.1582
8964 10.0848
8965 1.1246
8966 21.5183
8967 9.9151
8968 22.6939
8969 21.6820
8970 1.9051
8971 11.2407
8972 16.8843
8973 24.8477
8974 4.1585
8975 23.4986
8976 16.1378
8977 6.8817
8978 8.4405
8979 35.6477
8980 1.9321
8981 22.0239
8982 15.5676
8983 10.2417
8984 1.0956
8985 1.7351
8986 22.7815
8987 16.5007
8988   NaN
8989 2.7066
8990 12.1811
8991 5.9846
8992 30.7826
8993 3.8240
8994 3.0297
8995 18.2624
8996   NaN
8997 47.7371
8998 40.6565
8999 23.9797
9000 35.3206
9001 18.3462
9002 1.2699
9003 5.5696
9004 5.4505
9005 2.6733
9006 17.7153
9007 16.0017
9008 19.7412
9009 58.9034
9010 10.8399
9011 18.0212
9012 4.5962
9013 14.8531
9014 5.7954
9015 0.8109
9016 25.9089
9017 4.1301
9018 1.9898
9019 11.9664
9020 46.5490
9021 5.6516
9022 13.5861
9023 3.3734
9024 5.9669
9025 36.9936
9026 9.0842
9027 4.4855
9028 16.9721
9029 27.7505
9030 0.4372
9031 10.3675
9032 1.7539
9033 30.8772
9034 18.3579
9035 14.1223
9036 24.2506
9037 8.6943
9038 51.3395
9039 2.1900
9040 19.7483
9041 3.5628
9042 23.6619
9043 2.2962
9044 52.0425
9045 14.5931
9046 21.1056
9047 29.6556
9048   NaN
9049 8.9846
9050 4.7422
9051 3.2405
9052 27.4208
9053 3.1391
9054 31.3117
9055 22.2060
9056 38.1935
9057 4.2081
9058 9.3409
9059 9.8464
9060 1.1067
9061 9.9521
9062 3.5452
9063 6.3572
9064 19.9778
9065 3.2759
9066 14.3275
9067 14.1908
9068 4.7302
9069 12.7325
9070 14.5168
9071 31.5496
9072 8.9446
9073 15.4437
9074 22.8828
9075 29.7742
9076 19.4304
9077 21.5486
9078 25.0470
9079 51.5255
9080 8.9500
9081 1.4429
9082 2.9105
9083 3.4415
9084 3.9005
9085 1.0984
9086 21.6591
9087 2.3640
9088 0.5845
9089 24.3283
9090 25.4335
9091 1.7788
9092 37.8578
9093 7.8035
9094   NaN
9095 6.1386
9096 10.5914
9097 19.2043
9098 13.6592
9099 11.0260
9100 15.9635
9101 10.3860
9102 23.8262
9103 26.3816
9104 10.6396
9105 31.6594
9106   NaN
9107 7.3745
9108 10.3071
9109 6.4735
9110 37.5435
9111 1.8981
9112 5.1583
9113 1.4854
9114 2.3003
9115 23.0069
9116 21.9527
9117 16.1130
9118 23.2155
9119 21.3160
9120 14.4230
9121 39.2513
9122 3.9743
9123 26.5556
9124 14.2801
9125 1.0128
9126 4.5230
9127 3.4959
9128 10.4338
9129 1.6575
9130 53.7131
9131 16.4405
9132 2.3605
9133 48.0584
9134 10.4830
9135 3.5222
9136   NaN
9137 24.1802
9138 1.2705
9139 23.2177
9140 31.3783
9141 12.0589
9142 17.4125
9143 17.3624
9144 0.8557
9145 33.7794
9146 2.6775
9147 2.5282
9148 44.5962
9149 20.8919
9150 15.2654
9151 15.1491
9152 11.0296
9153 16.1875
9154 3.2122
9155 5.1054
9156 6.8714
9157 18.1744
9158 4.9863
9159 5.0014
9160 4.9907
9161 33.8913
9162 28.9152
9163 8.2443
9164 24.7388
9165 44.0592
9166 16.5736
9167 16.6070
9168 7.6367
9169 14.5477
9170 6.4831
9171 5.8535
9172   NaN
9173 8.6373
9174 15.9912
9175 14.6965
9176 7.3612
9177 1.8787
9178 34.0506
9179 20.0831
9180 36.4390
9181 4.5329
9182 0.4757
9183 2.9233
9184 29.3154
9185 5.9657
9186 15.5758
9187 3.7118
9188 16.8364
9189 18.8781
9190   NaN
9191 8.6048
9192 4.8500
9193 8.8509
9194 22.0221
9195 43.3064
9196 11.1224
9197 9.2445
9198 12.8153
9199 14.5100
9200 38.6799
9201 22.5329
9202 8.1953
9203 17.3026
9204 4.3497
9205 3.4742
9206 21.6228
9207 7.7434
9208 1.4687
9209 18.8228
9210 41.1061
9211 24.1148
9212 1.3908
9213 21.2085
9214 22.3825
9215 4.9044
9216 41.9652
9217 3.6833
9218 4.2166
9219 5.7961
9220 14.4739
9221   NaN
9222 6.9454
9223 3.9970
9224 4.0792
9225 5.2786
9226 11.7903
9227 1.8987
9228 0.6083
9229 5.3534
9230 17.6833
9231 5.3075
9232 16.2423
9233 15.8883
9234 1.9632
9235 3.7154
9236 25.5001
9237 1.9069
9238 23.0755
9239 14.7140
9240 19.9254
9241 1.8526
9242 0.7724
9243 1.8522
9244 6.1915
9245 15.5965
9246   NaN
9247   NaN
9248 19.7670
9249 1.9912
9250   NaN
9251 30.4097
9252 0.3816
9253 2.5988
9254 11.1550
9255 1.4176
9256 12.4813
9257 2.1402
9258 9.1864
9259 0.6096
9260 1.1766
9261 22.0887
9262 1.6046
9263   NaN
9264 17.2880
9265 8.8065
9266 8.4255
9267 12.7440
9268 24.5908
9269 22.4810
9270 31.9307
9271 21.4737
9272 48.5546
9273 19.0259
9274 13.5928
9275 6.6421
9276 3.6732
9277 2.6002
9278 2.2370
9279 8.5163
9280 13.9315
9281 5.1329
9282 51.7330
9283   NaN
9284   NaN
9285 1.7575
9286 3.0299
9287 36.2199
9288 40.0735
9289 5.2096
9290 14.3587
9291 4.5992
9292 27.4646
9293 7.6419
9294 2.2418
9295 2.1063
9296 46.3851
9297 8.4380
9298 13.9221
9299 11.2084
9300 0.4804
9301 17.4398
9302 35.4884
9303 3.6750
9304 2.9675
9305 0.4300
9306 7.7347
9307 15.6294
9308 7.8999
9309 1.7136
9310 53.4786
9311 27.7484
9312 16.0296
9313 9.7437
9314 0.4682
9315 21.1365
9316 11.6428
9317 6.5193
9318 17.8782
9319 18.5172
9320 12.8016
9321 28.1593
9322 25.8878
9323 65.5242
9324 9.5238
9325 2.2709
9326 3.8532
9327 29.6715
9328 25.1994
9329 15.8231
9330 19.4056
9331 4.4303
9332 11.8550
9333 22.0511
9334 22.7575
9335 0.5098
9336 0.6839
9337 10.2852
9338 23.1407
9339 15.3976
9340 5.6240
9341 2.9383
9342 6.5466
9343 15.5131
9344 1.7286
9345 2.4901
9346 33.5612
9347 22.9192
9348   NaN
9349 1.2825
9350 1.1986
9351 34.3188
9352 34.9385
9353 43.3435
9354 16.5578
9355 25.3911
9356 2.0422
9357 0.9453
9358 11.4734
9359 1.6994
9360 30.5681
9361 17.1618
9362 27.5036
9363 20.0347
9364 62.7537
9365 5.7161
9366 1.1633
9367 9.3603
9368 2.4065
9369 2.4919
9370 21.7135
9371 30.9892
9372 10.8019
9373 47.8913
9374 11.7075
9375 29.6426
9376 35.1270
9377 8.1772
9378 10.4721
9379 10.2373
9380 57.7256
9381 6.1372
9382 22.8163
9383 11.1821
9384 4.2808
9385 4.3055
9386 2.5787
9387 7.1984
9388 14.5736
9389 18.6547
9390 30.0182
9391 25.6674
9392 29.3996
9393   NaN
9394 6.3680
9395 16.6970
9396 11.4332
9397 13.6513
9398 25.9581
9399 4.6022
9400 13.5211
9401 19.7411
9402 0.7375
9403 7.6758
9404 13.6861
9405 8.9378
9406 0.9820
9407 8.8096
9408 18.1549
9409 4.9277
9410 1.9295
9411 14.5907
9412   NaN
9413 4.1138
9414 48.7012
9415   NaN
9416 9.6509
9417 38.5557
9418 17.3462
9419 19.3005
9420 42.8004
9421 8.3734
9422 14.5262
9423 30.3724
9424 19.2443
9425 4.7075
9426 40.5056
9427 40.0012
9428 10.0293
9429 3.3485
9430 5.8725
9431 28.0505
9432 9.8930
9433 4.1814
9434   NaN
9435 20.3619
9436 5.2097
9437 16.4158
9438 14.0728
9439 21.3862
9440 1.3518
9441 3.8105
9442 9.1727
9443 8.3991
9444   NaN
9445 16.2523
9446 2.6349
9447 4.0332
9448 3.6197
9449 8.8973
9450 0.7100
9451 24.0225
9452 16.3128
9453 29.0210
9454 10.0459
9455 16.1177
9456 14.7254
9457 39.0923
9458 15.9329
9459 15.9719
9460 24.8824
9461 16.1934
9462 29.3547
9463 1.4937
9464 19.9438
9465 5.5792
9466 19.7617
9467 4.8755
9468 29.5284
9469 18.9766
9470 7.2696
9471 6.2348
9472 0.9604
9473 63.0000
9474 30.4423
9475   NaN
9476 1.4795
9477 4.4501
9478 4.0158
9479 18.9279
9480 17.6920
9481 25.6326
9482 34.4966
9483 2.4239
9484 41.1732
9485 18.7096
9486 5.4835
9487   NaN
9488   NaN
9489 21.0581
9490 17.7864
9491 52.9201
9492 16.2925
9493 19.3256
9494 6.3271
9495 1.1838
9496 17.8455
9497 3.2377
9498 3.9077
9499 23.4543
9500 15.9345
9501 3.1057
9502 19.1532
9503 2.2845
9504 28.8013
9505 3.1886
9506 20.0673
9507 22.5427
9508 35.4534
9509 25.7566
9510 14.5322
9511 8.5594
9512 12.7142
9513 0.9693
9514 0.3955
9515 17.9036
9516 1.7774
9517 46.6028
9518 19.4899
9519 23.6299
9520 26.3580
9521 21.9444
9522 5.6211
9523 41.5165
9524 53.2102
9525 3.2190
9526 12.7430
9527 16.3640
9528 16.2533
9529 13.3054
9530 22.2801
9531 23.6938
9532 2.4500
9533 1.5221
9534 10.3277
9535 14.2907
9536 57.3017
9537   NaN
9538 7.8304
9539 6.8635
9540 33.1299
9541 9.7560
9542 18.9917
9543   NaN
9544 4.6488
9545 27.5314
9546 15.9626
9547 3.5539
9548 1.3048
9549 12.7294
9550 43.6604
9551 2.5736
9552 26.2785
9553 1.1591
9554 2.1153
9555 3.3651
9556 14.2987
9557 6.0213
9558 16.2904
9559 18.3333
9560 3.3623
9561   NaN
9562 1.4105
9563 2.3133
9564 10.6102
9565 2.7707
9566 28.5192
9567 6.6955
9568 38.1389
9569 13.8358
9570 22.9378
9571 48.4430
9572   NaN
9573 0.8083
9574 14.5616
9575 34.9134
9576 3.9887
9577 14.4611
9578 3.5312
9579 2.8012
9580 8.1309
9581 27.7423
9582 65.0989
9583 3.6605
9584 25.6668
9585   NaN
9586 32.3386
9587 16.1448
9588 36.0086
9589 33.0789
9590 16.1803
9591 3.2454
9592 3.7381
9593 38.6579
9594 15.8887
9595 19.5029
9596 2.3585
9597 1.1350
9598 1.2294
9599 17.7994
9600 9.7611
9601 1.3253
9602 36.4965
9603 7.6337
9604 2.3550
9605 15.6388
9606 8.8661
9607 0.9466
9608 23.1793
9609 3.1399
9610 4.5199
9611 19.1945
9612 3.6262
9613 23.2283
9614 22.0372
9615 22.7537
9616 20.2757
9617 20.0682
9618 7.5140
9619 22.3500
9620 1.3710
9621 5.6059
9622 19.6725
9623 16.8025
9624 2.5198
9625 13.5112
9626 21.9510
9627 9.0302
9628 2.7299
9629 3.1633
9630 52.0762
9631 11.6593
9632 31.5446
9633 12.1639
9634 5.0301
9635 16.0980
9636 24.0298
9637 3.3359
9638 6.3371
9639 7.9485
9640 2.0114
9641 44.2706
9642 3.0167
9643 9.0380
9644 22.3858
9645   NaN
9646 6.3062
9647   NaN
9648 9.7819
9649 9.9174
9650 1.2555
9651 10.0594
9652 3.2453
9653 30.6033
9654 1.3201
9655 2.5883
9656 17.2981
9657 20.2027
9658 5.9388
9659 14.2470
9660 7.0570
9661 27.6078
9662 13.3893
9663 9.9096
9664 1.7655
9665 8.2843
9666   NaN
9667 17.5847
9668 3.8722
9669 1.3784
9670 15.6127
9671 0.7227
9672 6.2468
9673 18.6659
9674 15.1104
9675 7.6815
9676 5.8379
9677 19.3744
9678 1.5545
9679 1.2324
9680 4.6630
9681 33.7486
9682 17.0891
9683 32.3254
9684 2.8310
9685 0.8087
9686 15.6528
9687 18.5150
9688 2.7206
9689 41.6471
9690 6.5311
9691 18.9531
9692 0.1277
9693 6.0358
9694 10.9979
9695 29.2666
9696 41.8591
9697 18.6418
9698 21.5498
9699 13.8227
9700   NaN
9701 18.3742
9702   NaN
9703 25.4967
9704 9.5551
9705 2.6696
9706 35.8592
9707 1.9313
9708 15.0610
9709 36.9181
9710 24.1526
9711 57.0225
9712 15.5146
9713 52.1344
9714 23.1172
9715 40.5452
9716 0.9369
9717 7.1554
9718 11.3052
9719 1.3914
9720 1.5486
9721 6.4262
9722 20.5865
9723 1.3226
9724 7.7584
9725 3.3220
9726 5.1639
9727 21.0942
9728 1.6087
9729 7.4361
9730 2.5760
9731 26.2461
9732 9.1916
9733 5.3661
9734 14.5491
9735 7.2997
9736 34.7716
9737 18.4559
9738 5.4697
9739   NaN
9740 21.7001
9741   NaN
9742 10.6281
9743 9.9746
9744 12.5235
9745 39.7956
9746 31.9718
9747 9.9820
9748 1.5594
9749   NaN
9750 10.7489
9751 17.0580
9752 16.7405
9753 4.5632
9754 3.8720
9755 12.9784
9756 41.8420
9757 1.0459
9758 2.5504
9759 15.6185
9760 13.4477
9761 7.8785
9762 5.8843
9763 7.9738
9764 20.8986
9765 22.2105
9766 21.3851
9767 18.7799
9768 8.7064
9769   NaN
9770 17.2722
9771 10.2108
9772 0.5465
9773 3.8012
9774 2.7047
9775 2.0502
9776 18.3845
9777 3.9702
9778 6.4236
9779 11.0769
9780 29.9378
9781 8.4387
9782 42.4994
9783 9.7226
9784 42.7480
9785 24.9078
9786 6.2464
9787 0.9669
9788 4.9614
9789 1.7218
9790 3.1344
9791 4.6810
9792 18.3617
9793 23.7265
9794 16.9940
9795 14.0270
9796 20.2966
9797 1.0139
9798 5.4366
9799   NaN
9800 20.8478
9801 20.5638
9802 10.5374
9803 26.8061
9804 26.4852
9805 4.7254
9806 26.8447
9807 3.1262
9808 12.1791
9809 18.6502
9810 1.2001
9811 5.8814
9812 3.4163
9813 2.2392
9814 20.0270
9815 30.9929
9816   NaN
9817 1.3269
9818 1.8897
9819 8.4601
9820 4.7774
9821 3.3635
9822 13.6656
9823 10.6681
9824 11.9336
9825 7.5185
9826 1.1660
9827 1.9243
9828 1.4898
9829 31.8671
9830 16.9937
9831 29.4956
9832 23.1043
9833 0.4823
9834 2.0692
9835 3.9584
9836   NaN
9837   NaN
9838 21.8863
9839 6.1321
9840 8.4756
9841 7.4178
9842 4.2929
9843 8.6106
9844 19.4580
9845 23.1130
9846 1.9537
9847 6.7594
9848 12.2083
9849 1.7856
9850 1.1691
9851 11.0559
9852 2.4823
9853 3.5859
9854 32.6260
9855 7.6188
9856 0.9660
9857 3.2561
9858 9.5605
9859 9.9947
9860 3.5792
9861 0.7121
9862 26.5752
9863 20.4317
9864 0.9823
9865 7.9155
9866 3.6895
9867 8.3192
9868 7.9560
9869   NaN
9870 21.4802
9871 25.7018
9872 2.9128
9873 5.6425
9874 3.0788
9875 25.5961
9876 11.7387
9877 24.2357
9878 21.9041
9879 0.3984
9880   NaN
9881 17.5397
9882 1.1702
9883 28.3786
9884 8.0889
9885 1.5568
9886 5.3592
9887 10.9195
9888 2.3845
9889 5.0005
9890 2.8500
9891   NaN
9892 10.3501
9893 12.9557
9894 2.7327
9895 1.2616
9896 41.3588
9897 2.6487
9898 50.0681
9899 9.3010
9900 3.2512
9901 12.3200
9902 23.2877
9903 17.1493
9904 31.3843
9905 1.0915
9906 7.6344
9907 2.4230
9908 31.4513
9909 9.5769
9910 3.0699
9911 8.6723
9912 29.7584
9913 13.2300
9914 22.6017
9915 34.7964
9916 22.4130
9917 5.7901
9918 23.4951
9919 27.8401
9920 15.7044
9921 6.5804
9922 5.2359
9923   NaN
9924 1.0584
9925 14.5093
9926 20.6690
9927 18.0570
9928 14.2148
9929 16.8553
9930 18.1411
9931 15.2085
9932 2.7138
9933 1.6923
9934 18.1449
9935 15.6891
9936 2.4916
9937 6.4887
9938 2.1334
9939 3.6059
9940 32.3559
9941 5.8909
9942 4.2144
9943 1.1812
9944 8.7368
9945 7.0740
9946 4.3557
9947 13.5794
9948   NaN
9949 5.1088
9950 4.2929
9951 55.3603
9952 27.8982
9953 29.0968
9954 6.1139
9955 5.2852
9956 13.7306
9957 15.5934
9958 17.0235
9959 16.1391
9960 2.5116
9961 33.7167
9962 9.1022
9963 1.6794
9964 1.7285
9965 8.3252
9966 2.2525
9967 20.6029
9968 14.7786
9969 2.6603
9970 24.7841
9971 21.2654
9972 19.9328
9973 18.7435
9974 37.3944
9975 3.9826
9976 0.4187
9977 36.0204
9978 3.6107
9979 17.7232
9980 3.1234
9981 44.9433
9982 43.2458
9983 24.2026
9984 3.6515
9985 7.1119
9986 8.1975
9987 40.2384
9988 1.6081
9989 18.3554
9990 12.2488
9991 3.6971
9992 2.4639
9993 22.7074
9994 0.8115
9995 3.7518
9996 3.5927
9997 17.3236
9998 0.2858
9999 4.2699
10000 6.6679
