5001 13.9556
5002 4.1073
5003 24.7544
5004 7.6410
5005 7.8435
5006 4.3819
5007 18.0446
5008 15.3008
5009 0.5635
5010 16.2324
5011 0.5648
5012 5.1239
5013 0.1970
5014 1.8189
5015 1.1244
5016 21.1420
5017 2.6689
5018 33.0778
5019 5.9186
5020 6.3537
5021 13.1294
5022 0.9198
5023 5.3305
5024 0.7519
5025 7.7798
5026 5.1805
5027 2.3150
5028 3.5056
5029 11.3033
5030 1.7450
5031 5.7354
5032 36.8534
5033 1.1963
5034 5.2794
5035 1.8626
5036 0.4144
5037 10.3130
5038 20.1449
5039 2.5792
5040 0.9396
5041 15.5591
5042 1.7859
5043 16.2221
5044 22.3065
5045 0.9023
5046 1.5965
5047 8.0207
5048 6.6135
5049 2.9247
5050 1.1071
5051 0.4015
5052 2.5816
5053 2.9187
5054 4.9798
5055 16.8815
5056 24.9598
5057 14.4675
5058 24.0329
5059 2.1557
5060 1.9489
5061 2.2687
5062 2.0301
5063 15.4342
5064 0.9406
5065 10.1953
5066 4.0334
5067 1.8614
5068 10.1858
5069 23.3872
5070 52.1696
5071 7.3790
5072 2.0641
5073 11.0602
5074 13.3530
5075 0.2230
5076 1.6496
5077 6.6918
5078 1.2403
5079 2.0226
5080 14.3456
5081 17.5092
5082 2.4377
5083 1.2133
5084 2.1884
5085 2.5468
5086 0.2883
5087 2.7921
5088 0.3000
5089 1.3360
5090 2.7547
5091 17.3146
5092 7.7909
5093 21.1825
5094 2.6735
5095 0.8730
5096 18.4735
5097 16.5853
5098 2.8778
5099 2.4511
5100 0.9166
5101 0.7230
5102 6.8967
5103 14.8839
5104 2.5415
5105 2.9435
5106 48.4250
5107 23.4094
5108 7.2479
5109 0.8383
5110 1.7408
5111 1.6608
5112 2.2322
5113 0.7470
5114 22.4847
5115 1.4240
5116 30.1615
5117 4.8374
5118 0.8012
5119 0.3071
5120 4.4460
5121 0.6104
5122 10.5520
5123 3.4816
5124 9.1121
5125 8.5978
5126 21.4401
5127 49.6203
5128 8.3862
5129 1.5146
5130 0.2410
5131 0.9383
5132 8.2946
5133 0.5908
5134 0.5415
5135 1.1761
5136 1.4931
5137 6.9906
5138 19.4847
5139 12.4570
5140 1.7441
5141 0.3768
5142 3.8500
5143 9.0149
5144 1.0439
5145 0.5201
5146 5.9278
5147 11.7875
5148 4.3012
5149 42.3808
5150 0.6840
5151 1.7795
5152 1.0402
5153 1.7568
5154 10.7929
5155 9.7837
5156 1.2595
5157 11.5565
5158 23.1213
5159 2.3636
5160 4.5316
5161 21.9807
5162 19.9984
5163 1.4695
5164 0.1927
5165 3.1425
5166 2.8671
5167 0.6332
5168 1.2499
5169 14.2230
5170 7.7371
5171 1.8375
5172 25.9728
5173 14.2104
5174 32.4072
5175 21.0502
5176 4.1839
5177 18.5034
5178 2.4439
5179 3.4610
5180   NaN
5181 8.5856
5182 20.0853
5183 20.2052
5184 2.4028
5185 16.9128
5186 1.4960
5187 2.5584
5188 16.0585
5189 2.0489
5190 0.9804
5191 1.7171
5192 7.1307
5193 1.5445
5194 10.0165
5195 15.7761
5196 2.2549
5197 0.9641
5198 9.9277
5199 6.7701
5200 20.5200
5201 22.0446
5202 0.5461
5203 0.5483
5204 2.5713
5205 18.0234
5206 1.1440
5207 1.1181
5208 10.1925
5209 15.2702
5210 0.5753
5211 0.3466
5212 1.3918
5213 5.7566
5214 1.0997
5215 1.0201
5216 4.4989
5217 11.0277
5218 2.9190
5219 9.6157
5220 0.8624
5221 42.1731
5222   NaN
5223 25.5460
5224 3.9644
5225 31.4556
5226 1.8566
5227 0.9364
5228 1.9078
5229 27.2371
5230 25.1054
5231 15.3199
5232 12.7359
5233 1.7606
5234 0.8451
5235 1.0230
5236 2.8004
5237 2.6132
5238 1.3930
5239 18.6225
5240 0.5887
5241 8.1863
5242 11.3816
5243 3.6732
5244 0.7690
5245 43.5877
5246 6.1404
5247 5.8368
5248 2.7220
5249 3.7303
5250 2.1703
5251 11.8213
5252 8.5194
5253 21.3533
5254 3.7940
5255 1.7849
5256 4.8185
5257 25.8496
5258 19.9167
5259 1.1950
5260 8.6092
5261 1.6085
5262 1.7303
5263 1.2089
5264 1.3466
5265 1.1516
5266 15.3804
5267 0.1496
5268 3.4199
5269 8.8340
5270 5.2855
5271 2.1221
5272 9.8635
5273 11.8330
5274 18.9226
5275 1.0906
5276 1.2443
5277 1.0539
5278 14.1051
5279 0.3997
5280 2.1988
5281 2.2171
5282 0.4682
5283 1.8311
5284 15.1551
5285 9.2678
5286 0.8099
5287 31.7150
5288 24.1987
5289 6.9905
5290 2.6742
5291 12.3689
5292 4.9939
5293 1.0868
5294 0.2995
5295 3.4934
5296 1.6860
5297 20.4096
5298 1.1420
5299 3.0433
5300 28.0440
5301 1.5519
5302 5.8375
5303 5.9642
5304 4.1195
5305 0.9649
5306 1.3310
5307 2.0803
5308 19.4397
5309 7.3123
5310 3.9255
5311 2.3849
5312 34.0872
5313 0.5850
5314 0.6780
5315 11.5297
5316 0.9505
5317 5.6946
5318 2.4658
5319 3.3895
5320 16.5377
5321 3.9712
5322 5.7697
5323 3.6816
5324 0.5416
5325 1.1825
5326 0.2084
5327 21.1114
5328 40.7192
5329 1.5884
5330 9.9202
5331 0.8564
5332 5.8621
5333 11.4187
5334 5.6757
5335 18.3595
5336 0.9841
5337 6.0463
5338 2.0360
5339 25.4387
5340 0.5901
5341 16.0720
5342 30.0354
5343 0.7103
5344 1.2714
5345 2.6657
5346 1.0175
5347 22.7589
5348 1.6202
5349 15.7061
5350 0.3405
5351 1.8283
5352 4.2076
5353 5.1244
5354 8.5493
5355 2.5020
5356 2.3664
5357 0.7375
5358 2.4291
5359 21.2933
5360 4.3372
5361 0.8012
5362 4.4639
5363 16.0811
5364 3.7523
5365 3.2690
5366 6.3735
5367 0.6135
5368 2.7867
5369 6.2182
5370 1.1020
5371 2.1158
5372 1.7028
5373 40.9659
5374 31.8798
5375 7.0927
5376 3.2868
5377 0.8057
5378 1.0653
5379 21.5784
5380 11.2419
5381 6.5156
5382 0.5327
5383 0.3017
5384 5.0371
5385 1.8427
5386 4.4038
5387 30.3295
5388 2.2311
5389 1.3668
5390 10.7825
5391 0.4096
5392 29.1044
5393 6.6068
5394 0.5795
5395 2.8312
5396 4.2556
5397 0.2357
5398 7.5897
5399 3.0835
5400 4.6889
5401 0.5016
5402 3.2230
5403 0.3365
5404 12.3259
5405 6.4323
5406 0.9332
5407 8.6471
5408 4.9786
5409 2.9373
5410 1.7270
5411 0.8834
5412 2.7281
5413 9.6755
5414 1.8266
5415 8.0107
5416 3.9659
5417 17.9097
5418 4.4375
5419 12.8425
5420 1.1793
5421 4.6396
5422 1.2423
5423 8.0090
5424 17.7282
5425 1.0810
5426 0.5673
5427 9.5609
5428 2.3460
5429 2.2050
5430 13.2933
5431 7.3886
5432 2.8607
5433 2.9757
5434 7.3213
5435 0.1152
5436 2.3788
5437 1.0307
5438 6.3574
5439 2.9602
5440 3.4000
5441 19.7936
5442 20.8663
5443 2.9922
5444 13.2599
5445 37.0435
5446 1.7942
5447 0.9180
5448 18.2832
5449 1.0755
5450 0.5172
5451 1.7476
5452 17.8605
5453 2.8940
5454 9.8897
5455 0.1178
5456 10.6579
5457 55.4643
5458 5.8362
5459 3.1754
5460 1.7209
5461 14.6028
5462 4.3378
5463 2.6211
5464 5.5292
5465 5.8251
5466 5.6725
5467 4.7010
5468 16.9180
5469 1.7520
5470 18.6340
5471 25.1661
5472 0.9971
5473 13.5956
5474 21.3561
5475 8.1894
5476 0.7252
5477 14.9032
5478 2.5609
5479 0.8677
5480 2.4772
5481 26.3701
5482 2.2098
5483 25.0427
5484 44.8268
5485 31.2162
5486 1.0972
5487 1.4567
5488 25.8520
5489 51.9096
5490 1.4333
5491 2.7736
5492 20.6997
5493 12.3829
5494 4.9878
5495 11.3347
5496 2.9433
5497 4.4089
5498 0.8480
5499 2.0044
5500 18.8835
5501 4.5582
5502 4.8864
5503 8.4029
5504 1.4127
5505 1.1429
5506 0.5886
5507 2.2764
5508 2.9836
5509 2.3603
5510 8.9074
5511 1.4038
5512 7.6069
5513 3.8044
5514 0.5998
5515 4.6589
5516 2.4545
5517 9.5509
5518 1.4964
5519 0.9520
5520 0.8281
5521 18.5027
5522 19.9278
5523 3.8251
5524 2.6657
5525 0.5523
5526 2.6541
5527 15.7421
5528 0.6870
5529 4.7885
5530 14.6873
5531 1.9254
5532 11.9040
5533 10.2472
5534 1.7201
5535 1.3414
5536 1.9758
5537 5.8242
5538 2.4985
5539 14.3651
5540 31.5048
5541 3.6360
5542 4.1303
5543 0.4375
5544 4.2826
5545 0.8314
5546 2.1591
5547 0.4699
5548 0.5796
5549 3.7965
5550 0.6617
5551 1.0311
5552 0.5514
5553 4.0274
5554 19.2803
5555 1.5940
5556 2.1860
5557 3.3643
5558 10.5623
5559 12.7678
5560 3.7552
5561 47.4043
5562 5.3095
5563 3.2931
5564 9.5183
5565 13.8994
5566 23.4831
5567 4.1393
5568 21.5762
5569 10.2301
5570 3.4042
5571 3.8738
5572 21.8940
5573 3.4123
5574 14.5719
5575 21.1196
5576 2.2415
5577 1.6523
5578 9.8627
5579 22.2505
5580 0.9231
5581 0.7796
5582 1.0395
5583 14.7476
5584 25.3408
5585 19.6997
5586 1.0550
5587 1.1809
5588 16.8026
5589 0.9111
5590 18.0911
5591 12.0950
5592 13.9333
5593 4.4492
5594 6.2052
5595 2.5164
5596 18.2744
5597 1.6379
5598 1.0165
5599 18.2454
5600 8.7214
5601 14.2093
5602 1.8365
5603 6.8481
5604 8.9941
5605 7.4990
5606 18.6617
5607 1.5265
5608 1.6710
5609 6.4172
5610 11.2476
5611 7.6865
5612 2.1601
5613 1.9957
5614 3.0483
5615 11.1636
5616 10.7748
5617 2.6500
5618 10.4432
5619 6.0349
5620 4.6653
5621 1.9342
5622   NaN
5623 3.0767
5624 2.2402
5625 3.1270
5626 0.2059
5627 1.2683
5628 0.9212
5629 7.5283
5630 9.6802
5631 2.2317
5632 18.5489
5633 17.6984
5634 39.8538
5635 4.0944
5636 1.6190
5637 21.6199
5638 1.9045
5639 0.3909
5640 4.6213
5641 0.3901
5642 3.4559
5643 4.1351
5644 12.6123
5645 27.9956
5646 5.1837
5647 9.9005
5648   NaN
5649 5.9104
5650 31.1684
5651 1.1374
5652 6.4685
5653 1.8476
5654 1.5086
5655 10.1244
5656 11.7846
5657 6.9869
5658 0.8868
5659 1.4302
5660 6.0405
5661 2.2104
5662 0.7106
5663 33.6600
5664 6.4608
5665 0.8116
5666 0.9003
5667 2.3061
5668 0.7824
5669 2.2118
5670 8.2283
5671 2.4505
5672 1.4578
5673 4.4382
5674 0.9764
5675 21.8841
5676 0.4606
5677 17.6146
5678 6.7521
5679 20.5653
5680 1.4609
5681 0.6019
5682 50.4771
5683 22.7131
5684 3.4176
5685 10.0166
5686 1.1204
5687 28.2788
5688 0.8736
5689 2.9623
5690 4.1541
5691 5.4320
5692   NaN
5693 1.2929
5694 8.0921
5695 2.3295
5696 19.6481
5697 4.9278
5698 0.2707
5699 8.2003
5700 0.6545
5701 2.7238
5702 0.9030
5703 1.9280
5704 1.0239
5705 4.0681
5706 9.1435
5707 8.1197
5708 2.0155
5709 0.8121
5710 9.5018
5711 1.6952
5712 1.7416
5713 7.8290
5714 38.5499
5715 17.1288
5716 18.9152
5717 13.7625
5718 20.3332
5719 0.3901
5720 12.3036
5721 0.5473
5722 3.0697
5723 0.8832
5724 4.0197
5725 18.0462
5726 2.2122
5727 3.4344
5728 2.6995
5729 6.7577
5730 0.7222
5731 22.8161
5732 38.4079
5733 11.3120
5734 5.5072
5735 4.0432
5736 0.8257
5737 12.4848
5738 5.5115
5739 13.9209
5740 4.6612
5741 20.2691
5742 5.5898
5743 0.8049
5744 2.1236
5745 22.2606
5746 0.4105
5747 0.4846
5748 23.4110
5749 1.4798
5750 1.4159
5751 26.5139
5752 0.3356
5753 47.2298
5754 3.9874
5755 14.7056
5756 7.6775
5757 3.9442
5758 6.7611
5759 10.2032
5760 18.4613
5761 19.8100
5762 5.8282
5763 7.0801
5764 7.8731
5765 3.2213
5766 2.3890
5767 1.1953
5768 18.3458
5769 13.0503
5770 4.3470
5771 3.5822
5772 3.2717
5773 1.4751
5774 4.9993
5775 12.4564
5776 1.1233
5777 1.9897
5778 4.8038
5779 3.5493
5780 2.6019
5781 4.3533
5782 1.8659
5783 15.8759
5784 7.2424
5785 20.0764
5786 1.1551
5787 2.5974
5788 20.7396
5789 22.9851
5790 2.8535
5791 13.4113
5792 1.8448
5793 3.7647
5794 8.7216
5795 14.0483
5796 15.0849
5797 0.5727
5798 7.1548
5799 16.1847
5800 11.7881
5801 22.1805
5802 10.0771
5803 2.9690
5804 0.4781
5805 4.2916
5806 0.2703
5807 14.2969
5808 3.0712
5809 3.8117
5810 2.3006
5811 0.9141
5812 4.8324
5813 10.5027
5814 5.4206
5815 20.0405
5816 10.9361
5817 0.8368
5818 1.5576
5819 9.2922
5820   NaN
5821 3.6943
5822 1.5853
5823 0.4056
5824 13.3186
5825 15.2608
5826 0.7511
5827 0.5015
5828 12.9404
5829 16.6975
5830 1.7209
5831 19.6521
5832 19.8996
5833 1.7862
5834 1.3634
5835 7.2287
5836 0.8070
5837 18.9276
5838 0.5425
5839 1.6929
5840 21.0619
5841 4.7508
5842 1.7240
5843 2.2847
5844 7.1040
5845 1.0556
5846 5.6784
5847   NaN
5848 4.5391
5849 3.8098
5850 9.1821
5851 1.0360
5852 2.3947
5853 7.8730
5854 1.1425
5855 6.8817
5856 6.6381
5857 11.4882
5858 16.5836
5859 24.3756
5860 4.8037
5861 3.3657
5862 3.2121
5863 21.0125
5864 7.0240
5865 2.7393
5866 33.4499
5867 2.7110
5868 15.7679
5869 0.9573
5870 2.0274
5871 1.6045
5872 1.5244
5873 16.8724
5874 40.0331
5875 1.5402
5876 2.4402
5877 8.1783
5878 27.7400
5879 1.3598
5880 0.8129
5881 9.2616
5882 3.1265
5883 2.0426
5884 22.6499
5885 0.9427
5886 9.8276
5887 2.3947
5888 1.0497
5889 4.8988
5890 1.0421
5891 10.6952
5892 2.9124
5893 2.0854
5894 2.7350
5895 9.5537
5896 10.2630
5897 1.3919
5898 4.7488
5899 3.5909
5900 3.4753
5901 10.6303
5902 10.6875
5903 5.7821
5904 2.9395
5905 3.1410
5906 3.8128
5907 0.5059
5908 12.1603
5909 23.9451
5910 0.3907
5911 0.8116
5912 0.3514
5913 10.3594
5914 20.5651
5915 1.3193
5916 40.2076
5917 1.0592
5918 4.8918
5919 7.1955
5920 20.4658
5921 1.3735
5922 1.0603
5923 13.8505
5924 3.7703
5925 7.4478
5926 2.4876
5927 33.3772
5928 0.9033
5929 4.2747
5930 0.9279
5931 25.0967
5932 4.3103
5933 0.7099
5934 1.9188
5935 9.6270
5936 1.2640
5937 2.6304
5938 1.5255
5939 1.4244
5940 17.9038
5941 18.9895
5942 6.5827
5943 0.7897
5944 0.3811
5945 5.5420
5946 20.4536
5947 4.1962
5948 3.8971
5949 7.6116
5950 5.8792
5951 0.4233
5952 1.0557
5953 2.7734
5954 11.6605
5955 2.5954
5956 4.9992
5957 34.6782
5958 16.5494
5959 1.7066
5960 1.9372
5961 4.3363
5962 19.7531
5963 0.4930
5964 0.6917
5965 40.2748
5966 21.3529
5967 0.6603
5968 2.1932
5969 0.5903
5970 2.7167
5971 0.7119
5972 1.7855
5973 20.0996
5974 17.8098
5975 6.8756
5976 6.2144
5977 16.7659
5978 0.4156
5979 4.0898
5980 2.3060
5981 17.6058
5982 3.2115
5983 3.2291
5984 27.5438
5985 0.3164
5986 17.2870
5987 8.4151
5988 2.7517
5989 12.8209
5990 22.6864
5991 0.7618
5992 2.9987
5993 36.0430
5994 7.4349
5995 7.5367
5996 31.4908
5997 16.9985
5998 4.1751
5999 2.2151
6000 8.2779
6001 6.3118
6002 17.8891
6003 1.3825
6004 2.6038
6005 0.9140
6006 26.7567
6007 7.7499
6008 30.8226
6009 17.4477
6010 2.2226
6011 0.7437
6012 9.4006
6013 3.1101
6014 24.0080
6015 10.5183
6016 3.7479
6017 4.6929
6018 3.7677
6019 11.2905
6020 1.1726
6021 13.0421
6022 0.5685
6023 5.3094
6024 0.6882
6025 2.2865
6026 0.3559
6027 3.6038
6028 24.5877
6029 21.0367
6030 2.5813
6031 1.2062
6032 5.3312
6033 7.0761
6034 24.9644
6035 2.1909
6036 4.6903
6037 1.6211
6038 16.1996
6039 21.8508
6040 2.3016
6041 3.5106
6042 2.8933
6043 6.1053
6044 3.5979
6045 0.7088
6046 3.0449
6047 0.7874
6048 1.2336
6049 1.3934
6050 8.2845
6051 21.4359
6052 0.9049
6053 1.4857
6054 20.3730
6055 15.4741
6056 2.6007
6057 0.3484
6058 5.0605
6059 1.4622
6060 22.7481
6061 1.1693
6062 50.7941
6063 13.3678
6064 14.7127
6065 2.6628
6066 1.3713
6067 1.3310
6068 8.3199
6069 9.4106
6070 6.5372
6071 14.1233
6072 7.0764
6073 0.3183
6074 10.5157
6075 19.2253
6076 11.0356
6077 1.7324
6078 11.1825
6079 0.6204
6080 5.8525
6081 5.6628
6082 1.1381
6083 0.8820
6084 2.6569
6085 1.4410
6086 2.6958
6087 4.4833
6088 2.7657
6089 14.0653
6090 9.7656
6091 6.5484
6092 1.5377
6093 6.9901
6094 2.7444
6095 3.9010
6096 7.8070
6097 0.4682
6098 3.6572
6099 3.0798
6100 3.3320
6101 21.7014
6102 2.3717
6103 5.5944
6104 8.1578
6105 0.2800
6106 0.9623
6107 10.5939
6108 8.3936
6109 1.3863
6110 0.9169
6111 5.3291
6112 3.4916
6113 9.8575
6114 3.2953
6115 1.0495
6116 5.3610
6117 1.5179
6118 12.3532
6119 0.7434
6120 2.5578
6121 0.9192
6122 10.8423
6123 3.4678
6124 13.4454
6125 3.4830
6126 1.1713
6127 9.8156
6128 1.7963
6129 3.3644
6130 0.9429
6131 21.6908
6132 14.8007
6133 1.4046
6134 31.5566
6135 26.8760
6136 20.0620
6137 1.3023
6138 0.3367
6139 19.7045
6140 0.9847
6141 14.9602
6142 6.2651
6143 6.7139
6144 4.0652
6145 3.0553
6146 12.0251
6147 2.6818
6148 32.9586
6149 8.8934
6150 6.1647
6151 21.3559
6152 18.6631
6153 14.8442
6154 19.6126
6155 0.8829
6156 3.7934
6157 12.3390
6158 0.4516
6159 2.7224
6160 0.3287
6161 1.2004
6162 1.5076
6163 4.6042
6164 1.7731
6165 0.5311
6166 0.6512
6167 0.8946
6168 20.4561
6169 0.7302
6170 8.6112
6171 1.6736
6172 5.1210
6173 0.5253
6174 1.1998
6175 0.7301
6176 21.0280
6177 4.4097
6178 17.8543
6179 0.3663
6180 0.6263
6181 17.0881
6182 3.2474
6183 1.4843
6184 52.2507
6185 5.1889
6186 0.2183
6187 1.6838
6188 3.9366
6189 10.0188
6190 21.5504
6191 22.0875
6192 0.6896
6193 1.3331
6194 2.7489
6195 2.3659
6196 3.8782
6197 4.0126
6198 2.0521
6199 7.4041
6200 1.4586
6201 17.4752
6202 0.8039
6203 2.7851
6204 0.9417
6205 28.0778
6206 10.0765
6207 3.6658
6208 13.8769
6209 0.8897
6210 6.0583
6211 7.0970
6212 20.9953
6213 6.4981
6214 8.2570
6215 7.7440
6216 0.3583
6217 58.1035
6218 2.7672
6219 0.4828
6220 0.9788
6221 12.9109
6222 2.8094
6223 4.9669
6224 1.3495
6225 1.4948
6226 2.3615
6227 1.1525
6228 27.3510
6229 1.7426
6230 21.2744
6231 40.9771
6232 18.9551
6233 0.6905
6234 6.6808
6235 1.1394
6236 19.4781
6237 22.5515
6238 1.5017
6239 13.5529
6240 3.6177
6241 4.8766
6242 1.6283
6243 1.7019
6244 0.5613
6245 2.6521
6246 19.6435
6247 1.2367
6248 1.1212
6249 13.6247
6250 4.2942
6251 3.2355
6252 14.9991
6253 11.2382
6254 33.6807
6255 1.3572
6256 4.5711
6257 3.3800
6258 2.7660
6259 12.7120
6260 1.3241
6261 3.8234
6262 12.6608
6263 5.5534
6264 1.7420
6265 0.6336
6266 0.6616
6267 2.9459
6268 1.2978
6269 6.3407
6270 0.3863
6271 1.6961
6272 1.2310
6273 15.3897
6274 4.3483
6275 9.0137
6276 2.1619
6277 4.8696
6278 1.2333
6279 1.3810
6280 1.0432
6281 8.4562
6282 7.2921
6283 15.9021
6284 1.7157
6285 4.7033
6286 1.2638
6287 2.6380
6288 2.8792
6289 1.0050
6290 3.5999
6291 3.6656
6292 2.4025
6293 5.1427
6294 10.9201
6295 13.1821
6296 1.2640
6297 8.0141
6298 40.0798
6299 3.0225
6300 1.3599
6301 3.0214
6302 3.6627
6303 7.8501
6304 1.2286
6305 10.5694
6306 2.8431
6307 3.6505
6308 5.8971
6309 10.4838
6310 2.1276
6311 12.0346
6312 2.7932
6313 5.3420
6314 8.6281
6315 17.4849
6316 18.5652
6317 10.2736
6318 15.3413
6319 3.5027
6320 16.2189
6321 31.4489
6322 4.1673
6323 0.7037
6324 9.6913
6325 2.0357
6326 0.4257
6327 14.5682
6328 3.5396
6329 20.5936
6330 3.4244
6331 2.6616
6332 6.4145
6333 7.3417
6334 8.3102
6335 2.2204
6336 17.6052
6337 5.6989
6338 2.8577
6339 3.8675
6340 1.4069
6341 1.8573
6342 25.9737
6343 23.0635
6344 1.0876
6345 14.3367
6346 1.8037
6347 2.4023
6348 11.0658
6349 8.6550
6350 1.9955
6351 1.8069
6352 24.8148
6353 3.0969
6354 1.3513
6355 2.1920
6356 1.0489
6357 2.3573
6358 5.2474
6359 22.9170
6360 2.2268
6361 0.9730
6362 1.5999
6363 4.2757
6364 10.4356
6365 4.2494
6366 11.3477
6367 1.6627
6368 17.4075
6369 22.2990
6370 6.9092
6371 2.8046
6372 39.4891
6373 6.1855
6374 0.8549
6375 21.6684
6376 0.9196
6377 13.9665
6378 31.2961
6379 8.2816
6380 18.9971
6381 2.3527
6382 1.7929
6383 7.9951
6384 0.4811
6385 1.3622
6386 4.0686
6387 11.3890
6388 22.4878
6389 2.6195
6390 5.0906
6391 3.9477
6392 12.0477
6393 5.1116
6394 2.4029
6395 6.3981
6396 14.8884
6397 16.7483
6398 0.9301
6399 3.7134
6400 1.2616
6401 2.2171
6402 18.1875
6403 28.8632
6404 1.8167
6405 15.1350
6406 8.1384
6407 6.6902
6408 3.0371
6409 0.9366
6410 2.4537
6411 6.4762
6412 34.3452
6413 23.2073
6414 0.7501
6415 1.7491
6416 4.8726
6417 12.6042
6418 24.8053
6419 15.5460
6420 26.5558
6421 3.8502
6422 0.8505
6423 2.0974
6424 5.8335
6425 5.4096
6426 3.0806
6427 2.4568
6428 22.8937
6429 2.5438
6430 4.9987
6431 10.7831
6432 2.1366
6433 6.1991
6434 3.3518
6435 16.4051
6436 1.1046
6437 1.8804
6438 21.3589
6439 1.2958
6440 2.8428
6441 6.8290
6442 1.0921
6443 27.2367
6444 15.1397
6445 1.8813
6446 10.6389
6447 0.3612
6448 27.2175
6449 14.4860
6450 3.7963
6451 4.5971
6452 1.5435
6453 5.7956
6454 1.5527
6455 1.4450
6456 4.0455
6457 15.8862
6458 1.7448
6459 0.6980
6460 1.2018
6461 2.3748
6462 5.2380
6463 2.1389
6464 21.3315
6465 1.3044
6466 10.2775
6467 6.5019
6468 3.5374
6469 17.5696
6470 1.5018
6471 25.4363
6472 4.7972
6473 0.9520
6474 1.3646
6475 1.6914
6476 21.1198
6477 2.1293
6478 8.3896
6479 38.9491
6480 12.2565
6481 2.2588
6482 1.1451
6483 35.4593
6484 2.5600
6485 14.9654
6486 5.0839
6487 24.1519
6488 2.8785
6489 8.0773
6490 1.3789
6491 0.5227
6492 1.9787
6493 21.4181
6494 1.0589
6495 10.8162
6496 2.8118
6497 21.5826
6498 10.8986
6499 0.8314
6500 7.1809
6501 0.4683
6502 19.7850
6503 0.9224
6504 7.3037
6505 13.1896
6506 0.4640
6507 0.6869
6508 3.5306
6509 5.4676
6510 4.8777
6511 1.3732
6512 13.5801
6513 17.8355
6514 10.2068
6515 0.6558
6516 8.9230
6517 10.1030
6518 1.9763
6519 16.4197
6520 13.3234
6521 1.0190
6522 31.7444
6523 23.2467
6524 12.3582
6525 1.4157
6526 0.6191
6527 11.2938
6528 17.2704
6529 5.7711
6530 0.2807
6531 1.3135
6532 5.4036
6533 1.4767
6534 2.6985
6535 3.5222
6536 2.0780
6537 5.2606
6538 2.9077
6539 3.1604
6540 6.1807
6541 15.2388
6542 1.6325
6543 2.3423
6544 1.2640
6545 3.7349
6546 4.4864
6547 2.0375
6548 3.4036
6549 6.3419
6550 1.0951
6551 5.4208
6552 10.6299
6553 1.3385
6554 1.4335
6555 0.7335
6556 0.6011
6557 10.2259
6558 5.4588
6559 19.9001
6560 4.8886
6561 7.1168
6562 20.3344
6563 17.2496
6564 9.6986
6565 2.5349
6566 2.5119
6567 0.4374
6568 28.6841
6569 4.7588
6570 2.4525
6571 18.7649
6572 3.1537
6573 2.0798
6574 23.3888
6575 1.2866
6576 1.2012
6577 0.6886
6578 10.1634
6579 31.9151
6580 2.2191
6581 1.6304
6582 16.7119
6583 5.4631
6584 10.1043
6585 2.3267
6586 16.6045
6587 1.9262
6588 1.1588
6589 54.3100
6590 8.9275
6591 3.5737
6592 4.3582
6593 15.4071
6594 5.0755
6595 3.0691
6596 3.3833
6597 23.3054
6598 20.2231
6599 5.8777
6600 0.4157
6601 1.3446
6602 8.4967
6603 1.9251
6604 2.4378
6605 19.5652
6606 0.9801
6607 2.9233
6608 9.5099
6609 26.3538
6610 1.0850
6611 0.7724
6612 3.7006
6613 4.8572
6614 5.2149
6615 3.8700
6616 20.6139
6617 7.3536
6618 1.0152
6619 0.9094
6620 7.8287
6621 8.7408
6622 13.0418
6623 21.5780
6624 0.6370
6625 0.3958
6626 2.5520
6627 17.2828
6628 2.5331
6629 1.2456
6630 39.9518
6631 15.3029
6632 15.1493
6633 15.0036
6634 13.7572
6635 0.7791
6636 22.4602
6637 3.0115
6638 17.1920
6639 2.5229
6640 1.1392
6641 1.9803
6642 0.8195
6643 22.2381
6644 2.3884
6645 14.0589
6646 2.6061
6647 1.8581
6648 2.1570
6649 37.7961
6650 18.8577
6651 0.1446
6652 0.7419
6653 20.8903
6654 5.1331
6655 1.5941
6656 5.5944
6657 7.8551
6658 8.1207
6659 2.0790
6660 7.0655
6661 4.3825
6662 9.1362
6663 2.9306
6664 1.1663
6665 21.0394
6666 28.0260
6667 2.6497
6668 18.4350
6669 33.6811
6670 1.4192
6671 2.9269
6672 3.4569
6673 15.2298
6674 16.2966
6675 15.2582
6676 1.7306
6677 3.6102
6678 31.7126
6679 1.2714
6680 6.5588
6681 9.6743
6682 17.4974
6683 22.4555
6684 3.3510
6685 35.8696
6686 0.7959
6687 9.1494
6688 0.3916
6689 8.0730
6690 1.4248
6691 1.8186
6692 21.1116
6693 2.9319
6694 21.3177
6695 0.4851
6696 23.5793
6697 9.1172
6698 19.1582
6699 2.5602
6700 2.3828
6701 57.4834
6702 0.4314
6703 2.0075
6704 4.0986
6705 3.2356
6706   NaN
6707 0.7379
6708 7.9505
6709 17.7081
6710 9.9374
6711 3.1439
6712 1.4417
6713 10.3941
6714 1.0476
6715 14.6223
6716 1.5652
6717 0.3809
6718 3.1484
6719 15.0374
6720 13.8754
6721 2.5992
6722 1.3982
6723 26.6971
6724 0.9688
6725 1.6939
6726 1.4084
6727 0.9195
6728 37.3820
6729 18.0245
6730 10.3693
6731 6.7441
6732 0.1006
6733 0.6903
6734 2.8601
6735 2.7684
6736 8.8575
6737 1.5769
6738 10.2842
6739 1.6976
6740 3.9371
6741 15.9837
6742 13.0928
6743 1.1966
6744 55.5740
6745 9.8106
6746 14.7490
6747 2.4544
6748 3.0338
6749 1.6983
6750 4.7586
6751 0.9854
6752 3.9336
6753 22.5925
6754 5.0023
6755 3.0642
6756 1.4749
6757 6.8084
6758 1.2137
6759 17.8557
6760 1.0966
6761 4.4564
6762 20.1767
6763 35.0095
6764 4.7294
6765 6.9244
6766 4.0052
6767 42.3387
6768 9.8130
6769 2.1514
6770 0.5094
6771 16.7062
6772 14.5935
6773 11.0092
6774 22.5343
6775 4.3401
6776 7.3211
6777 8.9061
6778 14.0753
6779 16.2077
6780 23.6434
6781 23.5375
6782 2.0550
6783 15.0306
6784 1.0577
6785 2.1066
6786   NaN
6787 3.2056
6788 1.4711
6789 3.5200
6790 16.5294
6791 8.7857
6792 18.0367
6793 0.4349
6794 1.6727
6795 5.2761
6796 0.9332
6797 1.1412
6798 1.4271
6799 48.4973
6800 7.7092
6801 4.6165
6802 1.9226
6803 2.1925
6804 20.0776
6805 0.5966
6806 1.7443
6807 8.0934
6808 0.2761
6809 2.0005
6810 0.3537
6811 2.6925
6812 1.0516
6813 14.3319
6814 19.4225
6815 13.9317
6816 13.1700
6817 2.5684
6818 0.7152
6819 14.0230
6820 3.5253
6821 13.6967
6822 0.5249
6823 2.6174
6824 3.2695
6825 6.1622
6826 3.3107
6827 3.8060
6828 14.8913
6829 3.6308
6830 13.6329
6831 5.3787
6832 1.6756
6833 2.1665
6834 25.8245
6835 6.6264
6836 9.9249
6837 43.0068
6838 25.1414
6839 7.7820
6840 1.6576
6841 7.9368
6842 15.9404
6843 0.4178
6844 4.1289
6845 3.4843
6846 7.4738
6847 1.8336
6848 3.8413
6849 0.9448
6850 29.5680
6851 19.3708
6852 7.8061
6853 9.4124
6854 5.2206
6855 3.8411
6856 8.0335
6857 8.4328
6858 3.6732
6859 12.5439
6860 7.1685
6861 3.3600
6862 16.8838
6863 21.1612
6864 5.7018
6865 6.2410
6866 3.1738
6867 15.1709
6868 0.7831
6869 4.9747
6870 9.3523
6871 8.7100
6872 13.1463
6873 7.0096
6874 0.2790
6875 0.8651
6876 10.7719
6877 5.3963
6878 7.0463
6879 3.8448
6880 1.9954
6881   NaN
6882 19.9274
6883 5.2454
6884 17.0469
6885 1.7788
6886 25.8590
6887 21.2921
6888 0.7532
6889 2.3399
6890 6.7582
6891 0.8298
6892 16.1903
6893 4.2508
6894 16.2961
6895 3.1094
6896 0.7572
6897 10.4955
6898 11.9435
6899 1.7601
6900 4.6821
6901 23.4646
6902 0.5994
6903 2.0048
6904 19.0693
6905 1.9838
6906 6.7647
6907 12.5772
6908 0.7085
6909 41.9429
6910 3.6259
6911 7.5458
6912 4.6834
6913 14.3380
6914 24.0519
6915 3.0503
6916 6.0852
6917 0.4436
6918 0.1391
6919 39.7283
6920 2.9479
6921 2.8810
6922 0.5341
6923 1.4668
6924 0.9230
6925 3.0372
6926 12.8084
6927 8.5717
6928 6.1472
6929 0.7674
6930 2.9972
6931 28.5607
6932 1.5566
6933 22.6028
6934 18.2951
6935 24.7899
6936 6.5071
6937 12.9771
6938 1.8642
6939 8.9984
6940 16.1396
6941 1.4928
6942 55.5577
6943 15.3962
6944 27.0963
6945 3.1090
6946 4.5263
6947 3.8554
6948 10.7465
6949 1.6692
6950 1.8100
6951 4.1899
6952 8.3397
6953 7.1697
6954 26.4553
6955 1.4261
6956 14.1511
6957 14.1726
6958 0.3721
6959 18.5924
6960 6.5871
6961 2.3253
6962 2.6476
6963 2.6922
6964 1.1121
6965 36.7679
6966 27.0499
6967 1.9206
6968 30.6057
6969 0.5459
6970 1.2635
6971 23.9795
6972 2.0686
6973 1.3001
6974 0.5690
6975 10.9083
6976   NaN
6977 4.9111
6978 6.0461
6979 8.1782
6980 1.3641
6981 17.4574
6982 3.5717
6983 6.0329
6984 25.5653
6985 6.5997
6986 2.8248
6987 1.7207
6988 5.8907
6989 0.8440
6990 20.9762
6991 2.9193
6992 17.6669
6993 48.6547
6994 4.2161
6995 3.4422
6996 0.7133
6997 27.6902
6998   NaN
6999 1.1971
7000 6.7365
7001 9.2414
7002 1.3864
7003 12.1247
7004 29.8793
7005 11.4853
7006 4.7215
7007 21.2975
7008 18.2931
7009 3.6918
7010 0.6920
7011 19.2291
7012 2.1882
7013 21.0729
7014 2.8425
7015 1.3896
7016 12.0549
7017 1.7603
7018 20.1565
7019 6.9517
7020 4.5545
7021 10.4239
7022 13.7790
7023 0.8322
7024 11.2554
7025 1.2371
7026 43.4638
7027 4.0420
7028 0.4703
7029 0.6157
7030 1.1047
7031 3.0687
7032 0.7646
7033 3.9453
7034 1.5083
7035 6.9210
7036 0.5566
7037 3.2749
7038 7.0993
7039 7.7218
7040 1.7551
7041 11.8921
7042 18.9069
7043 5.3294
7044 0.9116
7045 14.3330
7046 8.0680
7047 0.7231
7048 14.9144
7049 1.7125
7050 3.2654
7051 6.9134
7052 3.8027
7053 0.3678
7054 12.7364
7055 39.7366
7056 5.7524
7057 15.1668
7058 2.1434
7059 0.4908
7060 0.5676
7061 15.4176
7062 1.2047
7063 6.0312
7064 1.4877
7065 1.3377
7066 3.2366
7067 1.0883
7068 2.6566
7069 13.8260
7070 10.6224
7071 5.1839
7072 5.2120
7073 5.2241
7074 0.3826
7075 3.1401
7076 10.6050
7077 7.9993
7078 7.0073
7079 3.2636
7080 7.9235
7081 1.6870
7082 0.6443
7083 13.1888
7084 1.7235
7085 6.8116
7086 2.3246
7087 7.1740
7088 2.1973
7089 15.1055
7090 7.0431
7091 2.2997
7092 13.6167
7093 10.7862
7094 2.9051
7095 3.7099
7096 1.5589
7097 1.7923
7098 1.1759
7099 6.6922
7100 47.5050
7101 2.1813
7102 41.4485
7103 1.5348
7104 1.9517
7105 7.6074
7106 3.4440
7107 0.9102
7108 15.8789
7109 9.8835
7110   NaN
7111 3.7456
7112 4.7847
7113 19.9848
7114 28.2675
7115 34.5881
7116 2.6211
7117 27.3102
7118 0.4911
7119 7.0630
7120 4.5040
7121 53.5704
7122 1.3051
7123 0.8254
7124 1.4970
7125 3.8332
7126 15.0369
7127 1.9375
7128 1.1333
7129 0.4139
7130 20.6016
7131 1.3402
7132 12.2299
7133 1.5466
7134 3.1898
7135 0.4012
7136 6.7035
7137 3.7987
7138 10.4661
7139 10.0533
7140 0.5244
7141 2.1338
7142 4.7896
7143 15.5155
7144   NaN
7145 3.6602
7146 1.2464
7147 3.1070
7148 2.4335
7149 1.5269
7150 1.9773
7151 1.7866
7152 11.6906
7153 14.2432
7154 38.5375
7155 25.9941
7156 0.3390
7157 4.9369
7158 1.3000
7159 21.3135
7160 11.5617
7161 1.5206
7162 0.8076
7163 3.7987
7164 4.4838
7165 22.2185
7166 8.8694
7167 26.4102
7168 1.6304
7169 16.3044
7170 4.4352
7171 1.0944
7172 15.2365
7173 2.2936
7174 2.2599
7175 2.6295
7176 3.7658
7177 0.4139
7178 0.4752
7179 10.6781
7180 41.4852
7181 22.5789
7182 14.1409
7183 1.5184
7184 0.8816
7185 7.5102
7186 0.7910
7187 0.8866
7188 3.2691
7189 7.9324
7190 11.2906
7191 2.7771
7192 0.6138
7193 4.5698
7194 1.8002
7195 0.9214
7196 2.1314
7197 13.2485
7198 17.1286
7199 5.1561
7200 3.0591
7201 21.5171
7202 22.4443
7203 10.9556
7204 0.9336
7205 0.4691
7206 3.2716
7207 1.2130
7208 1.2250
7209 9.2691
7210 2.3053
7211 2.4424
7212 45.7879
7213 13.0505
7214 1.4690
7215 2.6956
7216 8.2364
7217 8.5706
7218 17.7505
7219 3.0057
7220 1.2752
7221 40.9771
7222 5.1187
7223 1.4883
7224 0.8186
7225 0.6031
7226 8.4808
7227 0.8720
7228 6.7318
7229 5.7449
7230 22.3943
7231 3.1082
7232 6.3256
7233 4.6351
7234 16.0671
7235 13.9586
7236 22.7899
7237 0.5955
7238 3.0655
7239 2.3101
7240 6.2214
7241 32.2235
7242 2.6186
7243 5.2014
7244 8.0383
7245 2.2663
7246 5.3029
7247 40.5221
7248 45.1388
7249 0.8100
7250 30.1493
7251 8.7308
7252 5.1874
7253 15.9656
7254 46.3683
7255 2.7648
7256 1.6426
7257 3.9778
7258 1.8996
7259 2.6997
7260 2.0194
7261 15.1362
7262 42.2976
7263 0.6904
7264 1.0546
7265 41.5442
7266 3.3100
7267 35.0470
7268 0.4374
7269 0.9031
7270 0.5049
7271 28.1772
7272 1.7658
7273 11.1251
7274 13.8101
7275 4.8341
7276 4.9014
7277 0.8196
7278 24.3796
7279 2.0125
7280 1.6059
7281 6.7848
7282 1.1838
7283 3.3109
7284 22.7772
7285 20.1028
7286 6.1096
7287 8.3930
7288 2.3857
7289 1.3035
7290 39.8417
7291 5.5973
7292 1.2182
7293 10.3747
7294 2.5206
7295 7.4459
7296 0.4561
7297 15.2904
7298 7.7879
7299 10.7152
7300 24.9634
7301 6.7884
7302 15.2347
7303 36.9575
7304 7.7195
7305 6.3455
7306 11.2093
7307 23.2099
7308 9.7453
7309 1.8334
7310 10.5956
7311 17.8695
7312 21.9559
7313 0.3055
7314 15.5307
7315 0.2921
7316 0.8016
7317 7.1154
7318 4.5324
7319 1.9142
7320 7.6546
7321 12.2964
7322 0.8852
7323 2.6608
7324 6.5554
7325 12.4465
7326 1.1343
7327 0.9742
7328 0.8375
7329 2.2061
7330 0.6370
7331 1.1131
7332 3.2601
7333 14.8502
7334 1.0840
7335 14.5315
7336 8.1213
7337 2.1681
7338 18.3299
7339 1.6206
7340 1.3667
7341 0.2414
7342 5.1286
7343 0.5666
7344 2.0905
7345 1.9339
7346 0.4394
7347 20.3117
7348 18.1436
7349 41.4936
7350 27.0385
7351 1.1035
7352 2.4697
7353 8.2079
7354 24.8404
7355 1.5019
7356 30.0446
7357 3.2906
7358 17.9629
7359 1.7865
7360 41.1952
7361 1.9034
7362 20.3180
7363 0.7988
7364 1.6706
7365 5.2152
7366 5.6511
7367 19.6630
7368 0.5740
7369 0.8082
7370 1.4453
7371 0.4828
7372 21.5005
7373 11.7029
7374 0.4169
7375 0.3874
7376 7.8349
7377 30.5548
7378 4.1996
7379 13.0463
7380 13.1475
7381 34.7042
7382 40.9398
7383 0.1978
7384 0.3265
7385 0.9416
7386 21.7166
7387 12.7770
7388 3.2279
7389 46.2406
7390 2.1561
7391 7.3464
7392 3.3138
7393 2.2172
7394 9.8087
7395 0.3560
7396 0.7787
7397 0.3736
7398 14.5655
7399 4.1142
7400 18.0195
7401 3.5278
7402 17.0159
7403 0.9226
7404   NaN
7405 22.3679
7406 1.2930
7407 55.5113
7408 8.1057
7409 2.3608
7410 1.7391
7411 6.3541
7412 4.3211
7413 0.9672
7414 5.8083
7415 2.8558
7416 2.9220
7417 1.8007
7418 16.7506
7419 2.8422
7420 0.8804
7421 1.3119
7422 20.2628
7423 8.1887
7424 26.8332
7425 2.2901
7426 1.7986
7427 0.4070
7428 0.3129
7429 0.9489
7430 17.3133
7431 14.9336
7432 8.5721
7433 10.0842
7434 3.5781
7435 9.9955
7436 35.4517
7437 5.0797
7438 3.7520
7439 7.7855
7440 8.1670
7441 3.0232
7442 9.9007
7443 1.7968
7444 15.4218
7445 4.0030
7446 3.1608
7447 2.8522
7448 0.8386
7449 14.2839
7450 1.1110
7451 1.3196
7452 5.3271
7453 12.9613
7454 1.0510
7455 5.5244
7456 4.2974
7457 16.7629
7458 38.7032
7459 6.1878
7460 18.3880
7461 7.7675
7462 1.7202
7463 19.6502
7464 1.9209
7465 26.8920
7466 8.8441
7467 0.8122
7468 3.4606
7469 2.1098
7470 17.6528
7471 7.1231
7472 2.0317
7473 6.9825
7474 0.8319
7475 0.4014
7476 11.2223
7477 4.4499
7478 0.2932
7479 1.6135
7480 5.8632
7481 1.2101
7482 1.4319
7483 7.1583
7484 46.8843
7485 1.0956
7486 29.7069
7487 8.8719
7488 3.1600
7489 21.0726
7490 6.3756
7491 3.5219
7492 2.2293
7493 1.8254
7494 16.6969
7495 16.1664
7496 3.3865
7497 3.9031
7498 3.1103
7499 5.6343
7500 0.4880
