5001 0.6309
5002 0.9686
5003 0.2279
5004 0.7724
5005 4.1386
5006 2.2359
5007 1.6526
5008 0.6761
5009 2.3288
5010 0.9815
5011 1.1801
5012 0.7158
5013 0.9472
5014 1.3024
5015 6.5583
5016 0.6255
5017 2.1662
5018 0.4404
5019 0.6607
5020 0.2833
5021 4.8354
5022 2.3365
5023 2.0957
5024 20.8296
5025 0.5671
5026 0.9125
5027 1.1184
5028 0.9667
5029 1.0041
5030 0.4906
5031 1.7337
5032 1.0591
5033 0.6028
5034 0.4056
5035 1.5988
5036 0.3601
5037 2.2875
5038 5.0169
5039 6.4250
5040 0.3020
5041 0.6122
5042 1.7142
5043 29.5646
5044 2.4079
5045 2.7725
5046 2.8691
5047 7.5021
5048 0.5727
5049 1.7316
5050 11.3241
5051 0.8657
5052 1.1425
5053 0.6899
5054 0.4985
5055 0.4780
5056 0.4828
5057 3.1117
5058 2.5238
5059 0.8236
5060 2.5676
5061 3.6053
5062 39.7026
5063 2.1795
5064 1.1603
5065 0.5158
5066 1.6569
5067 2.0383
5068 1.0091
5069 0.6042
5070 3.4486
5071 0.4717
5072 0.3657
5073 1.0653
5074 0.8756
5075 0.9322
5076 2.4600
5077 2.4989
5078 5.1382
5079 2.0427
5080 3.2807
5081 6.6730
5082 3.2221
5083 1.0773
5084 1.4191
5085 0.3491
5086 2.8479
5087 4.0164
5088 3.9419
5089 0.5183
5090 1.3571
5091 0.7397
5092 0.3662
5093 4.6106
5094 1.3022
5095 0.5133
5096 3.0910
5097 16.6088
5098 2.8302
5099 3.3859
5100 0.3544
5101 15.4382
5102 0.2506
5103 1.3404
5104 11.2241
5105 2.4251
5106 1.4884
5107 0.9038
5108 0.3921
5109 3.6106
5110 2.7141
5111 0.7473
5112 0.4355
5113 4.7153
5114 0.9363
5115 1.3447
5116 1.0854
5117 2.3339
5118 0.5105
5119 4.7737
5120 1.5707
5121 0.2303
5122 0.5783
5123 0.1285
5124 1.2345
5125 0.2445
5126 4.7596
5127 0.3337
5128 0.7917
5129 1.8651
5130 1.6635
5131 0.5446
5132 0.8353
5133 0.3353
5134 1.8991
5135 1.5177
5136 2.0750
5137 0.5913
5138 1.2370
5139 0.2912
5140 0.5662
5141 0.8199
5142 3.2148
5143 0.5650
5144 2.8868
5145 1.2186
5146 3.7434
5147 6.8109
5148 21.9061
5149 0.7756
5150 0.9611
5151 0.6292
5152 1.1961
5153 1.1641
5154 0.3999
5155 3.9737
5156 3.9117
5157 3.6107
5158 0.9417
5159 1.4704
5160 0.6718
5161 0.4505
5162 11.0600
5163 0.4737
5164 0.5656
5165 0.1307
5166 0.0973
5167 5.2183
5168 7.3511
5169 0.4605
5170 1.3307
5171 1.6476
5172 1.3036
5173 11.7212
5174 0.8689
5175 3.7721
5176 1.6340
5177 0.7808
5178 0.3033
5179 1.2520
5180 0.7864
5181 2.4946
5182 4.7759
5183 6.4256
5184 0.3368
5185 0.7450
5186 7.1391
5187 0.5024
5188 2.7716
5189 2.5268
5190 2.4785
5191 1.1470
5192 4.9240
5193 1.3631
5194 1.3258
5195 1.8614
5196 3.1358
5197 1.4856
5198 8.2237
5199 2.0502
5200 0.4268
5201 0.3166
5202 0.7163
5203 0.9151
5204 0.4585
5205 0.3706
5206 1.0976
5207 0.1074
5208 2.2480
5209 0.1277
5210 0.8577
5211 1.7835
5212 1.9796
5213 0.4121
5214 9.8035
5215 0.6096
5216 13.5016
5217 2.6178
5218 1.8318
5219 0.4848
5220 39.3242
5221 0.8707
5222 6.0229
5223 1.7364
5224 9.0532
5225 1.0060
5226 0.1294
5227 1.6037
5228 6.1373
5229 4.5273
5230 1.3323
5231 2.0167
5232 3.4763
5233 5.9272
5234 0.3028
5235 0.4138
5236 0.3435
5237 4.0184
5238 4.8968
5239 2.8803
5240 1.5469
5241 1.6639
5242 1.2097
5243 16.0499
5244 0.1702
5245 15.0956
5246 0.9524
5247 0.6482
5248 1.0704
5249 3.1037
5250 0.5220
5251 2.0733
5252 0.4754
5253 0.8146
5254 2.2743
5255 0.6035
5256 0.5307
5257 0.7698
5258 0.3569
5259 4.0644
5260 0.8360
5261 0.8441
5262 1.5479
5263 4.0073
5264 5.8171
5265 1.2119
5266 0.8106
5267 3.0084
5268 0.2635
5269 1.7169
5270 1.0287
5271 5.5889
5272 26.7858
5273 3.0373
5274 3.8582
5275 4.2433
5276 7.7375
5277 23.5953
5278 1.3435
5279 0.1908
5280 2.3371
5281 0.2156
5282 1.8933
5283 3.3075
5284 0.9434
5285 0.8135
5286 1.5054
5287 6.4756
5288 0.6644
5289 5.3651
5290 1.9305
5291 3.2069
5292 4.2113
5293 0.4788
5294 5.1155
5295 1.5197
5296 0.3381
5297 1.2204
5298 1.7907
5299 3.4958
5300 10.3802
5301 0.1508
5302 4.2106
5303 2.8431
5304 1.3187
5305   NaN
5306 0.1546
5307 11.7084
5308 0.7605
5309 1.0700
5310 4.7087
5311 0.5565
5312 10.3232
5313 2.4070
5314 4.7587
5315 1.9438
5316 1.1530
5317 0.6613
5318 4.7747
5319 15.7907
5320 1.6770
5321 4.4044
5322 4.4306
5323 1.2902
5324 0.3809
5325 8.6785
5326 3.5807
5327 0.4285
5328 2.1038
5329 1.1887
5330 0.6781
5331 3.3834
5332 4.0702
5333 1.4680
5334 25.2383
5335 0.5113
5336 0.8977
5337 1.3375
5338 0.7708
5339 0.6901
5340 1.5110
5341 2.4360
5342 1.6653
5343 0.1996
5344 2.4555
5345 0.9440
5346 0.2848
5347 0.5323
5348 0.6580
5349 0.8765
5350 4.5070
5351 5.3388
5352 0.2518
5353 5.6716
5354 3.8806
5355 4.6996
5356 2.7318
5357 6.4945
5358 3.4857
5359 0.9710
5360 1.2556
5361 1.9784
5362 0.5937
5363 0.2224
5364 1.4751
5365 1.0075
5366 4.0056
5367 0.5916
5368 1.8371
5369 2.3712
5370 0.6590
5371 9.7084
5372 2.9187
5373 2.9097
5374 0.2521
5375 0.5245
5376 0.3480
5377 0.4709
5378 0.9501
5379 21.2802
5380 0.6585
5381 1.1966
5382 18.6123
5383 2.3338
5384 16.6352
5385 0.5905
5386 1.9735
5387 0.3613
5388 2.5732
5389 1.5927
5390 2.1138
5391 2.5476
5392 0.9417
5393 0.2495
5394 13.1031
5395 1.4784
5396 1.0155
5397 1.4612
5398 1.8672
5399 0.4016
5400 4.3611
5401 2.0503
5402 0.6942
5403 0.8638
5404 0.3740
5405 2.6462
5406 2.1072
5407 0.3246
5408 0.7044
5409 2.2726
5410 18.7150
5411 4.6829
5412   NaN
5413 32.8651
5414 0.8820
5415 3.0969
5416 8.9049
5417 14.7984
5418 1.2564
5419 0.4136
5420 0.5958
5421 1.6951
5422 2.4013
5423 0.4872
5424 1.3228
5425 1.2947
5426 1.5484
5427 0.6954
5428 0.2060
5429 1.3648
5430 3.9012
5431 0.5423
5432 0.1994
5433 4.4407
5434 3.2807
5435 1.7943
5436 0.6341
5437 11.9135
5438 1.8323
5439 1.0302
5440 0.7083
5441 1.0066
5442 1.9590
5443 0.3773
5444 0.9408
5445 0.9618
5446 6.3511
5447 0.7353
5448 1.8366
5449 6.4994
5450 10.7143
5451 2.1212
5452 1.3677
5453 3.6012
5454 2.9753
5455 0.1747
5456 1.3909
5457 2.2157
5458 1.4134
5459 0.8606
5460 3.9441
5461 0.4710
5462 1.7687
5463 0.7702
5464 0.6801
5465 0.9643
5466 0.2371
5467 2.7990
5468 8.3576
5469 1.8169
5470 4.1037
5471 1.7529
5472 0.4143
5473 2.7356
5474 1.1420
5475 1.6244
5476 0.6392
5477 0.1304
5478 13.3979
5479 0.3397
5480 32.1428
5481 0.7504
5482 1.0017
5483 2.8996
5484 12.5940
5485 11.8799
5486 2.4812
5487 0.7304
5488 0.8398
5489 2.8584
5490 0.8499
5491 0.2959
5492 1.8992
5493 0.2230
5494 1.5485
5495 0.7750
5496 1.6196
5497 2.8752
5498 0.5703
5499 5.4143
5500 7.0412
5501 1.4023
5502 0.4463
5503 15.6627
5504 0.4648
5505 0.5357
5506 3.2157
5507 2.2181
5508 2.6176
5509 1.1802
5510 21.3050
5511 7.6437
5512 1.4929
5513 1.2346
5514 13.5592
5515 3.7132
5516 0.2071
5517 4.2337
5518 0.6317
5519 1.1378
5520 1.5301
5521 0.4379
5522 1.7814
5523 1.1701
5524 0.8946
5525 2.5159
5526 2.2594
5527 1.8411
5528 1.4191
5529 2.5854
5530 0.3266
5531 0.3417
5532 1.1373
5533 0.9085
5534 2.1745
5535 3.4943
5536 0.3922
5537 2.3372
5538 0.9613
5539 24.8894
5540 0.5883
5541 1.0445
5542 0.3702
5543 0.7548
5544 0.3751
5545 0.9572
5546 2.3216
5547 2.0077
5548 0.2945
5549 1.5749
5550 3.2275
5551 1.1099
5552 0.6546
5553 0.1082
5554 0.2734
5555 1.8846
5556 7.0951
5557 2.7675
5558 0.3811
5559 6.0642
5560 0.5091
5561 3.8114
5562 0.5053
5563 0.3532
5564 3.1553
5565 0.1350
5566 0.1214
5567 8.9223
5568 2.4817
5569 2.0162
5570 0.1014
5571 0.0969
5572 2.1040
5573 2.5600
5574 1.1360
5575 0.5519
5576 0.8936
5577 0.3186
5578 0.6844
5579 0.4280
5580 2.6587
5581 0.8725
5582 0.8806
5583 1.8644
5584 1.1371
5585 20.2147
5586 16.4852
5587 1.4275
5588 6.1356
5589 14.6430
5590 0.2249
5591 0.8218
5592 0.4752
5593 0.3592
5594 0.9743
5595 0.7854
5596 2.6076
5597 2.2420
5598 0.2797
5599 1.2615
5600 1.5250
5601 0.7995
5602 2.9598
5603 1.1893
5604 3.2281
5605 2.5370
5606 0.8263
5607 0.9996
5608 6.6242
5609 0.1189
5610 1.0310
5611 2.6814
5612 21.6825
5613 1.9100
5614 0.8949
5615 3.3003
5616 30.1371
5617 11.4111
5618 0.4257
5619 2.7062
5620 0.5224
5621 0.8015
5622 0.3113
5623 2.9114
5624 1.3698
5625 0.3304
5626 0.4782
5627 0.9108
5628 0.8847
5629 2.1133
5630 1.2737
5631 5.7204
5632 2.1716
5633 0.2013
5634 1.8247
5635 16.3079
5636 1.9525
5637 1.5841
5638 1.3235
5639 1.3251
5640 0.2675
5641 3.9002
5642 1.7126
5643 1.2459
5644 1.4302
5645 1.4630
5646 0.3900
5647 0.8300
5648 0.5184
5649 0.6022
5650 0.1413
5651 2.2929
5652 0.4245
5653 1.7065
5654 0.8580
5655 0.4362
5656 11.5874
5657 0.2473
5658 0.1663
5659 24.3059
5660 18.0825
5661 4.4839
5662 0.7830
5663 8.3101
5664 0.1807
5665 2.0821
5666 0.8450
5667 0.5798
5668 1.4478
5669 3.5148
5670 49.2057
5671 1.3972
5672 2.0897
5673 0.4906
5674 1.5959
5675 0.4371
5676 1.8527
5677 3.9456
5678 1.8985
5679 7.6716
5680 0.1839
5681 0.7948
5682 2.4614
5683 0.2897
5684 2.0823
5685 3.1002
5686 22.5542
5687 2.0536
5688 0.6108
5689 0.3006
5690 0.6618
5691 1.0061
5692 9.5116
5693 6.8580
5694 1.2022
5695 11.9256
5696 3.3837
5697 3.4597
5698 1.1757
5699 10.1731
5700 6.8171
5701 0.1075
5702 5.4675
5703 3.3859
5704 8.7365
5705 2.2445
5706 1.2179
5707 2.0321
5708 6.4145
5709 1.3044
5710 5.2185
5711 0.8375
5712 1.4990
5713 0.6252
5714 3.0654
5715 2.1047
5716 0.9022
5717 6.4823
5718 1.5794
5719 1.4602
5720 1.8146
5721 0.8153
5722 1.4889
5723 0.8094
5724 1.1531
5725 50.0091
5726 2.1599
5727 5.6132
5728 0.6525
5729 6.1315
5730 3.3997
5731 0.2297
5732 1.8747
5733 0.5713
5734 4.2329
5735 2.6537
5736 0.7775
5737 6.7676
5738   NaN
5739 1.2175
5740 0.7153
5741 4.3173
5742 0.5035
5743 7.6457
5744 0.6796
5745 0.7486
5746 2.2735
5747 1.6079
5748 1.7239
5749 4.1096
5750 3.8749
5751 1.0957
5752 0.6858
5753 0.7239
5754 0.2022
5755 0.3856
5756 0.7681
5757 0.5049
5758 5.2031
5759 2.9588
5760 1.4039
5761 3.1402
5762 0.6298
5763 0.4095
5764 2.6456
5765 4.2103
5766 1.0803
5767 7.6251
5768 0.7685
5769 0.5395
5770 2.9642
5771 0.3792
5772 7.6444
5773 0.2950
5774 14.7748
5775 0.5899
5776 2.9103
5777 1.4214
5778 1.3673
5779 0.3130
5780 0.3417
5781 1.1404
5782 17.5407
5783 2.7386
5784 1.0848
5785 2.6337
5786 2.1923
5787 0.7864
5788 3.5230
5789 2.1061
5790 1.4149
5791 0.6271
5792 1.1548
5793 3.0434
5794 1.5727
5795 3.2791
5796 0.6201
5797 7.6478
5798 0.3849
5799 1.5303
5800 1.3136
5801 1.5046
5802 3.8667
5803 1.8688
5804 0.6894
5805 2.7559
5806 2.3102
5807 0.7984
5808 1.9059
5809 3.1159
5810 0.6704
5811 1.7158
5812 1.2797
5813 0.4200
5814 1.0029
5815 0.3555
5816 0.6262
5817 1.4882
5818 0.1586
5819 10.6764
5820 0.4937
5821 4.2683
5822 1.5073
5823 4.5640
5824 0.5423
5825 7.0080
5826 1.7490
5827 5.2970
5828 16.8966
5829 0.2904
5830 2.3172
5831 15.6919
5832 1.5898
5833 0.6692
5834 0.3783
5835 0.5678
5836 0.4529
5837 9.4506
5838 2.0149
5839 0.9688
5840 1.9247
5841 8.6728
5842 0.9514
5843 8.3463
5844 1.3846
5845 1.2402
5846 4.4019
5847 6.9786
5848 3.5484
5849 2.5207
5850 4.7438
5851 0.3242
5852 0.3960
5853 0.4056
5854 1.9873
5855 20.9429
5856 0.9741
5857 1.7452
5858 0.3515
5859 2.1688
5860 0.8140
5861 0.6311
5862 0.7715
5863 1.1743
5864 1.6399
5865 2.1146
5866 7.6385
5867 2.4898
5868 1.4206
5869 2.2379
5870 1.5831
5871 9.7709
5872 8.6968
5873 0.4599
5874 0.4365
5875 4.0170
5876 0.1337
5877 2.7833
5878 4.1988
5879 2.4822
5880 0.9754
5881 0.6597
5882 2.9088
5883 0.5500
5884 0.9792
5885 1.2980
5886 4.4258
5887 3.4928
5888 2.4662
5889 1.1592
5890 2.1135
5891 1.0491
5892 5.1636
5893 0.9355
5894 0.5530
5895 1.4954
5896 4.0866
5897 3.0198
5898 0.4158
5899 1.1036
5900 3.1324
5901 0.6648
5902 3.0901
5903 0.1140
5904 1.9782
5905 0.4690
5906 0.5147
5907 1.2332
5908 3.9635
5909 0.3041
5910 4.0404
5911 21.9885
5912 1.4541
5913 4.0614
5914 0.5646
5915 3.5254
5916 0.8770
5917 0.3481
5918 0.9346
5919 0.5530
5920 0.3000
5921 5.2037
5922 1.3380
5923 2.0124
5924 5.9632
5925 2.0053
5926 4.8252
5927 0.7280
5928 1.4835
5929 1.8522
5930 1.3086
5931 0.8979
5932 3.0125
5933 6.5433
5934 0.9269
5935 3.3456
5936 8.6933
5937 0.5014
5938 0.2555
5939 3.6331
5940 1.4539
5941 0.5745
5942 5.7279
5943 1.2504
5944 1.3348
5945 0.8980
5946 2.0171
5947 2.4491
5948 1.4751
5949 0.6103
5950 0.2210
5951 1.1175
5952 0.2932
5953 0.7105
5954 0.5552
5955 2.0348
5956 20.5622
5957 0.3731
5958 2.3710
5959 1.8653
5960 3.0381
5961 1.8371
5962 0.6274
5963 3.5410
5964 0.3560
5965 0.5184
5966 2.7765
5967 1.6759
5968 22.4408
5969 2.7203
5970 9.6361
5971 6.0443
5972 8.3571
5973 2.4021
5974 6.9381
5975 0.3452
5976 2.7015
5977 3.6287
5978 0.4677
5979 30.9470
5980 12.0048
5981 0.2864
5982 0.3298
5983 0.9612
5984 3.1910
5985 0.5767
5986 5.1253
5987 10.1325
5988 0.4509
5989 0.5028
5990 0.6793
5991 0.2192
5992 1.1188
5993 1.7340
5994 0.9638
5995 0.3148
5996 0.8034
5997 3.7229
5998 1.8734
5999 0.7306
6000 1.6253
6001 3.1142
6002 1.4083
6003 0.7479
6004 0.4279
6005 10.5565
6006 3.6094
6007 0.4777
6008 1.0500
6009 3.0109
6010 2.1496
6011 2.6760
6012 2.9162
6013 0.6705
6014 0.6714
6015 0.5784
6016 0.0906
6017 6.6310
6018 0.4712
6019 0.1446
6020 0.9818
6021 1.9460
6022 0.8681
6023 0.9593
6024 0.5352
6025 1.6868
6026 1.1438
6027 7.7336
6028 0.3959
6029 0.8262
6030 0.8957
6031 0.1908
6032 1.2075
6033 0.3272
6034 1.9497
6035 2.3546
6036 1.4567
6037 0.8647
6038 5.4610
6039 9.6964
6040 0.4318
6041 2.7432
6042 2.7124
6043 23.0102
6044 1.4462
6045 2.2660
6046 0.9227
6047 0.9475
6048 4.4807
6049 0.7463
6050 0.6813
6051 1.0768
6052 1.0358
6053 4.2478
6054 1.1191
6055 0.0908
6056 3.9236
6057 3.1305
6058 6.1989
6059 8.6449
6060 6.0465
6061 3.8783
6062 0.4613
6063 0.1684
6064 1.6144
6065 1.2169
6066 0.4468
6067 0.8595
6068 0.8518
6069 0.6414
6070 0.2403
6071 32.8897
6072 2.6859
6073 0.7168
6074 3.4655
6075 1.1857
6076 5.1513
6077 7.7070
6078 0.4269
6079 7.8613
6080 0.1720
6081 1.8042
6082 2.5250
6083 1.2956
6084 0.9561
6085 7.3909
6086 4.2748
6087 2.1088
6088 1.2952
6089 18.7281
6090 0.3847
6091 1.1181
6092 2.6555
6093 0.7091
6094 3.2232
6095 0.4715
6096 2.6115
6097 0.5429
6098 2.0548
6099 2.1399
6100 9.0786
6101 0.2667
6102 1.6070
6103 0.2363
6104 1.5004
6105 3.2235
6106 2.7997
6107 1.9455
6108 4.0988
6109 1.6151
6110 2.5497
6111 0.9742
6112 18.9256
6113 15.4672
6114 0.2831
6115 1.2402
6116 4.2412
6117 0.9981
6118 1.3970
6119 0.2956
6120 0.2346
6121 7.8542
6122 0.5905
6123 10.0247
6124 2.8820
6125 0.4029
6126 1.5725
6127 2.6799
6128 0.2875
6129 3.2488
6130 0.6062
6131 5.0078
6132 4.0484
6133 0.5140
6134 1.2851
6135 2.0388
6136 1.8629
6137 0.8650
6138 7.2425
6139 0.4372
6140 2.4492
6141 0.3528
6142 0.3603
6143 0.7873
6144 3.5318
6145 1.5472
6146 5.1631
6147 7.5092
6148 1.6375
6149 0.1696
6150 0.9596
6151 5.3721
6152 0.7748
6153 6.3126
6154 1.4405
6155 10.4468
6156 4.1792
6157 15.7074
6158 6.4450
6159 2.4985
6160 1.0680
6161 1.6574
6162 0.6959
6163 0.9946
6164 1.3481
6165 0.2006
6166 0.5196
6167 0.4470
6168 0.6777
6169 2.5390
6170 2.2194
6171 1.4106
6172 2.8413
6173 1.2467
6174 0.5769
6175 0.4505
6176 4.4800
6177 0.5680
6178 0.9548
6179 1.1504
6180 0.4881
6181 1.0073
6182 17.7280
6183 0.2433
6184 1.1408
6185 1.5873
6186 0.2490
6187 0.3715
6188 6.5612
6189 1.5282
6190 0.6829
6191 0.6265
6192 0.4465
6193 2.8143
6194 2.0400
6195 1.2700
6196 8.4926
6197 0.4510
6198 0.6595
6199 0.9914
6200 5.5180
6201 0.4617
6202 0.5218
6203 1.1001
6204 0.4304
6205 0.3344
6206 5.1132
6207 1.7638
6208 0.9484
6209 1.1150
6210 1.8920
6211 7.0704
6212 1.0227
6213 3.8563
6214 1.5801
6215 0.3975
6216 1.2782
6217 3.7922
6218 3.2541
6219 0.3348
6220 6.4238
6221 0.5843
6222 4.3494
6223 0.8921
6224 3.3634
6225 0.6711
6226 0.5613
6227 1.1324
6228 6.7661
6229 0.3143
6230 0.3071
6231 2.2352
6232 0.7610
6233 1.1348
6234 0.3910
6235 10.0775
6236 1.1085
6237 3.5866
6238 1.4175
6239 1.3485
6240 1.6435
6241 0.3464
6242 0.5717
6243 1.1197
6244 0.6276
6245 0.2816
6246 12.1678
6247 0.4792
6248 0.9220
6249 2.2333
6250 0.4724
6251 1.6941
6252 2.4895
6253 0.2143
6254 0.5022
6255 0.2724
6256 4.9034
6257 2.0939
6258 0.6495
6259 0.9443
6260 1.2692
6261 0.2693
6262 2.1185
6263 0.4597
6264 12.3681
6265 0.5211
6266 9.9511
6267 0.1219
6268 0.3661
6269 1.0229
6270 0.6261
6271 1.3575
6272 1.3610
6273 1.4269
6274 6.6693
6275 6.2793
6276 0.2915
6277 0.6741
6278 1.1986
6279 0.3468
6280 2.5392
6281 1.8329
6282 1.2759
6283 1.4129
6284 1.3854
6285 1.5407
6286 19.5994
6287 0.5158
6288 0.3610
6289 0.5102
6290 3.2716
6291 0.8192
6292 0.1737
6293 0.1980
6294 0.1649
6295 13.0294
6296 14.7855
6297 0.5360
6298 0.2339
6299 0.1948
6300 3.3687
6301 0.8219
6302 0.9141
6303 3.0274
6304 0.9227
6305 1.2431
6306 1.8878
6307 2.1027
6308 1.6722
6309 2.0905
6310 2.0392
6311 3.3026
6312 3.3677
6313 1.9609
6314 0.9818
6315 0.3917
6316 0.4532
6317 1.3598
6318 2.5740
6319 0.3998
6320 22.3478
6321 2.7491
6322 0.3750
6323 7.5310
6324 1.8123
6325 2.2390
6326 0.9499
6327 29.2965
6328 16.8844
6329 0.9928
6330 0.4061
6331 0.8211
6332 0.8374
6333 0.7920
6334 0.5679
6335 0.6288
6336 1.0709
6337 0.4914
6338 1.1653
6339   NaN
6340 1.3302
6341 4.1606
6342 0.5893
6343 1.2498
6344 0.8340
6345 1.6346
6346 1.4072
6347 0.5909
6348 0.5592
6349 2.7056
6350 0.7096
6351 2.7413
6352 0.6794
6353 1.1746
6354 0.5188
6355 1.9043
6356 1.6296
6357 12.7711
6358 1.5857
6359 0.5836
6360 20.2604
6361 8.4145
6362 1.1122
6363 5.8702
6364 0.6308
6365 0.3930
6366 1.1426
6367 0.3233
6368 14.4896
6369 3.6249
6370 2.4274
6371 1.7272
6372 0.9404
6373 17.0526
6374 3.2437
6375 0.3629
6376 2.5441
6377 1.1509
6378 2.4955
6379 1.1807
6380 2.5232
6381 0.6886
6382 3.2842
6383 1.3213
6384 1.7749
6385 1.4164
6386 2.2238
6387 0.9820
6388 19.3804
6389 10.7854
6390 1.3568
6391 3.4980
6392 0.2806
6393 0.5816
6394 0.4630
6395 2.2456
6396 2.8177
6397 0.5420
6398 0.5147
6399 0.4030
6400 0.4718
6401 0.8780
6402 0.5116
6403 1.4261
6404 2.1836
6405 1.2912
6406 1.5237
6407 0.8276
6408 1.4545
6409 0.5856
6410 0.6329
6411 0.5209
6412 1.3319
6413 1.7309
6414 0.4488
6415 0.1518
6416 1.7589
6417 27.6594
6418 2.4964
6419 7.3555
6420   NaN
6421 9.4506
6422 2.3188
6423 1.0429
6424 0.5638
6425 5.0366
6426 1.3915
6427 1.4526
6428 1.2389
6429 3.6331
6430 0.3114
6431 0.1549
6432 21.5746
6433 2.3565
6434 1.2184
6435 0.7920
6436 1.3369
6437 0.2956
6438 1.3366
6439 1.5400
6440 1.8782
6441 22.7848
6442 3.3919
6443 0.4208
6444 2.4465
6445 10.4853
6446 2.1613
6447 6.3824
6448 2.4830
6449 0.7328
6450 1.3755
6451 0.3672
6452 0.3538
6453 0.7052
6454 0.3231
6455 3.7318
6456 1.1314
6457 1.3024
6458 0.1728
6459 0.4183
6460 2.0454
6461 0.8767
6462 15.9005
6463 0.1554
6464 0.4801
6465 0.4872
6466 2.0910
6467 1.0324
6468 0.8059
6469 12.2670
6470 0.6755
6471 0.9984
6472 0.9372
6473 0.5383
6474 6.8630
6475 3.1462
6476 0.7376
6477 0.8449
6478 2.3002
6479 6.9522
6480 3.6588
6481 2.0868
6482 0.7322
6483 0.5209
6484 4.2482
6485 1.1136
6486 0.3467
6487 2.1123
6488 5.5427
6489 2.2538
6490 0.3823
6491 12.4628
6492 0.6812
6493 0.9846
6494 1.7625
6495 5.8979
6496 0.8837
6497 0.1271
6498 1.1981
6499 0.5679
6500 0.8108
6501 0.2566
6502 6.6327
6503 1.0131
6504 1.2043
6505 0.2834
6506 0.1463
6507 1.7131
6508 1.0168
6509 3.0330
6510 0.6308
6511 15.5338
6512 1.1961
6513 1.1415
6514 6.5449
6515 1.1429
6516 1.0017
6517 3.9829
6518 1.5103
6519 1.2884
6520 0.3735
6521 5.7952
6522 6.6133
6523 4.1519
6524 2.4309
6525 0.6979
6526 3.0601
6527 0.7117
6528 0.9742
6529   NaN
6530 0.5531
6531 0.3672
6532 10.6904
6533 2.5625
6534 2.9928
6535 1.0939
6536 4.4997
6537 5.3365
6538 0.2130
6539 0.3449
6540 15.1828
6541 2.1970
6542 7.4357
6543 3.5452
6544 0.4991
6545 1.8640
6546 1.9098
6547 2.0828
6548 1.4627
6549 1.0196
6550 1.0826
6551 1.5664
6552 1.5027
6553 1.7050
6554 0.6789
6555 0.9761
6556 3.6445
6557 0.4486
6558 3.5240
6559 0.5841
6560 3.7954
6561 0.4330
6562 1.5557
6563 0.8770
6564 0.8395
6565 1.1370
6566 2.6189
6567 8.2461
6568 20.1519
6569 0.8229
6570 0.5666
6571 2.0672
6572 0.9058
6573 1.4944
6574 0.4422
6575 1.3994
6576 3.3145
6577 0.9200
6578 0.3867
6579 1.5418
6580 1.8445
6581 0.8520
6582 0.6364
6583 3.9126
6584 2.5193
6585 2.6468
6586 0.8270
6587 0.7620
6588 1.2495
6589 0.4268
6590 1.7601
6591 6.1632
6592 2.2362
6593 4.4253
6594 0.3986
6595 8.6890
6596 0.4881
6597 0.5848
6598 1.3156
6599 6.1106
6600 21.4989
6601 0.3535
6602 0.3102
6603 0.6802
6604 0.8968
6605 0.1505
6606 0.1537
6607 0.4329
6608 0.5549
6609 3.5194
6610 13.1073
6611 0.5222
6612 16.3593
6613 1.6847
6614 0.7678
6615 1.4843
6616 0.9522
6617 0.0833
6618 11.3158
6619 1.9168
6620 1.0274
6621 0.2037
6622 1.9918
6623 2.2732
6624 0.3326
6625 2.2290
6626 1.7468
6627 0.8018
6628 1.8591
6629 16.1502
6630 1.6947
6631 1.4067
6632 0.5359
6633 0.8756
6634 19.7303
6635 0.8598
6636 6.4787
6637 0.7263
6638 1.1828
6639 1.1134
6640 2.0128
6641 3.7813
6642 0.7178
6643 19.9530
6644 0.6281
6645 7.2834
6646 0.4152
6647 0.6303
6648 0.4082
6649 0.6601
6650 2.2394
6651 4.6952
6652 1.0148
6653 1.4881
6654 2.3532
6655 1.1643
6656 1.1572
6657 0.4735
6658 1.0297
6659 0.8424
6660 0.9391
6661 1.2560
6662 2.7097
6663 0.4869
6664 1.0360
6665 1.3454
6666 1.3451
6667 2.5115
6668 3.2041
6669 1.0763
6670 16.8225
6671 8.1460
6672 0.9459
6673 15.0317
6674 0.8212
6675 0.6942
6676 1.8741
6677 0.2548
6678 1.3124
6679 0.6816
6680 2.2372
6681 0.4408
6682 4.9499
6683 2.6003
6684 0.1470
6685 0.5739
6686 3.8476
6687 1.2280
6688 2.1768
6689 3.6129
6690 0.8953
6691 2.3648
6692 3.4592
6693 7.8164
6694 0.6850
6695 1.5692
6696 0.1640
6697 3.9127
6698 0.9205
6699 17.7755
6700 2.2747
6701 0.5989
6702 0.4465
6703 1.0962
6704 5.9375
6705 0.4042
6706 1.0531
6707 29.7793
6708 14.0433
6709 2.0667
6710 1.2174
6711 3.2283
6712 0.0987
6713 1.8917
6714 2.8624
6715 0.4607
6716 0.8507
6717 0.1629
6718 0.6548
6719 1.8703
6720 0.3802
6721 9.4891
6722 3.8304
6723 12.4355
6724 3.4850
6725 1.7836
6726 15.6755
6727 1.4703
6728 4.7356
6729 4.7066
6730 1.1252
6731 10.4523
6732 3.2889
6733 2.0308
6734 1.3431
6735 0.6103
6736 0.7997
6737 0.2041
6738 1.1408
6739 0.5023
6740 5.1771
6741 4.1808
6742 2.6728
6743 3.4732
6744 27.5457
6745 1.1011
6746 1.5200
6747 1.8159
6748 6.6034
6749 1.2748
6750 1.3721
6751 1.7530
6752 2.3446
6753 2.8176
6754 0.7047
6755 2.0374
6756 0.8530
6757 0.2081
6758 0.9157
6759 0.6132
6760 1.1806
6761 1.8794
6762 1.5743
6763 3.2227
6764 2.1653
6765 11.4361
6766 5.4384
6767 2.1808
6768   NaN
6769 5.4055
6770 2.7368
6771 2.4127
6772 0.2167
6773 1.5450
6774 0.4991
6775 0.9073
6776 4.2822
6777 4.3456
6778 0.5759
6779 0.3001
6780 5.7263
6781 7.2252
6782 1.3273
6783 0.5731
6784 3.8618
6785 4.2020
6786 2.5421
6787 0.2975
6788 1.6074
6789 2.2653
6790 1.1112
6791 3.3957
6792 0.5193
6793 20.3367
6794 1.0714
6795 0.8492
6796 1.5008
6797 0.4442
6798 1.1915
6799 1.7570
6800 0.6514
6801 2.3617
6802 1.0538
6803 4.0230
6804 0.5771
6805 2.1476
6806 0.3228
6807 0.7428
6808 3.8675
6809 3.0144
6810 0.3492
6811 0.7343
6812 1.8505
6813 2.1587
6814 3.5106
6815 1.2071
6816 0.3384
6817 1.9290
6818 0.5285
6819 3.7279
6820 4.9751
6821 3.3367
6822 1.7588
6823 0.6120
6824 0.7511
6825 3.0996
6826 0.5496
6827 0.4182
6828 1.0782
6829 6.0578
6830 0.4110
6831 2.4816
6832 6.4692
6833 1.0884
6834 1.1787
6835 1.4931
6836 4.9686
6837 2.7091
6838 2.8070
6839 6.1222
6840 5.5451
6841 11.6595
6842 3.7410
6843 1.6458
6844 0.3385
6845 0.4106
6846 8.8988
6847 0.8192
6848 1.4122
6849 1.3176
6850 0.2990
6851 1.1264
6852 3.1786
6853 0.9279
6854 0.7873
6855 6.3488
6856 0.7706
6857 2.7637
6858 0.9588
6859 1.2334
6860 6.2374
6861 1.3874
6862 2.3563
6863 17.5565
6864 1.6782
6865 5.3521
6866 24.5228
6867 1.5553
6868 28.4926
6869 1.0505
6870 1.2911
6871 4.6996
6872 1.1512
6873 0.8287
6874 1.0291
6875 5.6403
6876 1.1559
6877 0.7766
6878 1.5207
6879 6.5466
6880 1.0034
6881 9.4254
6882 0.7197
6883 6.6959
6884 0.8187
6885 1.3629
6886 0.3410
6887 0.8307
6888 1.5804
6889 1.6512
6890 1.8514
6891 1.0071
6892 0.2634
6893 4.2915
6894 0.5728
6895 0.4095
6896 7.7253
6897 5.9740
6898 5.2359
6899 0.5723
6900 3.3768
6901 8.6741
6902 1.1397
6903 0.3627
6904 1.2975
6905 2.5054
6906 1.3364
6907 0.7930
6908 6.8365
6909 4.6071
6910 0.4903
6911 0.8337
6912 1.8192
6913 0.7677
6914 0.8325
6915 0.2540
6916 1.5791
6917 8.4149
6918 0.3402
6919 11.6905
6920 4.0953
6921 0.5499
6922 0.8337
6923 0.9819
6924 3.5083
6925 1.0957
6926 0.6685
6927 0.9004
6928 2.4759
6929 1.0741
6930 1.3239
6931 3.4641
6932 0.1754
6933 10.3780
6934 2.6713
6935 2.4965
6936 0.9487
6937 0.1187
6938 5.2706
6939 1.3368
6940 2.6569
6941 0.6134
6942 2.2983
6943 2.2632
6944 3.6587
6945 10.6302
6946 1.3819
6947 3.6118
6948 1.0048
6949 2.2094
6950 0.6181
6951 5.4668
6952 8.6837
6953 13.2438
6954 1.9456
6955 1.5893
6956 1.4967
6957 0.4565
6958 1.3677
6959 1.1511
6960 0.5264
6961 1.5097
6962 3.9964
6963 3.0188
6964 0.3632
6965 23.9775
6966 7.2273
6967 1.0963
6968 1.8904
6969 1.8487
6970 0.4021
6971 3.3749
6972 0.3529
6973 1.8661
6974 1.0400
6975 9.5827
6976 1.6610
6977 0.8293
6978 0.5022
6979 8.9156
6980 0.2396
6981 0.7648
6982 4.8667
6983 0.3430
6984 2.3555
6985 2.9861
6986 16.1527
6987 0.3451
6988 0.4178
6989 0.3493
6990 1.6573
6991 0.4105
6992 3.6507
6993 1.4225
6994 7.2348
6995 9.2169
6996 0.6374
6997 1.5743
6998 0.4344
6999 2.1295
7000 2.0810
7001 1.5744
7002 1.0722
7003 2.4344
7004 0.8656
7005 0.4420
7006 0.6427
7007 23.6497
7008 0.5097
7009 1.3476
7010 4.6114
7011 2.1158
7012 0.5530
7013 1.3067
7014 2.6205
7015 0.7626
7016 2.7491
7017 1.1239
7018 1.1844
7019 0.2187
7020 1.3226
7021 0.5041
7022 1.7192
7023 0.9141
7024 1.5253
7025 3.7217
7026 0.6092
7027 29.9460
7028 2.9641
7029 2.2231
7030 1.2087
7031 2.6531
7032 1.0541
7033 0.2987
7034 0.2682
7035 6.9307
7036 3.3444
7037 1.2262
7038 1.4181
7039 1.8324
7040 2.4166
7041 3.3433
7042 3.4708
7043 2.2330
7044 1.8182
7045 10.5264
7046 6.5369
7047 1.4088
7048 2.5833
7049 11.9799
7050 0.2963
7051 0.9713
7052 1.5709
7053 1.1618
7054 1.4881
7055 33.9047
7056 3.1029
7057 3.7966
7058 3.2834
7059 4.1185
7060 0.7872
7061 0.6878
7062 23.7667
7063 17.5923
7064 0.5184
7065 3.2245
7066 1.8910
7067 2.1986
7068 1.1188
7069 7.5083
7070 4.2858
7071 0.3900
7072 7.4829
7073 1.7270
7074 3.5825
7075 0.3868
7076 2.5571
7077 10.2703
7078 3.2298
7079 0.5815
7080 1.6171
7081 14.4644
7082 1.9926
7083 0.4725
7084 0.4119
7085 4.1387
7086 1.1117
7087 0.4013
7088 0.7495
7089 4.5597
7090 0.5511
7091 0.1150
7092 5.7713
7093 0.5071
7094 0.7300
7095 1.2590
7096 2.1933
7097 0.4592
7098 1.2683
7099 1.0908
7100 0.4328
7101 1.7268
7102 1.3329
7103 2.8660
7104 0.5245
7105 1.5650
7106 1.7734
7107 0.1713
7108 4.4366
7109 0.6580
7110 1.1063
7111 2.0457
7112 2.5157
7113 6.2192
7114 22.5782
7115 0.8150
7116 1.1879
7117 1.0914
7118 2.0748
7119 0.8559
7120 0.5516
7121 0.9976
7122 0.9696
7123 8.3265
7124 1.0046
7125 0.4776
7126 13.1614
7127 2.7763
7128 4.0573
7129 0.1680
7130 0.8466
7131 4.0209
7132 1.4420
7133 0.4086
7134 4.1055
7135 4.3339
7136 14.2458
7137 8.4631
7138 1.4492
7139 0.9773
7140 3.9558
7141 8.3598
7142 1.6893
7143 4.2365
7144 1.6803
7145 1.7500
7146 3.6938
7147 1.0128
7148 2.7952
7149 0.8807
7150 0.5394
7151 23.3705
7152 1.1503
7153 0.3470
7154 3.7891
7155 1.4821
7156 3.4322
7157 6.3617
7158 4.6212
7159 2.8401
7160 0.3819
7161 1.2443
7162 0.5054
7163 1.5919
7164 0.6373
7165 0.9235
7166 0.3887
7167 0.6692
7168 3.8684
7169 0.9502
7170 1.0489
7171 1.2796
7172 0.5409
7173 0.7949
7174 3.4644
7175 2.5343
7176 3.7492
7177 8.6813
7178 0.4874
7179 0.1814
7180 1.0236
7181 0.9748
7182 1.1857
7183 13.3119
7184 7.5274
7185 4.1832
7186 2.9068
7187 0.2253
7188 2.0841
7189 0.4180
7190 1.3828
7191 3.1362
7192 1.1609
7193 12.9671
7194 0.5673
7195 20.1969
7196 1.7416
7197 0.5087
7198 2.8353
7199 0.2138
7200 0.5682
7201 0.6416
7202 7.1075
7203 0.6338
7204 1.0647
7205 8.1773
7206 4.4463
7207 5.5188
7208 0.9499
7209 0.1110
7210 2.2534
7211 0.3243
7212 2.1686
7213 1.7193
7214 0.6806
7215 1.0543
7216 1.1955
7217 0.6190
7218 2.1706
7219 0.8668
7220 1.5175
7221 1.3395
7222 10.2733
7223 1.8472
7224 1.6420
7225 0.8095
7226 0.7240
7227 0.8461
7228 20.1975
7229 0.4369
7230 0.8931
7231 0.8407
7232 2.3865
7233 4.9791
7234 0.5880
7235 2.4236
7236 0.9386
7237 2.3718
7238 1.3320
7239 1.3837
7240 2.9809
7241 2.9585
7242 5.4773
7243 5.3202
7244 15.4138
7245 3.1855
7246 3.9551
7247 0.6979
7248 13.9816
7249 1.8714
7250 3.5583
7251 1.3367
7252 1.7414
7253 2.1359
7254 0.8042
7255 0.4305
7256 0.4104
7257 0.9753
7258 0.4143
7259 0.4691
7260 3.4439
7261 15.0456
7262 0.3637
7263 0.9643
7264 0.5820
7265 0.3185
7266 2.3495
7267 0.9710
7268 4.4124
7269 4.4807
7270 1.5767
7271 19.1209
7272 7.2650
7273 1.0249
7274 6.1422
7275 0.7141
7276 1.4215
7277 0.4463
7278 3.6853
7279 3.2616
7280 0.2877
7281 2.6735
7282 1.1728
7283 2.9849
7284 0.8372
7285 1.9243
7286 2.4484
7287 1.0007
7288 1.0757
7289 0.4987
7290 0.6772
7291 1.8937
7292 15.8397
7293 1.5794
7294 0.8677
7295 1.2561
7296 21.5011
7297 0.6522
7298 0.2497
7299 6.2155
7300 0.3126
7301 0.8960
7302 3.1694
7303 1.0612
7304 4.1366
7305 2.0271
7306 0.6159
7307 1.2300
7308 1.4223
7309 0.6813
7310 0.5526
7311 0.8436
7312 0.7960
7313 2.2567
7314 2.1904
7315 1.5173
7316   NaN
7317 0.3674
7318 2.0586
7319 0.7167
7320 1.7666
7321 0.3789
7322 0.6707
7323 14.9925
7324 18.8134
7325 1.1607
7326 0.8943
7327 0.5696
7328 0.3556
7329 0.8760
7330 0.9275
7331 4.3406
7332 1.3739
7333 2.5334
7334 0.0974
7335 7.8257
7336 0.6368
7337 0.4568
7338 4.7246
7339 1.8218
7340 0.3589
7341 0.4255
7342 7.6944
7343 1.3805
7344 2.1018
7345 0.5123
7346 2.0759
7347 0.3123
7348 1.8499
7349 3.2640
7350 1.2362
7351 4.1325
7352 5.2247
7353 1.2560
7354 1.3101
7355 1.4438
7356 1.5587
7357 0.9776
7358 2.6326
7359 2.1505
7360 2.1050
7361 1.5179
7362 0.6793
7363 12.0075
7364 0.9683
7365 0.4423
7366 0.9364
7367 1.3677
7368 0.3323
7369 1.9219
7370 0.4921
7371 3.0946
7372 0.4794
7373 0.7061
7374 1.3634
7375 2.8900
7376 6.8342
7377 3.4456
7378 5.9599
7379 0.3938
7380 19.7679
7381 40.9308
7382 1.0724
7383 0.6265
7384 0.7067
7385 0.5811
7386 3.2717
7387 1.7264
7388 2.6852
7389 1.1162
7390 0.2406
7391 7.8826
7392 0.5494
7393 1.6565
7394 2.7513
7395 3.1849
7396 0.4748
7397 2.5700
7398 0.3732
7399 0.7839
7400 2.4395
7401 3.0893
7402 0.2480
7403 1.3937
7404 1.9819
7405 2.6599
7406 1.1929
7407 1.6414
7408 0.3343
7409 2.9906
7410 3.5793
7411 2.7006
7412 1.0706
7413 4.4814
7414 1.4781
7415 8.8112
7416 0.7536
7417 1.2941
7418 0.7828
7419 4.3700
7420 9.3336
7421 2.4742
7422 0.5485
7423 1.0402
7424 3.1803
7425 0.3204
7426 0.9571
7427 1.1878
7428 0.2595
7429 0.9348
7430 1.0223
7431 0.5965
7432 0.3140
7433 0.4648
7434 1.9978
7435 2.0670
7436 3.6269
7437 0.8608
7438 1.5307
7439 2.4909
7440 9.3088
7441 0.3160
7442 0.5534
7443 1.8876
7444 0.0861
7445 1.1216
7446 0.4158
7447 1.0335
7448 0.2625
7449 15.9868
7450 4.9299
7451 0.4148
7452 0.2557
7453 7.1069
7454 5.3387
7455 3.3089
7456 1.5411
7457 11.6734
7458 3.1344
7459 2.3941
7460 5.9569
7461 1.4526
7462 4.4221
7463 1.6842
7464 2.6712
7465 1.8067
7466 2.6175
7467 1.6825
7468 0.4559
7469 0.5667
7470 3.8487
7471 0.6732
7472 1.6415
7473 0.4956
7474 2.4707
7475 0.1289
7476 45.1664
7477 3.2030
7478 2.4036
7479 0.6421
7480 0.8670
7481 3.5919
7482 0.4122
7483 0.4400
7484 2.2705
7485 0.3995
7486 0.3740
7487 1.6428
7488 1.5518
7489 2.8332
7490 0.2134
7491 14.7803
7492 0.4421
7493 0.4018
7494 0.7286
7495 1.1990
7496 0.5657
7497 0.4860
7498 0.9375
7499 2.3641
7500 2.3370
