7501 0.0943
7502 0.2302
7503 0.1133
7504 0.1386
7505 0.2797
7506 0.1028
7507 0.1897
7508 0.0864
7509 0.1036
7510 0.2398
7511 0.1466
7512 0.0711
7513 0.1243
7514 0.0990
7515 0.0842
7516 0.1004
7517 0.0908
7518 0.1339
7519 0.0763
7520 0.2089
7521 0.4431
7522 0.1653
7523 0.0871
7524 0.3902
7525 0.4017
7526 0.1983
7527 0.1216
7528 0.1686
7529 0.0989
7530 0.1427
7531 0.1424
7532 0.0892
7533 0.1188
7534 0.2657
7535 0.2788
7536 0.1132
7537 0.1521
7538 0.0794
7539 0.1971
7540 0.1190
7541 0.0754
7542 0.2463
7543 0.4390
7544 0.5803
7545 0.1260
7546 0.1086
7547 0.0986
7548 0.1248
7549 0.0786
7550 0.7520
7551 1.3509
7552 0.3472
7553 0.0841
7554 0.1650
7555 0.1263
7556 0.2411
7557 0.1398
7558 0.1066
7559 0.2386
7560 0.2875
7561 0.0746
7562 0.0859
7563 0.1169
7564 0.1238
7565 0.1502
7566 0.1236
7567 0.1571
7568 0.2523
7569 0.3756
7570 0.1820
7571 0.0919
7572 0.0961
7573 0.2753
7574 0.1028
7575 0.0816
7576 0.3577
7577 0.1303
7578 0.4513
7579 0.0772
7580 0.1610
7581 0.0719
7582 0.2394
7583 0.0980
7584 0.3966
7585 0.3811
7586 0.2949
7587 0.2178
7588 0.3365
7589 0.0840
7590 0.0648
7591 0.1300
7592 0.0958
7593 0.2443
7594 0.0995
7595 0.3870
7596 0.1041
7597 0.1434
7598 0.1100
7599 0.1891
7600 0.2475
7601 0.0887
7602 0.0938
7603 0.0971
7604 0.1500
7605 0.3661
7606 0.0789
7607 0.0909
7608 0.0822
7609 0.0874
7610 0.4960
7611 0.1808
7612 0.0868
7613 0.0939
7614 0.1030
7615 0.0772
7616 0.5734
7617 0.1027
7618 0.1288
7619 0.0968
7620 0.1449
7621 0.2780
7622 0.1147
7623 0.0868
7624 0.2371
7625 0.0858
7626 0.0905
7627 0.0819
7628 0.0852
7629 0.0967
7630 0.1631
7631 0.2004
7632 0.7399
7633 0.3085
7634 0.0770
7635 0.3239
7636 0.0989
7637 0.0812
7638 0.1144
7639 0.1268
7640 0.1372
7641 0.1254
7642 0.2016
7643 0.5100
7644 0.1782
7645 0.4423
7646 0.1013
7647 0.0890
7648 0.1267
7649 0.1059
7650 0.0840
7651 0.3124
7652 0.1463
7653 0.2402
7654 0.1183
7655 0.0783
7656 0.1826
7657 0.2268
7658 0.2443
7659 0.2355
7660 0.1005
7661 0.1541
7662 0.0963
7663 0.1055
7664 0.0916
7665 0.0650
7666 0.1097
7667 0.1547
7668 0.1483
7669 0.1567
7670 0.1734
7671 0.1098
7672 0.1188
7673 0.0967
7674 0.0858
7675 0.1280
7676 0.1778
7677 0.3873
7678 0.1396
7679 0.1987
7680 0.1255
7681 0.1273
7682 0.0799
7683 0.0693
7684 0.1151
7685 0.2382
7686 0.3141
7687 0.1266
7688 0.2121
7689 0.1883
7690 0.1227
7691 0.0883
7692 0.1146
7693 0.0638
7694 0.0960
7695 0.0707
7696 0.2450
7697 0.0703
7698 0.0872
7699 0.1232
7700 0.0829
7701 0.2851
7702 0.0687
7703 0.4534
7704 0.0995
7705 0.3476
7706 0.0716
7707 0.1077
7708 0.3896
7709 0.1154
7710 0.1834
7711 0.4283
7712 0.6408
7713 0.0890
7714 0.4021
7715 0.1637
7716 0.1202
7717 0.0801
7718 0.1196
7719 0.1433
7720 0.0894
7721 0.1269
7722 0.1193
7723 0.2718
7724 0.2005
7725 0.0826
7726 0.2381
7727 0.0876
7728 0.1843
7729 0.1505
7730 1.3180
7731 0.0897
7732 0.0891
7733 0.4005
7734 0.1483
7735 0.5478
7736 0.4161
7737 0.1067
7738 0.0711
7739 0.4225
7740 0.1137
7741 0.4409
7742 0.2232
7743 0.1154
7744 0.1073
7745 0.1219
7746 0.3747
7747 0.3373
7748 0.3200
7749 0.1122
7750 0.0876
7751 0.1140
7752 0.0922
7753 0.0765
7754 0.0806
7755 0.0764
7756 0.2333
7757 0.1582
7758 0.1126
7759 0.1388
7760 0.1194
7761 0.0980
7762 0.1124
7763 0.1130
7764 0.6624
7765 0.1236
7766 0.0982
7767 0.1247
7768 0.0986
7769 0.1858
7770 0.1233
7771 0.1648
7772 0.0961
7773 0.1516
7774 0.3792
7775 0.0934
7776 0.6660
7777 0.1146
7778 0.1426
7779 0.1406
7780 0.3111
7781 0.1492
7782 0.2811
7783 0.3484
7784 0.1027
7785 0.1171
7786 0.0919
7787 0.0775
7788 0.1770
7789 0.1321
7790 0.1252
7791 0.1051
7792 0.1134
7793 0.1168
7794 0.2978
7795 0.0666
7796 0.1674
7797 0.1834
7798 0.0978
7799 0.1687
7800 0.1200
7801 0.0650
7802 0.0830
7803 0.2445
7804 0.2766
7805 0.2129
7806 0.0950
7807 0.1331
7808 0.1434
7809 0.1506
7810 0.0733
7811 0.1827
7812 0.3242
7813 0.1157
7814 0.1170
7815 0.2871
7816 0.1053
7817 0.0963
7818 0.1606
7819 0.3667
7820 0.1982
7821 0.1394
7822 0.3582
7823 0.3006
7824 0.1284
7825 0.3841
7826 0.0823
7827 0.1007
7828 0.4450
7829 0.4391
7830 0.1604
7831 0.1723
7832 0.0953
7833 0.2490
7834 0.2392
7835 0.1935
7836 0.0965
7837 0.2182
7838 0.1503
7839 0.1004
7840 0.5679
7841 0.1434
7842 0.2385
7843 0.1143
7844 0.1640
7845 0.3107
7846 0.0889
7847 0.1045
7848 0.0795
7849 0.1463
7850 0.3473
7851 0.0958
7852 0.0873
7853 0.0974
7854 0.1252
7855 0.0826
7856 0.3114
7857 0.0981
7858 0.0981
7859 0.0951
7860 0.1903
7861 0.0789
7862 0.1030
7863 0.1058
7864 0.0791
7865 0.2391
7866 0.1292
7867 0.2275
7868 0.0985
7869 0.0928
7870 0.1052
7871 0.1048
7872 0.2711
7873 0.0991
7874 0.5652
7875 0.4329
7876 0.0792
7877 0.3356
7878 0.2189
7879 0.0716
7880 0.1061
7881 0.3265
7882 0.1144
7883 0.1569
7884 0.2258
7885 0.1072
7886 0.1286
7887 0.1011
7888 0.0810
7889 0.0768
7890 0.1119
7891 0.0923
7892 0.0750
7893 0.0856
7894 0.1807
7895 0.1398
7896 0.2792
7897 0.2631
7898 0.0802
7899 0.1370
7900 0.3910
7901 0.1144
7902 0.1447
7903 0.8136
7904 0.1515
7905 0.0731
7906 0.2109
7907 0.1371
7908 0.1074
7909 0.1040
7910 0.1132
7911 0.0776
7912 0.1529
7913 0.0990
7914 0.0723
7915 0.2880
7916 0.0947
7917 0.3851
7918 0.1025
7919 0.3546
7920 0.1360
7921 0.2750
7922 0.1773
7923 0.1712
7924 0.1433
7925 0.1140
7926 0.1292
7927 0.1168
7928 0.1372
7929 0.0688
7930 0.2006
7931 0.2609
7932 0.1133
7933 0.0836
7934 0.5684
7935 0.0840
7936 0.1614
7937 0.0811
7938 0.5792
7939 0.1547
7940 0.1356
7941 0.1189
7942 0.0680
7943 0.1093
7944 0.2293
7945 0.1130
7946 0.0771
7947 0.0847
7948 0.1273
7949 0.1039
7950 0.1182
7951 0.1155
7952 0.1883
7953 0.1234
7954 0.1090
7955 0.0628
7956 0.0924
7957 0.1251
7958 0.0952
7959 0.0762
7960 0.1764
7961 0.0935
7962 0.2879
7963 0.1540
7964 0.2734
7965 0.0905
7966 0.0939
7967 0.6211
7968 0.0731
7969 0.2870
7970 0.0862
7971 0.2056
7972 0.1104
7973 0.9750
7974 0.1010
7975 0.3833
7976 0.0742
7977 0.1210
7978 0.1259
7979 0.1936
7980 0.0962
7981 0.1077
7982 0.1165
7983 0.4436
7984 0.1573
7985 0.2405
7986 0.0780
7987 0.1936
7988 0.3837
7989 0.1234
7990 0.1796
7991 0.0960
7992 0.1256
7993 0.4164
7994 0.2976
7995 0.1204
7996 0.0867
7997 0.2375
7998 0.1154
7999 0.5745
8000 0.3390
8001 0.1129
8002 0.0722
8003 0.1622
8004 0.4178
8005 0.1380
8006 0.1036
8007 0.1301
8008 0.1336
8009 0.1190
8010 0.0965
8011 0.2234
8012 0.1071
8013 0.0869
8014 0.1199
8015 0.3490
8016 0.0884
8017 0.1098
8018 0.1369
8019 0.0890
8020 0.5160
8021 0.1063
8022 0.3142
8023 0.1218
8024 0.2309
8025 0.1272
8026 0.1409
8027 0.0926
8028 0.2496
8029 0.1129
8030 0.3259
8031 0.3060
8032 0.1661
8033 0.2243
8034 0.1126
8035 0.1358
8036 0.0972
8037 0.0766
8038 0.1610
8039 0.0814
8040 0.0841
8041 0.1191
8042 0.0741
8043 0.1074
8044 0.0961
8045 0.0925
8046 0.2076
8047 0.0917
8048 0.1099
8049 0.1046
8050 0.1463
8051 0.1084
8052 0.1264
8053 0.1936
8054 0.0866
8055 0.3452
8056 0.1645
8057 0.0796
8058 0.0901
8059 0.0853
8060 0.1271
8061 0.1218
8062 0.1180
8063 0.1558
8064 0.1309
8065 0.1062
8066 0.3933
8067 0.1248
8068 0.0965
8069 0.1738
8070 0.2976
8071 0.1209
8072 0.1502
8073 0.1272
8074 0.4450
8075 0.3735
8076 0.0805
8077 0.1068
8078 0.1216
8079 0.6542
8080 0.0940
8081 0.0968
8082 0.0873
8083 0.1090
8084 0.1343
8085 0.2963
8086 0.1043
8087 0.1671
8088 0.1017
8089 0.1034
8090 0.4163
8091 0.1129
8092 0.0740
8093 0.1071
8094 0.0782
8095 0.1071
8096 0.0767
8097 0.2671
8098 0.1061
8099 0.1398
8100 0.0888
8101 0.0836
8102 0.2041
8103 0.5159
8104 0.0810
8105 0.1845
8106 0.3347
8107 0.3202
8108 0.2208
8109 0.4825
8110 0.0784
8111 0.0716
8112 0.2734
8113 0.2324
8114 0.3455
8115 0.1486
8116 0.1208
8117 0.2096
8118 0.1110
8119 0.3037
8120 0.4258
8121 0.2888
8122 0.1185
8123 0.3019
8124 0.1108
8125 0.3361
8126 0.1026
8127 0.1532
8128 0.5168
8129 0.3011
8130 0.1218
8131 0.1022
8132 0.1048
8133 0.1142
8134 0.3056
8135 0.0925
8136 0.0963
8137 0.0977
8138 0.2025
8139 0.0792
8140 0.0977
8141 0.3174
8142 0.0803
8143 0.0875
8144 0.5149
8145 0.1046
8146 0.1860
8147 0.1665
8148 0.1505
8149 0.1061
8150 0.1251
8151 0.1177
8152 0.2205
8153 0.2025
8154 0.1228
8155 0.0928
8156 0.3896
8157 0.2322
8158 0.1413
8159 0.2143
8160 0.1188
8161 0.1280
8162 0.1183
8163 0.0856
8164 0.0952
8165 0.1830
8166 0.4009
8167 0.3007
8168 0.1316
8169 0.1047
8170 0.9277
8171 0.2651
8172 0.3163
8173 0.5250
8174 0.3375
8175 0.2969
8176 0.0933
8177 0.0864
8178 0.0893
8179 0.0988
8180 0.1066
8181 0.1817
8182 0.0854
8183 0.2885
8184 0.1249
8185 0.1066
8186 0.1097
8187 0.0861
8188 0.1297
8189 0.0958
8190 0.1520
8191 0.1285
8192 0.3382
8193 0.0814
8194 0.0999
8195 0.2805
8196 0.1266
8197 0.0641
8198 0.1081
8199 0.3894
8200 0.1820
8201 0.0954
8202 0.3416
8203 0.1639
8204 0.1484
8205 0.1826
8206 0.1640
8207 0.4917
8208 0.1987
8209 0.0872
8210 0.1168
8211 0.1136
8212 0.1523
8213 0.2031
8214 0.2054
8215 0.5537
8216 0.1086
8217 0.1202
8218 0.1172
8219 0.2537
8220 0.3032
8221 0.1341
8222 0.1777
8223 0.1610
8224 0.2205
8225 0.2244
8226 0.0649
8227 0.2378
8228 0.2341
8229 0.1080
8230 0.2187
8231 0.2596
8232 0.1012
8233 0.1352
8234 0.0895
8235 0.1456
8236 0.1333
8237 0.3253
8238 0.1096
8239 0.3581
8240 0.2035
8241 0.1735
8242 0.0677
8243 0.0783
8244 0.4407
8245 0.1455
8246 0.0721
8247 0.0869
8248 0.0725
8249 0.1361
8250 0.0813
8251 0.1447
8252 0.1328
8253 0.0930
8254 0.3008
8255 0.1335
8256 0.1062
8257 0.2207
8258 0.0788
8259 0.1080
8260 0.1221
8261 0.1311
8262 0.2479
8263 0.2004
8264 0.1028
8265 0.0933
8266 0.0923
8267 0.1854
8268 0.2639
8269 0.0844
8270 0.2566
8271 0.0816
8272 0.4166
8273 0.2559
8274 0.0897
8275 0.1063
8276 0.2960
8277 0.1724
8278 0.1220
8279 0.0651
8280 0.0854
8281 0.1001
8282 0.1660
8283 0.1047
8284 0.0852
8285 0.3295
8286 0.2123
8287 0.1078
8288 0.4967
8289 0.2370
8290 0.1201
8291 0.2184
8292 0.1376
8293 0.5305
8294 0.0930
8295 0.0757
8296 0.0917
8297 0.6252
8298 0.0990
8299 0.4416
8300 0.1267
8301 0.1265
8302 0.2390
8303 0.0722
8304 0.1579
8305 0.0846
8306 0.4277
8307 0.1255
8308 0.3025
8309 0.0744
8310 0.3658
8311 0.0829
8312 0.1295
8313 0.2228
8314 0.1439
8315 0.1400
8316 0.1045
8317 0.1258
8318 0.1026
8319 0.3887
8320 0.1273
8321 0.0903
8322 0.1661
8323 0.0882
8324 0.3263
8325 0.1125
8326 0.1086
8327 0.2126
8328 0.0846
8329 0.2375
8330 0.2188
8331 0.1143
8332 0.0978
8333 0.3257
8334 0.1289
8335 0.7912
8336 0.2922
8337 0.1393
8338 0.1113
8339 0.0773
8340 0.1054
8341 0.0837
8342 0.1496
8343 0.0878
8344 0.1450
8345 0.1481
8346 0.2698
8347 0.1145
8348 0.4420
8349 0.3280
8350 0.1410
8351 0.1326
8352 0.0877
8353 0.1323
8354 0.0889
8355 0.0802
8356 0.1726
8357 0.2275
8358 0.1080
8359 0.1737
8360 0.1204
8361 0.0948
8362 0.3227
8363 0.1061
8364 0.1940
8365 0.0878
8366 0.3736
8367 0.0872
8368 0.2497
8369 0.2780
8370 0.0724
8371 0.0825
8372 0.1112
8373 0.0783
8374 0.1176
8375 0.0960
8376 0.4394
8377 0.1164
8378 0.0856
8379 0.1111
8380 0.0692
8381 0.4377
8382 0.1196
8383 0.4211
8384 0.2164
8385 0.1414
8386 0.2118
8387 0.1343
8388 0.0876
8389 0.2010
8390 0.2944
8391 0.1059
8392 0.1146
8393 0.0673
8394 0.1865
8395 0.1535
8396 0.0905
8397 0.0807
8398 0.0750
8399 0.2593
8400 0.1744
8401 0.1190
8402 0.1151
8403 0.0945
8404 0.2736
8405 0.2078
8406 0.1441
8407 0.0882
8408 0.1163
8409 0.1136
8410 0.0911
8411 0.0799
8412 0.4357
8413 0.1342
8414 0.1274
8415 0.0876
8416 0.0845
8417 0.1401
8418 0.0800
8419 0.0684
8420 0.0759
8421 0.1232
8422 0.0869
8423 0.0831
8424 0.0983
8425 0.1903
8426 0.1040
8427 0.0924
8428 0.1102
8429 0.0921
8430 0.1041
8431 0.1088
8432 0.0897
8433 0.1356
8434 0.6444
8435 0.2531
8436 0.3111
8437 0.1176
8438 0.1065
8439 0.1098
8440 0.3064
8441 0.1186
8442 0.1084
8443 0.0930
8444 0.1714
8445 0.3275
8446 0.1578
8447 0.2690
8448 0.1170
8449 0.0978
8450 0.1126
8451 0.0699
8452 0.1323
8453 0.1066
8454 0.1994
8455 0.1668
8456 0.1173
8457 0.0986
8458 0.0851
8459 0.1097
8460 0.1662
8461 0.1905
8462 0.1251
8463 0.2251
8464 0.0701
8465 0.3042
8466 0.2895
8467 0.2233
8468 0.0735
8469 0.1486
8470 0.5939
8471 0.0852
8472 0.1771
8473 0.2363
8474 0.1879
8475 0.0850
8476 0.0944
8477 0.1379
8478 0.2615
8479 0.2419
8480 0.3200
8481 0.1664
8482 0.1155
8483 0.2153
8484 0.0993
8485 0.2408
8486 0.1276
8487 0.3741
8488 0.2318
8489 0.0905
8490 0.1482
8491 0.1690
8492 0.0938
8493 0.0905
8494 0.1491
8495 0.1870
8496 0.1063
8497 0.0832
8498 0.0792
8499 0.1057
8500 0.0977
8501 0.0951
8502 0.3019
8503 0.1292
8504 0.1015
8505 0.0863
8506 0.1085
8507 0.3354
8508 0.0966
8509 0.2029
8510 0.2288
8511 0.0663
8512 0.0869
8513 0.1246
8514 0.2837
8515 0.1562
8516 0.1174
8517 0.1119
8518 0.1131
8519 0.3498
8520 0.1330
8521 0.0995
8522 0.1221
8523 0.1840
8524 0.1258
8525 0.1102
8526 0.5513
8527 0.1795
8528 0.0879
8529 0.2983
8530 0.1461
8531 0.0770
8532 0.0920
8533 0.1223
8534 0.3611
8535 0.1210
8536 0.0951
8537 0.2660
8538 0.1002
8539 0.2403
8540 0.1334
8541 0.0846
8542 0.0792
8543 0.1231
8544 0.1222
8545 0.0955
8546 0.2533
8547 0.3525
8548 0.1833
8549 0.2560
8550 0.0916
8551 0.1533
8552 0.0925
8553 0.4533
8554 0.2791
8555 0.3808
8556 0.1074
8557 0.1927
8558 0.0967
8559 0.0764
8560 0.1149
8561 0.0840
8562 0.0715
8563 0.0963
8564 0.0784
8565 0.0916
8566 0.0932
8567 0.1138
8568 0.1753
8569 0.2755
8570 0.0868
8571 0.2160
8572 0.3361
8573 0.2599
8574 0.3396
8575 0.1421
8576 0.1644
8577 0.1067
8578 0.0719
8579 0.0880
8580 0.2259
8581 0.1668
8582 0.1130
8583 0.1075
8584 0.1183
8585 0.1074
8586 0.2174
8587 0.1323
8588 0.0963
8589 0.2238
8590 0.1630
8591 0.1172
8592 0.1166
8593 0.1431
8594 0.2497
8595 0.0920
8596 0.0850
8597 0.4561
8598 0.0735
8599 0.1391
8600 0.1348
8601 0.0729
8602 0.6340
8603 0.2905
8604 0.1333
8605 0.2866
8606 0.1351
8607 0.1276
8608 0.0767
8609 0.0633
8610 0.3448
8611 0.1108
8612 0.1996
8613 0.1425
8614 0.0806
8615 0.0941
8616 0.1027
8617 0.1660
8618 0.1813
8619 0.1222
8620 0.1235
8621 0.1525
8622 0.2142
8623 0.1270
8624 0.1157
8625 0.1996
8626 0.0964
8627 0.1112
8628 0.1116
8629 0.1199
8630 0.0772
8631 0.1288
8632 0.0852
8633 0.1553
8634 0.0789
8635 0.0945
8636 0.2498
8637 0.0868
8638 0.0815
8639 0.1902
8640 0.1212
8641 0.1127
8642 0.1635
8643 0.1059
8644 0.1269
8645 0.4273
8646 0.2615
8647 0.1655
8648 0.0986
8649 0.1011
8650 0.1908
8651 0.0843
8652 0.1316
8653 0.1030
8654 0.0651
8655 0.0955
8656 0.1061
8657 0.2950
8658 0.0760
8659 0.0895
8660 0.1062
8661 0.1622
8662 0.1195
8663 0.1175
8664 0.1210
8665 0.0882
8666 0.2741
8667 0.0864
8668 0.1133
8669 0.1287
8670 0.2072
8671 0.0664
8672 0.0846
8673 0.1108
8674 0.3147
8675 0.2543
8676 0.1033
8677 0.0971
8678 0.0877
8679 0.9123
8680 0.0899
8681 0.1173
8682 0.0832
8683 0.1074
8684 0.1620
8685 0.1054
8686 0.1598
8687 0.0719
8688 0.1213
8689 0.1261
8690 0.1369
8691 0.0841
8692 0.0858
8693 0.2221
8694 0.0874
8695 0.1177
8696 0.3325
8697 0.2979
8698 0.1427
8699 0.0980
8700 0.0694
8701 0.2333
8702 1.1396
8703 0.5283
8704 0.3434
8705 0.0781
8706 0.1474
8707 0.1156
8708 0.1095
8709 0.1649
8710 0.2779
8711 0.1245
8712 0.0854
8713 0.1361
8714 0.1289
8715 0.1128
8716 0.1114
8717 0.0768
8718 0.1213
8719 0.0749
8720 0.1888
8721 0.0957
8722 0.0795
8723 0.2804
8724 0.5697
8725 0.1029
8726 0.0963
8727 0.1539
8728 0.1239
8729 0.1010
8730 0.2588
8731 0.0895
8732 0.2225
8733 0.1993
8734 0.0782
8735 1.3999
8736 0.3519
8737 0.1379
8738 0.0977
8739 0.0928
8740 0.2171
8741 0.1401
8742 0.2415
8743 0.1111
8744 0.0974
8745 0.0914
8746 0.1376
8747 0.2295
8748 0.0887
8749 0.1646
8750 0.1332
8751 0.1661
8752 0.1587
8753 0.3023
8754 0.5941
8755 0.3008
8756 0.1062
8757 0.2029
8758 0.5350
8759 0.0680
8760 0.0871
8761 0.2400
8762 0.1475
8763 0.0938
8764 0.1672
8765 0.0682
8766 0.3375
8767 0.1988
8768 0.2150
8769 0.1000
8770 0.0793
8771 0.0842
8772 0.0828
8773 0.1238
8774 0.2112
8775 0.1265
8776 0.1760
8777 0.1003
8778 0.0953
8779 0.1036
8780 0.1325
8781 0.1790
8782 0.1173
8783 0.3995
8784 0.1127
8785 0.2740
8786 0.2853
8787 0.1606
8788 0.1732
8789 0.0847
8790 0.2051
8791 0.1065
8792 0.0726
8793 0.2110
8794 0.1381
8795 0.0973
8796 0.0903
8797 0.4031
8798 0.7798
8799 0.1383
8800 0.5052
8801 0.1236
8802 0.1590
8803 0.2653
8804 0.3313
8805 0.0908
8806 0.0809
8807 0.0829
8808 0.5025
8809 0.1267
8810 0.1259
8811 0.4845
8812 0.0926
8813 0.2259
8814 0.1173
8815 0.1072
8816 0.1165
8817 0.0995
8818 0.5213
8819 0.1407
8820 0.1486
8821 0.6374
8822 0.2486
8823 0.4231
8824 0.1101
8825 0.2070
8826 0.1625
8827 0.1380
8828 0.3210
8829 0.1622
8830 0.3627
8831 0.1385
8832 0.1848
8833 0.2627
8834 0.3684
8835 0.1065
8836 0.1035
8837 0.0839
8838 0.1172
8839 0.0705
8840 0.2022
8841 0.0824
8842 0.1259
8843 0.3037
8844 0.1002
8845 0.3960
8846 0.1171
8847 0.1453
8848 0.2832
8849 0.1193
8850 0.2815
8851 0.1333
8852 0.0906
8853 0.2131
8854 0.0791
8855 0.0856
8856 0.1877
8857 0.1036
8858 0.1239
8859 0.2963
8860 0.1028
8861 0.1312
8862 0.1053
8863 0.1391
8864 0.1314
8865 0.0832
8866 0.1308
8867 0.4359
8868 0.0836
8869 0.1012
8870 0.2433
8871 0.1367
8872 0.1488
8873 0.1728
8874 0.1236
8875 0.2492
8876 0.1349
8877 0.2656
8878 0.0766
8879 0.2710
8880 0.2349
8881 0.0827
8882 0.1280
8883 0.0806
8884 0.1337
8885 0.7162
8886 0.2285
8887 0.0794
8888 0.0854
8889 0.1552
8890 0.0947
8891 0.1089
8892 0.1046
8893 0.1035
8894 0.2520
8895 0.0758
8896 0.1709
8897 0.2948
8898 0.2204
8899 0.2080
8900 0.4737
8901 0.0751
8902 0.1396
8903 1.1773
8904 0.1312
8905 0.0781
8906 0.1426
8907 0.1520
8908 0.0844
8909 0.1469
8910 0.1197
8911 0.1608
8912 0.0846
8913 0.1035
8914 0.0969
8915 0.2889
8916 0.2347
8917 0.1690
8918 0.2194
8919 0.1246
8920 0.1538
8921 0.2058
8922 0.1626
8923 0.0862
8924 0.1004
8925 0.3723
8926 0.1276
8927 0.5840
8928 0.2034
8929 0.1028
8930 0.0821
8931 0.0951
8932 0.2019
8933 0.2491
8934 0.0988
8935 0.0851
8936 0.0713
8937 0.0998
8938 0.3389
8939 0.1102
8940 0.1016
8941 0.3380
8942 0.1378
8943 0.2600
8944 0.2488
8945 0.0947
8946 0.1978
8947 0.2591
8948 0.1200
8949 0.1096
8950 0.1562
8951 0.2388
8952 0.3083
8953 0.1410
8954 0.0903
8955 0.1321
8956 0.0813
8957 0.1088
8958 0.0850
8959 0.1950
8960 0.1509
8961 0.1058
8962 0.0753
8963 0.2779
8964 0.1774
8965 0.1632
8966 0.1258
8967 0.0665
8968 0.0753
8969 0.2495
8970 0.4817
8971 0.1344
8972 0.1257
8973 0.0874
8974 0.0687
8975 0.0808
8976 0.2825
8977 0.1186
8978 0.1086
8979 0.1149
8980 0.0976
8981 0.2010
8982 0.2103
8983 0.0809
8984 0.0916
8985 0.1316
8986 0.1381
8987 0.0864
8988 0.1061
8989 0.1562
8990 0.1485
8991 0.1032
8992 0.0704
8993 0.2908
8994 0.2569
8995 0.0871
8996 0.3637
8997 0.1246
8998 0.0721
8999 0.1145
9000 0.1336
9001 0.1255
9002 0.1300
9003 0.1025
9004 0.3165
9005 0.1760
9006 0.2093
9007 0.0987
9008 0.1746
9009 0.2037
9010 0.1007
9011 0.0851
9012 0.1132
9013 0.1050
9014 0.0858
9015 0.1467
9016 0.0885
9017 0.1511
9018 0.6900
9019 0.3465
9020 0.2842
9021 0.1733
9022 0.1343
9023 0.3083
9024 0.1869
9025 0.1374
9026 0.2430
9027 0.1350
9028 0.1440
9029 0.2491
9030 0.1154
9031 0.0768
9032 0.3601
9033 0.1418
9034 0.6055
9035 0.3985
9036 0.0706
9037 0.2095
9038 0.1183
9039 0.0735
9040 0.1515
9041 0.1340
9042 0.1068
9043 0.1592
9044 0.0776
9045 0.0838
9046 0.4025
9047 0.0968
9048 0.1362
9049 0.0972
9050 0.1218
9051 0.1003
9052 0.0758
9053 0.0845
9054 0.0972
9055 0.1478
9056 0.2445
9057 0.1168
9058 0.3417
9059 0.2258
9060 0.3849
9061 0.0737
9062 0.1849
9063 0.2052
9064 0.1952
9065 0.0916
9066 0.1476
9067 0.1214
9068 0.0986
9069 0.1032
9070 0.0925
9071 0.1758
9072 0.1636
9073 0.3915
9074 0.2485
9075 0.0803
9076 0.0986
9077 0.1372
9078 0.3145
9079 0.1200
9080 0.1369
9081 0.1578
9082 0.0724
9083 0.4990
9084 0.2019
9085 0.2615
9086 0.0974
9087 0.1129
9088 0.0805
9089 0.0877
9090 0.1269
9091 0.0766
9092 0.1038
9093 0.4382
9094 0.1161
9095 0.1229
9096 0.2904
9097 0.2379
9098 0.2546
9099 0.0934
9100 0.3653
9101 0.2402
9102 0.1075
9103 0.1527
9104 0.3196
9105 0.1717
9106 0.2366
9107 0.1160
9108 0.3975
9109 0.0783
9110 0.0776
9111 0.5241
9112 0.0634
9113 0.0955
9114 0.2294
9115 0.3574
9116 0.1497
9117 0.0715
9118 0.1017
9119 0.1664
9120 0.2168
9121 0.0911
9122 0.1122
9123 0.0996
9124 0.1495
9125 0.0651
9126 0.1088
9127 0.1124
9128 0.1465
9129 0.0967
9130 0.2173
9131 0.3532
9132 0.1179
9133 0.0805
9134 0.2678
9135 0.1242
9136 0.0792
9137 0.0782
9138 0.0697
9139 0.1123
9140 0.1153
9141 0.1546
9142 0.0718
9143 0.3212
9144 0.1275
9145 0.1212
9146 0.0737
9147 0.2990
9148 0.0819
9149 0.2966
9150 0.3702
9151 0.5398
9152 0.0824
9153 0.3079
9154 0.0778
9155 0.0917
9156 0.1180
9157 0.1840
9158 0.0884
9159 0.4322
9160 0.0726
9161 0.4065
9162 0.1091
9163 0.4760
9164 0.0942
9165 0.3771
9166 0.2009
9167 0.1974
9168 0.1191
9169 0.1504
9170 0.1961
9171 0.0993
9172 0.2815
9173 0.2639
9174 0.0956
9175 0.1094
9176 0.0984
9177 0.4073
9178 0.4068
9179 0.1059
9180 0.4203
9181 0.1006
9182 0.2350
9183 0.0684
9184 0.0975
9185 0.0954
9186 0.0726
9187 0.0908
9188 0.3408
9189 0.1671
9190 0.3093
9191 0.1520
9192 0.1546
9193 0.1047
9194 0.5092
9195 0.4186
9196 0.2612
9197 0.0788
9198 0.2317
9199 0.1350
9200 0.1514
9201 0.0640
9202 0.3627
9203 0.3391
9204 0.1097
9205 0.8769
9206 0.2550
9207 0.2313
9208 0.1304
9209 0.1209
9210 0.0788
9211 0.2204
9212 0.1959
9213 0.1480
9214 0.1061
9215 0.3762
9216 0.1329
9217 0.0880
9218 0.1204
9219 0.2569
9220 0.4137
9221 0.0966
9222 0.0885
9223 0.2362
9224 0.0902
9225 0.1164
9226 0.0905
9227 0.1092
9228 0.1998
9229 0.1053
9230 0.0950
9231 0.1643
9232 0.0791
9233 0.1344
9234 0.0866
9235 0.0813
9236 0.1229
9237 0.1208
9238 0.1094
9239 0.1386
9240 0.0887
9241 0.1756
9242 0.1242
9243 0.1536
9244 0.1497
9245 1.0235
9246 0.0862
9247 0.1480
9248 0.1324
9249 0.3952
9250 0.1003
9251 0.1055
9252 0.5373
9253 0.0973
9254 0.1077
9255 0.0952
9256 0.1970
9257 0.0774
9258 0.0916
9259 0.2186
9260 0.0945
9261 0.1546
9262 0.1028
9263 0.3019
9264 0.0796
9265 0.1366
9266 0.1222
9267 0.1404
9268 0.1237
9269 0.1116
9270 0.1290
9271 0.1712
9272 1.1094
9273 0.1214
9274 0.0860
9275 0.1246
9276 0.2317
9277 0.0972
9278 0.2080
9279 0.2210
9280 0.2142
9281 0.4881
9282 0.1185
9283 0.1455
9284 0.4102
9285 0.0976
9286 0.1738
9287 0.1417
9288 0.2346
9289 0.1197
9290 0.2187
9291 0.3894
9292 0.0912
9293 0.2929
9294 0.2824
9295 0.0996
9296 0.1306
9297 0.2943
9298 0.0970
9299 0.4807
9300 0.0786
9301 0.1350
9302 0.1279
9303 0.1262
9304 0.4031
9305 0.1374
9306 0.1857
9307 0.1520
9308 0.2600
9309 0.2479
9310 0.1501
9311 0.2644
9312 0.0837
9313 0.1573
9314 0.2287
9315 0.2539
9316 0.3119
9317 0.1045
9318 0.1483
9319 0.3173
9320 0.5029
9321 0.1080
9322 0.1319
9323 0.1132
9324 0.1662
9325 0.1022
9326 0.4249
9327 0.0695
9328 0.1330
9329 0.1320
9330 0.0883
9331 0.0789
9332 0.4170
9333 0.0839
9334 0.1462
9335 0.1430
9336 0.2673
9337 0.0932
9338 0.1270
9339 0.0948
9340 0.1058
9341 0.0966
9342 0.3880
9343 0.0781
9344 0.1721
9345 0.0875
9346 0.0899
9347 0.1312
9348 0.0927
9349 0.1042
9350 0.1323
9351 0.1148
9352 0.1862
9353 0.1415
9354 0.0869
9355 0.1309
9356 0.2573
9357 0.1515
9358 0.3767
9359 0.1328
9360 0.1930
9361 0.2860
9362 0.2580
9363 0.7772
9364 0.1269
9365 0.1093
9366 0.2815
9367 0.1749
9368 0.1098
9369 0.1050
9370 0.1152
9371 0.1276
9372 0.0741
9373 0.0894
9374 0.0845
9375 0.1245
9376 0.1867
9377 0.1101
9378 0.1489
9379 0.9003
9380 0.1493
9381 0.2397
9382 0.1105
9383 0.1667
9384 0.2534
9385 0.1352
9386 0.1192
9387 0.1756
9388 0.1764
9389 0.0921
9390 0.1660
9391 0.1645
9392 0.1077
9393 0.0658
9394 0.4359
9395 0.0955
9396 0.0791
9397 0.1621
9398 0.0830
9399 0.2807
9400 0.0922
9401 0.1470
9402 0.0775
9403 0.1119
9404 0.4853
9405 0.0898
9406 0.0958
9407 0.5050
9408 0.0858
9409 0.0795
9410 0.3724
9411 0.1867
9412 0.1092
9413 0.0832
9414 0.1139
9415 0.0700
9416 0.4427
9417 0.2186
9418 0.1073
9419 0.0892
9420 0.0790
9421 0.1384
9422 0.1196
9423 0.1186
9424 0.1868
9425 0.1559
9426 0.4488
9427 0.1041
9428 0.0876
9429 0.1266
9430 0.3710
9431 0.1131
9432 0.1379
9433 0.1357
9434 0.1493
9435 0.4253
9436 0.3083
9437 0.2500
9438 0.0842
9439 0.0870
9440 0.2007
9441 0.3485
9442 0.1104
9443 0.3376
9444 0.2830
9445 0.2395
9446 0.2015
9447 0.0970
9448 0.1221
9449 0.1793
9450 0.0833
9451 0.0999
9452 0.2637
9453 0.4025
9454 0.0973
9455 0.2587
9456 0.1273
9457 0.1645
9458 0.0860
9459 0.2286
9460 0.1278
9461 0.2682
9462 0.0801
9463 0.1658
9464 0.1056
9465 0.1241
9466 0.2334
9467 0.3408
9468 0.3863
9469 0.1217
9470 0.2362
9471 0.0926
9472 0.6505
9473 0.1396
9474 0.1445
9475 0.0910
9476 0.2490
9477 0.1454
9478 0.1973
9479 0.0973
9480 0.1217
9481 0.0837
9482 0.1824
9483 0.0941
9484 0.1047
9485 0.0876
9486 0.1273
9487 0.2294
9488 0.1231
9489 0.1907
9490 0.1361
9491 0.1303
9492 0.1204
9493 0.1151
9494 0.5308
9495 0.0857
9496 0.0902
9497 0.0813
9498 0.1324
9499 0.0824
9500 0.0824
9501 0.6959
9502 0.1011
9503 0.3062
9504 0.0807
9505 0.3047
9506 0.1715
9507 0.0759
9508 0.2552
9509 0.1486
9510 0.1004
9511 0.0855
9512 0.1285
9513 0.0919
9514 0.0921
9515 0.0842
9516 0.2632
9517 0.1036
9518 0.2061
9519 0.1155
9520 0.2690
9521 0.2013
9522 0.1727
9523 0.7794
9524 0.1995
9525 0.1834
9526 0.1102
9527 0.1408
9528 0.1135
9529 0.1912
9530 0.4029
9531 0.1911
9532 0.0903
9533 0.1538
9534 0.0965
9535 0.0783
9536 0.1314
9537 0.5178
9538 0.1340
9539 0.1228
9540 0.1113
9541 0.1110
9542 0.1000
9543 0.1271
9544 0.1040
9545 0.1043
9546 0.0679
9547 0.3338
9548 0.0752
9549 0.1502
9550 0.0727
9551 0.0964
9552 0.2097
9553 0.1801
9554 0.1207
9555 0.1077
9556 0.1113
9557 0.3614
9558 0.2281
9559 0.2239
9560 0.1628
9561 0.3698
9562 0.1967
9563 0.6742
9564 0.1558
9565 0.1475
9566 0.1482
9567 0.2048
9568 0.3586
9569 0.2877
9570 0.0851
9571 0.1310
9572 0.0916
9573 0.0975
9574 0.0792
9575 0.5490
9576 0.4506
9577 0.1201
9578 0.3167
9579 0.0932
9580 0.0859
9581 0.3093
9582 0.3279
9583 0.2214
9584 0.1355
9585 0.0661
9586 0.1003
9587 0.0834
9588 0.1003
9589 0.1275
9590 0.1471
9591 0.1449
9592 0.1005
9593 0.0855
9594 0.0956
9595 0.2849
9596 0.2742
9597 0.1489
9598 0.1333
9599 0.1662
9600 0.1043
9601 0.6835
9602 0.1132
9603 0.1216
9604 0.5484
9605 0.0971
9606 0.2826
9607 0.3154
9608 0.1181
9609 0.1046
9610 0.0979
9611 0.0873
9612 0.4193
9613 0.1533
9614 0.0874
9615 0.1095
9616 0.0905
9617 0.0712
9618 0.3024
9619 0.1831
9620 0.1473
9621 0.1265
9622 0.1216
9623 0.0870
9624 0.1246
9625 0.1088
9626 0.1840
9627 0.3092
9628 0.1584
9629 0.0751
9630 0.1596
9631 0.2249
9632 0.1003
9633 0.0856
9634 0.2507
9635 0.5487
9636 0.2290
9637 0.3371
9638 0.0941
9639 0.3928
9640 0.2257
9641 0.1341
9642 0.1466
9643 0.1179
9644 0.3629
9645 0.0951
9646 0.1221
9647 0.0787
9648 0.0890
9649 0.1846
9650 0.1107
9651 0.1091
9652 0.2459
9653 0.1559
9654 0.0989
9655 0.0870
9656 0.1159
9657 0.2587
9658 0.1524
9659 0.2429
9660 0.0808
9661 0.3378
9662 0.1411
9663 0.1373
9664 0.1136
9665 0.0733
9666 0.0954
9667 0.1514
9668 0.1259
9669 0.3254
9670 0.0740
9671 0.1079
9672 0.1081
9673 0.1675
9674 0.1531
9675 0.4539
9676 0.1123
9677 0.6320
9678 0.1057
9679 0.1368
9680 0.1828
9681 0.1041
9682 0.0914
9683 0.2915
9684 0.1605
9685 0.0894
9686 0.3593
9687 0.0982
9688 0.2195
9689 0.1222
9690 0.0855
9691 0.1118
9692 0.3826
9693 0.3079
9694 0.1346
9695 0.0780
9696 0.0831
9697 0.1297
9698 0.0744
9699 0.4401
9700 0.2916
9701 0.0739
9702 0.0814
9703 0.4291
9704 0.1110
9705 0.1298
9706 0.1929
9707 0.1748
9708 0.1011
9709 0.0908
9710 0.0883
9711 0.4535
9712 0.1253
9713 0.2375
9714 0.1235
9715 0.1306
9716 0.0967
9717 0.1394
9718 0.1244
9719 0.1345
9720 0.2527
9721 0.0771
9722 0.2140
9723 0.2605
9724 0.1415
9725 0.3378
9726 0.1264
9727 0.0912
9728 0.0708
9729 0.1086
9730 0.1084
9731 0.1099
9732 0.0991
9733 0.0767
9734 0.2597
9735 0.1103
9736 0.0950
9737 0.0681
9738 0.4363
9739 0.1146
9740 0.0816
9741 0.3394
9742 0.1245
9743 0.1401
9744 0.1669
9745 0.2713
9746 0.0858
9747 0.0773
9748 0.0920
9749 0.4386
9750 0.2068
9751 0.1038
9752 0.1469
9753 0.3023
9754 0.0787
9755 0.2554
9756 0.1521
9757 0.1505
9758 0.1691
9759 0.2029
9760 0.7740
9761 0.0910
9762 0.0899
9763 0.5391
9764 0.1089
9765 0.1124
9766 0.1841
9767 0.1157
9768 0.1088
9769 0.0989
9770 0.1542
9771 0.1110
9772 0.0974
9773 0.1654
9774 0.1404
9775 0.1391
9776 0.0932
9777 0.2540
9778 0.1047
9779 0.2371
9780 0.4288
9781 0.1068
9782 0.1488
9783 0.1497
9784 0.0699
9785 0.1277
9786 0.1392
9787 0.0807
9788 0.0768
9789 0.1005
9790 0.0753
9791 0.1169
9792 0.0862
9793 0.4809
9794 0.4073
9795 0.1306
9796 0.0990
9797 0.1163
9798 0.1081
9799 0.0780
9800 0.1949
9801 0.1805
9802 0.2113
9803 0.1248
9804 0.1151
9805 0.3624
9806 0.3397
9807 0.1160
9808 0.3210
9809 0.1710
9810 0.1073
9811 0.1399
9812 0.2573
9813 0.1587
9814 0.5876
9815 0.1482
9816 0.0927
9817 0.1129
9818 0.0947
9819 0.0921
9820 0.1728
9821 0.1696
9822 0.2282
9823 0.0906
9824 0.0779
9825 0.1431
9826 0.1176
9827 0.0942
9828 0.1480
9829 0.1347
9830 0.0950
9831 0.3770
9832 0.1091
9833 0.0803
9834 0.0819
9835 0.3499
9836 0.1913
9837 0.1770
9838 0.2715
9839 0.1018
9840 0.1521
9841 0.1884
9842 0.1084
9843 0.1847
9844 0.6842
9845 0.1031
9846 0.4343
9847 0.1021
9848 0.1567
9849 0.1881
9850 0.1074
9851 0.1283
9852 0.1828
9853 0.1797
9854 0.1120
9855 0.2043
9856 0.2930
9857 0.1360
9858 0.1833
9859 0.1073
9860 0.0775
9861 0.0829
9862 0.1260
9863 0.1461
9864 0.1008
9865 0.0855
9866 0.1383
9867 0.1614
9868 0.2608
9869 0.9938
9870 0.2618
9871 0.0855
9872 0.1714
9873 0.2109
9874 0.0807
9875 0.0951
9876 0.3344
9877 0.1645
9878 0.0969
9879 0.0908
9880 0.1335
9881 0.2063
9882 0.1028
9883 0.1928
9884 0.1040
9885 0.1009
9886 0.2389
9887 0.1251
9888 0.0732
9889 0.2556
9890 0.1064
9891 0.1005
9892 0.1608
9893 0.1328
9894 0.1115
9895 0.1262
9896 0.1583
9897 0.1394
9898 0.1107
9899 0.0965
9900 0.1869
9901 0.0964
9902 0.0885
9903 0.0828
9904 0.9527
9905 0.0852
9906 0.0716
9907 0.2230
9908 0.2225
9909 0.1481
9910 0.2544
9911 0.1126
9912 0.0759
9913 0.1808
9914 0.1072
9915 0.1204
9916 0.1138
9917 0.0870
9918 0.0724
9919 0.3475
9920 0.1257
9921 0.1335
9922 0.2473
9923 0.1629
9924 0.0847
9925 0.2534
9926 0.0687
9927 0.0806
9928 0.4802
9929 0.4064
9930 0.0852
9931 0.0793
9932 0.1329
9933 0.4071
9934 0.1718
9935 0.3300
9936 0.1419
9937 0.0945
9938 0.1059
9939 0.0973
9940 0.2395
9941 0.3738
9942 0.0840
9943 0.1581
9944 0.0987
9945 0.3730
9946 0.1126
9947 0.1003
9948 0.0923
9949 0.1235
9950 0.6561
9951 0.0838
9952 0.1160
9953 0.3558
9954 0.2163
9955 0.4283
9956 0.2940
9957 0.1042
9958 0.3600
9959 0.1019
9960 0.3099
9961 0.2304
9962 1.4940
9963 0.0821
9964 0.2066
9965 0.1766
9966 0.2730
9967 0.1132
9968 0.2726
9969 0.1423
9970 0.2096
9971 0.1641
9972 0.1127
9973 0.1178
9974 0.0895
9975 0.0909
9976 0.0801
9977 0.3510
9978 0.2142
9979 0.0926
9980 0.0882
9981 0.1162
9982 0.1149
9983 0.2454
9984 0.1956
9985 0.1082
9986 0.1331
9987 0.2881
9988 0.1973
9989 0.4085
9990 0.0795
9991 0.0834
9992 0.0798
9993 0.2472
9994 0.1253
9995 0.1159
9996 0.0854
9997 0.0767
9998 0.2248
9999 0.1982
10000 0.0932
