   1 3.3058
   2 3.9561
   3 41.7861
   4 64.4502
   5 9.7103
   6 39.1702
   7 6.5060
   8 48.2582
   9 16.0005
  10 2.0709
  11 2.1353
  12 1.6026
  13 58.6754
  14 4.1997
  15 0.7485
  16 13.8004
  17 9.0389
  18 6.3880
  19 73.8971
  20   NaN
  21 4.4966
  22 5.3696
  23 4.1704
  24 10.8270
  25 52.1817
  26 12.2249
  27 14.1399
  28 12.8853
  29 24.7385
  30 10.2666
  31 10.8685
  32 0.3733
  33 5.1061
  34 6.4507
  35 10.4930
  36 3.3423
  37 26.1504
  38 0.9385
  39 79.0284
  40 4.9151
  41 76.8716
  42 26.0509
  43 0.9566
  44 25.9329
  45 8.5225
  46 15.7315
  47 3.6549
  48 10.3597
  49 75.7388
  50 36.8767
  51 6.3192
  52 45.5836
  53 90.9744
  54 2.6671
  55 15.8206
  56 6.0548
  57   NaN
  58 8.3662
  59 0.7638
  60 6.3237
  61 29.4835
  62 19.9542
  63 1.7742
  64   NaN
  65 11.5288
  66 44.5414
  67 10.6966
  68 6.6638
  69 35.0748
  70 11.1201
  71 113.9956
  72 11.0619
  73 45.3292
  74 7.2871
  75 1.5069
  76 3.9441
  77   NaN
  78 4.8892
  79 14.8558
  80 3.8888
  81 18.9632
  82 7.9358
  83 13.2615
  84 7.2627
  85 42.2958
  86 17.0573
  87 28.7494
  88 5.8135
  89 1.4469
  90 11.8729
  91 21.2119
  92 44.5038
  93 5.6327
  94 2.4220
  95   NaN
  96 0.4264
  97 93.0582
  98 13.3285
  99 57.1981
 100 36.1506
 101 19.3141
 102 35.7396
 103 11.6376
 104 3.7324
 105 12.1369
 106 1.7192
 107 111.6070
 108 8.7214
 109 1.4840
 110 2.7382
 111   NaN
 112 41.1968
 113 10.4758
 114 1.1674
 115 28.1266
 116 3.7907
 117 8.2256
 118 1.0877
 119 4.1285
 120 3.9658
 121 15.8611
 122 35.4671
 123 92.4235
 124 32.7252
 125 18.2593
 126 27.0680
 127 16.5233
 128 9.7346
 129 7.3806
 130 10.5642
 131 11.6658
 132 2.0358
 133 45.2521
 134 25.9271
 135 2.6636
 136 12.9789
 137 18.1392
 138 12.6461
 139 27.1138
 140 46.1005
 141 3.0882
 142 33.8334
 143 2.7605
 144 6.8576
 145 36.3330
 146 1.4845
 147 15.3271
 148 75.8982
 149 1.9473
 150 6.1915
 151 11.5026
 152 3.6158
 153 8.2771
 154 1.3720
 155 42.5900
 156 13.5138
 157 14.8723
 158 27.9177
 159 4.6287
 160 11.0434
 161 11.9414
 162 3.5910
 163 16.4125
 164 2.1259
 165 442.5753
 166 44.5765
 167 5.4222
 168 12.1384
 169 5.0791
 170 34.5805
 171   NaN
 172 16.7809
 173 16.3280
 174 3.6052
 175   NaN
 176 13.2457
 177 41.1532
 178 3.5478
 179 21.0230
 180 38.4164
 181   NaN
 182 10.4930
 183 15.0949
 184 17.2331
 185   NaN
 186   NaN
 187 3.5497
 188 5.0782
 189 4.8451
 190 58.4962
 191 4.0335
 192 23.7774
 193 2.7291
 194 11.5919
 195 5.4826
 196   NaN
 197 27.5803
 198 3.1159
 199 3.1427
 200 8.1158
 201 2.7002
 202 23.2824
 203 9.7625
 204 6.2711
 205 9.7920
 206 0.7660
 207 62.4495
 208 20.4422
 209 7.9782
 210 27.6686
 211 50.4423
 212 58.6379
 213   NaN
 214 105.6907
 215 4.3108
 216 1.9218
 217 15.0306
 218 8.4211
 219 38.0121
 220 8.8713
 221 84.6800
 222 23.1440
 223 2.6858
 224 15.5438
 225 17.6019
 226 15.5619
 227 5.5863
 228 7.5050
 229 26.3370
 230 3.7505
 231 0.4321
 232 5.0581
 233 14.7514
 234 6.6654
 235 2.1289
 236 16.4760
 237 16.0160
 238 4.8484
 239   NaN
 240 0.9944
 241 16.9385
 242   NaN
 243 16.9224
 244 12.9966
 245 2.5052
 246 4.5295
 247 7.2066
 248 29.7818
 249 34.9133
 250 2.8587
 251 30.5194
 252 20.1007
 253   NaN
 254 6.5731
 255 49.0973
 256 70.2113
 257 10.1830
 258 70.4962
 259 51.7749
 260 1.1785
 261 38.9133
 262 5.5415
 263 51.2679
 264 34.6244
 265 11.0867
 266 6.0037
 267 43.6663
 268 19.2802
 269 1.1682
 270 53.1539
 271   NaN
 272 56.3571
 273 7.2908
 274 66.1641
 275 9.7119
 276 7.8713
 277 16.0125
 278 1.0477
 279 49.3864
 280 1.1808
 281 15.9412
 282 7.2024
 283 3.8084
 284 0.2139
 285 40.6664
 286 2.6293
 287 27.7224
 288   NaN
 289   NaN
 290 13.2036
 291 9.5751
 292 11.6834
 293 6.9156
 294 2.3566
 295 22.2784
 296 4.5286
 297 5.3224
 298 16.8850
 299 0.7049
 300 2.4916
 301 6.2560
 302 127.3849
 303 24.3383
 304 42.7350
 305 6.4141
 306 26.8212
 307 8.1982
 308 1.8175
 309 1.3672
 310 46.4969
 311 37.2241
 312 35.6436
 313 2.2718
 314 8.5013
 315 3.7648
 316 12.2979
 317 10.2037
 318   NaN
 319 2.7944
 320   NaN
 321 66.1798
 322 9.4120
 323 5.9583
 324 14.9704
 325   NaN
 326 5.5179
 327   NaN
 328 1.6522
 329 36.3838
 330 16.6317
 331 10.2320
 332 2.5927
 333 9.4074
 334 10.0746
 335 10.0623
 336 7.1929
 337 12.0570
 338 54.0875
 339 12.8022
 340 4.1359
 341 18.1337
 342 12.0006
 343   NaN
 344 18.4852
 345   NaN
 346 20.2560
 347 4.0398
 348 7.8552
 349 4.0420
 350 31.4769
 351 164.7623
 352 69.0184
 353 20.6059
 354 5.4535
 355 14.3062
 356 1.7114
 357 0.7053
 358   NaN
 359 5.8135
 360 9.0113
 361 15.0885
 362 61.5053
 363 0.4671
 364 9.3255
 365 49.4289
 366 13.8830
 367 3.7075
 368 112.3314
 369 12.5701
 370 5.9990
 371 3.1204
 372 3.5096
 373 4.7075
 374 16.1704
 375   NaN
 376   NaN
 377 21.9754
 378   NaN
 379 27.8452
 380 23.3077
 381 10.3532
 382 7.4568
 383 3.2790
 384 1.6509
 385 28.2291
 386 5.4602
 387 21.5710
 388 13.4710
 389 61.0400
 390 17.5471
 391 47.6130
 392 2.5450
 393 1.5491
 394 9.1691
 395 7.7089
 396 17.2193
 397 9.1650
 398 48.3843
 399 23.0482
 400 82.1396
 401 14.0607
 402 11.4852
 403 5.5104
 404 5.7458
 405   NaN
 406 28.5993
 407 32.2635
 408 8.9233
 409 3.9921
 410 19.5557
 411 30.9335
 412 3.4750
 413 8.3666
 414 52.8619
 415 3.4956
 416 22.8795
 417 13.0071
 418 14.8782
 419 6.9777
 420 1.5013
 421 36.0083
 422 3.0150
 423 49.9880
 424 24.5339
 425 4.4452
 426 14.0947
 427 18.6232
 428 2.0141
 429 45.2244
 430   NaN
 431   NaN
 432 11.2764
 433 25.6545
 434 1.6845
 435 10.2032
 436 32.9340
 437   NaN
 438   NaN
 439 2.5597
 440   NaN
 441 49.1024
 442 2.6205
 443 3.0830
 444 2.9576
 445 3.1503
 446 1.0292
 447 14.5578
 448 18.6873
 449 15.8347
 450 7.8359
 451 2.1254
 452 16.2901
 453 4.2869
 454 5.0486
 455 8.0477
 456 3.6675
 457 63.5124
 458 2.6878
 459 0.7016
 460 3.5511
 461 2.4189
 462 81.1457
 463 1.2290
 464 21.6025
 465 1.6083
 466 54.8988
 467 2.6848
 468 45.2645
 469   NaN
 470 12.9288
 471 2.4187
 472 8.6870
 473 53.7699
 474 44.5782
 475 9.6793
 476 17.4071
 477 7.5448
 478 10.2069
 479   NaN
 480 14.3415
 481 45.9443
 482 8.8119
 483 4.6329
 484 8.9930
 485 8.2034
 486 13.7366
 487 18.0442
 488 41.6755
 489 10.1092
 490 22.6084
 491 16.4276
 492 2.6266
 493 6.3746
 494 11.6532
 495 58.3208
 496 3.3880
 497 5.5152
 498 4.7244
 499 31.2606
 500 19.6911
 501 14.6244
 502 31.5678
 503 0.8540
 504 12.6342
 505 4.1566
 506 7.8084
 507 67.0235
 508 24.1892
 509 8.5197
 510 126.5261
 511 6.4231
 512 6.5322
 513 10.6083
 514 17.6088
 515 41.4549
 516 7.2394
 517 12.5693
 518 19.9301
 519 8.3832
 520 1.0788
 521 22.5593
 522 3.7117
 523 11.7069
 524 10.9706
 525 9.1778
 526 16.9653
 527 12.9365
 528 17.8558
 529 26.3745
 530 13.3594
 531 7.7104
 532 59.0631
 533 11.0429
 534 23.4544
 535 16.0077
 536 8.1817
 537   NaN
 538 2.5552
 539 11.5256
 540 6.4367
 541 6.0858
 542 2.3798
 543 10.1739
 544 5.9315
 545 16.6009
 546 31.7749
 547 1.0182
 548   NaN
 549 17.3790
 550 6.2549
 551 28.2151
 552 4.2465
 553 11.9165
 554 8.2352
 555 13.3975
 556 14.3956
 557 12.0085
 558 30.3569
 559 8.0660
 560 13.2307
 561 6.2433
 562 31.8383
 563 13.6597
 564 4.4453
 565 8.4979
 566 10.8740
 567   NaN
 568 0.1803
 569 30.2566
 570 71.5260
 571 50.2748
 572 3.1651
 573 3.2816
 574 61.2060
 575 37.4036
 576 4.5196
 577 63.3207
 578 10.6616
 579 5.8902
 580 1.7212
 581 52.4312
 582 12.9190
 583 4.6995
 584 4.2353
 585   NaN
 586 0.8304
 587 4.4060
 588 11.1966
 589 17.3773
 590 16.0709
 591 16.0070
 592 3.9328
 593   NaN
 594 5.6231
 595 3.1843
 596 3.0371
 597 7.1343
 598 4.3446
 599 42.0713
 600 2.4813
 601 47.4520
 602 4.0444
 603 6.0586
 604 20.2774
 605 60.6927
 606 46.0590
 607 1.5065
 608 12.3418
 609 8.1087
 610 5.9928
 611 0.5920
 612 14.7612
 613 1.2114
 614 21.5462
 615 2.3165
 616 5.6518
 617 27.4141
 618 5.8062
 619 3.8326
 620 50.0689
 621 7.0058
 622 24.5236
 623 6.4959
 624 4.2585
 625 3.2022
 626 11.7231
 627 0.6313
 628 2.5276
 629 7.3182
 630 7.5010
 631 22.2695
 632 15.4260
 633 11.1160
 634 5.7196
 635 56.5972
 636 4.9171
 637 120.1028
 638 1.0264
 639 18.5131
 640 4.5219
 641 68.8461
 642 46.4914
 643 55.8497
 644 2.6632
 645 6.5048
 646   NaN
 647 9.7756
 648 10.8699
 649 2.4541
 650 17.5145
 651 8.8077
 652 5.1251
 653 27.5114
 654 21.9690
 655 37.9834
 656 8.7636
 657 7.3626
 658 2.3334
 659 8.4962
 660 45.2726
 661 4.0591
 662 10.2263
 663 10.8061
 664 104.8649
 665 35.9583
 666 25.3805
 667 7.5860
 668 56.2183
 669 19.9677
 670   NaN
 671 8.4159
 672 16.5077
 673 1.6655
 674 25.0225
 675 4.1469
 676 13.7149
 677 6.1520
 678 17.4938
 679 22.5591
 680 55.9750
 681 0.1215
 682 26.8187
 683 53.4931
 684 1.0247
 685 4.2856
 686 12.4610
 687 51.5110
 688 5.8907
 689 1.0016
 690 12.7359
 691 7.4326
 692 5.2345
 693 9.1595
 694 6.7442
 695 32.6983
 696 16.7555
 697 47.0784
 698 3.8787
 699 14.4988
 700 14.8048
 701 4.3053
 702 4.1754
 703 25.2369
 704 25.1355
 705 15.3618
 706 31.3665
 707 96.3616
 708 3.2439
 709 0.7814
 710 12.7917
 711 16.8185
 712 31.0817
 713 21.4320
 714 29.0301
 715 12.3616
 716 3.5705
 717 17.6466
 718 5.4527
 719 0.7362
 720 49.2382
 721 16.2803
 722 38.5680
 723 23.8800
 724 8.9921
 725   NaN
 726 39.8172
 727 3.2572
 728 2.7013
 729 7.2826
 730 20.6619
 731 7.7581
 732 81.7697
 733 1.5204
 734 11.7560
 735 2.4655
 736 16.5598
 737 0.3951
 738 1.3075
 739 29.4397
 740 8.1019
 741 2.7667
 742   NaN
 743 55.1807
 744   NaN
 745 45.9959
 746 34.1037
 747   NaN
 748 39.2010
 749 11.3401
 750 10.7163
 751 8.7748
 752 10.5941
 753 48.0581
 754 9.2735
 755 16.9435
 756 9.4752
 757 7.1428
 758 33.7731
 759 2.1791
 760 40.1699
 761 10.0527
 762 13.5383
 763 29.6166
 764 0.6330
 765 37.2896
 766 24.2639
 767 71.9056
 768 41.8235
 769 1.5454
 770 47.6276
 771 14.7640
 772   NaN
 773 35.5222
 774 3.6412
 775 7.6833
 776 19.8508
 777 8.7419
 778 17.5373
 779 11.3609
 780 2.7599
 781 53.1647
 782 21.3453
 783 1.9217
 784 12.4709
 785 19.3070
 786 45.3130
 787 44.4945
 788 103.1547
 789 12.6163
 790 30.0173
 791 6.4129
 792 53.7741
 793 1.3558
 794 13.1088
 795 41.9278
 796 111.9227
 797 6.3058
 798 13.7070
 799 1.1274
 800 41.6215
 801 10.8851
 802 19.2243
 803 4.5645
 804 77.7611
 805   NaN
 806 44.9814
 807 37.6733
 808 5.0374
 809 44.2205
 810 18.6561
 811 3.2995
 812 1.0559
 813 18.7571
 814 34.2889
 815 26.8132
 816 25.0839
 817 4.5715
 818 51.2395
 819 5.0065
 820 20.9378
 821 16.7769
 822 48.5687
 823 19.4909
 824 20.0917
 825 5.2391
 826 8.6050
 827 22.8435
 828 10.9668
 829 57.5744
 830 12.3940
 831 2.1173
 832 24.1674
 833 0.7767
 834 66.8887
 835 3.4564
 836 5.8187
 837 4.6524
 838 4.7370
 839 8.2043
 840 48.6446
 841 5.8683
 842 19.8126
 843 9.9545
 844 3.8586
 845 42.5587
 846   NaN
 847 20.2802
 848 21.6360
 849 1.1503
 850 3.6106
 851 32.8206
 852 14.7671
 853 28.9286
 854 43.9246
 855 5.9658
 856 59.5876
 857 5.9263
 858 2.6666
 859 29.0357
 860 5.6547
 861 5.1745
 862 9.3211
 863 29.5704
 864 5.4674
 865 2.6636
 866 2.6458
 867 22.5561
 868 0.8298
 869 5.8626
 870 11.0192
 871 5.3323
 872 41.8295
 873 1.4961
 874 4.0861
 875 7.2040
 876 20.3683
 877 13.2990
 878 1.8470
 879 14.1404
 880 25.1877
 881 42.6847
 882 11.1787
 883 1.5168
 884 1.6764
 885 0.7897
 886 19.9517
 887 8.8488
 888 12.0414
 889 47.2489
 890 34.7605
 891 6.0085
 892 16.2824
 893 34.3306
 894 0.2779
 895 57.4334
 896 0.9555
 897 17.8832
 898 59.6222
 899 83.8666
 900 10.1600
 901 17.0257
 902 26.1289
 903 23.9615
 904 19.8244
 905 1.3493
 906 23.8568
 907 16.1687
 908 0.6603
 909 10.8867
 910 11.3021
 911 15.1467
 912 5.2639
 913 6.0514
 914 85.3471
 915 13.7347
 916 2.4991
 917 2.8926
 918 23.9985
 919   NaN
 920 14.2454
 921   NaN
 922 21.3536
 923 3.6520
 924 15.6444
 925 2.7879
 926   NaN
 927 2.3071
 928 10.6224
 929 6.9479
 930 41.1714
 931 3.8289
 932 3.4384
 933 64.6910
 934 10.5671
 935 19.5951
 936 7.8847
 937 33.9800
 938 10.7180
 939 0.9908
 940 19.0301
 941 14.9931
 942 53.3348
 943 65.0071
 944 14.4053
 945 3.2848
 946 40.2779
 947 8.2279
 948 14.0188
 949 6.8660
 950 46.5825
 951 11.4580
 952 1.9163
 953 9.5962
 954 1.4000
 955 58.9013
 956 2.7069
 957 64.8888
 958 16.4802
 959 58.0261
 960 23.8427
 961   NaN
 962 19.0834
 963   NaN
 964 2.9797
 965   NaN
 966   NaN
 967 3.4405
 968 11.3999
 969 12.2238
 970 4.6597
 971 8.9118
 972 18.0454
 973 1.2508
 974 2.7089
 975 10.4769
 976 14.1211
 977 19.6207
 978 5.0925
 979 9.7084
 980 4.6265
 981 5.6839
 982 8.4645
 983 16.8095
 984 15.6237
 985 15.1020
 986 35.2203
 987 3.9603
 988 9.7203
 989 12.9400
 990 43.7701
 991 10.2535
 992 9.3870
 993 6.8085
 994 27.8031
 995 26.8396
 996 10.3734
 997 19.3084
 998 48.0359
 999 2.4279
1000 353.7058
1001 3.3372
1002 9.1788
1003 15.3878
1004 15.7210
1005 8.7925
1006 28.7674
1007 10.8959
1008 81.3573
1009 46.1507
1010 16.4078
1011 21.1886
1012 12.8417
1013   NaN
1014 2.5357
1015 3.6333
1016 36.8556
1017 14.8017
1018   NaN
1019 18.5977
1020 8.5859
1021 51.4360
1022 6.9472
1023 73.1075
1024 36.7583
1025 17.0844
1026 6.4961
1027 5.9527
1028 1.7439
1029 16.7833
1030 64.6846
1031 38.7918
1032 6.9122
1033 4.0909
1034 3.3002
1035 30.3772
1036   NaN
1037 2.3832
1038   NaN
1039 6.1291
1040 59.8215
1041 15.7868
1042 20.0956
1043   NaN
1044 44.5856
1045 93.0009
1046 2.6321
1047 4.5530
1048 8.8863
1049 10.2366
1050 6.5769
1051 48.7863
1052 66.2408
1053 8.7192
1054 12.9782
1055 12.9838
1056 8.2890
1057 17.9901
1058 10.2121
1059 10.3782
1060 7.9510
1061 22.3768
1062 6.0181
1063 12.0681
1064 27.9721
1065 5.7637
1066   NaN
1067 6.1750
1068 0.8787
1069 15.4481
1070 19.1786
1071 1.2118
1072 30.3503
1073 38.8480
1074 16.4079
1075 5.6137
1076 5.7541
1077 43.2347
1078 9.6149
1079   NaN
1080   NaN
1081 17.1897
1082 1.3381
1083 43.0650
1084 15.9176
1085 3.9051
1086 4.6980
1087 9.6651
1088 8.0542
1089 2.7561
1090 54.4624
1091 3.4200
1092 3.9012
1093 5.3179
1094 47.2445
1095 42.0468
1096 10.7973
1097 4.7566
1098 1.9047
1099 12.2303
1100 19.6745
1101 7.5517
1102 11.8408
1103 63.1601
1104 39.5549
1105 95.2456
1106 29.4025
1107 0.1966
1108 3.6682
1109 29.0777
1110 4.1002
1111 21.1879
1112 26.3541
1113 1.3504
1114 3.5526
1115 14.9338
1116 67.4134
1117 119.4688
1118 3.5918
1119 53.9193
1120 4.7117
1121 9.0330
1122 41.1353
1123 13.6642
1124 36.4213
1125 1.2518
1126 9.1738
1127 9.3755
1128 3.0469
1129 0.4431
1130 6.9338
1131 60.4599
1132 1.4942
1133 12.5685
1134 3.9475
1135 7.6485
1136 27.4651
1137 13.3320
1138 7.1171
1139 48.2381
1140   NaN
1141 8.1440
1142 31.8702
1143 28.8215
1144 8.0229
1145 1.6874
1146 2.9475
1147   NaN
1148 41.0362
1149 42.0200
1150 10.1026
1151 11.9822
1152 10.2141
1153 10.0814
1154 4.8438
1155 7.4028
1156 11.8122
1157 28.2941
1158 3.4071
1159 1.2118
1160 20.4269
1161 70.1344
1162 1.2896
1163 39.6999
1164 5.7483
1165 2.2507
1166 23.9931
1167 4.5625
1168 29.1298
1169 14.7940
1170 10.4486
1171 6.9700
1172 9.0787
1173 41.9675
1174 14.5941
1175 3.6958
1176 7.5907
1177 19.1049
1178 18.7420
1179 7.4259
1180 63.1842
1181 9.6349
1182 40.8013
1183 14.9369
1184 42.8044
1185 30.7735
1186 1.8756
1187 7.7868
1188 15.4997
1189 54.3844
1190 5.4878
1191 31.6538
1192 17.1347
1193 3.9550
1194 49.1873
1195 13.5665
1196 25.4081
1197 38.0472
1198 5.9941
1199 6.8160
1200 7.6293
1201   NaN
1202 27.8600
1203   NaN
1204 58.8436
1205 14.2189
1206 4.7010
1207   NaN
1208 5.0431
1209 18.5729
1210 114.6280
1211 18.5030
1212 7.8231
1213 22.7174
1214 5.7562
1215 9.4487
1216 29.3467
1217 2.6538
1218 3.1033
1219 154.6870
1220 22.4958
1221   NaN
1222 11.7656
1223 14.7321
1224 12.0887
1225   NaN
1226 107.7374
1227   NaN
1228 21.8060
1229 20.9167
1230 3.5711
1231 8.0063
1232 2.6511
1233 24.8093
1234 9.7265
1235 2.4324
1236 1.6617
1237 61.2567
1238 9.3173
1239 20.1165
1240 54.5897
1241 3.2066
1242 49.0274
1243 24.7939
1244 45.8062
1245 76.0868
1246 12.1423
1247 12.7259
1248 18.5649
1249 3.0508
1250 34.0186
1251 9.0126
1252 42.4756
1253 27.4499
1254 5.1050
1255 3.3123
1256 11.9356
1257 22.9852
1258 11.4394
1259 17.0144
1260 19.5712
1261 1.8478
1262 5.4820
1263 4.0362
1264   NaN
1265 3.8969
1266 14.5680
1267 12.1250
1268 14.9938
1269 5.1661
1270 97.7228
1271 1.7735
1272   NaN
1273 3.0908
1274 8.7462
1275   NaN
1276 13.2455
1277 29.5981
1278 1.3721
1279 17.9341
1280 2.0150
1281 7.9873
1282 4.3386
1283 4.3243
1284 16.6861
1285 12.1677
1286   NaN
1287 4.1297
1288 68.4478
1289 7.2690
1290 4.3554
1291 10.3164
1292 7.4809
1293 12.2074
1294 1.4686
1295 7.4954
1296 27.7728
1297 4.7282
1298 24.1559
1299 4.6486
1300 1.7114
1301   NaN
1302 40.3371
1303 16.5947
1304 11.4460
1305 10.3278
1306 8.1028
1307 0.7984
1308 1.6657
1309 1.8227
1310 77.2399
1311 23.6996
1312   NaN
1313 3.2616
1314   NaN
1315 19.2145
1316 48.4980
1317 8.7070
1318 2.1400
1319 30.1445
1320 28.7714
1321 35.8636
1322 4.2513
1323 36.9154
1324 15.1293
1325   NaN
1326 4.3955
1327 3.4800
1328 80.4207
1329 43.1765
1330 6.9924
1331 7.3480
1332 7.1650
1333 12.7058
1334 36.5841
1335 22.0906
1336 8.2535
1337 9.7800
1338   NaN
1339 4.0685
1340 72.8893
1341 6.4006
1342 70.1335
1343 44.7678
1344 9.1767
1345 34.6626
1346 4.9219
1347 57.4706
1348 22.9158
1349 11.5130
1350 24.0166
1351 18.3095
1352   NaN
1353 73.3683
1354 6.6414
1355 44.9538
1356 44.1005
1357 1.9252
1358 5.4004
1359 12.3198
1360 89.0314
1361 37.2106
1362 50.9483
1363 4.9464
1364 11.9957
1365 5.9712
1366 33.0438
1367 33.8424
1368 25.5879
1369 1.8685
1370 13.1529
1371 8.6488
1372 5.2262
1373 32.1962
1374 101.1312
1375 28.3717
1376 23.6981
1377 21.0580
1378 2.2675
1379 2.3236
1380 8.0281
1381 4.3945
1382 40.6454
1383 21.2326
1384   NaN
1385 16.7172
1386 4.5377
1387 20.9306
1388 10.8041
1389 26.4342
1390 35.0713
1391 8.2625
1392 10.6232
1393 2.0118
1394 3.2480
1395 18.1577
1396 45.1074
1397 10.1316
1398 1.7958
1399 2.6226
1400 25.6509
1401 5.5482
1402 4.1249
1403 10.4386
1404 7.8844
1405 13.3272
1406 2.8027
1407 1.8131
1408 56.2137
1409 4.7854
1410 4.2401
1411 4.7979
1412 32.3543
1413 18.7843
1414 121.1228
1415 48.0690
1416 4.5194
1417 42.2000
1418 38.7049
1419 80.6635
1420 5.0703
1421 7.5034
1422 59.9155
1423 37.5747
1424 40.5894
1425 30.8018
1426 11.3075
1427 10.8744
1428 126.9486
1429 0.2446
1430 3.1918
1431 2.8269
1432 18.1330
1433 2.6222
1434 21.8698
1435 5.8778
1436 56.1432
1437 1.0837
1438   NaN
1439 19.1766
1440 16.7859
1441   NaN
1442 17.3959
1443 135.5912
1444 4.7858
1445 5.0514
1446 4.6515
1447 13.6788
1448 11.0716
1449 28.9337
1450 9.6602
1451 0.7635
1452 6.8385
1453 11.8408
1454 23.8720
1455 73.9525
1456 8.4400
1457 33.4329
1458 16.6914
1459 6.9013
1460 64.7468
1461 13.7528
1462 7.9652
1463 4.1004
1464 12.6768
1465 6.2032
1466 3.8267
1467 8.6080
1468 22.3128
1469 2.1923
1470 8.0491
1471 9.2673
1472 3.5796
1473 10.9943
1474 5.4673
1475 51.5167
1476 69.4051
1477 4.2775
1478 1.2470
1479 5.2306
1480 11.3714
1481 57.8274
1482 2.2669
1483 2.8499
1484 61.2939
1485 22.3526
1486 45.6386
1487 3.5179
1488 98.6426
1489 45.6061
1490 6.2992
1491 7.8684
1492 9.7020
1493 18.4892
1494 31.4710
1495 2.2093
1496   NaN
1497 18.1174
1498 5.7364
1499 27.1053
1500 16.9542
1501 6.7820
1502 14.0522
1503 50.5475
1504 2.2632
1505   NaN
1506 4.2232
1507 5.9182
1508 12.1776
1509 11.4208
1510 5.3268
1511 5.3007
1512 18.6875
1513 22.6890
1514 43.2226
1515 5.6329
1516 4.5663
1517 7.1063
1518 32.7409
1519 2.1303
1520 102.2325
1521 29.1918
1522 10.5472
1523 4.5693
1524 60.5465
1525 56.1003
1526 73.4127
1527 12.5443
1528 2.3934
1529 29.6323
1530 14.5437
1531 54.7049
1532 1.1347
1533 15.1550
1534 16.7898
1535 34.1932
1536 7.0066
1537 43.6615
1538 14.0503
1539 8.7639
1540 22.5174
1541   NaN
1542 3.2583
1543 16.7138
1544   NaN
1545 8.9120
1546 5.5147
1547 51.5661
1548 13.2931
1549 15.7297
1550 70.3159
1551 26.5588
1552 12.7044
1553 11.3826
1554 14.7166
1555 8.7767
1556 8.6237
1557 23.3186
1558 9.9483
1559 11.4399
1560 9.4229
1561   NaN
1562 1.5901
1563 30.8503
1564 70.2535
1565 64.9047
1566 19.8737
1567 5.8941
1568   NaN
1569 31.0317
1570 23.4913
1571 4.4816
1572 20.2887
1573 54.0576
1574 16.9359
1575   NaN
1576 0.7222
1577 22.8883
1578 2.2166
1579   NaN
1580 3.9119
1581 16.7155
1582 14.2423
1583 8.5254
1584 17.9090
1585 6.6376
1586 52.6065
1587 56.7189
1588 61.3479
1589 19.3919
1590 6.8449
1591   NaN
1592 52.5092
1593 45.8530
1594 6.0240
1595 29.6662
1596 48.3489
1597 4.2259
1598 2.9285
1599 8.7829
1600 1.0883
1601 1.6216
1602 44.2357
1603 45.0306
1604 6.5442
1605 20.8440
1606 1.4516
1607 0.5201
1608 11.4958
1609 3.2154
1610 1.6479
1611 17.4312
1612 113.6461
1613 18.2617
1614 28.1072
1615 4.8779
1616 3.3530
1617 21.7453
1618 3.4909
1619 21.6769
1620 78.5043
1621 58.0385
1622 40.0410
1623 1.2787
1624 1.7216
1625 22.4241
1626 11.4200
1627 20.2098
1628 32.9609
1629 8.5706
1630 3.7314
1631 14.2657
1632 12.3994
1633 16.5292
1634 18.3683
1635 13.8161
1636 9.3128
1637 7.7679
1638   NaN
1639 19.6885
1640 5.1084
1641 5.5176
1642 14.3251
1643 9.2568
1644 11.2725
1645 9.4821
1646 12.3971
1647 2.6689
1648 49.2095
1649   NaN
1650 44.8960
1651 4.5072
1652 44.4538
1653 45.6245
1654 5.5035
1655 51.5954
1656 0.5350
1657 4.8514
1658 8.7961
1659 21.7887
1660 106.5976
1661 4.3827
1662 9.8876
1663 2.3722
1664 12.4930
1665 8.1880
1666 6.5015
1667 1.2937
1668 7.8361
1669 19.3596
1670 7.1624
1671 1.5478
1672 54.5613
1673 2.2248
1674 19.2262
1675 60.0146
1676 129.1940
1677 1.1940
1678 7.0568
1679 44.8567
1680 6.7401
1681 81.7938
1682 33.4759
1683 26.4540
1684 23.6567
1685 2.8126
1686   NaN
1687 4.4931
1688 6.7046
1689 36.4370
1690 46.5499
1691 7.8256
1692 6.6648
1693 8.6973
1694 46.1086
1695 12.5003
1696 16.3151
1697 3.2392
1698   NaN
1699 65.6850
1700 0.8779
1701 34.5381
1702 18.1785
1703 3.1293
1704 12.6166
1705 72.8565
1706 41.3028
1707 14.4869
1708 18.0000
1709 27.4785
1710 8.1644
1711 1.9548
1712 8.5731
1713 58.8548
1714 3.7207
1715 10.1558
1716 72.9968
1717 4.5954
1718 0.5785
1719 5.4006
1720 4.1803
1721 51.3483
1722   NaN
1723 10.4597
1724 13.7981
1725 4.4744
1726 49.8081
1727 53.2065
1728 24.2291
1729 20.9040
1730 63.9256
1731 5.9780
1732 35.8612
1733 10.7919
1734 9.4883
1735 4.0213
1736 43.9126
1737 14.6646
1738   NaN
1739   NaN
1740 1.5487
1741 21.7145
1742 1.9490
1743 63.9011
1744 39.1291
1745 90.5450
1746 16.8903
1747 3.1364
1748 30.0012
1749 20.0890
1750 8.4432
1751 17.3867
1752 14.7203
1753 9.6045
1754 5.2809
1755 71.0971
1756 2.7069
1757 68.8930
1758 16.2592
1759 71.5872
1760 14.3783
1761 12.8724
1762   NaN
1763 99.7952
1764 11.8236
1765 104.5909
1766 48.4267
1767 17.5262
1768 34.7999
1769 20.3848
1770 21.4941
1771 7.0648
1772 7.8347
1773 2.2718
1774 2.7718
1775 32.6338
1776 7.8771
1777 2.2824
1778 7.1963
1779 16.7294
1780 8.1885
1781 11.4241
1782   NaN
1783 9.0589
1784 16.4773
1785 5.0272
1786 12.3662
1787 5.2733
1788 6.8170
1789 61.4309
1790 65.2300
1791 9.7884
1792 21.4836
1793 21.8274
1794 69.8170
1795 23.2943
1796 2.1066
1797 8.0433
1798 10.1710
1799 3.1721
1800 8.2779
1801 41.9868
1802 45.9376
1803 3.7570
1804 19.6680
1805 11.7880
1806 5.0784
1807 37.1833
1808 31.3278
1809 10.0992
1810 15.3900
1811 11.9832
1812 103.8438
1813 40.5489
1814 60.8130
1815 5.4419
1816 127.3599
1817 27.3163
1818 5.5329
1819 8.2466
1820 7.7954
1821 22.6515
1822 4.8089
1823 87.1155
1824 10.8850
1825 16.1000
1826 35.7007
1827 126.9010
1828 2.9097
1829 19.9009
1830 1.0639
1831   NaN
1832 45.8356
1833 19.3069
1834 5.1755
1835 3.3963
1836 26.5039
1837 17.1095
1838 15.2498
1839 6.6011
1840 18.0487
1841 1.9700
1842 22.6317
1843   NaN
1844 4.8497
1845 9.3370
1846 5.1113
1847 6.0760
1848   NaN
1849 34.8414
1850 38.9493
1851 37.1419
1852 19.2336
1853 52.2210
1854 3.8323
1855 9.4571
1856 5.9841
1857 55.7816
1858 17.2022
1859 43.2818
1860 3.8572
1861 6.6149
1862 8.9743
1863 30.5141
1864 11.3100
1865 6.8968
1866 10.9099
1867 22.6942
1868 4.4119
1869 77.4885
1870 13.4868
1871 9.8258
1872 33.6606
1873 23.3003
1874 1.7677
1875 7.2652
1876 64.5001
1877 7.4825
1878 14.9351
1879 20.0956
1880 58.0014
1881 59.2939
1882 5.4946
1883 20.3195
1884 29.3045
1885 4.9423
1886 5.8920
1887 6.7814
1888 38.9555
1889 5.7574
1890   NaN
1891 34.2844
1892 3.0783
1893 3.9178
1894 6.3950
1895 1053.3552
1896 14.8088
1897 4.8093
1898 10.6085
1899 8.8594
1900 70.4621
1901 0.8036
1902 13.3082
1903 5.7240
1904 5.3579
1905 27.0327
1906 12.1997
1907   NaN
1908   NaN
1909 26.2797
1910 5.3688
1911 11.9985
1912 30.7146
1913 9.5801
1914 4.0351
1915 46.9820
1916 30.6998
1917 59.4727
1918 3.1559
1919 38.4131
1920 1.5438
1921 2.5767
1922 2.0507
1923 2.7214
1924 2.3620
1925 72.7080
1926 3.8499
1927 23.8233
1928 4.7826
1929 11.0582
1930 24.9742
1931 54.7150
1932 14.6257
1933 69.6570
1934 5.8364
1935 0.9709
1936 11.8820
1937 7.7376
1938 37.8022
1939 31.9823
1940 6.4611
1941 4.4903
1942 13.3690
1943 6.3067
1944 10.4536
1945 10.0096
1946 15.1159
1947 29.0604
1948 19.2571
1949 7.2677
1950 2.9274
1951 6.7069
1952   NaN
1953 16.1615
1954 11.0211
1955 5.2400
1956 17.4622
1957 11.5329
1958 5.6977
1959 0.5877
1960 3.4663
1961 19.4827
1962 50.1160
1963 1.3789
1964 0.6684
1965   NaN
1966 3.9892
1967 12.9590
1968 0.5960
1969 8.9627
1970 44.7695
1971 4.3656
1972 25.1253
1973 39.6407
1974 2.9141
1975 3.8649
1976   NaN
1977 112.5269
1978 21.5785
1979 23.4193
1980 32.6665
1981 14.4760
1982 36.3766
1983 20.4069
1984 4.4160
1985 11.7931
1986 34.1576
1987 6.7714
1988 45.6937
1989 12.0911
1990 17.1114
1991 3.5639
1992 1.5122
1993 15.8134
1994 4.6863
1995 15.9501
1996 10.1378
1997 6.6786
1998 10.8824
1999 111.2553
2000 5.4097
2001 32.3574
2002 12.1483
2003 13.6486
2004   NaN
2005 59.3754
2006 40.1815
2007   NaN
2008   NaN
2009 13.8385
2010 32.1368
2011   NaN
2012 33.2713
2013 1.7349
2014 6.0902
2015 1.9128
2016 40.4581
2017   NaN
2018 11.6415
2019 31.7090
2020 10.0756
2021 6.0177
2022 4.8533
2023 34.4137
2024 5.5589
2025 77.7021
2026 19.3574
2027 32.9666
2028 64.8450
2029 16.4283
2030 2.5530
2031 5.4591
2032 5.2811
2033 28.3105
2034 20.3835
2035 3.1033
2036 6.3617
2037 9.3520
2038 1.8387
2039 123.1594
2040 0.9308
2041 11.0084
2042 48.9706
2043 3.4356
2044 31.5479
2045 13.4673
2046 27.4591
2047 7.7478
2048 17.8430
2049 10.3085
2050 27.8630
2051 4.5120
2052 13.8493
2053 15.9926
2054 6.5824
2055 76.9395
2056 4.2279
2057 138.9300
2058 33.4475
2059   NaN
2060 2.7017
2061 29.9473
2062 63.8952
2063 10.5528
2064 12.1298
2065 2.0768
2066 71.1397
2067 2.9655
2068 11.1469
2069 39.6365
2070 11.8849
2071 16.1820
2072 64.5130
2073 21.5745
2074 29.7192
2075 8.6446
2076 9.4033
2077   NaN
2078 3.2938
2079 0.4417
2080 9.2403
2081 13.1959
2082 19.0681
2083 21.0660
2084 2.1425
2085 8.1963
2086 5.8916
2087 8.9059
2088 23.0751
2089   NaN
2090 57.7528
2091 19.9482
2092 37.3777
2093 30.1140
2094 12.5418
2095 2.8688
2096 63.0717
2097 8.8289
2098   NaN
2099 41.2550
2100 10.3697
2101 6.0758
2102 1.2686
2103 4.8340
2104 10.0367
2105 9.2049
2106 18.6509
2107 30.0305
2108 0.6045
2109 3.3875
2110 49.7947
2111 17.4178
2112 11.0375
2113 11.0488
2114 35.3063
2115 2.1794
2116 42.3757
2117 2.5385
2118 45.4885
2119 15.4033
2120   NaN
2121 50.3007
2122 63.8311
2123 1.0855
2124 7.8225
2125 22.6940
2126 8.0195
2127 36.1369
2128 16.3559
2129 33.0606
2130 1.3799
2131 1.3729
2132 4.7348
2133 47.3095
2134 52.3127
2135 10.6549
2136 3.1046
2137 2.7610
2138 43.6651
2139 47.0920
2140 13.1126
2141 6.7694
2142 27.0116
2143 10.9855
2144   NaN
2145 12.3670
2146   NaN
2147 14.2700
2148 2.9262
2149 1.1348
2150 1.6852
2151 12.9988
2152 8.6274
2153   NaN
2154 17.5719
2155 1.8432
2156 38.5703
2157 9.1259
2158 3.9237
2159 6.9880
2160 4.2316
2161 9.7369
2162 20.2955
2163 39.7811
2164 1.9408
2165 3.9255
2166 67.9407
2167 1.9944
2168 19.4717
2169 1.6553
2170 53.9859
2171 17.0456
2172 4.5446
2173 4.1888
2174 9.3913
2175 51.9219
2176   NaN
2177 3.7878
2178 6.6440
2179 3.2823
2180 3.9906
2181 18.7612
2182 36.7992
2183 5.6398
2184 10.6657
2185 4.8354
2186 25.3732
2187 2.2402
2188 20.2346
2189 3.0956
2190 86.2742
2191 36.6522
2192 1.8849
2193 50.6586
2194 19.7426
2195 15.7055
2196 2.1664
2197 103.6406
2198 73.1631
2199 3.8951
2200 41.2039
2201 0.4809
2202 9.0625
2203 1983.7285
2204 42.3999
2205 3.9538
2206 44.2094
2207 12.2886
2208 31.5501
2209 26.9504
2210 16.6938
2211 8.4454
2212 0.6091
2213 29.0266
2214 2.0957
2215   NaN
2216 13.2321
2217 9.2195
2218   NaN
2219 5.4730
2220 14.0380
2221 22.1112
2222 18.5961
2223 21.1103
2224 7.4976
2225 7.1767
2226 12.7757
2227 72.7056
2228 7.4116
2229 4.7414
2230 32.0627
2231 51.1440
2232 18.4807
2233 6.4001
2234 10.8942
2235 14.2042
2236 1.1061
2237 9.3929
2238 4.2204
2239 29.5909
2240 0.4442
2241 4.2531
2242 15.5299
2243 13.9550
2244 4.2021
2245 7.5993
2246 7.8681
2247 7.3526
2248 38.1890
2249 16.0918
2250   NaN
2251 8.8108
2252 30.3907
2253 14.4158
2254 22.3002
2255 3.4172
2256 1.2941
2257 46.2727
2258 4.7262
2259 3.4790
2260 1.1158
2261 25.5056
2262 7.2005
2263 24.7877
2264 28.2733
2265 5.3789
2266 15.5787
2267   NaN
2268 45.7756
2269 33.9844
2270   NaN
2271 1.5529
2272 3.8858
2273 49.2438
2274 9.0091
2275 1.6862
2276 5.1352
2277 5.5931
2278 131.4562
2279 52.0083
2280 8.8976
2281 20.2073
2282 3.9871
2283 3.7367
2284 17.7070
2285 27.5760
2286 20.8458
2287 23.9906
2288 11.0774
2289 6.5896
2290 9.2290
2291 1.4386
2292 57.6112
2293 19.1479
2294 24.7673
2295 22.3310
2296 3.1184
2297 12.6072
2298 2.7275
2299 56.4740
2300 6.4664
2301 4.6635
2302 59.3203
2303 1.9259
2304 42.1287
2305 10.8786
2306 3.9752
2307 4.0704
2308 92.3314
2309 32.6090
2310 101.4014
2311 8.4063
2312 39.4181
2313 51.5432
2314 93.5027
2315 10.4220
2316 7.4904
2317 0.8792
2318 23.1094
2319 46.7118
2320 28.5177
2321 71.1422
2322 9.4527
2323 26.8137
2324 14.1661
2325 13.8519
2326 54.9778
2327 13.2324
2328 29.7368
2329 11.6172
2330 95.8760
2331 1.1047
2332 50.8396
2333 31.0373
2334 17.0778
2335 13.5555
2336 5.6889
2337 0.5655
2338 17.5994
2339 4.2528
2340 12.1965
2341 7.6042
2342 2.0413
2343 4.6102
2344 8.0635
2345 3.8709
2346 5.7851
2347 10.8667
2348 9.9670
2349 4.3697
2350 3.2306
2351 30.0584
2352 7.3046
2353 25.8862
2354 2.5903
2355 8.2565
2356 129.5912
2357 12.8964
2358 15.9135
2359 8.9828
2360 20.1576
2361 10.4367
2362 3.8170
2363 18.1048
2364 91.0281
2365 11.5726
2366 83.6867
2367 10.9084
2368 8.4372
2369 11.6988
2370 0.6673
2371 12.0482
2372 35.8920
2373 4.0818
2374   NaN
2375 12.2964
2376 25.4198
2377 6.8945
2378 28.1769
2379 22.3866
2380 16.3585
2381 35.7916
2382 31.2363
2383 5.2048
2384   NaN
2385 47.0383
2386 32.2573
2387 5.1532
2388 4.5983
2389 20.2559
2390 43.1741
2391 15.3127
2392 14.3952
2393 32.6088
2394 1.2160
2395 9.0150
2396 7.9723
2397 13.5693
2398 14.2393
2399   NaN
2400 5.1675
2401 37.6700
2402 5.1057
2403 2.1356
2404 6.3052
2405 14.5209
2406 64.4847
2407 82.0085
2408 10.2632
2409 22.6226
2410 7.1173
2411 1.7362
2412 4.2225
2413 7.6388
2414 12.7106
2415 8.1596
2416 4.1806
2417 100.8422
2418 4.1513
2419 7.9063
2420 19.6795
2421 19.2815
2422 26.4595
2423 22.9531
2424 4.5512
2425 11.5807
2426   NaN
2427 14.5177
2428 9.5324
2429 2.5986
2430 5.1129
2431 12.6871
2432 12.9989
2433 48.2656
2434 4.4327
2435 7.8990
2436 6.1288
2437 24.6508
2438 9.9785
2439 9.8990
2440 33.4099
2441 7.1522
2442 4.1502
2443 21.7487
2444 10.9429
2445 5.3624
2446 1.6144
2447   NaN
2448 55.8741
2449 6.2680
2450 7.8765
2451 12.2417
2452 4.2130
2453 0.2282
2454 60.1585
2455 33.9217
2456 46.5192
2457 49.4996
2458 4.1912
2459 3.2379
2460 60.5181
2461 24.7830
2462 7.4108
2463 12.8797
2464 5.8244
2465 5.8269
2466 13.9377
2467 32.6396
2468 28.3067
2469 44.1164
2470 5.7556
2471 7.7879
2472 67.4758
2473 10.9225
2474 2.3293
2475 0.4315
2476 2.4450
2477 7.0502
2478 23.1569
2479 24.0574
2480 42.6089
2481 4.8356
2482 5.3263
2483 3.9435
2484 44.3409
2485 10.9200
2486 43.6770
2487 16.6993
2488 114.9355
2489 9.1203
2490 17.1072
2491 22.0761
2492 67.4492
2493   NaN
2494 8.0002
2495 30.5145
2496 4.9042
2497 40.5107
2498 21.2655
2499 3.2524
2500 47.6098
2501 16.4916
2502 21.5111
2503 13.0043
2504 2.6250
2505 6.4907
2506 17.9839
2507 4.9916
2508 3.4913
2509   NaN
2510 19.3351
2511 37.5531
2512 8.7419
2513 1.7166
2514 135.8884
2515 20.9311
2516 79.4905
2517 14.4704
2518 10.4647
2519 9.3110
2520 19.7268
2521 19.5230
2522 23.4571
2523 40.5316
2524   NaN
2525 4.3342
2526 5.0037
2527 1.2791
2528 17.1004
2529 10.8484
2530 8.1275
2531 5.3419
2532 20.7226
2533 3.1803
2534 22.2096
2535 4.3562
2536 24.9314
2537 1.3162
2538 6.7844
2539 5.1019
2540 16.9847
2541 39.8631
2542 30.0228
2543 6.5792
2544 7.1236
2545 22.2634
2546   NaN
2547 36.0609
2548 0.7724
2549 20.1391
2550 6.3136
2551 22.1343
2552 26.2732
2553 3.7070
2554 58.1887
2555   NaN
2556 8.5151
2557 16.7371
2558 4.3910
2559 76.6276
2560 50.2864
2561 10.8796
2562 8.7208
2563   NaN
2564 1.3874
2565 4.5516
2566 4.2663
2567 18.8479
2568 9.7717
2569 4.7906
2570 13.2818
2571 7.4087
2572 0.8910
2573 2.4790
2574 19.4642
2575 2.6308
2576 12.7344
2577 17.1081
2578   NaN
2579 49.2542
2580 10.1913
2581 7.2053
2582 13.8067
2583 12.6334
2584 5.0998
2585 8.2901
2586 10.0538
2587 16.1958
2588   NaN
2589 11.1781
2590 57.5006
2591 18.9173
2592 31.2136
2593 1.9481
2594 11.9342
2595 2.8395
2596 5.0298
2597 3.8817
2598 45.4312
2599 18.3955
2600 2.7705
2601 39.9920
2602 42.2794
2603 87.2897
2604 72.8409
2605 12.5833
2606 23.7900
2607 111.7629
2608 28.0262
2609   NaN
2610 53.2845
2611 3.9414
2612 27.6784
2613 3.2540
2614 3.9122
2615 113.6638
2616 24.4432
2617 32.0668
2618 2.5383
2619 42.6419
2620 9.9508
2621 79.1026
2622 28.8409
2623 28.6281
2624 61.6025
2625 16.9934
2626 8.3071
2627 3.1915
2628 9.8077
2629 4.0595
2630 2.5233
2631 12.6382
2632 16.3609
2633 7.5632
2634 12.3414
2635 4.6746
2636 9.2233
2637 1.6472
2638 25.8284
2639 1.1610
2640 6.9313
2641   NaN
2642 5.7212
2643 7.5527
2644 42.2197
2645 15.1411
2646 9.4601
2647 1.3097
2648 31.9144
2649 13.4729
2650 0.7542
2651 23.5535
2652 19.3244
2653 15.2931
2654 1.7921
2655 11.8706
2656 8.1057
2657 50.3548
2658 7.5814
2659 16.4395
2660 1.7465
2661 29.2366
2662 33.1781
2663 4.2211
2664 3.9838
2665 3.9754
2666 20.3435
2667 20.1458
2668 5.9535
2669 35.0461
2670 9.1076
2671 45.2084
2672 27.7216
2673 9.2473
2674 6.9688
2675   NaN
2676 29.8169
2677 3.6184
2678 22.4610
2679 10.0353
2680 6.3132
2681 3.9386
2682 75.8813
2683 8.9173
2684 35.5033
2685 7.4789
2686 20.9383
2687 2.9306
2688 10.5078
2689 0.5886
2690 2.1272
2691 6.2787
2692 67.0642
2693 20.6066
2694 28.3688
2695 67.9477
2696 2.3749
2697 41.7183
2698 12.7294
2699 72.1838
2700 18.9346
2701 10.2746
2702 32.6256
2703 5.4243
2704 10.8008
2705 1.5111
2706 43.9372
2707 21.4653
2708 3.1974
2709 16.9489
2710 36.3915
2711 17.0517
2712 22.0663
2713 28.8236
2714 4.9142
2715 5.8114
2716 9.3246
2717 1.9372
2718   NaN
2719 8.0427
2720 4.3991
2721 30.8601
2722 11.5019
2723 15.6078
2724   NaN
2725 8.3595
2726   NaN
2727 3.9752
2728   NaN
2729 5.9755
2730 24.2920
2731 3.6823
2732 7.4761
2733 36.3769
2734 12.9455
2735 4.7359
2736 45.9014
2737 16.2813
2738 57.5119
2739 15.4281
2740   NaN
2741 5.6736
2742   NaN
2743 4.7872
2744 9.9379
2745 4.4715
2746 3.4404
2747 7.5672
2748 39.7535
2749   NaN
2750 12.8924
2751 35.7090
2752 5.6452
2753 19.7394
2754 0.2288
2755 64.7414
2756 53.6359
2757 31.8310
2758 17.5011
2759 39.0606
2760 15.8742
2761 33.4162
2762 6.2909
2763 4.9959
2764 24.8246
2765 11.6839
2766 3.8734
2767   NaN
2768 7.1763
2769 8.1990
2770 36.8586
2771 106.3308
2772 38.3569
2773 34.2435
2774 8.4535
2775 2.0450
2776 19.4309
2777 23.1443
2778 3.5093
2779 32.2569
2780 18.1884
2781 23.8990
2782 5.1059
2783 25.5373
2784 9.1896
2785 12.3888
2786 2.8300
2787 16.4701
2788 6.0934
2789 43.3143
2790 15.8004
2791 2.3099
2792 23.3277
2793 2.9814
2794 10.5575
2795 23.8413
2796 4.0581
2797 12.3852
2798 2.8790
2799 10.4552
2800 119.1903
2801 6.7751
2802 4.0938
2803 4.5841
2804 7.2111
2805 8.4905
2806 7.8772
2807 11.2509
2808 42.8738
2809 4.2567
2810 8.4613
2811 19.1606
2812 20.0233
2813 15.1025
2814 4.5362
2815 8.2133
2816 16.9006
2817 14.5934
2818 43.0042
2819 61.6805
2820 7.0485
2821 56.0718
2822 2.1875
2823 44.3782
2824 24.9487
2825 2.1671
2826 47.4262
2827 75.0260
2828 0.9185
2829 42.0678
2830 2.1005
2831   NaN
2832 16.9307
2833 24.0092
2834 1.7387
2835 16.2909
2836 4.7766
2837 7.2619
2838   NaN
2839 3.6626
2840 53.2793
2841 54.4381
2842 5.6295
2843 12.5440
2844 11.8880
2845 8.9090
2846 16.6003
2847 3.6815
2848 9.7077
2849 31.4994
2850 4.5503
2851 1.2914
2852 20.1609
2853 13.9647
2854   NaN
2855 3.2509
2856 2.6469
2857 3.0787
2858 11.5727
2859 12.7387
2860 9.6600
2861 11.7865
2862 72.4386
2863 12.0817
2864   NaN
2865 57.5670
2866 7.6667
2867 7.3282
2868 72.9366
2869 23.2491
2870 5.4617
2871 28.8365
2872 0.9739
2873 4.9928
2874 42.7364
2875 4.4858
2876 13.8528
2877 8.8456
2878 5.7851
2879 9.2574
2880 2.6380
2881 31.7076
2882 7.4613
2883 2.9351
2884 2.3354
2885 156.8226
2886 14.2693
2887 12.7160
2888 30.0214
2889 40.9773
2890 43.0406
2891 30.5321
2892 36.2311
2893 16.2360
2894 20.7842
2895 22.8395
2896 5.1880
2897 2.8343
2898 30.7207
2899 4.2668
2900 10.7478
2901 105.1802
2902 16.0609
2903 26.4986
2904   NaN
2905 2.0985
2906 60.0107
2907 14.0239
2908 30.6803
2909 7.2664
2910 4.7937
2911 9.0034
2912 19.2141
2913   NaN
2914 12.6318
2915 8.3712
2916   NaN
2917   NaN
2918 22.4789
2919 7.0440
2920 24.5139
2921 1.9674
2922 7.7981
2923 127.9405
2924 20.6275
2925 11.7063
2926 2.9144
2927 14.3853
2928 3.6339
2929 16.0812
2930   NaN
2931 14.4319
2932 7.1893
2933 43.0696
2934 6.8826
2935 0.9560
2936 5.5345
2937 44.7546
2938 10.8211
2939 6.1984
2940 4.9513
2941 0.2645
2942 11.4709
2943 28.0101
2944 38.5659
2945 37.0108
2946   NaN
2947 13.1730
2948 1.7336
2949 6.8011
2950 13.9805
2951 2.2149
2952 0.9932
2953 16.7670
2954 1.7575
2955 9.7794
2956 2.1535
2957 10.4606
2958 19.2047
2959 0.6814
2960 4.3592
2961 2.7623
2962 12.2357
2963 6.8601
2964 17.9818
2965 5.4806
2966 28.3477
2967 5.9391
2968 27.2158
2969 1.0145
2970 4.7149
2971 44.6988
2972 4.9926
2973 3.4228
2974 16.5727
2975 17.4042
2976 1.5538
2977 0.6214
2978 3.8812
2979 18.2338
2980 5.5618
2981   NaN
2982 36.5318
2983 5.4485
2984 1.7426
2985 3.1514
2986 32.9350
2987 4.2272
2988 8.5279
2989 12.8757
2990   NaN
2991 12.3977
2992 74.8737
2993 36.0218
2994 60.5862
2995 0.2727
2996 11.9587
2997 50.9476
2998   NaN
2999 37.1609
3000 0.3549
3001   NaN
3002 9.6292
3003 19.1661
3004 6.9581
3005 106.6976
3006 1.3146
3007 0.3831
3008 25.0944
3009 16.4090
3010 51.3905
3011 8.9400
3012 4.5181
3013 79.7834
3014 43.9794
3015 4.4214
3016 24.9694
3017 23.3592
3018 4.1661
3019 2.3673
3020 7.8264
3021 6.4895
3022 50.5356
3023 5.2093
3024 25.8408
3025 14.1071
3026 17.2127
3027 40.0349
3028 9.2524
3029 9.5253
3030 39.3830
3031 3.9502
3032 11.6373
3033 52.5157
3034 7.5408
3035 38.8475
3036 3.1626
3037   NaN
3038 8.8153
3039 0.5194
3040 34.9652
3041   NaN
3042 99.1225
3043 44.2297
3044 2.2005
3045 20.6342
3046 5.8267
3047 26.5082
3048 1.5815
3049 2.6547
3050 10.3267
3051 20.6359
3052 24.5925
3053 10.2661
3054 35.7431
3055 10.0240
3056 6.7613
3057 21.1816
3058 44.5379
3059 15.5096
3060 29.2627
3061 10.5117
3062 7.4091
3063 1316.3371
3064   NaN
3065 60.4887
3066 13.6501
3067 1.8145
3068 29.4122
3069 5.8184
3070 2.1934
3071 7.7185
3072 0.2363
3073 9.3208
3074 2.9912
3075 9.8850
3076 44.6705
3077   NaN
3078 12.8079
3079 13.6207
3080 21.6321
3081 15.2096
3082 13.3336
3083 13.2222
3084 13.5298
3085 20.2501
3086 12.8217
3087 21.8165
3088 15.6725
3089 36.5365
3090 6.6256
3091 12.9148
3092 9.7535
3093   NaN
3094 17.7456
3095   NaN
3096 15.9654
3097 9.9002
3098 24.1172
3099 1.3497
3100 0.7538
3101 9.7631
3102 2.3019
3103 61.8348
3104 4.6328
3105 22.4575
3106 7.0717
3107 18.7903
3108 40.2371
3109 10.5023
3110 21.7880
3111 1.8678
3112   NaN
3113 16.0377
3114 59.4777
3115 5.2717
3116 35.0339
3117 25.2546
3118 1.0193
3119 14.5838
3120 24.7644
3121 76.3204
3122 58.0324
3123 9.4236
3124 0.8988
3125 34.8732
3126 2.3081
3127 3.9136
3128 12.3733
3129 14.8109
3130 2.2805
3131 15.4138
3132 4.3698
3133 10.3390
3134 16.5507
3135 123.7955
3136 5.6876
3137 5.1577
3138 13.4970
3139 2.5904
3140 43.9304
3141 10.0415
3142 24.5616
3143 18.1025
3144 15.7603
3145 59.1972
3146 7.4022
3147 11.8813
3148 50.7404
3149 43.9809
3150 8.7375
3151 17.7486
3152 17.3678
3153 40.7615
3154 5.1461
3155 16.0955
3156 24.9466
3157 15.0117
3158 6.5043
3159 42.4004
3160 13.2880
3161 12.9993
3162   NaN
3163 10.6716
3164 8.3285
3165 19.5337
3166 8.5164
3167 1.8340
3168 0.7603
3169 19.4863
3170 1.1035
3171 6.4360
3172 18.5529
3173 60.9982
3174 5.8334
3175 11.5017
3176 7.9869
3177 3.8886
3178 106.1847
3179 12.6561
3180 4.2644
3181 60.2448
3182 1.0800
3183 7.2926
3184 16.9230
3185 2.1727
3186 5.9409
3187 10.0175
3188 1.7664
3189 94.9677
3190 38.2289
3191 0.5078
3192 38.1741
3193 1.4636
3194 2.2624
3195 4.2664
3196 3.4630
3197 6.2864
3198 2.2892
3199 3.1884
3200 10.9525
3201 64.3629
3202 9.6273
3203 0.6266
3204 7.6355
3205   NaN
3206 2.7229
3207 28.6754
3208 52.2783
3209 56.2655
3210 2.4893
3211 23.1565
3212 12.5022
3213 2.0908
3214 5.8783
3215 25.0498
3216 1.3538
3217 0.9256
3218 13.2844
3219 4.4756
3220 19.8216
3221 8.1358
3222 8.6248
3223 57.0921
3224 6.9743
3225 11.5390
3226 17.0437
3227   NaN
3228 3.3679
3229 2.9160
3230 10.3856
3231 30.8205
3232 10.2435
3233 2.4087
3234   NaN
3235 25.3308
3236 3.3687
3237 3.9601
3238 26.4542
3239 25.2837
3240 18.8045
3241 12.1067
3242 36.9138
3243 14.3223
3244 7.8375
3245 2.1803
3246 8.6437
3247 16.0754
3248 8.7125
3249 12.8074
3250 3.4872
3251 3.4527
3252 1.2994
3253 8.5416
3254 78.4564
3255 2.3792
3256 29.0334
3257 4.1092
3258 5.7613
3259 12.8035
3260 3.6534
3261 78.2367
3262 125.5417
3263 15.9581
3264   NaN
3265 5.9608
3266 0.7526
3267 3.6515
3268 111.6187
3269 11.2025
3270 16.1911
3271 17.5329
3272 15.0089
3273   NaN
3274 10.0770
3275 3.8779
3276 1.5985
3277 44.2320
3278 23.7561
3279 13.5957
3280 39.1002
3281 98.6308
3282 20.3734
3283 29.7449
3284 75.4701
3285 81.5567
3286 10.1916
3287 14.9322
3288 66.2291
3289 0.8956
3290 23.3096
3291 10.0185
3292 8.3920
3293 4.7858
3294 25.7182
3295 11.5009
3296 15.7899
3297 45.0133
3298 7.9579
3299 17.3919
3300 17.6757
3301 7.8937
3302 19.2056
3303 19.5675
3304 13.5291
3305 8.2366
3306 2.4840
3307 2.7482
3308 0.7160
3309 40.5805
3310 3.9847
3311 10.6939
3312 92.9268
3313 14.3496
3314 8.6215
3315 40.5391
3316 8.9025
3317   NaN
3318 1.2566
3319 1.3828
3320 2.5379
3321 3.1590
3322 18.3007
3323   NaN
3324 35.7015
3325 1.8719
3326 5.2622
3327 3.3851
3328 14.6106
3329 66.3512
3330   NaN
3331 7.0177
3332 11.8333
3333 16.3399
3334 17.6853
3335 12.4288
3336 52.1380
3337 29.2920
3338 5.9568
3339 7.0059
3340 14.0721
3341 12.1133
3342 29.0627
3343 1.0307
3344 34.6001
3345 5.1470
3346 12.3010
3347 16.6716
3348 2.3614
3349 20.0339
3350 16.8240
3351 2.9497
3352 70.6653
3353 54.2945
3354 3.2654
3355 9.3060
3356 1.2136
3357 17.0968
3358 15.4777
3359 5.4837
3360 49.8568
3361 56.8255
3362   NaN
3363 25.3390
3364 25.3566
3365 11.6719
3366 4.4787
3367 13.5825
3368 5.8335
3369 9.0776
3370 23.7198
3371 4.4172
3372 5.2260
3373 29.0483
3374 10.5323
3375 94.1260
3376 23.0769
3377 8.8003
3378 7.1459
3379 48.7879
3380 16.3321
3381 19.9476
3382 6.5112
3383 11.5265
3384   NaN
3385 4.8387
3386 147.1547
3387 3.1520
3388 7.4506
3389 20.0769
3390 1.1941
3391 50.4645
3392 41.2294
3393 16.0470
3394 1.8597
3395 26.3274
3396 10.8337
3397 11.4285
3398 11.0074
3399 16.0709
3400 7.3747
3401 56.2864
3402 15.9146
3403 8.5130
3404 55.3471
3405 5.3684
3406 97.4913
3407   NaN
3408 5.4584
3409 5.1813
3410 22.3629
3411 24.0472
3412 21.4198
3413 2.0135
3414 31.7698
3415 16.9510
3416 0.7459
3417 31.7571
3418 6.1135
3419 3.0330
3420 19.7265
3421 19.0482
3422 26.4017
3423 3.2255
3424 7.6319
3425 0.8624
3426 4.1155
3427 13.6420
3428   NaN
3429 4.3323
3430 48.5479
3431 39.8230
3432 20.3852
3433 182.1487
3434 58.6617
3435 10.2168
3436 10.1339
3437 31.1662
3438 3.5739
3439 12.9531
3440 0.6176
3441 15.2795
3442 7.2173
3443 34.0408
3444 6.5079
3445 0.8609
3446 12.1791
3447 20.4956
3448 33.5817
3449 37.5148
3450 8.4101
3451 9.7581
3452 23.9130
3453 4.0256
3454 14.7245
3455 9.3288
3456 23.4979
3457 15.7151
3458 37.0389
3459 10.1822
3460 26.0175
3461 2.3041
3462 26.4691
3463 13.9569
3464 5.0734
3465 10.6790
3466 4.6025
3467 3.5308
3468 21.5297
3469 18.4054
3470 11.6735
3471 14.3260
3472 39.2100
3473 2.4710
3474 26.4478
3475 7.2757
3476 89.3930
3477 6.3832
3478 10.8977
3479 116.2928
3480 63.1636
3481 4.7283
3482 3.1559
3483   NaN
3484 4.7784
3485 2.6203
3486 2.0904
3487 12.7618
3488   NaN
3489 10.5953
3490 13.0966
3491 31.1890
3492 32.3572
3493 60.8499
3494 33.3273
3495 2.0923
3496 28.3907
3497 22.6670
3498 50.8001
3499 0.5981
3500 4.7825
3501 34.3831
3502 109.0687
3503 4.7724
3504 49.3245
3505   NaN
3506 19.1009
3507 7.6997
3508 21.6551
3509 34.2630
3510 49.8825
3511 17.5675
3512 7.5221
3513 44.5906
3514 33.7134
3515 8.7746
3516 44.0555
3517 31.3265
3518 11.9398
3519 13.1937
3520   NaN
3521 10.5524
3522 4.2756
3523 1.9935
3524 14.0494
3525 14.0292
3526 19.8189
3527 17.1487
3528 2.8539
3529 14.6247
3530 6.9019
3531 2.1041
3532 42.2077
3533 54.0385
3534 16.0010
3535 58.9014
3536 8.6818
3537 67.1760
3538 8.4198
3539 56.3532
3540 7.9211
3541   NaN
3542 0.5819
3543 5.9567
3544 3.5298
3545 11.5372
3546 10.6378
3547 39.7079
3548 24.5619
3549 50.7853
3550 78.0141
3551 49.9701
3552 3.2406
3553 3.4593
3554 3.4508
3555 10.8648
3556 14.2756
3557 8.7764
3558 5.2213
3559 4.0829
3560 13.1658
3561 19.6528
3562 14.2018
3563 16.7319
3564 55.8149
3565 15.2980
3566 15.0208
3567 17.3347
3568 4.2034
3569 42.4986
3570 16.5496
3571 41.1864
3572 2.9316
3573 21.4939
3574 10.5047
3575 8.0718
3576 43.1554
3577 14.4446
3578 13.6338
3579 59.9542
3580 8.7883
3581 34.0318
3582 37.0301
3583   NaN
3584 5.1993
3585 11.9103
3586 4.4793
3587 12.0943
3588 170.3810
3589 1.7221
3590 2.6592
3591 14.4476
3592 36.7810
3593 32.9060
3594 6.8774
3595 4.4502
3596 44.7704
3597 2.5609
3598 2.3584
3599 51.8879
3600 20.3655
3601 40.0140
3602 37.7224
3603 19.1738
3604 105.6223
3605 0.2147
3606 12.7114
3607 9.1169
3608 9.7432
3609 14.9751
3610 10.6274
3611 8.1642
3612 5.5397
3613 2.7894
3614 38.9535
3615 0.8458
3616 26.2260
3617 4.7456
3618 10.2266
3619 5.0776
3620 0.6100
3621 2.9040
3622 24.2641
3623 10.2876
3624 4.2327
3625 4.3576
3626 12.9214
3627 55.7673
3628 8.2190
3629 11.6138
3630 73.5265
3631 15.1540
3632 16.3558
3633 14.9767
3634 69.1211
3635 51.2593
3636 7.6207
3637 14.2296
3638 4.5936
3639 55.8315
3640 7.6017
3641 16.9435
3642 3.1450
3643 17.0258
3644 21.0418
3645 5.9060
3646 1.2307
3647 10.2423
3648 9.3959
3649 33.6181
3650 5.8798
3651 71.5760
3652   NaN
3653 6.1786
3654 1.1128
3655 63.2020
3656   NaN
3657 42.5710
3658 1.0138
3659 47.3973
3660 48.7347
3661 21.3626
3662 12.4421
3663 4.3027
3664 21.7193
3665 11.5536
3666 23.3924
3667 13.0350
3668   NaN
3669 9.8390
3670 32.2308
3671 15.5259
3672   NaN
3673 6.0476
3674 16.1197
3675 6.1323
3676 3.0285
3677 1.8472
3678 24.3409
3679 16.3442
3680 14.9158
3681 36.4627
3682 5.2594
3683 10.4829
3684 22.2800
3685 10.7935
3686 7.3087
3687 7.6810
3688 8.1221
3689 19.8432
3690 2.1263
3691 14.4184
3692 54.0772
3693 8.0426
3694 3.8249
3695 4.7302
3696 1.7451
3697   NaN
3698 77.7078
3699 2.5990
3700 13.7967
3701 4.8868
3702 2.6516
3703 5.0673
3704 2.3321
3705 11.7214
3706 14.1875
3707 13.3556
3708   NaN
3709 34.9225
3710 7.1239
3711 24.5813
3712 56.5337
3713 7.4825
3714 46.7015
3715 8.4967
3716 8.4795
3717 58.9267
3718 15.6628
3719 88.7908
3720 5.8596
3721 6.7958
3722 72.1331
3723 4.2111
3724 34.7948
3725 30.2797
3726 26.4848
3727 9.1062
3728 16.0866
3729   NaN
3730 86.0561
3731 12.5331
3732   NaN
3733 11.6687
3734 47.4102
3735 11.0458
3736 1.8087
3737 60.8336
3738 7.0188
3739 51.4279
3740 7.2802
3741 8.1498
3742 27.6685
3743 29.2813
3744 4.5014
3745 3.4695
3746   NaN
3747 99.3499
3748 46.6676
3749 10.2760
3750 3.8499
3751 1.6103
3752 18.6923
3753 2.2382
3754 13.0589
3755 8.3098
3756 36.6795
3757 91.6118
3758 6.4101
3759 0.5938
3760 27.9740
3761 14.7788
3762 27.9390
3763 5.3754
3764 2.9627
3765 9.2219
3766 7.4137
3767 16.5956
3768 103.4992
3769 21.9077
3770 3.3717
3771 36.4733
3772 4.4135
3773 3.9078
3774 21.4958
3775 5.7584
3776 4.5808
3777 7.0081
3778 15.3031
3779 4.5651
3780 8.7220
3781 2.2578
3782 61.0731
3783 5.0580
3784 0.5975
3785 1.3651
3786   NaN
3787 17.4193
3788 8.8348
3789 1.9491
3790 4.3227
3791 6.7915
3792 6.7596
3793 16.2384
3794 8.6477
3795 13.5745
3796 24.5735
3797 65.0460
3798 9.8129
3799 4.2932
3800 17.8440
3801 21.3134
3802   NaN
3803 14.8524
3804 85.7634
3805 23.8004
3806 6.9692
3807 10.0575
3808 4.0472
3809 5.5133
3810 28.4348
3811 3.6237
3812 7.5306
3813 19.5849
3814   NaN
3815   NaN
3816 14.7650
3817 37.7882
3818 5.2675
3819 28.4951
3820 3.7352
3821 11.5530
3822 14.6349
3823   NaN
3824 0.9655
3825 49.1183
3826 7.6143
3827 19.4695
3828 3.5877
3829 29.1947
3830 14.5023
3831 84.1185
3832 3.3501
3833 24.6192
3834 9.7514
3835 7.3314
3836 11.9168
3837 40.9755
3838 21.4044
3839 20.5695
3840 35.8238
3841 18.2162
3842 21.9485
3843 14.5080
3844 49.9915
3845 45.0000
3846 22.8458
3847 17.7040
3848 9.1887
3849 4.9446
3850 59.0631
3851 7.5017
3852 12.7797
3853 3.1490
3854 4.5509
3855 1.9002
3856 1.0589
3857 12.8013
3858 3.1730
3859 8.2911
3860 19.6325
3861 5.8983
3862 77.2270
3863 7.2770
3864 37.6043
3865 21.9981
3866 4.5803
3867 4.8380
3868 1.0478
3869 12.7484
3870 16.6662
3871 3.7533
3872 13.9147
3873 21.2199
3874 6.6398
3875 64.4938
3876 11.3926
3877 8.7989
3878 5.5559
3879 14.0570
3880 18.3242
3881 5.0253
3882 42.0616
3883   NaN
3884 2.2294
3885 50.0474
3886 5.7409
3887 10.2812
3888 200.0904
3889 39.9447
3890 10.2795
3891 43.3447
3892 3.6154
3893 16.9717
3894 4.2787
3895 19.9386
3896 7.2519
3897 3.8147
3898 78.2191
3899 1.2747
3900 3.8742
3901 0.7433
3902 15.1724
3903 3.5493
3904 5.1727
3905 1.1721
3906 38.6515
3907 7.9887
3908 13.1939
3909 48.4546
3910 57.8602
3911 21.4411
3912 5.9189
3913 1.7625
3914 7.8000
3915 9.5153
3916 8.1955
3917 1270.1016
3918 3.0811
3919 3.0063
3920 59.8050
3921 0.6592
3922 19.8387
3923 70.0669
3924 2.2195
3925 17.0206
3926 5.3018
3927 18.4019
3928 0.8737
3929 8.1684
3930 3.2951
3931 50.7849
3932 1.3113
3933 21.4785
3934 32.0348
3935 4.5984
3936 50.4032
3937 5.1311
3938 19.8257
3939 52.4783
3940 50.5099
3941 17.9919
3942 2.2012
3943 12.8506
3944 53.3338
3945 26.0965
3946 42.8142
3947 2.1137
3948 5.9817
3949 14.7783
3950 7.1547
3951 20.0952
3952 10.0271
3953 13.4791
3954 19.7289
3955 4.2312
3956 18.0307
3957 10.0064
3958 13.3102
3959 67.6690
3960 15.3757
3961 2.7689
3962 4.7493
3963 6.3707
3964 0.9137
3965 25.8645
3966 0.7169
3967 25.2274
3968   NaN
3969 7.1677
3970   NaN
3971 0.5585
3972   NaN
3973 15.0077
3974 89.2343
3975 43.1934
3976 18.1580
3977 7.5286
3978 12.6925
3979 1.5223
3980 17.9239
3981 17.3695
3982 0.8015
3983 46.0580
3984 13.2905
3985 136.3455
3986 56.1243
3987 2.2002
3988 7.4916
3989 8.4245
3990 89.1115
3991 17.3853
3992 19.2471
3993 31.7471
3994 3.9691
3995 10.1284
3996 4.0951
3997 2.4112
3998 46.0129
3999 4.0570
4000 13.7183
4001 22.7911
4002 34.6217
4003 1.7013
4004 19.4511
4005 3.2783
4006 8.5343
4007 10.7909
4008 46.7598
4009 20.2423
4010 11.6588
4011 18.1155
4012 67.3999
4013 53.0637
4014 10.8414
4015 8.8116
4016 54.4721
4017 2.5291
4018 48.8871
4019   NaN
4020 26.5504
4021 12.5358
4022 41.4083
4023   NaN
4024 9.3258
4025 4.6844
4026 21.5038
4027 2.3531
4028 3.1222
4029 0.5618
4030 10.7423
4031 7.9826
4032 11.4284
4033 4.8909
4034 73.0474
4035 3.6755
4036 1.7866
4037 14.9690
4038 7.4311
4039 1.2500
4040 6.2381
4041 17.4429
4042 3.5581
4043 13.1218
4044 6.6042
4045 6.5268
4046   NaN
4047 1.6339
4048 14.8166
4049 29.0517
4050 48.9439
4051 42.9938
4052 8.6995
4053 68.5035
4054 2.3788
4055 10.4916
4056 2.9641
4057 60.2994
4058 3.9768
4059 1.0289
4060 2.9327
4061 6.0177
4062 14.1838
4063 8.7869
4064 39.5697
4065 2.7158
4066 1.1981
4067   NaN
4068 2.9037
4069 15.0673
4070 2.1375
4071 2.4281
4072 17.8453
4073   NaN
4074 10.3445
4075 47.8107
4076   NaN
4077 9.3810
4078 1.1619
4079 52.7480
4080   NaN
4081 1.6514
4082 10.5329
4083 12.9023
4084   NaN
4085 26.1537
4086 25.2868
4087 13.8339
4088 2.8704
4089 72.9590
4090 8.0801
4091 8.6054
4092 14.8797
4093   NaN
4094 27.9034
4095 6.7399
4096 52.0342
4097 4.3918
4098 8.7718
4099 13.7980
4100 7.3234
4101 5.2997
4102 10.7727
4103 7.7203
4104 20.5665
4105 32.0873
4106 33.0649
4107 13.9496
4108 10.7181
4109 2.6037
4110 32.3957
4111 39.7814
4112 0.5847
4113 11.6439
4114 16.4056
4115 18.2922
4116 14.4927
4117 53.7188
4118 13.9644
4119 8.5666
4120 11.4287
4121 50.5263
4122 13.3993
4123 4.3962
4124 2.2817
4125 0.8839
4126 0.8566
4127 3.5924
4128 1.5903
4129 22.9564
4130 3.1092
4131 17.3580
4132 6.0234
4133 4.6764
4134 2.4976
4135 54.2499
4136 9.4558
4137 1.1739
4138 28.3983
4139 20.7344
4140 39.7797
4141 15.8357
4142 23.8945
4143 2.2535
4144 11.3072
4145 7.5321
4146 20.1809
4147 65.0102
4148 1.3236
4149 15.6058
4150 14.3596
4151 17.5696
4152 44.5586
4153 1.7079
4154 30.1429
4155 6.5523
4156 58.2092
4157 7.1812
4158 71.2886
4159 27.7855
4160 29.1244
4161 5.0338
4162 5.8894
4163   NaN
4164 24.9764
4165 7.6058
4166 5.6035
4167 6.6832
4168 8.1832
4169 2.4957
4170 23.0490
4171 8.8024
4172 50.0929
4173 34.8225
4174 14.0183
4175   NaN
4176 15.6471
4177 3.2300
4178 3.8272
4179 9.5816
4180 20.6486
4181 19.1606
4182 29.7858
4183 6.0246
4184   NaN
4185 7.6412
4186 5.5240
4187 19.0333
4188   NaN
4189 13.9266
4190 6.7707
4191 9.0220
4192 1.2736
4193 16.1718
4194 5.1515
4195   NaN
4196 3.6913
4197 18.8730
4198 46.4510
4199 3.0513
4200 2.3873
4201 4.7417
4202 3.9813
4203 10.7758
4204 58.6243
4205 2.2002
4206 6.4315
4207 4.3161
4208 0.9869
4209 3.1920
4210 10.8556
4211 37.7374
4212 48.6146
4213 6.3299
4214 18.8111
4215 50.5849
4216 29.9831
4217 27.3372
4218 9.3011
4219 43.9888
4220 16.4899
4221 38.0619
4222 42.9630
4223 9.3918
4224 17.1708
4225 51.8811
4226 3.7111
4227 33.2742
4228 76.3098
4229 11.7601
4230 16.7419
4231 9.3119
4232 8.9346
4233 5.6971
4234 8.1829
4235 38.8840
4236 0.8326
4237 2.1653
4238 4.9848
4239 23.5441
4240 11.8362
4241 3.3483
4242 52.3832
4243   NaN
4244 67.5062
4245 5.9285
4246 18.5010
4247 7.0969
4248 13.8224
4249 25.7599
4250 7.5413
4251 8.1629
4252 6.3834
4253 9.6628
4254 10.3094
4255 34.3262
4256 6.4806
4257 4.9290
4258 61.2147
4259 3.6571
4260 4.5051
4261 127.8679
4262 6.6940
4263 3.6862
4264 9.1231
4265 6.9842
4266 7.4070
4267 85.5609
4268 33.0862
4269 13.0974
4270 24.4488
4271 15.0110
4272 2.7707
4273 7.6750
4274 13.3461
4275 21.4406
4276 5.5425
4277 85.6200
4278 26.9088
4279 9.9725
4280   NaN
4281 64.2196
4282   NaN
4283 35.6613
4284 93.6641
4285 51.9851
4286 4.2604
4287 39.3703
4288 20.4019
4289 4.1995
4290 5.3374
4291 12.0312
4292 2.1691
4293 32.8698
4294 1.3561
4295 18.0489
4296 38.6447
4297 91.3020
4298   NaN
4299 1.5816
4300 2.4779
4301 10.3522
4302 12.0296
4303 9.1732
4304 21.8563
4305 18.0884
4306 64.2102
4307 37.3307
4308 3.3694
4309 22.3405
4310 50.1218
4311 4.6554
4312 52.6549
4313 11.9127
4314 9.7531
4315 11.4055
4316 32.5204
4317 49.3738
4318 10.6462
4319 38.8592
4320 0.9582
4321 60.3045
4322 29.3379
4323 3.3819
4324 16.8327
4325 49.1108
4326 31.9053
4327 3.8537
4328 1.7638
4329 49.9567
4330 31.2660
4331 12.5119
4332 52.9034
4333 29.1903
4334 21.7957
4335 5.8233
4336 9.8200
4337 4.6553
4338 4.5376
4339 39.6778
4340 3.3648
4341 41.6732
4342 6.9661
4343 10.0294
4344 6.9315
4345 28.5307
4346 6.6118
4347 6.3651
4348 40.6051
4349 3.7340
4350 3.6308
4351 3.2363
4352 2.5628
4353 37.6125
4354 40.9212
4355 71.2974
4356   NaN
4357 10.2750
4358 32.4181
4359 4.9612
4360 7.8747
4361   NaN
4362 55.2917
4363 16.2924
4364 18.4819
4365 11.9852
4366 72.5582
4367 0.4647
4368 45.2931
4369 66.1247
4370 16.1570
4371 3.0189
4372 2.0650
4373 23.4535
4374   NaN
4375 37.2007
4376 59.6141
4377 4.2272
4378 8.6426
4379 11.2170
4380 37.6361
4381 4.4582
4382 42.5613
4383 15.5611
4384 16.7151
4385 41.6267
4386 139.2288
4387 28.5702
4388 6.0395
4389 3.0291
4390 6.6545
4391 12.5690
4392 4.7189
4393   NaN
4394 1.2634
4395 16.1160
4396 2.9558
4397 1.6830
4398 26.7523
4399 28.8709
4400 4.9439
4401 61.1942
4402 33.4344
4403 9.6019
4404 6.2421
4405 44.0563
4406   NaN
4407 7.3085
4408   NaN
4409 1.3853
4410 3.3401
4411 2.6586
4412   NaN
4413 6.7391
4414 3.1054
4415 16.9183
4416 16.2804
4417 4.6764
4418 2.8903
4419 26.8903
4420 3.2967
4421 61.9650
4422 13.6733
4423 2.3596
4424 50.3840
4425 9.1048
4426 6.0082
4427 21.7206
4428 8.3748
4429 7.9008
4430 11.1563
4431 58.6030
4432 13.0028
4433 36.0490
4434 34.8865
4435 22.7169
4436   NaN
4437 3.5352
4438 39.3700
4439 17.3883
4440 15.5447
4441 13.1404
4442 30.2024
4443 14.8690
4444 46.9051
4445 18.1350
4446 55.2097
4447 33.8576
4448 8.3352
4449 25.0242
4450 2.1063
4451 28.3818
4452 73.4543
4453 11.9922
4454 39.0238
4455 15.6582
4456 10.8777
4457 14.6414
4458 54.1401
4459 90.8759
4460 27.1631
4461 31.8323
4462 34.9664
4463 77.8969
4464 24.5741
4465 3.1905
4466 29.6043
4467 2.1596
4468 10.0596
4469 0.9350
4470 15.4210
4471 25.5310
4472 15.2144
4473 14.7450
4474 1.2177
4475 9.9437
4476 16.1828
4477 10.1911
4478 17.2244
4479 11.2090
4480   NaN
4481 0.1865
4482 4.7759
4483 34.3655
4484 3.4282
4485 51.7546
4486 0.7629
4487 67.9256
4488 20.8673
4489 18.6939
4490 2.0066
4491 0.9962
4492 69.3247
4493 12.9493
4494 3.4138
4495 7.2221
4496 45.4060
4497 17.9365
4498 44.9133
4499 29.7636
4500 69.7558
4501 35.3336
4502 64.0286
4503 3.5243
4504 62.5757
4505 18.0960
4506 5.3562
4507 41.6049
4508 2.3807
4509 4.5889
4510 7.6276
4511 7.6894
4512 15.4398
4513   NaN
4514 59.7785
4515 6.2299
4516 40.5453
4517 2.3649
4518 30.7106
4519 28.4778
4520 22.6650
4521 17.5583
4522 3.5134
4523 56.9368
4524 60.3137
4525 4.0613
4526 10.8447
4527 13.2497
4528 2.5028
4529 50.5833
4530 30.7660
4531 21.6943
4532 3.2474
4533 9.7772
4534 17.2731
4535 23.3073
4536 7.5014
4537 13.9011
4538 7.6698
4539 18.0939
4540 30.0857
4541 2.5125
4542 62.6872
4543 9.8963
4544 4.7877
4545 17.1892
4546 14.7169
4547 50.1957
4548 9.8804
4549 11.9351
4550 69.6164
4551 2.0144
4552 40.9986
4553 4.4791
4554 32.2497
4555 6.0838
4556 8.1688
4557 47.9529
4558 14.6520
4559 3.2612
4560 28.3361
4561 52.9055
4562 27.8546
4563 11.8461
4564 18.8563
4565 25.1825
4566 3.2417
4567 34.9286
4568 15.1879
4569 90.7480
4570 6.1829
4571 30.8838
4572 18.4439
4573 6.2743
4574 33.9757
4575 11.3598
4576 19.6907
4577 8.5665
4578 8.5874
4579 2.8757
4580 5.4000
4581 2.4392
4582 3.5995
4583 22.7595
4584 63.2357
4585 14.7155
4586 1.8892
4587 0.6055
4588   NaN
4589 10.4114
4590 6.8314
4591 4.3272
4592 15.7703
4593 13.8063
4594 4.6978
4595 20.3922
4596 18.8631
4597 12.8030
4598 8.1558
4599   NaN
4600 89.2749
4601 13.4206
4602 11.0520
4603 12.6991
4604 3.6564
4605 8.2047
4606 13.6310
4607 7.3681
4608 17.4064
4609 5.7094
4610 6.9924
4611   NaN
4612 30.0893
4613 22.4029
4614 12.3610
4615 18.2406
4616 2.7062
4617 4.2645
4618 18.9654
4619 23.8646
4620 11.4407
4621 2.5848
4622 5.1853
4623 55.7414
4624 57.5031
4625 4.3029
4626 5.3681
4627 55.5309
4628 14.6623
4629 4.0265
4630 8.1165
4631 0.9327
4632 10.0214
4633 6.2038
4634 16.3976
4635 48.0188
4636   NaN
4637 22.4876
4638 3.9744
4639 25.4150
4640 10.6870
4641 43.6768
4642 80.1659
4643 2.1742
4644 46.3875
4645 2.1981
4646 7.4348
4647 20.8554
4648 8.8707
4649 37.2815
4650   NaN
4651 1.4293
4652 1.8671
4653 4.3892
4654 14.2563
4655 26.7900
4656 5.7040
4657 12.7129
4658 9.4921
4659 20.5203
4660 9.3117
4661 2.1289
4662 60.5511
4663 9.5511
4664 6.1163
4665 10.6507
4666 15.5547
4667 9.6242
4668 21.9962
4669 12.0769
4670 8.7044
4671 15.6280
4672   NaN
4673 24.9060
4674 7.3136
4675 24.8099
4676 43.5849
4677 5.1936
4678 45.5240
4679 24.7835
4680 2.2367
4681 9.1192
4682 6.3241
4683 15.4064
4684 7.0400
4685 1.6613
4686 29.4316
4687 54.4887
4688 41.7785
4689 63.0199
4690 13.1286
4691 94.4422
4692 32.8237
4693 3.5803
4694 19.0320
4695 38.1503
4696 7.9456
4697 44.3287
4698 5.0061
4699 6.3752
4700 45.9396
4701 83.3593
4702 8.0917
4703 15.0941
4704   NaN
4705 20.5961
4706 31.4976
4707 14.0950
4708 12.9766
4709 27.5419
4710 17.2444
4711 8.7534
4712   NaN
4713 2.7102
4714 9.1077
4715 13.4184
4716 3.0849
4717 11.7941
4718 3.0455
4719 18.3510
4720 13.2194
4721 33.0740
4722 14.2986
4723 8.0724
4724 0.6176
4725 50.6261
4726 141.8880
4727   NaN
4728   NaN
4729 11.8630
4730 15.1096
4731 59.9423
4732 11.0394
4733 0.9630
4734 21.0548
4735 50.8235
4736 3.5041
4737 26.3614
4738 52.7463
4739 11.5217
4740 25.5242
4741 5.3383
4742 48.5881
4743 10.8106
4744 13.2558
4745 5.0825
4746   NaN
4747 3.0567
4748 6.9204
4749 25.3124
4750 3.6027
4751 1.1632
4752 15.1131
4753 131.8818
4754 7.6503
4755 5.2157
4756 2.5010
4757 1.6795
4758 1.2904
4759 1.3529
4760 16.3158
4761 2.4646
4762 7.1518
4763 6.9751
4764 24.6681
4765 5.1471
4766 69.5591
4767 2.8187
4768 1.0050
4769 0.3969
4770 0.5957
4771 15.9991
4772 11.4901
4773   NaN
4774 4.3044
4775 7.4298
4776 6.7034
4777 7.8891
4778 4.1812
4779 14.2414
4780 1.9092
4781 28.3596
4782 2.4414
4783 34.8590
4784 10.2888
4785 1.7977
4786 42.9850
4787 20.1561
4788 16.3897
4789 9.3134
4790 1.5286
4791 12.1873
4792 9.0276
4793 43.3085
4794 10.3744
4795 19.9479
4796 68.4253
4797 193.2821
4798 6.4176
4799 20.2485
4800 18.0898
4801 11.5735
4802 16.4989
4803 41.2372
4804 0.9370
4805 13.9870
4806 28.7404
4807 66.8497
4808 1.0238
4809 4.2655
4810 20.5575
4811 11.9075
4812 9.0304
4813 43.2981
4814 2.1362
4815 15.3713
4816 22.9128
4817 11.3164
4818 1.0753
4819 41.6169
4820 34.3567
4821 5.0954
4822 61.7047
4823 14.2126
4824 13.0614
4825 1.8351
4826 6.5910
4827 36.4981
4828 15.3724
4829 5.8946
4830 43.8092
4831 8.4709
4832 4.2820
4833 63.4259
4834 6.7398
4835 3.4013
4836 23.2136
4837 52.6961
4838 24.4789
4839 12.0855
4840 12.6057
4841 47.6710
4842 2.9234
4843 12.4693
4844 49.9408
4845 5.6893
4846 70.2843
4847 36.6332
4848 15.1201
4849 0.6333
4850 3.7249
4851 18.6081
4852 10.6588
4853 47.4063
4854   NaN
4855 40.8543
4856 25.0567
4857 5.1274
4858   NaN
4859 8.9903
4860 4.0113
4861 2.1917
4862   NaN
4863 20.9511
4864 11.9604
4865   NaN
4866 47.6909
4867 49.1298
4868 56.4958
4869 2.2236
4870 14.4304
4871 5.8421
4872 12.2311
4873 4.9502
4874 33.7238
4875 11.4549
4876 18.0409
4877 1.0776
4878 4.8690
4879 1.3614
4880 2.8127
4881 8.1183
4882 4.1629
4883 13.4009
4884 6.8078
4885 27.1910
4886   NaN
4887 4.5585
4888 11.2659
4889 36.2716
4890 32.2180
4891 63.6092
4892 32.8122
4893 10.3046
4894 0.7239
4895 2.6905
4896 132.7498
4897 54.7340
4898 42.5906
4899 40.3547
4900 5.7131
4901 3.3246
4902 32.4706
4903 54.7112
4904 34.7616
4905 25.1993
4906 37.4826
4907 4.5077
4908 58.2842
4909 16.0302
4910 39.9331
4911 44.7196
4912 6.4422
4913 16.1133
4914 14.1598
4915 14.3060
4916 11.7541
4917 2.0079
4918 7.6064
4919 25.0428
4920 135.9454
4921 11.2537
4922 18.0422
4923 8.1522
4924 8.6704
4925 12.2313
4926 0.6754
4927   NaN
4928 5.8067
4929 52.2992
4930 5.0746
4931 20.6504
4932 3.5151
4933 117.2400
4934 47.8790
4935 34.3356
4936 17.2190
4937 1.2107
4938 9.5464
4939 3.3923
4940 19.0926
4941   NaN
4942 3.1569
4943 9.0752
4944 2.0185
4945 9.4041
4946 10.4249
4947 1.0048
4948 1.3100
4949 38.6522
4950 4.7976
4951 57.4179
4952 10.5961
4953 6.5764
4954 4.9479
4955 8.2800
4956 3.6558
4957 2.4382
4958 123.6270
4959 2.6981
4960 1.4605
4961 4.9525
4962 1.3342
4963 45.1472
4964 1.9480
4965 51.7009
4966 15.5230
4967 3.4539
4968 3.2207
4969 7.7866
4970 28.3002
4971 51.4890
4972 37.5389
4973 43.7470
4974 25.0298
4975 10.8318
4976 41.0191
4977 6.4293
4978 81.1179
4979 4.7980
4980 1.7528
4981 5.4711
4982 2.3063
4983 20.5851
4984 11.5474
4985   NaN
4986   NaN
4987   NaN
4988 3.1857
4989 12.1110
4990 16.1213
4991 26.1318
4992 3.1840
4993 12.9377
4994 2.8711
4995 45.4785
4996 1.0399
4997 16.6113
4998 8.6577
4999 35.9237
5000 30.0457
