   1 2.9410
   2 3.8159
   3 15.0725
   4 3.9402
   5 16.8172
   6 0.9530
   7   NaN
   8 0.2763
   9 0.5260
  10 6.2344
  11 7.6413
  12 33.2057
  13 6.4074
  14 2.0249
  15 15.4191
  16 18.1735
  17 2.6928
  18 4.1935
  19 3.5614
  20 1.4012
  21 4.5230
  22 13.9057
  23 0.3644
  24 4.1956
  25 0.5964
  26 10.6893
  27 7.0709
  28 13.8369
  29 0.2845
  30 11.1088
  31 4.4987
  32 14.8701
  33 18.7603
  34 16.1824
  35 2.1092
  36 14.5347
  37 1.0389
  38 42.8890
  39 2.5428
  40 13.4483
  41 12.3980
  42 10.0191
  43 0.9006
  44 3.1399
  45 1.4663
  46 8.4609
  47 1.3976
  48 4.5493
  49 4.3135
  50 6.0864
  51 5.8620
  52 2.4795
  53 4.0996
  54 0.3976
  55 13.4180
  56 5.7093
  57 2.5349
  58   NaN
  59 0.7321
  60 1.1078
  61 11.2663
  62 19.4014
  63 15.3767
  64 3.7119
  65 14.5547
  66 14.4705
  67 0.6886
  68 8.7796
  69 0.7327
  70 13.9446
  71 13.2864
  72 6.8383
  73 1.7215
  74 11.5963
  75 20.4298
  76 6.0847
  77 12.4842
  78 2.9476
  79 12.2326
  80 16.8116
  81 19.5200
  82 3.8518
  83   NaN
  84   NaN
  85 8.1013
  86 5.0446
  87 1.2512
  88 2.5621
  89   NaN
  90   NaN
  91 4.6710
  92 19.4087
  93 1.3606
  94 5.2075
  95 1.3769
  96 1.6953
  97 17.8381
  98 6.3443
  99 0.9853
 100 10.2527
 101 2.0654
 102 4.0365
 103 10.7656
 104 3.0524
 105 5.7705
 106 23.7757
 107 3.7112
 108 4.6272
 109 1.7466
 110 10.2876
 111 0.7498
 112 5.6400
 113 5.8769
 114 21.3488
 115   NaN
 116 5.6638
 117 21.3098
 118 7.5570
 119 4.4047
 120 2.9837
 121 6.9754
 122 5.0140
 123 11.8200
 124 0.1149
 125 5.1427
 126 3.1048
 127 0.7671
 128 0.9088
 129 21.1766
 130 4.4587
 131 5.1028
 132 18.5652
 133 1.8633
 134 1.4029
 135 4.4693
 136 4.4708
 137 4.3979
 138 0.6654
 139 3.8554
 140 17.5603
 141 3.7907
 142 1.6326
 143 6.9660
 144 7.7951
 145   NaN
 146 10.2218
 147 7.9681
 148 0.3636
 149 2.9798
 150 6.4033
 151 5.0662
 152 5.7345
 153 14.2167
 154 9.2475
 155 0.5918
 156 17.1232
 157 20.3539
 158 15.9397
 159 5.6243
 160 9.8398
 161 10.2258
 162 1.5037
 163 10.9771
 164 7.6008
 165 8.2467
 166 16.5666
 167 2.2095
 168 14.4823
 169   NaN
 170 12.9104
 171 4.3173
 172 8.2764
 173 15.4359
 174 2.3465
 175 1.4962
 176 2.6439
 177 6.7995
 178 7.5067
 179 9.0226
 180 4.3579
 181 3.3497
 182 18.1626
 183 4.1144
 184 3.1819
 185 7.0466
 186 0.8285
 187 9.4640
 188 12.8263
 189 2.2630
 190   NaN
 191 1.7129
 192 12.0948
 193 4.0206
 194 6.6455
 195 4.4848
 196 1.4703
 197 7.2194
 198 7.1599
 199 7.6509
 200 3.3904
 201 6.2124
 202 2.6382
 203 1.8050
 204 8.2082
 205 19.1982
 206 2.9958
 207 7.0387
 208 8.2864
 209 2.0190
 210 16.4983
 211 35.9482
 212 4.9654
 213 1.7792
 214 8.3746
 215 0.1395
 216 0.3763
 217   NaN
 218 10.3720
 219 8.0961
 220 7.8519
 221 5.2902
 222 6.9596
 223 4.9385
 224 10.2921
 225 1.4874
 226 8.1803
 227 5.9532
 228 3.0019
 229 4.9312
 230 7.5739
 231 9.0531
 232 7.7187
 233 2.5829
 234 1.4216
 235 14.4486
 236 12.3847
 237 1.3852
 238 9.8425
 239 1.6442
 240 5.0969
 241 15.2268
 242 2.7237
 243 7.0279
 244 17.6725
 245 2.4975
 246 0.4605
 247   NaN
 248 3.1977
 249 16.5117
 250 4.4893
 251 1.2859
 252 5.7018
 253 0.8540
 254 4.0971
 255 36.4002
 256 16.0893
 257 2.6254
 258 6.8261
 259 10.3830
 260 9.9235
 261   NaN
 262 9.0815
 263 95.2903
 264 6.6880
 265 7.7430
 266 7.0915
 267 23.7116
 268 4.4051
 269 6.5075
 270 2.3688
 271 6.6128
 272 3.7977
 273   NaN
 274 11.0168
 275 1.9340
 276 7.6219
 277 13.8235
 278 3.2694
 279 10.3993
 280 11.7530
 281 5.0002
 282 12.9476
 283 0.7359
 284 18.2409
 285 14.0757
 286 3.5623
 287 5.3358
 288 9.0847
 289 5.7009
 290 9.2643
 291 0.9035
 292 12.3063
 293 8.8888
 294 3.6818
 295 1.5207
 296 1.5743
 297 13.8094
 298 0.9058
 299 2.1067
 300 0.7350
 301   NaN
 302 19.6912
 303   NaN
 304 0.6537
 305 7.3998
 306 671.8324
 307 0.7797
 308 14.3499
 309 8.1631
 310 12.5606
 311   NaN
 312 11.4895
 313 4.8180
 314 16.1099
 315 11.4604
 316 5.6433
 317 2.2994
 318 14.7576
 319 5.2054
 320 23.7488
 321 3.1615
 322 2.5121
 323 0.5136
 324 4.8269
 325 2.1777
 326 1.7017
 327 6.8748
 328 13.6828
 329 13.4877
 330 15.5718
 331 0.9018
 332   NaN
 333 12.0760
 334 2.6742
 335   NaN
 336 21.2071
 337 9.8526
 338 7.0865
 339 7.3599
 340 10.4943
 341 5.9663
 342 7.7519
 343 5.9508
 344 20.2133
 345 9.2122
 346 14.0708
 347 3.2616
 348 2.4654
 349 4.1119
 350 5.7072
 351 0.9247
 352 1.6762
 353 1.7302
 354 2.8502
 355 6.9933
 356 4.1396
 357 0.8770
 358 6.8091
 359 9.8491
 360 9.2565
 361 1.1679
 362 2.7094
 363 3.9995
 364 3.6353
 365 16.0051
 366 9.3299
 367 5.9964
 368 20.2857
 369 13.1389
 370 11.8977
 371 10.0294
 372   NaN
 373 4.7062
 374 15.1226
 375 5.7690
 376 0.9222
 377 5.7545
 378 1.3415
 379 30.9135
 380 5.8732
 381 1.2713
 382 0.4261
 383 1.3480
 384   NaN
 385 5.0771
 386 9.2113
 387 13.0253
 388 1.5113
 389 2.6173
 390 0.3792
 391 8.0689
 392 5.2647
 393 18.7306
 394 1.4910
 395 23.0757
 396 1.5945
 397 26.6942
 398 22.6119
 399 7.3495
 400 6.2766
 401 62.3418
 402 0.8910
 403 10.4294
 404 2.7216
 405 11.1174
 406 0.8205
 407 21.8524
 408 12.7687
 409 12.5449
 410 4.9245
 411 5.5358
 412 7.5404
 413 0.5498
 414 1.6419
 415 4.4608
 416 31.1357
 417 4.3041
 418 31.0069
 419 2.8241
 420 7.0502
 421 2.4126
 422 2.1946
 423 31.0704
 424 5.6968
 425 3.8471
 426 7.2831
 427 0.7768
 428 2.6058
 429 3.3204
 430 1.3903
 431 1.7113
 432 20.6609
 433 8.3644
 434 2.0809
 435 10.5978
 436 5.1700
 437 3.4427
 438 7.8484
 439 5.4182
 440 1.9481
 441 6.7461
 442 1.5930
 443   NaN
 444 30.8865
 445 2.0626
 446 3.1066
 447 8.6215
 448 16.3422
 449 2.1663
 450 0.2492
 451 8.4712
 452 5.6255
 453 18.1068
 454 4.3280
 455 0.7256
 456 8.2263
 457 13.8615
 458 43.3476
 459 1.7568
 460 4.6017
 461 24.0980
 462 4.0363
 463 1.4261
 464 3.2344
 465 6.9258
 466 2.0276
 467 2.8526
 468 12.2526
 469 3.9231
 470 5.4675
 471 0.5132
 472 1.9750
 473 1.5728
 474 6.0036
 475 4.3728
 476 1.2531
 477 3.5885
 478 5.6600
 479 2.4381
 480 17.3145
 481 3.4457
 482 26.4723
 483 18.4300
 484 5.0497
 485 31.7785
 486 16.7178
 487 1.3100
 488 1.4211
 489 18.4170
 490 14.1728
 491 1.9001
 492 9.3840
 493 7.4015
 494 10.7531
 495 1.7727
 496 95.1688
 497 2.2483
 498 6.1036
 499 4.9337
 500 6.9391
 501 18.0451
 502 0.5644
 503 0.8720
 504 1.7423
 505 5.8660
 506 2.9182
 507 4.2362
 508 12.1956
 509 10.0828
 510 6.6626
 511 5.4978
 512 16.0974
 513 13.3360
 514 5.2072
 515 7.0259
 516 3.7399
 517 4.9315
 518 13.8565
 519 12.6127
 520 1.7791
 521 8.0473
 522 4.3163
 523 1.9640
 524   NaN
 525 17.6974
 526 3.6521
 527 17.6243
 528 15.8031
 529 1.4635
 530 6.1536
 531 3.9017
 532 0.2356
 533 6.2922
 534 10.9029
 535 12.8304
 536 8.9315
 537 1.8499
 538 4.1430
 539 15.3960
 540 7.0089
 541 0.3318
 542 10.7978
 543 5.2483
 544 4.1180
 545 21.3422
 546 3.8756
 547 3.8176
 548 9.5554
 549 5.8819
 550 3.3285
 551 8.0395
 552 5.0831
 553 7.2461
 554 4.0725
 555 16.0113
 556 47.3186
 557 1.6233
 558 10.8750
 559 0.7351
 560 1.6028
 561 2.9727
 562 3.8426
 563 2.5968
 564 6.3786
 565 1.7119
 566 15.4803
 567 3.9928
 568   NaN
 569 12.7925
 570 6.1881
 571 18.5870
 572 2.9548
 573 26.6838
 574 9.5999
 575 3.5662
 576 15.1647
 577 14.9985
 578 1.8786
 579 0.5457
 580 16.2760
 581 4.3630
 582 15.5200
 583 1.7455
 584 9.9540
 585 2.6793
 586 14.4682
 587 3.3601
 588 16.6084
 589 10.2830
 590 9.6070
 591 5.4606
 592 8.4451
 593 7.6797
 594 33.2745
 595 1.9116
 596 2.5904
 597 1.2171
 598 0.5396
 599 4.7127
 600 15.2606
 601 9.4911
 602 8.9857
 603 2.5481
 604 3.9644
 605 4.9851
 606 3.8841
 607 29.8651
 608 7.5991
 609   NaN
 610 0.8196
 611   NaN
 612 1.2113
 613 6.2670
 614 9.2593
 615 6.7574
 616 11.8367
 617 14.9797
 618   NaN
 619 9.3259
 620 0.9803
 621 1.6630
 622 4.8253
 623   NaN
 624 0.5613
 625 2.8593
 626 2.0317
 627 7.4391
 628 1.8094
 629 14.8098
 630 6.7944
 631 3.3510
 632 3.3314
 633 9.3434
 634 0.9622
 635 4.1832
 636 7.1223
 637 8.6938
 638 7.4508
 639 2.7084
 640 2.9903
 641 0.2019
 642 0.2065
 643 1.4870
 644 0.7313
 645 1.6087
 646 29.5456
 647 8.6450
 648 0.5769
 649 24.0302
 650 1.1902
 651 9.7205
 652 13.2712
 653 0.1045
 654 2.6821
 655 21.1140
 656 2.9732
 657 2.2607
 658 1.2549
 659 5.8337
 660 4.0297
 661 9.2451
 662 17.9342
 663 1.1895
 664 8.1328
 665 18.7444
 666 34.7907
 667 18.6251
 668 2.8889
 669 5.6088
 670 0.6187
 671 6.2625
 672 4.1759
 673 4.5427
 674 15.5598
 675 10.1881
 676 11.6117
 677 11.1933
 678 8.4245
 679 8.9221
 680 3.9234
 681 6.3830
 682 6.7720
 683 12.3454
 684 5.3339
 685 13.3202
 686 0.5891
 687 13.4975
 688   NaN
 689 8.2422
 690 8.7231
 691 40.8446
 692 5.1173
 693 12.8253
 694 2.5751
 695 1.6911
 696 14.2890
 697 4.4834
 698 3.8978
 699 15.0678
 700 4.0344
 701 5.1628
 702 9.6655
 703   NaN
 704 9.0381
 705 6.0098
 706 10.9212
 707 46.1565
 708 1.6569
 709 0.2761
 710 14.6453
 711   NaN
 712 26.1673
 713 7.6434
 714 6.6257
 715   NaN
 716 6.8001
 717 25.8064
 718 9.3711
 719 3.5297
 720 6.3370
 721 7.1674
 722 6.2549
 723   NaN
 724 10.5265
 725 9.5786
 726 15.8353
 727 2.1420
 728 5.1772
 729 23.6084
 730 1.9838
 731 15.0158
 732 1.1220
 733 4.0224
 734 11.2911
 735 7.2010
 736 6.9959
 737   NaN
 738 34.2185
 739 0.5667
 740 15.6290
 741 1.7295
 742 20.1797
 743 1.1293
 744 8.6176
 745 9.6586
 746 4.7902
 747 8.9041
 748 11.5185
 749 2.1727
 750 5.7850
 751 1.2221
 752 16.7985
 753 2.0625
 754 2.8947
 755 13.0240
 756 3.2192
 757 20.4480
 758 14.9476
 759 9.9261
 760 5.4420
 761 15.5538
 762 5.2614
 763 2.5709
 764 2.4209
 765 0.1380
 766 2.7123
 767 1.8577
 768 14.4333
 769 4.1116
 770 18.1123
 771 1.7710
 772 4.3042
 773 6.0257
 774 1.5331
 775 2.7109
 776 6.7609
 777 4.2981
 778 4.6473
 779 5.2232
 780 1.2776
 781 13.7513
 782 0.3065
 783 1.7020
 784 1.5172
 785 12.7512
 786 4.9211
 787 9.7256
 788 16.1946
 789 1.3572
 790 15.9667
 791 0.9346
 792 9.7404
 793 0.8012
 794 15.6611
 795 0.7114
 796 9.1335
 797 1.2651
 798   NaN
 799 2.8405
 800 1.4220
 801   NaN
 802 2.7295
 803 17.5645
 804 5.3402
 805 2.8616
 806 4.0593
 807 16.7285
 808 7.3129
 809 2.6775
 810 11.4127
 811 9.1036
 812 3.8930
 813 10.2318
 814 12.2057
 815 15.6914
 816   NaN
 817 0.5082
 818 9.4009
 819 3.6203
 820 16.0393
 821 3.1131
 822 6.9849
 823 1.6869
 824 6.3904
 825 10.0156
 826 17.3408
 827 17.1788
 828 11.2111
 829 12.0748
 830 0.8612
 831 6.2951
 832 7.0141
 833 7.3116
 834 4.7775
 835 11.6831
 836 10.3431
 837 1.3069
 838 15.2770
 839 0.2232
 840 1.8127
 841 0.6364
 842 2.0524
 843 6.1427
 844 11.3079
 845 13.0460
 846 2.3450
 847 1.2387
 848 4.3611
 849 4.5829
 850 9.0420
 851 12.3074
 852 14.2834
 853 0.2612
 854 12.1415
 855 0.8516
 856 6.7322
 857   NaN
 858 54.2979
 859 8.5881
 860 12.2006
 861 5.6827
 862 2.2825
 863 2.5215
 864 3.2887
 865 3.8055
 866 13.2380
 867 13.2382
 868 5.8761
 869 6.6091
 870 15.7858
 871 4.4748
 872 3.7717
 873 15.8295
 874 5.8621
 875 6.4922
 876 10.2386
 877 3.6296
 878 2.0561
 879 5.2415
 880 2.2022
 881 13.8387
 882 0.2161
 883 10.9928
 884 3.4229
 885 2.9917
 886 0.8746
 887 6.7108
 888 5.7773
 889 2.2991
 890 5.7871
 891 9.5912
 892 3.5173
 893 7.6146
 894 8.4427
 895 5.6582
 896 5.1640
 897 4.1299
 898 1.9460
 899 5.8183
 900 4.5043
 901 1.0052
 902 8.4404
 903 7.1119
 904 13.3200
 905 3.5049
 906 5.5707
 907 17.2433
 908 1.8983
 909 1.9839
 910 14.8329
 911 19.0216
 912 0.2551
 913 9.9001
 914 6.6903
 915 2.4319
 916 6.7969
 917 2.7825
 918   NaN
 919 1.9950
 920 3.5416
 921 4.6020
 922 10.7880
 923 24.7431
 924 1.7631
 925 7.2189
 926 8.1528
 927 2.3576
 928 2.3838
 929 11.4175
 930 0.3162
 931 7.0178
 932 5.7902
 933 1.5757
 934 16.0524
 935 7.3739
 936 3.9627
 937 18.5387
 938 16.7926
 939 0.8617
 940 2.3111
 941 9.3031
 942 6.6912
 943 6.9022
 944 0.9812
 945 7.9535
 946 28.3493
 947 1.6586
 948 7.2001
 949 8.3265
 950 3.0983
 951 7.9565
 952 0.3287
 953 18.9957
 954   NaN
 955 5.9264
 956 0.9959
 957 2.7277
 958   NaN
 959 5.3913
 960 4.9123
 961 7.6176
 962 7.5030
 963 4.8097
 964 11.5458
 965 3.6762
 966 13.4923
 967 16.9891
 968   NaN
 969 5.1825
 970 3.4935
 971 6.8533
 972 3.8943
 973 13.6377
 974 28.9621
 975 2.3131
 976 2.6315
 977   NaN
 978 3.4952
 979 1.5867
 980   NaN
 981 10.5597
 982 13.6251
 983 7.4195
 984 21.8391
 985 6.0292
 986 13.7912
 987 12.6083
 988 20.1469
 989 1.7985
 990 0.7865
 991 0.8041
 992 7.7444
 993 1.6642
 994 1.0098
 995 1.2754
 996 15.0316
 997 0.6248
 998 3.6184
 999 21.1302
1000 3.9373
1001 6.5534
1002 15.2711
1003 14.4131
1004 5.3996
1005   NaN
1006 6.5847
1007 1.5718
1008 1.9196
1009 17.9047
1010 4.8924
1011 2.4007
1012 16.2211
1013 8.2576
1014 32.3035
1015   NaN
1016 11.5054
1017 12.3754
1018 8.0307
1019 1.2584
1020 1.3438
1021 7.7730
1022 18.0367
1023 2.2951
1024 13.8146
1025 4.4995
1026 8.5063
1027 10.7042
1028 9.6955
1029 13.7624
1030 11.4172
1031 1.3156
1032 8.8268
1033 1.3724
1034 4.1983
1035 6.5142
1036 6.5667
1037 5.4153
1038   NaN
1039 10.9483
1040 22.0088
1041 1.6348
1042 14.9791
1043 8.0931
1044 4.4803
1045 3.9685
1046 10.2827
1047 0.4788
1048 6.0251
1049   NaN
1050 2.8636
1051 4.4593
1052 6.1443
1053 10.1440
1054 6.7984
1055 15.2193
1056 1.5304
1057 18.3157
1058 11.9965
1059 6.8629
1060 1.8363
1061 23.0492
1062 7.6431
1063 3.2918
1064 4.8273
1065 7.8673
1066   NaN
1067 3.3665
1068 15.9038
1069 8.3849
1070 7.9386
1071 18.2001
1072   NaN
1073 0.2094
1074 17.1944
1075 4.7269
1076 10.2172
1077 12.0897
1078 0.8269
1079 6.5593
1080 12.8379
1081 19.1216
1082   NaN
1083 2.1805
1084 10.4352
1085 0.1655
1086 2.4065
1087 13.1585
1088 4.7096
1089 16.6606
1090 5.7683
1091 5.6798
1092 1.7217
1093 4.1204
1094 19.0288
1095 10.7106
1096 7.7149
1097 2.9065
1098   NaN
1099 0.2909
1100 7.7881
1101 17.8404
1102 2.9195
1103 15.9371
1104 5.1791
1105 13.9963
1106   NaN
1107   NaN
1108   NaN
1109   NaN
1110 18.8295
1111 14.9365
1112 11.1036
1113 4.6431
1114 3.2338
1115 2.5550
1116 8.0144
1117 5.4462
1118 1.0240
1119 1.1115
1120 6.2247
1121 10.7330
1122 15.2367
1123   NaN
1124 1.5305
1125 10.6457
1126 1.4397
1127 2.4975
1128 36.9695
1129 2.2610
1130 10.5998
1131   NaN
1132 6.6762
1133 4.9445
1134 15.2375
1135 19.1000
1136   NaN
1137 0.6337
1138 6.8903
1139 2.8949
1140 1.4623
1141 9.7005
1142 4.0116
1143 0.9475
1144 15.8820
1145 8.0860
1146 21.0134
1147 0.1945
1148 4.3071
1149 2.7917
1150 4.5899
1151 1.6792
1152 10.2944
1153 1.2633
1154 4.1990
1155 2.8771
1156 3.1572
1157 2.1253
1158 0.9055
1159 19.4546
1160 7.1438
1161 7.6951
1162 8.0074
1163 14.6310
1164 17.5696
1165 11.5564
1166 2.1799
1167 2.2525
1168 17.9520
1169 14.4320
1170 0.4524
1171 8.6744
1172 0.9084
1173 8.1058
1174 1.6623
1175   NaN
1176 11.4924
1177 7.2024
1178 4.7098
1179 5.7567
1180 11.4603
1181 6.4712
1182 0.7921
1183 2.9272
1184 2.4294
1185 0.9570
1186 7.6053
1187 1.4075
1188 4.2614
1189 0.6477
1190 25.5013
1191 11.5056
1192 2.4613
1193 11.9131
1194 2.4934
1195 2.5884
1196 2.0297
1197 9.7578
1198 29.1129
1199 2.6343
1200 20.0722
1201 8.3058
1202 16.1664
1203 3.3542
1204 11.6419
1205 1.8448
1206 1.4870
1207 7.4726
1208 13.3603
1209 7.0395
1210 21.2174
1211 4.4357
1212 31.8714
1213 13.9028
1214 7.3929
1215 24.2138
1216 6.7987
1217 2.1617
1218 0.4954
1219 4.7583
1220 21.8800
1221   NaN
1222 5.5652
1223 8.9737
1224 2.9452
1225 0.4152
1226 0.5283
1227 10.7120
1228 1.8866
1229 3.0667
1230 13.1341
1231 14.2949
1232 6.7452
1233 9.5211
1234 7.8402
1235 1.8787
1236 15.1089
1237 6.7412
1238 0.1582
1239 8.1192
1240 13.1578
1241 5.7160
1242 7.5116
1243 23.5457
1244 9.2305
1245 15.7507
1246 0.8252
1247 14.9584
1248 3.4028
1249 12.8683
1250 5.2206
1251 27.1935
1252 1.8394
1253 14.9306
1254 28.5062
1255 14.7350
1256 0.3648
1257 3.4165
1258 7.6939
1259 8.8276
1260 12.8289
1261   NaN
1262 7.2002
1263 9.5931
1264 1.6127
1265 10.7286
1266 2.9335
1267 2.2689
1268 11.3370
1269 39.7259
1270 14.5611
1271 2.2600
1272 18.7006
1273 1.0051
1274 6.5448
1275 10.3805
1276 12.0587
1277 4.9126
1278 9.7968
1279 10.8639
1280 6.6402
1281 7.2872
1282 9.7685
1283 2.6705
1284 10.4017
1285 3.3994
1286 6.3142
1287 6.6779
1288 2.2600
1289 4.4711
1290 17.2872
1291 5.1419
1292 0.7499
1293 12.2591
1294 4.0667
1295 7.2094
1296 7.6075
1297 0.4315
1298 4.0228
1299 1.4771
1300 6.0462
1301 1.3420
1302 10.3450
1303 3.2244
1304 13.1630
1305 8.0735
1306 8.4889
1307 1.8083
1308   NaN
1309 11.4256
1310 9.1179
1311 0.1395
1312 8.8846
1313 12.7298
1314 3.3157
1315 1.6865
1316 17.3477
1317 30.3899
1318 14.4431
1319 15.8588
1320 1.7573
1321 4.4545
1322 3.4053
1323 15.8038
1324 0.3248
1325 2.1914
1326 21.8058
1327 2.8118
1328 47.2157
1329 11.0943
1330 3.2289
1331 7.1778
1332 1.8402
1333 23.0643
1334 0.2353
1335 4.7599
1336 4.4199
1337 20.2123
1338 1.6698
1339 0.3030
1340 6.5648
1341 5.3742
1342 7.4437
1343 8.8961
1344 3.6254
1345 8.9481
1346 5.6653
1347 3.6898
1348 3.4508
1349 2.4804
1350 6.7064
1351 15.7795
1352 2.8297
1353 11.1528
1354 11.9401
1355 3.0143
1356 6.9781
1357 4.0180
1358 2.6581
1359 1.8024
1360 1.3322
1361 5.6264
1362 3.6391
1363 1.6967
1364 19.2354
1365 8.9401
1366 15.0680
1367 4.2447
1368 12.0158
1369 2.1111
1370 12.9018
1371 5.3402
1372 3.7392
1373   NaN
1374 8.6548
1375 2.9335
1376 13.0330
1377 1.2112
1378 3.9089
1379 2.0531
1380 19.0353
1381 4.7764
1382 1.3558
1383 17.1272
1384 3.4222
1385 1.2286
1386 24.3858
1387 7.5385
1388 8.0404
1389 1.0814
1390 14.6689
1391 4.3563
1392 8.5726
1393 2.5079
1394 21.0105
1395 5.4851
1396 14.4925
1397 7.5796
1398 27.8677
1399 1.7499
1400 7.1420
1401 7.4820
1402 1.5731
1403 16.4618
1404 2.7440
1405 2.7308
1406 1.5841
1407 1.1356
1408 23.0897
1409 2.2358
1410 2.7665
1411 2.8240
1412 2.2165
1413 1.4916
1414   NaN
1415 16.1522
1416 2.9802
1417 4.7604
1418 3.4522
1419 14.1185
1420 15.2745
1421 3.6137
1422 3.5659
1423 3.1845
1424 13.7215
1425 6.6850
1426   NaN
1427 4.7657
1428 3.0429
1429 9.4893
1430 3.7678
1431 7.2873
1432 1.9687
1433 12.4064
1434 0.5735
1435 2.6333
1436 32.7816
1437 1.5550
1438 0.8375
1439 7.3083
1440 9.2567
1441 1.4478
1442 1.9925
1443 9.9361
1444 13.0346
1445 1.6742
1446 8.8496
1447 11.7467
1448 0.9687
1449 3.4370
1450 0.5169
1451 9.9219
1452 1.4964
1453 14.9136
1454 24.7491
1455 16.3273
1456   NaN
1457 7.6011
1458 4.3798
1459 7.8218
1460 3.9066
1461 4.7379
1462 18.1709
1463 2.7046
1464 18.2572
1465 12.5028
1466 3.6456
1467 1.9566
1468 6.6077
1469 5.6753
1470 57.6813
1471 15.7504
1472 14.5396
1473 17.9669
1474 2.7052
1475 2.1932
1476 2.9021
1477 23.0095
1478 7.8255
1479 2.9945
1480 21.2927
1481 4.1762
1482 12.4375
1483   NaN
1484 11.5374
1485 3.2324
1486   NaN
1487 1.7401
1488 12.4268
1489 10.1312
1490 25.7816
1491 0.1420
1492 5.3441
1493 5.6375
1494 17.5556
1495 4.1197
1496 3.2195
1497 7.0080
1498 6.2145
1499 18.1173
1500 8.0206
1501 15.0271
1502 4.8263
1503 3.5038
1504 3.5181
1505 4.6244
1506 11.0830
1507 13.1918
1508 17.8527
1509 8.6238
1510 12.9939
1511 0.0834
1512 0.6423
1513 23.2863
1514 1.9756
1515 1.1180
1516 4.1979
1517 9.9810
1518 14.5989
1519 3.6130
1520 0.2303
1521 5.0556
1522 1.4131
1523 10.8677
1524 6.5303
1525 13.9550
1526 14.4211
1527 16.2295
1528 11.2549
1529 12.6692
1530 21.3042
1531 5.3301
1532 8.8519
1533 13.4088
1534 35.2307
1535 4.4243
1536 5.4385
1537 3.7499
1538 34.4867
1539   NaN
1540 6.2694
1541 8.0615
1542 5.1460
1543 5.8752
1544 13.5970
1545   NaN
1546 16.7683
1547 6.9975
1548 10.1840
1549 0.3350
1550 13.8479
1551 5.0903
1552 15.4287
1553 13.1091
1554 5.5474
1555 7.4645
1556 1.9988
1557 0.4584
1558 10.9260
1559 3.8853
1560 1.4035
1561 34.9636
1562 0.7728
1563 7.3277
1564 4.1910
1565 12.2612
1566 6.6110
1567 14.1793
1568 1.3533
1569 10.1346
1570 2.5377
1571 3.2409
1572 2.6846
1573 2.5829
1574   NaN
1575 3.0948
1576 17.1850
1577 3.9081
1578 11.3162
1579 17.5893
1580 2.9839
1581 11.6733
1582 14.7780
1583 6.9663
1584 6.8382
1585 4.8664
1586 8.3040
1587 1.2704
1588   NaN
1589 13.4736
1590 12.5740
1591 1.8045
1592 0.8058
1593 5.6446
1594 8.8542
1595 9.3904
1596 2.1651
1597 2.5493
1598 1.2283
1599   NaN
1600 9.6249
1601 12.6133
1602 10.4620
1603 1.8969
1604 5.4212
1605 1.5801
1606   NaN
1607 2.5118
1608 5.8480
1609 10.3091
1610 4.7499
1611 0.7331
1612 4.7382
1613 8.6969
1614 17.4244
1615 1.8059
1616 4.2666
1617 17.9499
1618 9.4946
1619 1.8880
1620 3.1222
1621 14.0444
1622 5.2673
1623 1.2628
1624 0.4487
1625 5.0742
1626 11.4181
1627 10.0690
1628 0.1915
1629 1.4614
1630 4.1563
1631 23.9937
1632 16.1088
1633 10.6754
1634 3.6771
1635 1.0524
1636 27.7347
1637 13.7294
1638 2.2937
1639 2.6838
1640 1.0962
1641 9.4469
1642 2.4572
1643 7.0606
1644 8.2633
1645 2.7662
1646 7.5066
1647 2.0725
1648 20.8007
1649 16.2831
1650 0.9470
1651 8.0852
1652 0.5654
1653 35.2240
1654 8.2966
1655 15.1411
1656 12.5737
1657 4.3557
1658 11.7374
1659 11.2089
1660 9.7313
1661 0.7328
1662 2.6422
1663 6.3214
1664 9.6853
1665 1.3183
1666 1.2552
1667 0.7404
1668 0.4269
1669 3.5339
1670 8.9432
1671 6.0180
1672 7.8719
1673 2.6540
1674 21.9731
1675 2.8923
1676 10.2589
1677 23.4173
1678 3.0992
1679 1.2900
1680 2.5294
1681 17.5862
1682   NaN
1683 2.4474
1684 12.1521
1685 2.2570
1686 4.8486
1687 5.2411
1688 2.3411
1689 7.2622
1690 19.8232
1691 9.5685
1692   NaN
1693   NaN
1694 5.4401
1695 13.3411
1696 0.4166
1697 3.0536
1698 6.3677
1699 4.5355
1700 0.7358
1701 7.4017
1702 13.5258
1703 4.1461
1704 4.1032
1705 2.5781
1706 8.0048
1707 10.1334
1708 1.6695
1709 15.5086
1710 38.3880
1711 4.1907
1712 1.8805
1713 0.3358
1714 28.6497
1715 9.8485
1716 4.1229
1717 12.3973
1718 3.5134
1719   NaN
1720 0.7843
1721 9.1671
1722 0.5975
1723 3.7358
1724 8.7610
1725 5.5310
1726 9.9005
1727 3.3489
1728 2.6374
1729 3.6020
1730 13.1363
1731 15.4093
1732 1.1051
1733 8.1875
1734 7.0061
1735 4.6478
1736 14.4639
1737 7.1856
1738 3.5182
1739 1.3364
1740 2.5243
1741 24.4483
1742 2.7298
1743 8.9698
1744   NaN
1745 7.7757
1746 15.3031
1747 12.5287
1748 6.1936
1749 5.0483
1750 3.0844
1751 12.8650
1752   NaN
1753 3.2210
1754 8.1274
1755 6.9947
1756   NaN
1757 11.4129
1758 4.2651
1759 4.5188
1760 3.7104
1761 8.9850
1762 8.8379
1763 2.4839
1764 10.5838
1765 22.9149
1766 3.5436
1767 6.7899
1768 2.5829
1769 6.7364
1770 5.2253
1771 4.0969
1772 9.9516
1773 3.3845
1774 12.9872
1775 2.4520
1776 1.0640
1777 2.8928
1778 8.3541
1779 2.6592
1780 2.2730
1781 7.7336
1782 9.5185
1783 1.0293
1784 19.4727
1785 0.2952
1786 0.8837
1787 1.2326
1788 4.7409
1789 0.2753
1790 3.8621
1791 9.6388
1792 9.0202
1793 5.5951
1794 15.4189
1795 16.8819
1796 7.2233
1797 3.3504
1798 0.5664
1799 10.5718
1800 19.0927
1801 5.9183
1802 11.2976
1803 2.5622
1804 3.8647
1805 8.9638
1806 23.7187
1807 16.5364
1808 5.7693
1809 121.7680
1810 13.5224
1811 12.7475
1812 37.6167
1813 2.0411
1814 2.0370
1815 3.5941
1816 6.0102
1817 10.3128
1818 12.5731
1819 7.4829
1820 10.8186
1821 9.7764
1822 2.6112
1823 15.8480
1824 19.1634
1825 10.7017
1826 2.8499
1827 14.5600
1828 2.9291
1829 13.4489
1830 4.3024
1831 5.7635
1832 1.0196
1833 0.6136
1834 6.9118
1835 9.7836
1836 4.6839
1837 9.5949
1838 20.4289
1839 5.1571
1840 1.9392
1841 16.8739
1842 6.3787
1843 16.3369
1844 5.4016
1845 15.1908
1846 0.9088
1847   NaN
1848 1.6127
1849 3.7851
1850 6.1034
1851 2.3952
1852 2.7629
1853 0.4648
1854 2.7060
1855 7.4106
1856 4.0233
1857 1.9784
1858 9.5290
1859 3.8809
1860 0.5406
1861 24.0999
1862 14.5006
1863 2.9503
1864 16.6124
1865 8.8926
1866 23.3028
1867 8.1320
1868 4.6629
1869 16.7472
1870 0.3692
1871 4.1347
1872 4.9766
1873 16.2472
1874 4.8642
1875 7.8999
1876 4.6462
1877 0.9148
1878 18.1521
1879 13.0693
1880 14.5726
1881 1.4353
1882 10.8556
1883 10.1316
1884 16.5034
1885 5.9607
1886 15.2645
1887 13.4171
1888 10.1352
1889 4.1393
1890 13.4937
1891 0.5815
1892 2.9607
1893 2.2301
1894 3.7935
1895 3.6134
1896 3.4163
1897 28.0317
1898 1.7301
1899 0.2746
1900 10.6949
1901 2.3060
1902 25.3600
1903 2.8595
1904   NaN
1905 13.6737
1906 3.0248
1907 6.7776
1908 14.3132
1909 20.1663
1910 12.3384
1911 10.1229
1912   NaN
1913 9.0111
1914 10.7400
1915 2.1439
1916 6.1269
1917 4.3464
1918 2.1795
1919 34.6441
1920 5.2749
1921 13.9924
1922 5.4182
1923 2.3057
1924 5.2222
1925 19.1944
1926 7.6483
1927 38.8191
1928 7.8521
1929 0.5386
1930 2.8803
1931 1.9759
1932 7.9052
1933 8.0840
1934 5.3528
1935 5.3369
1936   NaN
1937 0.2143
1938 2.6264
1939 4.3716
1940 4.5864
1941 2.5948
1942 4.7432
1943 10.0915
1944 2.8524
1945 2.6150
1946 1.7147
1947 3.3945
1948 4.9021
1949 4.6359
1950 5.2964
1951 9.5775
1952 1.8622
1953 22.8965
1954 5.2557
1955 3.3111
1956 6.3629
1957 4.7943
1958 11.2036
1959 0.7248
1960 4.3221
1961 2.4085
1962 17.5784
1963 16.3773
1964 1.6440
1965 12.5788
1966 3.2315
1967 7.9048
1968 5.7822
1969 21.2962
1970 6.4157
1971 12.0792
1972 46.4568
1973 4.1681
1974 13.5213
1975 4.1245
1976 8.0650
1977 6.4493
1978 3.7702
1979 6.4566
1980 14.4428
1981 2.0946
1982 2.9935
1983 13.8004
1984 12.6376
1985   NaN
1986 8.4993
1987 1.7123
1988 12.6751
1989 11.9455
1990 13.6874
1991 0.4465
1992 16.8351
1993 3.9446
1994 7.9708
1995 14.6615
1996 7.7399
1997 12.6347
1998 9.6691
1999 9.3199
2000 0.3693
2001 15.5282
2002 6.2896
2003 3.5298
2004 10.4335
2005 3.0533
2006 2.4575
2007 10.5023
2008 1.4222
2009 14.5517
2010 6.8315
2011 1.4648
2012 6.3209
2013 25.1948
2014 0.3564
2015 3.5512
2016 2.7830
2017 13.4384
2018 3.3631
2019 2.1562
2020 7.1617
2021 2.8351
2022 3.6356
2023 10.5088
2024 8.9766
2025 1.1042
2026 2.9005
2027 1.2523
2028 4.3378
2029 5.3386
2030 12.5862
2031 0.3896
2032 2.6413
2033 4.8543
2034 12.8041
2035 18.4809
2036 9.7923
2037 8.7724
2038 18.7604
2039 0.4534
2040 13.8432
2041 14.1129
2042 4.0521
2043 13.5886
2044 5.7077
2045 9.8589
2046 3.8933
2047 17.8129
2048 2.3642
2049 11.6647
2050 6.9565
2051 1.2327
2052 3.2383
2053 2.2597
2054 4.3998
2055 2.6668
2056 22.2171
2057 4.3696
2058 8.7792
2059 5.9777
2060 4.5835
2061 4.1560
2062 1.7952
2063 5.0834
2064 6.2128
2065 14.5721
2066 0.1777
2067 1.7758
2068 9.8685
2069 6.3112
2070 1.2644
2071 1.0218
2072 12.3373
2073 6.5442
2074 11.4495
2075 10.1586
2076 11.2720
2077 5.6167
2078 50.6965
2079 11.1968
2080 76.3833
2081 6.5842
2082 9.2284
2083 3.0263
2084 1.9448
2085 1.4815
2086 11.9976
2087 2.4376
2088   NaN
2089 6.8826
2090 2.8989
2091   NaN
2092 11.7574
2093 0.8925
2094 2.6050
2095   NaN
2096 15.0686
2097 1.3301
2098 1.9265
2099 8.8432
2100 5.9579
2101 15.8558
2102 3.2055
2103 17.4254
2104 2.2493
2105 27.7898
2106 1.8090
2107 4.8307
2108 21.6478
2109 10.6791
2110 0.6626
2111 9.0012
2112 0.2958
2113 1.6360
2114 14.2999
2115 13.4583
2116 1.8799
2117 5.8210
2118 4.5895
2119 3.1461
2120 10.2236
2121 44.1197
2122 3.4799
2123 30.5851
2124 2.5162
2125 6.9684
2126 15.1559
2127 1.5232
2128 12.2582
2129 4.4580
2130 14.8523
2131 0.9121
2132 2.0388
2133 33.5598
2134 4.9611
2135 4.5861
2136 2.6872
2137 3.8278
2138 0.4768
2139 2.1366
2140 1.6311
2141 3.2792
2142 8.9658
2143 1.9128
2144 6.6717
2145 1.6797
2146 22.5274
2147 3.4917
2148   NaN
2149 10.6718
2150 6.0982
2151 1.9522
2152 1.4948
2153 4.8505
2154 3.1751
2155 6.4220
2156 11.1817
2157 15.9820
2158 2.4139
2159 14.4863
2160 4.5362
2161 5.0226
2162 0.2530
2163 16.9879
2164 7.1063
2165 5.4599
2166 12.6691
2167 3.1022
2168 19.5966
2169 7.8370
2170 1.3737
2171 10.1109
2172 16.8605
2173 12.7461
2174 5.4954
2175 2.4652
2176 2.6070
2177 7.5497
2178 9.4945
2179 5.4911
2180 0.2780
2181 9.8663
2182 9.4971
2183 12.7549
2184 2.0337
2185 1.9708
2186 4.7804
2187 33.3292
2188 3.5643
2189 10.6484
2190 6.3602
2191 0.6457
2192 4.6862
2193 13.8389
2194 154.0641
2195 5.9693
2196 31.2216
2197 5.7616
2198 6.0364
2199 20.4354
2200 2.4146
2201 2.3798
2202 27.8470
2203 2.3943
2204 3.0496
2205 3.0881
2206 6.1620
2207 7.0899
2208 11.4107
2209 9.4649
2210 2.7751
2211 9.4166
2212 11.1208
2213 1.7288
2214 2.3059
2215 7.7155
2216 3.3157
2217 8.4129
2218 12.4010
2219 5.4157
2220 2.6929
2221 22.7319
2222 6.6732
2223   NaN
2224 14.8915
2225 25.0680
2226 11.9865
2227 1.5688
2228 8.6861
2229 0.8764
2230 6.7855
2231 41.8301
2232 20.6908
2233 17.7571
2234 9.0807
2235 2.0761
2236 8.0122
2237 16.8146
2238 6.5560
2239 7.2801
2240 31.2442
2241   NaN
2242 5.3622
2243 6.4740
2244 3.1705
2245 8.2281
2246 3.1721
2247 27.8002
2248 25.1240
2249 3.9853
2250 10.1062
2251 8.3442
2252 9.0846
2253 3.2109
2254 4.0575
2255 17.7291
2256 2.7877
2257 6.2462
2258 2.6000
2259 2.3940
2260 2.2637
2261 1.3484
2262 2.7201
2263   NaN
2264 11.4258
2265 8.3532
2266 6.0320
2267 4.2996
2268 3.6234
2269 3.1988
2270 20.1520
2271 0.4102
2272 6.6889
2273 0.4056
2274 8.4801
2275 10.4435
2276 9.2557
2277 9.7964
2278 3.5284
2279 21.0070
2280 2.7759
2281 11.5286
2282 11.9989
2283 12.7906
2284 11.9960
2285 2.1568
2286 4.8571
2287 2.2030
2288 8.2275
2289 1.9685
2290 0.6811
2291 5.2918
2292 8.5777
2293 18.0834
2294   NaN
2295 7.1764
2296 4.2283
2297   NaN
2298 12.4570
2299 1.1902
2300 4.2714
2301 0.2820
2302 2.4060
2303 30.2302
2304 2.9672
2305 35.3591
2306 8.1298
2307 9.1683
2308 17.8320
2309 3.0810
2310 6.3048
2311 18.0025
2312 1.4178
2313 1.4389
2314 0.3613
2315 17.7946
2316 1.7605
2317 4.1782
2318 11.1401
2319 9.7183
2320 20.8027
2321 0.7839
2322 6.7964
2323 8.7648
2324 4.3237
2325 32.0918
2326 16.4729
2327 14.8385
2328 5.3493
2329 14.0110
2330 7.9484
2331 2.6443
2332 16.1628
2333 3.5702
2334 2.9807
2335 16.9504
2336 0.1118
2337 1.2074
2338 5.5700
2339 9.6032
2340 13.3739
2341 10.8679
2342 2.0682
2343 12.8224
2344 11.1710
2345 11.6970
2346 2.3920
2347 15.9160
2348 3.4041
2349 6.8460
2350   NaN
2351 0.7354
2352 11.0451
2353 3.6283
2354 10.6137
2355 4.9411
2356 6.2241
2357 0.9525
2358 2.6262
2359 19.8084
2360 9.4266
2361 14.8660
2362 9.1085
2363 11.1780
2364 14.9770
2365 2.6640
2366 3.8609
2367 6.5394
2368 10.7065
2369 1.7445
2370 9.6838
2371 2.0896
2372 3.3248
2373 0.7417
2374 2.5264
2375 1.3300
2376 0.8631
2377 22.4220
2378 14.1536
2379 4.6009
2380 1.2431
2381 4.1891
2382 16.3599
2383 15.8841
2384 0.8626
2385 0.2706
2386 1.1012
2387 2.8836
2388 15.2953
2389 15.3251
2390 8.2923
2391 1.8695
2392 51.2598
2393 1.6544
2394 6.8981
2395 14.1262
2396 15.9670
2397 3.6916
2398 2.5963
2399 4.5104
2400 3.1020
2401 3.0310
2402 7.4293
2403 2.7253
2404 1.5713
2405 1.5097
2406 4.8491
2407 0.6680
2408 6.6387
2409 34.0107
2410 11.8609
2411 11.8657
2412 8.7323
2413 2.3799
2414 7.1125
2415 14.3960
2416 6.7750
2417 6.4848
2418   NaN
2419 4.3579
2420 19.1031
2421   NaN
2422 12.4320
2423 14.9009
2424 9.9903
2425 20.0775
2426 3.6858
2427 6.7425
2428   NaN
2429 3.3450
2430   NaN
2431 1.0058
2432   NaN
2433 13.9874
2434 13.7008
2435 2.4906
2436 5.7460
2437 4.7888
2438 10.2499
2439 0.4718
2440 11.7111
2441 10.1981
2442 10.9644
2443 3.5182
2444 5.9055
2445 1.3972
2446 2.3238
2447 9.6565
2448 18.2755
2449 28.1846
2450 2.5516
2451 11.4881
2452 8.4715
2453 8.1139
2454 13.8468
2455 10.0799
2456 3.0044
2457 6.2954
2458 18.2746
2459 8.6968
2460 6.8719
2461 8.7500
2462 1.7234
2463 4.1790
2464 5.4278
2465 16.5505
2466 5.0895
2467 11.7580
2468 1.3555
2469 3.2504
2470 5.9160
2471 0.5525
2472 0.2280
2473 8.1871
2474 21.3594
2475 1.7919
2476 1.8869
2477 1.2629
2478 22.3668
2479 2.9220
2480 7.2879
2481 13.4916
2482 13.6273
2483 1.7391
2484 14.7500
2485 20.5144
2486 11.5875
2487 7.8199
2488 13.9253
2489 0.8869
2490 5.7761
2491 14.1121
2492 0.9696
2493   NaN
2494 7.9649
2495 1.6729
2496 11.2775
2497 7.4818
2498 4.5544
2499 18.7809
2500 4.0879
2501 4.4898
2502 10.2537
2503 0.3762
2504 7.4229
2505 11.4568
2506 4.0386
2507 3.9421
2508 2.9094
2509 125.0142
2510 0.6363
2511 8.1021
2512 1.4299
2513 7.3901
2514 2.6874
2515 7.7875
2516 16.3004
2517 3.1875
2518 3.2653
2519 9.9047
2520 20.0447
2521 1.9251
2522 7.7419
2523 4.5884
2524 13.4182
2525 8.4218
2526   NaN
2527 3.2931
2528 1.4768
2529 6.1693
2530 9.5530
2531 21.5468
2532 7.2225
2533 0.6685
2534 3.6217
2535 7.8822
2536 4.4930
2537 14.7286
2538 0.6944
2539 4.5581
2540 6.7156
2541 4.1166
2542 11.7216
2543 11.6569
2544 19.2915
2545 2.3400
2546 6.3095
2547 1.8423
2548 11.5658
2549 3.1258
2550 8.9203
2551 5.2357
2552 3.2871
2553 7.4340
2554 3.3665
2555 5.7465
2556 13.7486
2557 14.7346
2558 0.4552
2559 20.7945
2560 16.2558
2561 10.3463
2562 0.6829
2563 4.6127
2564 2.8759
2565 4.9245
2566 10.1040
2567 1.9281
2568 5.2533
2569 18.4624
2570 11.5103
2571 7.8778
2572 7.0492
2573 2.1796
2574 1.3062
2575 1.5334
2576 4.9183
2577 3.4984
2578 1.5894
2579 3.5319
2580 8.1441
2581   NaN
2582 3.6504
2583 9.3188
2584   NaN
2585 2.0321
2586 6.0503
2587 6.9251
2588 7.3461
2589 19.1065
2590 14.7846
2591 173.1981
2592 19.0636
2593 0.7688
2594 3.7622
2595 10.3236
2596 39.9021
2597 0.6367
2598 15.0953
2599 2.2838
2600   NaN
2601 0.6751
2602   NaN
2603 6.0559
2604 3.6072
2605 2.0034
2606 2.7153
2607 14.5976
2608 6.9637
2609 22.6263
2610 3.7654
2611 3.0190
2612 0.8666
2613 7.9593
2614 0.7902
2615 6.8379
2616 9.1491
2617 15.9819
2618 8.8090
2619 11.3245
2620 2.1542
2621   NaN
2622 10.2736
2623 1.9512
2624 27.8140
2625   NaN
2626 12.0921
2627 4.4752
2628 10.2030
2629 15.2506
2630   NaN
2631 3.5100
2632 8.3244
2633 4.1333
2634 2.2474
2635 15.0708
2636 11.2357
2637 4.9873
2638 3.5771
2639 7.7009
2640 14.5740
2641 15.9066
2642 17.4880
2643 15.7026
2644 17.0890
2645 5.2733
2646 6.9354
2647 10.7529
2648 3.1786
2649 6.3625
2650 0.7697
2651 16.4320
2652 11.0913
2653 1.6083
2654 10.4342
2655 5.3245
2656 7.4200
2657 2.8086
2658 0.5869
2659 5.3715
2660 7.2385
2661 6.9135
2662 5.0423
2663 4.5335
2664 6.9992
2665   NaN
2666 19.6562
2667 38.1123
2668 12.3216
2669 13.3447
2670 16.9318
2671 11.9737
2672 0.6074
2673 11.4080
2674 5.1146
2675 4.4600
2676 2.3876
2677 12.4999
2678 38.8930
2679 14.6146
2680 7.8143
2681 6.1880
2682 2.7538
2683 2.6313
2684 5.1481
2685   NaN
2686 5.4596
2687 5.6760
2688 5.0933
2689 6.0410
2690 15.2089
2691 16.2664
2692 13.6540
2693 4.4731
2694 12.6947
2695   NaN
2696 2.8598
2697 6.3258
2698 10.8586
2699   NaN
2700 12.3912
2701 1.2076
2702 12.1935
2703 20.9161
2704 0.4865
2705 6.1792
2706 3.1641
2707 19.3477
2708 11.9079
2709 10.9760
2710 13.9287
2711 4.2755
2712 12.2008
2713 20.2225
2714 0.8939
2715 0.1366
2716 3.5983
2717 8.9513
2718 6.2900
2719 1.0206
2720 0.2406
2721 5.4393
2722 2.5728
2723 12.4814
2724 17.9605
2725 13.1847
2726 3.0737
2727 5.0792
2728 14.2170
2729 11.7187
2730 0.6663
2731 13.4418
2732 20.2859
2733 1.1873
2734 10.8643
2735 14.6656
2736 10.8787
2737 22.6793
2738 2.3405
2739 4.0071
2740 6.5954
2741 7.9761
2742 3.0291
2743 11.6164
2744 15.0514
2745 5.1667
2746   NaN
2747 0.7456
2748 9.5435
2749 12.6933
2750 7.3691
2751 4.2987
2752 3.3837
2753   NaN
2754 10.7983
2755 17.1758
2756 3.6016
2757 19.5850
2758 8.1165
2759 5.9061
2760 1.7878
2761 1.1172
2762 17.1702
2763   NaN
2764 14.1469
2765 3.0413
2766 4.6815
2767 1.5774
2768 3.4505
2769 5.8864
2770 8.8850
2771 2.7427
2772 9.0392
2773 7.7078
2774 11.6562
2775 0.8187
2776 2.1333
2777 1.9044
2778 0.4284
2779 1.7674
2780 12.4802
2781 10.0339
2782 6.6657
2783 17.5622
2784 15.8619
2785 5.8185
2786 12.7706
2787 18.1966
2788 9.7510
2789 2.7631
2790 3.7021
2791 12.5889
2792 8.3748
2793 13.6549
2794 15.1101
2795 0.1385
2796 1.4973
2797 11.7835
2798 3.6339
2799 11.9825
2800 2.0255
2801 12.0186
2802 2.5966
2803 7.2220
2804 2.7788
2805 2.4406
2806 1.6513
2807 11.1338
2808 9.1946
2809 3.9571
2810 23.5338
2811 14.1682
2812 24.0721
2813 0.5102
2814 23.1165
2815 9.4094
2816 4.5593
2817 25.3605
2818 3.9681
2819 5.7203
2820 3.1957
2821 1.1718
2822 4.1245
2823   NaN
2824 7.2555
2825 20.0291
2826 3.3922
2827 5.9082
2828 3.2254
2829 21.3177
2830 1.7113
2831 8.3479
2832 8.1679
2833 22.2097
2834 7.6404
2835 2.7053
2836 0.4564
2837 8.8262
2838 15.7422
2839 12.6593
2840 2.9397
2841 22.5211
2842 3.8267
2843   NaN
2844   NaN
2845 2.6807
2846 13.9901
2847 9.6687
2848 4.5009
2849 9.6114
2850 0.5800
2851 38.4244
2852 9.0799
2853 21.0083
2854 1.0798
2855 1.9582
2856 12.7697
2857 7.1188
2858 1.2880
2859 4.8124
2860 1.4101
2861 5.0215
2862 9.6148
2863 36.5193
2864 33.3626
2865 1.5986
2866 16.7196
2867 1.9408
2868 21.6762
2869 0.4913
2870 1.2554
2871 4.6506
2872 13.3925
2873   NaN
2874 11.4723
2875 2.5605
2876 18.4207
2877 10.8240
2878   NaN
2879 1.8245
2880 6.8882
2881 28.7130
2882 1.7182
2883 17.2355
2884 6.1202
2885 3.6228
2886 16.9287
2887 4.6231
2888 18.8238
2889 0.7432
2890 21.6945
2891 6.1987
2892 9.2718
2893 18.0260
2894 8.5224
2895 6.8998
2896 8.9865
2897 1.9089
2898 2.2475
2899 1.2007
2900 4.7958
2901 8.2086
2902 8.9080
2903 2.5241
2904 8.1774
2905 1.4126
2906 18.0722
2907 24.6295
2908 3.8927
2909 3.6485
2910 0.3354
2911 12.2187
2912 22.5544
2913 7.0708
2914 13.3632
2915 1.0733
2916 10.1783
2917 66.5558
2918 17.1736
2919 13.6685
2920 11.6806
2921 9.4357
2922 5.2833
2923 5.4665
2924 12.6306
2925 0.9586
2926 8.6582
2927 6.8398
2928 14.5740
2929 0.6209
2930 7.5770
2931 4.5742
2932 2.3515
2933 3.9053
2934 5.3400
2935 8.1362
2936 7.4222
2937   NaN
2938   NaN
2939 0.3842
2940 8.1523
2941 0.9049
2942 8.1299
2943 10.0441
2944 4.3732
2945 12.0519
2946 0.9408
2947 87.1273
2948 3.2387
2949 6.5525
2950 52.7017
2951 7.7983
2952 5.7707
2953 0.7163
2954   NaN
2955 2.6186
2956 12.0802
2957 11.1512
2958 11.4288
2959 12.6518
2960 3.4175
2961 12.5593
2962 6.4250
2963 5.1298
2964 4.4752
2965 12.3888
2966 6.8699
2967   NaN
2968 12.4789
2969 5.2123
2970 13.6698
2971 15.2215
2972 8.8615
2973 12.3946
2974 9.6323
2975 6.5048
2976 14.7391
2977 2.4304
2978 8.5010
2979 21.2933
2980 42.8949
2981 3.6174
2982 13.0849
2983 3.8549
2984 14.7919
2985 1.1209
2986 3.7543
2987 6.7585
2988 15.6123
2989 11.7675
2990 15.0484
2991 13.2725
2992 11.9655
2993 5.7689
2994 1.6123
2995 11.6962
2996 2.6464
2997 12.9945
2998 12.5562
2999 5.0375
3000 8.6898
3001 16.7750
3002 17.2388
3003 7.3352
3004 8.9024
3005 3.0635
3006 6.8320
3007 2.3299
3008 11.3839
3009 9.2805
3010 2.5491
3011 5.0016
3012 6.7827
3013 2.6213
3014 0.3988
3015 7.7732
3016 1.1002
3017 2.9334
3018 11.1945
3019 9.1845
3020 12.7831
3021 7.6100
3022 11.7230
3023 0.8324
3024 0.2856
3025 2.1309
3026 8.4508
3027 3.6241
3028 9.6854
3029 16.9840
3030 0.9570
3031 20.8003
3032 5.5917
3033 3.0274
3034 5.8127
3035 0.3745
3036 2.3446
3037 3.1414
3038 2.7122
3039 1.8653
3040 2.8410
3041 1.6091
3042 5.6145
3043 12.0189
3044 19.5551
3045 13.2265
3046 0.3839
3047 1.4995
3048 10.1478
3049 18.8468
3050 0.6998
3051   NaN
3052 1.7408
3053 13.5285
3054 17.0386
3055 4.5439
3056 8.7624
3057 5.6272
3058 13.3064
3059 9.2509
3060 8.9591
3061 6.0318
3062 8.4598
3063 2.3433
3064 1.1725
3065 10.4618
3066 5.5969
3067 8.9954
3068 6.2905
3069 3.2194
3070 2.0888
3071 5.0740
3072 1.3558
3073 7.1457
3074 10.3648
3075 15.5526
3076 0.5332
3077 2.3459
3078 17.1613
3079 5.6301
3080 0.4671
3081 9.4353
3082 7.4984
3083 1.9983
3084 4.3629
3085 6.0988
3086 4.7016
3087 0.4886
3088 9.0947
3089 10.8704
3090 9.3920
3091 13.9912
3092 2.6827
3093 7.5436
3094 0.9211
3095 8.7061
3096 20.7645
3097 5.5606
3098 1.0492
3099 9.4807
3100 15.1771
3101 9.9246
3102 3.1472
3103 4.4126
3104 6.1796
3105 22.1680
3106 7.6206
3107 5.9918
3108 5.3279
3109 5.3360
3110   NaN
3111 8.6037
3112 2.7522
3113 9.6386
3114 2.0248
3115   NaN
3116 1.1165
3117 13.5257
3118 7.5999
3119 14.2571
3120 15.6863
3121 7.9664
3122 16.4726
3123 8.3942
3124 13.5746
3125 7.7547
3126 1.9573
3127 2.1984
3128 3.0615
3129 10.4631
3130 7.8002
3131 3.0721
3132 2.0450
3133 3.8888
3134 1.5381
3135 15.5397
3136 6.9827
3137 22.2596
3138   NaN
3139 1.4858
3140 6.4495
3141 16.8871
3142 8.7001
3143 16.8730
3144   NaN
3145 20.2716
3146 1.2585
3147   NaN
3148 0.4081
3149 3.5294
3150 14.2295
3151 12.8263
3152 14.0594
3153 5.1491
3154 11.5022
3155 6.0958
3156 17.4476
3157 8.2524
3158 8.0992
3159 18.9762
3160   NaN
3161 0.5763
3162 10.2192
3163 6.4431
3164 3.5350
3165 16.4025
3166 6.3232
3167 4.7395
3168 22.8144
3169 3.7202
3170 4.9330
3171 3.3949
3172 11.5530
3173 10.5002
3174 0.5133
3175 5.2370
3176 8.2655
3177 3.2592
3178 9.2938
3179 3.1607
3180 1.0908
3181 17.7842
3182 11.2453
3183 0.5227
3184 27.3785
3185   NaN
3186 1.0527
3187 0.7423
3188 3.9579
3189 5.5774
3190 7.4294
3191 3.4539
3192 0.6949
3193 7.3477
3194 1.8082
3195 2.0480
3196 2.0816
3197 1.5256
3198 6.2538
3199 5.7289
3200 1.2163
3201   NaN
3202 31.8446
3203 33.7449
3204 2.9241
3205 0.6903
3206 7.7455
3207 1.4917
3208 21.8250
3209 15.2862
3210 10.0772
3211 3.5564
3212 17.1856
3213 2.1684
3214 3.8800
3215 1.3454
3216 4.1800
3217 9.8465
3218 4.7811
3219 0.5858
3220 7.0678
3221 13.5949
3222 14.7042
3223 6.5784
3224 9.9562
3225 2.2461
3226 2.7256
3227 28.6140
3228 3.1885
3229 16.0136
3230 11.9729
3231 1.0295
3232 2.1985
3233 15.6317
3234 2.0052
3235 1.0565
3236 6.8917
3237   NaN
3238 8.9318
3239 9.9749
3240 9.0682
3241 7.3425
3242 1.4542
3243 2.9763
3244 16.1623
3245 5.3735
3246 1.7171
3247 0.3084
3248 5.1505
3249 6.2538
3250 5.4926
3251 3.3728
3252 5.8894
3253 6.6102
3254 7.9984
3255 9.3887
3256 3.7737
3257 2.3561
3258 8.0643
3259 8.8710
3260 3.6943
3261 16.4953
3262 12.2018
3263 8.5501
3264 3.4398
3265 8.8582
3266 4.3174
3267 11.1209
3268 5.7222
3269 7.2151
3270 10.0345
3271 4.3898
3272 17.8230
3273 0.9368
3274 4.8488
3275 40.5824
3276 2.9561
3277 7.9606
3278 0.7005
3279 11.0639
3280 1.6321
3281 7.1149
3282 6.8172
3283 1.0527
3284 0.2304
3285 7.0505
3286 12.4563
3287 7.9031
3288 7.6108
3289 16.5690
3290 5.7012
3291 3.4111
3292 8.4839
3293 9.1854
3294 9.0821
3295 2.6517
3296 1.4896
3297 1.3921
3298 7.6516
3299 4.0128
3300   NaN
3301 9.5490
3302 5.1833
3303 19.6686
3304 11.6612
3305 0.0850
3306 14.0516
3307 3.1659
3308 7.6980
3309   NaN
3310 8.7880
3311 1.5240
3312 7.4097
3313 3.7476
3314 10.5061
3315 17.5973
3316 4.5712
3317 5.4201
3318 8.0493
3319 4.9326
3320 3.4339
3321 2.9956
3322 10.1714
3323   NaN
3324 5.2016
3325 24.5243
3326 9.6577
3327 1.2370
3328 16.7489
3329 2.0887
3330 12.4852
3331 19.3541
3332 5.6056
3333   NaN
3334 1.4770
3335 7.1816
3336 6.2024
3337 10.2640
3338 21.0136
3339 1.2232
3340 8.6577
3341   NaN
3342 13.6761
3343 12.6715
3344 19.8488
3345 3.6827
3346 2.0487
3347 9.7808
3348 0.5458
3349 1.4326
3350 3.4700
3351 5.0920
3352 9.2301
3353 1.1609
3354 11.5497
3355 8.4950
3356 4.1529
3357 5.5773
3358 5.1480
3359 5.1326
3360 10.4336
3361 5.0956
3362 0.2998
3363 10.4800
3364 9.1104
3365 0.6284
3366 0.9726
3367 7.6910
3368 0.1965
3369 21.1569
3370 19.7033
3371 9.2259
3372 4.0280
3373 14.1354
3374 4.0349
3375 2.7357
3376 0.4093
3377 26.3222
3378 1.5959
3379 21.2356
3380 7.1915
3381 8.6543
3382 4.1103
3383 9.3699
3384 3.3656
3385 2.1461
3386 8.0217
3387 8.7742
3388 2.5069
3389 7.9003
3390 2.1148
3391 1.6258
3392 6.0915
3393 2.1145
3394 7.1800
3395 16.6629
3396 3.8379
3397 6.1906
3398 24.0198
3399 142.9509
3400 8.2790
3401 3.0204
3402 9.4455
3403 1.2664
3404 6.2328
3405 4.5428
3406 5.0331
3407 3.4313
3408 13.1992
3409 3.8605
3410 4.9206
3411 0.9431
3412 0.4676
3413 20.9978
3414 36.0891
3415 1.7518
3416 8.7375
3417 1.2024
3418 2.7463
3419 1.3650
3420 27.6314
3421 3.6319
3422 12.0129
3423 11.5323
3424 14.9028
3425 3.2384
3426 19.5948
3427 9.9252
3428 17.5922
3429 6.9612
3430 8.5744
3431   NaN
3432 15.1634
3433 0.9224
3434 8.7595
3435 8.0255
3436 2.1471
3437 1.6258
3438 1.8998
3439 3.7900
3440 9.1605
3441 15.5361
3442 1.2428
3443 17.1495
3444   NaN
3445 6.6007
3446 0.8815
3447 11.3866
3448 10.8680
3449 10.2955
3450 3.2523
3451 3.1452
3452 1.0674
3453 6.3467
3454 8.4628
3455 15.6738
3456   NaN
3457 2.2032
3458 18.9937
3459 9.8663
3460 2.2381
3461 15.5610
3462   NaN
3463 13.8819
3464 3.4433
3465 21.6113
3466 13.5842
3467 1.0078
3468 7.3793
3469 2.9793
3470 11.0992
3471 1.3089
3472 12.9546
3473 15.0990
3474 31.6495
3475 2.1250
3476 11.7209
3477 4.1782
3478 2.8301
3479 6.4770
3480 7.2071
3481 14.1131
3482 0.9887
3483 3.7886
3484 2.9677
3485 3.1867
3486 9.4460
3487 1.8554
3488 6.4053
3489 7.3263
3490   NaN
3491 6.1897
3492 5.5576
3493   NaN
3494 19.3533
3495 1.1917
3496 13.0052
3497 19.5503
3498 15.6138
3499 2.5437
3500 2.6658
3501 4.4434
3502 1.3217
3503 10.2969
3504 12.3944
3505 4.5703
3506 5.7937
3507 3.2788
3508 3.5492
3509 6.1933
3510 4.8629
3511 17.5092
3512 1.7613
3513 0.8262
3514 13.0196
3515 3.4897
3516 0.5638
3517 2.6722
3518 8.2468
3519 3.4556
3520 13.3749
3521 2.7517
3522 4.4773
3523 5.9583
3524 7.9692
3525 4.1053
3526 3.0916
3527 11.4634
3528 0.7292
3529 15.8109
3530 8.9728
3531 9.5266
3532 12.9744
3533 8.0636
3534 23.7528
3535 15.7147
3536 5.3922
3537 13.1613
3538 7.7505
3539 2.4883
3540 9.9749
3541 22.5976
3542 4.5030
3543 8.8912
3544 0.3662
3545 4.6827
3546 9.5215
3547 2.1312
3548 12.0566
3549 10.1758
3550 0.2143
3551 8.7563
3552 13.3036
3553 17.1762
3554 9.1211
3555 6.9443
3556 6.7846
3557 3.4047
3558 12.9897
3559 0.5892
3560 13.6462
3561 23.9621
3562 3.1788
3563 2.6553
3564 6.4295
3565 1.6343
3566 8.2714
3567 2.0314
3568 13.0020
3569 1.7596
3570 3.0813
3571   NaN
3572 0.8652
3573 6.3000
3574   NaN
3575 10.8991
3576 7.4407
3577 1.1262
3578 6.7737
3579   NaN
3580 0.5903
3581 16.2961
3582 13.7679
3583 9.4538
3584 0.7618
3585 0.8539
3586 23.8914
3587 3.2923
3588 12.4178
3589 39.2741
3590 4.0067
3591 10.0873
3592 2.3835
3593 5.7227
3594 1.5844
3595 23.7575
3596 8.5582
3597 11.6339
3598 2.6703
3599 8.6514
3600 1.6816
3601 7.2896
3602 12.5149
3603 3.4532
3604 2.9199
3605 2.9964
3606 14.4705
3607 1.3024
3608 11.6349
3609 11.7538
3610 1.9900
3611   NaN
3612 9.0550
3613 12.7140
3614 0.4424
3615 0.5706
3616 2.1538
3617 10.4860
3618 19.3605
3619   NaN
3620 3.4950
3621 46.0466
3622 2.3872
3623 10.3455
3624 4.4426
3625 12.4094
3626   NaN
3627 3.5352
3628 25.1041
3629 10.9491
3630 4.4783
3631 3.4768
3632 4.3830
3633 4.2488
3634 5.9055
3635 1.1316
3636 14.0377
3637 0.7059
3638 5.8635
3639 3.3031
3640 7.2120
3641 9.2831
3642 3.7706
3643   NaN
3644   NaN
3645 7.5126
3646 4.8383
3647 5.4571
3648 2.6536
3649 2.9407
3650 4.1195
3651 10.9406
3652 28.4224
3653 23.2522
3654 0.9940
3655 3.6103
3656 6.1242
3657 5.2846
3658 10.2463
3659 9.4663
3660 8.4978
3661 12.0790
3662 3.6766
3663 6.7239
3664 7.2323
3665 3.7930
3666 3.3129
3667 3.6189
3668 20.0584
3669 16.8269
3670   NaN
3671 6.7041
3672 13.6859
3673 1.7375
3674 5.8062
3675 0.4297
3676 2.3354
3677 5.0254
3678 6.7409
3679 5.4640
3680 26.2473
3681 10.8594
3682 1.6898
3683 2.3001
3684 2.5855
3685 4.3417
3686 8.7449
3687 2.4942
3688 9.0623
3689 5.9018
3690 5.2655
3691 10.7054
3692 11.3091
3693 3.8599
3694 11.5323
3695 2.1681
3696 2.7713
3697   NaN
3698 1.7196
3699 9.4212
3700 3.2030
3701 4.7870
3702 7.2923
3703 8.1142
3704 9.6050
3705 5.2744
3706 4.1214
3707 12.0192
3708 2.7950
3709 7.5657
3710 4.9597
3711 5.0304
3712 4.9879
3713 16.2327
3714 5.5789
3715 3.7833
3716 7.2761
3717 6.6751
3718 5.4570
3719 20.7793
3720 17.4086
3721 8.1729
3722 14.9631
3723 1.8450
3724 0.9833
3725 5.9642
3726 3.4187
3727 0.1551
3728 0.6309
3729 7.8104
3730 4.1409
3731 0.8403
3732 11.8248
3733 10.1164
3734 1.6963
3735 7.0727
3736 10.9894
3737 5.3614
3738 30.0140
3739 11.3233
3740 27.0650
3741 4.0753
3742 13.9238
3743 2.2403
3744 8.6550
3745 2.1695
3746   NaN
3747 25.4968
3748 5.1301
3749 9.5252
3750 0.7138
3751 6.7085
3752   NaN
3753 3.8531
3754 1.7526
3755 26.3623
3756 2.1729
3757 3.3043
3758   NaN
3759 9.5506
3760 7.4700
3761 13.5997
3762 11.8872
3763 14.5662
3764 15.2261
3765 8.2003
3766 7.4322
3767 0.9436
3768 0.6132
3769 11.8227
3770 22.2976
3771 6.7003
3772 1.4009
3773 10.5958
3774 1.9832
3775 17.0702
3776 7.2596
3777   NaN
3778 1.2974
3779 20.5931
3780 7.9322
3781 2.6403
3782 11.3306
3783 14.7694
3784 4.3208
3785 6.4956
3786 4.8665
3787 5.3772
3788 19.8873
3789 14.0024
3790 0.7130
3791 17.4307
3792 6.6044
3793 17.4176
3794 6.0564
3795   NaN
3796 16.1175
3797 19.5789
3798 0.6346
3799 1.8577
3800 16.9285
3801 24.7852
3802 7.3566
3803 1.1846
3804 4.7821
3805 11.2650
3806 12.1534
3807 7.5487
3808 6.3939
3809   NaN
3810 2.6478
3811 4.9351
3812 8.9289
3813 14.6309
3814 10.6216
3815 1.7212
3816 1.7021
3817 0.8241
3818 15.4380
3819 3.8303
3820 8.3094
3821 11.4998
3822 7.3660
3823 2.5040
3824 6.2235
3825 25.6067
3826 4.8564
3827 1.0205
3828 4.3204
3829 6.6629
3830 10.9620
3831 1.5522
3832 8.6681
3833 1.7611
3834 3.7675
3835 11.7047
3836   NaN
3837 10.0809
3838 10.7436
3839 3.7045
3840 5.5477
3841 5.0680
3842 2.0496
3843 9.4374
3844 3.3993
3845 63.5418
3846 6.0665
3847   NaN
3848 2.0445
3849 5.7275
3850 2.4451
3851   NaN
3852 0.4611
3853 3.0406
3854 1.5925
3855 2.0571
3856 2.2960
3857 0.8797
3858 9.4965
3859 5.3419
3860 0.1596
3861 8.8913
3862 11.0222
3863 1.1838
3864 42.9281
3865 87.5478
3866 3.4245
3867 19.4792
3868   NaN
3869 7.1012
3870 1.2966
3871 11.5287
3872 8.6786
3873   NaN
3874 7.3575
3875 1.0801
3876 2.5504
3877   NaN
3878 3.1378
3879 7.3723
3880 4.5072
3881 16.8896
3882 3.9755
3883 6.8361
3884 1.6696
3885 3.0997
3886 14.0931
3887 2.2722
3888 13.0425
3889 16.0680
3890 10.0492
3891 13.2469
3892 10.3011
3893 1.9623
3894 3.1298
3895 1.7844
3896 0.7217
3897 4.2995
3898 3.6303
3899 9.0711
3900 17.2946
3901 7.8499
3902 4.7495
3903 3.5244
3904 9.0874
3905 4.2055
3906   NaN
3907 7.2455
3908   NaN
3909 16.3962
3910 0.6351
3911 3.8207
3912 2.3235
3913   NaN
3914 2.8076
3915 12.3495
3916 17.7231
3917 18.4131
3918 5.0463
3919   NaN
3920 6.3363
3921 3.7219
3922 4.4757
3923 2.9829
3924 5.1472
3925   NaN
3926 13.2787
3927 0.7160
3928 5.5128
3929 5.4492
3930 0.5584
3931 1.5261
3932 6.5556
3933 1.4449
3934 2.3636
3935 12.4940
3936 4.3269
3937 2.0495
3938 20.6938
3939 9.3055
3940 1.5857
3941 4.5573
3942 7.4026
3943 10.9018
3944 2.9813
3945 3.1511
3946   NaN
3947 16.8820
3948 23.4936
3949 1.7282
3950 1.0006
3951 5.6439
3952 9.7593
3953 2.2607
3954 3.6805
3955 5.9219
3956 0.5405
3957 11.5982
3958 9.3762
3959 18.8485
3960 4.1092
3961 15.0684
3962 2.8951
3963 4.4354
3964 1.5501
3965 6.3926
3966 7.3965
3967 4.0607
3968 11.7295
3969 16.4300
3970 5.2817
3971 9.7261
3972 12.7779
3973 0.3134
3974 3.9113
3975 0.5042
3976 10.5512
3977 0.7276
3978 4.6296
3979 2.4229
3980 2.6731
3981 6.1076
3982 14.7930
3983 7.5001
3984 13.3948
3985 5.7056
3986 4.7087
3987 10.7328
3988 0.1750
3989 1.0372
3990 17.6082
3991 12.2818
3992 0.1880
3993 0.7579
3994 15.8977
3995 6.3641
3996 2.4342
3997 1.3893
3998   NaN
3999 7.1454
4000 14.7582
4001 3.5365
4002 2.3865
4003 13.5450
4004 11.3711
4005 4.1017
4006 0.3135
4007 8.5485
4008 2.1573
4009 0.3607
4010 3.7453
4011   NaN
4012 13.6411
4013 32.0053
4014 9.7967
4015 0.4252
4016 3.0644
4017 13.5811
4018 0.5062
4019 4.2130
4020 12.5034
4021   NaN
4022 3.7267
4023 0.4882
4024 15.0487
4025 2.5891
4026 4.6436
4027 21.7300
4028 4.6634
4029 7.4779
4030 9.2281
4031 2.4876
4032 0.9898
4033 7.3853
4034 24.6403
4035 21.3721
4036 3.7389
4037 5.4277
4038 18.9002
4039 1.8763
4040   NaN
4041 1.0329
4042 21.8649
4043 5.0460
4044 9.8689
4045 35.6660
4046 3.8465
4047 23.4179
4048 1.7571
4049 4.7255
4050 3.3028
4051 1.0150
4052 14.2951
4053 4.4266
4054 3.3627
4055 5.1832
4056 4.9270
4057 2.1573
4058 2.3503
4059   NaN
4060 10.8346
4061 3.7140
4062 1.7658
4063   NaN
4064 5.4530
4065 10.8435
4066 0.2702
4067 12.2913
4068 3.1483
4069 9.4829
4070 10.3940
4071 10.8879
4072 14.9692
4073 10.0417
4074 9.1559
4075 7.4201
4076 4.2866
4077 4.0846
4078 9.8781
4079 7.8110
4080 6.2152
4081 1.3728
4082 1.3034
4083 12.2513
4084 15.7095
4085   NaN
4086 9.8086
4087 2.2382
4088 7.6501
4089 6.2733
4090 9.5114
4091 12.2092
4092 0.6254
4093   NaN
4094 6.6996
4095 6.6992
4096 17.0123
4097 2.2305
4098 4.7097
4099 7.4697
4100 2.9073
4101 3.4606
4102 6.7210
4103 10.5752
4104 7.5103
4105 3.0917
4106 40.7942
4107 2.2358
4108 3.5545
4109 19.4281
4110 4.9322
4111 2.6896
4112 7.2807
4113 14.4566
4114 5.4737
4115 0.2095
4116 2.1819
4117 11.1438
4118 13.4187
4119 5.4078
4120 8.7526
4121 24.1015
4122 1.9299
4123 11.0018
4124 39.8661
4125 3.4933
4126 11.4680
4127 11.5518
4128 15.2265
4129 5.3650
4130 22.7072
4131 8.0934
4132 6.1503
4133 7.5656
4134 8.8244
4135 8.2046
4136 4.9281
4137 0.1427
4138 3.3285
4139 2.3441
4140   NaN
4141 8.3585
4142 1.7347
4143 2.9320
4144 0.7297
4145 14.3754
4146 12.6922
4147 4.8455
4148 7.1705
4149 2.2296
4150 8.2136
4151 20.0600
4152 3.2377
4153 5.6383
4154 14.6255
4155 14.4306
4156 11.9069
4157 1.2795
4158 1.2122
4159 34.1307
4160 9.6243
4161 2.0763
4162 12.3841
4163 14.2900
4164 2.4114
4165 1.9117
4166 11.0524
4167 16.8837
4168 5.4147
4169 13.6017
4170 2.8992
4171 8.1663
4172 10.4122
4173 2.8940
4174 14.4547
4175 5.6811
4176 3.1051
4177 5.8046
4178 9.7793
4179 9.0841
4180 4.8684
4181 9.8240
4182 8.2605
4183 9.6296
4184 6.9541
4185 3.4764
4186 24.8679
4187 3.2497
4188 27.2089
4189 1.6971
4190 1.4675
4191 10.1000
4192 13.2196
4193 11.1795
4194 4.7463
4195 15.2380
4196 7.6172
4197 15.9135
4198 18.9241
4199 153.7259
4200 13.8510
4201 13.1646
4202 0.9834
4203 12.7941
4204 7.0683
4205 1.8497
4206 11.5423
4207 11.6208
4208 0.3886
4209 5.9684
4210 0.8365
4211 16.3287
4212 14.9021
4213 1.7387
4214 10.7268
4215 8.0658
4216 25.8806
4217 3.9149
4218 6.0673
4219 10.2346
4220   NaN
4221 12.6068
4222   NaN
4223 40.3292
4224 12.4210
4225 16.0286
4226 5.1210
4227 10.4006
4228 3.9833
4229 2.6486
4230 6.2686
4231 9.0456
4232 0.8367
4233 14.0346
4234 4.8152
4235 14.5878
4236 4.9152
4237 3.7808
4238 9.6450
4239   NaN
4240 8.8369
4241 11.1059
4242 8.0813
4243 0.7457
4244 11.4179
4245 13.3990
4246 11.2359
4247 10.3250
4248 6.1037
4249 10.7084
4250 2.8633
4251 12.7507
4252 8.7678
4253 2.1294
4254   NaN
4255 3.2504
4256 12.2386
4257 14.6651
4258 3.2488
4259 4.5467
4260 3.5674
4261 6.4295
4262 2.5392
4263 0.7830
4264 31.2426
4265 4.3178
4266 12.0495
4267 0.8338
4268 4.2943
4269 19.0773
4270 6.0253
4271 2.8876
4272 1.2665
4273 3.4321
4274 2.9074
4275 10.5295
4276 6.8432
4277 4.7772
4278 1.1352
4279 9.4408
4280 1.7753
4281 0.4799
4282 0.2590
4283 4.2490
4284 16.3221
4285 5.5346
4286 4.0985
4287 1.6949
4288 14.7910
4289 11.5815
4290 2.1146
4291 11.0562
4292 20.4672
4293 1.2948
4294 6.9491
4295 19.5057
4296 8.9209
4297 7.3496
4298 8.4308
4299 8.4185
4300 1.8545
4301 0.5200
4302   NaN
4303 8.4134
4304 11.7200
4305 1.1048
4306 35.1311
4307 2.6112
4308 9.8359
4309 0.8027
4310 4.9878
4311 11.3051
4312 6.2083
4313 11.9284
4314 9.2339
4315 6.0146
4316   NaN
4317   NaN
4318 8.3231
4319 3.6088
4320 9.7092
4321 7.5834
4322 22.9238
4323 9.4335
4324 0.3884
4325 15.8371
4326 2.6828
4327 14.5117
4328 7.9042
4329 2.4105
4330 0.3253
4331 5.5103
4332 20.3866
4333 9.4519
4334 10.8943
4335 13.1008
4336 5.7396
4337 11.5023
4338 11.2285
4339 3.2391
4340 6.4582
4341 0.6637
4342 10.0650
4343 14.0306
4344 3.8553
4345 3.6426
4346 4.3221
4347 7.6560
4348 0.9394
4349 4.7227
4350 2.4962
4351 3.4304
4352 16.1835
4353 11.1166
4354 1.1667
4355 2.8003
4356 1.1926
4357   NaN
4358 6.8907
4359 0.1376
4360 4.6230
4361 0.5111
4362 0.9887
4363 0.4524
4364 5.4433
4365 11.2635
4366 4.1545
4367 15.6946
4368 1.7069
4369 1.1023
4370 1.2466
4371 6.5221
4372 5.3036
4373 13.9004
4374 0.5739
4375 6.2113
4376 3.1776
4377   NaN
4378 13.0207
4379   NaN
4380 17.0910
4381 15.5273
4382 22.3258
4383 3.0282
4384 11.1749
4385 11.3637
4386 5.6031
4387   NaN
4388 22.5266
4389 18.9466
4390 7.0965
4391 4.4873
4392 1.6676
4393 10.2619
4394 12.9754
4395 0.9474
4396 1.5560
4397 2.3441
4398 13.5423
4399 6.8651
4400 24.6236
4401 6.3413
4402 27.3937
4403 0.7364
4404 2.1496
4405 2.6123
4406 8.0332
4407 10.4389
4408 4.8140
4409 2.4193
4410 3.5040
4411 6.9578
4412 23.2243
4413 2.8830
4414 25.7189
4415 0.3901
4416 2.6372
4417 12.6284
4418 28.1011
4419 4.8303
4420 0.9047
4421 2.8047
4422 9.3635
4423 0.5266
4424 10.3226
4425 15.5717
4426 6.2126
4427 8.6130
4428 6.9129
4429 5.4384
4430 9.3791
4431 16.0320
4432 10.1450
4433 22.3884
4434 0.3038
4435 4.4371
4436 0.7395
4437 0.8083
4438 4.1517
4439 3.7552
4440 4.1191
4441   NaN
4442 16.7866
4443 1.8533
4444 8.8875
4445 6.1653
4446 4.1589
4447 3.0644
4448 9.7417
4449 5.9057
4450 1.9090
4451 1.7294
4452 8.9620
4453 5.2401
4454 5.9652
4455 7.9418
4456 3.1336
4457 4.7955
4458 5.0506
4459 3.0744
4460 3.2883
4461 5.0738
4462 8.7173
4463 0.8371
4464 5.0101
4465 3.3546
4466 6.4462
4467 14.8362
4468 14.5068
4469 1.6988
4470 8.1559
4471 13.3352
4472 0.6189
4473 6.2263
4474 5.1241
4475 31.4802
4476 4.0948
4477 12.9041
4478 14.6941
4479 2.7763
4480 2.1711
4481 4.1441
4482 1.1235
4483   NaN
4484 7.6999
4485 33.8540
4486 10.9733
4487 1.3116
4488 3.9216
4489 3.2278
4490 1.2766
4491 0.9317
4492 0.4746
4493 26.3799
4494 15.5751
4495 6.9259
4496 11.6492
4497 1.7142
4498 12.2984
4499 160.9707
4500 4.9716
4501   NaN
4502 16.7155
4503 1.9990
4504 4.4270
4505 40.8127
4506 6.0771
4507 33.6630
4508 10.8425
4509 9.6922
4510 12.8150
4511 2.6698
4512 11.2097
4513 9.2323
4514 9.7248
4515 4.8545
4516 0.7942
4517 12.5443
4518 7.7060
4519 18.0171
4520 27.6956
4521 10.6537
4522 2.7033
4523 5.7022
4524 3.0325
4525 25.5313
4526 1.5894
4527 19.8564
4528 1.1473
4529 0.8518
4530 6.8214
4531 8.0552
4532 0.6675
4533 3.0234
4534 12.9649
4535 6.0002
4536 4.4316
4537 1.8972
4538 7.1328
4539 0.4846
4540 21.5085
4541 9.6177
4542 2.2028
4543 6.4475
4544 8.4137
4545 10.8584
4546 6.5709
4547 4.9625
4548 7.0993
4549 2.0549
4550 2.1345
4551 2.5230
4552 5.5469
4553 11.5211
4554 1.3419
4555 8.2518
4556 2.2712
4557 10.4008
4558 10.4310
4559 2.3410
4560 14.0932
4561 4.1048
4562   NaN
4563 1.0688
4564 7.5730
4565 1.9278
4566 32.0869
4567 1.9280
4568 5.7940
4569 2.9058
4570 10.8106
4571 5.5161
4572 9.4318
4573 8.7469
4574 6.1113
4575 7.9053
4576 13.3476
4577 6.9832
4578 5.2810
4579 3.6482
4580 9.5791
4581 4.6379
4582 7.0861
4583 2.3388
4584 12.2617
4585 22.6274
4586 0.6493
4587 28.2528
4588 12.3912
4589 6.6173
4590 2.4797
4591 3.3614
4592 8.1960
4593 0.9362
4594 0.2910
4595 5.3038
4596 2.8796
4597 5.5082
4598 9.8610
4599 3.2404
4600 4.5830
4601 8.9014
4602 20.5031
4603 6.5022
4604 13.0872
4605 9.0926
4606 0.7460
4607 4.2749
4608 5.3015
4609 17.6807
4610 7.1800
4611 18.4830
4612 3.5271
4613 17.9693
4614 20.1333
4615 11.5660
4616 13.3946
4617 2.3222
4618 10.7190
4619 5.7095
4620 3.8658
4621 4.5911
4622 10.4403
4623 2.9607
4624 19.5579
4625 8.2311
4626 4.6171
4627 5.9253
4628 9.9837
4629 4.2758
4630 0.5981
4631 30.0348
4632 2.7004
4633 19.6792
4634 7.3044
4635   NaN
4636 6.6061
4637 5.1205
4638 7.0060
4639 12.0511
4640 4.7210
4641 9.4502
4642 9.3030
4643 2.9965
4644 23.4887
4645 17.5105
4646 12.9524
4647 2.6286
4648 2.9341
4649 1.8826
4650   NaN
4651 3.4874
4652 14.6681
4653 8.6664
4654 1.7611
4655 4.1310
4656 3.2312
4657 5.6427
4658 10.5304
4659 2.9124
4660 3.5755
4661 21.3092
4662   NaN
4663 20.9816
4664 4.1435
4665 3.9167
4666 5.2092
4667 6.0941
4668 1.1105
4669 1.7392
4670 3.4327
4671 6.9121
4672 11.5923
4673   NaN
4674 4.5610
4675 1.6404
4676 1.6752
4677 2.6271
4678 11.5907
4679   NaN
4680   NaN
4681 1.6897
4682 7.9742
4683 34.4521
4684 3.8508
4685   NaN
4686 2.5198
4687 12.1528
4688 6.4661
4689 0.6915
4690 4.2915
4691 4.4134
4692 13.3648
4693 12.7633
4694 6.3070
4695 32.4207
4696 11.5873
4697 0.6829
4698 1.4834
4699 17.1282
4700 20.0002
4701 10.3014
4702 11.3430
4703 5.5965
4704 7.9628
4705 3.5065
4706 0.0985
4707 2.3684
4708 3.1570
4709 10.4605
4710 1.4942
4711 1.2874
4712 11.0875
4713 5.2599
4714 12.2078
4715 1.6629
4716 11.0222
4717 5.8285
4718 15.7488
4719 1.8282
4720 13.9198
4721 5.4338
4722 10.4478
4723 1.8621
4724 16.9803
4725 5.8285
4726 3.0631
4727 7.9096
4728 7.9543
4729 3.5028
4730 5.6236
4731 18.0854
4732   NaN
4733 4.4024
4734 1.8689
4735 5.6823
4736 15.6886
4737   NaN
4738 8.7435
4739 10.1743
4740 5.1197
4741 7.5027
4742 0.2910
4743 0.4235
4744 2.7649
4745 17.9571
4746 4.4756
4747 4.3633
4748 6.6347
4749 1.0087
4750   NaN
4751 2.8945
4752 22.4226
4753 2.0642
4754 5.1293
4755 0.7743
4756 5.1641
4757 8.2028
4758 9.7744
4759 2.2723
4760 0.2235
4761 4.0002
4762 7.3386
4763 4.9126
4764 22.4657
4765 9.8618
4766 1.8657
4767 1.9815
4768   NaN
4769   NaN
4770 5.3710
4771 3.7261
4772 16.6425
4773 1.4243
4774 5.6079
4775 1.7259
4776 13.4720
4777 3.2846
4778 19.7481
4779   NaN
4780 5.3876
4781   NaN
4782 24.7549
4783 14.3067
4784 1.1299
4785 2.9617
4786 7.6136
4787 6.4132
4788 1.1062
4789 6.6692
4790 2.8927
4791 4.4870
4792 14.5522
4793 5.1048
4794 14.4958
4795 22.8332
4796 9.7690
4797 14.7881
4798 16.1037
4799 8.6103
4800 1.2663
4801 10.1241
4802 2.6030
4803 2.0117
4804   NaN
4805 11.3437
4806 19.2461
4807 7.2692
4808 25.6161
4809 5.2782
4810 0.4212
4811 3.8417
4812 9.3459
4813 11.6330
4814 6.7519
4815 12.9246
4816 5.5028
4817 18.7023
4818 2.0746
4819 1.7976
4820 13.8330
4821 12.1040
4822 14.2979
4823 1.0309
4824 16.5566
4825 20.5220
4826 4.7750
4827 6.4109
4828 21.4959
4829 15.2335
4830 5.4934
4831 1.9288
4832 7.7152
4833 13.9819
4834 1.8963
4835 11.7366
4836 5.0691
4837 7.6776
4838 1.0167
4839 17.8968
4840 1.4625
4841 7.9288
4842 8.0599
4843 10.8769
4844 10.1364
4845 9.1583
4846 9.8412
4847 3.9980
4848 5.1694
4849 22.3090
4850 9.3624
4851 10.9656
4852 3.7752
4853 22.3577
4854 8.7630
4855 3.4521
4856 2.2671
4857 13.7972
4858 3.8384
4859 6.0974
4860 3.6233
4861 0.4084
4862 6.4221
4863   NaN
4864 8.1564
4865 9.8042
4866 0.8343
4867 5.0615
4868 4.6748
4869 20.8340
4870 8.4181
4871 2.0959
4872 0.5408
4873 2.7761
4874   NaN
4875 2.0636
4876 0.6804
4877 5.5578
4878 21.1972
4879 4.1786
4880 2.5819
4881   NaN
4882 11.0218
4883 2.5492
4884 3.1342
4885 3.2680
4886 5.6002
4887 2.4862
4888 1.4299
4889 4.1107
4890 2.6273
4891 2.0843
4892 10.9235
4893 49.3595
4894 3.4640
4895 32.6802
4896 14.0396
4897 30.4145
4898 1.5084
4899 9.3331
4900 38.9567
4901 0.5757
4902 9.6247
4903 5.7930
4904 6.4207
4905 10.6520
4906 7.8328
4907 9.0211
4908 20.6914
4909 24.1919
4910 6.5740
4911 0.7841
4912 0.8301
4913 6.4657
4914 1.0435
4915 17.9832
4916 0.5156
4917 9.5708
4918 5.9254
4919 16.8919
4920 9.0042
4921 0.4783
4922 2.5663
4923 4.1112
4924 98.6716
4925   NaN
4926 3.9773
4927 30.8697
4928 32.5985
4929 7.6525
4930 14.7006
4931 14.4289
4932 1.3859
4933 13.3387
4934 1.6351
4935 6.2593
4936 7.2831
4937 24.1602
4938 10.9566
4939 18.3391
4940 18.4682
4941 7.6942
4942 1.5862
4943 12.6123
4944 5.5860
4945 7.2021
4946 6.7661
4947 8.2834
4948 0.5310
4949 11.2956
4950 1.1493
4951   NaN
4952 9.6198
4953 3.3134
4954 4.7520
4955 7.8087
4956 12.4449
4957 4.4915
4958 26.3900
4959 0.1393
4960 6.4927
4961 3.6806
4962 0.8873
4963 5.9608
4964 4.5472
4965 1.6318
4966 6.2768
4967 38.1644
4968 9.5604
4969 11.1038
4970 0.7245
4971 4.4862
4972 10.6864
4973 2.2962
4974 18.2682
4975 8.8804
4976 1.3406
4977   NaN
4978 0.7819
4979 17.6262
4980 11.1722
4981 3.0803
4982 11.7787
4983 3.6147
4984 0.8985
4985 20.7620
4986 4.2451
4987 13.1157
4988 4.0873
4989 14.2812
4990 7.1156
4991 10.7617
4992 7.9999
4993 0.5023
4994 0.4356
4995 0.7148
4996 0.4128
4997 3.9947
4998 2.2729
4999 4.2931
5000 10.2779
