   1 1.1590
   2 0.5471
   3 6.1827
   4 0.3450
   5 2.3647
   6 0.7798
   7 1.6898
   8 2.6106
   9 0.4664
  10 12.5662
  11 0.7511
  12 7.2437
  13 2.7413
  14 2.8251
  15 0.3627
  16 1.0828
  17 3.0557
  18 0.8915
  19 0.8067
  20 1.2179
  21 0.9273
  22 0.4525
  23 1.2569
  24 1.4191
  25 3.1837
  26 1.3858
  27 0.5511
  28 1.4670
  29 6.8110
  30 1.1277
  31 4.3353
  32 0.4157
  33 1.9989
  34 0.2751
  35 9.4284
  36 1.9806
  37 1.0302
  38 4.7936
  39 2.4686
  40 1.7205
  41 9.3738
  42 6.7989
  43 0.6686
  44 5.9965
  45 6.1736
  46 1.4811
  47 3.1943
  48 1.0719
  49 0.6115
  50 1.1148
  51 0.4951
  52 1.4953
  53 4.7878
  54 0.3234
  55 1.0408
  56 0.4980
  57 1.8704
  58 0.9895
  59 0.2595
  60 0.6692
  61 3.4639
  62 3.2436
  63 0.5751
  64 3.6312
  65 2.0351
  66 2.6458
  67 1.8714
  68 5.0016
  69 4.6311
  70 3.8664
  71 1.8943
  72 3.9040
  73 0.6615
  74 1.5899
  75 1.1045
  76 0.3795
  77 3.4837
  78 4.7763
  79 0.4980
  80 1.8894
  81 0.2206
  82 1.3685
  83 15.8985
  84 1.4855
  85 0.2817
  86 2.6100
  87 0.3048
  88 2.8922
  89 4.3509
  90 16.6823
  91 0.9219
  92 3.4068
  93 1.1215
  94 2.2741
  95 0.6594
  96 1.7782
  97 5.2969
  98 0.5618
  99 2.1653
 100 2.3332
 101 0.8669
 102 2.2010
 103 0.8640
 104 6.8262
 105 4.1154
 106 0.1938
 107 0.8216
 108 2.3976
 109 0.1184
 110 1.6462
 111 0.3808
 112 1.3575
 113 14.3483
 114 0.4340
 115 3.3606
 116 0.7418
 117 9.5886
 118 1.2764
 119 0.1501
 120 11.8052
 121 2.7238
 122 4.4294
 123 1.2238
 124 3.1619
 125 3.2187
 126 1.1509
 127 0.9007
 128 2.8713
 129 2.6734
 130 3.6513
 131 3.3783
 132 0.5647
 133 0.2658
 134 0.8637
 135 0.8439
 136 0.2882
 137 0.6805
 138 4.8068
 139 3.5648
 140 6.4614
 141 3.9761
 142 1.6847
 143 1.9499
 144 1.7408
 145 0.6435
 146 2.1183
 147 0.5070
 148 0.4135
 149 0.1079
 150 3.4432
 151 0.8736
 152 1.2592
 153 24.4531
 154 4.7450
 155 0.4704
 156 0.4913
 157 3.2018
 158 0.2799
 159 3.8198
 160 1.5457
 161 3.7741
 162 0.9160
 163 0.3812
 164 1.3476
 165 3.3187
 166 7.4941
 167 0.8154
 168 3.1021
 169 18.1715
 170 2.4702
 171 1.3964
 172 2.4064
 173 1.5508
 174 4.2816
 175 1.8009
 176 0.3627
 177 0.3757
 178 4.5405
 179 2.1767
 180 25.6986
 181 19.0250
 182 4.7188
 183 5.7617
 184 0.1240
 185 13.3751
 186 2.3615
 187 0.3586
 188 6.0550
 189 17.9621
 190 3.0516
 191 4.4043
 192 9.5788
 193 0.5501
 194 15.8330
 195 0.6228
 196 3.1465
 197 0.5170
 198 0.3343
 199 0.3191
 200 0.9135
 201 1.1436
 202 4.3472
 203 0.4720
 204 0.4422
 205 8.0486
 206 3.5548
 207 0.8019
 208 1.5182
 209 1.8236
 210 0.5452
 211 2.4130
 212 0.4741
 213 0.6103
 214 20.1094
 215 1.2456
 216 2.8443
 217 2.6764
 218 6.8188
 219 2.6911
 220 1.1220
 221 0.3315
 222 16.3617
 223 18.0028
 224 14.0583
 225 0.3371
 226 7.7793
 227 2.3495
 228 0.9376
 229 1.4297
 230 0.7121
 231 3.3820
 232 0.9329
 233 2.0011
 234 1.3076
 235 2.3148
 236 1.0907
 237 0.1269
 238 0.3267
 239 0.4295
 240 6.6723
 241 2.1986
 242 1.6917
 243 0.3847
 244 2.6226
 245 1.0940
 246 0.6781
 247 0.5323
 248 15.1003
 249 4.2106
 250 0.6833
 251 1.2732
 252 7.0357
 253 0.5483
 254 2.5944
 255 7.7695
 256 1.3318
 257 1.6428
 258 8.4283
 259 0.3371
 260 2.7192
 261 0.7095
 262 0.3593
 263 2.7065
 264 0.4401
 265 0.1937
 266 0.1409
 267 1.5818
 268 9.9920
 269 0.2171
 270 2.1455
 271 0.7226
 272 1.7091
 273 0.3665
 274 3.2566
 275 6.5575
 276 4.0229
 277 0.9727
 278 6.5151
 279 17.6962
 280 0.1585
 281 1.8999
 282 1.1926
 283 10.7873
 284 0.6162
 285 1.3185
 286 3.2717
 287 1.8980
 288 0.7072
 289 0.6961
 290 2.7111
 291 3.1607
 292 3.5294
 293 1.3791
 294 1.7779
 295 4.7996
 296 1.6145
 297 0.3490
 298 1.2069
 299 14.8429
 300 7.2498
 301 0.7292
 302 0.4923
 303 0.6749
 304 0.6888
 305 0.3872
 306 1.9953
 307 2.9754
 308 1.6319
 309 1.5185
 310 0.6892
 311 0.5631
 312 14.8221
 313 10.3249
 314 14.5314
 315 18.6519
 316 3.4231
 317 0.3756
 318 3.4364
 319 1.2938
 320 1.8190
 321 1.9890
 322 1.4695
 323 0.7256
 324 0.2992
 325 2.1001
 326 2.7152
 327 2.9029
 328 0.7459
 329 2.8805
 330 7.4649
 331 6.0515
 332 0.2024
 333 0.5690
 334 1.3986
 335 19.9556
 336 2.4415
 337 0.1016
 338 0.8125
 339 1.0939
 340 1.0366
 341 0.4249
 342 0.5563
 343 1.8328
 344 0.7063
 345 0.9249
 346 0.5954
 347 4.2476
 348 0.4624
 349 1.1141
 350 12.6863
 351 0.9140
 352 2.5237
 353 1.8044
 354 23.5137
 355 1.6746
 356 0.4413
 357 4.8627
 358 0.9601
 359 3.6811
 360 1.6501
 361 0.3825
 362 7.5188
 363 1.5113
 364 13.7778
 365 1.0314
 366 2.1823
 367 0.3580
 368 4.3632
 369 0.3854
 370 1.3266
 371 1.0956
 372 9.1021
 373 0.7477
 374 0.2536
 375 2.2758
 376 3.8536
 377 3.1682
 378 0.4036
 379 11.4716
 380 2.3243
 381 0.7377
 382 3.3901
 383 1.1533
 384 3.7724
 385 0.1913
 386 1.1396
 387 1.3957
 388   NaN
 389 2.0810
 390 8.3472
 391 0.3421
 392 3.7006
 393 0.7811
 394 3.8188
 395 0.3752
 396 0.8694
 397 3.7140
 398 0.3122
 399 0.4123
 400 1.1978
 401 3.7830
 402 1.0775
 403 0.7543
 404 1.0410
 405 1.1228
 406 0.6527
 407 1.5253
 408 0.8775
 409 0.3573
 410 4.8752
 411 3.1256
 412 0.9756
 413 0.3938
 414 0.8193
 415 3.7729
 416 0.4718
 417 0.3521
 418 1.3812
 419 0.6721
 420 0.7638
 421 2.0911
 422 1.0212
 423 1.8132
 424 1.3849
 425 0.7853
 426 0.4601
 427 11.4005
 428 11.6419
 429 1.2251
 430 1.0943
 431 8.3788
 432 9.9365
 433 17.2547
 434 0.6404
 435 2.3370
 436 1.1223
 437 1.0114
 438 0.8889
 439 0.7956
 440 0.5758
 441 1.4994
 442 8.6161
 443 0.8357
 444 0.3961
 445 4.0443
 446 1.6326
 447 2.2130
 448 0.8309
 449 0.4484
 450 1.0686
 451 0.2881
 452 0.8201
 453 3.2921
 454 9.4733
 455 2.5869
 456 1.4238
 457 7.9132
 458 0.8636
 459 0.1821
 460 1.6860
 461 0.4627
 462 13.6217
 463 2.7958
 464 2.9222
 465 2.6843
 466 0.8388
 467 0.4861
 468 0.3793
 469 0.8151
 470 23.8835
 471 0.5995
 472 4.3479
 473 0.2192
 474 0.7834
 475 2.7277
 476 0.6113
 477 0.7749
 478 2.2581
 479 0.1553
 480 0.3208
 481 2.3574
 482 1.2147
 483 1.0117
 484 1.9132
 485 1.6762
 486 0.6400
 487 4.4161
 488 1.9723
 489 0.8800
 490 21.3587
 491 0.9384
 492 0.1083
 493 0.3370
 494 2.3209
 495 2.5255
 496 3.6542
 497 1.8526
 498 0.8131
 499 0.8935
 500 0.1959
 501 0.3990
 502 2.4678
 503 1.5517
 504 4.6845
 505 1.4814
 506 0.7069
 507 1.3273
 508 0.9655
 509 6.6886
 510 0.2798
 511 0.2562
 512 10.9026
 513 1.3446
 514 1.7878
 515 0.4938
 516 2.7500
 517 5.4619
 518 0.9913
 519 0.3563
 520 0.6623
 521 18.0538
 522 8.5171
 523 2.5904
 524 1.0146
 525 0.7865
 526 10.8993
 527 0.4465
 528 1.4595
 529 1.0564
 530 2.2287
 531   NaN
 532 1.4216
 533 0.9840
 534 4.8757
 535 0.6646
 536 1.4337
 537 0.5485
 538 3.1251
 539 12.2856
 540 1.2934
 541 0.9623
 542 1.3505
 543 1.4139
 544 0.0769
 545 4.0927
 546 8.7926
 547 0.9654
 548 8.6867
 549 1.3685
 550 0.7002
 551 0.9089
 552 0.3588
 553 0.5586
 554 3.9699
 555 0.0763
 556 0.4673
 557 0.6051
 558 8.1252
 559 0.9018
 560 0.5506
 561 8.3034
 562 1.2086
 563 0.6552
 564 23.7095
 565 5.8444
 566 1.2417
 567 7.7770
 568 0.3409
 569 6.4640
 570 1.4117
 571 0.4982
 572 6.0383
 573 2.0448
 574 1.2169
 575 6.8581
 576 4.8606
 577 3.0927
 578 0.3008
 579 2.9963
 580 2.5514
 581 1.6369
 582 10.5086
 583 9.7489
 584 4.7123
 585 0.4277
 586 5.4703
 587 3.2052
 588 7.9945
 589 1.2113
 590 0.6450
 591 0.3654
 592 0.5583
 593 0.4651
 594 0.3219
 595 4.3978
 596 0.9367
 597 0.6738
 598 12.2287
 599 7.1595
 600 3.8912
 601 2.5534
 602 0.2833
 603 2.4536
 604 15.9828
 605 0.7744
 606 1.2129
 607 1.1346
 608 1.4951
 609 4.5619
 610 3.2329
 611 0.6623
 612 2.2425
 613 5.4347
 614 1.5468
 615 4.2489
 616 5.9947
 617 3.7828
 618 5.0691
 619 2.9238
 620 2.2649
 621 0.7140
 622 4.7772
 623 1.2896
 624 0.7561
 625 4.1106
 626 2.4663
 627 4.2995
 628 3.8386
 629 3.0535
 630 0.2919
 631 1.2350
 632 0.2812
 633 0.9786
 634   NaN
 635 2.2330
 636 0.2281
 637 0.4232
 638 3.4560
 639 20.3773
 640 1.6863
 641 0.2707
 642 0.4218
 643 1.5355
 644 20.3183
 645 2.0791
 646 4.5450
 647 1.2931
 648 0.2171
 649 6.3228
 650 0.8997
 651 17.0736
 652 1.2085
 653 0.5922
 654 4.1746
 655 7.2016
 656 0.2459
 657 0.5048
 658 0.6987
 659 0.6417
 660 0.9166
 661 0.0899
 662 2.5817
 663 8.1055
 664 6.1776
 665 12.6304
 666 2.6836
 667 6.2288
 668 1.2975
 669 1.0938
 670 2.0131
 671 1.0354
 672 8.6433
 673 0.8699
 674 2.0894
 675 6.5173
 676 1.1582
 677 0.1361
 678 1.3813
 679 2.3782
 680 0.3475
 681 1.0618
 682 0.1058
 683 0.4421
 684 1.0331
 685 1.6082
 686 6.4928
 687 2.7149
 688 1.0445
 689 11.1455
 690 4.2735
 691 0.9085
 692 1.2776
 693 0.2956
 694 1.8930
 695 0.4949
 696 0.5953
 697 0.5320
 698 2.2232
 699 1.0037
 700 1.2780
 701 0.4438
 702 0.8965
 703 1.4932
 704 0.7873
 705 0.4187
 706 1.2598
 707 2.1494
 708 8.8433
 709 7.8076
 710 2.7877
 711 0.4342
 712 28.9885
 713 2.7617
 714 1.3441
 715 6.1625
 716 1.0840
 717 8.1725
 718 0.1523
 719 0.4765
 720 0.5161
 721 2.6552
 722 0.1763
 723 2.2753
 724 2.0513
 725 5.5955
 726 0.5586
 727 0.8036
 728 1.0501
 729 1.3355
 730 24.6359
 731 0.3559
 732 0.3977
 733 0.7702
 734 4.5398
 735 9.4097
 736 0.5946
 737 0.1524
 738 3.2569
 739 11.3743
 740 3.5013
 741 0.7358
 742 0.5431
 743 2.4488
 744 8.3577
 745 0.4734
 746 5.9353
 747 0.3477
 748 0.3572
 749 18.5660
 750 0.3365
 751 1.2087
 752 1.8105
 753 0.8480
 754 2.0690
 755 6.5477
 756 1.1792
 757 1.2333
 758 1.6558
 759 9.3710
 760 0.5993
 761 0.7909
 762 0.8232
 763 1.8609
 764 8.8242
 765 1.1426
 766 0.8118
 767 0.4630
 768 2.0653
 769 4.1116
 770 0.2283
 771 1.8081
 772 0.8228
 773 0.2820
 774 0.9548
 775 12.9355
 776 4.1894
 777 0.7284
 778 0.7230
 779 9.1071
 780 0.2893
 781 2.4634
 782 0.3802
 783 0.6740
 784 0.6194
 785 0.9140
 786 0.7006
 787 0.8348
 788 1.4775
 789 0.4125
 790 2.0947
 791 1.4402
 792 1.1535
 793 1.3029
 794 2.9418
 795 0.5199
 796 0.8938
 797 1.5251
 798 0.7086
 799 2.0597
 800 9.8628
 801 8.0626
 802 1.1957
 803 1.7961
 804 0.4303
 805 1.1775
 806 8.7843
 807 1.2848
 808 0.2797
 809 14.7735
 810 6.4627
 811 6.5922
 812 5.7511
 813 5.4542
 814 5.5506
 815 0.4377
 816 11.2080
 817 7.7697
 818 0.4096
 819 1.3304
 820 0.9268
 821 3.0958
 822 3.6584
 823 0.7836
 824 2.3328
 825 10.8706
 826 9.1663
 827 1.7315
 828 3.4477
 829 3.9783
 830 0.8702
 831 0.8028
 832 0.4801
 833 0.4846
 834 0.8999
 835 5.2533
 836 0.4384
 837 2.1557
 838 0.4519
 839 1.4399
 840 1.6964
 841 3.2577
 842 3.7073
 843 1.7547
 844 0.8563
 845 4.7839
 846 0.9184
 847 2.3680
 848 4.1504
 849 0.6683
 850 1.5450
 851 1.3152
 852 1.2875
 853 1.4862
 854 1.1159
 855 1.5617
 856 3.6935
 857 3.6858
 858 0.3290
 859 0.9638
 860 0.3842
 861 0.6222
 862 1.3686
 863 2.0161
 864 1.9608
 865 0.8517
 866 4.8539
 867 0.4871
 868 0.3781
 869 0.8661
 870 0.7487
 871 4.1946
 872 1.3335
 873 0.8853
 874 5.1810
 875 14.6353
 876 7.3514
 877 6.3595
 878 0.6837
 879 1.7640
 880 1.7269
 881 0.8350
 882 0.1343
 883 0.8134
 884 1.8829
 885 0.4897
 886 1.3966
 887 0.2641
 888 0.9300
 889 6.1383
 890 2.1404
 891 6.5205
 892 0.6347
 893 1.2450
 894 0.3131
 895 2.2180
 896 1.0554
 897 1.5522
 898 0.1865
 899 32.9120
 900 1.0678
 901 7.3709
 902 1.3652
 903 9.8502
 904 2.3238
 905 6.1690
 906 0.5922
 907 1.0984
 908 10.6979
 909 2.3446
 910 3.8224
 911 1.3203
 912 1.2584
 913 1.6802
 914 12.6291
 915 1.4245
 916 1.7889
 917 31.1588
 918 3.7251
 919 5.6375
 920 0.9312
 921 0.7252
 922 0.4947
 923 0.7270
 924 1.6516
 925 0.4280
 926 0.8760
 927 2.0962
 928 0.3349
 929 4.9306
 930 0.8352
 931 7.2266
 932 2.3632
 933 3.3141
 934 0.9533
 935 1.0759
 936 3.0504
 937 3.3055
 938 0.4851
 939 3.4084
 940 1.3173
 941 21.0292
 942 0.7913
 943 5.2356
 944 0.9013
 945 2.7676
 946 0.4612
 947 0.8619
 948 3.8895
 949 2.6366
 950 0.2415
 951 3.1305
 952 0.8495
 953 0.2224
 954 2.1266
 955 2.5811
 956 0.4297
 957 0.7961
 958 0.9989
 959 2.5212
 960 1.4023
 961 1.9258
 962 0.5779
 963 0.7774
 964 1.3872
 965 1.8450
 966 0.0770
 967 2.3864
 968 8.1797
 969 4.1988
 970 10.5958
 971 0.2735
 972 2.0474
 973 7.3626
 974 10.2329
 975 2.1054
 976 1.8464
 977 5.0680
 978 1.4823
 979 0.3461
 980 0.6909
 981 0.6417
 982 2.7758
 983 5.9508
 984 0.2950
 985 0.8020
 986 0.4807
 987 0.8043
 988 8.2696
 989 7.6603
 990 1.9723
 991 3.8803
 992 1.0199
 993 14.2869
 994 0.3929
 995 2.0091
 996 1.1186
 997 6.5247
 998 0.2417
 999 0.5215
1000 0.7114
1001 0.9552
1002 1.1925
1003 1.6128
1004 0.4122
1005 5.5309
1006 0.3550
1007 0.6103
1008 0.8878
1009 1.2018
1010 2.9975
1011 0.9383
1012 4.4418
1013 0.8039
1014 2.3000
1015 1.0041
1016 0.8799
1017 0.3748
1018 1.9694
1019 1.7873
1020 1.8332
1021 1.8553
1022 1.2901
1023 0.2671
1024 3.8267
1025 1.4740
1026 2.2291
1027 1.2556
1028 3.7425
1029 6.0407
1030 2.6031
1031 3.4014
1032 0.7509
1033 8.5027
1034 0.2774
1035 16.7352
1036 10.5736
1037 0.6336
1038 0.4195
1039 8.9436
1040 1.0327
1041 3.0853
1042 1.3183
1043 0.5506
1044 0.5115
1045 1.8396
1046 3.3048
1047 1.0882
1048 0.9478
1049 4.2209
1050 0.5802
1051 3.5700
1052 0.6346
1053 0.3812
1054 1.9947
1055 16.2106
1056 2.8924
1057 1.0525
1058 4.9440
1059 0.9455
1060 1.3798
1061 4.2546
1062 1.1290
1063 1.7330
1064 0.6107
1065 0.6189
1066 2.9748
1067 7.8519
1068 12.7377
1069 0.7245
1070 0.4676
1071 4.3526
1072 2.2954
1073 0.1165
1074 5.0374
1075 1.3631
1076 1.2157
1077 0.6769
1078 0.6537
1079 2.0202
1080 3.5827
1081 7.2203
1082 1.2017
1083 0.8163
1084 0.2701
1085 10.0613
1086 2.0009
1087 1.0427
1088 2.3465
1089 1.0695
1090 0.5487
1091 0.9816
1092 2.9758
1093 1.0405
1094 0.9583
1095 2.2810
1096 0.2846
1097 3.6167
1098 1.0066
1099 0.7217
1100 1.0561
1101 0.4263
1102 1.1895
1103 0.5150
1104 3.8794
1105 1.8026
1106 2.9124
1107 2.9237
1108 0.7130
1109 1.3475
1110 0.9406
1111 1.3553
1112 3.5792
1113 0.6884
1114 7.0263
1115 2.1776
1116 0.5131
1117 7.5749
1118 2.4344
1119 0.5477
1120 18.8756
1121 0.2763
1122 5.3815
1123 1.7187
1124 1.6078
1125 0.7303
1126 9.1381
1127 0.4432
1128 0.4224
1129 0.6195
1130 1.9428
1131 11.5770
1132 2.1676
1133 1.0574
1134 1.1274
1135 2.5789
1136 13.6585
1137 7.7446
1138 2.1887
1139 3.8588
1140 1.5377
1141 0.3012
1142 0.5071
1143 0.6233
1144 18.6793
1145 1.7126
1146 3.1029
1147 2.3403
1148 1.0427
1149 3.1064
1150 3.1712
1151 1.2597
1152 0.6097
1153 0.9226
1154 0.8403
1155 0.5021
1156 11.3204
1157 11.8858
1158 20.6657
1159 8.0409
1160 2.1004
1161 0.5224
1162 0.6676
1163 0.1176
1164 2.8697
1165 1.6548
1166 0.9221
1167 1.6638
1168 0.3938
1169 10.3256
1170 0.6711
1171 2.1393
1172 2.5154
1173 1.1669
1174 1.0261
1175 1.0902
1176 0.5983
1177 0.5954
1178 0.9300
1179 3.5040
1180 0.6447
1181 1.6651
1182 1.1330
1183 0.5878
1184 3.1666
1185 1.4256
1186 1.4054
1187 7.7196
1188 0.3655
1189 0.6470
1190 0.7214
1191 0.9071
1192 2.4844
1193 1.5458
1194 2.6339
1195 1.0635
1196 5.7103
1197 0.2337
1198 1.1104
1199 1.0911
1200 3.3872
1201 1.7474
1202 4.2920
1203 1.7002
1204 1.6503
1205 4.1773
1206 1.2170
1207 1.6936
1208 1.1949
1209 2.3982
1210 0.8643
1211 9.9709
1212 1.6408
1213 1.0683
1214 1.1869
1215 1.6016
1216 1.6683
1217 0.5762
1218 2.7562
1219 2.8127
1220 2.7260
1221 1.7222
1222 1.7902
1223 0.3021
1224 0.2310
1225 0.6912
1226 0.3386
1227 12.8932
1228 12.2576
1229 2.7478
1230 1.0421
1231 0.8077
1232 4.5278
1233 19.2292
1234 0.6274
1235 1.7463
1236 0.4709
1237 0.7517
1238 0.3840
1239 0.7935
1240 0.1995
1241 2.8268
1242 0.6808
1243 4.9705
1244 6.0184
1245 0.3029
1246 3.1746
1247 0.3710
1248 1.5257
1249 12.6071
1250 0.3741
1251 2.7046
1252 1.0707
1253 4.7631
1254 6.7463
1255 1.4160
1256 0.2454
1257 0.6928
1258 0.9343
1259 0.8329
1260 3.8366
1261 3.9538
1262 3.4216
1263 0.7651
1264 0.6132
1265 2.1686
1266 3.3252
1267 0.2808
1268 0.8929
1269 0.4172
1270 1.1121
1271 3.3592
1272 1.0391
1273 8.5051
1274 0.1411
1275 8.2074
1276 0.1133
1277 0.7699
1278 0.3257
1279 0.1680
1280 1.4999
1281 18.4970
1282 1.6583
1283 1.4357
1284 1.3394
1285 2.3941
1286 2.6687
1287 0.4710
1288 7.2115
1289 3.1119
1290 1.3554
1291 0.2945
1292 7.5379
1293 1.4606
1294 11.5990
1295 2.5707
1296 0.5126
1297 0.1394
1298 0.8451
1299 2.1555
1300 0.6860
1301 2.6623
1302 0.5955
1303 0.0985
1304 4.2149
1305 5.6765
1306 0.4932
1307 0.1167
1308 1.9249
1309 5.8003
1310 0.4160
1311 1.4717
1312 2.0741
1313 1.5753
1314 6.8540
1315 0.4711
1316 4.7216
1317 0.3010
1318 0.9299
1319 6.8965
1320 0.5556
1321 2.4845
1322 1.4020
1323 0.6145
1324 5.2401
1325 0.4372
1326 0.4360
1327 2.3211
1328 8.9475
1329 7.3114
1330 2.0720
1331 3.8874
1332 1.2126
1333 2.5474
1334 0.1875
1335 1.3081
1336 2.1758
1337 2.1658
1338 0.2714
1339 0.7439
1340 2.7590
1341 2.9165
1342 0.1818
1343 0.3939
1344 1.8577
1345 3.0283
1346 4.3983
1347 0.8517
1348 9.5678
1349 1.4357
1350 0.4709
1351 5.3419
1352 1.8622
1353 0.4011
1354 1.4378
1355 1.9646
1356 4.1631
1357 1.0832
1358 1.0469
1359 9.6755
1360 3.2040
1361 0.3592
1362 6.5160
1363 4.2003
1364 7.3417
1365 3.5557
1366 1.2899
1367 13.0612
1368 1.4698
1369 0.3089
1370 2.4551
1371 0.7445
1372 11.5709
1373 2.5843
1374 3.3371
1375 1.9680
1376 11.5261
1377 0.7027
1378 7.4229
1379 0.8636
1380 2.9951
1381 1.3888
1382 2.5715
1383 11.6033
1384 0.6054
1385 1.2988
1386 1.3401
1387 1.1491
1388 3.6442
1389 0.2607
1390 0.9368
1391 6.3948
1392 3.5213
1393 2.2901
1394 13.5859
1395 2.0939
1396 0.4157
1397 8.8259
1398 1.0398
1399 0.3816
1400 2.5495
1401 0.9099
1402 0.5200
1403 0.6941
1404 0.8505
1405 0.7662
1406 8.3591
1407 1.1605
1408 3.1109
1409 0.9588
1410 6.9943
1411 0.5764
1412 1.0926
1413 1.5326
1414 0.5259
1415 0.2462
1416 0.6926
1417 2.0415
1418 0.5574
1419 0.3506
1420 0.1566
1421 0.6075
1422 1.0712
1423 10.0502
1424 3.3015
1425 2.6713
1426 0.9725
1427 1.4781
1428 3.9657
1429 3.5936
1430 2.6817
1431 0.8058
1432 9.1656
1433 0.5348
1434 2.3252
1435 1.4660
1436 0.5342
1437 0.7020
1438 0.9119
1439 0.5026
1440 2.3849
1441 2.2369
1442 10.1822
1443 2.5829
1444 0.2704
1445 0.8379
1446 12.3100
1447 0.6041
1448 0.5049
1449 3.0958
1450 1.1368
1451 0.7687
1452 6.7096
1453 8.2156
1454 0.3755
1455 0.3099
1456 0.7898
1457 1.5733
1458 4.1629
1459 6.3066
1460 4.0684
1461 0.7748
1462 1.8106
1463 0.9258
1464 2.2585
1465 0.5095
1466 1.1071
1467 0.5420
1468 2.4836
1469 0.3462
1470 19.3220
1471 7.8296
1472 2.9727
1473 0.8807
1474 0.4090
1475 0.4842
1476 0.6020
1477 0.2220
1478 26.9522
1479 0.3088
1480 5.0663
1481 0.3990
1482 6.2077
1483 1.7944
1484 0.2276
1485 7.5980
1486 0.8974
1487 1.5140
1488 0.8798
1489 5.2184
1490 0.1943
1491 2.5397
1492 2.2884
1493 5.3741
1494 2.4885
1495 4.5813
1496 0.8161
1497 2.2434
1498 0.8039
1499 0.5079
1500 5.4310
1501 1.0746
1502 0.2851
1503 43.2534
1504 0.2592
1505 9.7680
1506 2.4930
1507 3.4998
1508 4.8821
1509 1.4237
1510 3.4599
1511 6.0883
1512 1.5084
1513 0.9726
1514 0.3694
1515 0.5837
1516 1.4388
1517 7.8150
1518 7.4263
1519 24.3711
1520 3.5436
1521 1.9515
1522 1.3229
1523 0.8615
1524 19.1093
1525 0.4437
1526 3.2330
1527 0.3754
1528 9.8211
1529 14.1664
1530 0.3684
1531 0.0967
1532 0.2852
1533 0.9884
1534 0.1669
1535 5.1620
1536 1.4682
1537 4.3948
1538 0.1223
1539 0.1877
1540 3.5906
1541 3.7438
1542 3.7934
1543 0.6399
1544 3.6188
1545 0.2973
1546 5.8012
1547 2.6883
1548 2.0666
1549 1.3921
1550 0.8580
1551 8.2666
1552 0.8305
1553 0.3022
1554 0.5907
1555 3.6725
1556 0.3447
1557 7.1291
1558 4.4582
1559 3.0422
1560 0.7585
1561 0.6568
1562 4.6348
1563 0.9807
1564 2.5814
1565 0.2933
1566 0.8653
1567 0.4869
1568 6.1215
1569 1.5304
1570 5.0764
1571 0.9755
1572 0.7043
1573 1.1659
1574 0.8825
1575 2.0624
1576 0.6738
1577 4.0715
1578 4.4499
1579 3.8566
1580 0.3196
1581 8.6474
1582 1.7095
1583 7.1365
1584 0.8756
1585 5.9451
1586 0.2800
1587 0.3572
1588 1.7901
1589 1.3214
1590 0.3586
1591 5.0416
1592 0.6818
1593 0.3735
1594 1.7793
1595 2.5875
1596 1.9817
1597 1.5109
1598 2.2073
1599 6.4554
1600 2.3850
1601 0.7892
1602 0.1421
1603 3.2347
1604 0.7935
1605 10.5260
1606 0.8384
1607 4.7201
1608 1.4347
1609 0.5201
1610 0.0980
1611 8.5895
1612 2.3768
1613 0.5242
1614 1.8410
1615 1.3378
1616 2.0914
1617 1.3380
1618 2.6644
1619 2.1096
1620 0.6264
1621 4.7862
1622 1.8815
1623 2.1727
1624 0.9420
1625 0.5369
1626 5.6802
1627 12.0910
1628 2.2090
1629 0.4150
1630 0.2492
1631 5.5074
1632 1.7764
1633 3.6305
1634 16.3179
1635 0.8724
1636 3.5754
1637 1.0136
1638 2.5606
1639 2.4410
1640 0.9913
1641 6.4455
1642 2.8063
1643 5.4901
1644 0.8285
1645 20.3021
1646 1.7918
1647 0.4113
1648 1.3950
1649 4.9502
1650 0.2856
1651 0.3389
1652 1.2678
1653 9.5397
1654 9.7939
1655 6.4369
1656 0.2405
1657 0.5382
1658 1.3426
1659 5.4029
1660 0.8416
1661 0.3399
1662 4.6559
1663 7.9934
1664 1.0259
1665 0.9086
1666 0.4322
1667 0.6766
1668 0.9942
1669 3.5687
1670 1.7772
1671 1.5740
1672 2.5506
1673 2.0991
1674 0.3426
1675 0.2952
1676 0.2855
1677 0.7836
1678 0.6096
1679 7.0991
1680 1.4050
1681 4.9547
1682 1.9320
1683 0.6513
1684 1.7512
1685 0.7962
1686 0.7227
1687 1.7044
1688 2.6767
1689 0.1995
1690 0.5918
1691 0.4374
1692 1.8399
1693 2.1355
1694 28.5214
1695 0.7697
1696 9.4882
1697 0.9893
1698 1.6473
1699 0.7966
1700 1.4120
1701 14.4896
1702 1.4480
1703 1.1965
1704 0.5367
1705 1.5932
1706 0.5708
1707 0.4146
1708 1.7014
1709 3.1579
1710   NaN
1711 1.2216
1712 0.2783
1713 2.6094
1714 1.1553
1715 1.8302
1716 1.2480
1717 1.0212
1718 1.7977
1719 0.5892
1720 4.0054
1721 0.3636
1722 1.0633
1723 6.8890
1724 0.1138
1725 1.6451
1726 1.1661
1727 1.4186
1728 13.6454
1729 7.4700
1730 1.4869
1731 2.4889
1732 2.3130
1733 12.6199
1734 0.5269
1735 0.6628
1736 0.8436
1737 1.5990
1738 0.2017
1739 25.1019
1740 0.6433
1741 2.2492
1742 0.8923
1743 1.0249
1744 7.9358
1745 1.1310
1746 2.1157
1747 5.5550
1748 6.6998
1749 0.4248
1750 0.4470
1751 1.0580
1752 0.8596
1753 1.0946
1754 2.2038
1755 3.8071
1756 5.4548
1757 1.0671
1758 0.6416
1759 1.3527
1760 1.2405
1761 0.3681
1762 2.9279
1763 1.2799
1764 1.4552
1765 48.4134
1766 2.5016
1767 1.2110
1768 2.8222
1769 0.8789
1770 3.9223
1771 1.6522
1772 1.0560
1773 0.1914
1774 1.0745
1775 36.1952
1776 0.4432
1777 7.4742
1778 1.2905
1779 0.5028
1780 11.3058
1781 1.9930
1782 0.6655
1783 4.0311
1784 11.4792
1785 0.4399
1786 0.5806
1787 0.9293
1788 18.3837
1789 0.4073
1790 5.9002
1791 0.9701
1792 7.0480
1793 3.4328
1794 0.2116
1795 15.0446
1796 0.8129
1797 1.2787
1798 0.8099
1799 0.3107
1800 19.5735
1801 5.2098
1802 4.6656
1803 1.1567
1804 0.7387
1805 7.8122
1806 0.6890
1807 2.2225
1808 0.7328
1809 19.4322
1810 2.3197
1811 5.4048
1812 1.2529
1813 10.4555
1814 0.7719
1815 1.9380
1816 0.3300
1817 14.5851
1818 0.2375
1819 0.8085
1820 13.2545
1821 0.8366
1822 0.6142
1823 1.8561
1824 2.7358
1825 1.3890
1826 25.0991
1827 1.0614
1828 0.8812
1829 0.4008
1830 1.1480
1831 0.8762
1832 2.4334
1833 10.1233
1834 2.4021
1835 17.0853
1836 0.6256
1837 17.3119
1838 2.4768
1839 2.0878
1840 1.6514
1841 1.6627
1842 2.1266
1843 3.2839
1844 0.4501
1845 0.9573
1846 0.1746
1847 21.8686
1848 0.5663
1849 1.9001
1850 1.9073
1851 1.5544
1852 2.3431
1853 1.6690
1854 0.1124
1855 1.3909
1856 2.0532
1857 11.8316
1858 2.2808
1859 2.3012
1860 0.8649
1861 3.1178
1862 0.4954
1863 1.0426
1864 1.9021
1865 0.7182
1866 0.0806
1867 17.8730
1868 4.4339
1869 0.8704
1870 0.9554
1871 0.2697
1872 1.2607
1873 1.4311
1874 1.0714
1875 0.3413
1876 1.7538
1877 0.5869
1878 2.1117
1879 1.8658
1880 1.3013
1881 2.3400
1882 0.6282
1883 2.5697
1884 3.5423
1885 7.1145
1886 1.0418
1887 2.2585
1888 3.8493
1889 18.7830
1890 16.1829
1891 2.1683
1892 0.3181
1893 1.4207
1894 1.1716
1895 5.2258
1896 8.8416
1897 1.3279
1898 0.9431
1899 0.4012
1900 0.1984
1901 0.1955
1902 0.2289
1903 1.1722
1904 4.4064
1905 8.4451
1906 5.3347
1907 2.2625
1908 0.6385
1909 0.8326
1910 1.3190
1911 0.1460
1912 1.8933
1913 0.2683
1914 1.1792
1915 6.5375
1916 1.5186
1917 4.0912
1918 1.0097
1919 4.5456
1920 3.1155
1921 0.8813
1922 0.7825
1923 2.7812
1924 2.1964
1925 1.7795
1926 0.3237
1927 0.8673
1928 0.9165
1929 0.8722
1930 1.4790
1931 0.2350
1932 1.9889
1933 1.3880
1934 0.3240
1935 0.2764
1936 2.5231
1937 0.7725
1938 3.2292
1939 11.9604
1940 0.3179
1941 20.9384
1942 2.3109
1943 0.5009
1944 2.4456
1945 1.0891
1946 1.3223
1947 6.1106
1948 1.5403
1949 1.3495
1950 12.0293
1951 0.6628
1952 1.3937
1953 0.9878
1954 20.8659
1955 5.8299
1956 1.6583
1957 1.6189
1958 0.7942
1959 0.4637
1960 0.6571
1961 0.7495
1962 3.9397
1963 0.9178
1964 4.1684
1965 0.6481
1966 1.7671
1967 1.0411
1968 1.8194
1969 0.4720
1970 0.2634
1971 1.2066
1972 10.0013
1973 1.1848
1974 0.7956
1975 5.1281
1976 17.3203
1977 3.6525
1978 6.0214
1979 1.2085
1980 1.3106
1981 0.6509
1982 3.8080
1983 2.4149
1984 1.6210
1985 0.3783
1986 1.0927
1987 1.2016
1988 0.1519
1989 9.2347
1990 1.1305
1991 0.7259
1992 1.3090
1993 0.9100
1994 1.0601
1995 3.3551
1996 3.4119
1997 0.9003
1998 2.0097
1999 1.4377
2000 1.6056
2001 1.0146
2002 19.2539
2003 1.2740
2004 18.5802
2005 1.1071
2006 0.6264
2007 12.3089
2008 1.7298
2009 3.5309
2010 1.9317
2011 1.8935
2012 1.2131
2013 1.8356
2014 0.7075
2015 3.1469
2016 0.5534
2017 1.9466
2018 0.1793
2019 1.0320
2020 0.8230
2021 1.4474
2022 0.6340
2023 0.1763
2024 0.5031
2025 0.0808
2026 2.2523
2027 0.9346
2028 1.5471
2029 13.3991
2030 3.4877
2031 23.7910
2032 11.5362
2033 5.3746
2034 0.3049
2035 0.6008
2036 7.3536
2037 2.8204
2038 11.1784
2039 1.3992
2040 0.7305
2041 1.2411
2042 3.5250
2043 1.0421
2044 6.0724
2045 1.3799
2046 0.9273
2047 3.6735
2048 2.1924
2049 8.2763
2050 1.0660
2051 1.0366
2052 3.3093
2053 0.8615
2054 0.9545
2055 4.0183
2056 0.9404
2057 8.0035
2058 1.7734
2059 0.4279
2060 0.8426
2061 2.4877
2062 2.0399
2063 0.1686
2064 0.3305
2065 0.5839
2066 1.3539
2067 4.8581
2068 3.0172
2069 0.7650
2070 1.7948
2071 2.1476
2072 0.4167
2073 6.1956
2074 3.8922
2075 0.3780
2076 0.3891
2077 1.2341
2078 1.6465
2079 7.5532
2080 0.3732
2081 1.3206
2082 10.9486
2083 10.6057
2084 0.6231
2085 2.3668
2086 1.3534
2087 0.3593
2088 3.1650
2089 8.5775
2090 7.2751
2091 4.1418
2092 0.1124
2093 1.3335
2094 6.7923
2095 3.9634
2096 2.6096
2097 3.9274
2098 0.3954
2099 1.5827
2100 1.7145
2101 9.8861
2102 0.8182
2103 1.3264
2104 0.5466
2105 1.2199
2106 1.3001
2107 0.1253
2108 2.7302
2109 0.7236
2110 3.0188
2111 0.3193
2112 0.4182
2113 0.2170
2114 0.5099
2115 0.7833
2116 0.8097
2117 0.1887
2118 4.7328
2119 3.2043
2120 2.4158
2121 6.8250
2122 33.2364
2123 3.2830
2124 3.5021
2125 0.8711
2126 0.7094
2127 0.4761
2128 1.7278
2129 1.6558
2130 1.3842
2131 4.0798
2132 8.6734
2133 1.7476
2134 3.5464
2135 0.3146
2136 1.5528
2137 6.7810
2138 21.7553
2139 1.4528
2140 2.4775
2141 1.4419
2142 0.6361
2143 0.2701
2144 1.7404
2145 0.8220
2146 1.6591
2147 5.2327
2148 3.2396
2149 1.4742
2150 18.7178
2151 11.0547
2152 0.4210
2153 0.5451
2154 3.2769
2155 1.5719
2156 21.3882
2157 0.8765
2158 3.0938
2159 2.0858
2160 6.9220
2161 0.2924
2162 0.7781
2163 0.2884
2164 5.4035
2165 5.9484
2166 0.2494
2167 2.5051
2168 1.4275
2169 1.8774
2170 0.2094
2171 0.6086
2172 1.0588
2173 0.2528
2174 2.3825
2175 0.3216
2176 1.4543
2177 0.7192
2178 20.4281
2179 0.9021
2180 4.7080
2181 1.1077
2182 1.6048
2183 0.9851
2184 5.1201
2185 1.5852
2186 1.4615
2187 1.4232
2188 0.4925
2189 15.8236
2190 9.5521
2191 0.7540
2192 0.8483
2193 1.3465
2194 8.1104
2195 1.1773
2196 2.2580
2197 5.5523
2198 0.1791
2199 0.4000
2200 0.1075
2201 0.9595
2202 1.6727
2203 2.5462
2204 1.6047
2205 3.1570
2206 1.4576
2207 0.4292
2208 0.6944
2209 0.2344
2210 0.8677
2211 1.7209
2212 1.7135
2213 0.4344
2214 17.5865
2215 0.6287
2216 1.0940
2217 0.1255
2218 1.5065
2219 1.2536
2220 0.7633
2221 2.0300
2222 4.8243
2223 17.6212
2224 0.1947
2225 5.0339
2226 0.7170
2227 3.0942
2228 1.6563
2229 2.1679
2230 3.2500
2231 1.2920
2232 1.0347
2233 1.4634
2234 2.6668
2235 26.8081
2236 1.8399
2237 10.8119
2238 0.8703
2239 0.5216
2240 0.7053
2241 0.3427
2242 3.2947
2243 0.3887
2244 0.5703
2245 1.9748
2246 2.3674
2247 6.7850
2248 15.4831
2249 1.7385
2250 0.8626
2251 8.6124
2252 0.5846
2253 2.0670
2254 1.8333
2255 0.4812
2256 0.7576
2257 0.7595
2258 0.6560
2259 2.6219
2260 8.4129
2261 2.3179
2262 11.1244
2263 2.5289
2264 0.9783
2265 1.9917
2266 1.2531
2267 1.2331
2268 4.1400
2269 1.5078
2270 0.6182
2271 17.2595
2272 1.1055
2273 1.8860
2274 0.5968
2275 0.8341
2276 5.2986
2277 0.4593
2278 2.0284
2279 1.3224
2280 1.3305
2281 0.9095
2282 23.2813
2283 4.0339
2284 2.4285
2285 0.3266
2286 1.7355
2287 0.9622
2288 2.2325
2289 0.8943
2290 6.9874
2291 4.5665
2292 3.9841
2293 0.7442
2294   NaN
2295 1.2122
2296 1.1598
2297 0.8417
2298 3.2645
2299 1.5112
2300 2.2338
2301 6.0533
2302 5.3274
2303 2.8794
2304 0.7322
2305 0.6539
2306 20.2726
2307 2.6211
2308 0.7654
2309 1.2490
2310 0.1002
2311 3.0779
2312 0.8712
2313 0.7697
2314 2.9656
2315 0.4007
2316 0.2249
2317 2.1540
2318 7.8057
2319 1.1741
2320 0.0957
2321 2.9636
2322 3.2003
2323 1.1320
2324 1.4624
2325 2.1948
2326 4.0133
2327 0.4871
2328 5.1625
2329 0.2035
2330 1.0160
2331 0.9057
2332 1.2753
2333 0.7067
2334 12.6496
2335 0.7709
2336 2.1809
2337 5.3367
2338 0.4285
2339 0.0933
2340 0.2293
2341 0.4636
2342 0.3980
2343 1.2575
2344 2.2431
2345 1.6236
2346 13.0367
2347 0.4952
2348 0.5314
2349 5.7044
2350 7.2813
2351 3.1676
2352 1.2524
2353 0.7083
2354 0.6240
2355 1.5696
2356 3.4887
2357 0.9992
2358 3.9586
2359 5.1114
2360 0.3523
2361 18.8031
2362 2.2457
2363 16.1341
2364 0.4764
2365 4.3891
2366 0.7382
2367 0.2994
2368 6.1117
2369 0.3402
2370 11.5261
2371 0.6213
2372 1.2010
2373 1.5751
2374 0.6563
2375 1.2946
2376 7.1618
2377 1.4064
2378 0.6717
2379 2.6709
2380 0.4405
2381 4.5368
2382 0.4158
2383 0.6428
2384 0.4566
2385 2.0265
2386 29.8391
2387 0.1054
2388 0.7635
2389 0.4995
2390 0.2111
2391 2.1913
2392 1.0114
2393 8.5795
2394 10.8553
2395 0.7159
2396 0.4077
2397 1.5327
2398 3.9082
2399 0.8254
2400 7.7834
2401 2.1925
2402 1.4645
2403 0.3229
2404 0.7565
2405 0.7856
2406 5.8952
2407 3.1859
2408 1.0378
2409 7.8451
2410 2.8659
2411 0.3461
2412 0.3785
2413 0.6933
2414 3.1927
2415 0.7292
2416 0.8358
2417 0.2689
2418 9.4615
2419 3.4195
2420 3.0565
2421 0.5022
2422 22.4594
2423 1.8088
2424 8.4756
2425 1.3845
2426 1.6713
2427 1.0986
2428 1.9169
2429 0.0794
2430 0.6996
2431 2.4380
2432 0.4302
2433 2.1636
2434 2.0481
2435 0.3783
2436 1.3708
2437 12.8614
2438 1.2630
2439 1.8362
2440 2.1516
2441 0.8804
2442 2.5579
2443 1.7892
2444 15.4634
2445 10.1305
2446 0.8847
2447 3.4062
2448 0.3554
2449 0.3318
2450 3.2949
2451 3.4572
2452 0.4417
2453 1.4062
2454 1.3717
2455 2.5579
2456 13.0165
2457 0.9400
2458 1.5915
2459 1.2043
2460 0.7572
2461 1.4238
2462 5.3318
2463 1.3155
2464 0.4930
2465 1.4763
2466 0.2112
2467 2.0270
2468 1.5480
2469 2.0682
2470 0.8938
2471 0.6661
2472 1.0512
2473 1.0035
2474 0.3433
2475 0.9069
2476 0.4606
2477 5.3725
2478 0.9608
2479 2.6789
2480 1.0221
2481 8.7840
2482 1.3116
2483 0.8007
2484 3.6410
2485 6.6117
2486 1.4530
2487 2.8808
2488 4.7916
2489 6.8541
2490 2.4323
2491 11.4895
2492 7.2252
2493 0.3927
2494 1.6470
2495 1.1249
2496 4.1757
2497 0.6155
2498 2.2528
2499 12.5761
2500 13.5785
