7501 4.2206
7502 10.3722
7503 15.2160
7504 1.3608
7505 2.2623
7506 1.1495
7507 22.6477
7508 6.6045
7509 3.4610
7510 0.7787
7511 13.9042
7512 3.5953
7513 5.4612
7514 12.7692
7515 0.2896
7516 2.6348
7517 2.2612
7518 6.5049
7519 0.6787
7520 21.2627
7521 7.3823
7522 7.7163
7523 10.4842
7524 0.7895
7525 32.7876
7526 17.6263
7527 0.9643
7528 6.7025
7529 2.0687
7530 4.0452
7531 4.1983
7532 0.7873
7533 0.7018
7534 3.7386
7535 0.4756
7536 0.6398
7537 7.1957
7538 4.0724
7539 4.1154
7540 16.5615
7541 2.0152
7542 1.0235
7543 10.1529
7544 1.5034
7545 3.0252
7546 1.7050
7547 1.5531
7548 19.5009
7549 3.2571
7550 8.3364
7551 18.0917
7552 1.0875
7553 0.3998
7554 4.4448
7555 1.1439
7556 2.5219
7557 48.4911
7558 0.8593
7559 15.7662
7560 0.5890
7561 0.5762
7562 24.6050
7563 2.4782
7564 8.8082
7565 11.7366
7566 25.6604
7567 40.1344
7568 1.5861
7569 0.9394
7570 8.5565
7571 19.6116
7572 4.6328
7573 4.3875
7574 24.8656
7575 1.9663
7576 1.1493
7577 3.9821
7578 9.0582
7579 0.4393
7580 21.6606
7581 6.9217
7582 6.8138
7583 2.3875
7584 6.9065
7585 3.5334
7586 0.9258
7587 3.0156
7588 1.0890
7589 0.6356
7590 2.5263
7591 8.6102
7592 3.9447
7593 7.3367
7594 2.2409
7595 4.3748
7596 1.5488
7597 3.8253
7598 10.0904
7599   NaN
7600 24.9786
7601 0.5200
7602 5.8349
7603 0.2473
7604 0.0898
7605 3.6034
7606 1.6342
7607 4.1221
7608 2.3650
7609 11.4028
7610 7.6853
7611 27.5335
7612 1.7205
7613 3.5459
7614 2.2624
7615 9.5198
7616 1.2530
7617 0.5332
7618 2.6859
7619 2.2855
7620 3.5891
7621 1.6677
7622 17.1193
7623 5.2155
7624 0.3902
7625 1.9556
7626 1.9087
7627 2.3899
7628 0.8850
7629 25.9422
7630 5.9926
7631 4.6949
7632 1.2845
7633 8.3898
7634 1.2166
7635 14.9352
7636 12.8744
7637 1.8987
7638 0.4925
7639 14.0812
7640 2.3492
7641 18.4264
7642 0.6052
7643 1.2202
7644 0.9370
7645 10.1969
7646 1.0347
7647 2.4714
7648 18.6105
7649 6.1538
7650 9.9471
7651 7.8622
7652 4.0773
7653 1.3977
7654 14.1712
7655 9.5366
7656 3.3538
7657 2.2661
7658 13.9014
7659 2.7985
7660 2.0233
7661 22.2018
7662 28.0046
7663 3.4812
7664 6.4770
7665 0.9449
7666 16.8691
7667 0.4571
7668 4.9573
7669 5.5706
7670 13.2022
7671 7.2982
7672 25.3974
7673 6.7928
7674 0.7691
7675 4.3453
7676 2.1462
7677 0.9591
7678 21.0866
7679 2.4206
7680 1.1221
7681 30.2131
7682 24.1193
7683 3.2064
7684 6.7917
7685 4.8299
7686 3.3011
7687 1.1623
7688 1.6871
7689 26.9708
7690 1.6225
7691 22.4118
7692 6.5889
7693 4.5224
7694 16.3877
7695 5.7982
7696 6.8805
7697 6.1373
7698 3.1504
7699 5.6024
7700 33.8235
7701 8.3840
7702 5.0242
7703 5.6986
7704 4.4400
7705 3.9414
7706 11.5032
7707 7.7377
7708 0.6364
7709 15.8156
7710 0.4926
7711 10.2737
7712 41.8197
7713 18.0497
7714 1.1253
7715 1.0070
7716 0.5260
7717 1.1587
7718 10.6774
7719 1.1385
7720 8.1838
7721 9.7267
7722 1.5747
7723 1.0777
7724 2.9513
7725 1.3840
7726 23.9073
7727 6.2581
7728 29.2430
7729 1.0827
7730 25.9025
7731 5.1501
7732 0.3808
7733 3.6037
7734 1.7258
7735 33.4004
7736 33.3209
7737 2.5281
7738 4.4667
7739 5.7062
7740 21.0138
7741 10.5746
7742 0.5742
7743 1.7947
7744 1.9095
7745 1.5111
7746 0.6052
7747 18.5976
7748 11.7165
7749 10.3038
7750 0.7208
7751 3.8796
7752 0.3769
7753 0.8580
7754 1.3266
7755 3.5677
7756 1.8301
7757 1.6939
7758 0.4308
7759 1.1844
7760 4.7645
7761 1.5923
7762 3.3215
7763 0.5890
7764 31.7223
7765 11.1097
7766 0.6564
7767 14.5044
7768 19.7246
7769 11.4214
7770 6.8352
7771 1.8017
7772 2.9675
7773 8.0889
7774 2.2420
7775 3.5028
7776 10.9918
7777 13.3045
7778 3.8461
7779 5.9667
7780 11.7960
7781 15.2817
7782 7.1331
7783 3.5650
7784 1.3224
7785 1.0331
7786 1.8400
7787 4.5693
7788 0.6879
7789 3.3153
7790 29.1295
7791 3.6333
7792 17.2754
7793 1.9420
7794 2.9677
7795 1.2252
7796 33.9642
7797 2.8790
7798 0.5051
7799 2.1173
7800 0.6629
7801 5.3322
7802 3.7772
7803 13.9999
7804 14.3602
7805 2.2053
7806   NaN
7807 1.2471
7808 8.0854
7809 0.3288
7810 48.0757
7811 1.0343
7812 9.4959
7813 6.7996
7814 11.9272
7815 5.0503
7816 3.3623
7817 1.7513
7818 6.7040
7819 16.8267
7820 7.0663
7821 2.3838
7822 14.3723
7823 13.6508
7824 23.9904
7825 17.7299
7826 3.2328
7827 4.0520
7828 51.9912
7829 1.7468
7830 0.5064
7831 0.5615
7832 1.5036
7833 2.1210
7834 1.4462
7835 8.3189
7836 1.1153
7837 2.9220
7838 4.3228
7839 4.2201
7840 11.4285
7841 2.7777
7842 4.7670
7843 8.4382
7844 1.3321
7845 31.6279
7846 1.0969
7847 17.0057
7848 17.2289
7849 9.6193
7850 2.7049
7851 21.6222
7852 4.3488
7853 2.3855
7854 0.7403
7855 4.2449
7856 6.6079
7857 4.2105
7858 0.8303
7859 18.5699
7860 0.9263
7861 7.6868
7862 7.1807
7863 17.6693
7864 0.3621
7865 7.6919
7866 29.9741
7867 2.8189
7868 0.8108
7869 3.2699
7870 7.4467
7871 0.1087
7872 7.5732
7873 7.5182
7874 6.8791
7875 2.3018
7876 26.8518
7877 3.2616
7878 5.5751
7879 1.7276
7880 2.7551
7881 7.5831
7882 12.4568
7883 2.7022
7884 38.5086
7885 3.6342
7886 1.1072
7887 19.9892
7888 1.6473
7889 4.4123
7890 2.4766
7891 13.1150
7892 3.2557
7893 3.5323
7894 4.6026
7895 1.5149
7896 0.8796
7897 9.3779
7898 1.7133
7899 2.0240
7900 0.7495
7901 1.6164
7902 45.6139
7903 13.6856
7904 24.2563
7905 31.7349
7906 37.5388
7907 6.4779
7908 0.7614
7909 0.8250
7910 10.8120
7911 2.2438
7912 0.6553
7913 4.0676
7914 23.7131
7915 4.3281
7916 5.3951
7917 1.1879
7918 2.2597
7919 1.9200
7920 47.0201
7921 3.1192
7922 9.5992
7923 32.9768
7924 13.5443
7925 1.7896
7926 14.1482
7927 3.4924
7928 0.8127
7929 5.3425
7930 8.3881
7931 30.2449
7932 5.2708
7933 2.1306
7934 6.4909
7935 3.6894
7936 2.3146
7937 2.1572
7938 21.2393
7939 2.9767
7940 4.7708
7941 18.9068
7942 10.4392
7943 3.5610
7944 12.6961
7945 21.6829
7946 2.5093
7947 1.8278
7948 0.6294
7949 1.6395
7950 9.6927
7951 0.4880
7952 2.6454
7953 4.1634
7954 2.8181
7955 0.5027
7956 11.6549
7957 32.5371
7958 7.7445
7959 1.2955
7960 50.7498
7961 1.0818
7962 11.3364
7963 5.7906
7964 5.7206
7965 18.0042
7966 17.2031
7967 26.1351
7968 6.0910
7969 3.1430
7970 0.5846
7971 4.4826
7972 1.3188
7973 5.1756
7974 1.0000
7975 26.5781
7976 3.0911
7977 5.3659
7978 1.1651
7979 0.3304
7980 2.0644
7981 4.8492
7982 10.9994
7983 25.9618
7984 8.1327
7985 2.5822
7986 3.8052
7987 4.3189
7988 6.6210
7989 4.8134
7990 1.2436
7991 16.4834
7992 9.3771
7993 4.1413
7994 0.6667
7995 8.1126
7996 30.5592
7997 0.9248
7998 24.8273
7999 15.8788
8000 6.9490
8001 7.9833
8002 3.8182
8003 1.0399
8004 11.8755
8005 10.0579
8006 4.2671
8007 12.8117
8008 0.9935
8009 9.4075
8010 10.9638
8011 14.8853
8012 1.6589
8013 7.9620
8014 28.9493
8015 11.4133
8016 27.7178
8017 0.4267
8018 0.3921
8019 3.9897
8020 13.1687
8021 22.3383
8022 13.6499
8023 1.2477
8024 6.2024
8025 2.2345
8026 0.4524
8027 6.1225
8028 20.0782
8029 10.8482
8030 1.2935
8031 0.9886
8032 0.4707
8033 19.0606
8034 7.2555
8035 0.0791
8036   NaN
8037 3.8872
8038 11.4289
8039 2.1980
8040 14.0828
8041 15.4386
8042 21.7919
8043 20.1064
8044 4.0739
8045 0.3463
8046 18.1346
8047 0.6274
8048 0.8285
8049 1.8599
8050 12.3000
8051 3.7406
8052 12.1958
8053 27.6175
8054 2.7720
8055 1.0539
8056 7.3152
8057 6.7324
8058 0.9790
8059 1.6177
8060 2.1815
8061 1.6480
8062 2.6876
8063 2.7643
8064 10.5099
8065 1.7321
8066 2.0636
8067 2.9556
8068 10.8085
8069 54.7784
8070 13.8224
8071 3.4819
8072 8.0258
8073 4.1983
8074 11.8210
8075 12.1660
8076 21.4476
8077 8.2070
8078 22.8419
8079 2.7636
8080 14.8112
8081 8.2510
8082 4.8769
8083 1.3772
8084 5.6417
8085 14.1362
8086 9.0976
8087 11.2791
8088 4.4866
8089 1.5938
8090 5.2292
8091 15.0486
8092 8.6398
8093 1.2690
8094 2.4545
8095 1.2431
8096 2.2426
8097 1.1503
8098 0.6860
8099 4.0577
8100 2.4049
8101 4.4315
8102 1.0077
8103 1.0348
8104 0.9476
8105 6.5934
8106 0.0926
8107 28.8940
8108 0.7911
8109 0.3268
8110 17.8275
8111 3.0078
8112 24.0017
8113 0.5235
8114 3.3856
8115 2.5463
8116 0.3629
8117 8.9776
8118 18.7375
8119 4.7653
8120 1.5028
8121 16.7429
8122 18.6888
8123 2.3248
8124 3.8996
8125 3.5022
8126 14.1914
8127 0.3791
8128 33.1047
8129 4.0413
8130 10.3215
8131 3.0131
8132 3.9394
8133 1.2194
8134 6.6381
8135 12.0313
8136 15.6570
8137 0.8670
8138 1.0979
8139 21.6751
8140 16.5604
8141 2.7357
8142 48.8064
8143 6.6770
8144 8.0910
8145 20.3039
8146 4.2673
8147 17.6122
8148 1.1821
8149 8.3628
8150 11.6973
8151 6.1177
8152 0.9391
8153 10.0390
8154 19.1968
8155 0.6909
8156 2.5830
8157 0.9377
8158 5.4683
8159 3.7296
8160 10.0282
8161 1.1388
8162 15.5630
8163 12.6391
8164 1.7869
8165 1.2386
8166 0.9623
8167 12.9557
8168 1.8165
8169 3.1502
8170 0.8177
8171 2.4444
8172 3.1584
8173 0.9912
8174 12.1829
8175 0.5248
8176 0.2740
8177 6.3131
8178 1.0732
8179 49.0683
8180 27.3001
8181 18.5673
8182 0.6263
8183 25.3860
8184 1.4801
8185 2.9254
8186 1.6019
8187 1.6565
8188 0.5834
8189 1.4030
8190 8.5469
8191 23.3766
8192 3.4834
8193 5.7391
8194 0.2691
8195 3.8238
8196 28.4288
8197 0.5372
8198 11.9768
8199 22.2828
8200 11.4096
8201 1.0556
8202 14.8437
8203 25.5428
8204 0.9886
8205 16.0898
8206 16.9266
8207 5.0673
8208 14.8258
8209 16.1931
8210 4.3100
8211 1.9072
8212 0.3786
8213 0.5935
8214 1.9467
8215 28.0793
8216 1.6441
8217 0.7516
8218 2.9504
8219 11.5461
8220 17.5325
8221 1.1648
8222 8.6069
8223 6.0331
8224 1.4429
8225 0.9901
8226 6.9087
8227 20.3685
8228 2.7871
8229 21.1283
8230 18.9037
8231 3.8336
8232 19.2535
8233 2.9630
8234 6.8509
8235 8.9423
8236 4.5298
8237 2.4908
8238 20.6332
8239 19.7676
8240 34.1664
8241 25.6881
8242 9.9355
8243 9.4175
8244 2.3511
8245 1.9559
8246 6.1956
8247 8.9777
8248 0.5810
8249 13.7122
8250 3.6767
8251 2.7829
8252 15.3472
8253 2.1075
8254 27.8113
8255 17.7006
8256 1.1276
8257 25.4584
8258 1.6828
8259 2.0358
8260 10.2795
8261 1.2819
8262 6.4135
8263 1.6066
8264 1.2787
8265 14.1613
8266 4.5169
8267 1.6094
8268 4.2398
8269 0.6039
8270 4.5725
8271 4.5042
8272 7.0465
8273 16.1247
8274 12.9427
8275 1.4553
8276 2.0018
8277 1.2717
8278 8.9457
8279 4.1476
8280 33.8478
8281 9.3771
8282 26.0121
8283 25.3388
8284 16.4232
8285 3.9784
8286 0.2892
8287 1.9594
8288 21.9446
8289 1.1333
8290 8.3918
8291 3.6200
8292 10.2834
8293 8.7758
8294 4.7162
8295 4.7947
8296 2.0643
8297 11.3537
8298 0.6049
8299 1.1980
8300 7.1322
8301 4.3665
8302 1.8893
8303 6.1673
8304 22.1553
8305 8.6301
8306 0.5645
8307 1.9419
8308 1.5442
8309 3.0147
8310 2.9284
8311 0.3983
8312 31.2922
8313 23.8577
8314 4.7592
8315 3.4298
8316 10.2877
8317 1.3147
8318 21.6873
8319 45.4862
8320 2.4088
8321 1.8527
8322 4.1057
8323 18.6251
8324 28.9089
8325 2.7518
8326 1.5182
8327 0.8419
8328 5.3038
8329 12.6305
8330 1.5742
8331 0.4197
8332 2.0592
8333 2.0720
8334   NaN
8335 2.3586
8336 4.3958
8337 4.2476
8338 10.9431
8339 0.8526
8340 4.3502
8341 18.5196
8342 9.5791
8343 11.5765
8344 2.0510
8345 3.1087
8346 5.8735
8347 12.6171
8348 2.7068
8349 3.7974
8350 0.8054
8351 1.6066
8352 34.4728
8353 2.3019
8354 9.6290
8355 3.9566
8356 17.3648
8357 12.5096
8358 0.7872
8359 48.0043
8360 15.4751
8361 8.4445
8362 2.4571
8363 21.8217
8364 0.4725
8365 8.5220
8366 0.7188
8367 1.3575
8368 1.6994
8369 19.8504
8370 3.3859
8371 0.3075
8372 1.3164
8373 2.0759
8374 1.0667
8375 1.8504
8376 2.3374
8377 3.8369
8378 3.4272
8379 0.8598
8380 4.5465
8381 0.6295
8382 21.3100
8383 5.4395
8384 20.1710
8385 10.8305
8386 13.0776
8387 6.0331
8388 1.3832
8389 2.6019
8390 5.9588
8391 12.6123
8392 0.9994
8393 0.1440
8394 3.8455
8395 5.3281
8396 1.3149
8397 0.8102
8398 7.0200
8399 39.4001
8400 2.5456
8401 42.8210
8402 1.6260
8403 1.3015
8404 1.3092
8405 7.5275
8406 2.4081
8407 17.5406
8408 5.9841
8409 1.8570
8410 17.3229
8411 36.9490
8412 28.8787
8413 3.7658
8414 4.6234
8415 0.6531
8416 9.3766
8417 2.6481
8418 3.4909
8419 2.7106
8420 0.3487
8421 12.6014
8422 39.0623
8423 0.6767
8424 2.3984
8425 1.1872
8426 22.2010
8427 6.7267
8428 7.3227
8429 0.6631
8430 0.5352
8431 2.2513
8432 46.8445
8433 3.2888
8434 11.9601
8435 2.4362
8436 14.9507
8437 2.6040
8438 1.1476
8439 1.0246
8440 1.3831
8441 1.4161
8442 6.1751
8443 0.7942
8444 9.2273
8445 19.0479
8446 10.8650
8447 1.2747
8448 0.8597
8449 15.5770
8450 3.3547
8451 40.5264
8452 0.8684
8453 7.5118
8454 3.4075
8455 0.6425
8456 15.9739
8457 2.4888
8458 2.0197
8459 6.6401
8460 0.9670
8461 0.3294
8462 26.6427
8463 5.9259
8464 2.4770
8465 4.5310
8466 1.4337
8467 1.1429
8468 1.7167
8469 2.0762
8470 0.8758
8471 9.1609
8472 3.0536
8473 9.0284
8474 3.7180
8475 14.0970
8476 4.3191
8477 0.7988
8478 15.0911
8479 2.3759
8480 4.6951
8481 2.5566
8482 36.6083
8483 7.8817
8484 2.8424
8485 2.5274
8486 6.0893
8487 8.0818
8488 10.7998
8489 17.9131
8490 1.7307
8491 2.4938
8492 6.2915
8493 3.2350
8494 4.0248
8495 3.1527
8496 0.2766
8497 0.3939
8498 1.8131
8499 8.2807
8500 10.2716
8501 9.8115
8502 4.7391
8503 2.4499
8504 1.4301
8505 4.0480
8506 3.8733
8507 0.4208
8508 1.0980
8509 5.0140
8510 1.9428
8511 4.2316
8512 1.5144
8513 2.6582
8514 0.6509
8515 4.5213
8516 48.3221
8517 1.9812
8518 25.2368
8519 2.6079
8520 3.8528
8521 2.3078
8522 1.8671
8523 13.3410
8524 1.4537
8525 13.9198
8526 1.1366
8527 38.1057
8528 9.3324
8529 5.7437
8530 4.0025
8531 11.6243
8532 38.2878
8533 0.6713
8534 2.5722
8535 3.3954
8536 1.7934
8537 10.6545
8538 3.5929
8539 3.7091
8540 4.0891
8541 11.3063
8542 9.8933
8543 0.5799
8544 34.9341
8545 29.6419
8546 0.6436
8547 15.6134
8548 3.1431
8549 1.1945
8550 1.3171
8551 0.5442
8552 1.3675
8553 1.7970
8554 3.2531
8555 0.7262
8556 1.2395
8557 0.8397
8558 21.6067
8559 19.0378
8560 3.3273
8561 10.4301
8562 37.2287
8563 1.1558
8564 2.8336
8565 3.8123
8566 1.4089
8567 3.6931
8568 2.1042
8569 3.8030
8570 2.0557
8571 0.5805
8572 15.6367
8573 1.2651
8574 0.3949
8575 0.4541
8576 21.2894
8577 0.6343
8578 2.0784
8579 11.7444
8580 2.0124
8581 1.2604
8582 30.9008
8583 19.8717
8584 5.9777
8585 2.2958
8586 2.3865
8587 1.6139
8588 6.8227
8589 24.6447
8590 12.3289
8591 4.1675
8592 0.3860
8593 1.9847
8594 0.5756
8595 0.9346
8596 0.5390
8597 38.3216
8598 2.3221
8599 1.7490
8600 0.5209
8601 1.2861
8602 18.9321
8603 1.0432
8604 3.8796
8605 11.3022
8606 13.3055
8607 15.0540
8608 11.5754
8609 2.2220
8610 3.6330
8611 1.6117
8612 1.1380
8613 0.4554
8614 0.5722
8615 15.2123
8616 15.3849
8617 12.9546
8618 0.4227
8619 18.1747
8620 4.4744
8621 15.5612
8622 0.3507
8623 8.7709
8624 29.9920
8625 2.6378
8626 1.2674
8627 46.1565
8628 2.0357
8629 11.9914
8630 14.0572
8631 2.9300
8632 7.4328
8633 0.8206
8634 8.6950
8635 1.7290
8636 4.6458
8637 51.7135
8638 21.7036
8639 1.6500
8640 11.1334
8641 9.9552
8642 0.6980
8643 1.4746
8644 21.2414
8645 5.2016
8646 2.3752
8647 10.6934
8648 2.6619
8649 37.9820
8650 1.3287
8651 0.8376
8652 4.1761
8653 0.3794
8654 1.3452
8655 0.2401
8656 1.0020
8657 29.0300
8658 4.4228
8659 7.1045
8660 22.9673
8661 1.9821
8662 11.4989
8663 0.6828
8664 9.0898
8665 4.9188
8666 2.2817
8667 2.8598
8668 7.5666
8669 2.0421
8670 14.4897
8671 12.0186
8672 14.7590
8673 0.6440
8674 5.7980
8675 8.4254
8676 10.3143
8677 1.4630
8678 3.1890
8679 1.9817
8680 15.4112
8681 3.7779
8682 37.8922
8683 3.9791
8684 2.3121
8685 15.7979
8686 3.1272
8687 1.1659
8688 4.8771
8689 1.6861
8690 0.6090
8691 1.6585
8692 13.6417
8693 2.4150
8694 3.3959
8695 10.7179
8696 6.4272
8697 6.6258
8698 19.5462
8699 39.6696
8700 7.3226
8701 3.3734
8702 4.7076
8703 5.2147
8704 2.3276
8705 17.2464
8706 6.6921
8707 7.1432
8708 20.2639
8709 9.9637
8710 12.9469
8711 0.7297
8712 22.7748
8713 9.5805
8714 6.3498
8715 23.5308
8716 19.2938
8717 5.2186
8718 0.9559
8719 35.3093
8720 27.8120
8721 9.4137
8722 1.3314
8723 14.2542
8724 9.4127
8725 6.8958
8726 1.3190
8727 0.9577
8728 13.5576
8729 14.5800
8730 6.1762
8731 15.2792
8732 19.7216
8733 6.6401
8734 7.8156
8735 1.4113
8736 0.5360
8737 8.6341
8738 6.1598
8739   NaN
8740 2.7056
8741 1.2859
8742 0.9143
8743 9.1375
8744 17.5741
8745 1.1289
8746 25.0880
8747 3.3743
8748 0.4848
8749 16.9722
8750 3.8563
8751 11.2177
8752 45.1465
8753 4.7208
8754 3.3983
8755 0.7431
8756 20.8614
8757 0.4508
8758 16.6171
8759 1.8291
8760 33.0856
8761 1.4795
8762 2.4285
8763 1.4927
8764 1.0201
8765 4.8664
8766 15.1607
8767 0.4782
8768 16.9727
8769 4.5292
8770 2.3926
8771 29.4465
8772 10.2230
8773 1.3805
8774 4.1133
8775 35.6841
8776 1.3469
8777 3.6778
8778 1.0960
8779 1.5000
8780 0.3570
8781 13.2058
8782 15.0591
8783 7.3832
8784 39.9285
8785 2.7081
8786 1.1871
8787 41.3916
8788 3.5826
8789 18.5600
8790 9.0036
8791 34.0038
8792 3.5295
8793 6.1282
8794 11.5698
8795 1.7291
8796 0.8351
8797 4.3501
8798 9.8794
8799 1.3750
8800 15.2900
8801 21.4179
8802 0.5397
8803 0.4290
8804   NaN
8805 1.7574
8806 1.1756
8807 3.0898
8808 18.7673
8809 4.1317
8810 3.6203
8811 8.2910
8812 4.2638
8813 2.8354
8814 0.9376
8815 5.6249
8816 0.3698
8817 0.7333
8818 9.1675
8819 2.3375
8820 1.3184
8821 1.8342
8822 1.5501
8823 13.4154
8824 5.5462
8825 6.6693
8826 0.6621
8827 18.8610
8828 6.9630
8829 2.7244
8830 2.6676
8831 21.4094
8832 2.5758
8833 3.3095
8834 12.2075
8835 4.4624
8836 1.1915
8837 0.8316
8838 2.3578
8839 7.5205
8840 2.0336
8841 1.7158
8842 12.4125
8843 30.3098
8844 22.0667
8845 2.3938
8846 5.0710
8847 0.8710
8848 0.7330
8849 0.3517
8850 0.9224
8851 4.9372
8852 2.6472
8853 1.1033
8854 0.4983
8855 14.1629
8856 2.3979
8857 1.0961
8858 5.5817
8859 22.1576
8860 37.5632
8861 2.2867
8862 3.1692
8863 2.2406
8864 2.9530
8865 10.1380
8866 8.1309
8867 21.3013
8868 2.9398
8869 14.1343
8870 2.9464
8871 1.2255
8872 3.6847
8873 1.7950
8874 17.9715
8875 12.9379
8876 2.4731
8877 4.3788
8878 3.3541
8879 7.1615
8880 8.7476
8881 0.1716
8882 2.8510
8883 1.3646
8884 4.9258
8885 20.6224
8886 2.8296
8887 21.2314
8888 12.4444
8889 0.3570
8890 11.6311
8891 1.9984
8892 1.2329
8893 20.2151
8894 0.8004
8895 5.7962
8896 21.6952
8897 3.2628
8898 46.8460
8899 2.1656
8900 1.1789
8901 4.9738
8902 8.4816
8903 0.4123
8904 0.3473
8905 3.3279
8906 0.9483
8907 1.1034
8908 7.4913
8909 6.3803
8910 5.6813
8911 4.9461
8912 12.0919
8913 2.4731
8914 0.6247
8915 0.6740
8916 18.5504
8917 14.3148
8918 0.7602
8919 20.9856
8920 12.9159
8921 1.2440
8922 1.4112
8923 1.3690
8924 17.2518
8925 4.3447
8926 17.5958
8927 18.7394
8928 9.2238
8929 0.9737
8930 7.9229
8931 20.9933
8932 5.8128
8933 1.8602
8934 29.7954
8935 6.7876
8936 27.7340
8937 0.5059
8938 1.7375
8939 4.1021
8940 14.2579
8941 1.7595
8942 11.2750
8943 0.6705
8944 1.1476
8945 2.5892
8946 6.3656
8947 3.9240
8948 2.2220
8949 23.6627
8950 9.3008
8951 1.1484
8952 2.5908
8953 11.6770
8954 3.1119
8955 25.3607
8956 18.1160
8957 4.3817
8958 0.3930
8959 2.2104
8960 2.6490
8961 10.0543
8962 12.6514
8963 11.8615
8964 6.0214
8965 1.2890
8966 24.6370
8967 13.0480
8968 4.4597
8969 13.4225
8970 50.2459
8971 2.0635
8972 32.5451
8973 0.3821
8974 1.4811
8975 37.0039
8976 13.8796
8977 2.0087
8978 0.9572
8979 3.6915
8980 4.1142
8981 20.5058
8982 3.1597
8983 20.5513
8984 1.9864
8985 5.7747
8986 20.9156
8987 0.3058
8988 7.2636
8989 0.8528
8990 16.0865
8991 20.1391
8992 0.6308
8993 9.5277
8994 40.4602
8995 0.3889
8996 13.3021
8997 2.7346
8998 30.4517
8999 24.5348
9000 1.9924
9001 6.6909
9002 1.6096
9003 24.6534
9004 3.4157
9005 0.3423
9006 29.6204
9007 3.0435
9008 9.5045
9009 2.3496
9010 1.2729
9011 30.1076
9012 23.4961
9013 3.2672
9014 2.3833
9015 5.4420
9016 1.5757
9017 1.1910
9018 8.3827
9019 1.5065
9020 1.2362
9021 1.9987
9022 4.8767
9023 1.7495
9024 23.8051
9025 7.1933
9026 19.3487
9027 0.2220
9028 3.6382
9029 2.9045
9030 24.4867
9031 15.2782
9032 23.0043
9033 2.5308
9034 2.2948
9035 5.3611
9036 0.6653
9037 4.1693
9038 1.2725
9039 2.9211
9040 2.0177
9041 2.6281
9042 33.9039
9043 1.9837
9044 0.5925
9045 3.8299
9046 0.9269
9047 4.0337
9048 12.5924
9049 36.8008
9050 2.3542
9051 13.8591
9052 6.6394
9053 7.6018
9054 23.7300
9055 2.4918
9056 2.0158
9057 13.3614
9058 2.5425
9059 3.1393
9060 18.8224
9061 0.7180
9062 1.0629
9063 13.5492
9064 20.0630
9065 3.9111
9066 1.5482
9067 0.7485
9068 5.5737
9069 4.9737
9070 44.7916
9071 3.0121
9072 27.2466
9073 0.9617
9074 19.2987
9075 3.5162
9076 2.9233
9077 4.1091
9078 0.8839
9079 2.6405
9080 0.4665
9081 9.7319
9082 4.1831
9083 5.5896
9084 30.2725
9085 2.7012
9086 5.5134
9087 18.4029
9088 12.6897
9089 10.2871
9090 0.1934
9091 10.3257
9092 1.1012
9093 6.7028
9094 0.4410
9095 3.1051
9096 3.2583
9097 3.6598
9098 13.1204
9099 2.5348
9100 2.2274
9101 9.2433
9102 24.8744
9103 2.1769
9104 7.1056
9105 4.2777
9106 1.4064
9107 2.3893
9108 4.9346
9109 0.2855
9110 0.7573
9111 10.9752
9112 18.0554
9113 2.3454
9114 2.1033
9115 1.8998
9116 18.1572
9117 3.8855
9118 3.4092
9119 4.6755
9120 3.8298
9121 0.3549
9122 1.0807
9123 1.4959
9124 2.0973
9125 1.1738
9126 6.3736
9127 11.0004
9128 5.6129
9129 10.1216
9130 1.4738
9131 0.7350
9132 1.8017
9133 16.4843
9134 1.8758
9135 2.2337
9136 5.3639
9137 0.5736
9138 9.9998
9139 1.4877
9140 24.5267
9141 22.8374
9142 14.0359
9143 2.4891
9144 0.3807
9145 12.7917
9146 0.3497
9147 2.7298
9148 2.8889
9149 4.3009
9150 3.2089
9151 1.2131
9152 40.0687
9153 0.7699
9154 9.5984
9155 29.3633
9156 0.4870
9157 1.9193
9158 3.0561
9159 2.5597
9160 11.3271
9161 1.3111
9162 1.8763
9163 14.8725
9164 21.0973
9165 6.6658
9166 5.4123
9167 8.5202
9168 3.5685
9169 1.0065
9170 2.5221
9171 2.0050
9172 1.3103
9173 0.8549
9174 5.3879
9175 3.3135
9176 3.7501
9177 3.3505
9178 4.9119
9179 2.7759
9180 0.6130
9181 1.5046
9182 1.4046
9183 27.9105
9184 9.6714
9185 2.7475
9186 2.5057
9187 0.6673
9188 19.6977
9189 22.3062
9190 1.2287
9191 5.2523
9192 7.7692
9193 6.2200
9194 1.8772
9195 1.5106
9196 1.9898
9197 3.1329
9198 29.7055
9199 1.1797
9200 6.2530
9201 3.4093
9202 0.5767
9203 20.7481
9204 8.2216
9205 8.4347
9206 8.9553
9207 1.1109
9208 16.9218
9209 1.8639
9210 2.1773
9211 1.2037
9212 11.2332
9213 22.8737
9214 7.5288
9215 1.4554
9216 5.7184
9217 2.2855
9218 0.2602
9219 14.2059
9220 0.6812
9221 2.7866
9222 7.8706
9223 5.3832
9224 0.8896
9225 2.6151
9226 3.1293
9227 39.5575
9228 2.6195
9229 0.9478
9230 11.2828
9231 5.0977
9232 32.6590
9233 1.2911
9234 3.9747
9235 7.5942
9236 4.6819
9237 8.6298
9238 11.7473
9239 2.0120
9240 6.2859
9241 1.3384
9242 19.6376
9243 12.8775
9244 4.3367
9245 25.5095
9246 5.2395
9247 0.6589
9248 0.7945
9249 5.2543
9250 5.6353
9251 11.2663
9252 6.2031
9253 2.7089
9254 3.1384
9255 0.2635
9256 2.0143
9257 11.0732
9258 2.2379
9259 1.3700
9260 6.9422
9261 24.1600
9262 23.7612
9263 4.7753
9264 17.2974
9265 11.3675
9266 1.9935
9267 12.6433
9268 11.6527
9269 20.5417
9270 2.1706
9271 1.9998
9272 9.0389
9273 3.7053
9274 2.8664
9275 30.6762
9276 43.3098
9277 3.6422
9278 0.8426
9279 33.6704
9280 6.4605
9281 30.7638
9282 5.4106
9283 23.4324
9284 1.2566
9285 3.3425
9286 0.2196
9287 2.0110
9288 13.8677
9289 0.8508
9290 15.8420
9291 0.4439
9292 11.1931
9293 1.8169
9294 15.3157
9295 0.5068
9296 2.4800
9297 2.8549
9298 0.5529
9299 6.2832
9300 0.8757
9301 1.7059
9302 16.1059
9303 20.0096
9304 1.2844
9305 0.9184
9306 21.6641
9307 0.1638
9308 6.1846
9309 2.7326
9310   NaN
9311 0.3114
9312 2.6002
9313 2.5010
9314 0.6052
9315 6.1321
9316 2.1411
9317 0.0898
9318 6.3908
9319 6.3986
9320 32.8871
9321 11.5403
9322 4.2761
9323 1.4330
9324 0.5197
9325 4.1591
9326 2.7729
9327 0.9605
9328 11.4979
9329 13.3393
9330 0.9872
9331 17.3202
9332 45.7601
9333 18.8052
9334 1.1854
9335 2.2022
9336 26.2927
9337 16.4230
9338 1.6383
9339 1.5964
9340 7.7540
9341 1.2548
9342 0.3631
9343 7.9131
9344 18.7080
9345 1.4695
9346 20.1247
9347 14.1205
9348 31.7815
9349 48.3029
9350 3.9441
9351 0.6549
9352 1.4711
9353 0.4341
9354 5.8832
9355 6.3596
9356 0.6540
9357 5.2413
9358 21.3993
9359 5.8016
9360 10.9031
9361 4.1851
9362 3.8660
9363 4.4126
9364 24.9793
9365 0.8851
9366 0.7529
9367 16.8991
9368 9.2799
9369 10.3883
9370 3.2357
9371 18.5843
9372 2.4472
9373 1.3705
9374 3.0333
9375 0.4062
9376 1.6238
9377 0.8526
9378 3.7573
9379 0.8765
9380 2.1376
9381 20.8209
9382 6.3608
9383 5.9122
9384 2.1152
9385 12.3037
9386 1.2909
9387 0.8595
9388 18.0379
9389 32.4663
9390 5.5365
9391 0.6528
9392 17.8323
9393 7.2822
9394 5.5182
9395 7.1997
9396 2.6227
9397 16.0130
9398 1.8616
9399 20.4137
9400 0.7078
9401 46.6316
9402 1.7791
9403 1.5644
9404 7.4734
9405 7.1600
9406 0.5149
9407 17.7330
9408 0.6062
9409 1.4926
9410 3.1254
9411 2.2916
9412 1.4259
9413 1.6298
9414 3.9988
9415 1.6487
9416 12.7883
9417 2.0543
9418 2.1344
9419 1.6125
9420 17.2440
9421 2.1951
9422 19.3776
9423 0.7492
9424 2.1094
9425 10.7195
9426 36.5783
9427 39.8173
9428 4.8904
9429 1.9501
9430 2.8304
9431 0.7353
9432 3.1151
9433 30.2073
9434 1.3703
9435 2.0356
9436 8.0738
9437 4.2887
9438 12.1806
9439 25.6319
9440 0.7974
9441 21.3520
9442 7.0470
9443 2.0505
9444 1.2666
9445 8.9730
9446 6.0908
9447 1.3365
9448 27.2008
9449 2.5069
9450 2.1395
9451 8.9250
9452 3.6893
9453 44.7081
9454 2.4914
9455 1.4422
9456 4.4444
9457 18.5708
9458 14.5659
9459 1.2119
9460 2.7694
9461 18.5308
9462 2.1295
9463 9.7428
9464 1.1369
9465 3.1522
9466 3.2180
9467 0.7153
9468 2.4273
9469 1.7984
9470 4.8431
9471 1.9399
9472 2.3019
9473 1.1715
9474 8.6810
9475 7.4766
9476 29.8393
9477 2.0595
9478 1.3215
9479 7.2860
9480 1.2001
9481 0.3374
9482 0.7623
9483 1.8293
9484 3.5196
9485 7.7326
9486 1.5837
9487 3.0967
9488 0.9760
9489 0.8389
9490 2.2574
9491 7.1449
9492 6.8994
9493 2.7972
9494 3.0535
9495 5.0394
9496 18.7378
9497 26.0424
9498 9.3588
9499 24.3342
9500 15.2961
9501 7.2243
9502 0.6573
9503 6.6976
9504 1.3583
9505 4.8057
9506 3.5894
9507 1.6716
9508 5.8939
9509 7.6789
9510 20.6251
9511 4.0503
9512 2.1738
9513 16.0109
9514 1.9073
9515 0.1168
9516 12.8430
9517 11.9360
9518 2.2896
9519 14.9404
9520 12.1408
9521 6.8910
9522 1.3575
9523 0.9119
9524 2.2194
9525 2.0945
9526 6.8953
9527 1.3204
9528 0.7979
9529 1.3286
9530 4.9433
9531 5.8508
9532 43.0632
9533 31.9152
9534 8.6306
9535 2.0067
9536 6.3652
9537 10.1159
9538 5.8558
9539 0.3825
9540 0.1770
9541 22.9285
9542 1.1363
9543 1.3253
9544 3.8054
9545 5.4308
9546 0.4157
9547 41.9797
9548 1.2347
9549 1.9274
9550 16.8659
9551 2.7021
9552 15.4659
9553 17.3170
9554 2.1518
9555 2.2807
9556 12.0900
9557 15.7207
9558 3.8730
9559 18.9368
9560 19.2737
9561 0.6804
9562 1.9801
9563 4.0420
9564 5.1433
9565 12.6373
9566 2.9666
9567 4.0532
9568 0.8599
9569 6.9044
9570 3.3173
9571 2.7855
9572 12.8039
9573 3.8990
9574 23.1148
9575 0.4433
9576 4.7008
9577 1.9546
9578 2.0933
9579 2.7995
9580 11.6788
9581 25.4304
9582 13.6653
9583 3.1321
9584 13.1200
9585 30.0034
9586 33.0702
9587 2.9750
9588 13.9427
9589 18.3224
9590 10.3338
9591 2.8439
9592 0.5614
9593 0.6424
9594 0.6811
9595 1.0496
9596 3.4898
9597 3.3203
9598 1.5909
9599 19.9542
9600 0.7823
9601 3.5898
9602 5.5779
9603 3.0556
9604 24.1573
9605 1.0687
9606 5.6291
9607 2.5564
9608 6.7566
9609 0.4923
9610 1.3049
9611 8.4732
9612 3.6974
9613 0.7284
9614 2.4961
9615 2.1166
9616 13.4238
9617 65.9464
9618 33.2298
9619 16.5442
9620 5.7137
9621 13.5303
9622 2.1031
9623 0.9332
9624 9.4473
9625 4.1830
9626 9.8238
9627 1.4617
9628 19.0788
9629 26.8817
9630 2.1276
9631 0.5696
9632 7.6313
9633 10.5033
9634 4.6438
9635 15.4100
9636 5.8000
9637 13.5066
9638 1.8259
9639 3.4288
9640 17.5247
9641 17.2375
9642 3.6873
9643 1.2977
9644 1.8477
9645 0.4404
9646 0.3523
9647 14.6211
9648 26.5008
9649 3.4175
9650 0.6361
9651 0.4605
9652 5.7581
9653 32.4676
9654 3.6089
9655 5.5034
9656 3.6901
9657 1.3522
9658 6.3306
9659 0.2768
9660 1.5949
9661 0.3793
9662 7.2135
9663 2.2673
9664 1.2594
9665 1.0168
9666 0.6450
9667 6.3546
9668 1.2980
9669 38.6552
9670 15.1235
9671 16.1942
9672 5.9796
9673 5.7577
9674 47.5315
9675 3.1013
9676 0.8148
9677 1.6527
9678 7.6859
9679 1.8038
9680 46.8513
9681 1.0046
9682 4.5165
9683 33.1628
9684 1.6685
9685 49.8235
9686 50.5473
9687 2.0327
9688 3.6564
9689 18.0386
9690 0.8178
9691 1.5001
9692 3.4291
9693 8.5680
9694 14.6942
9695 12.3276
9696 22.3971
9697 20.6462
9698 47.2220
9699 7.2961
9700 5.2388
9701 2.5454
9702 3.8197
9703 1.0500
9704 1.1331
9705 20.7373
9706 0.5927
9707 2.6942
9708 49.4762
9709 0.9686
9710 7.4764
9711 0.1181
9712 4.8223
9713 9.0007
9714 5.3435
9715 19.7052
9716 6.6498
9717 0.8695
9718 10.5719
9719 6.0614
9720 2.0329
9721 1.9718
9722 1.3341
9723 21.0410
9724 0.6904
9725 13.9626
9726 41.4480
9727 8.2114
9728 1.3487
9729 6.0228
9730 0.4625
9731 25.8558
9732 1.0521
9733 2.4150
9734 22.8058
9735 4.0616
9736 1.4648
9737 0.7368
9738 16.3076
9739 1.5698
9740 0.7621
9741 2.0909
9742 2.9096
9743 9.4749
9744 1.1634
9745 1.8329
9746 13.0047
9747 6.3147
9748 4.8028
9749 1.2377
9750 0.9700
9751 1.6051
9752 1.2867
9753 0.1151
9754 7.1472
9755 21.9162
9756 3.3230
9757 16.1938
9758 2.3320
9759 16.5384
9760 4.4090
9761 0.1142
9762 17.1641
9763 9.5161
9764 47.8698
9765 15.4495
9766 1.8428
9767 5.0159
9768 2.7041
9769 0.5520
9770 0.1103
9771 6.5416
9772 0.9476
9773 4.0184
9774 54.8078
9775 22.2936
9776 28.9206
9777 2.2206
9778 20.9061
9779 6.0279
9780 32.7009
9781 0.5794
9782 0.6435
9783 1.5823
9784 5.6169
9785 3.2470
9786 1.6648
9787 2.8399
9788 6.4228
9789 4.1840
9790 3.3461
9791 16.0092
9792 0.7568
9793 0.9701
9794 20.4963
9795 20.5237
9796 0.4899
9797 0.8076
9798 2.2588
9799 15.1990
9800 2.1211
9801 7.7472
9802 4.2975
9803 0.1495
9804 19.1302
9805 2.5594
9806 9.0683
9807 13.6801
9808 13.0173
9809 15.5247
9810 1.7299
9811 2.7319
9812 1.4175
9813 3.7170
9814 0.5250
9815 0.8082
9816 0.9366
9817 0.7750
9818 4.3544
9819 3.5835
9820 2.5076
9821 58.4227
9822 19.3502
9823 4.7121
9824 8.1299
9825 24.5812
9826 3.8027
9827 14.1549
9828 4.3376
9829 7.4603
9830 1.0115
9831 2.7701
9832 1.9017
9833 26.0398
9834 9.5771
9835 11.9070
9836 3.8480
9837 6.2249
9838 1.6896
9839 1.9112
9840 1.1416
9841 5.5102
9842 1.9593
9843 5.7648
9844 27.3592
9845 38.6887
9846 31.5840
9847 1.6708
9848 19.9373
9849 6.8920
9850 0.3981
9851 29.6016
9852 6.2084
9853 8.0701
9854 1.8620
9855 0.7880
9856 13.8602
9857 8.3937
9858 5.0186
9859 3.2345
9860 12.5230
9861 0.9331
9862 2.4946
9863 2.0323
9864 22.2229
9865 19.4992
9866 1.9339
9867 8.4466
9868 1.3642
9869 3.0306
9870 10.8619
9871 33.3885
9872 3.7160
9873 10.3692
9874 5.9284
9875 6.1005
9876 0.3539
9877 1.4326
9878 0.8690
9879 25.6035
9880 4.2291
9881 3.2251
9882 4.8751
9883 8.6663
9884 1.1352
9885 3.6656
9886 12.8403
9887 1.5686
9888 1.9728
9889 52.3784
9890 9.9002
9891 1.3734
9892 4.7631
9893 3.3445
9894 11.5682
9895 12.6498
9896 23.3607
9897 5.8636
9898 1.0305
9899 1.5280
9900 1.5368
9901 2.6755
9902 2.3205
9903 3.8126
9904 0.8572
9905 1.6640
9906 1.4126
9907 1.2075
9908 12.5006
9909 5.2584
9910 3.8398
9911 1.2474
9912 0.9345
9913 2.3925
9914 11.4719
9915 9.4497
9916 2.0374
9917 8.9459
9918 17.8559
9919 50.8097
9920 1.9846
9921 1.0457
9922 21.0930
9923 1.1328
9924 0.6275
9925 1.5927
9926 2.8636
9927 1.3262
9928 1.5407
9929 1.7240
9930 7.9978
9931 0.4617
9932 0.1725
9933 14.7021
9934 3.6760
9935 5.2895
9936 8.0802
9937 19.7795
9938 0.3706
9939 11.8951
9940   NaN
9941 4.3616
9942 20.6299
9943 4.8703
9944 13.5613
9945 0.7573
9946 12.0503
9947 17.2226
9948 3.0878
9949 17.3401
9950 6.1035
9951 3.7440
9952 9.1548
9953 0.9061
9954 16.7366
9955 1.5448
9956 2.3245
9957   NaN
9958 7.2721
9959 0.3732
9960 37.2802
9961 25.7357
9962 1.8825
9963 12.6776
9964 11.1787
9965 5.2073
9966 2.6675
9967 10.0329
9968 1.6464
9969 8.1542
9970 29.3493
9971 2.9510
9972 3.5197
9973 0.2300
9974 4.5523
9975 10.2401
9976 1.2462
9977 2.4594
9978 4.4909
9979 19.6059
9980 6.2951
9981 14.7110
9982 5.7447
9983 12.4611
9984 1.1728
9985 1.5263
9986 10.0507
9987 5.2268
9988 4.8439
9989 0.5150
9990 31.9219
9991 0.4504
9992 4.1132
9993 16.5875
9994 2.1011
9995 6.5703
9996 0.6074
9997 13.1294
9998 48.8483
9999 1.5818
10000 0.7743
