7501 0.2773
7502 0.2083
7503 2.2272
7504 2.1903
7505 2.1036
7506 0.4949
7507 0.4055
7508 0.4580
7509 0.5570
7510 1.1999
7511 1.7299
7512 0.3769
7513 1.2497
7514 0.7588
7515 0.8660
7516 1.9515
7517 1.0089
7518 0.2334
7519 1.7268
7520 3.1938
7521 0.8008
7522 0.9636
7523 0.4695
7524 0.6624
7525 1.8770
7526 1.1161
7527 1.1245
7528 1.2562
7529 1.0835
7530 0.3019
7531 1.4158
7532 0.6628
7533 0.7003
7534 0.4752
7535 1.6263
7536 2.0859
7537 0.7437
7538 2.3050
7539 0.4269
7540 2.0302
7541 1.3493
7542 1.8968
7543 0.6496
7544 1.1410
7545 0.3090
7546 0.3745
7547 1.0216
7548 0.1317
7549 1.3495
7550 4.0866
7551 0.1245
7552 0.3861
7553 1.6865
7554 0.7062
7555 1.3828
7556 6.0829
7557 1.4710
7558 2.7646
7559 0.1554
7560 0.1340
7561 0.8216
7562 10.0614
7563 1.5951
7564 0.5838
7565 0.4214
7566 1.0197
7567 0.4971
7568 0.3464
7569 0.8739
7570 0.8602
7571 0.3171
7572 1.5744
7573 1.3356
7574 0.1157
7575 0.5020
7576 0.4395
7577 1.4078
7578 0.3350
7579 1.4817
7580 0.3159
7581 0.4624
7582 0.8508
7583 0.9221
7584 0.6308
7585 0.1578
7586 1.9786
7587 6.6947
7588 0.2708
7589 0.5063
7590 0.1948
7591 3.3765
7592 0.2734
7593 0.5692
7594 1.4124
7595 0.4209
7596 0.0808
7597 1.5552
7598 0.3114
7599 1.3454
7600 0.8373
7601 0.9692
7602 0.4586
7603 0.0874
7604 1.3723
7605 0.9030
7606 0.1439
7607 0.2121
7608 0.1188
7609 1.0282
7610 1.0641
7611 0.5498
7612 2.1045
7613 0.2182
7614 0.4338
7615 0.7598
7616 1.9234
7617 0.9592
7618 0.1362
7619 5.3571
7620 0.9314
7621 1.2359
7622 1.6330
7623 0.3870
7624 0.6358
7625 0.3276
7626 0.2591
7627 0.1622
7628 2.1781
7629 0.3265
7630 1.6027
7631 1.4400
7632 1.3377
7633 1.1661
7634 0.1373
7635 0.3055
7636 6.7654
7637 0.1336
7638 2.9880
7639 0.4278
7640 0.1214
7641 5.4177
7642 0.1465
7643 0.3818
7644 0.7082
7645 0.3992
7646 1.4934
7647 1.5041
7648 0.5065
7649 2.2237
7650 0.1585
7651 0.6527
7652 0.4039
7653 1.3836
7654 0.3789
7655 0.8582
7656 0.2914
7657 0.6580
7658 0.5362
7659 0.2979
7660 0.1298
7661 0.4228
7662 0.4719
7663 0.1094
7664 3.8159
7665 0.9021
7666 2.5323
7667 1.7479
7668 0.8106
7669 1.7887
7670 0.1428
7671 0.7082
7672 0.7808
7673 2.6481
7674 0.3810
7675 0.3694
7676 0.8228
7677 1.9262
7678 0.4292
7679 0.3269
7680 0.7751
7681 1.2787
7682 0.1995
7683 0.4326
7684 2.4064
7685 0.9615
7686 5.6645
7687 1.1876
7688 0.7734
7689 0.4264
7690 3.3066
7691 0.4077
7692 3.8211
7693 0.3119
7694 4.6577
7695 3.5476
7696 0.9432
7697 0.1390
7698   NaN
7699 0.9725
7700 0.3979
7701 0.3148
7702 0.3887
7703 2.6485
7704 0.6051
7705 0.1152
7706 0.3666
7707 1.7521
7708 0.7398
7709 0.8152
7710 1.4130
7711 9.1354
7712 1.4225
7713 0.3872
7714 1.2544
7715 1.7332
7716 1.6251
7717 2.1054
7718 0.1357
7719 1.0524
7720 0.2305
7721 0.9431
7722 0.4386
7723 1.4208
7724 0.5978
7725 1.5053
7726 1.1600
7727 1.7606
7728 1.8380
7729 0.3689
7730 1.2214
7731 1.8094
7732 2.2731
7733 0.9989
7734 3.5766
7735 1.0286
7736 1.3245
7737 0.5546
7738 1.3742
7739 0.2283
7740 0.3231
7741 0.7134
7742 0.1461
7743 0.8427
7744 2.6849
7745 0.9159
7746 10.7655
7747 0.3992
7748 0.5204
7749 0.5701
7750 0.3327
7751 0.3696
7752 0.7687
7753 1.1119
7754 1.0791
7755 0.3925
7756 1.1648
7757 1.0046
7758 0.8039
7759 0.6194
7760 0.3736
7761 4.2315
7762 2.0866
7763 0.6282
7764 0.5777
7765 0.5976
7766 0.5859
7767 3.0268
7768 0.0765
7769 0.3694
7770 2.4282
7771 0.3369
7772 1.1963
7773 0.6034
7774 3.2035
7775 0.2350
7776 0.5167
7777 0.2231
7778 0.5990
7779 0.4511
7780 0.5640
7781 0.7376
7782 1.5395
7783 0.2560
7784 0.8059
7785 1.0395
7786 0.9466
7787 2.4061
7788 1.4278
7789 0.4519
7790 0.2078
7791 1.0838
7792 2.3804
7793 1.0631
7794 0.5618
7795 0.7196
7796 1.9213
7797 0.9575
7798 0.7077
7799 0.2419
7800 2.4678
7801 0.2088
7802 0.5389
7803 1.2907
7804 0.3133
7805 0.6375
7806 3.0658
7807 1.1498
7808 4.6123
7809 0.7794
7810 1.6606
7811 0.8376
7812 0.3837
7813 0.4518
7814 0.3927
7815 0.8426
7816 0.4624
7817 2.3642
7818 0.3615
7819 0.1942
7820 0.4502
7821 0.5050
7822 1.1418
7823 0.7283
7824 1.0660
7825 0.5111
7826 0.1763
7827 0.3868
7828 0.5890
7829 0.1152
7830 0.4419
7831 0.0919
7832 1.2470
7833 1.3188
7834 0.6156
7835 2.3317
7836 2.6446
7837 6.9863
7838 0.1392
7839 2.0468
7840 0.7255
7841 0.3816
7842 0.9740
7843 13.1819
7844 0.1015
7845 1.8016
7846 0.6599
7847 0.7776
7848 0.1515
7849 0.2932
7850 1.7993
7851 0.7877
7852 0.3320
7853 1.1895
7854 6.2857
7855 3.1420
7856 0.2580
7857 1.0583
7858 0.4057
7859 3.7347
7860 2.3390
7861 0.8438
7862 4.6632
7863 0.5197
7864 0.8680
7865 0.4322
7866 2.9105
7867 1.0318
7868 0.1769
7869 0.2509
7870 0.2620
7871 3.7121
7872 0.3923
7873 1.7391
7874 1.1514
7875 0.7583
7876 5.7215
7877 0.6786
7878 1.1864
7879 0.4256
7880 0.9900
7881 2.4784
7882 0.5110
7883 0.4993
7884 0.3971
7885 4.3015
7886 0.3345
7887 0.2423
7888 0.2351
7889 2.1493
7890 0.7175
7891 0.6677
7892 0.4842
7893 0.3807
7894 1.8048
7895 0.3045
7896 0.7374
7897 0.7879
7898 7.1832
7899 0.3904
7900 2.3282
7901 0.2710
7902 3.7868
7903 0.1255
7904 0.4862
7905 1.3117
7906 0.4820
7907 0.1570
7908 0.1068
7909 1.0146
7910 0.3592
7911 1.6456
7912 0.4017
7913 0.9842
7914 0.4635
7915 0.1081
7916 1.0118
7917 0.8680
7918 0.1181
7919 3.5458
7920 1.0688
7921 0.0819
7922 1.0764
7923 1.2293
7924 0.4436
7925 2.3427
7926 1.0327
7927 2.3942
7928 1.9000
7929 0.3782
7930 0.5257
7931 0.3518
7932 1.0469
7933 0.6852
7934 3.6098
7935 0.3686
7936 2.3814
7937 0.9325
7938 0.7487
7939 5.0900
7940 0.3300
7941 1.1023
7942 0.3407
7943 0.1055
7944 0.9101
7945 0.6194
7946 0.4390
7947 3.1241
7948 0.5136
7949 1.1567
7950 0.5630
7951 1.3794
7952 0.1599
7953 0.7323
7954 0.2998
7955 0.1967
7956 0.2754
7957 2.0437
7958 0.6801
7959 2.1033
7960 0.4893
7961 2.0432
7962 0.8512
7963 0.8641
7964 1.7453
7965 0.3180
7966 0.9813
7967 0.5018
7968 0.3306
7969 0.7922
7970 0.2052
7971 0.3368
7972 1.6909
7973 0.4323
7974 0.2288
7975 0.5602
7976 0.1662
7977 0.9216
7978 3.1901
7979 0.3920
7980 1.0439
7981 0.9386
7982 0.6970
7983 0.1775
7984 1.1732
7985 0.4046
7986 0.2427
7987 0.6106
7988 1.6021
7989 0.1057
7990 0.4803
7991 0.4546
7992 0.3372
7993 2.0313
7994 0.5037
7995 1.5613
7996 1.1283
7997 0.4165
7998 3.0414
7999 0.3848
8000 0.4346
8001 0.3115
8002 0.6142
8003 1.4591
8004 1.2402
8005 0.3704
8006 0.9544
8007 0.6628
8008 1.0302
8009 0.7243
8010 0.6738
8011 1.3840
8012 0.3075
8013 0.4923
8014 0.4648
8015 1.3992
8016 11.0776
8017 0.5101
8018 0.4492
8019 0.2408
8020 0.3961
8021 1.8072
8022 0.4409
8023 1.4078
8024 0.2953
8025 0.3286
8026 0.3428
8027 11.6075
8028 0.4836
8029 2.1544
8030 2.8559
8031 0.2481
8032 1.1715
8033 0.4127
8034 1.3184
8035 0.8957
8036 0.5185
8037 1.2789
8038 1.4007
8039 2.5965
8040 0.5187
8041 0.7295
8042 0.7989
8043 0.8662
8044 0.5548
8045 0.6150
8046 1.9608
8047 2.3861
8048 0.3166
8049 0.4438
8050 0.1106
8051 0.2388
8052 1.1097
8053 1.0548
8054 2.8578
8055 1.1912
8056 2.9862
8057 0.1393
8058 0.5864
8059 1.0572
8060 0.7753
8061 1.1329
8062 0.6063
8063 0.3108
8064 0.3727
8065 1.4577
8066 0.4552
8067 3.0059
8068 0.4122
8069 1.0077
8070 0.7218
8071 0.3615
8072 0.5770
8073 0.3139
8074 0.3539
8075 0.7764
8076 0.5505
8077 2.1382
8078 0.1232
8079 0.7934
8080 1.0073
8081 2.0551
8082 0.1044
8083 1.7357
8084 7.4562
8085 1.4139
8086 0.4562
8087 1.5827
8088 0.3280
8089 0.2912
8090 0.4025
8091 0.3188
8092 0.2322
8093 0.7127
8094 0.1868
8095 0.1264
8096 0.5773
8097 2.0816
8098 0.1894
8099 0.1797
8100 1.1372
8101 1.3299
8102 2.4839
8103 1.1153
8104 0.8729
8105 2.2455
8106 0.3138
8107 0.3487
8108 1.1077
8109 0.8403
8110 0.2512
8111   NaN
8112 0.4860
8113 0.4957
8114 0.5703
8115 0.4660
8116 2.4060
8117 0.4953
8118 1.6999
8119 14.1332
8120 1.4738
8121 0.1440
8122 2.3246
8123 0.9520
8124 0.2333
8125 0.1354
8126 2.5547
8127 0.3698
8128 0.2068
8129 0.2657
8130 0.7914
8131 0.6496
8132 1.0409
8133 0.4350
8134 1.5394
8135 1.5987
8136 0.3388
8137 2.2674
8138 3.6365
8139 0.0772
8140 0.4296
8141 0.4187
8142 0.1288
8143 0.2874
8144 2.2295
8145 1.0612
8146 0.0735
8147 0.5107
8148 0.5817
8149 0.3598
8150 0.2150
8151 0.6924
8152 0.8075
8153 2.7060
8154 0.5861
8155 0.3007
8156 0.2563
8157 0.4227
8158 0.2464
8159 0.7793
8160 12.3507
8161 0.3832
8162 1.4351
8163 0.4718
8164 4.1147
8165 0.2632
8166 0.8196
8167 5.6661
8168 0.6826
8169 0.1333
8170 1.4646
8171 0.1574
8172 0.9758
8173 0.2797
8174 6.8580
8175 4.3719
8176 0.1614
8177 0.1830
8178 0.2551
8179 3.8365
8180 3.0160
8181 1.0834
8182 4.1695
8183 0.3934
8184 0.6724
8185 0.3192
8186 0.7318
8187 0.1668
8188 0.1944
8189 2.7908
8190 0.6892
8191 0.3652
8192 0.7904
8193 1.0221
8194 2.4266
8195 0.8754
8196 0.3269
8197 0.2956
8198 0.5129
8199 0.8277
8200 3.3102
8201 1.2381
8202 0.6962
8203 0.7878
8204 0.6981
8205 1.0793
8206 1.7795
8207 0.7585
8208 2.6583
8209 1.2652
8210 1.7824
8211 0.4177
8212 0.8215
8213 1.1172
8214 0.1133
8215 1.1942
8216 0.6963
8217 0.1776
8218 2.3152
8219 0.1476
8220 1.5598
8221 0.3298
8222 1.5832
8223 1.1758
8224 0.4372
8225 0.3382
8226 0.4197
8227 0.2997
8228 0.5868
8229 0.2330
8230 1.5743
8231 1.1845
8232 1.6813
8233 0.3300
8234 0.2793
8235 0.3025
8236 1.3666
8237 0.3905
8238 3.4758
8239 0.0957
8240 0.3236
8241 8.0748
8242 0.5323
8243 1.4040
8244 1.1755
8245 1.7085
8246 1.8331
8247 2.0538
8248 1.7388
8249 0.4380
8250 0.6583
8251 0.5893
8252 0.1643
8253 0.6029
8254 1.4955
8255 1.5322
8256 2.0384
8257 0.6066
8258 0.3249
8259 0.1048
8260 0.2721
8261 0.3495
8262 0.7470
8263 0.1448
8264 1.9270
8265 0.4170
8266 2.4076
8267 0.8452
8268 2.3402
8269 2.7429
8270 1.5717
8271 1.0262
8272 0.6757
8273 1.3217
8274 0.5675
8275 5.3114
8276 0.5088
8277 0.7226
8278 0.4900
8279 0.1713
8280 0.7113
8281 0.5924
8282 3.3875
8283 3.2278
8284 1.3688
8285 0.2061
8286 0.5112
8287 0.5971
8288 0.3649
8289 1.1870
8290 1.9738
8291 0.6688
8292 0.5918
8293 1.7833
8294 0.1324
8295 1.1972
8296 0.2122
8297 0.4333
8298 0.6551
8299 0.8505
8300 0.2572
8301 0.3812
8302 2.1664
8303 3.4914
8304 0.5478
8305 0.0843
8306 0.4400
8307 0.3343
8308 1.4085
8309 1.9922
8310 0.9900
8311 0.3551
8312 1.1375
8313 0.3466
8314 3.2314
8315 0.2504
8316 1.8313
8317 1.2997
8318 0.7797
8319 0.8389
8320 0.5093
8321 0.3905
8322 0.2098
8323 0.1152
8324 0.3862
8325 1.2560
8326 0.2762
8327 0.2978
8328 0.5229
8329 0.5123
8330 1.2566
8331 0.5587
8332 1.2473
8333 0.2975
8334 0.1528
8335 0.2319
8336 0.5135
8337 0.5730
8338 0.2211
8339 0.1071
8340 1.2595
8341 0.8581
8342 0.1526
8343 1.9604
8344 0.9329
8345 0.5627
8346 1.2728
8347 0.5560
8348 1.7025
8349 1.1654
8350 1.0991
8351 1.2125
8352 4.0482
8353 1.9815
8354 0.4497
8355 0.5004
8356 0.3598
8357 0.2916
8358 0.6620
8359 1.3049
8360 0.2738
8361 0.6092
8362 0.9489
8363 0.3940
8364 0.3918
8365 0.3606
8366 2.4613
8367 1.4300
8368 0.3272
8369 0.4802
8370 0.0792
8371 0.3206
8372 0.1802
8373 5.0629
8374 0.2187
8375 0.7257
8376 4.5516
8377 1.3667
8378 0.9042
8379 0.7318
8380 2.0922
8381 0.9937
8382 0.1816
8383 0.5949
8384 0.7941
8385 0.7551
8386 0.9470
8387 1.7689
8388 0.5427
8389 0.8497
8390 0.6637
8391 0.3361
8392 0.4474
8393 0.5099
8394 1.1767
8395 3.0160
8396 0.5864
8397 1.3321
8398 1.3111
8399 1.2989
8400 7.4833
8401 1.0825
8402 0.5083
8403 1.8577
8404 1.2893
8405 0.4633
8406 1.1212
8407 1.6802
8408 0.6811
8409 5.4111
8410 1.5110
8411 0.1272
8412 0.1614
8413 0.4244
8414 0.8150
8415 0.6733
8416 1.3345
8417 0.5815
8418 1.9882
8419 1.0822
8420 2.0927
8421 2.6103
8422 0.5915
8423 3.9220
8424 0.8350
8425 0.4808
8426 1.8590
8427 3.7247
8428 2.3728
8429 0.3160
8430 1.0595
8431 0.3004
8432 0.9454
8433 1.3199
8434 2.0708
8435 0.2989
8436 0.4783
8437 0.2427
8438 0.8653
8439 0.1027
8440 1.2344
8441 1.0438
8442 4.9855
8443 2.3179
8444 3.2458
8445 0.1167
8446 1.6249
8447 4.6533
8448 0.1750
8449 0.3398
8450 0.3114
8451 0.5074
8452 4.9828
8453 1.5894
8454 0.3629
8455 3.7178
8456 3.5280
8457 1.5937
8458 3.2977
8459 0.3847
8460 0.4035
8461 0.6636
8462 5.4294
8463 0.6814
8464 0.7392
8465 2.8807
8466 2.1721
8467 0.1841
8468 0.6521
8469 0.6464
8470 0.4947
8471 0.5056
8472 1.0162
8473 0.0840
8474 2.0760
8475 0.2974
8476 1.0506
8477 0.7105
8478 0.1567
8479 1.5085
8480 2.1898
8481 0.5108
8482 0.2487
8483 0.3901
8484 0.8132
8485 0.3022
8486 0.4967
8487 1.5167
8488 0.5871
8489 0.5163
8490 0.3455
8491 0.5709
8492 1.1234
8493 0.2176
8494 0.5881
8495 1.7376
8496 0.2118
8497 0.4590
8498 1.3146
8499 0.8150
8500 21.8660
8501 0.8212
8502 3.5146
8503 0.4515
8504 0.7447
8505 2.8162
8506 3.0442
8507 0.3695
8508 0.9898
8509 0.4528
8510 1.2611
8511 1.3163
8512 0.7916
8513 2.7879
8514 1.5676
8515 0.6077
8516 0.2588
8517 0.1181
8518 0.7807
8519 0.6872
8520 0.3583
8521 12.3403
8522 2.3193
8523 0.5198
8524 0.4119
8525 0.4254
8526 0.5694
8527 0.8554
8528 3.0267
8529 0.2036
8530 3.0636
8531 0.6592
8532 1.1161
8533 1.6009
8534 1.5894
8535 1.4788
8536 1.1567
8537 0.4418
8538 0.8762
8539 5.9624
8540 0.2207
8541 0.5921
8542 0.1746
8543 0.7214
8544 0.4786
8545 0.1339
8546 0.4384
8547 10.0739
8548 0.1002
8549 0.2562
8550 3.8185
8551 0.4296
8552 0.6011
8553 1.0809
8554 0.4316
8555 0.9259
8556 0.3688
8557 0.5695
8558 0.7221
8559 0.6969
8560 0.8776
8561 0.8595
8562 2.0592
8563 1.3878
8564 0.2684
8565 3.0725
8566 0.6760
8567 0.6369
8568 0.1684
8569 0.3250
8570 0.2380
8571 0.3304
8572 0.6949
8573 0.1488
8574 1.1269
8575 11.5153
8576 0.4381
8577 1.9882
8578 0.8477
8579 0.1504
8580 0.5007
8581 0.6753
8582 0.5943
8583 0.3570
8584 0.3030
8585 1.8833
8586 0.6079
8587 0.3257
8588 0.1925
8589 0.5691
8590 0.2576
8591 0.3682
8592 0.1476
8593 0.0799
8594 0.4988
8595 0.1488
8596 0.4362
8597 0.3303
8598 0.3340
8599 1.3016
8600 0.6715
8601 0.0886
8602 0.7149
8603 1.2767
8604 1.3215
8605 1.0190
8606 0.7291
8607 2.2645
8608 1.0679
8609 0.1010
8610 0.3984
8611 3.1038
8612 0.1958
8613 2.2223
8614 0.8130
8615 0.4212
8616 0.2517
8617 1.9125
8618 2.4480
8619 3.3038
8620 0.2424
8621 0.8429
8622 0.2591
8623 0.1376
8624 0.4897
8625 1.0549
8626 3.9154
8627 0.1167
8628 4.6594
8629 1.3160
8630 7.5900
8631 2.1860
8632 1.0636
8633 0.6518
8634 1.9090
8635 0.4025
8636 0.5931
8637 2.2880
8638 0.8725
8639 0.1240
8640 0.6688
8641 0.4725
8642 0.5827
8643 0.8124
8644 0.6531
8645 0.6592
8646 0.2579
8647 1.7842
8648 0.2935
8649 5.6308
8650 2.0909
8651 0.2228
8652 0.3562
8653 1.4995
8654 0.8738
8655 1.1018
8656 1.0981
8657 1.1730
8658 0.3834
8659 1.0821
8660 0.2924
8661 1.9295
8662 0.8430
8663 1.2011
8664 0.4603
8665 5.2975
8666 0.4246
8667 0.2606
8668 2.8948
8669 0.6527
8670 0.4854
8671 0.1130
8672 18.7621
8673 4.8620
8674 0.0939
8675 0.9687
8676 1.1278
8677 0.4877
8678 0.3352
8679 0.2400
8680 0.1763
8681 0.9852
8682 3.2873
8683 1.2987
8684 1.5744
8685 0.1851
8686 0.1683
8687 1.0932
8688 0.9647
8689 1.1058
8690 0.5948
8691 2.0952
8692 0.8017
8693 0.3833
8694 0.6077
8695 1.8833
8696 0.3403
8697 1.2962
8698 3.8566
8699 5.8707
8700 0.3486
8701 1.0834
8702 4.4277
8703 0.4085
8704 0.3083
8705 0.7081
8706 1.1936
8707 1.8012
8708 0.4233
8709 1.3126
8710 0.1400
8711 0.6322
8712 0.3101
8713 0.2484
8714 2.0997
8715 0.3498
8716 0.3728
8717 0.1292
8718 0.8331
8719 0.6549
8720 1.2762
8721 2.4822
8722 2.6692
8723 0.8317
8724 2.2947
8725 0.6634
8726 0.9745
8727 0.9045
8728 4.7135
8729 0.9344
8730 1.2307
8731 0.8453
8732 0.2244
8733 3.5159
8734 0.8779
8735 1.3660
8736 0.7272
8737 0.9260
8738 0.4046
8739 0.2055
8740 6.3365
8741 0.4576
8742 0.1052
8743 0.4153
8744 0.4291
8745 0.5916
8746 0.4704
8747 0.3358
8748 1.2685
8749 1.1712
8750 0.9269
8751 1.1514
8752 3.9017
8753 0.0947
8754 0.6502
8755 4.7489
8756 0.9254
8757 0.7642
8758 0.1969
8759 1.0393
8760 0.4222
8761 3.0132
8762 0.2884
8763 0.0776
8764 0.9404
8765 0.4184
8766 0.3982
8767 0.0933
8768 0.2762
8769 1.0948
8770 0.1278
8771 0.0906
8772 0.1410
8773 1.2638
8774 0.5314
8775 0.5794
8776 0.4632
8777 0.1042
8778 1.6858
8779 0.2816
8780 0.3198
8781 2.2829
8782 2.9687
8783 0.4764
8784 1.2757
8785 0.7100
8786 0.2760
8787 0.3422
8788 0.4612
8789 0.1024
8790 3.1168
8791 1.1409
8792 0.1975
8793 1.0617
8794 1.1324
8795 0.6977
8796 0.1377
8797 0.9542
8798 2.5458
8799 0.3502
8800 1.0153
8801 0.1366
8802 0.4618
8803 4.2368
8804 1.9036
8805 0.3907
8806 3.0434
8807 0.8491
8808 0.2949
8809 6.5804
8810 1.0492
8811 0.7016
8812 0.9284
8813 0.4414
8814 0.3682
8815 0.1151
8816 0.3253
8817 0.4349
8818 0.1057
8819 1.3410
8820 11.1259
8821 1.2357
8822 0.0861
8823 0.9006
8824 3.3904
8825 1.1481
8826 0.7455
8827 1.1479
8828 0.6755
8829 1.4888
8830 0.9371
8831 1.1386
8832 0.7693
8833 1.3267
8834 1.3744
8835 0.7254
8836 0.5630
8837 0.6471
8838 8.5299
8839 1.2888
8840 0.2154
8841 0.3478
8842 0.3244
8843 0.3919
8844 0.7163
8845 5.9219
8846 1.1318
8847 1.1535
8848 0.2463
8849 0.3231
8850 1.3140
8851 1.6318
8852 0.2789
8853 1.2076
8854 0.5794
8855 1.8980
8856 0.2877
8857 1.0466
8858 0.5855
8859 0.7751
8860 0.3452
8861 2.8194
8862 0.4769
8863 0.1383
8864 0.8399
8865 2.0658
8866 0.9296
8867 1.6908
8868 3.0678
8869 0.1574
8870 0.1413
8871 0.2229
8872 0.5493
8873 0.3763
8874 0.4000
8875 0.8388
8876 0.1836
8877 0.7976
8878 0.4726
8879 1.0819
8880 2.9788
8881 2.1657
8882 1.8558
8883 1.1448
8884 0.3293
8885 3.5787
8886 0.3827
8887 0.7552
8888 1.3348
8889 0.6747
8890 0.5598
8891 0.3259
8892 0.6880
8893 0.3675
8894 0.9573
8895 0.4615
8896 2.5747
8897 0.2195
8898 2.2258
8899 2.3755
8900 1.6940
8901 0.9319
8902 0.5592
8903 0.3105
8904 0.5268
8905 1.0179
8906 0.7999
8907 7.5934
8908 0.7441
8909 0.8127
8910 0.3343
8911 0.4991
8912 3.6952
8913 7.0090
8914 1.0045
8915 0.2999
8916 0.4655
8917 1.2326
8918 2.6544
8919 1.1885
8920 1.0511
8921 0.0947
8922 0.9433
8923 1.0703
8924 1.0735
8925 0.2184
8926 0.3450
8927 0.0844
8928 0.8393
8929 1.9320
8930 0.4602
8931 1.4779
8932 2.6036
8933 1.8014
8934 0.1836
8935 0.2338
8936 0.4681
8937 1.9376
8938 2.7430
8939 0.7387
8940 1.0748
8941 0.3895
8942 1.6019
8943 2.0239
8944 0.2576
8945 2.1979
8946 2.8852
8947 0.2297
8948 2.2164
8949 0.4364
8950 0.1239
8951 0.5303
8952 0.3687
8953 0.4237
8954 3.5074
8955 0.3163
8956 0.3896
8957 0.5683
8958 0.8640
8959 1.7599
8960 0.5167
8961 0.1331
8962 0.4429
8963 1.1676
8964 0.9214
8965 1.5258
8966 1.1832
8967 1.4752
8968 3.9192
8969 0.1397
8970 0.3497
8971 0.3798
8972 4.7629
8973 3.8692
8974 1.6513
8975 0.7256
8976 2.8417
8977 1.0316
8978 1.6644
8979 0.6701
8980 0.5742
8981 1.1350
8982 0.9382
8983 2.6602
8984 1.3698
8985 7.8388
8986 0.5829
8987 0.3307
8988 1.1988
8989 1.2381
8990 1.1678
8991 1.3746
8992 0.2685
8993 1.1422
8994 6.4904
8995 0.8037
8996 0.8400
8997 8.0442
8998 0.1342
8999 0.4590
9000 0.6100
9001 1.5841
9002 2.2654
9003 1.4663
9004 0.3744
9005 2.2088
9006 23.8985
9007 0.4921
9008 1.2806
9009 1.3715
9010 0.3036
9011 1.2842
9012 0.9258
9013 0.6509
9014 2.1175
9015 1.7346
9016 0.8196
9017 0.9475
9018 3.1479
9019 1.1249
9020 2.4088
9021 0.4908
9022 0.2539
9023 0.0974
9024 0.2160
9025 2.1904
9026 0.3355
9027 0.9582
9028 0.3996
9029 0.0832
9030 0.4284
9031 2.2832
9032 1.2145
9033 0.4716
9034 3.0388
9035 0.4617
9036 0.2379
9037 0.3801
9038 0.4334
9039 0.3327
9040 3.4484
9041 0.4696
9042 1.8113
9043 0.1672
9044 0.1071
9045 0.8980
9046 3.8460
9047 0.7024
9048 0.8326
9049 1.2454
9050 0.7083
9051 0.3769
9052 2.2367
9053 1.9030
9054 0.6450
9055 0.8421
9056 0.3661
9057 2.4402
9058 0.6051
9059 0.9206
9060 2.4526
9061 0.3553
9062 0.5357
9063 0.3396
9064 0.8140
9065 0.1711
9066 1.9435
9067 0.0800
9068 1.9143
9069 0.5588
9070 0.7415
9071 2.7737
9072 1.8726
9073 2.0040
9074 2.9814
9075 0.4707
9076 0.4246
9077 0.8564
9078 0.2000
9079 2.3568
9080 0.4494
9081 0.9119
9082 0.5895
9083 2.7073
9084 2.1697
9085 0.7228
9086 1.1687
9087 1.5181
9088 0.4340
9089 0.1151
9090 0.3382
9091 0.2096
9092 0.4253
9093 0.6363
9094 3.5982
9095 0.6900
9096 2.5351
9097 0.5258
9098 0.8442
9099 1.2873
9100 0.2713
9101 0.8168
9102 1.1926
9103 0.2965
9104 0.7909
9105 0.9710
9106 2.5722
9107 4.3288
9108 0.9723
9109 2.5734
9110 1.0521
9111 0.1412
9112 1.4648
9113 0.1977
9114 0.5166
9115 3.3461
9116 0.1481
9117 0.4765
9118 0.3932
9119 1.8322
9120 1.1874
9121 0.4649
9122 0.4142
9123 1.0810
9124 1.2089
9125 1.0906
9126 0.2724
9127 0.1571
9128 0.3293
9129 1.6646
9130 1.3058
9131 2.3258
9132 1.0147
9133 1.0407
9134 0.5228
9135 0.3074
9136 0.2884
9137 0.3739
9138 1.3955
9139 0.4447
9140 0.6741
9141 0.3044
9142 0.3960
9143 0.4663
9144 1.2968
9145 0.6541
9146 0.2585
9147 2.4467
9148 1.8989
9149 0.1149
9150 0.5195
9151 0.7575
9152 1.2517
9153 0.0924
9154 2.6568
9155 0.4097
9156 2.8655
9157 3.0805
9158 0.4488
9159 0.6570
9160 0.5423
9161 5.1654
9162 1.4307
9163 1.7395
9164 1.0196
9165 3.8577
9166 0.6351
9167 0.4841
9168 0.0958
9169 0.5013
9170 1.0766
9171 0.7984
9172 0.7200
9173 1.7112
9174 0.5304
9175 1.5857
9176 0.8631
9177 0.7167
9178 0.1292
9179 0.9471
9180 1.5595
9181 0.6267
9182 0.2963
9183 0.4700
9184 1.1077
9185 0.4989
9186 5.0231
9187 0.6203
9188 0.8572
9189 0.2370
9190 2.0756
9191 3.9354
9192 2.3949
9193 3.1894
9194 0.2128
9195 2.4275
9196 0.5504
9197 1.5338
9198 0.8258
9199 0.4581
9200 1.6227
9201 4.6653
9202 0.4444
9203 1.3726
9204 0.4430
9205 0.3115
9206 0.3096
9207 7.2045
9208 0.7072
9209 2.3222
9210 1.2631
9211 0.3740
9212 1.7373
9213 0.8722
9214 0.3184
9215 1.1841
9216 2.1480
9217 1.5029
9218 1.0996
9219 0.4452
9220 1.6037
9221 2.5125
9222 0.3812
9223 0.5024
9224 0.4245
9225 0.5390
9226 1.6229
9227 1.2978
9228 0.8352
9229 0.3745
9230 0.5161
9231 0.8887
9232 3.3660
9233 1.2775
9234 0.8028
9235 0.1922
9236 1.0834
9237 0.1092
9238 0.4300
9239 0.6529
9240 2.4011
9241 0.2406
9242 0.5727
9243 1.5773
9244 0.1194
9245 0.4315
9246 0.4031
9247 0.4375
9248 0.3126
9249 0.6756
9250 0.3136
9251 0.6199
9252 0.7449
9253 1.7875
9254 0.1365
9255 1.2733
9256 0.2738
9257 0.4045
9258 2.0810
9259 3.3167
9260 0.3223
9261 0.1370
9262 15.9356
9263 1.4384
9264 0.4251
9265 0.5873
9266 0.2308
9267 0.4760
9268 1.9693
9269 0.5961
9270 0.4056
9271 2.1433
9272 1.3732
9273 0.4017
9274 0.4473
9275 1.8683
9276 0.4723
9277 2.6946
9278 0.3342
9279 0.2155
9280 1.3030
9281 0.6574
9282 1.5653
9283 0.2519
9284 0.3604
9285 0.7608
9286 0.1857
9287 0.1280
9288 0.3754
9289 0.1491
9290 1.0485
9291 6.6926
9292 0.4095
9293 3.8076
9294 0.3596
9295 1.6925
9296 0.2935
9297 0.4750
9298 14.2705
9299 2.4881
9300 0.4214
9301 0.2141
9302 0.5111
9303 0.9631
9304 0.1797
9305 0.8862
9306 1.8365
9307 0.4596
9308 0.5470
9309 0.4244
9310 14.5129
9311 0.0954
9312 1.4413
9313 0.4656
9314 0.2726
9315 0.9426
9316 0.1012
9317 1.3324
9318 2.1903
9319 1.3142
9320 1.0540
9321 1.6977
9322 0.3843
9323 0.8927
9324 1.1860
9325 0.7530
9326 0.2901
9327 2.1820
9328 1.0438
9329 0.3296
9330 3.4868
9331 1.7008
9332 0.3113
9333 1.8486
9334 0.4362
9335 0.2591
9336 2.5352
9337 3.0357
9338 0.2158
9339 0.2593
9340 7.4001
9341 1.6602
9342 0.2164
9343 0.8091
9344 1.4807
9345 0.3767
9346 0.3271
9347 8.8752
9348 0.3672
9349 0.4120
9350 0.5351
9351 0.9426
9352 0.4416
9353 0.1064
9354 0.5456
9355 0.6098
9356 0.1265
9357 3.7550
9358 0.3269
9359 1.7750
9360 0.2427
9361 0.7686
9362 2.0016
9363 0.6805
9364 0.2790
9365 0.7798
9366 0.4626
9367 0.2719
9368 0.2096
9369 0.3693
9370 0.4637
9371 0.2602
9372 0.4883
9373 0.2725
9374 0.8893
9375 1.9122
9376 0.5024
9377 0.5398
9378 4.8028
9379 0.2835
9380 0.3036
9381 3.6072
9382 0.3936
9383 0.2159
9384 0.9249
9385 0.4840
9386 1.6010
9387 7.6885
9388 0.7406
9389 0.6313
9390 0.2811
9391 1.1567
9392 2.4591
9393 1.5826
9394 0.0831
9395 0.3671
9396 1.6828
9397 0.5673
9398 0.3332
9399 0.2353
9400 1.5259
9401 0.0967
9402 0.0928
9403 2.3333
9404 0.1823
9405 2.0424
9406 0.3411
9407 2.0468
9408 0.8768
9409 0.7954
9410 1.0238
9411 0.2687
9412 1.2773
9413 0.7969
9414 0.8212
9415 0.2920
9416 1.5101
9417 1.6452
9418 0.5867
9419 0.4046
9420 0.3201
9421 0.3052
9422 0.7713
9423 0.3868
9424 0.6228
9425 0.4154
9426 0.5693
9427 0.9887
9428 0.5318
9429 0.1613
9430 0.6229
9431 1.1820
9432 3.4058
9433 1.3504
9434 0.5099
9435 0.6940
9436 0.3715
9437 0.6862
9438 1.2227
9439 0.9552
9440 2.2855
9441 1.7891
9442 0.4280
9443 0.3535
9444 1.0334
9445 2.3734
9446 0.3443
9447 1.0686
9448 1.1741
9449 10.0688
9450 0.6115
9451 0.9731
9452 0.3521
9453 1.6111
9454 1.7917
9455 3.5991
9456 1.3664
9457 0.7792
9458 2.2653
9459 1.8935
9460 2.4074
9461 0.4424
9462 0.6278
9463 0.8396
9464 0.4336
9465 2.1413
9466 1.0282
9467 0.5553
9468 0.9827
9469 1.0030
9470 0.3018
9471 0.0961
9472 0.8206
9473 5.1981
9474 2.5490
9475 0.6187
9476 0.1820
9477 0.3055
9478 0.9766
9479 1.0364
9480 0.3760
9481 0.8205
9482 0.4742
9483 1.3666
9484 0.5026
9485 1.0306
9486 0.7495
9487 0.3816
9488 0.5948
9489 0.3169
9490 0.3017
9491 1.4389
9492 0.9430
9493 2.7278
9494 0.9773
9495 0.4176
9496 1.0909
9497 2.4455
9498 0.8693
9499 0.7005
9500 0.7697
9501 0.3460
9502 0.4302
9503 0.2643
9504 0.5728
9505 1.7477
9506 0.5075
9507 0.3789
9508 1.5372
9509 0.2356
9510 0.7286
9511 0.4222
9512 0.4669
9513 1.3780
9514 0.9636
9515 1.2838
9516 0.2766
9517 0.5123
9518 0.3941
9519 0.4721
9520 0.8150
9521 0.4246
9522 4.1372
9523 0.3176
9524 4.2848
9525 1.0417
9526 0.3588
9527 0.5706
9528 0.4463
9529 1.3838
9530 1.3977
9531 3.2607
9532 1.1332
9533 1.4427
9534 0.5695
9535 1.6021
9536 1.2247
9537 0.5726
9538 0.7412
9539 0.7196
9540 2.2876
9541 1.2185
9542 3.6070
9543 1.3870
9544 0.9967
9545 3.0719
9546 2.7272
9547 1.4882
9548 1.7754
9549 0.1746
9550 1.9311
9551 0.7996
9552 0.4190
9553 0.8829
9554 0.3256
9555 0.8957
9556 0.2467
9557 0.0994
9558 0.4292
9559 0.6419
9560 5.0586
9561 1.1434
9562 0.2803
9563 0.6877
9564 0.2788
9565 3.0054
9566 2.1577
9567 1.3629
9568 0.2409
9569 0.3468
9570 0.3060
9571 0.4310
9572 0.4613
9573 0.4286
9574 2.5329
9575 0.6005
9576 2.1716
9577 4.2180
9578 1.8870
9579 1.1015
9580 0.3839
9581 3.1686
9582 1.6932
9583 0.4213
9584 0.4301
9585 0.1487
9586 0.2139
9587 1.4990
9588 0.3435
9589 3.6906
9590 0.9105
9591 0.7628
9592 10.8028
9593 0.3958
9594 1.7244
9595 0.7655
9596 0.4418
9597 0.8770
9598 0.7605
9599 0.4726
9600 11.1575
9601 0.6173
9602 0.5327
9603 5.0012
9604 0.8521
9605 0.7396
9606 0.9833
9607 1.0306
9608 0.5866
9609 0.1835
9610 0.0851
9611 0.2874
9612 0.2199
9613 0.4182
9614 0.2409
9615 0.8673
9616 0.8439
9617 0.7580
9618 0.3517
9619 2.7516
9620 0.9548
9621 0.3255
9622 0.5232
9623 0.4553
9624 0.3039
9625 0.4742
9626 0.4217
9627 3.3156
9628 0.3290
9629 0.1142
9630 0.9535
9631 0.5134
9632 0.3592
9633 2.2603
9634 1.0427
9635 1.0577
9636 0.3231
9637 0.4981
9638 0.5422
9639 1.0869
9640 2.4141
9641 0.1180
9642 0.3269
9643 1.9335
9644 1.2758
9645 1.3698
9646 0.5279
9647 0.3870
9648 0.9573
9649 0.7391
9650 0.0795
9651 0.6052
9652 1.2038
9653 2.4658
9654 1.0702
9655 3.7876
9656 1.1199
9657 0.4358
9658 0.3017
9659 0.4839
9660 0.3225
9661 0.7751
9662 0.4841
9663 0.6087
9664 0.2339
9665 1.3241
9666 2.3046
9667 0.6745
9668 2.6402
9669 0.0687
9670 2.5106
9671 1.4265
9672 7.5071
9673 0.7663
9674 1.2757
9675 3.3963
9676 2.3645
9677 7.1337
9678 0.0957
9679 1.3757
9680 1.2562
9681 1.0984
9682 0.3781
9683 3.1008
9684 0.6300
9685 0.1962
9686 0.1157
9687 4.1062
9688 1.5021
9689 1.6549
9690 1.3504
9691 0.6904
9692 1.0448
9693 1.7694
9694 0.8328
9695 1.8130
9696 0.7391
9697 1.8155
9698 1.3587
9699 0.1267
9700 1.5448
9701 0.3589
9702 0.2596
9703 0.1488
9704 0.4054
9705 0.6866
9706 0.2424
9707 1.8536
9708 0.2756
9709 3.8825
9710 0.2104
9711 0.5242
9712 0.2817
9713 0.7773
9714 2.0320
9715 1.4069
9716 0.5338
9717 0.5401
9718 1.2597
9719 1.3131
9720 1.4807
9721 0.9003
9722 1.3158
9723 2.3652
9724 1.3933
9725 0.2610
9726 1.5747
9727 1.5334
9728 0.3642
9729 4.3029
9730 0.0842
9731 1.0441
9732 0.1008
9733 1.0270
9734 2.5681
9735 0.5451
9736 0.9152
9737 1.1618
9738 0.3625
9739 0.3826
9740 0.1444
9741 0.5919
9742 0.2870
9743 0.2105
9744 0.3451
9745 0.8043
9746 0.4945
9747 0.4928
9748 4.1313
9749 0.1746
9750 0.5034
9751 1.2587
9752 0.2202
9753 1.1513
9754 0.7425
9755 0.4307
9756 0.0830
9757 0.0813
9758 1.6657
9759 0.7986
9760 2.5917
9761 0.2652
9762 3.7476
9763 0.0799
9764 0.6521
9765 2.5657
9766 2.9983
9767 0.4116
9768 0.2654
9769 0.3225
9770 2.8013
9771 0.5103
9772 1.9119
9773 0.4827
9774 0.3551
9775 1.2366
9776 0.6263
9777 0.7170
9778 0.4345
9779 0.4879
9780 0.3434
9781 1.5495
9782 0.1026
9783 3.5418
9784 1.1914
9785 0.3861
9786 0.9831
9787 0.6533
9788 2.1004
9789 0.1365
9790 0.5994
9791 4.4641
9792 1.5323
9793 0.8918
9794 1.9519
9795 0.3082
9796 0.4126
9797 2.4414
9798 0.3446
9799 7.9228
9800 1.4275
9801 0.7586
9802 0.8801
9803 3.2943
9804 0.8950
9805 0.5299
9806 2.8354
9807 0.7273
9808 0.6981
9809 0.9201
9810 0.0982
9811 0.9638
9812 0.9603
9813 1.3578
9814 0.8301
9815 0.3977
9816 2.6615
9817 0.7883
9818 0.2216
9819 3.3201
9820 0.3777
9821 0.0866
9822 1.5454
9823 0.3569
9824 0.2286
9825 0.8471
9826 4.2213
9827 1.3175
9828 1.5623
9829 3.2708
9830 3.2638
9831 0.3191
9832 0.5729
9833 10.6067
9834 0.6742
9835 0.4668
9836 0.4760
9837 1.0189
9838 0.4573
9839 1.4635
9840 0.4083
9841 0.4892
9842 0.6799
9843 0.1338
9844 0.3746
9845 0.4137
9846 1.6574
9847 2.6179
9848 1.9370
9849 0.1439
9850 0.6279
9851 0.5451
9852 0.1688
9853 1.5300
9854 1.4125
9855 0.5153
9856 3.5876
9857 13.2670
9858 0.3364
9859 0.4225
9860 2.7247
9861 0.4545
9862 0.1568
9863 0.9786
9864 0.5874
9865 0.5173
9866 0.4677
9867 0.5126
9868 1.0245
9869 0.8491
9870 5.1977
9871 0.1166
9872 0.7139
9873 2.5949
9874 0.2626
9875 0.1265
9876 3.4267
9877 0.2913
9878 3.8455
9879 1.7729
9880 0.3243
9881 1.4042
9882 0.4652
9883 0.2154
9884 0.1020
9885 0.6703
9886 0.9827
9887 0.9191
9888 0.6641
9889 5.7126
9890 5.8924
9891 0.1985
9892 0.2353
9893 0.4157
9894 0.2177
9895 0.4951
9896 0.2823
9897 0.5583
9898 0.6215
9899 0.1884
9900 1.2189
9901 0.3486
9902 0.2997
9903 1.4460
9904 0.4574
9905 1.2288
9906 1.5076
9907 0.7782
9908 4.4708
9909 0.1384
9910 0.2974
9911 1.6955
9912 0.3172
9913 1.1432
9914 1.6700
9915 0.2668
9916 1.5248
9917 0.4472
9918 0.1063
9919 0.6488
9920 1.1601
9921 0.7255
9922 0.4079
9923 0.8904
9924 0.3967
9925 0.7770
9926 1.4879
9927 1.0495
9928 1.6949
9929 11.3775
9930 2.3276
9931 3.3147
9932 0.4564
9933 0.0950
9934 0.4862
9935 0.5839
9936 1.5250
9937 1.3690
9938 0.3707
9939 13.1089
9940 2.6043
9941 0.2549
9942 0.4852
9943 0.5884
9944 1.5683
9945 0.2538
9946 0.5635
9947 0.4261
9948 0.2099
9949 0.7166
9950 0.0955
9951 0.3483
9952 1.1957
9953 3.6402
9954 0.3531
9955 0.7162
9956 0.4454
9957 1.1869
9958 0.5502
9959 3.1083
9960 0.3228
9961 0.4311
9962 1.8703
9963 1.9576
9964 1.0077
9965 0.2349
9966 0.9214
9967 0.3687
9968 0.3747
9969 0.4548
9970 5.3589
9971 3.2575
9972 1.0462
9973 0.1443
9974 0.9220
9975 0.2652
9976 0.4491
9977 0.5873
9978 1.3668
9979 1.0950
9980 0.5990
9981 2.8507
9982 0.3780
9983 0.9301
9984 2.7128
9985 0.7183
9986 0.8804
9987 0.1761
9988 0.2267
9989 0.3160
9990 1.0559
9991 0.6924
9992 0.2206
9993 0.0735
9994 1.0835
9995 0.3003
9996 0.7923
9997 0.6570
9998 0.8732
9999 0.4730
10000 10.4317
