2501 0.1368
2502 0.6777
2503 0.0903
2504 0.1508
2505 0.1003
2506 0.1198
2507 0.1311
2508 0.1260
2509 0.1434
2510 0.0717
2511 0.3661
2512 0.3051
2513 0.1254
2514 0.1253
2515 0.6307
2516 0.0884
2517 0.0714
2518 0.1118
2519 0.0870
2520 0.2062
2521 0.2525
2522 0.1234
2523 0.3107
2524 0.1068
2525 0.1203
2526 0.1018
2527 0.1055
2528 0.1233
2529 0.1092
2530 0.1489
2531 0.1312
2532 0.1320
2533 0.2113
2534 0.0813
2535 0.1013
2536 0.2255
2537 0.1433
2538 0.1008
2539 0.1582
2540 0.1823
2541 0.1443
2542 0.2896
2543 0.1824
2544 0.1891
2545 0.0741
2546 0.1068
2547 0.1313
2548 0.4149
2549 0.1710
2550 0.1757
2551 0.1689
2552 0.1177
2553 0.3135
2554 0.1319
2555 0.3950
2556 0.2062
2557 0.5762
2558 0.1291
2559 0.0986
2560 0.1066
2561 0.2760
2562 0.1353
2563 0.1067
2564 0.1108
2565 0.1071
2566 0.0930
2567 0.3128
2568 0.1806
2569 0.1569
2570 0.0973
2571 0.3333
2572 0.0784
2573 0.1225
2574 0.3227
2575 0.2156
2576 0.0829
2577 0.1711
2578 0.1957
2579 0.2409
2580 0.3473
2581 0.1415
2582 0.0705
2583 0.0932
2584 0.1009
2585 0.1343
2586 0.1145
2587 0.1218
2588 0.2603
2589 0.1157
2590 0.3314
2591 0.3015
2592 0.0874
2593 0.1516
2594 0.0886
2595 0.1532
2596 0.0769
2597 0.8987
2598 0.2225
2599 0.1009
2600 0.2292
2601 0.1142
2602 0.2154
2603 0.1386
2604 0.1724
2605 0.0735
2606 0.0793
2607 0.2202
2608 0.1055
2609 0.1309
2610 0.1475
2611 0.0670
2612 0.0788
2613 0.0970
2614 0.3376
2615 0.1449
2616 0.1583
2617 0.2373
2618 0.4280
2619 0.1247
2620 0.0897
2621 0.0726
2622 0.0844
2623 0.1079
2624 0.1186
2625 0.1179
2626 0.1234
2627 0.1139
2628 0.0808
2629 0.1809
2630 0.1516
2631 0.2857
2632 0.1187
2633 0.1479
2634 0.1641
2635 0.1330
2636 0.1176
2637 0.1192
2638 0.2302
2639 0.1243
2640 0.4557
2641 0.1131
2642 0.0821
2643 0.1309
2644 0.0825
2645 0.5250
2646 0.1599
2647 0.4477
2648 3.1019
2649 0.3572
2650 0.2671
2651 0.1190
2652 0.1201
2653 0.1206
2654 0.1933
2655 0.1915
2656 0.2233
2657 0.0987
2658 0.1638
2659 0.1250
2660 0.1693
2661 0.1314
2662 0.1031
2663 0.1162
2664 0.1063
2665 0.1321
2666 0.1220
2667 0.0793
2668 0.1496
2669 0.1362
2670 0.1986
2671 0.2672
2672 0.1241
2673 0.1502
2674 0.1310
2675 0.4490
2676 0.4496
2677 0.1610
2678 0.1417
2679 0.1248
2680 0.1373
2681 0.1229
2682 0.1338
2683 0.1612
2684 0.1311
2685 0.1952
2686 0.0801
2687 0.1046
2688 0.1287
2689 0.0837
2690 0.7957
2691 0.2134
2692 0.1060
2693 0.1319
2694 0.1338
2695 0.0982
2696 0.1224
2697 0.1123
2698 0.1648
2699 0.0868
2700 0.1026
2701 0.0911
2702 0.1171
2703 0.1609
2704 0.2361
2705 0.1195
2706 0.8729
2707 0.0939
2708 0.1019
2709 0.0697
2710 0.1492
2711 0.0911
2712 0.0873
2713 0.1199
2714 0.2302
2715 0.0959
2716 0.4265
2717 0.2025
2718 0.0846
2719 0.2761
2720 0.0952
2721 0.3132
2722 0.0973
2723 0.3025
2724 0.1177
2725 0.0901
2726 0.1443
2727 0.1348
2728 0.0918
2729 0.1342
2730 0.2441
2731 0.1542
2732 0.1395
2733 0.0922
2734 0.2023
2735 0.0813
2736 0.1199
2737 0.1412
2738 0.7964
2739 0.2119
2740 0.0986
2741 0.1553
2742 0.0879
2743 0.1115
2744 0.1639
2745 0.6064
2746 0.1971
2747 0.2383
2748 0.2505
2749 0.1263
2750 0.1062
2751 0.0768
2752 0.0997
2753 0.1247
2754 0.1070
2755 0.0838
2756 0.1396
2757 0.3218
2758 0.0918
2759 0.1176
2760 0.0713
2761 0.0915
2762 0.1989
2763 0.4443
2764 0.1776
2765 0.2721
2766 0.4609
2767 0.1969
2768 0.1565
2769 0.1170
2770 0.2200
2771 0.2579
2772 0.0961
2773 0.0895
2774 0.0877
2775 0.0704
2776 0.3241
2777 0.1659
2778 0.0753
2779 0.0651
2780 0.0832
2781 0.0766
2782 0.1202
2783 0.0728
2784 0.1852
2785 0.1513
2786 0.1025
2787 0.2972
2788 0.1105
2789 0.1242
2790 0.1245
2791 0.0910
2792 0.1788
2793 0.2894
2794 0.1178
2795 0.1161
2796 0.1372
2797 0.2476
2798 0.4410
2799 0.2691
2800 0.0985
2801 0.2358
2802 0.3051
2803 0.2739
2804 0.1595
2805 0.2785
2806 0.1000
2807 0.1009
2808 0.4833
2809 0.1293
2810 0.2071
2811 0.1299
2812 0.1423
2813 0.1405
2814 0.1051
2815 0.1520
2816 0.1051
2817 0.2045
2818 0.1595
2819 0.0831
2820 0.0947
2821 0.1278
2822 0.0842
2823 0.0971
2824 0.2354
2825 0.1153
2826 0.1459
2827 0.1516
2828 0.1488
2829 0.1606
2830 0.0848
2831 0.1280
2832 0.3038
2833 0.3279
2834 0.3014
2835 0.1660
2836 0.0932
2837 0.2784
2838 0.0893
2839 0.1947
2840 0.0728
2841 0.1159
2842 0.0729
2843 0.1360
2844 0.8425
2845 0.1587
2846 0.1276
2847 0.1550
2848 0.3153
2849 0.0862
2850 0.3678
2851 0.0707
2852 0.0952
2853 0.2063
2854 0.3494
2855 0.1594
2856 0.1744
2857 0.0758
2858 0.0809
2859 0.0934
2860 0.0871
2861 0.1158
2862 0.0738
2863 0.3060
2864 0.1121
2865 0.1056
2866 0.1334
2867 0.1062
2868 0.1160
2869 0.0767
2870 0.1058
2871 0.1147
2872 0.1061
2873 0.1786
2874 0.6724
2875 0.3359
2876 0.1326
2877 0.0945
2878 0.0906
2879 0.1244
2880 0.1183
2881 0.0961
2882 0.3739
2883 0.0931
2884 0.2587
2885 0.2747
2886 0.2230
2887 0.0780
2888 0.1269
2889 0.0920
2890 0.1284
2891 0.1306
2892 0.1193
2893 0.1180
2894 0.3714
2895 0.2217
2896 0.1245
2897 0.1451
2898 0.0908
2899 0.2863
2900 0.1126
2901 0.1129
2902 0.1646
2903 0.2383
2904 0.4130
2905 0.0785
2906 0.1374
2907 0.2757
2908 0.1314
2909 0.0768
2910 0.1216
2911 0.0764
2912 0.1887
2913 0.2620
2914 0.1059
2915 0.4091
2916 0.2977
2917 0.1150
2918 0.0807
2919 0.1633
2920 0.2768
2921 0.0986
2922 0.1270
2923 0.1617
2924 0.1606
2925 0.3499
2926 0.1251
2927 0.2936
2928 0.1138
2929 0.1192
2930 0.1080
2931 0.1474
2932 0.1090
2933 0.2611
2934 0.1261
2935 0.1508
2936 0.1298
2937 0.1622
2938 0.1399
2939 0.6249
2940 0.1103
2941 0.1381
2942 0.0836
2943 0.0960
2944 0.1218
2945 0.0873
2946 0.1105
2947 0.0942
2948 0.1526
2949 0.1530
2950 0.3700
2951 0.1096
2952 0.1301
2953 0.1076
2954 0.4556
2955 0.1237
2956 0.1382
2957 0.1323
2958 0.1384
2959 0.0760
2960 0.2288
2961 0.1307
2962 0.0976
2963 0.1945
2964 0.0696
2965 0.3503
2966 0.2330
2967 0.2916
2968 0.1415
2969 0.1730
2970 0.0838
2971 0.0799
2972 0.1268
2973 0.0857
2974 0.1309
2975 0.3406
2976 0.1561
2977 0.1290
2978 0.0851
2979 0.0787
2980 0.1004
2981 0.0756
2982 0.1341
2983 0.0820
2984 0.3266
2985 0.1790
2986 0.0741
2987 0.0983
2988 0.1922
2989 0.1401
2990 0.1228
2991 0.1135
2992 0.1229
2993 0.1344
2994 0.0711
2995 0.4338
2996 0.2656
2997 0.4453
2998 0.0891
2999 0.3462
3000 0.1669
3001 0.0841
3002 0.2729
3003 0.1322
3004 0.0841
3005 0.0859
3006 0.1422
3007 0.1081
3008 0.0636
3009 0.5292
3010 0.0737
3011 0.1065
3012 0.1073
3013 0.1360
3014 0.1467
3015 0.1918
3016 0.1010
3017 0.2672
3018 0.1802
3019 0.1125
3020 0.0819
3021 0.1841
3022 0.0762
3023 0.1445
3024 0.1879
3025 0.1238
3026 0.1065
3027 0.1877
3028 0.0853
3029 0.1083
3030 0.1847
3031 0.0711
3032 0.0910
3033 0.0779
3034 0.1230
3035 0.3054
3036 0.1443
3037 0.0985
3038 0.1229
3039 0.0698
3040 0.0725
3041 0.0783
3042 0.1786
3043 0.1613
3044 0.4579
3045 0.0842
3046 0.2855
3047 0.1300
3048 0.1207
3049 0.0918
3050 0.3524
3051 0.1180
3052 0.1250
3053 0.3022
3054 0.2219
3055 0.1881
3056 0.1099
3057 0.1467
3058 0.3240
3059 0.1030
3060 0.0949
3061 0.1500
3062 0.1107
3063 0.0972
3064 0.3505
3065 0.1212
3066 0.1096
3067 0.0719
3068 0.1137
3069 0.1326
3070 0.0944
3071 0.0942
3072 0.0667
3073 0.4758
3074 0.1224
3075 0.2162
3076 0.2122
3077 0.1248
3078 0.2829
3079 0.1158
3080 0.1028
3081 0.1857
3082 0.1152
3083 0.1483
3084 0.0760
3085 0.0917
3086 0.0990
3087 0.1074
3088 0.0906
3089 0.0784
3090 0.4878
3091 0.1268
3092 0.2775
3093 0.1034
3094 0.0931
3095 0.1329
3096 0.0668
3097 0.0970
3098 0.1205
3099 0.1189
3100 0.0807
3101 0.0711
3102 0.3008
3103 0.1111
3104 0.0991
3105 0.0766
3106 0.2327
3107 0.1531
3108 0.0824
3109 0.1102
3110 0.4679
3111 0.1017
3112 0.1358
3113 0.1943
3114 0.1099
3115 0.0860
3116 0.1133
3117 0.2473
3118 0.7472
3119 0.0848
3120 0.2273
3121 0.2052
3122 0.5389
3123 0.0909
3124 0.0943
3125 0.1742
3126 0.3987
3127 0.9538
3128 0.1141
3129 0.1230
3130 0.1017
3131 0.0756
3132 0.2634
3133 0.0933
3134 0.1225
3135 0.1313
3136 0.2608
3137 0.1010
3138 0.0818
3139 0.0854
3140 0.0919
3141 0.2178
3142 0.2889
3143 0.1827
3144 0.1358
3145 0.1758
3146 0.3161
3147 0.0866
3148 0.1321
3149 0.2689
3150 0.1250
3151 0.3094
3152 0.1081
3153 0.4139
3154 0.1712
3155 0.2981
3156 0.0888
3157 0.2958
3158 0.1433
3159 0.2058
3160 0.0917
3161 0.6046
3162 0.2904
3163 0.1636
3164 0.3265
3165 0.1585
3166 0.1141
3167 0.1398
3168 0.0996
3169 0.0968
3170 0.2096
3171 0.0812
3172 0.1439
3173 0.1555
3174 0.0802
3175 0.0796
3176 0.1340
3177 0.0805
3178 0.3051
3179 0.1394
3180 0.0953
3181 0.0869
3182 0.1713
3183 0.1170
3184 0.4970
3185 0.1346
3186 0.2044
3187 0.1867
3188 0.1359
3189 0.1222
3190 0.2767
3191 0.1018
3192 0.0981
3193 0.1558
3194 0.1402
3195 0.2100
3196 0.1035
3197 0.2038
3198 0.1751
3199 0.0956
3200 0.0840
3201 0.0947
3202 0.0980
3203 0.3019
3204 0.4462
3205 0.2164
3206 0.3158
3207 0.0945
3208 0.0889
3209 0.1052
3210 0.1455
3211 1.8113
3212 0.2777
3213 0.1001
3214 0.0965
3215 0.1092
3216 0.0977
3217 0.0842
3218 0.0757
3219 0.2322
3220 0.1049
3221 0.1036
3222 0.1470
3223 0.1193
3224 0.1406
3225 0.3158
3226 0.2374
3227 0.1436
3228 0.0923
3229 0.1089
3230 0.1196
3231 0.1191
3232 0.2806
3233 0.2040
3234 0.1122
3235 0.0852
3236 0.0835
3237 0.5073
3238 0.1221
3239 0.1016
3240 0.1380
3241 0.0796
3242 0.1316
3243 0.1990
3244 0.2090
3245 0.1163
3246 0.1320
3247 0.0845
3248 0.1477
3249 0.1169
3250 0.1134
3251 0.0961
3252 0.1279
3253 0.1845
3254 0.0998
3255 0.0857
3256 0.1066
3257 0.1001
3258 0.0874
3259 0.1423
3260 0.3638
3261 0.0752
3262 0.1332
3263 0.4036
3264 0.1956
3265 0.1178
3266 0.1214
3267 0.2863
3268 0.1322
3269 0.7281
3270 0.1337
3271 0.1940
3272 0.1210
3273 0.2964
3274 0.7470
3275 0.1286
3276 0.1077
3277 0.1205
3278 0.1247
3279 0.1912
3280 0.3139
3281 0.1501
3282 0.1162
3283 0.0992
3284 0.3903
3285 0.0943
3286 0.1387
3287 0.3011
3288 0.2001
3289 0.4964
3290 0.3808
3291 0.1843
3292 0.0839
3293 0.1031
3294 0.1507
3295 0.3394
3296 0.1519
3297 0.4094
3298 0.1196
3299 0.1969
3300 0.0743
3301 0.4277
3302 0.1067
3303 0.1164
3304 0.4994
3305 0.1357
3306 0.1020
3307 0.0828
3308 0.2297
3309 0.1109
3310 0.1179
3311 0.1219
3312 0.2115
3313 0.1188
3314 0.2470
3315 0.0755
3316 0.2811
3317 0.2524
3318 0.0902
3319 0.0722
3320 0.2872
3321 0.1116
3322 0.3848
3323 0.3608
3324 0.6637
3325 0.0994
3326 0.2475
3327 0.1336
3328 0.2693
3329 0.1055
3330 0.2544
3331 0.1944
3332 0.3111
3333 0.0703
3334 0.1425
3335 0.0747
3336 0.0863
3337 0.2664
3338 0.1177
3339 0.0916
3340 0.2391
3341 0.1001
3342 0.1010
3343 0.1373
3344 0.0889
3345 0.0786
3346 0.1140
3347 0.0829
3348 0.0693
3349 0.1099
3350 0.1482
3351 0.1139
3352 0.0817
3353 0.1101
3354 0.3595
3355 0.1308
3356 0.1092
3357 0.1117
3358 0.0882
3359 0.2387
3360 0.2767
3361 0.3646
3362 0.2038
3363 0.0622
3364 0.4294
3365 0.1960
3366 0.1663
3367 0.0958
3368 0.0847
3369 0.6290
3370 0.4816
3371 0.0787
3372 0.1794
3373 0.2828
3374 0.1073
3375 0.0980
3376 0.0821
3377 0.1281
3378 0.4077
3379 0.0842
3380 0.0912
3381 0.1045
3382 0.2818
3383 0.3734
3384 0.2795
3385 0.5097
3386 0.1920
3387 0.0979
3388 0.1532
3389 0.1072
3390 0.3628
3391 0.0867
3392 0.0956
3393 0.2400
3394 0.1376
3395 0.3177
3396 0.0746
3397 0.1100
3398 0.1181
3399 0.1593
3400 0.1028
3401 0.0976
3402 0.3580
3403 0.1268
3404 0.2093
3405 0.0920
3406 0.2405
3407 0.0929
3408 0.1533
3409 0.4372
3410 0.1263
3411 0.5604
3412 0.2493
3413 0.1214
3414 0.3118
3415 0.4687
3416 0.2208
3417 0.1467
3418 0.1139
3419 0.2302
3420 0.1611
3421 0.1176
3422 0.0728
3423 0.1198
3424 0.0779
3425 0.1497
3426 0.1955
3427 0.1363
3428 0.0908
3429 0.2081
3430 0.1609
3431 0.0842
3432 0.1482
3433 0.0773
3434 0.1271
3435 0.1239
3436 0.1328
3437 0.4201
3438 0.1693
3439 0.1244
3440 0.1101
3441 0.4832
3442 0.0924
3443 0.1380
3444 0.0829
3445 0.1033
3446 0.3426
3447 0.3444
3448 0.0906
3449 0.1442
3450 0.1107
3451 0.3843
3452 0.2231
3453 0.1355
3454 0.1013
3455 0.2320
3456 0.1203
3457 0.0879
3458 0.0968
3459 0.1113
3460 0.2269
3461 0.1660
3462 0.1105
3463 0.1282
3464 0.1586
3465 0.1149
3466 0.1020
3467 0.0751
3468 0.1194
3469 0.1853
3470 0.0942
3471 0.1889
3472 0.1158
3473 0.5940
3474 0.1438
3475 0.2071
3476 0.1483
3477 0.1291
3478 0.2159
3479 0.1638
3480 0.0982
3481 0.1377
3482 0.1090
3483 0.1347
3484 0.0854
3485 0.1243
3486 0.1586
3487 0.1344
3488 0.1249
3489 0.1305
3490 0.5137
3491 0.0740
3492 0.3426
3493 0.4932
3494 0.1061
3495 0.0867
3496 0.1095
3497 0.1469
3498 0.4520
3499 0.0873
3500 0.1443
3501 0.0908
3502 0.1877
3503 0.0809
3504 0.1376
3505 0.0712
3506 0.4073
3507 0.0985
3508 0.0786
3509 0.2024
3510 0.3326
3511 0.4337
3512 0.1093
3513 0.0697
3514 0.0674
3515 0.0986
3516 0.1284
3517 0.1291
3518 0.2145
3519 0.1400
3520 0.1152
3521 0.0838
3522 0.1057
3523 0.1385
3524 0.0692
3525 0.1178
3526 0.0945
3527 0.4879
3528 0.1165
3529 0.0953
3530 0.2684
3531 0.1179
3532 0.0737
3533 0.1130
3534 0.1126
3535 0.0669
3536 0.1587
3537 0.1514
3538 0.1636
3539 0.0770
3540 0.0868
3541 0.0997
3542 0.0939
3543 0.4481
3544 0.1319
3545 0.1413
3546 0.0789
3547 0.2394
3548 0.1077
3549 0.1784
3550 0.2508
3551 0.1350
3552 0.1272
3553 0.4148
3554 0.0718
3555 0.1243
3556 0.4268
3557 0.1084
3558 0.0914
3559 0.1062
3560 0.0742
3561 0.0864
3562 0.2554
3563 0.0816
3564 0.1192
3565 0.1141
3566 0.2365
3567 0.5803
3568 0.3819
3569 0.2228
3570 0.1556
3571 0.0810
3572 0.0916
3573 0.1182
3574 0.1581
3575 0.1632
3576 0.1569
3577 0.1023
3578 0.1232
3579 0.1001
3580 0.1269
3581 0.1205
3582 0.0979
3583 0.1990
3584 0.2073
3585 0.1416
3586 0.1803
3587 0.1102
3588 0.0845
3589 0.1634
3590 0.0758
3591 0.3006
3592 0.1387
3593 0.1618
3594 0.1434
3595 0.1124
3596 0.2572
3597 0.3741
3598 0.1146
3599 0.0776
3600 0.1706
3601 0.1458
3602 0.1333
3603 0.1451
3604 0.1283
3605 0.1903
3606 0.3015
3607 0.3106
3608 0.4413
3609 0.6527
3610 0.1285
3611 0.1030
3612 0.1290
3613 0.1298
3614 0.0944
3615 0.0891
3616 0.2775
3617 0.1465
3618 1.0107
3619 0.1259
3620 0.0733
3621 0.2809
3622 0.1608
3623 0.1007
3624 0.3332
3625 0.2183
3626 0.0747
3627 0.1130
3628 0.1815
3629 0.3846
3630 0.5152
3631 0.0749
3632 0.4135
3633 0.0853
3634 0.1375
3635 0.1029
3636 0.1020
3637 0.0723
3638 0.6459
3639 0.1036
3640 0.1452
3641 0.0829
3642 0.1082
3643 0.0900
3644 0.1003
3645 0.4226
3646 0.1388
3647 0.1208
3648 0.1247
3649 0.5336
3650 0.0819
3651 0.1088
3652 0.0954
3653 0.5023
3654 0.1544
3655 0.1884
3656 0.1172
3657 0.1104
3658 0.3000
3659 0.0755
3660 0.0726
3661 0.1419
3662 0.4376
3663 0.1769
3664 0.1975
3665 0.2038
3666 0.1041
3667 0.2072
3668 0.2271
3669 0.1169
3670 0.0778
3671 0.2933
3672 0.0793
3673 0.1702
3674 0.0710
3675 0.0740
3676 0.2069
3677 0.0802
3678 0.2693
3679 0.1341
3680 0.0993
3681 0.4263
3682 0.2642
3683 0.3040
3684 0.0999
3685 0.0986
3686 0.2520
3687 0.0930
3688 0.0982
3689 0.2668
3690 0.4019
3691 0.1081
3692 0.0986
3693 0.1150
3694 0.1297
3695 0.1405
3696 0.1100
3697 0.1612
3698 0.1038
3699 0.0890
3700 0.2443
3701 0.1391
3702 0.5143
3703 0.1135
3704 0.0815
3705 0.0741
3706 0.1022
3707 0.1019
3708 0.1156
3709 0.1538
3710 0.1253
3711 0.3125
3712 0.4763
3713 0.1244
3714 0.0942
3715 0.3278
3716 0.1553
3717 0.1422
3718 0.5846
3719 0.0957
3720 0.0891
3721 0.1638
3722 0.3315
3723 0.1015
3724 0.4240
3725 0.0733
3726 0.0948
3727 0.1169
3728 0.1173
3729 0.1468
3730 0.1157
3731 0.0950
3732 0.1162
3733 0.0840
3734 0.5503
3735 0.1133
3736 0.0890
3737 0.1164
3738 0.1173
3739 0.2976
3740 0.4395
3741 0.1386
3742 0.1146
3743 0.1386
3744 0.2228
3745 0.3911
3746 0.2368
3747 0.0997
3748 0.1161
3749 0.1299
3750 0.0836
3751 0.1681
3752 0.0777
3753 0.0920
3754 0.4312
3755 0.1138
3756 0.6217
3757 0.2334
3758 0.1322
3759 0.1285
3760 0.1456
3761 0.3207
3762 0.1103
3763 0.4332
3764 0.1347
3765 0.0886
3766 0.1218
3767 0.0994
3768 0.1360
3769 0.1778
3770 0.1394
3771 0.1615
3772 0.1110
3773 0.5246
3774 0.1371
3775 0.1314
3776 0.2339
3777 0.0809
3778 0.2137
3779 0.0982
3780 0.1552
3781 0.1183
3782 0.1051
3783 0.2862
3784 0.1090
3785 0.1934
3786 0.1317
3787 0.0894
3788 0.0767
3789 0.0655
3790 0.1291
3791 0.1250
3792 0.1011
3793 0.2751
3794 0.1667
3795 0.3158
3796 0.1173
3797 0.3323
3798 0.1739
3799 0.0982
3800 0.0988
3801 0.1053
3802 0.1132
3803 0.1765
3804 0.1025
3805 0.0985
3806 0.0925
3807 0.0700
3808 0.2310
3809 0.1395
3810 0.1357
3811 0.2186
3812 0.2069
3813 0.1418
3814 0.1874
3815 0.0893
3816 0.0967
3817 0.0801
3818 0.0818
3819 0.1197
3820 0.1343
3821 0.0823
3822 0.1473
3823 0.1508
3824 0.1003
3825 0.1108
3826 0.2467
3827 0.2642
3828 0.1078
3829 0.1584
3830 0.0842
3831 0.1342
3832 0.1115
3833 0.1260
3834 0.0990
3835 0.2555
3836 0.3502
3837 0.2092
3838 0.1228
3839 0.0950
3840 0.0878
3841 0.0937
3842 0.1487
3843 0.1364
3844 0.1050
3845 0.0749
3846 0.0880
3847 0.1905
3848 0.2241
3849 0.2408
3850 0.1418
3851 0.0975
3852 0.1069
3853 0.1376
3854 0.1729
3855 0.1145
3856 0.0689
3857 0.1795
3858 0.1342
3859 0.1599
3860 0.0692
3861 0.3114
3862 0.3673
3863 0.1426
3864 0.2480
3865 0.0703
3866 0.3720
3867 0.1382
3868 0.1419
3869 0.1064
3870 0.1989
3871 0.1395
3872 0.0975
3873 0.0839
3874 0.2791
3875 0.0828
3876 0.1187
3877 0.2493
3878 0.1836
3879 0.4306
3880 0.0836
3881 0.2019
3882 0.2917
3883 0.1319
3884 0.1409
3885 0.1823
3886 0.3073
3887 0.1564
3888 0.1567
3889 0.0729
3890 0.1180
3891 0.2168
3892 0.1213
3893 0.1174
3894 0.3123
3895 0.4340
3896 0.1008
3897 0.1104
3898 0.3038
3899 0.1256
3900 0.1148
3901 0.0910
3902 0.4298
3903 0.4202
3904 0.2482
3905 0.2547
3906 0.0940
3907 0.2041
3908 0.0731
3909 0.2441
3910 0.1018
3911 0.4643
3912 0.0710
3913 0.1997
3914 0.1964
3915 0.0746
3916 0.0914
3917 0.1068
3918 0.1167
3919 0.0916
3920 0.0942
3921 0.1947
3922 0.1314
3923 0.1287
3924 0.1319
3925 0.2134
3926 0.1167
3927 0.1010
3928 0.0927
3929 0.1354
3930 0.3914
3931 0.1143
3932 0.1562
3933 0.2276
3934 0.1408
3935 0.0968
3936 0.0676
3937 0.2208
3938 0.1285
3939 0.1131
3940 0.3921
3941 0.1443
3942 0.2657
3943 0.1131
3944 0.0929
3945 0.1555
3946 0.1139
3947 0.1170
3948 0.2721
3949 0.0743
3950 0.5895
3951 0.4488
3952 0.1276
3953 0.1316
3954 0.2990
3955 0.0830
3956 0.1263
3957 0.0994
3958 0.1375
3959 0.1249
3960 0.4491
3961 0.1534
3962 0.1271
3963 0.1737
3964 0.0855
3965 0.0680
3966 0.1200
3967 0.2652
3968 0.1939
3969 0.5415
3970 0.0940
3971 0.1524
3972 0.1265
3973 0.0783
3974 0.1123
3975 0.1207
3976 0.3153
3977 0.1432
3978 0.0890
3979 0.2078
3980 0.0690
3981 0.2522
3982 0.1953
3983 0.4307
3984 0.0778
3985 0.0818
3986 0.1260
3987 0.1476
3988 0.0970
3989 0.1662
3990 0.1083
3991 0.1002
3992 0.0810
3993 0.1050
3994 0.1802
3995 0.1182
3996 0.1296
3997 0.0719
3998 0.1484
3999 0.1346
4000 0.1060
4001 0.1281
4002 0.0969
4003 0.7601
4004 0.2369
4005 0.2238
4006 0.1972
4007 0.0697
4008 0.1146
4009 0.1067
4010 0.2607
4011 0.2390
4012 0.0829
4013 0.0798
4014 0.1367
4015 0.2071
4016 0.1140
4017 0.1610
4018 0.1178
4019 0.1648
4020 0.1164
4021 0.1578
4022 0.0825
4023 0.1504
4024 0.3569
4025 0.1341
4026 0.4648
4027 0.1176
4028 0.1028
4029 0.0957
4030 0.1254
4031 0.2415
4032 0.2572
4033 0.1892
4034 0.1152
4035 0.0763
4036 0.1120
4037 0.3069
4038 0.3455
4039 0.1424
4040 0.1131
4041 0.1424
4042 0.1075
4043 0.1382
4044 0.1199
4045 0.1449
4046 0.2353
4047 0.0796
4048 0.2573
4049 0.2607
4050 0.2981
4051 0.0899
4052 0.1253
4053 0.9915
4054 0.1804
4055 0.1979
4056 0.1478
4057 0.1202
4058 0.0818
4059 0.3439
4060 0.3323
4061 0.1211
4062 0.1054
4063 0.1347
4064 0.4112
4065 0.1374
4066 0.1119
4067 0.0747
4068 0.1262
4069 0.1673
4070 0.0946
4071 0.0945
4072 0.1553
4073 0.3713
4074 0.1296
4075 0.2210
4076 0.3253
4077 0.1807
4078 0.1332
4079 0.1147
4080 0.1957
4081 0.2081
4082 0.0990
4083 0.1312
4084 0.2028
4085 0.3056
4086 0.2364
4087 0.1274
4088 0.1176
4089 0.0775
4090 0.0996
4091 0.5051
4092 0.1354
4093 0.2636
4094 0.1268
4095 0.1817
4096 0.1440
4097 0.2684
4098 0.0877
4099 0.1967
4100 0.2710
4101 0.2709
4102 1.1133
4103 0.1172
4104 0.1361
4105 0.1123
4106 0.1389
4107 0.0921
4108 0.2465
4109 0.3695
4110 0.2474
4111 0.1056
4112 0.2549
4113 0.0956
4114 0.1448
4115 0.1442
4116 0.1392
4117 0.1496
4118 0.1261
4119 0.4509
4120 0.1183
4121 0.9121
4122 0.1042
4123 0.1419
4124 0.1554
4125 0.1389
4126 0.1276
4127 0.1151
4128 0.4140
4129 0.1563
4130 0.3002
4131 0.0834
4132 0.1397
4133 0.1831
4134 0.1129
4135 0.1421
4136 0.2526
4137 0.1007
4138 0.1273
4139 0.1751
4140 0.2060
4141 0.1161
4142 0.1228
4143 0.1148
4144 0.2198
4145 0.0964
4146 0.1166
4147 0.3170
4148 0.2673
4149 0.0767
4150 0.1590
4151 0.1777
4152 0.1852
4153 0.0720
4154 0.2344
4155 0.0898
4156 0.3012
4157 0.1108
4158 0.2411
4159 0.1397
4160 0.1235
4161 0.1258
4162 0.1163
4163 0.2679
4164 0.1888
4165 0.1198
4166 0.3392
4167 0.3237
4168 0.0846
4169 0.1197
4170 0.6850
4171 0.1537
4172 0.2443
4173 0.0897
4174 0.0905
4175 0.1678
4176 0.0794
4177 0.1848
4178 0.2564
4179 0.1347
4180 0.2224
4181 0.1060
4182 0.0835
4183 0.1161
4184 0.1266
4185 0.1350
4186 0.0879
4187 0.2557
4188 0.1312
4189 0.4865
4190 0.0954
4191 0.0714
4192 0.1133
4193 0.0897
4194 0.0966
4195 0.1353
4196 0.1031
4197 0.0881
4198 0.4736
4199 0.1466
4200 0.1407
4201 0.1138
4202 0.1198
4203 0.0940
4204 0.1007
4205 0.1127
4206 0.1696
4207 0.1172
4208 0.0943
4209 0.1997
4210 0.1097
4211 0.2612
4212 0.0916
4213 0.7602
4214 0.1136
4215 0.0942
4216 0.0889
4217 0.2400
4218 0.3246
4219 0.0955
4220 0.1194
4221 0.3059
4222 0.1618
4223 0.0979
4224 0.2682
4225 0.1117
4226 0.2093
4227 0.1169
4228 0.1060
4229 0.0948
4230 0.1571
4231 0.1709
4232 0.0888
4233 0.0891
4234 0.1412
4235 0.3538
4236 0.2170
4237 0.1262
4238 0.2114
4239 0.3376
4240 0.1319
4241 0.0755
4242 0.0688
4243 0.3117
4244 0.2081
4245 0.1238
4246 0.1243
4247 0.1077
4248 0.0657
4249 0.2742
4250 0.0919
4251 0.4070
4252 0.2426
4253 0.1039
4254 0.1171
4255 0.0834
4256 0.2159
4257 0.0986
4258 0.6278
4259 0.5358
4260 0.1045
4261 0.4830
4262 0.1121
4263 0.1311
4264 0.3641
4265 0.1633
4266 0.1128
4267 0.0709
4268 0.1438
4269 0.1991
4270 0.0817
4271 0.1579
4272 0.0664
4273 0.1584
4274 0.1443
4275 0.1293
4276 0.3226
4277 0.1085
4278 0.3425
4279 0.0805
4280 0.3537
4281 0.3438
4282 0.2280
4283 0.0881
4284 0.2337
4285 0.1226
4286 0.2821
4287 0.1223
4288 0.1115
4289 0.1288
4290 0.1355
4291 0.1268
4292 0.0800
4293 0.1115
4294 0.0775
4295 0.1281
4296 0.1083
4297 0.1719
4298 0.0831
4299 0.1199
4300 0.0671
4301 0.0766
4302 0.1322
4303 0.1100
4304 0.1558
4305 0.0750
4306 0.0987
4307 0.1431
4308 0.0876
4309 0.1102
4310 0.2823
4311 0.2891
4312 0.1182
4313 0.1211
4314 0.0937
4315 0.3667
4316 0.1379
4317 0.0781
4318 0.0778
4319 0.1247
4320 0.1019
4321 0.3194
4322 0.3027
4323 0.0930
4324 0.1039
4325 0.1207
4326 0.1483
4327 0.1816
4328 0.0899
4329 0.1300
4330 0.1582
4331 0.1095
4332 0.2404
4333 0.0962
4334 0.1039
4335 0.2427
4336 0.1439
4337 0.0657
4338 0.2954
4339 0.3384
4340 0.1377
4341 0.3294
4342 0.1535
4343 0.0797
4344 0.1202
4345 0.4088
4346 0.3865
4347 0.1599
4348 0.1091
4349 0.1115
4350 0.0985
4351 0.0926
4352 0.2205
4353 0.1729
4354 0.1112
4355 0.3436
4356 0.2160
4357 0.1191
4358 0.1175
4359 0.1544
4360 0.1428
4361 0.2511
4362 0.3741
4363 0.0955
4364 0.0901
4365 0.3290
4366 0.1473
4367 0.1177
4368 0.1656
4369 0.2203
4370 0.0965
4371 0.1326
4372 0.1065
4373 0.1936
4374 0.1463
4375 0.0724
4376 0.0826
4377 0.3138
4378 0.2669
4379 0.0968
4380 0.2476
4381 0.2856
4382 0.0917
4383 0.0787
4384 0.2528
4385 0.1179
4386 0.3141
4387 0.2322
4388 0.2810
4389 0.0903
4390 0.0956
4391 0.0720
4392 0.1443
4393 0.2456
4394 0.2590
4395 0.1464
4396 0.1486
4397 0.0875
4398 0.3336
4399 0.1923
4400 0.3786
4401 0.1073
4402 0.0810
4403 0.1188
4404 0.1791
4405 0.1343
4406 0.2728
4407 0.1701
4408 0.0959
4409 0.1605
4410 0.1234
4411 0.2111
4412 0.5259
4413 0.1439
4414 0.1726
4415 0.6834
4416 0.2512
4417 0.3865
4418 0.1257
4419 0.4525
4420 0.1797
4421 0.0776
4422 0.1060
4423 0.1157
4424 0.1391
4425 0.0738
4426 0.0862
4427 0.1274
4428 0.0697
4429 0.0835
4430 0.1382
4431 0.1184
4432 0.0899
4433 0.0757
4434 0.0916
4435 0.1081
4436 0.0901
4437 0.1600
4438 0.0681
4439 0.0943
4440 0.0897
4441 0.1229
4442 0.1123
4443 0.2270
4444 0.1138
4445 0.1154
4446 0.0901
4447 0.1452
4448 0.2541
4449 0.2088
4450 0.2134
4451 0.2733
4452 0.1014
4453 0.0795
4454 0.0816
4455 0.1196
4456 0.2196
4457 0.0717
4458 0.1771
4459 0.0788
4460 0.1215
4461 0.1517
4462 0.1825
4463 0.1668
4464 0.1269
4465 0.1448
4466 0.2112
4467 0.1238
4468 0.1213
4469 0.1329
4470 0.1324
4471 0.1763
4472 0.1134
4473 0.0663
4474 0.0740
4475 0.1297
4476 0.1573
4477 0.2501
4478 0.2409
4479 0.0692
4480 0.1517
4481 0.4022
4482 0.1372
4483 0.0749
4484 0.5559
4485 0.2035
4486 0.1199
4487 0.0795
4488 0.1081
4489 0.0832
4490 0.1122
4491 0.0740
4492 0.0983
4493 0.1040
4494 0.0723
4495 0.1197
4496 0.1107
4497 0.2301
4498 0.0838
4499 0.3218
4500 0.1517
4501 0.1693
4502 0.0957
4503 0.3568
4504 0.1008
4505 0.2505
4506 0.1154
4507 0.1703
4508 0.2526
4509 0.1324
4510 0.0933
4511 0.1079
4512 0.4470
4513 0.1574
4514 0.1624
4515 0.5100
4516 0.0769
4517 0.1411
4518 0.1313
4519 0.2140
4520 0.1958
4521 0.0807
4522 0.1063
4523 0.1337
4524 0.1340
4525 0.1336
4526 0.2213
4527 0.0676
4528 0.6360
4529 0.0810
4530 0.1478
4531 0.0936
4532 0.2812
4533 0.0869
4534 0.1348
4535 0.2283
4536 0.2135
4537 0.1055
4538 0.2316
4539 0.1154
4540 0.2552
4541 0.0763
4542 0.1928
4543 0.0907
4544 0.0954
4545 0.1245
4546 0.0654
4547 0.1023
4548 0.3268
4549 0.1393
4550 0.1457
4551 0.1287
4552 0.1350
4553 0.1262
4554 0.2831
4555 0.0724
4556 0.0859
4557 0.0867
4558 0.1337
4559 0.7932
4560 0.0824
4561 0.1145
4562 0.1260
4563 0.3634
4564 0.1053
4565 0.1950
4566 0.1030
4567 0.0781
4568 0.7108
4569 0.1123
4570 0.6488
4571 0.1646
4572 0.1138
4573 0.0903
4574 0.0992
4575 0.1280
4576 0.3475
4577 0.3672
4578 0.0785
4579 0.1100
4580 0.1145
4581 0.1616
4582 0.1141
4583 0.1229
4584 0.1347
4585 0.1429
4586 0.1218
4587 0.2003
4588 0.2790
4589 0.1528
4590 0.2435
4591 0.1665
4592 0.7827
4593 0.1053
4594 0.4025
4595 0.0961
4596 0.1679
4597 0.1227
4598 0.0907
4599 0.1158
4600 0.2737
4601 0.1184
4602 0.0846
4603 0.3500
4604 0.1130
4605 0.3462
4606 0.1793
4607 0.0850
4608 0.2608
4609 0.3906
4610 0.8419
4611 0.0960
4612 0.0775
4613 0.0845
4614 0.0738
4615 0.1090
4616 0.1394
4617 0.1281
4618 0.2602
4619 0.1114
4620 0.0990
4621 0.1549
4622 0.1357
4623 0.0710
4624 0.0993
4625 0.1002
4626 0.0891
4627 0.0959
4628 0.1009
4629 0.1890
4630 0.1497
4631 0.1041
4632 0.7922
4633 0.1325
4634 0.0910
4635 0.0633
4636 0.1774
4637 0.1558
4638 0.1355
4639 0.1163
4640 0.2786
4641 0.1243
4642 0.0938
4643 0.1008
4644 0.0958
4645 0.0907
4646 0.1437
4647 0.0916
4648 0.0835
4649 0.2790
4650 0.1837
4651 0.3089
4652 0.1174
4653 0.5195
4654 0.5426
4655 0.2088
4656 0.2028
4657 0.1112
4658 0.1207
4659 0.1422
4660 0.0999
4661 0.1340
4662 0.0908
4663 0.1218
4664 0.3717
4665 0.1283
4666 0.0963
4667 0.1889
4668 0.0808
4669 0.0882
4670 0.2111
4671 0.1327
4672 0.1454
4673 0.0979
4674 0.1127
4675 0.2110
4676 0.2349
4677 0.3742
4678 0.1016
4679 0.2070
4680 0.2581
4681 0.2310
4682 0.1053
4683 0.0829
4684 0.0797
4685 0.1203
4686 0.0763
4687 0.3050
4688 0.2632
4689 0.1237
4690 0.1245
4691 0.2177
4692 0.1199
4693 0.1688
4694 0.7209
4695 0.1122
4696 0.0943
4697 0.1156
4698 0.1026
4699 0.4419
4700 0.2961
4701 0.1255
4702 0.2624
4703 0.2084
4704 0.0915
4705 0.2226
4706 0.1102
4707 0.1108
4708 0.1246
4709 0.1284
4710 0.1179
4711 0.1896
4712 0.1160
4713 0.0751
4714 0.0867
4715 0.1123
4716 0.0923
4717 0.1467
4718 0.1916
4719 0.1184
4720 0.2534
4721 0.1396
4722 0.1470
4723 0.1081
4724 0.0787
4725 0.2593
4726 0.2471
4727 0.2841
4728 0.3485
4729 0.1278
4730 0.1180
4731 0.0993
4732 0.0903
4733 0.2384
4734 0.0921
4735 0.1072
4736 0.1436
4737 0.2986
4738 0.0851
4739 0.1231
4740 0.1019
4741 0.0843
4742 0.0834
4743 0.0976
4744 0.0856
4745 0.1782
4746 0.1129
4747 0.2750
4748 0.1384
4749 0.1836
4750 0.0768
4751 0.0922
4752 0.2129
4753 0.2039
4754 0.2297
4755 0.1891
4756 0.1085
4757 0.1069
4758 0.3411
4759 0.3024
4760 0.1527
4761 0.1393
4762 0.1505
4763 0.3192
4764 0.3098
4765 0.1276
4766 0.1858
4767 0.1206
4768 0.1348
4769 0.1088
4770 0.1043
4771 0.2727
4772 0.1107
4773 0.1736
4774 0.1314
4775 0.0784
4776 0.1516
4777 0.1741
4778 0.4050
4779 0.6876
4780 0.1407
4781 0.1402
4782 0.0976
4783 0.0943
4784 0.1467
4785 0.1395
4786 0.0879
4787 0.1871
4788 0.3190
4789 0.1021
4790 0.0815
4791 0.0614
4792 0.0813
4793 0.1056
4794 0.0842
4795 0.1371
4796 0.0775
4797 0.0869
4798 0.1031
4799 0.2544
4800 0.1924
4801 0.0864
4802 0.0898
4803 0.0802
4804 0.2400
4805 0.0738
4806 0.1223
4807 0.0798
4808 0.1120
4809 0.1180
4810 0.2527
4811 0.1639
4812 0.1136
4813 0.1076
4814 0.3521
4815 0.3388
4816 0.0696
4817 0.1695
4818 0.2202
4819 0.1337
4820 0.3824
4821 0.1101
4822 0.1327
4823 0.0913
4824 0.0672
4825 0.1000
4826 0.1276
4827 0.2092
4828 0.3429
4829 0.1345
4830 0.0819
4831 0.1306
4832 0.1784
4833 0.0770
4834 0.1629
4835 0.1242
4836 0.0909
4837 0.2086
4838 0.1155
4839 0.1870
4840 0.0867
4841 0.2659
4842 0.1056
4843 0.0765
4844 0.1095
4845 0.1143
4846 0.1040
4847 0.3510
4848 0.9152
4849 0.3895
4850 0.1288
4851 0.2432
4852 0.2524
4853 0.2251
4854 0.1759
4855 0.0877
4856 0.6418
4857 0.1366
4858 0.1020
4859 0.2802
4860 0.1029
4861 0.0898
4862 0.0946
4863 0.2361
4864 0.1132
4865 0.1157
4866 0.1229
4867 0.1106
4868 0.1440
4869 0.0789
4870 0.0905
4871 0.0984
4872 0.2603
4873 0.0853
4874 0.2090
4875 0.0806
4876 0.1586
4877 0.3137
4878 0.2738
4879 0.0757
4880 0.0794
4881 0.1053
4882 0.1067
4883 0.1335
4884 0.1007
4885 1.1480
4886 0.0937
4887 0.1404
4888 0.1106
4889 0.1238
4890 0.1767
4891 0.0934
4892 0.2245
4893 0.2631
4894 0.2380
4895 0.1874
4896 0.1890
4897 0.0902
4898 0.1891
4899 0.0798
4900 0.1802
4901 0.0723
4902 0.1036
4903 0.1245
4904 0.4272
4905 0.2443
4906 0.0942
4907 0.1069
4908 0.2463
4909 0.1785
4910 0.1316
4911 0.4124
4912 0.6952
4913 0.1297
4914 0.1002
4915 0.0943
4916 0.0801
4917 0.0784
4918 0.1584
4919 0.1579
4920 0.0767
4921 0.3833
4922 0.2149
4923 0.1184
4924 0.1828
4925 0.1112
4926 0.1662
4927 0.1295
4928 0.1403
4929 0.0985
4930 0.1136
4931 0.1515
4932 0.1319
4933 0.6342
4934 0.3119
4935 0.2898
4936 0.1539
4937 0.1030
4938 0.1245
4939 0.1888
4940 0.1142
4941 0.0869
4942 0.2117
4943 0.1588
4944 0.1257
4945 0.2724
4946 0.1254
4947 0.1172
4948 0.0854
4949 0.0750
4950 0.1112
4951 0.1196
4952 0.6168
4953 0.1081
4954 0.0939
4955 0.0804
4956 0.0878
4957 0.1107
4958 0.0707
4959 0.1219
4960 0.1212
4961 0.1104
4962 0.1485
4963 0.1929
4964 0.2314
4965 0.0992
4966 0.2271
4967 0.0882
4968 0.0929
4969 0.0879
4970 0.0743
4971 0.1108
4972 0.1829
4973 0.0751
4974 0.1197
4975 0.4157
4976 0.0738
4977 0.0743
4978 0.1086
4979 0.7237
4980 0.1018
4981 0.1236
4982 0.0711
4983 0.1023
4984 0.1065
4985 0.1548
4986 0.0829
4987 0.1680
4988 0.0848
4989 0.1216
4990 0.1583
4991 0.1628
4992 0.2076
4993 0.1007
4994 0.1933
4995 0.0929
4996 0.1788
4997 0.0751
4998 0.1254
4999 0.3708
5000 0.0882
