5001 0.9085
5002 3.1566
5003 35.1182
5004   NaN
5005 15.4517
5006 0.6909
5007 8.3143
5008 9.1203
5009 8.0186
5010 5.4460
5011 4.0165
5012 9.7527
5013 48.6183
5014 12.8921
5015 1.2586
5016 6.6619
5017 20.2724
5018 0.8747
5019 1.4787
5020 3.1466
5021 4.2490
5022 5.6397
5023 0.7530
5024 18.4297
5025 10.5502
5026 11.7922
5027 3.3949
5028 11.4919
5029 68.2494
5030 0.8039
5031 3.5779
5032 3.6441
5033 26.2053
5034 15.9792
5035 2.3044
5036 0.9241
5037 4.0901
5038 10.4324
5039 1.3791
5040 16.6518
5041 5.5817
5042 2.6870
5043 8.9151
5044 2.9936
5045 1.4487
5046 20.7645
5047 2.3994
5048 0.4097
5049 11.6472
5050 1.2334
5051 9.6044
5052 48.2482
5053 20.1869
5054 3.8195
5055 7.6864
5056 59.7193
5057 1.8103
5058 7.8352
5059 16.6477
5060 25.0111
5061 26.0441
5062 43.6309
5063 27.3110
5064 24.9610
5065 0.4389
5066 3.5101
5067 3.7502
5068 3.3369
5069 5.9172
5070 6.7711
5071 19.7413
5072 1.4707
5073 50.2223
5074 8.5739
5075 6.5309
5076 0.6208
5077 2.7785
5078 5.2194
5079 2.4146
5080 22.9043
5081 7.4886
5082 24.7115
5083 6.0760
5084 0.9060
5085 6.4932
5086 18.2264
5087 7.9949
5088 15.1981
5089 3.7514
5090 6.1143
5091 27.6773
5092 1.5316
5093 1.1445
5094 3.0920
5095 0.0842
5096 18.6737
5097 0.7664
5098 0.7332
5099 2.9481
5100 19.1560
5101 4.6711
5102 7.2704
5103 8.8536
5104 4.9021
5105 0.6248
5106 0.1107
5107 5.2222
5108 5.3265
5109 3.1361
5110 3.2685
5111 1.3287
5112 1.1793
5113 3.3784
5114 5.9845
5115 12.3011
5116 1.2606
5117 14.4293
5118 1.8592
5119 17.8442
5120 8.9957
5121 25.1803
5122 12.0454
5123 8.3834
5124 7.2081
5125 2.7164
5126 9.1762
5127 0.8643
5128 3.5805
5129 1.7553
5130 0.7312
5131 1.1840
5132 3.7145
5133 1.0228
5134 0.7874
5135 6.7854
5136 1.5453
5137 8.5781
5138 16.3175
5139 6.7913
5140 1.5295
5141 0.6264
5142 6.8586
5143 1.3728
5144 18.6012
5145 42.8626
5146 1.4298
5147 12.2022
5148 17.4088
5149 1.3226
5150 9.7800
5151 6.2183
5152 2.8758
5153 1.6473
5154 1.5332
5155   NaN
5156 0.4294
5157 50.4705
5158 11.6508
5159 0.7394
5160 27.1077
5161 1.9410
5162 1.4576
5163 1.0487
5164 0.1979
5165 3.4550
5166 0.9539
5167 2.6190
5168 12.6760
5169 4.4807
5170 1.0643
5171 6.9591
5172 46.3857
5173 22.2689
5174 5.7210
5175 3.4272
5176 1.0051
5177 10.2064
5178 7.2457
5179 4.2985
5180 4.2735
5181 7.8194
5182 3.7743
5183 5.9554
5184 0.5177
5185 48.4980
5186 13.3524
5187 0.8482
5188 1.6743
5189 10.0142
5190 0.5741
5191 9.1458
5192 33.6792
5193 21.7263
5194 9.9207
5195 1.3625
5196 13.5089
5197 1.0359
5198 4.2533
5199 49.7545
5200   NaN
5201 1.0247
5202 6.9985
5203 5.0466
5204 8.2348
5205 10.7692
5206 3.4656
5207 31.7977
5208 13.9847
5209 4.1684
5210 4.4948
5211 0.6342
5212 2.0596
5213 6.5906
5214 3.8230
5215 3.4167
5216 15.5925
5217 8.0391
5218 4.1700
5219 6.5854
5220 1.2653
5221 19.1464
5222 3.9336
5223 2.1102
5224 18.8532
5225 0.7269
5226 2.0619
5227 16.2584
5228 5.1926
5229 13.4666
5230 5.7043
5231 0.6222
5232 4.0541
5233 11.8913
5234 37.4514
5235 1.8181
5236 4.5363
5237 4.4906
5238 16.6372
5239 15.6276
5240 1.1730
5241 1.2910
5242 3.5566
5243 6.3449
5244 3.0625
5245 5.5680
5246 0.8940
5247 8.4268
5248 21.0878
5249 13.5328
5250 9.3733
5251 0.3749
5252 1.9571
5253 1.7900
5254 23.5965
5255 16.3403
5256 86.2501
5257 18.0299
5258 0.9430
5259 1.1651
5260 33.7699
5261 1.4745
5262 4.4852
5263 20.4453
5264 1.2758
5265 10.2709
5266 13.9333
5267 35.3530
5268 3.6942
5269 14.6433
5270 28.5678
5271 0.5476
5272 0.8461
5273 4.0734
5274 18.3949
5275 3.9363
5276 0.1977
5277 28.3787
5278 1.6761
5279 0.6845
5280 3.4164
5281 5.5295
5282 7.9224
5283 19.6082
5284 3.8007
5285 1.7590
5286 9.6560
5287 2.1978
5288 1.9805
5289 58.8008
5290 1.0624
5291 1.7938
5292 5.6397
5293 1.0792
5294 0.6038
5295 18.7660
5296 10.3067
5297 3.7898
5298 0.9857
5299 17.1721
5300 82.3933
5301 1.6318
5302 13.2393
5303 73.7249
5304 0.2949
5305 3.6536
5306 2.3868
5307 3.0839
5308 1.4184
5309 1.4605
5310 1.6216
5311 1.3179
5312 22.8860
5313 4.2704
5314 56.1644
5315 14.4646
5316 5.9872
5317 0.5079
5318   NaN
5319 32.7932
5320   NaN
5321 0.9814
5322 2.1723
5323 1.3795
5324 1.1607
5325 6.6741
5326 6.6417
5327 13.4490
5328 3.4181
5329 70.4463
5330 4.3962
5331 5.9498
5332 9.1507
5333 1.6093
5334 1.0024
5335 9.4258
5336 7.9425
5337 1.8531
5338 0.2680
5339 19.6322
5340 3.8596
5341 5.3704
5342 4.8459
5343 38.8156
5344 0.5990
5345 2.3907
5346 5.9144
5347 0.1817
5348 79.1903
5349 37.3234
5350 1.8200
5351 2.1340
5352 3.8768
5353 8.6607
5354 11.3602
5355 15.8899
5356 1.2777
5357 18.6432
5358 22.7299
5359 2.0674
5360 1.1248
5361 5.9275
5362 2.4250
5363 0.6566
5364 6.0047
5365 0.6343
5366 70.9675
5367 1.4255
5368 6.6855
5369 9.0158
5370 3.2759
5371 5.3959
5372 0.8185
5373 1.4223
5374 9.6447
5375 7.8669
5376 19.0937
5377 3.6263
5378 6.4482
5379 2.3600
5380 10.6325
5381 15.1492
5382 1.0020
5383 20.7726
5384 4.1095
5385 2.4990
5386 45.7625
5387 12.8058
5388 5.3301
5389 0.5972
5390 1.6683
5391 0.6086
5392 33.0149
5393 13.2351
5394 3.9256
5395 24.0023
5396 10.5815
5397 12.6717
5398 28.2768
5399 7.9493
5400 4.6013
5401 0.8939
5402 9.6447
5403 0.2227
5404 4.8729
5405 1.5928
5406 10.6085
5407 4.7392
5408 7.7111
5409 2.2390
5410 10.9640
5411 7.5422
5412 17.4261
5413 4.7038
5414 0.5310
5415 5.8630
5416 5.7128
5417 2.0338
5418 3.3845
5419 1.6815
5420 2.7039
5421 1.1352
5422 16.0161
5423 0.2384
5424 24.5704
5425 4.3112
5426 7.3217
5427 6.6995
5428 12.1692
5429 9.3613
5430 13.6896
5431 10.5810
5432 4.6338
5433 15.6120
5434 1.0355
5435 1.9996
5436 3.3479
5437 12.3232
5438 0.6344
5439 6.9968
5440 1.2238
5441 4.6009
5442 16.9930
5443 32.4833
5444 1.8594
5445 8.9650
5446 3.0492
5447 1.9010
5448 1.9760
5449 8.6731
5450 1.6198
5451 5.6391
5452 10.9586
5453 5.6396
5454 8.1399
5455 11.1405
5456 3.4489
5457 1.8546
5458 11.0132
5459 5.1840
5460 12.0553
5461 7.9739
5462 4.5960
5463 4.7456
5464 3.1834
5465 14.6667
5466 10.4063
5467 134.3911
5468 47.5337
5469 11.1312
5470 11.0039
5471 4.2255
5472 3.1332
5473 30.4900
5474 4.2003
5475 28.7173
5476 11.9557
5477 4.3337
5478 23.0866
5479 1.5436
5480 0.7070
5481 47.8146
5482 4.9803
5483 10.9564
5484 6.5794
5485 0.9744
5486 28.3640
5487 11.9062
5488 10.8125
5489 5.6816
5490 2.2044
5491 2.5579
5492 5.6701
5493 3.6362
5494 4.8685
5495 1.8645
5496   NaN
5497 1.2133
5498 0.6614
5499 17.0480
5500 4.2656
5501 11.7597
5502 11.0735
5503 7.2952
5504 1.9725
5505 9.7604
5506 61.2484
5507 12.9370
5508 2.6616
5509 33.3754
5510 1.3593
5511 5.8857
5512 0.5737
5513 57.3809
5514 61.1301
5515 2.4651
5516 7.8632
5517 0.6622
5518 5.8264
5519 0.4952
5520 14.5613
5521 2.9157
5522 2.1911
5523 1.8407
5524 4.5251
5525 2.4314
5526 22.4175
5527 122.1146
5528 5.5547
5529 13.3572
5530 28.2980
5531 1.8492
5532 3.7121
5533 13.5605
5534 3.4809
5535 0.7546
5536 9.8922
5537 23.0748
5538 5.4106
5539 4.4943
5540 7.2529
5541 4.0985
5542 14.9752
5543 9.2307
5544 1.7459
5545 10.5179
5546 3.6508
5547 14.5790
5548 4.8368
5549 8.0438
5550 5.1012
5551 14.5422
5552 9.4675
5553 22.8366
5554 1.7573
5555 5.1376
5556 10.4515
5557 6.7040
5558 6.0669
5559 12.2438
5560 3.6962
5561 7.5146
5562 1.1620
5563 22.5578
5564 9.1889
5565 5.4801
5566 9.8079
5567 0.6233
5568 5.3214
5569 1.6470
5570 2.0934
5571 5.3702
5572 3.8642
5573 10.3295
5574 8.4469
5575 2.0174
5576 3.4236
5577 29.7079
5578 77.9257
5579 11.6912
5580 0.2062
5581 12.2166
5582 5.8125
5583 10.2651
5584 0.4339
5585 4.4757
5586 11.8584
5587 9.9423
5588 21.4577
5589 3.2317
5590 3.1347
5591 1.3783
5592 10.8482
5593 10.2818
5594 14.5747
5595 29.1462
5596 4.8538
5597 2.1055
5598 13.0135
5599 11.4423
5600 29.6470
5601 9.1882
5602 19.9757
5603 9.9471
5604 3.6208
5605 17.4052
5606 2.7027
5607 0.3439
5608 17.8346
5609 13.0025
5610 2.6524
5611 11.2735
5612 0.7551
5613 61.0916
5614 1.0441
5615 0.3541
5616 30.8025
5617 1.1778
5618 8.9884
5619 16.9896
5620 6.9121
5621 4.3614
5622 12.2691
5623 34.1533
5624 12.4101
5625 10.9881
5626 10.8691
5627 8.9802
5628 20.5222
5629 0.1101
5630 3.6360
5631 3.0237
5632 0.7997
5633 9.3483
5634 18.0645
5635 2.2787
5636 11.2747
5637 5.0358
5638 18.9497
5639 18.0884
5640 7.1913
5641 0.8280
5642 3.3124
5643 0.3557
5644 22.0935
5645 9.3458
5646 3.7554
5647 1.5374
5648 13.5774
5649 1.4299
5650 5.6512
5651 40.3065
5652 1.1653
5653 2.1766
5654 1.3112
5655 5.8707
5656 2.6494
5657 0.5536
5658 23.0228
5659 31.6031
5660 1.6789
5661 2.0961
5662 1.5882
5663 0.4471
5664 7.7991
5665 9.6556
5666 14.1237
5667 1.4896
5668 5.1348
5669 19.2916
5670 6.4328
5671 0.2535
5672 2.1182
5673 9.4824
5674 23.0735
5675 4.4007
5676 25.9439
5677 1.9257
5678 4.0251
5679 1.9343
5680 12.5021
5681 6.7607
5682 1.8671
5683 28.0048
5684 4.3038
5685 2.0732
5686 1.5061
5687 11.3384
5688 10.3591
5689 9.3327
5690 3.8136
5691 6.5368
5692 1.6875
5693 1.8759
5694 1.3214
5695 12.6542
5696 2.3835
5697 16.2600
5698 4.7456
5699 20.5618
5700 6.1013
5701 0.3236
5702 43.3319
5703 1.8098
5704 5.5992
5705 2.5924
5706 8.1240
5707 1.1103
5708 7.7107
5709 0.4520
5710 0.6282
5711 3.8076
5712 1.3661
5713 14.6405
5714 0.6167
5715 4.9812
5716 2.8759
5717 10.4015
5718 7.4074
5719 2.8659
5720 1.8376
5721 0.3584
5722 20.2888
5723 30.8055
5724 3.9284
5725 77.1442
5726 10.8383
5727 66.2245
5728 8.6130
5729 12.4266
5730 1.7053
5731 5.8232
5732 4.3556
5733 1.9706
5734 2.1406
5735 9.7478
5736 3.4219
5737 1.7639
5738 2.0024
5739 12.0079
5740 11.1504
5741 1.3599
5742 45.9934
5743 1.6518
5744 71.5613
5745 18.6847
5746 3.1100
5747 0.9238
5748 12.2504
5749 46.3165
5750 0.6431
5751 13.6991
5752 6.4946
5753 13.5487
5754 1.6042
5755 1.5049
5756 29.4092
5757 14.3728
5758 1.7094
5759 5.6956
5760 1.5524
5761 2.8546
5762 6.3509
5763 3.8134
5764 3.9920
5765 6.5681
5766 1.7956
5767 7.1514
5768 1.8678
5769 39.5191
5770 6.0250
5771 4.2488
5772 0.8481
5773 7.7309
5774 2.6132
5775 2.6667
5776 1.1082
5777 25.7085
5778 1.6254
5779 2.0773
5780 12.6021
5781 1.1556
5782 2.8536
5783 11.7448
5784 23.3491
5785 3.8045
5786 88.3121
5787 14.4377
5788 24.6575
5789 3.1443
5790 1.0905
5791 1.6128
5792 5.8955
5793 1.4744
5794 0.6619
5795 3.5423
5796 25.3510
5797 12.5566
5798 0.4987
5799 0.9282
5800 11.5129
5801 19.2654
5802 14.1691
5803 0.5681
5804 2.4595
5805 9.3480
5806 7.4546
5807 3.0460
5808 3.8746
5809 2.1697
5810 11.3544
5811 15.7425
5812 1.5287
5813 52.4384
5814 16.8503
5815 15.5291
5816 114.1279
5817 4.3230
5818 20.4688
5819 14.8530
5820 3.0858
5821 24.9964
5822 0.6034
5823 30.7613
5824 23.6156
5825 20.1818
5826 2.6313
5827 1.0144
5828 18.0787
5829 2.1127
5830 23.6835
5831 4.2231
5832 0.5427
5833 27.2407
5834 3.1743
5835 9.6641
5836 8.3950
5837 5.0989
5838 0.4337
5839 7.0869
5840 13.0572
5841 0.2353
5842 2.5534
5843 16.4515
5844 0.2995
5845 23.4542
5846 1.7656
5847 14.7721
5848 4.3239
5849 1.0443
5850 0.5577
5851 15.0244
5852 13.0864
5853 1.5882
5854 0.5512
5855 5.0504
5856 1.6797
5857 11.6352
5858 3.6907
5859 52.3348
5860 43.6141
5861 5.1487
5862 12.1379
5863 2.6846
5864 12.8244
5865 13.5302
5866 3.7943
5867 31.4595
5868 16.7402
5869 5.6797
5870 1.0814
5871 0.8617
5872 0.5743
5873 30.2254
5874 2.3191
5875 49.2691
5876 0.6261
5877 19.7005
5878 26.2563
5879 0.8389
5880 10.6056
5881 0.8250
5882 19.2102
5883 7.3458
5884 10.5674
5885 12.3702
5886 4.1992
5887 6.9981
5888 6.4964
5889 5.2391
5890 4.3644
5891 0.8826
5892 0.9061
5893 3.5331
5894 5.2830
5895 50.9480
5896 8.0839
5897 21.9535
5898 3.1951
5899 5.5808
5900 16.5591
5901 1.3209
5902 9.9036
5903 7.4374
5904 5.4165
5905 0.1931
5906 8.4531
5907 110.1340
5908 27.2294
5909 4.1845
5910 5.0723
5911 9.1581
5912 6.6926
5913 19.4831
5914 43.3590
5915 7.8339
5916 2.3014
5917 4.0817
5918 1.1252
5919 6.9657
5920 4.4688
5921 1.7274
5922 3.2456
5923 2.2658
5924 10.9638
5925 4.3182
5926 3.6687
5927 5.3770
5928 4.7907
5929 20.0745
5930 1.0038
5931 51.0923
5932 2.2517
5933 4.4294
5934 12.1704
5935 0.7118
5936   NaN
5937   NaN
5938 7.9587
5939 10.7179
5940 2.0529
5941 5.7935
5942 24.3788
5943 0.2470
5944 4.1403
5945 12.4483
5946 24.8392
5947 2.9195
5948 6.4566
5949 70.5288
5950 17.6710
5951 7.8046
5952 3.8857
5953 7.8855
5954 55.7800
5955 6.0566
5956 13.7854
5957 2.6093
5958 11.0461
5959 10.8166
5960 12.9569
5961 7.8925
5962 27.7191
5963 7.2588
5964 1.8304
5965 12.9807
5966 24.2980
5967 52.9655
5968 1.7685
5969 4.9094
5970 7.4746
5971 12.1877
5972 14.8362
5973 13.7623
5974 3.9082
5975 11.9487
5976 6.3220
5977 7.0618
5978 2.6593
5979 11.0892
5980 3.1511
5981 1.2081
5982 3.2835
5983 0.8377
5984 1.8173
5985 28.5408
5986 41.3919
5987 5.5295
5988 2.7332
5989 1.4157
5990 9.2324
5991 1.0046
5992 4.2901
5993 3.4260
5994 3.5233
5995 1.0531
5996 10.7307
5997 0.8510
5998 207.9509
5999 2.9048
6000 8.2394
6001 0.3730
6002 4.0133
6003 45.6626
6004 1.4939
6005 0.4659
6006 7.7228
6007 0.4466
6008 7.7634
6009 1.5972
6010 6.8885
6011 22.1414
6012 12.5010
6013 38.1209
6014 1.4016
6015 1.0731
6016 0.2371
6017 31.2533
6018 54.7383
6019 2.4094
6020 18.6630
6021 10.3960
6022 5.4883
6023 0.6131
6024 1.0122
6025 1.3923
6026 6.9631
6027 19.5302
6028 7.1364
6029 5.9766
6030 1.5858
6031 62.7293
6032 49.8756
6033 45.9491
6034 7.9301
6035 5.0050
6036 68.9572
6037 0.8411
6038 3.1905
6039 2.0648
6040 0.8936
6041 37.8064
6042 1.4089
6043 24.5623
6044 3.2511
6045 3.2391
6046 10.6194
6047 7.2393
6048 13.6058
6049 1.7570
6050 19.8252
6051 7.6093
6052 3.8779
6053 4.2268
6054 5.5132
6055 3.9368
6056 1.6906
6057 0.1684
6058 5.7657
6059 2.4425
6060 8.3754
6061 5.5785
6062 4.5666
6063 93.3817
6064 1.7171
6065 42.9205
6066 6.0752
6067 11.7446
6068 11.5619
6069 2.9134
6070 2.2646
6071 1.2227
6072 12.8627
6073 1.9852
6074 1.1706
6075 7.0223
6076 8.8033
6077 0.6063
6078 35.0027
6079 0.8102
6080 14.3804
6081 14.1282
6082 35.0209
6083 4.3578
6084 2.2578
6085 6.8182
6086 44.6698
6087 5.0635
6088 1.2082
6089 2.7691
6090 0.6086
6091 17.2570
6092 28.8219
6093 24.0853
6094 22.1299
6095 7.0662
6096 13.6656
6097 2.8180
6098 0.1811
6099 0.4448
6100 2.0113
6101 2.7626
6102 2.9386
6103 11.8422
6104 56.0511
6105 1.2284
6106 2.3568
6107 19.1474
6108 23.2448
6109 36.3269
6110 0.6771
6111 2.9046
6112 1.2004
6113 7.8387
6114 4.2430
6115 5.5785
6116 21.3557
6117 10.3814
6118 26.5858
6119 3.5342
6120 1.3522
6121 2.0536
6122 0.5405
6123 5.8142
6124 8.0563
6125 0.9217
6126 1.5203
6127 11.9422
6128 27.9465
6129 1.1555
6130 2.5831
6131 2.2451
6132 1.8537
6133 3.8881
6134 1.2956
6135 0.3348
6136 8.3438
6137 4.0037
6138 5.9674
6139 6.0204
6140 0.5539
6141 11.2991
6142 2.2273
6143 5.0186
6144 6.6463
6145 43.9832
6146 0.2008
6147 9.9489
6148 1.8834
6149 0.9335
6150 8.5540
6151 12.5028
6152 2.4086
6153 8.0796
6154 12.5391
6155 0.7072
6156 9.1383
6157 5.0824
6158 2.6900
6159 5.4234
6160 1.1938
6161 14.3420
6162 12.9167
6163   NaN
6164 20.1838
6165 3.4205
6166 2.8366
6167 4.5250
6168 4.0764
6169 16.4993
6170 7.1374
6171 7.4247
6172 3.8194
6173 0.4759
6174 0.9411
6175 17.3698
6176 0.7695
6177 13.8977
6178 6.1794
6179 6.6795
6180 0.7131
6181 5.3912
6182 52.9078
6183 6.6861
6184 4.5781
6185 0.5148
6186 7.4813
6187 1.3509
6188 5.6708
6189 5.0252
6190 9.5630
6191 11.8100
6192 0.8159
6193 14.8576
6194 20.0813
6195 16.9972
6196 3.4048
6197 3.8885
6198 25.0811
6199 1.7040
6200 21.4732
6201 4.4409
6202 7.1879
6203 1.6205
6204 0.8787
6205 7.6763
6206 0.3439
6207 3.9160
6208 5.3568
6209 3.0779
6210 2.5403
6211 9.1434
6212 40.0817
6213 3.5277
6214 4.9297
6215 14.5602
6216 16.9590
6217 2.3444
6218 1.1095
6219 4.1151
6220 6.8055
6221 3.2957
6222 49.6203
6223 23.2518
6224 67.1107
6225 1.5247
6226 6.5872
6227 0.8268
6228 3.5724
6229 17.3199
6230 3.2951
6231 44.5547
6232 11.2904
6233 4.4343
6234 12.6779
6235 4.2232
6236 4.1160
6237 26.8169
6238 1.6291
6239 6.6150
6240 0.2241
6241 3.3078
6242 34.8069
6243 5.6734
6244 0.9226
6245 1.9752
6246 7.0741
6247 11.2807
6248 4.0969
6249 2.1577
6250 10.3749
6251 0.5435
6252 49.0056
6253 0.2050
6254 6.4050
6255 7.1863
6256 6.9900
6257 2.1690
6258 3.1995
6259 10.5248
6260 0.5478
6261 11.3152
6262 8.4329
6263 4.9871
6264 42.7905
6265 48.2412
6266 5.6050
6267 0.4612
6268 14.5553
6269 3.9780
6270   NaN
6271 5.3158
6272 3.1373
6273 4.6419
6274 25.0597
6275 1.5434
6276 10.6773
6277 0.9607
6278 11.5773
6279 4.7495
6280 0.4714
6281 8.8947
6282 2.5449
6283 12.4939
6284 0.7535
6285 4.5423
6286 4.5828
6287 0.2832
6288 4.5874
6289 4.3432
6290 4.8958
6291 6.6815
6292 12.4221
6293 11.0437
6294 4.1747
6295 49.5848
6296 20.3874
6297 1.7735
6298 72.0487
6299 15.1120
6300 22.0444
6301 11.5487
6302 11.3097
6303 4.9569
6304 2.4886
6305 8.8537
6306 8.2932
6307 7.0531
6308 7.4486
6309 6.7370
6310 0.5063
6311 4.9950
6312 8.5759
6313 1.8577
6314 1.8725
6315 5.7442
6316 0.7787
6317 25.2739
6318 3.1902
6319 74.5795
6320 31.3056
6321 2.6393
6322 72.0768
6323 15.5779
6324 4.0956
6325 8.7785
6326 3.5448
6327 3.9211
6328 1.6030
6329 1.6816
6330 0.5954
6331 16.0317
6332 2.2765
6333 2.2793
6334 6.2195
6335 12.1605
6336 5.6734
6337 5.0002
6338 11.2913
6339 1.2595
6340 6.7868
6341 15.1943
6342 4.9437
6343 1.5939
6344 13.7238
6345 8.6750
6346 1.0688
6347 8.9266
6348 3.6065
6349 0.8673
6350 0.3683
6351 3.2183
6352 34.5455
6353 16.7539
6354 2.3880
6355 8.5741
6356 35.5311
6357 56.5964
6358 0.3267
6359 18.0034
6360 5.3865
6361 97.8486
6362 2.5804
6363 1.1623
6364 0.5986
6365 4.3603
6366 1.2184
6367 6.4804
6368 62.4197
6369 6.1345
6370 4.5440
6371 1.6449
6372 8.7200
6373 16.3131
6374 5.8279
6375 3.4273
6376 2.7712
6377 10.8155
6378 102.6362
6379 13.5564
6380 14.7320
6381 13.6261
6382 8.5256
6383 18.1583
6384 9.5344
6385 13.3842
6386 4.3303
6387 10.3498
6388 13.3942
6389 5.0100
6390 0.9546
6391 3.7798
6392 6.2841
6393 47.8018
6394 2.6392
6395 1.2494
6396 50.1733
6397 4.9498
6398 10.1189
6399 0.4996
6400 4.1772
6401 2.5909
6402 3.0439
6403 52.6780
6404 12.2494
6405 1.7108
6406 3.4595
6407 41.0662
6408 1.6293
6409 2.9418
6410 4.5287
6411 2.6882
6412 3.0392
6413 1.0275
6414 4.5118
6415 3.6227
6416 16.4216
6417 14.6482
6418 45.8012
6419 5.0731
6420 15.4143
6421 4.2274
6422 16.1113
6423   NaN
6424 6.2122
6425 8.1230
6426 18.9062
6427 15.3431
6428 1.5898
6429 7.8088
6430 2.7291
6431 2.8172
6432 0.3975
6433 5.3852
6434 0.9906
6435 17.1964
6436 3.3935
6437 28.8768
6438 5.7282
6439 1.5827
6440 5.4056
6441 13.2474
6442 2.8897
6443 60.8977
6444 2.6219
6445 1.8065
6446 13.8899
6447 4.9269
6448 7.4517
6449 6.0350
6450 17.0328
6451 16.6525
6452 0.6033
6453 0.9307
6454 22.2147
6455 2.3744
6456 2.0558
6457 3.1055
6458 1.2690
6459 4.4732
6460 16.3239
6461 0.5827
6462 24.4183
6463 5.5324
6464 14.1668
6465 23.3699
6466 49.2503
6467 2.4023
6468 7.8970
6469 1.8623
6470 19.0358
6471 7.7869
6472 31.4908
6473 7.4745
6474 5.6320
6475 16.7865
6476 9.9252
6477 34.6066
6478 29.9822
6479 2.1139
6480 10.9469
6481 7.1362
6482 7.3436
6483 1.5855
6484 0.3639
6485 11.5645
6486 12.7458
6487 0.3507
6488 4.0506
6489 8.8151
6490 2.8971
6491 2.4089
6492 10.1121
6493 2.1193
6494 13.6019
6495 1.4072
6496 18.2666
6497 8.1237
6498 25.8136
6499 2.3997
6500 0.5056
6501 3.4352
6502 14.9902
6503 0.3802
6504 27.4971
6505 7.9705
6506 1.3214
6507 2.2269
6508 1.5016
6509 4.5154
6510 14.5615
6511 5.6482
6512 2.6554
6513 1.9077
6514 13.9849
6515 9.9819
6516 13.7391
6517 12.7493
6518 5.3478
6519 0.8506
6520 13.1117
6521 50.1348
6522 6.3979
6523 32.7771
6524 1.0697
6525 11.7012
6526 5.2585
6527 6.1583
6528 10.7599
6529 9.9632
6530 3.6000
6531 9.4553
6532 0.4825
6533 0.8148
6534 13.1867
6535 3.2395
6536 1.9504
6537 0.9550
6538 3.7615
6539 18.6384
6540 3.8807
6541 3.2797
6542 3.3319
6543 25.3702
6544 4.8082
6545 6.3881
6546 2.9911
6547 4.0962
6548 2.0023
6549 3.0751
6550 4.5554
6551 9.1000
6552 3.5010
6553 1.9279
6554 1.2727
6555 18.5962
6556 2.2939
6557   NaN
6558 52.5210
6559 2.0533
6560 11.5681
6561 4.5172
6562 2.3233
6563 9.4662
6564 7.3326
6565 0.7945
6566 12.4463
6567 14.2815
6568 3.7488
6569 1.5634
6570 1.1400
6571 1.7105
6572 83.5405
6573 13.3323
6574 1.9409
6575 4.9824
6576 56.6550
6577 17.8380
6578 5.2546
6579 1.4454
6580 17.2203
6581 0.4796
6582 13.3267
6583 2.9461
6584 19.4012
6585 0.7933
6586 1.3017
6587 5.7621
6588 41.2678
6589 21.1810
6590 13.9451
6591 0.6504
6592 7.1833
6593 2.6724
6594 4.0610
6595 7.8650
6596 7.5889
6597 27.0052
6598 10.5173
6599 4.0416
6600 30.5308
6601 10.3945
6602 2.7511
6603 12.1838
6604   NaN
6605 19.2674
6606 2.0491
6607 37.9815
6608 2.0612
6609 10.9342
6610 21.1132
6611 29.1813
6612 5.3619
6613 0.8550
6614 26.8115
6615 18.4946
6616 1.8029
6617 3.4960
6618 1.8506
6619 6.6576
6620 13.3936
6621 20.1959
6622 22.1563
6623 19.1622
6624 8.2469
6625 17.0699
6626 7.4708
6627 3.6773
6628 3.5706
6629 30.7855
6630 0.6907
6631 8.1007
6632 1.7414
6633 11.2859
6634 9.2002
6635 1.2386
6636 2.9095
6637 3.6158
6638 3.3595
6639 2.8319
6640 7.5557
6641 5.4166
6642 4.4496
6643 5.5792
6644 2.0702
6645 8.7223
6646 0.8940
6647 8.4513
6648 4.8854
6649 5.2370
6650 3.8297
6651 14.9836
6652 4.8347
6653 1.0798
6654 9.1718
6655 48.2377
6656 70.8079
6657 0.7607
6658 1.1136
6659 61.6475
6660 36.6771
6661 1.4562
6662 3.3196
6663 4.7617
6664 11.0813
6665 2.5894
6666 1.1147
6667 2.0774
6668 1.5763
6669 5.2683
6670 9.3165
6671 45.7692
6672 2.8856
6673 2.1114
6674 31.3607
6675 3.2587
6676 1.7399
6677 3.4276
6678 3.7050
6679 9.0660
6680 0.5712
6681 2.7701
6682 4.7189
6683 3.1595
6684 20.6322
6685 15.6822
6686 3.1680
6687 0.2348
6688 81.2215
6689 1.5139
6690 10.1299
6691 14.8716
6692 2.0367
6693 39.8910
6694 0.7317
6695 25.6596
6696 0.5986
6697 19.4911
6698 2.9831
6699 0.7550
6700 3.1778
6701 18.9791
6702 6.1880
6703 9.8903
6704 36.4313
6705 8.1209
6706 15.7337
6707 1.2288
6708 2.1251
6709 3.2815
6710 42.8149
6711 10.9311
6712 5.7867
6713 5.9674
6714 2.1967
6715 19.0604
6716 4.4119
6717 35.5214
6718 2.3525
6719 24.7778
6720 4.2230
6721 2.2833
6722 61.9009
6723 3.8346
6724 9.0391
6725 10.0050
6726 3.4229
6727 0.8664
6728 10.7284
6729 3.9147
6730 27.7669
6731 10.7636
6732 12.0510
6733 13.6919
6734 7.5537
6735 10.4678
6736 2.8698
6737 2.1836
6738 7.5896
6739 0.6376
6740 1.9872
6741 91.0922
6742   NaN
6743 12.7252
6744 4.9336
6745 16.4458
6746 9.5782
6747 11.3383
6748 0.4942
6749 7.9139
6750 3.1767
6751 5.0158
6752 7.3882
6753 3.2815
6754 1.9495
6755 1.2754
6756 7.8857
6757 1.0311
6758 51.5296
6759 1.2816
6760 14.6840
6761 19.3469
6762 0.5200
6763   NaN
6764 16.2572
6765 15.9071
6766 2.7054
6767 9.8128
6768 16.5976
6769 2.0181
6770 7.7912
6771 6.4005
6772 16.4607
6773 21.9486
6774 8.3420
6775 4.9815
6776 3.4551
6777 16.3645
6778 14.8931
6779 0.5495
6780 25.9282
6781 17.0832
6782 9.8401
6783 4.0530
6784 1.2031
6785 9.3111
6786 6.0455
6787 3.1025
6788 0.6780
6789 5.4967
6790 15.6366
6791 8.1337
6792 11.9832
6793 16.9375
6794 18.7762
6795 6.6044
6796 9.9535
6797 17.8248
6798 3.8442
6799 41.5114
6800 3.3040
6801 1.9129
6802 0.6584
6803 0.9655
6804 2.2580
6805 17.1346
6806 3.2792
6807   NaN
6808 20.4285
6809 27.8661
6810 0.6048
6811 44.7843
6812 0.2615
6813 10.9982
6814 18.0312
6815 14.4541
6816 70.5832
6817 8.1653
6818 8.9059
6819 4.7629
6820 11.8564
6821 6.8233
6822 10.6214
6823 2.9029
6824 2.0877
6825 3.0804
6826 2.4980
6827 38.1394
6828 42.5413
6829 4.6702
6830 29.1599
6831 2.0633
6832 13.0451
6833 3.6888
6834 34.7781
6835 11.6264
6836 2.2546
6837 1.3767
6838 7.5820
6839 6.5866
6840 40.9522
6841 2.8990
6842 8.5570
6843 2.2843
6844 3.4691
6845 5.6007
6846 0.3506
6847 20.5963
6848 4.9084
6849 12.5410
6850 7.4058
6851 1.6331
6852 0.3812
6853 1.1098
6854 0.2920
6855 9.7057
6856 3.3909
6857 9.8260
6858 50.6721
6859 13.8804
6860 49.1928
6861 11.7788
6862 1.3229
6863 1.7695
6864 40.4345
6865 3.2576
6866 3.2553
6867 3.4973
6868 26.1046
6869 9.6266
6870 1.3087
6871 18.4975
6872 1.0127
6873 3.5422
6874 31.3216
6875 71.5046
6876 35.4680
6877 0.9357
6878 11.4583
6879 0.3282
6880 12.5687
6881 0.6019
6882 15.5971
6883 30.6532
6884 1.0071
6885 11.6661
6886 1.8998
6887 6.0354
6888 7.4992
6889 42.5751
6890 0.4933
6891 62.2912
6892 34.5633
6893 3.6111
6894 1.8028
6895 1.0028
6896 2.2525
6897 14.8455
6898 2.2712
6899 0.7383
6900 2.1529
6901 24.0404
6902 31.1291
6903 5.1381
6904 17.4343
6905 1.6222
6906 19.0575
6907 5.7277
6908 15.3958
6909 3.8266
6910 9.3208
6911 6.1789
6912 3.1469
6913 0.2179
6914 4.8372
6915 8.8980
6916 11.7214
6917 16.5876
6918 44.6769
6919 16.6957
6920 14.6780
6921 0.1012
6922 8.3273
6923 36.0541
6924 3.2944
6925 28.9432
6926 4.9121
6927 11.5235
6928 0.4656
6929 7.1074
6930 0.8262
6931 4.9900
6932 4.3677
6933 7.4374
6934 8.0820
6935 1.9702
6936 21.1708
6937 3.2545
6938 6.8454
6939 1.1952
6940 5.1405
6941 2.1559
6942 3.8201
6943 0.6682
6944 12.0393
6945 1.0029
6946 0.8212
6947 7.4793
6948 2.3307
6949 3.8824
6950 5.6079
6951 5.2063
6952 10.4863
6953 10.7163
6954 26.0607
6955 1.8905
6956 83.2288
6957 5.9049
6958 15.5500
6959 71.9555
6960 4.0738
6961 1.2491
6962 0.2971
6963 9.5087
6964 31.3415
6965 42.3240
6966 46.2071
6967 5.2918
6968 16.4081
6969 6.5447
6970 6.5215
6971 0.7432
6972 18.5853
6973 16.9198
6974 0.4650
6975 2.7246
6976 3.0093
6977 1.7017
6978 0.9558
6979 32.2201
6980 2.4593
6981 0.9724
6982 11.3574
6983 5.1347
6984 12.4700
6985 1.2574
6986 56.6889
6987 3.0744
6988 17.8068
6989 10.0308
6990 9.5502
6991 15.0583
6992 0.5247
6993 1.3709
6994 4.6360
6995 2.6615
6996 21.2455
6997 12.2583
6998 3.3258
6999 16.5738
7000 5.9067
7001 3.1728
7002 5.7667
7003 17.2125
7004 1.3467
7005 10.0828
7006 5.3123
7007 17.8055
7008 1.4894
7009 3.2537
7010 2.4967
7011 3.0256
7012 17.5572
7013 14.8505
7014 2.2246
7015 22.7745
7016 6.8968
7017 0.5171
7018 24.6209
7019 1.4483
7020 28.6490
7021 13.9493
7022 2.1264
7023 7.9705
7024 1.3268
7025 0.9942
7026 28.2020
7027 28.8622
7028 1.3073
7029 17.6098
7030 61.0936
7031 18.6215
7032 5.0528
7033 5.6669
7034 2.1093
7035 65.3681
7036 6.6421
7037 2.3927
7038 15.3498
7039 6.9159
7040 8.6657
7041 8.1042
7042 4.1111
7043 4.7217
7044 5.0283
7045 3.9461
7046 7.8679
7047 28.8699
7048 1.1175
7049 2.0529
7050 5.1075
7051 7.7592
7052 3.9446
7053 5.3935
7054 9.1112
7055 17.5814
7056 7.5944
7057 68.1850
7058 5.4273
7059 7.2974
7060 5.2154
7061 2.1660
7062 3.5887
7063 15.6663
7064 3.9939
7065 0.2945
7066 2.1667
7067 2.2263
7068 14.6917
7069 2.3882
7070 5.5849
7071 2.7215
7072 7.5277
7073 4.4084
7074 3.6003
7075 2.3268
7076 9.0245
7077 10.6552
7078 12.3635
7079 15.9829
7080 7.6487
7081 1.9122
7082 1.9246
7083 30.2433
7084 5.9955
7085 1.6156
7086 3.6498
7087 2.9594
7088 2.1137
7089 3.4354
7090 6.1183
7091 12.9436
7092 18.4152
7093 3.9961
7094 6.8842
7095 1.7709
7096 0.9039
7097 1.6975
7098 1.6823
7099 2.6531
7100 0.4919
7101 13.9749
7102 0.9596
7103 3.1261
7104 2.4757
7105 7.1495
7106 1.1108
7107 7.0067
7108 2.7213
7109 1.5655
7110 2.3294
7111 4.1542
7112 2.9849
7113 3.8915
7114 12.3192
7115 2.4997
7116 11.4537
7117 1.1275
7118 0.9961
7119 3.2935
7120 10.0428
7121 4.0880
7122 14.9374
7123 3.1378
7124 6.0449
7125 4.0198
7126 37.7890
7127 10.4821
7128 5.6721
7129 7.9459
7130 9.6294
7131 2.6318
7132 1.7243
7133 53.3653
7134 4.5952
7135 3.0969
7136 5.2170
7137 0.9982
7138 4.5568
7139 4.7684
7140 2.5819
7141 4.6815
7142 2.2943
7143   NaN
7144 5.1013
7145 5.5670
7146 2.5542
7147 5.9776
7148 72.0916
7149 6.4490
7150 1.5243
7151 2.0257
7152 2.2796
7153 23.8214
7154 23.5262
7155 3.8961
7156 5.3401
7157 2.0472
7158 20.3503
7159 33.9749
7160 12.0428
7161 1.7545
7162 46.3361
7163 31.4960
7164 7.7800
7165 12.8224
7166 22.7794
7167 4.5928
7168 22.3185
7169 6.4848
7170 13.3927
7171 4.2112
7172 1.0913
7173 6.9304
7174 0.4254
7175 2.8585
7176 5.0692
7177 6.7882
7178 1.7290
7179 9.5629
7180 18.9650
7181 5.5271
7182 1.0812
7183 27.2157
7184 0.3506
7185 2.6853
7186 6.3367
7187 5.6632
7188 2.5582
7189 2.1729
7190 2.0836
7191 5.1741
7192 2.3677
7193 17.7986
7194 1.7391
7195 11.7694
7196 2.4688
7197 3.0783
7198 10.3746
7199 35.5172
7200 2.2330
7201 8.8572
7202 9.9655
7203 9.3099
7204 3.9613
7205 17.2757
7206 27.9164
7207 25.4010
7208 0.9638
7209 2.2745
7210 3.6318
7211 4.2239
7212 30.7470
7213 9.8470
7214 4.5504
7215 1.7301
7216 3.9838
7217 5.3537
7218 4.4703
7219 63.0978
7220 2.7276
7221 7.7162
7222 14.6775
7223 2.3891
7224 9.3035
7225 9.8348
7226 36.2460
7227 6.9067
7228 22.6512
7229 3.5942
7230 12.3981
7231 1.6590
7232 4.0318
7233 24.8606
7234 0.4243
7235 10.7825
7236 3.7349
7237 2.3643
7238 15.2003
7239 1.9968
7240 6.7499
7241 2.4156
7242 7.5222
7243 25.2505
7244 7.3503
7245 7.3610
7246 2.6426
7247 3.7418
7248 18.7747
7249 2.1903
7250 5.7337
7251 2.7585
7252 4.7960
7253 29.5519
7254 0.5615
7255 0.4569
7256 2.1055
7257 5.4283
7258 9.1478
7259 0.8920
7260 1.0073
7261 4.1440
7262 22.4320
7263 31.4102
7264 14.5523
7265 0.4983
7266 2.6047
7267 12.1986
7268 10.7983
7269 3.0711
7270 15.7548
7271 8.7087
7272 3.9667
7273 2.1276
7274 6.3077
7275 1.0355
7276 11.1110
7277 12.0930
7278 63.9886
7279 2.9530
7280 1.2840
7281 1.5052
7282 4.1007
7283 19.2379
7284 0.1741
7285 2.3597
7286 1.8554
7287 0.9768
7288 50.6156
7289 16.5706
7290 14.5690
7291 36.0381
7292 2.3793
7293 0.8864
7294 21.0935
7295 0.8497
7296 5.5478
7297 9.4267
7298 19.5857
7299 16.2497
7300 3.7500
7301 6.8295
7302 3.5839
7303 3.3560
7304 0.5036
7305 40.3201
7306 31.0490
7307 15.0425
7308 8.8763
7309 16.2831
7310 36.0541
7311 4.9261
7312 14.2761
7313 0.2582
7314 9.3538
7315 5.5058
7316 6.2669
7317 54.1372
7318 6.2902
7319 9.3454
7320 4.4727
7321 17.8209
7322 4.6536
7323 3.5574
7324 1.2290
7325 6.6303
7326 2.1635
7327 0.9343
7328 41.9603
7329 0.1915
7330 67.0910
7331 13.2075
7332 2.6626
7333 1.7243
7334 2.1155
7335 10.5139
7336 57.6812
7337 4.5530
7338 4.0579
7339 3.2858
7340 2.3577
7341 2.5854
7342 1.9650
7343 3.4844
7344   NaN
7345 16.5105
7346 22.7708
7347 22.0668
7348 9.4712
7349 13.7279
7350 4.0070
7351 110.7835
7352 17.2463
7353 8.5887
7354 4.1986
7355 6.3027
7356 2.6533
7357 11.7933
7358 35.4478
7359 13.2493
7360 39.9016
7361 2.4036
7362 31.3159
7363 0.7874
7364 8.2449
7365 3.0550
7366 7.2269
7367 28.5506
7368 10.6303
7369 6.3981
7370 12.0060
7371 11.6948
7372 1.0051
7373 27.7520
7374 0.3943
7375 18.1234
7376 10.6888
7377 2.9908
7378 0.2007
7379 67.8665
7380 15.2349
7381 9.0782
7382 10.3066
7383 1.0603
7384 1.3119
7385 2.4541
7386 28.2456
7387 6.8055
7388 1.2404
7389 3.2858
7390 13.3728
7391 11.7143
7392 1.6967
7393 1.1314
7394 4.1205
7395 3.5503
7396 10.8126
7397 0.7619
7398 5.6481
7399 22.2805
7400 7.2556
7401 4.2204
7402 5.6203
7403 2.5933
7404 13.3007
7405 1.9931
7406 1.7931
7407 1.7118
7408 7.7559
7409 4.7355
7410 3.0344
7411 3.7858
7412 0.1370
7413 10.0160
7414 12.5643
7415 28.4728
7416 10.8201
7417 1.9854
7418 1.6724
7419 1.9868
7420 18.2476
7421 3.0397
7422 22.6523
7423 10.3674
7424 0.6705
7425 1.1715
7426 10.8094
7427 1.9416
7428 7.9711
7429 4.3549
7430 2.2600
7431 19.9051
7432 3.2905
7433 4.1934
7434 22.9794
7435 43.3035
7436 64.8383
7437 4.8039
7438 0.2950
7439 2.1942
7440 12.7221
7441 1.8944
7442 7.6636
7443 2.3343
7444 14.0325
7445 11.5472
7446 4.0316
7447 5.6016
7448 14.6728
7449 12.1972
7450 18.0869
7451 13.2629
7452 14.4273
7453 1.5803
7454 9.9999
7455 5.2172
7456 3.7968
7457 9.4235
7458 14.7279
7459 6.4801
7460 5.0133
7461 1.7584
7462 0.7899
7463 0.7634
7464 10.4234
7465 2.3022
7466 2.2066
7467 59.4194
7468 38.5810
7469 2.5538
7470 17.9282
7471 0.2180
7472 0.3375
7473 45.3202
7474 14.6184
7475 14.0385
7476 0.3979
7477 10.0265
7478 11.8145
7479 2.5756
7480   NaN
7481 1.1944
7482 29.9699
7483 2.8891
7484 18.0723
7485 5.7519
7486 38.1915
7487 2.4219
7488 4.9833
7489 18.2270
7490 10.0681
7491 12.2727
7492 1.0999
7493 0.9004
7494 6.8820
7495 5.2515
7496 2.0778
7497 16.4590
7498 6.0981
7499 5.5781
7500 1.1558
