2501 2.6759
2502 0.9367
2503 0.2124
2504 0.9915
2505 0.3775
2506 0.4028
2507 1.5046
2508 1.0595
2509 0.3820
2510 0.8529
2511 2.2727
2512 0.9718
2513 0.4628
2514 0.4960
2515 0.3185
2516 2.4214
2517 1.1015
2518 0.7049
2519 0.9167
2520 3.8600
2521 2.9440
2522 0.4573
2523 0.3144
2524 0.4633
2525 3.7036
2526 0.3736
2527 1.2269
2528 2.9240
2529 0.9647
2530 1.6699
2531 6.4866
2532 2.2268
2533 0.2542
2534 1.9198
2535 0.4915
2536 0.4000
2537 4.2908
2538 1.4541
2539 0.5766
2540 0.6170
2541 0.6807
2542 2.7916
2543 2.1454
2544 0.1364
2545 1.2632
2546 1.5449
2547 0.4892
2548 0.2212
2549 0.1821
2550 1.7734
2551 4.8691
2552 0.3581
2553 2.9060
2554 0.9579
2555 1.2843
2556 0.0972
2557 0.1704
2558 0.9627
2559 6.2529
2560 0.1949
2561 1.2000
2562 0.8592
2563 0.5083
2564 1.8472
2565 13.0486
2566 2.3302
2567 1.3085
2568 22.0119
2569 0.0813
2570 0.3630
2571 3.5113
2572 0.1986
2573 1.7349
2574 0.1786
2575 0.1595
2576 0.7092
2577 1.2864
2578 0.4837
2579 0.4936
2580 1.6424
2581 1.1885
2582 1.1638
2583 0.5638
2584 1.2019
2585 0.5250
2586 0.7312
2587 2.5435
2588 1.0810
2589 1.9985
2590 0.5828
2591 0.6179
2592 3.1094
2593 0.7641
2594 0.5120
2595 0.1395
2596 1.9933
2597 0.2324
2598 2.1652
2599 0.2177
2600 5.5985
2601 0.2754
2602 1.3285
2603 0.2934
2604 0.8408
2605 9.2602
2606 0.4842
2607 2.2897
2608 2.3043
2609 1.3358
2610 10.5157
2611 6.8078
2612 0.8572
2613 0.2892
2614 3.3190
2615 0.8045
2616 1.6606
2617 0.3926
2618 3.8344
2619 0.9685
2620 1.3604
2621 0.6030
2622 1.3627
2623 0.5059
2624 0.2029
2625 0.8983
2626 0.6867
2627 1.5799
2628 0.1930
2629 0.4823
2630 1.8934
2631 2.2311
2632 3.7410
2633 1.0577
2634 3.0543
2635 0.2573
2636 1.4692
2637 0.3153
2638 5.7615
2639 0.3038
2640 0.7232
2641 0.7725
2642 0.6852
2643 7.1142
2644 0.3996
2645 0.4650
2646 0.5221
2647 4.3217
2648 1.4061
2649 4.4315
2650 0.5338
2651 0.7207
2652 4.0793
2653 0.5155
2654 11.8584
2655 1.1695
2656 1.1718
2657 1.9229
2658 0.3584
2659 0.3933
2660 13.9870
2661 0.6819
2662 7.2158
2663 6.1227
2664 2.0599
2665 1.6114
2666 0.2238
2667 0.4543
2668 2.9699
2669 0.0866
2670 2.3025
2671 0.1143
2672 0.1993
2673 3.5538
2674 0.5205
2675 0.4154
2676 1.7857
2677 0.6520
2678 2.8743
2679 8.1498
2680 1.6404
2681 0.6713
2682 0.4643
2683 5.9692
2684 1.3608
2685 1.6686
2686 7.2878
2687 0.9685
2688 1.6936
2689 1.4215
2690 0.7108
2691 4.3810
2692 0.3164
2693 5.9582
2694 3.1545
2695 0.6607
2696 6.8810
2697 0.9130
2698 0.6160
2699 2.3211
2700 1.5881
2701 1.4026
2702 0.6543
2703 0.1320
2704 0.8788
2705 1.4252
2706 0.1939
2707 0.8865
2708 1.3453
2709 0.1990
2710 3.5973
2711 0.2278
2712 0.4813
2713 0.2102
2714 2.7042
2715 0.2372
2716 3.7840
2717 0.8101
2718 1.1435
2719 4.3816
2720 2.0239
2721 0.2086
2722 2.6093
2723 0.9750
2724 2.5046
2725 0.5164
2726 0.7167
2727 3.8454
2728 1.2345
2729 0.9112
2730 5.3013
2731 0.7731
2732 0.4451
2733 0.4804
2734 0.3052
2735 1.1054
2736 5.8313
2737 0.6641
2738 0.5994
2739 9.4810
2740 0.1703
2741 1.1116
2742 0.6843
2743 0.9732
2744 0.8157
2745 0.5356
2746 2.0231
2747 0.5093
2748 3.1204
2749 0.2237
2750 2.4210
2751 1.3476
2752 0.3654
2753 0.2490
2754 1.1306
2755   NaN
2756 1.1581
2757 1.1428
2758 0.7682
2759 4.4314
2760 0.7830
2761 1.9078
2762 1.9159
2763 1.4589
2764 0.1136
2765 0.3060
2766 1.6408
2767 0.3228
2768 0.4124
2769 0.8336
2770 3.0854
2771 0.9644
2772 0.2877
2773 3.3217
2774 0.5897
2775 0.1588
2776 1.4037
2777 0.4946
2778 0.9832
2779 6.2158
2780 0.2330
2781 1.5631
2782 3.2360
2783 2.4729
2784 5.8525
2785 13.8126
2786 1.0159
2787 9.0813
2788 0.5499
2789 0.3387
2790 0.8641
2791 1.9000
2792 0.2985
2793 0.8534
2794 0.7194
2795 8.3455
2796 0.2569
2797 0.8385
2798 0.2143
2799 1.1634
2800 1.1560
2801 2.7053
2802 0.4435
2803 1.3621
2804 1.9500
2805 0.2807
2806 0.6472
2807 0.9883
2808 6.2009
2809 1.3638
2810 3.8454
2811 1.3129
2812 0.4037
2813 0.6976
2814 0.9850
2815 3.7294
2816 4.9767
2817 0.4053
2818 0.1228
2819 0.1245
2820 3.0338
2821 6.7538
2822 0.7260
2823 0.0976
2824 1.3741
2825 5.5146
2826 0.6692
2827 0.6078
2828 0.6966
2829 1.8881
2830 3.0032
2831 0.9773
2832 0.4061
2833 5.5157
2834 0.4240
2835 3.9250
2836 1.4542
2837 0.8790
2838 10.0885
2839 1.7278
2840 1.4658
2841 0.3305
2842 1.6165
2843 1.7898
2844 1.2810
2845 0.2610
2846 0.1537
2847 2.1939
2848 0.0986
2849 2.5750
2850 1.0061
2851 0.4117
2852 0.1788
2853 0.2117
2854 0.4785
2855 0.6759
2856 0.8137
2857 2.9976
2858 0.1638
2859 0.2887
2860 0.4954
2861 0.6158
2862 1.3070
2863 0.2138
2864 2.1366
2865 0.3539
2866 1.1786
2867 0.8729
2868 0.2426
2869 0.3305
2870 0.4138
2871 0.1043
2872 0.4180
2873 6.2842
2874 2.3628
2875 2.4966
2876 0.4904
2877 0.7423
2878 0.3348
2879   NaN
2880 0.1707
2881 0.6614
2882 0.7788
2883 2.5623
2884 1.6310
2885 1.8589
2886 1.4638
2887 0.2308
2888 0.4087
2889 0.9023
2890 3.6765
2891 0.5970
2892 0.5275
2893 1.7009
2894 2.1274
2895 0.1891
2896 0.6486
2897 6.4802
2898 1.6405
2899 0.6725
2900 2.0079
2901 2.7294
2902 2.5542
2903 0.3730
2904 2.4604
2905 0.7157
2906 1.4641
2907 4.8535
2908 2.6843
2909 2.6458
2910 0.7534
2911 0.1706
2912 11.0537
2913 1.9048
2914 0.2286
2915 1.2899
2916 0.2649
2917 1.4205
2918 0.9422
2919 4.9302
2920 0.3015
2921 0.9897
2922 0.6072
2923 2.4992
2924 3.3128
2925 0.6941
2926 0.6320
2927 0.7239
2928 0.9444
2929 6.8097
2930 2.6435
2931 0.5633
2932 0.5171
2933 1.1188
2934 0.6269
2935 0.6226
2936 0.2505
2937   NaN
2938 3.7029
2939 5.1905
2940 1.1298
2941 0.6446
2942 3.2323
2943 0.5381
2944 0.2116
2945 1.0191
2946 0.1607
2947   NaN
2948 0.6593
2949 1.8972
2950 0.1769
2951 1.4245
2952 0.6411
2953 2.6037
2954 0.1456
2955 1.3055
2956 0.3292
2957 1.8180
2958 1.8215
2959 0.7833
2960 3.3137
2961 1.3050
2962 0.2054
2963 3.8529
2964 0.5492
2965 1.5771
2966 0.6945
2967 1.1168
2968 0.4150
2969 0.7655
2970 8.8695
2971 2.1451
2972 1.4587
2973 0.0903
2974 4.4723
2975 1.1506
2976 0.6292
2977 0.4467
2978 2.0284
2979 0.7457
2980 11.9244
2981 1.2605
2982 3.1404
2983 0.6910
2984 0.3294
2985 6.8477
2986 2.9092
2987 0.8356
2988 0.5919
2989 0.4933
2990 0.0773
2991 4.5493
2992 0.4807
2993 2.1411
2994 0.2697
2995 0.0904
2996 3.2959
2997 8.1999
2998 1.2967
2999 0.2422
3000 1.3775
3001 3.9673
3002 1.0124
3003 0.2860
3004 0.2990
3005 0.1757
3006 0.1829
3007 0.8337
3008 4.4857
3009 1.9728
3010 0.4915
3011 0.5635
3012 0.6218
3013 0.0826
3014 0.2406
3015 1.1792
3016 0.6056
3017 0.3806
3018 0.7349
3019 2.2424
3020 1.3208
3021 0.8009
3022 1.4889
3023 2.8882
3024 1.5947
3025 0.6736
3026 3.2199
3027 5.0309
3028 0.2070
3029 0.1012
3030 0.5156
3031 0.4530
3032 0.7367
3033 3.6175
3034 2.2723
3035 0.8043
3036 5.6363
3037 0.4645
3038 0.4374
3039 0.9665
3040 0.3177
3041 0.3729
3042 3.8315
3043 5.4614
3044 7.5747
3045   NaN
3046 3.6067
3047 0.9593
3048 5.3707
3049 6.3759
3050 0.2545
3051 1.3448
3052 0.1750
3053 3.1286
3054 2.4285
3055 0.4208
3056 0.9783
3057 0.2365
3058 0.2451
3059 1.4940
3060   NaN
3061 3.3594
3062 0.6340
3063 1.4741
3064 1.6558
3065 1.0628
3066 0.6172
3067 0.2924
3068 6.3791
3069 2.3898
3070 6.1206
3071 1.0956
3072 1.0638
3073 0.8076
3074 3.7993
3075 2.1634
3076 0.3121
3077 0.4021
3078 0.9918
3079 0.2454
3080 0.6292
3081 0.4938
3082 1.1904
3083 1.2422
3084 0.1602
3085 2.6449
3086 3.7753
3087 5.2024
3088 1.2259
3089 0.4154
3090 0.8586
3091 5.5331
3092 0.7826
3093 1.7362
3094 2.8349
3095 2.5302
3096 1.1401
3097 6.1996
3098 8.9638
3099 0.6898
3100 1.6654
3101 0.7623
3102 1.0443
3103 1.8028
3104 0.1395
3105 0.1533
3106 0.1880
3107 0.2017
3108 1.0702
3109 1.1324
3110 4.7573
3111 4.4226
3112 10.1315
3113 0.5240
3114 1.4819
3115 0.3323
3116 5.3699
3117 1.7745
3118 0.1689
3119 6.9987
3120 0.1679
3121 0.3771
3122 0.4540
3123 0.4805
3124 0.2167
3125 0.7998
3126 0.4027
3127 0.6672
3128 7.7302
3129 0.6211
3130 1.7276
3131 0.2041
3132 3.7302
3133 0.5008
3134 0.9118
3135 3.2498
3136 1.1925
3137 0.2380
3138 0.1726
3139 2.3917
3140 0.1459
3141 8.7841
3142 0.1166
3143 1.3365
3144 1.7808
3145 4.1991
3146 1.8118
3147 0.5290
3148 2.0026
3149 0.5073
3150 0.7655
3151 1.6780
3152 0.8611
3153 0.7734
3154 0.3462
3155 1.0513
3156 4.9063
3157 2.1114
3158 0.3175
3159 0.5849
3160 0.0891
3161 0.3138
3162 0.9573
3163 0.3584
3164 5.9852
3165 1.8920
3166 0.4733
3167 1.1560
3168 0.2184
3169 1.8816
3170 1.2372
3171 3.7478
3172 1.2554
3173 0.8514
3174 1.1043
3175 0.4702
3176 0.5539
3177 1.5380
3178 0.7717
3179 4.0182
3180 1.1605
3181 0.0868
3182 0.3332
3183 1.0755
3184 0.7639
3185 0.7656
3186 0.2340
3187 0.8603
3188 1.8621
3189 2.0100
3190 0.4483
3191 0.8817
3192 1.7331
3193 2.4705
3194 1.5731
3195 0.3697
3196 0.7194
3197 0.7794
3198 16.7990
3199 0.3965
3200 4.2534
3201 0.9867
3202 1.6253
3203 0.2588
3204 0.1608
3205 1.2866
3206 1.5909
3207 0.4066
3208 0.4737
3209 0.8980
3210 3.1978
3211 2.1022
3212 5.6313
3213 0.4006
3214 0.9475
3215 0.9758
3216 1.6595
3217 1.0609
3218 0.3486
3219 0.3474
3220 0.5288
3221 0.0854
3222 1.6590
3223 1.6930
3224 2.6948
3225 9.1481
3226 0.5924
3227 1.7959
3228 0.3059
3229 0.9103
3230 6.6250
3231 0.1893
3232 3.2376
3233 0.8872
3234 0.8786
3235 0.6744
3236 0.8467
3237 1.5623
3238 1.0983
3239 2.4465
3240 0.8653
3241 1.1431
3242 3.5523
3243 0.5563
3244 1.5446
3245 0.1271
3246 7.0306
3247 0.5682
3248 0.2015
3249 1.2843
3250 1.5811
3251 0.4100
3252 1.3294
3253 0.9219
3254 15.4216
3255 0.1738
3256 2.2201
3257 0.6132
3258 1.9573
3259 4.2478
3260 2.5415
3261 0.4281
3262 0.9043
3263 2.7175
3264 0.2757
3265 1.9648
3266 0.2132
3267 0.7909
3268 6.3258
3269 3.4311
3270 1.5824
3271 0.6805
3272 0.7493
3273 0.2015
3274 0.7027
3275 0.4163
3276 1.6835
3277 0.3067
3278 0.1944
3279 0.6041
3280 0.6084
3281 0.7784
3282 0.8078
3283 3.4540
3284 2.7811
3285 1.2955
3286 0.8500
3287 0.5790
3288 0.9488
3289 4.2368
3290 0.2230
3291 0.6232
3292 5.4523
3293 0.5266
3294 2.2193
3295 0.3114
3296 3.7631
3297 2.9415
3298 6.4473
3299 2.0531
3300 0.1468
3301 4.1815
3302 1.6339
3303 0.8183
3304 0.2249
3305 1.2052
3306 4.5060
3307 0.9281
3308 0.1319
3309 0.4057
3310 1.5345
3311 0.4700
3312 1.0746
3313 0.6734
3314 0.2859
3315 1.7789
3316 0.3737
3317 0.1784
3318 3.9140
3319 0.6559
3320 10.0667
3321 0.4090
3322 4.6408
3323 0.9768
3324 4.4769
3325 0.2153
3326 1.0658
3327 0.2761
3328 0.6125
3329 1.8999
3330 0.4560
3331 0.0882
3332 0.8100
3333 1.8735
3334 0.9918
3335 0.1315
3336 0.7534
3337 0.9572
3338 1.8486
3339 0.7775
3340 0.4308
3341 0.1356
3342 0.9395
3343 0.1960
3344 0.2640
3345 0.3633
3346 4.3133
3347 1.1728
3348 1.4702
3349 0.4798
3350 0.7681
3351 0.4403
3352 2.7127
3353 0.1479
3354 5.2138
3355 0.7315
3356 2.2357
3357 1.6789
3358 5.6370
3359 0.6472
3360 0.1471
3361 1.3059
3362 0.2637
3363 3.0927
3364 1.2362
3365 0.4949
3366 0.8479
3367 0.1652
3368 4.8389
3369 2.0974
3370 3.4574
3371 3.6384
3372 9.6737
3373 0.6040
3374 0.4283
3375 1.0268
3376 1.4809
3377 2.1851
3378 1.1496
3379 1.0575
3380 0.7946
3381 0.9745
3382 1.5588
3383 3.2592
3384 3.9964
3385 0.0706
3386 0.0662
3387 0.4713
3388 0.7655
3389 0.2943
3390 0.5463
3391 0.4520
3392 2.9423
3393 1.5313
3394 2.9284
3395 1.2146
3396 2.0913
3397 0.0921
3398 0.1817
3399 8.6221
3400 4.4219
3401 1.5264
3402 0.0822
3403 0.2587
3404 1.0523
3405 1.8894
3406 7.8606
3407 3.0702
3408 1.1220
3409 1.7764
3410 1.1241
3411 0.1455
3412 0.8493
3413 8.7827
3414 2.0650
3415 0.3984
3416 1.0760
3417 0.3064
3418 3.7049
3419 2.8589
3420 1.0596
3421 2.8269
3422 1.9184
3423 0.2816
3424 6.7470
3425 1.5160
3426 0.7416
3427 5.2956
3428 0.9723
3429 1.7735
3430 0.3979
3431 0.7809
3432 0.7565
3433 0.4581
3434 8.6384
3435 3.0157
3436 0.2002
3437 0.2725
3438 1.5136
3439 0.9495
3440 0.2372
3441 1.0711
3442 1.4121
3443 0.7983
3444 19.6962
3445 2.1407
3446 0.4608
3447 0.8610
3448 0.5539
3449 0.6011
3450 1.0224
3451 1.0862
3452 4.5728
3453 0.6419
3454 0.2260
3455 1.8449
3456 1.2074
3457 0.6989
3458 0.5812
3459 2.0028
3460 16.3677
3461 0.8689
3462 0.6750
3463 1.3959
3464 0.6587
3465 0.4527
3466 0.8489
3467 0.2489
3468 0.1701
3469 0.1092
3470 0.3507
3471 0.2813
3472 1.3727
3473 4.3690
3474   NaN
3475 0.2749
3476 3.4063
3477 0.9005
3478 0.6201
3479 0.6696
3480 5.3568
3481 0.2147
3482 1.6788
3483 1.4479
3484 15.7506
3485 0.9785
3486 2.4080
3487 2.0652
3488 1.4281
3489 0.2552
3490 0.2338
3491 0.2504
3492 2.7133
3493 0.1764
3494 1.8153
3495 0.2506
3496 1.7890
3497 4.0321
3498 1.0847
3499 0.2679
3500 1.0013
3501 11.0762
3502 0.5912
3503 0.6581
3504 0.9318
3505 0.5940
3506 3.0710
3507 0.1987
3508 0.3664
3509 3.4943
3510 2.8627
3511 0.5239
3512 1.0795
3513 3.3037
3514 0.3201
3515   NaN
3516 0.2293
3517 0.1323
3518 2.8157
3519 6.8329
3520 1.0938
3521 0.2263
3522 0.9485
3523 1.4667
3524 0.1501
3525 20.5934
3526 0.4451
3527 0.6585
3528 0.1894
3529 0.9140
3530 0.1857
3531 0.9020
3532 1.0016
3533 10.7725
3534 2.3479
3535 0.4808
3536 0.1212
3537 3.4020
3538 0.0995
3539 0.7324
3540 0.4895
3541 2.3045
3542 0.4069
3543 3.5420
3544 0.3291
3545 3.8853
3546 0.9154
3547 14.9389
3548 1.5645
3549 0.2822
3550 6.5225
3551 1.0553
3552 3.9395
3553 1.3230
3554 9.6156
3555 0.5161
3556 4.9926
3557 4.6571
3558 4.0854
3559 1.0065
3560 0.5406
3561 5.5545
3562 0.3277
3563 0.9139
3564 0.3939
3565 0.9844
3566 1.4796
3567 1.4409
3568 0.2096
3569 2.6682
3570 1.0508
3571 9.2954
3572 0.5156
3573 0.1560
3574 3.3601
3575 0.2436
3576 1.3025
3577 1.4433
3578 1.0247
3579 0.7041
3580 0.4643
3581 0.2531
3582 0.1726
3583 2.9403
3584 1.3148
3585 0.7667
3586 1.9430
3587 0.6530
3588 0.6596
3589 0.2281
3590 2.2734
3591 0.9063
3592 1.1213
3593 4.2913
3594 0.6465
3595 0.2277
3596 0.3057
3597 0.3514
3598 1.3248
3599 0.3733
3600 0.0830
3601 0.9853
3602 0.2112
3603 0.1536
3604 3.5505
3605 1.7321
3606 1.0253
3607 0.2934
3608 0.7738
3609 0.6876
3610 0.7782
3611 0.2436
3612 0.8286
3613 1.0241
3614 5.8006
3615 0.9442
3616 0.3254
3617 0.7807
3618 0.1998
3619 0.6453
3620 0.6545
3621 0.3155
3622 0.6730
3623 0.6626
3624 0.6375
3625 2.8050
3626 1.3939
3627 1.8426
3628 0.5473
3629 0.3042
3630 0.4217
3631 0.2850
3632 5.0803
3633 24.6952
3634 0.7698
3635 3.1379
3636 0.9788
3637 0.1213
3638 2.6617
3639 0.4145
3640 0.0796
3641 2.5920
3642 10.5222
3643 3.5736
3644 8.5904
3645 9.9237
3646 0.3811
3647 1.2844
3648 0.5662
3649 2.3542
3650 1.0874
3651 6.6676
3652 2.1452
3653 0.8939
3654 2.6613
3655 2.0886
3656 0.2420
3657 0.9415
3658 3.5093
3659 3.4310
3660 1.0104
3661 0.2135
3662 0.6566
3663 1.5348
3664 0.3454
3665 1.9514
3666 0.3466
3667 1.7347
3668 6.1056
3669 4.9258
3670 0.7854
3671 0.1361
3672 1.4009
3673 2.5452
3674 0.2141
3675 0.1358
3676 0.3380
3677 1.6442
3678 1.1441
3679 2.2332
3680 0.4172
3681 0.7034
3682 1.4648
3683 2.8943
3684 4.0513
3685 1.2308
3686 3.5179
3687 0.2982
3688 0.3369
3689 2.0312
3690 2.8863
3691 0.9062
3692 0.9108
3693 0.3650
3694 5.9165
3695 0.3992
3696 1.0535
3697 2.0587
3698 1.5862
3699 0.2513
3700 0.4372
3701 5.5096
3702 0.9731
3703 0.5099
3704 0.2200
3705 13.6650
3706 0.7309
3707 0.3040
3708 1.5308
3709 2.5080
3710 6.5590
3711 1.6845
3712 0.3565
3713 0.9933
3714 0.7382
3715 6.7738
3716 13.8594
3717 2.3136
3718 2.7960
3719 4.0755
3720 1.1697
3721 2.5219
3722 0.1278
3723 3.3817
3724 0.8184
3725 0.5944
3726 1.0074
3727 1.8103
3728 0.1131
3729 1.1919
3730 1.5900
3731 1.6594
3732 2.1108
3733 1.9099
3734 1.3133
3735 0.5843
3736 7.2318
3737 1.3244
3738 1.8491
3739 2.0674
3740 0.5011
3741 4.7061
3742 1.9439
3743 3.2057
3744 1.6506
3745 3.0462
3746 0.1138
3747 0.6213
3748 4.6381
3749 0.2966
3750 4.9044
3751 1.4668
3752 7.1168
3753 2.8031
3754 1.4033
3755 0.4074
3756 1.9994
3757 0.3358
3758 6.8086
3759 0.1745
3760 1.2898
3761 0.2806
3762 0.2477
3763 0.1660
3764 2.1243
3765 0.4558
3766 0.0953
3767 0.4644
3768 2.0548
3769 1.8630
3770 0.8155
3771 0.1056
3772 1.5322
3773 0.4535
3774 0.4820
3775 1.9749
3776 0.6832
3777 0.5928
3778 1.0345
3779 2.4352
3780 0.4353
3781 0.2347
3782 0.0713
3783 5.3456
3784 0.7020
3785 0.7516
3786 0.5333
3787 0.2989
3788 1.2523
3789 2.8952
3790 7.6584
3791 0.5183
3792 5.5244
3793 5.3464
3794 2.7825
3795 0.4460
3796 6.5896
3797 1.2969
3798 1.1692
3799 0.4079
3800 0.4574
3801 0.3731
3802 1.2336
3803 8.1106
3804 0.2726
3805 0.2017
3806 0.2964
3807 0.9504
3808 3.7028
3809 0.7504
3810 1.1059
3811 0.1617
3812 6.3188
3813 0.4871
3814 6.5103
3815 2.7829
3816 4.0704
3817 1.4958
3818 1.5009
3819 0.4203
3820 0.1591
3821 0.7032
3822 3.0466
3823 1.7996
3824 2.8158
3825 0.3299
3826 0.4210
3827 0.7614
3828 0.4692
3829 0.8037
3830 0.4788
3831 1.0165
3832 0.5962
3833 4.9745
3834 7.1616
3835 0.1108
3836 0.2824
3837 8.6389
3838 0.1731
3839 0.2411
3840 0.5955
3841 4.8977
3842 0.6706
3843 0.3491
3844 0.9614
3845 3.0227
3846 1.4859
3847 1.0502
3848 0.3354
3849 2.0947
3850 0.3708
3851 1.5730
3852 0.5319
3853 0.2262
3854 1.0034
3855 3.0898
3856 0.9272
3857 2.6567
3858 1.0344
3859 0.8116
3860 2.2993
3861 0.7523
3862 0.1646
3863 1.7625
3864 5.0043
3865 0.2854
3866 6.0932
3867 1.5377
3868 3.3218
3869 9.6130
3870 5.1063
3871 2.1282
3872 0.4417
3873 1.2955
3874 5.4337
3875 11.8874
3876 0.0653
3877 3.4733
3878 10.1911
3879 4.3668
3880 0.2870
3881 0.3458
3882 1.4515
3883 0.7364
3884 2.9588
3885 0.5603
3886 4.7325
3887 0.6017
3888 0.3390
3889 0.4331
3890 1.1483
3891 1.0360
3892 1.5366
3893 1.1469
3894 0.2210
3895 2.6309
3896 0.5404
3897 0.6770
3898 3.0721
3899 0.4105
3900 0.3686
3901 1.6862
3902 0.6182
3903 0.7790
3904 4.3268
3905 0.1364
3906 2.2825
3907 1.4135
3908 0.3179
3909 2.0660
3910 1.7733
3911 1.6291
3912 1.8864
3913 1.0892
3914 0.9128
3915 0.4194
3916 0.6240
3917 0.8295
3918 2.1961
3919 2.0707
3920 0.9679
3921 2.5333
3922 0.2836
3923 4.4406
3924 1.9488
3925 5.1371
3926 2.1596
3927 0.5064
3928 1.7902
3929 0.2607
3930 1.2427
3931 0.3497
3932 5.8529
3933 2.5647
3934 0.1531
3935 2.2448
3936 1.7053
3937 1.2810
3938 5.3286
3939 0.2205
3940 0.1477
3941 1.6751
3942 5.8850
3943 6.3003
3944 2.7793
3945 0.4585
3946 1.9603
3947 1.5948
3948 3.5609
3949 3.8821
3950 0.6469
3951 2.0284
3952 0.8225
3953 9.0075
3954 1.1741
3955 6.1031
3956 1.2126
3957 0.5678
3958 0.6890
3959 0.6493
3960 3.1785
3961 0.2890
3962 0.1618
3963 0.5984
3964 3.9198
3965 3.8920
3966 0.2138
3967 1.0511
3968 1.1233
3969 0.3557
3970 0.2636
3971 2.0587
3972 0.4170
3973 0.7243
3974 0.6197
3975 0.5467
3976 0.3645
3977 2.6879
3978 11.9969
3979 0.2358
3980 0.4035
3981 1.6598
3982 1.7128
3983 0.7083
3984 0.8697
3985 0.2764
3986 5.6292
3987 0.7495
3988 6.5145
3989 0.1144
3990 1.4452
3991 0.6987
3992 2.6145
3993 1.3748
3994 1.0408
3995 2.4608
3996 0.9196
3997 0.5594
3998 0.3157
3999 0.0784
4000 0.9703
4001 0.4582
4002 0.1058
4003 0.4083
4004 9.7478
4005 0.4087
4006 0.6151
4007 0.6257
4008 1.9029
4009 0.2077
4010 1.9277
4011 0.1783
4012 0.8174
4013 0.4687
4014 1.1532
4015 0.5491
4016 3.2207
4017 1.3318
4018 0.3627
4019 1.0678
4020 0.1283
4021 1.4051
4022 0.2903
4023 1.1544
4024 0.6078
4025 4.6494
4026 0.4619
4027 0.5394
4028 0.6149
4029 0.4982
4030 0.6788
4031 3.2765
4032 0.1039
4033 0.3294
4034 2.5061
4035 8.8846
4036 4.0327
4037 0.1995
4038 1.2352
4039 1.4796
4040 1.0316
4041 0.2725
4042 0.9594
4043 0.8431
4044 0.3047
4045 0.8061
4046 5.6592
4047 1.7769
4048 0.9377
4049 0.6839
4050 0.2172
4051 0.4663
4052 5.7839
4053 0.2316
4054 0.0850
4055 0.3459
4056 0.3603
4057 0.6427
4058 5.4495
4059 0.8000
4060 1.3700
4061 0.5796
4062 1.2707
4063 1.1081
4064 0.8596
4065 1.6307
4066 0.7772
4067 0.4330
4068 0.3260
4069 0.7579
4070 0.9406
4071 0.1532
4072 0.2737
4073 0.5853
4074 1.5650
4075 0.1304
4076 1.1650
4077 0.4272
4078 0.8485
4079 2.4116
4080 4.2581
4081 2.5211
4082 3.7959
4083 0.8452
4084 0.5150
4085 0.4898
4086 0.5737
4087 4.1943
4088 0.3739
4089 2.9236
4090 7.7748
4091 1.4860
4092 2.1459
4093 1.2655
4094 0.9227
4095 0.1085
4096 0.6220
4097 1.0846
4098 0.3818
4099 0.9957
4100 1.2575
4101 0.2206
4102 0.4874
4103 1.0266
4104 0.6731
4105 8.5773
4106 0.2842
4107 0.4276
4108 0.4124
4109 0.3836
4110 0.8506
4111 17.5169
4112 0.7688
4113 1.1518
4114 2.3575
4115 0.6611
4116 1.0187
4117 1.2132
4118 0.8462
4119 1.4102
4120 0.2226
4121 1.0116
4122 3.7238
4123 0.7717
4124 1.1156
4125 1.7685
4126 7.9862
4127 0.1521
4128 1.3035
4129 0.1635
4130 1.0144
4131 1.4831
4132 0.3380
4133 3.1403
4134 0.1874
4135 0.3863
4136 0.5405
4137 1.2307
4138 0.1225
4139 0.2585
4140 0.8156
4141 0.7195
4142 0.4696
4143 0.4936
4144 1.9658
4145 9.3394
4146 1.1707
4147 4.6513
4148 0.6950
4149 0.6927
4150 0.2834
4151 0.8679
4152 0.8865
4153 0.6606
4154 0.2914
4155 0.1517
4156 0.4347
4157 1.5066
4158 2.0194
4159 0.3571
4160 0.3468
4161 0.3499
4162 0.2468
4163 0.1726
4164 0.3775
4165 22.3170
4166 0.3928
4167 8.0041
4168 0.9419
4169 2.3290
4170 0.7541
4171 8.9779
4172 1.6721
4173 0.6182
4174 5.8899
4175 4.6262
4176 3.8606
4177 1.4490
4178 0.7696
4179 0.4013
4180 0.1763
4181 0.3247
4182 4.5919
4183 0.9075
4184 0.7604
4185 3.3167
4186 0.7517
4187 1.0617
4188 0.4069
4189 0.3008
4190 0.6686
4191 0.6886
4192 1.2082
4193 9.1084
4194 0.8733
4195 0.6401
4196 0.5921
4197 0.3998
4198 2.6065
4199 0.5739
4200 5.0662
4201 0.9079
4202 0.2472
4203 0.5573
4204 0.3531
4205 1.7326
4206 1.5366
4207 0.4694
4208 1.7508
4209 10.6569
4210 1.8736
4211 0.3394
4212 9.0355
4213 1.0463
4214 2.7274
4215 0.3395
4216 0.1660
4217 0.2579
4218   NaN
4219 1.1696
4220 0.3805
4221 1.1202
4222 1.2703
4223 0.6751
4224 0.6378
4225 2.1034
4226 3.1241
4227 1.8073
4228 2.6982
4229 2.2789
4230 0.6670
4231 0.7990
4232 2.7080
4233 1.9821
4234 0.4306
4235 1.6829
4236 5.7989
4237 4.5342
4238 0.2312
4239 11.7186
4240 0.0953
4241 0.2847
4242 2.7977
4243 0.7553
4244 0.3357
4245 0.4714
4246 0.8481
4247 0.2049
4248 1.4164
4249 0.6665
4250 1.1022
4251 0.6912
4252 0.3481
4253 1.9288
4254 1.3121
4255 0.1493
4256 9.7841
4257 4.4908
4258 0.5462
4259 1.0031
4260 0.7204
4261 2.6964
4262 0.2498
4263 1.5250
4264 0.2130
4265 1.7320
4266 0.1258
4267 0.7679
4268 7.0515
4269 0.3176
4270 4.3404
4271 2.4185
4272 3.3102
4273 0.8865
4274 1.4313
4275 1.4346
4276 0.1636
4277 1.7982
4278 0.3150
4279 1.0159
4280 2.5901
4281 1.8714
4282 3.3958
4283 4.4666
4284 1.6977
4285 0.3507
4286 1.5609
4287 2.1129
4288 0.2499
4289 0.6796
4290 1.4136
4291 0.5467
4292 0.2537
4293 1.0251
4294 2.6259
4295 2.5326
4296 0.0715
4297 1.1254
4298 0.9676
4299 0.3057
4300 0.2118
4301 0.3184
4302 2.1410
4303 0.9829
4304 0.3056
4305 0.2730
4306 0.0761
4307 0.9021
4308 0.2138
4309 0.6245
4310 0.5241
4311 17.8250
4312 10.6910
4313 3.6397
4314 0.7521
4315 1.2015
4316 1.1578
4317 0.4708
4318 2.2017
4319 3.6481
4320 0.3938
4321 0.2840
4322 0.2281
4323 1.1538
4324 0.1113
4325 3.5462
4326 0.6479
4327 0.2795
4328 0.1204
4329 1.8105
4330 1.1495
4331 4.1795
4332 5.2656
4333 0.7132
4334 0.8550
4335 1.0441
4336 1.3465
4337 0.7733
4338 2.3540
4339 1.7763
4340 1.8531
4341 1.6135
4342 0.9384
4343 5.1102
4344 1.5674
4345 0.0696
4346 0.6344
4347 0.6872
4348 2.2406
4349 2.3043
4350 1.0510
4351 2.8504
4352 0.5134
4353 0.4483
4354 0.3944
4355 2.4230
4356 0.8140
4357 0.7658
4358 0.3659
4359 3.3693
4360 3.1607
4361 1.8541
4362 0.2538
4363 4.0458
4364 6.1827
4365 2.3460
4366 0.1016
4367 22.9730
4368 2.6951
4369 2.2789
4370 0.1909
4371 1.8320
4372 0.7580
4373 1.4478
4374 1.4322
4375 0.2259
4376 1.4332
4377 0.8700
4378 3.0762
4379 1.0598
4380 0.3799
4381 3.5374
4382 5.2640
4383 0.4450
4384 0.2897
4385 1.0788
4386 1.2552
4387 14.4251
4388 0.2829
4389 7.1326
4390 0.1929
4391 0.9625
4392 0.5799
4393 0.6269
4394 0.1043
4395 1.4924
4396 2.2762
4397 0.4751
4398 0.9744
4399 2.9724
4400 3.2030
4401 0.7165
4402 1.8010
4403 2.1778
4404 1.1679
4405 0.8168
4406 3.2720
4407 1.8042
4408 0.2861
4409 1.1964
4410 1.6868
4411 12.0253
4412 1.4539
4413 0.8774
4414 3.0308
4415 0.5182
4416 3.6402
4417 1.2363
4418 0.7972
4419 1.2304
4420 1.0841
4421 1.6714
4422 0.5692
4423 1.4877
4424 1.8462
4425 0.4028
4426 0.6912
4427 3.4256
4428 0.1451
4429 0.9739
4430 0.8862
4431 11.1524
4432 1.7246
4433 3.9168
4434 0.2835
4435 4.0834
4436 0.6089
4437 0.5314
4438 0.7233
4439 0.5003
4440 3.8439
4441 0.1657
4442 1.7748
4443 0.8721
4444 1.8592
4445 9.5594
4446 0.8846
4447 0.7710
4448 0.5268
4449 1.5871
4450 0.2565
4451 0.0938
4452 0.3458
4453 0.6320
4454 0.7287
4455 0.9593
4456 1.3494
4457 0.3491
4458 0.4613
4459 1.6091
4460 0.4396
4461 0.9733
4462 0.8147
4463 3.8847
4464 1.1933
4465 0.9185
4466 0.5480
4467 1.1876
4468 1.4098
4469 0.9016
4470 0.3779
4471 0.2773
4472 0.7219
4473   NaN
4474 0.3780
4475 0.5038
4476 3.4196
4477 2.4172
4478 0.7983
4479 1.1415
4480 0.2146
4481 1.6531
4482 0.3201
4483 0.3394
4484 1.0459
4485 1.5520
4486 23.8966
4487 0.9136
4488 0.9727
4489 2.0541
4490 1.2173
4491 0.0872
4492 5.8803
4493 0.8359
4494 1.8640
4495 4.8896
4496 1.7456
4497 0.5714
4498 0.8629
4499 7.1795
4500 2.7687
4501 0.5499
4502 0.8162
4503 2.4242
4504 0.8531
4505 0.7903
4506 0.5978
4507 1.5058
4508 1.1412
4509 9.1091
4510 0.5483
4511 5.8296
4512 0.1231
4513 1.4817
4514 1.0871
4515 3.1484
4516 0.4451
4517 1.8582
4518 0.4892
4519 0.7559
4520 0.9233
4521 4.5952
4522 0.8394
4523 0.5730
4524 0.3683
4525 7.9171
4526 0.2603
4527 1.1521
4528 0.1987
4529 1.6084
4530 0.9980
4531 0.4670
4532 3.0409
4533 0.2264
4534 1.5154
4535 1.7357
4536 0.6210
4537 0.8347
4538 0.2956
4539 0.3131
4540 0.3510
4541 0.1310
4542 4.3242
4543 0.9607
4544 2.1101
4545 0.4618
4546 0.8275
4547 5.0898
4548 0.7019
4549 12.2058
4550 3.5871
4551 2.7235
4552 1.2177
4553 0.3916
4554 1.4478
4555 7.1401
4556 1.2824
4557 2.2463
4558 0.5079
4559 0.7604
4560 0.1153
4561 4.5986
4562 0.9142
4563 0.5900
4564 1.4303
4565 1.3698
4566 0.4866
4567 0.6863
4568 1.5032
4569 7.0725
4570 0.2729
4571 0.0984
4572 0.5703
4573 4.0717
4574 0.2639
4575 0.5640
4576 8.8583
4577 1.8506
4578 0.2712
4579 0.2712
4580 0.4590
4581 0.6353
4582 1.6352
4583 0.8139
4584 0.3086
4585 0.5010
4586 0.8340
4587 0.6862
4588 3.8528
4589 3.5843
4590 1.0158
4591 1.5214
4592 0.3418
4593 3.1553
4594 1.1143
4595 3.8272
4596 0.1400
4597 0.5663
4598 2.0583
4599 0.3130
4600 2.1286
4601 0.5775
4602 3.3077
4603 2.5015
4604 2.4454
4605 1.0115
4606 13.7756
4607 0.2303
4608 1.0277
4609 5.2031
4610 0.2762
4611 3.5987
4612 0.5846
4613 0.5854
4614 0.1382
4615 4.7305
4616 0.0785
4617 2.6544
4618 0.0755
4619 0.7322
4620 4.8950
4621 0.6457
4622 0.7250
4623 1.3423
4624 0.7235
4625 1.1889
4626 2.9637
4627 0.2349
4628 0.4740
4629 1.1773
4630 0.2546
4631 2.9819
4632 0.2494
4633 5.2765
4634 2.5853
4635 1.6769
4636 4.9861
4637 0.5926
4638 0.6883
4639 0.9972
4640 1.8239
4641 4.3491
4642 3.0841
4643 0.3892
4644 9.1977
4645 1.1166
4646 2.5138
4647 0.1432
4648 0.9632
4649 0.5908
4650 1.5856
4651 0.3811
4652 1.9535
4653 0.3669
4654 2.7993
4655 0.1997
4656 0.3501
4657 0.6755
4658 0.2570
4659 0.2127
4660 1.1043
4661 0.5118
4662 0.3470
4663 0.7617
4664 4.2654
4665 3.7729
4666 0.1186
4667 1.5675
4668 0.5905
4669 0.1714
4670 5.6534
4671 0.7582
4672 2.4022
4673 0.6707
4674 0.7099
4675 2.4561
4676 0.1139
4677 3.4434
4678 3.3757
4679 3.7746
4680 0.9071
4681 0.3756
4682 0.3361
4683 1.3882
4684 3.0543
4685 0.6768
4686 0.1355
4687 0.7348
4688 1.0575
4689 0.4927
4690 0.2476
4691 1.5421
4692 0.9146
4693 0.8305
4694 0.3675
4695 2.3768
4696 14.9451
4697 1.7136
4698 1.3765
4699 0.2869
4700 0.5250
4701 0.3463
4702 0.9210
4703 0.3988
4704 1.4583
4705 0.4896
4706 0.3241
4707 0.5770
4708 1.6893
4709 1.0786
4710 0.0772
4711 0.3018
4712 3.3636
4713 0.3636
4714 5.2738
4715 1.2649
4716 0.6243
4717 3.5163
4718 0.4398
4719 1.6931
4720 1.8980
4721 0.7155
4722 1.0073
4723 1.0904
4724 2.5774
4725 0.8410
4726 0.1539
4727 1.5723
4728 45.7214
4729 5.4120
4730 0.7618
4731 1.5929
4732 1.9761
4733 0.3577
4734 1.5144
4735 2.7139
4736 0.2620
4737 0.8321
4738 0.4190
4739 6.0481
4740 0.6987
4741 1.5744
4742 1.9883
4743 0.6902
4744 0.2901
4745 0.7419
4746 0.3076
4747 12.3922
4748 4.2365
4749 1.5595
4750 1.5236
4751 5.7489
4752 8.2856
4753 1.8311
4754 0.3357
4755 2.9252
4756 0.3279
4757 0.6841
4758 1.0222
4759 0.4339
4760 0.4043
4761 1.2414
4762 9.6013
4763 0.2846
4764 1.3480
4765 0.3293
4766 1.4023
4767 1.2187
4768 6.4347
4769 1.1245
4770 0.4381
4771 2.2665
4772 2.3372
4773 1.7418
4774 0.2487
4775 0.2571
4776 0.6256
4777 5.3236
4778 6.1742
4779 2.1670
4780 0.4503
4781 2.9456
4782 1.2865
4783 0.4456
4784 2.1178
4785 1.4829
4786 0.7580
4787 0.2276
4788 1.7962
4789 8.2019
4790 4.1156
4791 0.4151
4792 0.1686
4793 5.8896
4794 7.5984
4795 3.4853
4796 0.5896
4797 1.0798
4798 7.3141
4799 4.5835
4800 2.6930
4801 0.5669
4802 1.1850
4803 0.4180
4804 0.8091
4805 0.1711
4806 1.7198
4807 0.3021
4808 1.2451
4809 3.0125
4810 0.5927
4811 1.8921
4812 0.2778
4813 0.2604
4814 0.4839
4815 0.3193
4816 0.5923
4817 5.3355
4818 0.3562
4819 0.5518
4820 0.3061
4821 4.0348
4822 0.1337
4823 0.8922
4824 0.8182
4825 4.2878
4826 7.6868
4827 13.6116
4828 2.3501
4829 5.1067
4830 1.2132
4831 17.0092
4832 0.7331
4833 2.3419
4834 0.4237
4835 0.3634
4836 4.9068
4837 0.5926
4838 5.5145
4839 0.4722
4840 3.2015
4841 1.4434
4842 0.9549
4843 0.7247
4844 0.1177
4845 0.2184
4846 1.6796
4847 0.2714
4848 1.8671
4849 2.1870
4850 0.4291
4851 1.0675
4852 5.7448
4853 0.3319
4854 0.3760
4855 2.0331
4856 0.1606
4857 3.4313
4858 0.6736
4859 0.4774
4860 1.9874
4861 0.2381
4862 2.6616
4863 5.7731
4864 0.7294
4865 0.8636
4866 39.3255
4867 1.9177
4868 0.2406
4869 2.9945
4870 0.6870
4871 0.5275
4872 0.4171
4873 0.7927
4874 0.2008
4875 1.3961
4876 6.0091
4877 4.5986
4878 0.6456
4879 0.3256
4880 10.1622
4881 0.9348
4882 0.8786
4883 0.3893
4884 0.3987
4885 1.0301
4886 8.2469
4887 0.3416
4888 0.3903
4889 0.2341
4890 0.7865
4891 0.4110
4892 0.3477
4893 0.9612
4894 1.6928
4895 2.3160
4896 0.1512
4897 0.3223
4898 0.4075
4899 7.6143
4900 2.2025
4901 1.4974
4902 1.4562
4903 1.7030
4904 0.5952
4905 1.4042
4906 15.8072
4907 0.7963
4908 1.7417
4909 1.4586
4910 7.3573
4911 2.8683
4912 0.9214
4913 0.5747
4914 0.1521
4915 0.4798
4916 1.8780
4917 1.6209
4918 6.1559
4919 3.5641
4920 4.7529
4921 0.9768
4922 1.1562
4923 5.3329
4924 0.7656
4925 0.3823
4926 0.5149
4927 1.2786
4928 2.7295
4929 2.1804
4930 0.6624
4931 0.8526
4932 0.6046
4933 1.2586
4934 0.9447
4935 0.9576
4936 0.1738
4937 0.7554
4938 1.3232
4939 0.0817
4940 3.4710
4941 0.5753
4942 0.7124
4943 9.0366
4944 0.0821
4945 9.0523
4946 0.4694
4947 0.5637
4948 0.9245
4949 0.4537
4950 0.3425
4951 0.4813
4952 0.3033
4953 1.1134
4954 0.6003
4955 2.0526
4956 3.1575
4957 0.6627
4958 0.7700
4959 0.2287
4960 1.6348
4961 2.2679
4962 0.8130
4963 1.1935
4964 0.8048
4965 1.2843
4966 0.3000
4967 3.4597
4968 0.1920
4969 5.2402
4970 1.3934
4971 1.0048
4972 5.6624
4973 1.7185
4974 1.1288
4975 2.4095
4976 0.6002
4977 1.3665
4978 0.6566
4979 0.1177
4980 1.5821
4981 0.1997
4982 0.9116
4983 1.0351
4984 0.4937
4985 0.3454
4986 0.2608
4987 0.2594
4988 3.1424
4989 0.7783
4990 0.4516
4991 3.4336
4992 1.5200
4993 10.6603
4994 1.5985
4995 1.0342
4996 0.0847
4997 0.0758
4998 0.1927
4999 0.1115
5000 5.8564
