5001 0.6410
5002 5.1931
5003 1.4011
5004 0.3312
5005 1.8891
5006 0.9096
5007 1.8616
5008 3.2392
5009 29.9884
5010 2.3216
5011 2.8647
5012 4.2437
5013 2.0136
5014 0.4298
5015 7.4129
5016 2.1929
5017 15.6211
5018 0.7443
5019 0.7782
5020 8.3817
5021 5.1603
5022 7.5088
5023 2.0863
5024 1.9373
5025 0.3821
5026 2.2696
5027 25.4231
5028 2.3235
5029 5.3365
5030 0.3041
5031 2.6240
5032 43.3992
5033 27.6436
5034 0.9283
5035 0.5028
5036 0.5197
5037 0.8564
5038 12.3509
5039 8.4116
5040 18.4016
5041 5.3687
5042 0.1979
5043 0.7179
5044 6.0834
5045 9.4198
5046 0.9114
5047 4.1371
5048 10.3875
5049 1.3062
5050 0.2088
5051 17.4628
5052 1.7995
5053 3.7030
5054 0.5934
5055 2.6567
5056 2.9756
5057 5.6818
5058 4.1449
5059 1.9136
5060 2.3941
5061 0.9151
5062 1.2551
5063 18.2881
5064 3.7516
5065 2.2377
5066 1.1126
5067 0.8782
5068 0.4597
5069 7.3002
5070 4.4387
5071 2.2082
5072 0.2364
5073 13.0722
5074 3.1654
5075 15.2219
5076 3.5524
5077 0.5645
5078 62.3597
5079 0.2884
5080 0.9331
5081 0.6873
5082 0.3657
5083 23.2108
5084 1.8611
5085 2.5659
5086 2.8332
5087 0.5551
5088 1.8531
5089 0.6701
5090 1.7828
5091 7.6949
5092 2.5292
5093 3.4840
5094 6.8099
5095 10.8550
5096 9.1104
5097 2.6168
5098 9.0298
5099 0.2913
5100 0.5897
5101 2.5957
5102 0.3996
5103 2.9365
5104 14.8955
5105 1.1713
5106 6.3269
5107 0.1180
5108 5.5259
5109 5.4950
5110 16.0087
5111 12.4466
5112 0.6065
5113 8.9147
5114 13.2371
5115 2.9177
5116 5.1803
5117 21.1444
5118 25.0731
5119 1.6982
5120 2.9559
5121 0.3979
5122 0.3975
5123 1.2247
5124 2.3798
5125 2.4863
5126 1.4976
5127 1.0766
5128 1.4323
5129 6.1621
5130 0.8986
5131 3.2349
5132 10.7774
5133 2.0156
5134 2.4275
5135 0.6840
5136 13.5014
5137 1.6640
5138 1.3676
5139 7.3873
5140 13.0040
5141 1.8902
5142 0.3792
5143 0.2414
5144 0.4533
5145 0.4148
5146 2.1307
5147 2.4401
5148 5.7045
5149 4.6499
5150 5.6429
5151 0.7133
5152 1.8455
5153 0.9088
5154 0.6144
5155 8.5613
5156 40.4947
5157 2.6770
5158 1.4234
5159 1.2608
5160 0.7480
5161 1.6441
5162 2.0652
5163 3.8422
5164 0.5509
5165 1.0878
5166 3.6707
5167 3.8325
5168 3.2316
5169 1.9113
5170 15.5785
5171 8.4177
5172 1.2717
5173 1.6177
5174 2.4070
5175 7.8643
5176 0.7047
5177 1.7008
5178 3.5816
5179 4.5489
5180 1.5734
5181 1.5858
5182 1.5657
5183 3.3252
5184 0.5388
5185 7.2308
5186 59.7277
5187 6.9721
5188 0.8472
5189 1.2193
5190 8.1138
5191   NaN
5192 5.8460
5193 3.9639
5194 0.2657
5195 4.9813
5196 2.5474
5197 4.2805
5198 0.9484
5199 1.7014
5200 0.5482
5201 12.2491
5202 6.8884
5203 2.2802
5204 0.8433
5205 3.5963
5206 3.0350
5207 5.4015
5208 1.4531
5209 0.8501
5210 5.1926
5211 1.6935
5212 0.6299
5213 0.9832
5214 5.4606
5215 0.4146
5216 4.4687
5217 10.3049
5218 3.4874
5219 4.2350
5220 2.2754
5221 4.5220
5222 0.5497
5223 0.1531
5224 0.2626
5225 0.8979
5226 8.0706
5227 5.0302
5228 5.0029
5229 1.8329
5230 0.2559
5231 3.4743
5232 6.8382
5233 29.8943
5234 0.8611
5235 2.1942
5236 31.7080
5237 0.9987
5238 7.3825
5239 0.7763
5240 17.5601
5241 7.4882
5242 0.9280
5243 3.0562
5244 32.4046
5245 3.4380
5246 1.6964
5247 5.5059
5248 0.9454
5249 0.3031
5250 0.4203
5251 3.5294
5252 0.7461
5253 7.9004
5254 1.3208
5255 0.3539
5256 0.2262
5257 6.7711
5258 0.6477
5259 5.2381
5260 0.8901
5261 1.8639
5262 2.1522
5263 0.4887
5264 0.5964
5265 1.8391
5266 1.5339
5267 3.5255
5268 1.8134
5269 3.5962
5270 1.0443
5271 3.9295
5272 9.4421
5273 4.7448
5274 1.6627
5275 14.9453
5276 1.7201
5277 1.4641
5278 1.2748
5279 0.3706
5280 23.2624
5281 5.7548
5282 0.7443
5283 0.7249
5284 0.9865
5285 1.0998
5286 1.0270
5287 1.9049
5288 0.5724
5289 4.6372
5290 0.7795
5291 3.6734
5292 9.6690
5293 1.0819
5294 1.7689
5295 0.4274
5296 1.3090
5297 4.7394
5298 0.2972
5299 0.9031
5300 0.5652
5301 1.1258
5302 0.5684
5303 11.3338
5304 8.3794
5305 0.7934
5306 1.5659
5307 1.3733
5308 5.1605
5309 1.0342
5310 2.0013
5311 0.8265
5312 5.7201
5313 2.5612
5314 0.7216
5315 1.2154
5316 0.1844
5317 6.5719
5318 0.7261
5319 0.3831
5320 2.3512
5321 11.9498
5322 0.7540
5323 2.7189
5324 7.6404
5325 3.3521
5326 4.1666
5327 6.4056
5328 0.2631
5329 8.4062
5330 1.0915
5331 0.8477
5332 0.2813
5333 0.5378
5334 7.6850
5335 1.8726
5336 2.0645
5337 24.5430
5338 1.4809
5339 26.2835
5340 7.9393
5341 1.8001
5342 1.7904
5343 2.5734
5344 4.1600
5345 11.5592
5346 1.3663
5347 0.2781
5348 1.3239
5349 1.9097
5350 1.5052
5351 1.4268
5352 0.7848
5353 3.3515
5354 2.2295
5355 4.7401
5356 11.4821
5357 2.5124
5358 1.6877
5359 0.1085
5360 6.8632
5361 2.2535
5362 2.4046
5363 1.2067
5364 1.3947
5365 8.4610
5366 1.7181
5367 7.5027
5368 0.9590
5369 1.3576
5370 1.6557
5371 0.7068
5372 1.1639
5373 3.7127
5374 3.5725
5375 1.1545
5376 53.6785
5377 6.4278
5378 12.3223
5379 1.4528
5380 16.0177
5381 3.8140
5382 2.5137
5383 1.9725
5384 0.8726
5385 4.7009
5386 17.0517
5387 4.0569
5388 9.7434
5389 1.8196
5390 0.4324
5391 0.7922
5392 9.3251
5393 2.6824
5394 1.0289
5395 27.4250
5396 3.8230
5397 11.9011
5398 1.3174
5399 4.3826
5400 6.9139
5401 0.3694
5402 3.1997
5403 1.3853
5404 3.3150
5405 29.8564
5406 1.5396
5407 6.1051
5408 15.6566
5409 0.3057
5410 1.4068
5411 2.5920
5412 6.1136
5413 0.3145
5414 11.8190
5415 2.4111
5416 1.1338
5417 4.0755
5418 0.8096
5419 1.2861
5420 6.7106
5421 1.7895
5422 1.1870
5423 2.5505
5424 18.0884
5425 0.9421
5426 7.7386
5427 2.1419
5428 27.6963
5429 16.5821
5430 2.0952
5431 2.5980
5432 2.5245
5433 4.9264
5434 0.9441
5435 4.4517
5436 2.3823
5437 2.4402
5438 1.5368
5439 1.7420
5440 1.5255
5441 14.3575
5442 2.0961
5443 0.9746
5444 0.9012
5445 9.8829
5446 0.7685
5447 4.0414
5448 1.7183
5449 0.6278
5450 0.8549
5451 0.4818
5452 20.5770
5453 12.0958
5454 1.4868
5455 3.7514
5456 1.1761
5457 1.3364
5458 0.7023
5459 7.9209
5460 1.9950
5461 5.9455
5462 0.3930
5463 3.6763
5464 13.1901
5465 1.5149
5466 0.2765
5467 1.5312
5468 0.9935
5469 0.2403
5470 1.7239
5471 0.5036
5472 1.9451
5473 0.9584
5474 1.2037
5475 1.4426
5476 9.7104
5477 0.7965
5478 5.2766
5479 9.7269
5480 0.8802
5481 1.1947
5482 2.8782
5483 0.7175
5484 6.3289
5485 6.7440
5486 0.6769
5487 8.8349
5488 47.1911
5489 4.6069
5490 9.3270
5491 1.0324
5492 7.8247
5493 2.9382
5494 7.6549
5495 9.2911
5496 0.8404
5497 8.1907
5498 11.3756
5499 0.1464
5500 4.0253
5501 6.8478
5502 4.2277
5503 3.7145
5504 1.7385
5505 1.0457
5506 3.0382
5507 1.9348
5508 0.6768
5509 0.7816
5510 0.3782
5511 4.9872
5512 3.3471
5513 2.1758
5514 0.7175
5515 1.9574
5516 4.1625
5517 8.9855
5518 1.3203
5519 4.3509
5520 12.5109
5521 0.5873
5522 0.4428
5523 0.4066
5524 2.0384
5525 18.8117
5526 5.8659
5527 8.9571
5528 3.3632
5529 10.0507
5530 1.9441
5531 0.2415
5532 1.2589
5533 1.0924
5534 22.0283
5535 1.2780
5536 3.3505
5537 1.6186
5538 0.3933
5539 2.3516
5540 9.9078
5541 3.0292
5542 10.0018
5543 3.3139
5544 0.2166
5545 15.0844
5546 0.2513
5547 1.9143
5548 0.2440
5549 6.0442
5550 0.8159
5551 4.6471
5552 0.8921
5553 2.2676
5554 1.5297
5555 0.9350
5556 5.2572
5557 1.1090
5558 9.3723
5559 6.4581
5560 0.8767
5561 10.4923
5562 8.4396
5563 3.6872
5564 4.0793
5565 1.1212
5566 1.7122
5567 3.7809
5568 2.9037
5569 0.5439
5570 2.0119
5571 0.6082
5572 0.9760
5573 5.1266
5574 1.6167
5575 2.4406
5576 0.9259
5577 5.0044
5578 6.5974
5579 8.1899
5580 0.3053
5581 0.9720
5582 1.9210
5583 1.3826
5584 3.1934
5585 2.3680
5586 2.4416
5587 1.4053
5588 27.6969
5589 2.4492
5590 54.5145
5591 1.1375
5592 8.4631
5593 2.3235
5594 9.8930
5595 0.6154
5596 0.4923
5597 8.1273
5598 6.4128
5599 2.5903
5600 0.3935
5601 1.5676
5602 1.6082
5603 2.3424
5604 13.2407
5605 5.3973
5606 2.7536
5607 1.8530
5608 0.8116
5609 2.1204
5610 0.7549
5611 0.9817
5612 1.3819
5613 2.5984
5614 0.9647
5615 0.2315
5616 6.5470
5617 1.1979
5618 0.6846
5619 2.6592
5620 1.3943
5621 1.0735
5622 0.9799
5623 0.4430
5624 4.7771
5625 6.7109
5626 0.7346
5627 2.4037
5628 0.2906
5629 1.3187
5630 9.5130
5631 3.9985
5632 10.8568
5633 0.5261
5634 0.7397
5635 6.5029
5636 5.6104
5637 0.7185
5638 2.5475
5639 1.5692
5640 0.9567
5641 2.1995
5642 4.9580
5643 5.0649
5644 4.3395
5645 1.1071
5646 2.8937
5647 1.5133
5648 0.2298
5649 6.0661
5650 3.1796
5651 1.6084
5652 0.5952
5653 1.8431
5654 0.9843
5655 0.5050
5656 0.6943
5657 2.1441
5658 1.1303
5659 1.1296
5660 6.0781
5661 20.5326
5662 2.0976
5663 1.5980
5664 5.1103
5665 0.3584
5666 0.7855
5667 3.7600
5668 0.5233
5669 1.4857
5670 35.9290
5671 0.5670
5672 5.9662
5673 12.1304
5674 6.4139
5675 0.2239
5676 0.7732
5677 3.9346
5678 10.0658
5679 10.9954
5680 8.5095
5681 3.9347
5682 0.1836
5683 0.3081
5684 3.7421
5685 0.3690
5686 2.9077
5687 0.4209
5688 0.2666
5689 0.7365
5690 5.2345
5691 1.6848
5692 54.3753
5693 0.3997
5694 1.3383
5695 3.8998
5696 0.5854
5697 1.4116
5698 0.6019
5699 2.2344
5700 0.3841
5701 3.0598
5702 8.5740
5703 66.2685
5704 1.9376
5705 1.9359
5706 0.7130
5707 0.4997
5708 0.8674
5709 6.0819
5710 0.8285
5711 1.3577
5712 1.8714
5713 0.6790
5714 0.8972
5715 9.2054
5716 1.0258
5717 0.6140
5718 0.4346
5719 5.3673
5720 2.4263
5721 1.7694
5722 0.7689
5723 4.8161
5724 13.1004
5725 0.6305
5726 1.3155
5727 1.3633
5728 1.9984
5729 0.4666
5730 2.5051
5731 5.1293
5732 9.2632
5733 4.4032
5734 0.2378
5735 2.3379
5736 4.6369
5737 0.6528
5738 2.8385
5739 29.3632
5740 11.7574
5741 0.5868
5742 0.7932
5743 2.2287
5744 11.9960
5745 1.1830
5746 0.3682
5747 0.4914
5748 0.1324
5749 6.5898
5750 2.3886
5751 1.1012
5752 7.7042
5753 0.5340
5754 6.6880
5755 4.1085
5756 14.7518
5757 2.0621
5758 1.7316
5759 0.6233
5760 1.1406
5761 4.6952
5762 1.5535
5763 9.3402
5764 3.9045
5765 3.1294
5766 0.7158
5767 0.3854
5768 18.9824
5769 4.1740
5770 6.1429
5771 6.6647
5772 2.5370
5773 1.5709
5774 5.7150
5775 0.3970
5776 7.4273
5777 0.5243
5778 2.7691
5779 0.9683
5780 1.0805
5781 2.6995
5782 4.0013
5783 3.0611
5784 1.2297
5785 4.8022
5786 15.4635
5787 0.5593
5788 4.9184
5789 0.8394
5790 8.9237
5791 12.3639
5792 0.5133
5793 8.2358
5794 2.8563
5795 4.3626
5796 3.4386
5797 1.6630
5798 1.1526
5799 3.4226
5800 0.7998
5801 8.0484
5802 3.7466
5803 10.2748
5804 0.2700
5805 0.1340
5806 1.2171
5807 4.6467
5808 0.8236
5809 0.4650
5810 0.3166
5811 1.7821
5812 0.4705
5813 6.2736
5814 0.8688
5815 0.2506
5816 2.0963
5817 15.7503
5818 1.7438
5819 1.6215
5820 0.2219
5821 0.2905
5822 6.5188
5823 0.2838
5824 7.0033
5825 6.0132
5826 0.9419
5827 1.8999
5828 0.6959
5829 1.3438
5830 3.6319
5831 2.1562
5832 14.4014
5833 2.4284
5834 1.1699
5835 8.8817
5836 0.7748
5837 1.5082
5838 1.8538
5839 0.4819
5840 5.9910
5841 0.8396
5842 3.6976
5843 2.3672
5844 18.7546
5845 11.1264
5846 0.5817
5847 1.5109
5848 9.0544
5849 1.4343
5850 4.7246
5851 46.4806
5852 0.5772
5853 1.2714
5854 3.4071
5855 9.2134
5856 0.8028
5857 3.8393
5858 1.2296
5859 3.8386
5860 0.7551
5861 0.7106
5862 23.0119
5863 4.8858
5864 2.7105
5865 0.3120
5866 1.9890
5867 1.4475
5868 1.8760
5869 0.3043
5870 8.2533
5871 10.3926
5872 1.0964
5873 11.9980
5874 0.3991
5875 1.2334
5876 1.3726
5877 2.6390
5878 14.2965
5879 0.7314
5880 0.2660
5881 3.4699
5882 4.7109
5883 0.6334
5884 1.3099
5885 4.7016
5886 0.4379
5887 34.1213
5888 1.5819
5889 0.9883
5890 1.5374
5891 10.0751
5892 2.1303
5893 11.4805
5894 29.0452
5895 2.6359
5896 48.8515
5897 0.5328
5898 0.3232
5899 7.3445
5900 0.1086
5901 4.7157
5902 29.6056
5903 15.1721
5904 2.0262
5905 3.6257
5906 0.6440
5907 3.7597
5908 3.6833
5909 3.7213
5910 0.5408
5911 1.4590
5912 2.3254
5913 0.4494
5914 0.4275
5915 1.1339
5916 10.6782
5917 1.1366
5918 12.7647
5919 5.3161
5920 0.8035
5921 3.7457
5922 6.0755
5923 1.7974
5924 1.8342
5925 5.2221
5926 5.2601
5927 0.4903
5928 1.5234
5929 0.4437
5930 2.6234
5931 4.0156
5932 9.5519
5933 1.1016
5934 6.5276
5935 5.6036
5936 1.0829
5937 3.2597
5938 0.8881
5939   NaN
5940 0.8508
5941 4.9837
5942 0.8438
5943 1.2124
5944 0.2324
5945 15.4866
5946 2.2822
5947 1.5079
5948 3.6137
5949 3.3398
5950 2.3227
5951 1.5506
5952 0.1809
5953 8.4111
5954 3.9426
5955 18.6184
5956 1.6391
5957 2.4864
5958 1.1676
5959 5.4251
5960 9.8686
5961 1.1017
5962 0.3188
5963 2.9511
5964 1.0536
5965 4.1318
5966 0.8161
5967 0.1170
5968 3.0120
5969 1.4865
5970 0.9046
5971 3.7597
5972 3.0086
5973 1.6616
5974 0.4082
5975 3.7458
5976 61.9508
5977 4.7536
5978 33.9898
5979 9.2965
5980 3.1888
5981 13.9050
5982 4.5810
5983 3.5355
5984 8.8913
5985 3.5963
5986 1.3315
5987 1.5029
5988 4.1297
5989 17.0246
5990 1.8086
5991 0.5574
5992 1.1761
5993 9.4939
5994 1.4970
5995 0.6281
5996 56.8759
5997 3.5354
5998 1.5114
5999 0.6996
6000 3.1754
6001 5.3936
6002 0.1371
6003 3.1282
6004 8.7215
6005 3.5288
6006 12.2639
6007 1.5196
6008 0.3496
6009 0.9438
6010 16.7804
6011 1.5332
6012 4.8659
6013 2.1557
6014 16.2915
6015 9.2159
6016 0.2316
6017 2.7291
6018 3.5369
6019 3.0285
6020 10.5632
6021 14.6171
6022 14.2614
6023 1.8364
6024 0.2768
6025 1.9483
6026 14.3232
6027 4.5831
6028 0.8960
6029 1.9428
6030 12.0855
6031 1.3996
6032 0.8518
6033 2.5177
6034 2.3178
6035 4.5342
6036 3.3580
6037 0.1100
6038 10.9442
6039 0.7902
6040 5.5283
6041 1.0558
6042 7.8949
6043 2.0248
6044 3.6118
6045 3.1380
6046 1.6275
6047 0.9905
6048 0.3045
6049 0.4305
6050 0.6780
6051 0.2120
6052 1.7715
6053 1.5544
6054 0.4710
6055 1.2658
6056 4.4255
6057 0.9464
6058 1.1753
6059 0.1780
6060 0.7891
6061 8.9789
6062 2.4825
6063 2.1266
6064 3.2821
6065 5.3953
6066 1.2181
6067 13.5702
6068 0.5873
6069 0.8522
6070 1.6541
6071 4.6294
6072 0.3696
6073 15.3677
6074 4.4679
6075 4.2814
6076 0.1600
6077 7.4987
6078 3.3717
6079 2.0303
6080 2.0755
6081 20.7158
6082 2.3099
6083 3.0625
6084 1.1314
6085 1.4535
6086 0.8717
6087 1.1282
6088 2.2018
6089 0.8179
6090 2.8073
6091 11.1538
6092 3.1558
6093 0.1679
6094 4.1855
6095 1.4923
6096 4.5300
6097 1.5799
6098 9.9037
6099 0.4712
6100 0.4033
6101 0.8805
6102 4.4215
6103 5.8326
6104 1.3799
6105 0.6015
6106 1.7177
6107 11.6036
6108 1.7989
6109 2.8273
6110 1.6350
6111 2.4668
6112 9.5414
6113 1.3413
6114 1.5615
6115 1.1331
6116 0.5314
6117 4.3062
6118 3.0679
6119 1.6242
6120 1.5844
6121 1.0028
6122 4.7322
6123 5.9014
6124 3.0694
6125 0.9317
6126 1.5605
6127 1.6190
6128 0.3290
6129 2.0906
6130 0.2682
6131 4.2415
6132 0.8854
6133 0.3111
6134 1.5194
6135 3.8618
6136 6.6599
6137 5.2185
6138 1.3275
6139 0.9547
6140 3.0185
6141 0.6216
6142 1.4348
6143 0.5294
6144 1.2011
6145 3.0204
6146 0.4841
6147 0.2127
6148 1.5664
6149 1.7031
6150 2.6052
6151 18.7493
6152 0.8267
6153 2.4943
6154 3.9517
6155 12.5004
6156 2.2793
6157 5.0205
6158 1.3259
6159 0.4218
6160 1.1874
6161 1.6688
6162 6.0680
6163 3.7148
6164 3.1336
6165 0.5385
6166 3.1085
6167 0.2411
6168 1.7135
6169 5.7577
6170 0.8074
6171 2.1537
6172 0.1615
6173 4.3339
6174 2.4205
6175 0.6310
6176 4.0157
6177 0.9086
6178 4.8436
6179 1.2100
6180 1.7404
6181 1.8405
6182 0.3152
6183 6.0930
6184 2.1119
6185 0.2108
6186 0.8307
6187 2.2366
6188 0.8876
6189 4.0076
6190 2.9274
6191 2.1370
6192 4.8946
6193 8.8243
6194 6.4783
6195 17.8537
6196 1.2162
6197 1.8562
6198 1.5013
6199 4.7099
6200 0.4232
6201 3.0136
6202 5.6583
6203 2.4761
6204 12.7559
6205 6.9344
6206 0.6852
6207 1.5052
6208 3.7546
6209 2.1780
6210 0.3318
6211 1.1101
6212 4.5230
6213 2.0626
6214 7.8182
6215 0.2345
6216 0.5713
6217 0.8306
6218 1.9096
6219 37.9765
6220 0.5458
6221 1.4287
6222 2.1345
6223 11.8188
6224 6.1811
6225 1.7206
6226 0.5767
6227 20.6788
6228 18.8129
6229 12.9018
6230 11.0237
6231 1.7399
6232 12.4746
6233 1.3994
6234 0.7705
6235 0.2707
6236 4.2461
6237 5.5092
6238 3.0071
6239 3.1829
6240 2.4094
6241 1.0833
6242 18.3606
6243 0.4903
6244 14.8093
6245 5.0564
6246 6.2915
6247 1.4131
6248 1.9161
6249 30.4557
6250 5.5412
6251 4.7789
6252 0.2541
6253 1.8784
6254 23.5902
6255 46.5345
6256 0.6523
6257 0.5906
6258 0.2923
6259 0.8883
6260 0.8488
6261 0.4902
6262 13.9334
6263 3.0661
6264 2.4372
6265 1.0233
6266 13.3321
6267 1.6895
6268 1.5413
6269 3.8513
6270 2.2525
6271 2.9500
6272 1.8094
6273 1.3972
6274 2.3864
6275 2.8729
6276 3.0030
6277 2.4476
6278 3.0916
6279 0.9058
6280 1.2781
6281 0.9739
6282 5.0239
6283 1.9537
6284 0.5745
6285 0.5556
6286 0.8333
6287 3.0838
6288 0.7707
6289 0.4140
6290 16.8034
6291 5.8948
6292 3.7804
6293 6.7245
6294 4.7665
6295 1.0950
6296 1.4040
6297 3.0118
6298 5.4207
6299 1.4945
6300 3.8495
6301 2.0115
6302 10.5766
6303 4.9767
6304 0.5773
6305 2.9719
6306 1.4573
6307 1.8185
6308 1.2314
6309 4.4411
6310 3.0606
6311 2.3790
6312 2.9154
6313 5.1248
6314 2.3904
6315 1.6850
6316 6.1534
6317 2.0048
6318 29.5074
6319 0.2281
6320 5.8894
6321 8.8423
6322 7.2691
6323 1.6857
6324 1.7659
6325 1.8951
6326 2.7502
6327 1.2572
6328 0.4566
6329 0.9235
6330 5.3644
6331 5.2277
6332 14.5216
6333 3.2949
6334 14.5560
6335 0.8307
6336 4.4808
6337 10.3290
6338 3.4171
6339 1.2970
6340 9.3877
6341 13.1839
6342 4.1255
6343 4.0965
6344 15.5838
6345 1.1748
6346 4.5635
6347 6.7304
6348 1.5298
6349 6.7365
6350 4.2089
6351 0.1281
6352 9.7929
6353 5.6293
6354 14.7785
6355 5.2043
6356 2.9359
6357 9.2870
6358 14.5733
6359 15.2010
6360 0.3312
6361 0.5193
6362 3.8363
6363 3.4151
6364 8.6200
6365 2.3999
6366 1.7302
6367 0.1024
6368 10.2221
6369 0.8295
6370 4.2449
6371 10.0730
6372 0.6683
6373 2.9423
6374 6.6302
6375 2.7577
6376 7.1666
6377 0.4448
6378 31.9159
6379 1.5194
6380 4.6822
6381 9.1355
6382 2.5867
6383 9.0093
6384 4.6230
6385 0.4340
6386 0.7151
6387 5.6964
6388 15.3034
6389 1.8254
6390 0.2079
6391 1.0142
6392 0.2049
6393 0.6711
6394 1.7460
6395 6.5619
6396 2.5267
6397 0.9904
6398 15.8373
6399 0.3337
6400 4.6587
6401 1.4384
6402 2.1438
6403 1.7772
6404 3.5735
6405 1.4968
6406 0.3245
6407 2.8228
6408 3.7473
6409 3.9128
6410 1.2171
6411 1.3071
6412 3.9038
6413 3.3641
6414 6.0838
6415 2.0425
6416 0.4725
6417 6.6168
6418 0.4033
6419 8.0051
6420 1.2734
6421 1.7961
6422 6.3516
6423 1.1019
6424 9.9765
6425 4.0657
6426 2.6992
6427 5.8343
6428 0.3694
6429 0.3546
6430 6.9486
6431 10.9863
6432 0.5059
6433 2.9536
6434 1.5024
6435 2.2664
6436 1.5215
6437 2.5458
6438 1.2100
6439 4.6018
6440 1.0712
6441 1.2432
6442 0.9932
6443 0.6059
6444 0.9706
6445 1.0233
6446 2.6158
6447 0.2095
6448 16.8580
6449 1.0295
6450 0.2439
6451 10.0996
6452 2.2394
6453 3.7925
6454 1.8151
6455 0.5813
6456 1.2411
6457 0.9661
6458 0.6942
6459 9.4119
6460 3.3956
6461 0.2892
6462 6.1138
6463 1.9573
6464 2.8311
6465 0.7537
6466 0.3152
6467 0.5691
6468 1.9033
6469 4.6962
6470 2.5187
6471 9.9987
6472 2.0787
6473   NaN
6474 3.8387
6475 20.7303
6476 13.7951
6477 3.7501
6478 5.7179
6479 1.6804
6480 0.5813
6481 0.7437
6482 1.8670
6483 5.5178
6484 1.3686
6485 2.1730
6486 1.0305
6487 1.8208
6488 1.6847
6489 3.0075
6490 3.8306
6491 0.1665
6492 13.9783
6493 1.3297
6494 7.0713
6495 0.2912
6496 0.8135
6497 5.9771
6498 1.6513
6499 0.1014
6500 0.4634
6501 2.8854
6502 8.0182
6503 1.7312
6504 1.3298
6505 5.7381
6506 3.9825
6507 7.0330
6508 3.2693
6509 3.6402
6510 7.5201
6511 1.7874
6512 0.3364
6513 0.5841
6514 0.5137
6515 0.3145
6516 0.3283
6517 1.5765
6518 0.7400
6519 0.3030
6520 3.5581
6521 0.1640
6522 6.0194
6523 2.4716
6524 0.5108
6525 13.5968
6526 0.1902
6527 1.0170
6528 8.2306
6529 6.0077
6530 0.9244
6531 2.2989
6532 3.9265
6533 1.0496
6534 3.2233
6535 0.2107
6536 18.0749
6537 5.1530
6538 16.1689
6539 0.8446
6540 1.2216
6541 6.1041
6542 2.2822
6543 7.7643
6544 9.1024
6545 1.4331
6546 11.5609
6547 0.7203
6548 20.3304
6549 10.9337
6550 10.6181
6551 1.3578
6552 1.4877
6553 0.8497
6554 1.1903
6555 1.7821
6556 4.2119
6557 1.2738
6558 1.4605
6559 1.5155
6560 5.4405
6561 7.8486
6562 1.2968
6563 0.9944
6564 0.6894
6565 0.5026
6566 13.0968
6567 3.0131
6568 3.2430
6569 0.6909
6570 3.6248
6571 12.4751
6572 5.2454
6573 5.6140
6574 1.4502
6575 0.3253
6576 7.7264
6577 0.8117
6578 6.1019
6579 2.3918
6580 0.6155
6581 1.2227
6582 2.7917
6583 0.2244
6584 11.3396
6585 2.3585
6586 1.0167
6587 5.2402
6588 0.5724
6589 1.3117
6590 5.3975
6591 0.8681
6592 8.9573
6593 6.5112
6594 0.6123
6595 10.0509
6596 2.5647
6597 27.1823
6598 0.3634
6599 2.2687
6600 4.5987
6601 0.9493
6602 0.7398
6603 5.4335
6604 7.7441
6605 0.2362
6606 69.1130
6607 2.2065
6608 3.9723
6609 0.9318
6610 2.9048
6611 13.3847
6612 5.5378
6613 1.0291
6614 0.6540
6615 1.4554
6616 2.5149
6617 7.7962
6618 4.3746
6619 1.4673
6620 2.2525
6621 1.3622
6622 14.0688
6623 14.7153
6624 6.5454
6625 3.7978
6626 1.0834
6627 0.6957
6628 3.9247
6629 10.3431
6630 0.3200
6631 5.6197
6632 1.5234
6633 1.8621
6634 0.8363
6635 0.9201
6636 8.5645
6637 4.2891
6638 2.9508
6639 16.2180
6640 6.6001
6641 1.4609
6642 0.7120
6643 16.7727
6644 1.7224
6645 1.1680
6646 0.5227
6647 1.6142
6648 3.7445
6649 4.6975
6650 8.0731
6651 3.7715
6652 0.1851
6653 0.1429
6654 0.9754
6655 0.0848
6656 10.9784
6657 1.2534
6658 4.2795
6659 0.7142
6660 4.4691
6661 0.2026
6662 1.2961
6663 8.9981
6664 1.0979
6665 13.3221
6666 3.1334
6667 0.3568
6668 2.5790
6669 1.3611
6670 5.7943
6671 2.6532
6672 12.5544
6673 0.4990
6674 0.8562
6675 0.1460
6676 13.3078
6677 15.9446
6678 7.7485
6679 7.4327
6680 0.6281
6681 3.9815
6682 0.9379
6683 1.0246
6684 10.1558
6685 8.9601
6686 3.7804
6687 2.3373
6688 0.3572
6689 2.3533
6690 0.7631
6691 0.5604
6692 2.6882
6693 0.4635
6694 0.3672
6695 8.1239
6696 0.1718
6697 0.3743
6698 0.7704
6699 0.6837
6700 4.9998
6701 1.6417
6702 1.6421
6703 1.4998
6704 16.7246
6705 7.3754
6706 1.9205
6707 1.7543
6708 0.5010
6709 0.9782
6710 3.5368
6711 0.8702
6712 7.3141
6713 0.2716
6714 3.2608
6715 9.0121
6716 2.3870
6717 1.4320
6718 4.2838
6719 5.8519
6720 0.5684
6721 10.9184
6722 1.1055
6723 3.9902
6724 13.5162
6725 13.5819
6726 4.6903
6727 1.3361
6728 1.2043
6729 0.3755
6730 0.4501
6731 1.0248
6732 11.2107
6733 5.3675
6734 4.5703
6735 8.6121
6736 1.3661
6737 16.3330
6738 0.3687
6739 1.8327
6740 1.0721
6741 4.2760
6742 1.1079
6743 1.7223
6744 2.1049
6745 2.4276
6746 0.7477
6747 14.6045
6748 2.2462
6749 1.7173
6750 0.9756
6751 2.8283
6752 4.1662
6753 3.6719
6754 1.7305
6755 1.2990
6756 5.3840
6757 0.6692
6758 6.2807
6759 6.6046
6760 2.0243
6761 1.0969
6762 0.3628
6763 0.4593
6764 0.5409
6765 0.3885
6766 11.6701
6767 1.7918
6768 0.2128
6769 20.3741
6770 13.8487
6771 6.8504
6772 3.5470
6773 0.3382
6774 2.2974
6775 8.6750
6776 0.7325
6777 2.5497
6778 1.1673
6779 14.1185
6780 0.3151
6781 9.4841
6782 4.1499
6783 32.5365
6784 2.1379
6785 2.2911
6786 2.8171
6787 1.1479
6788 22.7439
6789 1.0416
6790   NaN
6791 5.1919
6792 13.7996
6793 9.2539
6794 4.2538
6795 4.3625
6796 2.8837
6797 13.6510
6798 2.8028
6799 2.6230
6800 6.0440
6801 1.6742
6802 1.1840
6803 7.9502
6804 1.8089
6805 6.5800
6806 1.8172
6807 3.6842
6808 0.2447
6809 4.0820
6810 0.3870
6811 0.1271
6812 1.2241
6813 2.8747
6814 0.1785
6815 8.8817
6816 7.2830
6817 2.6477
6818 5.1346
6819 1.7982
6820 5.4998
6821 1.4019
6822 2.5304
6823 0.7965
6824 1.1428
6825 11.9252
6826 7.5089
6827 0.8464
6828 5.7080
6829 4.2061
6830 1.5211
6831 20.2114
6832 0.7389
6833 6.0133
6834 4.2765
6835 15.6611
6836 1.0639
6837 0.8242
6838 4.2511
6839 4.7223
6840 4.4608
6841 0.8561
6842 1.0678
6843 1.1545
6844 4.4911
6845 11.2292
6846 1.2240
6847 5.6996
6848 1.0173
6849 1.2846
6850 1.6219
6851 3.0669
6852 0.9776
6853 1.8432
6854 1.2007
6855 0.0661
6856 1.8892
6857 0.1738
6858 3.5191
6859 2.4864
6860 1.9142
6861 2.8504
6862 5.7643
6863 0.8058
6864 0.8049
6865 1.7108
6866 2.9596
6867 9.9385
6868 6.3405
6869 1.1954
6870 6.3693
6871 1.2271
6872 3.5479
6873 7.6016
6874 1.3224
6875 0.3685
6876 1.4525
6877 6.5506
6878 1.9238
6879 9.8256
6880 3.2234
6881 39.6331
6882 6.6985
6883 2.3466
6884 4.4497
6885 1.3621
6886 14.4501
6887 2.1834
6888 1.9856
6889 4.3187
6890 0.4019
6891 3.8297
6892 0.4983
6893 1.4379
6894 0.1918
6895 1.1936
6896 2.6225
6897 1.1865
6898 2.4806
6899 9.3236
6900 0.3572
6901 5.1086
6902 1.5625
6903 0.9013
6904 5.1968
6905 5.2985
6906 2.1937
6907 3.1095
6908 2.3490
6909 12.1185
6910 7.0767
6911 0.6405
6912 2.8327
6913 10.3525
6914 47.2239
6915 0.8418
6916 34.8097
6917 2.9379
6918 1.8044
6919 0.5947
6920 0.6534
6921 1.7936
6922 32.3047
6923 0.2375
6924 0.6200
6925 0.1162
6926 7.1050
6927 13.5527
6928 2.0646
6929 1.2393
6930 4.8893
6931 1.5850
6932 9.5441
6933 1.2634
6934 0.6691
6935 0.4404
6936 1.7411
6937 2.4247
6938 29.5309
6939 2.7635
6940 0.3117
6941 0.3126
6942 2.1024
6943 4.9902
6944 0.6126
6945 2.9869
6946 1.0809
6947 5.8253
6948 3.3703
6949 4.1470
6950 2.1498
6951 3.2940
6952 33.8674
6953 4.8480
6954 1.4678
6955 0.7045
6956 1.1750
6957 1.5561
6958 0.4666
6959 0.8989
6960 0.2437
6961 0.5157
6962 0.5160
6963 1.1059
6964 1.2071
6965 6.8831
6966 4.5047
6967 4.1079
6968 8.2698
6969 1.5875
6970 7.7201
6971 1.2581
6972 1.2527
6973 0.6230
6974 0.3376
6975 0.5555
6976 0.8654
6977 8.5099
6978 1.7295
6979 1.8624
6980 2.4270
6981 1.0606
6982 2.5678
6983 0.4624
6984 39.6462
6985 1.1192
6986 14.4794
6987 1.6363
6988 13.2332
6989 4.6299
6990 2.8345
6991 1.5765
6992 0.1983
6993   NaN
6994 4.4854
6995 4.3808
6996 0.8708
6997 0.2462
6998 5.9347
6999 1.4494
7000 7.3846
7001 8.1924
7002 1.8149
7003 0.2134
7004 1.6139
7005 6.5665
7006 1.5322
7007 11.1376
7008 0.4824
7009 5.0231
7010 0.4000
7011 0.9685
7012 2.8677
7013 2.5276
7014 6.4117
7015 15.9083
7016 1.0910
7017 0.7853
7018 0.7869
7019 3.2964
7020 3.3510
7021 0.6467
7022 3.1366
7023 1.5108
7024 28.4401
7025 0.4325
7026 9.7261
7027 1.4954
7028 1.5810
7029 0.7830
7030 8.0658
7031 0.6771
7032 22.3135
7033 2.1178
7034 5.5621
7035 11.9276
7036 1.2880
7037 5.8042
7038 1.3531
7039 27.6126
7040 1.6668
7041 1.0398
7042 16.0579
7043 1.8067
7044 0.6885
7045 7.2802
7046 0.6601
7047 17.0367
7048 1.1969
7049 2.0597
7050 1.2670
7051 2.3660
7052 2.0894
7053 9.8913
7054 0.1731
7055 2.4753
7056 0.3559
7057 0.8236
7058 1.0211
7059 4.1142
7060 3.7557
7061 4.0494
7062 0.9330
7063 2.7179
7064 0.4554
7065 4.7659
7066 1.4660
7067 5.8426
7068 23.3974
7069 5.0801
7070 0.7902
7071 0.6795
7072 8.5808
7073 0.6545
7074 0.1858
7075 0.8454
7076 8.0791
7077 1.8120
7078 2.1367
7079 19.4568
7080 3.6820
7081 2.6500
7082 9.6058
7083 1.7901
7084 1.2636
7085 12.7257
7086 1.4522
7087 0.1421
7088 21.6737
7089 1.3472
7090 9.7177
7091 3.8992
7092 2.3629
7093 27.5140
7094 8.6775
7095 3.7664
7096 3.6007
7097 0.6942
7098 1.4483
7099 1.6431
7100 19.4322
7101 13.2037
7102 22.6774
7103 3.0104
7104 3.5734
7105 3.3490
7106 1.9609
7107 18.7490
7108 0.5054
7109 9.3113
7110 1.7956
7111 2.8886
7112 4.5632
7113 0.7617
7114 0.2877
7115 0.7808
7116 4.4789
7117 0.5715
7118 1.7862
7119 4.8609
7120 3.2627
7121 3.2698
7122 6.5284
7123 0.7189
7124 5.0398
7125 0.7642
7126 11.2011
7127 0.2818
7128 0.2980
7129 2.9035
7130 6.0299
7131 2.8748
7132 7.3750
7133 4.7200
7134 8.0455
7135 7.9588
7136 0.4560
7137 1.5714
7138 2.0782
7139 11.4511
7140 6.9053
7141 3.3051
7142 0.8340
7143 3.5148
7144 0.8451
7145 7.2518
7146 3.2395
7147 3.7619
7148 0.6572
7149 4.2723
7150 3.9548
7151 1.3786
7152 5.4019
7153 0.8125
7154 0.9908
7155 3.4562
7156 3.6165
7157 0.4741
7158 0.4588
7159 2.0565
7160 9.1529
7161 0.1570
7162 1.0108
7163 8.4901
7164 1.2585
7165 2.0793
7166 0.7438
7167 8.2006
7168 28.2413
7169 0.7207
7170 4.2234
7171 0.3231
7172 0.7704
7173 0.5770
7174 1.7221
7175 1.2286
7176 0.8430
7177 3.0017
7178 15.2021
7179   NaN
7180 1.0849
7181 0.8259
7182 1.8249
7183 3.3806
7184 71.1880
7185 4.3328
7186 0.4592
7187 0.8266
7188 1.2621
7189 51.7970
7190 2.2687
7191 0.9379
7192 1.3026
7193 12.3584
7194 0.1590
7195 2.0918
7196 4.3291
7197 3.9723
7198 5.3771
7199 0.2837
7200 4.9429
7201 3.6880
7202 4.9926
7203 14.3785
7204 0.1934
7205 3.8036
7206 7.2366
7207 3.0441
7208 0.8584
7209 0.5261
7210 0.8423
7211 0.4138
7212 1.4738
7213 12.9103
7214 0.6539
7215 3.5659
7216 2.8095
7217 7.4900
7218 7.5105
7219 1.0475
7220 1.4764
7221 2.2419
7222 0.6407
7223 10.5085
7224 0.2209
7225 6.3508
7226 7.9791
7227 0.9465
7228 1.3374
7229 1.1136
7230 4.1851
7231 0.6203
7232 1.3606
7233 0.2587
7234 1.3912
7235 16.7025
7236 2.9930
7237 2.8476
7238 1.4055
7239 7.3980
7240 1.7649
7241 0.6606
7242 0.5208
7243 10.3239
7244 0.6892
7245 2.4188
7246 5.0455
7247 0.7043
7248 2.3981
7249 2.5485
7250 1.7075
7251 1.6283
7252 2.0082
7253 1.4257
7254 10.8230
7255 3.1967
7256 0.2709
7257 0.8161
7258 1.3727
7259 1.5869
7260 3.4968
7261 0.8935
7262 0.4654
7263 12.5730
7264 15.0312
7265 0.9156
7266 5.0877
7267 1.7862
7268 0.8939
7269 37.6025
7270 6.6819
7271 15.3985
7272 4.1985
7273 1.9259
7274 1.4983
7275 1.1279
7276 1.9126
7277 2.8654
7278 1.0142
7279 1.2464
7280 33.0497
7281 6.0090
7282 0.4970
7283 2.2330
7284 1.5204
7285 1.6485
7286 1.9481
7287 3.3710
7288 7.2415
7289 12.7306
7290 15.7254
7291 5.9520
7292 0.7909
7293 1.0964
7294 2.1319
7295 2.3465
7296 8.2898
7297 10.7869
7298 3.2363
7299 3.7521
7300 4.6349
7301 2.9748
7302 5.3656
7303 0.7001
7304 1.0099
7305 5.1814
7306 2.4465
7307 3.3538
7308 4.7008
7309 4.7592
7310 3.7561
7311 10.6007
7312 12.0527
7313 0.8617
7314 1.9110
7315 0.1490
7316 2.1985
7317 0.8963
7318 0.4384
7319 1.0209
7320 4.2724
7321 5.4507
7322 0.4661
7323 0.8234
7324 0.7068
7325 1.4775
7326 0.7588
7327 0.9215
7328 4.6342
7329 0.3041
7330 3.4682
7331 1.4468
7332 8.3263
7333 0.8108
7334 1.1042
7335 1.2282
7336 3.2984
7337 4.5284
7338 4.2835
7339 0.2162
7340 1.1573
7341 0.2170
7342 27.1032
7343 2.1867
7344 0.3824
7345 0.4035
7346 0.8540
7347 0.7398
7348 3.3682
7349 1.0303
7350 0.0961
7351 15.7779
7352 0.7385
7353 2.3631
7354 11.2147
7355 10.4818
7356 1.8970
7357 2.0213
7358 0.8386
7359 12.9123
7360 0.6663
7361 2.3607
7362 2.3016
7363 5.5619
7364 3.1912
7365 6.3710
7366 3.5451
7367 2.2428
7368 1.9784
7369 1.8861
7370 1.0485
7371 0.4544
7372 0.3893
7373 3.5433
7374 0.8729
7375 4.9718
7376 3.0991
7377 1.1250
7378 1.9914
7379 0.3553
7380 4.0160
7381 4.6932
7382 0.1102
7383 8.4707
7384 1.4992
7385 0.1891
7386 4.3571
7387 0.5313
7388 0.6436
7389 1.3891
7390 5.5122
7391 1.5397
7392 6.4058
7393 18.6549
7394 4.2031
7395 1.1077
7396 1.7951
7397 2.9528
7398 7.3943
7399 0.8025
7400 5.8001
7401 0.2219
7402 1.4620
7403 2.5278
7404 2.3347
7405 0.3031
7406 4.5950
7407 16.1813
7408 2.0828
7409 7.2116
7410 1.0251
7411 4.2508
7412 0.6349
7413 0.5438
7414 1.0527
7415 13.7514
7416 6.5793
7417 8.6212
7418 0.2607
7419 1.8591
7420 0.3507
7421 0.1142
7422 11.4129
7423 0.2424
7424 0.8410
7425 4.7545
7426 22.1725
7427 13.4911
7428 4.7028
7429 0.5278
7430 19.0140
7431 0.5950
7432 2.7093
7433 22.0081
7434 4.2537
7435 1.6032
7436 1.8136
7437 25.3066
7438 9.2686
7439 3.4414
7440 0.9443
7441 11.3838
7442 7.0171
7443 5.8244
7444 2.8731
7445 5.0337
7446 10.2440
7447 0.5766
7448 4.0814
7449 0.8563
7450 2.4654
7451 0.1399
7452 3.2534
7453 3.7764
7454 0.5116
7455 4.2288
7456 0.9469
7457 1.6813
7458 4.6903
7459 2.2299
7460 23.7135
7461 1.0485
7462 2.0829
7463 0.7026
7464 2.5495
7465 2.0149
7466 8.2380
7467 0.3601
7468 0.2023
7469 3.1767
7470 0.9705
7471 6.2027
7472 3.3097
7473 0.8831
7474 0.6707
7475 6.8263
7476   NaN
7477 8.8669
7478 0.9186
7479 0.9063
7480 1.6373
7481 2.3830
7482 0.7678
7483 1.7386
7484 0.5693
7485 67.7362
7486 2.2622
7487 3.3101
7488 2.4223
7489 1.9263
7490 0.3110
7491 0.8529
7492 1.2077
7493 12.1899
7494 2.5487
7495 5.3566
7496 1.0138
7497 12.9932
7498 4.7291
7499 23.0740
7500 1.1365
