   1 0.3868
   2 0.8398
   3 2.6825
   4 0.3917
   5 0.5202
   6 0.5596
   7 0.9486
   8 0.3770
   9 0.4717
  10 1.0451
  11 0.5004
  12 2.5524
  13 0.4515
  14 0.9139
  15 0.6963
  16 0.4401
  17 8.8964
  18 2.9692
  19 0.3830
  20 3.0242
  21 1.8461
  22 2.9071
  23 0.5888
  24 1.6368
  25 6.8959
  26 2.9274
  27 0.0812
  28 0.8325
  29 0.9654
  30 0.2805
  31 0.8717
  32 2.2261
  33 0.7513
  34 0.0900
  35 0.6550
  36 0.2894
  37 0.6333
  38 1.6538
  39 1.5047
  40 0.6111
  41 1.6649
  42 0.7841
  43 5.8902
  44 1.9345
  45 0.7538
  46 0.2742
  47 0.2208
  48 0.1356
  49 1.2395
  50 0.1117
  51 0.1132
  52 2.3348
  53 1.8588
  54 0.4292
  55 1.5299
  56 1.3229
  57 1.8372
  58 0.3206
  59 0.1708
  60 0.4625
  61 0.2410
  62 0.3375
  63 0.2307
  64 0.4181
  65 0.8216
  66 0.3170
  67 0.4974
  68 0.6987
  69 0.1378
  70 0.1999
  71 1.3134
  72 9.2084
  73 0.1664
  74 0.4991
  75 1.8527
  76 1.0697
  77 3.4878
  78 0.3322
  79 0.2858
  80 2.7316
  81 1.7950
  82 0.5440
  83 0.8842
  84 2.6029
  85 1.0490
  86 0.1813
  87 0.4636
  88 0.3897
  89 0.3122
  90 1.2917
  91 1.3142
  92 0.3144
  93 0.8553
  94 1.7712
  95 0.7756
  96 0.7290
  97 0.7538
  98 0.5528
  99 0.6469
 100 1.2422
 101 1.7289
 102 1.7635
 103 0.9303
 104 2.2653
 105 4.1838
 106 0.3005
 107 0.3023
 108 0.4146
 109 1.0592
 110 1.7332
 111 0.7247
 112 1.5686
 113 1.7668
 114 0.2946
 115 0.3600
 116 0.3642
 117 1.8504
 118 0.9217
 119 0.9569
 120 0.3240
 121 0.4789
 122 0.3779
 123 2.4242
 124 0.3988
 125 0.6836
 126 1.2752
 127 0.1244
 128 0.9235
 129 0.7864
 130 0.2889
 131 1.0267
 132 2.6192
 133 1.6747
 134 0.2954
 135 0.3248
 136 0.2436
 137 0.2659
 138 3.2017
 139 0.3346
 140 0.2119
 141 0.3742
 142 1.3886
 143 1.1624
 144 0.1431
 145 11.0175
 146 1.2153
 147 0.5303
 148 0.1291
 149 0.1153
 150 0.2178
 151 0.5982
 152 0.5924
 153 0.2013
 154 0.1630
 155 1.4619
 156 0.6116
 157 0.6439
 158 0.2224
 159 1.0783
 160 0.1193
 161 0.3165
 162 4.9456
 163 0.4824
 164 1.3572
 165 1.2196
 166 0.1914
 167 0.2364
 168 0.7395
 169 0.9650
 170 4.0378
 171 0.3458
 172 0.4170
 173 1.9781
 174 0.2691
 175 0.2204
 176 0.5371
 177 0.7364
 178 0.3049
 179 0.3577
 180 0.5321
 181 0.9760
 182 0.4037
 183 1.8855
 184 1.2063
 185 0.4816
 186 2.2561
 187 0.5365
 188 1.2362
 189 0.9666
 190 0.9735
 191 4.0182
 192 0.8928
 193 0.5393
 194 0.5477
 195 0.6577
 196 1.9283
 197 0.6919
 198 0.7936
 199 2.5911
 200 0.1683
 201 1.0259
 202 0.2435
 203 0.7322
 204 0.8599
 205 0.1164
 206 1.5857
 207 2.4837
 208 0.3092
 209 1.0981
 210 1.5332
 211 1.1706
 212 0.3185
 213 1.4085
 214 0.3223
 215 0.9402
 216 1.4247
 217 0.5359
 218 0.1934
 219 1.0283
 220 0.8397
 221 0.8143
 222 0.6241
 223 0.6703
 224 0.8252
 225 0.3839
 226 0.7896
 227 2.8406
 228 1.1200
 229 1.1921
 230 0.3213
 231 0.5229
 232 0.7440
 233 0.2695
 234 0.2614
 235 0.4507
 236 1.4544
 237 0.7901
 238 0.3536
 239 1.0459
 240 0.1455
 241 0.1085
 242 3.3169
 243 0.4791
 244 0.4859
 245 0.4888
 246 0.6126
 247 3.2187
 248 0.5815
 249 0.6113
 250 3.5239
 251 1.3323
 252 0.1249
 253 1.2326
 254 0.2933
 255 2.1817
 256 0.9890
 257 0.3963
 258 0.3320
 259 1.3424
 260 1.1104
 261 0.2899
 262 0.3427
 263 0.9923
 264 0.8545
 265 0.2067
 266 1.1900
 267 1.1028
 268 0.2694
 269 0.1144
 270 0.2840
 271 0.7087
 272 4.4110
 273 1.1268
 274 0.3039
 275 0.5362
 276 0.4057
 277 0.6912
 278 0.9380
 279 0.1426
 280 0.4392
 281 0.3415
 282 0.3150
 283 0.4638
 284 2.6242
 285 2.2080
 286 2.7190
 287 0.4627
 288 0.2949
 289 1.4482
 290 0.3353
 291 0.5425
 292 0.1884
 293 1.2729
 294 0.0762
 295 0.4687
 296 0.2885
 297 1.4447
 298 0.9377
 299 0.4630
 300 0.2490
 301 0.5096
 302 0.3705
 303 0.3974
 304 0.8761
 305 0.5574
 306 0.3813
 307 0.5413
 308 1.0711
 309 0.1321
 310 0.7606
 311 0.9955
 312 0.4970
 313 1.4694
 314 2.7269
 315 0.3504
 316 2.0663
 317 0.6751
 318 2.3973
 319 3.2311
 320 0.3709
 321 2.3487
 322 0.2316
 323 2.0332
 324 0.1243
 325 5.4917
 326 0.5732
 327 0.1758
 328 0.9914
 329 0.3646
 330 2.0308
 331 0.9286
 332 2.1843
 333 0.2960
 334 0.7129
 335 1.6998
 336 0.3301
 337 2.0481
 338 1.5138
 339 2.9919
 340 1.3634
 341 0.6831
 342 0.9935
 343 0.8376
 344 0.5285
 345 14.5416
 346 0.3000
 347 0.1530
 348 0.3005
 349 0.9989
 350 0.3896
 351 0.7421
 352 0.6550
 353 0.7655
 354 0.3604
 355 3.9467
 356 0.3338
 357 2.3016
 358 0.7667
 359 3.3978
 360 3.7431
 361 0.4789
 362 1.4068
 363 0.4815
 364 1.4424
 365 0.1293
 366 2.9752
 367 2.1642
 368 1.8421
 369 0.2876
 370 1.2732
 371 0.6092
 372 0.2536
 373 0.7432
 374 0.3525
 375 2.3762
 376 0.6454
 377 0.7004
 378 2.1342
 379 0.1345
 380 2.1629
 381 2.1434
 382 0.4011
 383 0.4058
 384 0.8697
 385 1.2908
 386 0.5868
 387 0.4053
 388 0.1041
 389 4.5642
 390 0.1685
 391 6.1971
 392 2.5720
 393 2.9700
 394 0.5006
 395 0.5247
 396 1.0002
 397 0.6677
 398 1.0197
 399 1.2032
 400 0.4416
 401 3.4973
 402 2.7468
 403 0.8112
 404 0.5820
 405 2.9080
 406 1.2366
 407 0.8799
 408 0.8735
 409 0.6636
 410 0.1214
 411 1.9323
 412 0.3330
 413 1.3709
 414 0.3703
 415 1.0438
 416 1.3758
 417 0.8436
 418 0.2505
 419 0.1384
 420 0.5396
 421 3.4835
 422 0.2893
 423 0.3863
 424 1.9282
 425 1.4488
 426 1.2980
 427 0.3090
 428 3.7688
 429 0.1175
 430 0.1255
 431 1.3304
 432 1.5049
 433 0.8528
 434 0.1412
 435 5.3684
 436 2.0998
 437 0.3445
 438 1.0983
 439 2.3651
 440 0.6575
 441 0.6624
 442 1.5772
 443 3.2662
 444 0.4041
 445 0.3365
 446 0.4295
 447 0.5692
 448 0.6871
 449 0.2089
 450 0.3458
 451 0.5214
 452 2.3794
 453 0.1642
 454 0.4646
 455 5.3955
 456 0.7060
 457 3.2320
 458 1.2844
 459 0.4222
 460 1.6366
 461 0.9760
 462 0.4580
 463 0.9317
 464 0.3312
 465 0.2721
 466 0.2514
 467 0.2720
 468 1.8182
 469 0.4298
 470 0.9067
 471 4.0256
 472 0.8741
 473 0.3511
 474 0.1504
 475 0.2970
 476 0.3422
 477 1.1406
 478 0.3501
 479 0.4570
 480 0.1526
 481 0.3041
 482 0.3497
 483 0.0857
 484 0.4674
 485 1.9270
 486 0.4003
 487 0.1050
 488 0.3621
 489 1.0268
 490 0.6982
 491 0.1786
 492 3.8513
 493 0.5918
 494 0.1166
 495 0.8638
 496 0.7469
 497 2.8282
 498 5.9621
 499 1.1699
 500 0.0889
 501 4.6776
 502 2.0336
 503 0.2216
 504 0.1014
 505 0.4692
 506 0.1584
 507 0.3923
 508 0.5414
 509 0.6073
 510 0.8278
 511 0.7253
 512 0.3506
 513 0.0773
 514 0.1914
 515 0.1178
 516 2.1047
 517 0.1745
 518 0.3130
 519 1.8270
 520 0.3356
 521 9.6905
 522 1.0112
 523 0.1603
 524 0.4458
 525 1.0384
 526 0.4346
 527 1.0992
 528 0.5489
 529 0.9694
 530 0.5088
 531 0.5418
 532 0.1392
 533 0.1759
 534 1.7303
 535 2.3242
 536 1.7513
 537 1.8449
 538 0.5740
 539 6.8342
 540 1.2014
 541 2.9879
 542 0.8924
 543 0.1725
 544 0.4994
 545 0.6969
 546 1.7894
 547 0.4216
 548 0.4227
 549 1.0420
 550 4.1493
 551 1.3075
 552 1.6898
 553 0.2729
 554 0.3483
 555 0.6233
 556 0.2939
 557 0.5597
 558 0.6559
 559 0.4475
 560 0.6190
 561 1.2514
 562 0.9393
 563 0.4805
 564 9.1729
 565 1.2307
 566 4.2859
 567 0.5455
 568 0.1291
 569 0.8031
 570 1.8612
 571 2.0865
 572 0.3514
 573 1.4167
 574 0.4444
 575 0.5007
 576 0.8691
 577 1.2812
 578 0.3252
 579 2.4360
 580 0.2126
 581 0.1591
 582 0.1094
 583 0.5591
 584 0.3041
 585 0.8821
 586 1.3006
 587 0.6377
 588 1.7759
 589 0.8874
 590 0.3241
 591 3.4535
 592 0.6597
 593 0.7659
 594 1.7885
 595 0.9282
 596 0.3652
 597 3.8599
 598 0.5747
 599 0.1929
 600 1.9722
 601 1.1325
 602 0.3593
 603 0.3549
 604 3.3012
 605 0.5346
 606 1.9689
 607 4.8103
 608 0.1012
 609 0.3533
 610 1.1312
 611 0.1827
 612 0.2959
 613 0.4873
 614 0.2754
 615 0.8571
 616 2.0112
 617 1.5017
 618 2.9084
 619 0.6306
 620 2.9522
 621 0.8097
 622 0.3816
 623 0.4463
 624 0.7489
 625 0.3141
 626 0.4116
 627 2.0037
 628 0.1781
 629 0.7152
 630 10.6079
 631 4.3902
 632 0.5586
 633 1.4630
 634 0.3704
 635 0.2895
 636 0.0886
 637 0.2340
 638 0.5603
 639 0.1448
 640 1.5389
 641 2.1336
 642 1.8368
 643 1.2352
 644 4.7024
 645 3.5633
 646 0.6554
 647 1.6693
 648 0.4201
 649 0.1546
 650 0.8441
 651 0.3370
 652 0.7817
 653 3.1232
 654 0.4124
 655 0.3165
 656 1.7695
 657 0.6293
 658 2.9551
 659 0.8902
 660 0.3165
 661 0.1132
 662 0.4879
 663 2.6459
 664 0.4686
 665 0.4317
 666 0.4471
 667 0.1339
 668 1.3103
 669 0.1381
 670 1.2157
 671 0.2523
 672 0.3201
 673 1.0608
 674 24.4413
 675 0.8432
 676 0.4627
 677 1.1206
 678 1.0025
 679 0.2934
 680 1.1881
 681 0.8647
 682 0.2653
 683 2.5442
 684 0.9131
 685 2.8487
 686 2.0314
 687 0.4929
 688 2.0278
 689 2.9744
 690 0.8695
 691 0.8261
 692 0.4285
 693 0.9683
 694 1.3545
 695 0.3949
 696 2.1956
 697 1.0988
 698 0.9049
 699 0.3083
 700 0.8994
 701 9.6267
 702 0.8122
 703 0.4786
 704 1.1603
 705 0.4272
 706 1.8789
 707 1.3441
 708 0.4350
 709 0.4268
 710 1.9054
 711 0.1242
 712 0.4233
 713 13.1355
 714 3.8217
 715 0.8764
 716 0.3607
 717 0.7756
 718 0.1154
 719 0.2620
 720 1.2679
 721 1.2208
 722 1.8980
 723 0.9729
 724 0.2171
 725 0.4088
 726 0.2043
 727 5.8203
 728 0.0819
 729 0.6362
 730 0.2828
 731 1.1468
 732 1.7744
 733 1.7785
 734 0.8355
 735 1.9356
 736 0.5487
 737 0.6263
 738 0.9644
 739 0.3560
 740 2.9528
 741 0.1366
 742 0.6295
 743 0.0883
 744 2.0921
 745 1.4453
 746 2.8739
 747 0.3050
 748 1.3902
 749 6.0472
 750 1.3525
 751 0.5268
 752 1.4568
 753 0.6234
 754 1.3484
 755 0.3122
 756 8.6403
 757 2.4339
 758 0.9309
 759 0.9270
 760 0.2920
 761 1.1851
 762 0.2999
 763 1.0486
 764 1.6183
 765 1.2709
 766 0.4934
 767 0.2020
 768 0.2492
 769 0.7303
 770 0.5331
 771 0.3702
 772 3.0400
 773 3.3246
 774 0.4840
 775 0.8598
 776 1.1567
 777 1.0368
 778 0.5023
 779 1.1785
 780 1.8032
 781 0.2936
 782 0.4481
 783 0.5826
 784 0.8368
 785 0.4160
 786 0.6844
 787 0.1133
 788 1.1866
 789 1.6927
 790 0.3795
 791 1.6313
 792 0.7640
 793 0.2130
 794 4.4402
 795 0.3897
 796 0.8499
 797 0.5704
 798 0.1463
 799 0.1849
 800 0.2649
 801 0.8924
 802 0.8740
 803 0.3963
 804 0.8044
 805 0.5786
 806 0.2918
 807 0.2573
 808 3.1715
 809 0.2336
 810 0.6808
 811 1.4145
 812 0.2773
 813 1.5907
 814 1.6811
 815 0.9863
 816 0.5770
 817 0.8834
 818 3.6669
 819 0.2660
 820 3.8203
 821 1.1101
 822 2.3749
 823 2.9999
 824 1.0207
 825 0.5602
 826 0.2506
 827 0.0776
 828 0.8003
 829 0.8859
 830 0.4306
 831 0.7216
 832 1.1952
 833 1.2995
 834 0.5671
 835 0.4334
 836 0.5988
 837 0.3040
 838 0.3171
 839 0.3440
 840 0.5791
 841 0.6641
 842 4.6448
 843 0.3960
 844 0.2904
 845 0.5266
 846 0.2054
 847 0.1780
 848 3.4627
 849 0.9552
 850 0.7411
 851 0.8763
 852 0.2582
 853 0.3490
 854 0.6715
 855 0.4751
 856 1.0163
 857 0.2534
 858 1.1564
 859 0.4357
 860 1.6020
 861 0.9230
 862 0.5847
 863 0.6177
 864 2.5948
 865 4.6437
 866 0.1311
 867 0.6666
 868 2.1958
 869 0.3318
 870 1.2124
 871 1.4377
 872 2.5842
 873 1.7680
 874 0.1930
 875 0.0819
 876 1.1676
 877 0.6320
 878 1.0175
 879 2.4578
 880 0.4846
 881 0.7187
 882 1.5730
 883 0.2745
 884 0.3446
 885 0.7230
 886 4.9267
 887 0.9136
 888 0.4249
 889 0.6075
 890 0.1245
 891 3.9056
 892 0.8102
 893 1.9436
 894 0.8189
 895 0.3211
 896 0.4675
 897 0.9720
 898 0.8842
 899 1.5554
 900 1.0742
 901 0.8807
 902 0.1045
 903 3.2965
 904 0.4692
 905 0.4023
 906 1.2146
 907 0.5778
 908 1.6055
 909 0.1196
 910 3.8066
 911 0.3173
 912 0.3542
 913 0.0917
 914 0.5534
 915 1.1838
 916 0.1136
 917 0.3158
 918 0.8249
 919 0.3181
 920 0.3161
 921 0.7657
 922 0.9236
 923 0.2904
 924 0.3404
 925 2.8045
 926 0.5568
 927 1.5331
 928 0.5460
 929 0.5381
 930 0.5406
 931 0.9519
 932 11.7300
 933 0.4735
 934 0.4691
 935 1.1438
 936 1.7130
 937 0.0861
 938 0.5223
 939 1.0429
 940 1.2929
 941 2.6351
 942 0.2110
 943 3.8269
 944 1.0535
 945 0.2199
 946 1.5004
 947 2.5269
 948 0.4038
 949 0.2417
 950 0.5536
 951 8.8396
 952 0.4548
 953 0.5394
 954 0.4343
 955 3.6337
 956 0.7017
 957 1.7494
 958 0.8208
 959 0.6382
 960 0.4258
 961 1.2470
 962 0.4812
 963 0.9184
 964 1.6040
 965 1.6836
 966 1.6615
 967 0.5405
 968 1.4019
 969 0.7749
 970 2.3693
 971 0.3365
 972 6.4033
 973 1.2883
 974 0.5682
 975 3.2557
 976 0.6746
 977 0.3592
 978 0.1532
 979 0.3793
 980 0.6217
 981 8.0562
 982 1.9738
 983 2.5140
 984 0.9083
 985 2.0882
 986 15.9793
 987 1.2701
 988 0.9526
 989 2.8353
 990 1.5026
 991 1.3242
 992 1.1983
 993 0.4368
 994 0.1241
 995 0.1122
 996 1.0655
 997 0.2387
 998 0.6026
 999 0.5176
1000 0.9904
1001 0.2155
1002 1.6045
1003 0.9746
1004 0.1122
1005 4.2973
1006 0.1025
1007 3.1426
1008 0.3942
1009 0.6739
1010 0.2520
1011 0.5380
1012 0.7417
1013 1.1858
1014 0.9380
1015 0.5589
1016 1.4520
1017 0.3217
1018 0.0968
1019 1.3752
1020 0.1865
1021 4.2416
1022 0.0905
1023 1.8939
1024 0.4610
1025 1.3962
1026 0.7102
1027 0.9119
1028 0.2274
1029 0.0993
1030 0.2089
1031 2.3021
1032 6.5232
1033 0.2476
1034 0.1170
1035 0.2264
1036 0.1276
1037 0.3346
1038 0.7459
1039 0.9005
1040 0.9987
1041 1.0932
1042 3.4133
1043 0.1081
1044 0.1946
1045 0.1996
1046 0.4910
1047 0.3601
1048 0.1392
1049 2.4013
1050 0.7003
1051 7.7809
1052 0.9367
1053 2.2685
1054 0.0995
1055 1.9242
1056 0.5004
1057 1.0578
1058 0.4943
1059 8.3679
1060 0.7866
1061 0.4575
1062 0.7164
1063 1.2453
1064 1.1007
1065 3.7044
1066 0.4684
1067 2.4802
1068 0.1556
1069 0.1252
1070 1.8570
1071 0.1088
1072 2.5608
1073 0.4534
1074 0.8924
1075 0.5700
1076 2.4894
1077 0.3696
1078 0.8377
1079 2.7572
1080 1.0075
1081 0.5314
1082 0.4618
1083 0.7648
1084 2.2871
1085 0.7967
1086 0.4575
1087 0.9261
1088 0.6526
1089 1.2464
1090 0.7425
1091 0.1245
1092 0.5626
1093 0.5103
1094 1.1224
1095 0.7535
1096 1.0234
1097 0.1866
1098 1.5980
1099 1.0786
1100 2.0845
1101 0.9687
1102 0.2287
1103 2.8271
1104 0.7143
1105 0.3768
1106 3.2134
1107 0.9824
1108 0.7558
1109 0.3280
1110 0.0951
1111 0.7545
1112 1.9642
1113 0.5177
1114 0.1159
1115 0.1258
1116 1.2709
1117 0.9579
1118 0.1194
1119 1.6916
1120 0.8136
1121 0.8849
1122 0.4047
1123 10.3103
1124 0.2750
1125 0.1034
1126 0.0830
1127 1.3217
1128 1.7638
1129 0.3279
1130 0.2191
1131 0.9506
1132 0.3728
1133 0.2923
1134 0.4304
1135 2.6266
1136 0.4355
1137 0.9560
1138 0.8159
1139 0.2322
1140 0.2404
1141 0.1709
1142 1.0311
1143 1.2459
1144 1.7507
1145 0.9361
1146 0.5818
1147 0.1508
1148 0.9829
1149 0.6558
1150 0.7105
1151 1.8152
1152 0.9575
1153 0.4729
1154 1.2562
1155 0.4959
1156 0.8618
1157 0.8335
1158 3.7799
1159 1.0404
1160 0.4702
1161 0.4907
1162 1.1770
1163 0.8610
1164 0.4052
1165 3.4527
1166 1.1696
1167 0.6273
1168 3.2272
1169 0.2753
1170 3.6893
1171 1.0576
1172 0.1136
1173 0.2273
1174 2.8455
1175 0.4774
1176 0.3997
1177 0.7364
1178 3.9184
1179 0.8862
1180 0.1673
1181 0.2768
1182 0.5749
1183 0.1263
1184 2.8314
1185 4.2638
1186 1.3921
1187 0.6496
1188 1.3022
1189 0.1169
1190 0.1097
1191 6.4557
1192 1.3317
1193 0.6636
1194 0.5711
1195 1.6228
1196 0.6310
1197 0.1165
1198 0.7421
1199 0.1293
1200 0.3980
1201 0.1175
1202 0.4183
1203 0.8590
1204 1.4161
1205 0.4066
1206 0.1011
1207 0.2567
1208 0.4132
1209 0.4553
1210 1.6300
1211 0.5862
1212 0.4268
1213 2.4997
1214 1.0347
1215 1.3588
1216 0.2876
1217 0.8390
1218 2.2717
1219 2.2253
1220 1.0269
1221 0.8349
1222 0.5036
1223 0.8796
1224 0.5458
1225 0.6633
1226 0.7569
1227 3.2461
1228 12.4381
1229 0.2572
1230 1.2503
1231 1.4271
1232 1.2799
1233 0.2348
1234 4.9741
1235 0.1887
1236 0.5409
1237 1.5463
1238 1.0009
1239 0.5016
1240 0.2092
1241 2.7217
1242 1.0761
1243 1.6870
1244 0.1004
1245 0.5799
1246 0.3944
1247 7.3363
1248 0.0854
1249 1.3465
1250 1.3776
1251 2.9065
1252 1.0453
1253 2.1630
1254 0.4227
1255 0.6648
1256 6.3803
1257 0.7894
1258 0.9324
1259 0.6492
1260 0.2719
1261 0.6458
1262 0.3552
1263 0.1112
1264 0.4390
1265 0.3371
1266 0.0827
1267 2.1367
1268 0.2548
1269 0.6789
1270 1.4661
1271 1.0000
1272 0.6186
1273 0.3843
1274 0.3904
1275 0.6154
1276 0.2559
1277 3.0368
1278 1.9364
1279 1.7034
1280 1.4113
1281 0.3481
1282 0.1048
1283 3.1416
1284 0.2160
1285 1.0882
1286 0.6119
1287 0.7487
1288 4.2836
1289 0.6143
1290 0.3916
1291 1.2985
1292 1.3703
1293 0.3455
1294 0.5439
1295 0.5571
1296 3.4276
1297 2.5042
1298 3.6513
1299 0.3874
1300 0.3079
1301 1.6860
1302 0.7845
1303 0.5728
1304 0.5274
1305 0.1246
1306 0.5342
1307 0.5039
1308 1.0188
1309 0.8761
1310 0.4282
1311 0.7044
1312 0.4511
1313 0.4141
1314 0.8802
1315 0.6894
1316 2.4022
1317 0.9488
1318 0.4471
1319 0.3189
1320 1.9879
1321 1.9347
1322 0.3754
1323 1.7460
1324 1.8202
1325 0.2144
1326 0.2989
1327 2.0458
1328 0.3380
1329 0.9607
1330 1.6576
1331 0.5410
1332 0.3658
1333 0.1177
1334 0.1539
1335 2.1410
1336 0.2840
1337 1.1854
1338 18.0145
1339 0.7046
1340 1.4889
1341 0.2117
1342 1.9610
1343 0.3792
1344 0.7946
1345 0.6852
1346 0.5554
1347 0.3441
1348 1.3028
1349 0.9563
1350 0.7863
1351 0.1884
1352 1.7320
1353 0.4096
1354 1.1722
1355 0.9836
1356 0.1827
1357 1.6171
1358 2.4334
1359 0.6858
1360 1.5284
1361 1.2973
1362 1.1636
1363 1.7967
1364 0.4428
1365 0.5769
1366 0.3756
1367 2.9765
1368 0.3932
1369 0.6848
1370 4.4389
1371 0.2220
1372 0.4580
1373 1.6389
1374 0.5830
1375 1.6457
1376 3.1314
1377 1.8155
1378 1.4488
1379 3.5422
1380 1.2230
1381 0.0947
1382 0.4713
1383 0.8500
1384 0.8393
1385 0.3561
1386 1.4720
1387 5.0938
1388 1.0045
1389 1.5251
1390 1.3724
1391 0.7414
1392 0.5657
1393 0.9402
1394 1.3689
1395 0.4407
1396 3.2487
1397 4.0289
1398 1.5195
1399 2.8837
1400 0.4124
1401 1.2898
1402 0.2000
1403 0.9121
1404 0.2969
1405 0.8503
1406 0.2103
1407 0.9853
1408 0.3416
1409 2.0061
1410 0.3548
1411 0.7965
1412 0.6307
1413 1.3880
1414 0.4284
1415 23.9724
1416 0.3559
1417 0.6543
1418 9.4948
1419 0.5450
1420 1.2411
1421 0.3291
1422 0.1278
1423 0.2929
1424 0.3837
1425 1.0381
1426 0.4355
1427 0.3469
1428 2.2017
1429 0.6317
1430 0.6323
1431 1.5402
1432 0.6334
1433 0.3278
1434 3.9531
1435 1.3121
1436 0.2135
1437 0.4755
1438 1.1249
1439 1.2628
1440 5.6230
1441 0.4591
1442 2.4772
1443 0.2033
1444 0.0910
1445 1.9703
1446 0.5447
1447 0.2247
1448 0.0737
1449 0.1291
1450 2.7635
1451 0.5724
1452 1.9423
1453 0.4950
1454 2.3139
1455 0.5387
1456 0.9591
1457 2.2040
1458 1.0452
1459 1.0019
1460 0.2968
1461 0.1651
1462 0.7263
1463 0.3529
1464 0.1862
1465 2.2387
1466 0.3316
1467 1.2924
1468 0.1601
1469 1.5880
1470 0.7674
1471 2.0385
1472 0.7667
1473 0.5311
1474 2.2020
1475 0.0891
1476 1.5582
1477 1.1818
1478 0.3229
1479 0.8602
1480 2.3567
1481 1.4165
1482 0.3172
1483 1.2560
1484 2.2029
1485 0.5177
1486 0.7089
1487 1.2796
1488 0.2131
1489 1.0394
1490 0.2494
1491 1.1928
1492 0.7612
1493 0.2616
1494 0.4381
1495 1.7541
1496 1.9717
1497 12.4656
1498 0.4999
1499 0.1930
1500 0.0940
1501 23.6729
1502 0.3377
1503 6.4653
1504 0.3532
1505 1.4421
1506 0.6189
1507 0.3400
1508 3.0341
1509 0.3578
1510 0.1211
1511 0.2261
1512 0.9041
1513 1.2851
1514 1.0159
1515 0.8573
1516 1.1756
1517 1.0072
1518 0.9507
1519 0.2019
1520 7.5662
1521 0.1009
1522 0.4890
1523 0.4290
1524 0.3880
1525 1.3436
1526 0.2221
1527 0.5021
1528 0.5160
1529 0.4442
1530 0.7209
1531 0.8663
1532 0.3332
1533 1.3061
1534 0.5571
1535 0.3696
1536 1.2985
1537 1.3193
1538 0.8389
1539 0.0751
1540 0.3087
1541 1.2690
1542 2.5590
1543 1.5529
1544 3.1861
1545 1.1175
1546 0.7488
1547 1.5872
1548 0.7301
1549 0.1342
1550 0.4566
1551 1.2746
1552 2.4588
1553 0.5028
1554 1.9149
1555 0.1190
1556 0.1158
1557 0.3074
1558 1.5185
1559 0.2205
1560 0.8047
1561   NaN
1562 0.7697
1563 2.2574
1564 0.9503
1565 0.5673
1566 0.3328
1567 0.4736
1568 0.1075
1569 0.2623
1570 1.6594
1571 0.7369
1572 0.1890
1573 0.1366
1574 0.1732
1575 0.3262
1576 1.2426
1577 0.2638
1578 0.2772
1579 0.3948
1580 0.5797
1581 3.1319
1582 0.5260
1583 1.7756
1584 0.5465
1585 0.2616
1586 0.3976
1587 0.1385
1588 0.4197
1589 0.4313
1590 0.4855
1591 0.9584
1592 1.1287
1593 0.3380
1594 0.9672
1595 1.2990
1596 13.2733
1597 0.0958
1598 1.4019
1599 1.1621
1600 0.8681
1601 0.5308
1602 2.6264
1603 0.5181
1604 0.9402
1605 0.1280
1606 1.3020
1607 0.8355
1608 0.6601
1609 1.7332
1610 0.5782
1611 0.4592
1612 4.0680
1613 0.6649
1614 0.2140
1615 0.2184
1616 0.1395
1617 0.3277
1618 0.5112
1619 0.4175
1620 0.4868
1621 0.1295
1622 0.5361
1623 0.5775
1624 5.2920
1625 0.3953
1626 0.6419
1627 0.6598
1628 0.3421
1629 1.0076
1630 1.4704
1631 0.5968
1632 0.4695
1633 1.2500
1634 1.0652
1635 0.4709
1636 0.7706
1637 0.3781
1638 0.0879
1639 0.5874
1640 0.6097
1641 0.0955
1642 0.4816
1643 0.1761
1644 1.2917
1645 2.8648
1646 0.4049
1647 0.1339
1648 0.1578
1649 0.9853
1650 1.4558
1651 0.4505
1652 0.6999
1653 0.1957
1654 0.6843
1655 0.6318
1656 1.2390
1657 0.4923
1658 0.8467
1659 0.4090
1660 0.2640
1661 0.4302
1662 1.5126
1663 0.6761
1664 1.2707
1665 0.5215
1666 0.4564
1667 0.2352
1668 0.5308
1669 0.9578
1670 0.7611
1671 0.4078
1672 0.5969
1673 0.9570
1674 0.2572
1675 1.2720
1676 2.4563
1677 1.0300
1678 0.5642
1679 1.2363
1680 0.3610
1681 0.2891
1682 0.8002
1683 0.4651
1684 0.8646
1685 0.6104
1686 1.3982
1687 0.7657
1688 1.9193
1689 1.0033
1690 0.0991
1691 0.8335
1692 6.4369
1693 1.5986
1694 1.0432
1695 1.0679
1696 1.4607
1697 1.1650
1698 0.4486
1699 0.2939
1700 0.9002
1701 0.9498
1702 0.5057
1703 3.1997
1704 0.9030
1705 0.4191
1706 1.7825
1707 0.1327
1708 0.6371
1709 6.3431
1710 0.4354
1711 2.3742
1712 2.1624
1713 1.0136
1714 1.3472
1715 0.7868
1716 2.2721
1717 0.9120
1718 2.2171
1719 0.5017
1720 0.7735
1721 1.4168
1722 2.4714
1723 0.1716
1724 2.3504
1725 0.8693
1726 0.3083
1727 0.1794
1728 0.0975
1729 0.8367
1730 0.1158
1731 0.5645
1732 0.1536
1733 0.4854
1734 0.3860
1735 2.6058
1736 2.3203
1737 0.6634
1738 1.2311
1739 0.5242
1740 1.5328
1741 2.0538
1742 0.8134
1743 1.3018
1744 0.8253
1745 1.1902
1746 0.5053
1747 3.6985
1748 1.8023
1749 0.2554
1750 0.1563
1751 0.4753
1752 0.5120
1753 1.3427
1754 0.5286
1755 0.1024
1756 0.5664
1757 0.5654
1758 1.3961
1759 0.7504
1760 0.1269
1761 2.7297
1762 0.0975
1763 0.1570
1764 2.8455
1765 1.8124
1766 0.4853
1767 5.0497
1768 0.5651
1769 2.3952
1770 0.8190
1771 0.3432
1772 0.8551
1773 0.7793
1774 2.7669
1775 0.7846
1776 0.1774
1777 0.0750
1778 1.2583
1779 1.2041
1780 1.8121
1781 1.5219
1782 0.4891
1783 0.3090
1784 1.3799
1785 0.4277
1786 0.1196
1787 0.3797
1788 0.1017
1789 0.3217
1790 0.4428
1791 0.4618
1792 0.3283
1793 1.4881
1794 1.9531
1795 0.1579
1796 1.5253
1797 2.4931
1798 0.4040
1799 1.6836
1800 0.6833
1801 1.0513
1802 0.4088
1803 0.3245
1804 0.0922
1805 0.5923
1806 0.6400
1807 0.3518
1808 0.0914
1809 0.7761
1810 1.3153
1811 0.8270
1812 3.8429
1813 2.6283
1814 0.3870
1815 1.3104
1816 1.8938
1817 1.5881
1818 0.6945
1819 1.5132
1820 0.3956
1821 1.4138
1822 0.3702
1823 0.4921
1824 0.2929
1825 0.5468
1826 0.3720
1827 0.9403
1828 0.1237
1829 1.2636
1830 0.3714
1831 0.7429
1832 1.2427
1833 1.4245
1834 1.7922
1835 1.3150
1836 1.1260
1837 0.7138
1838 1.9446
1839 0.9160
1840 0.4654
1841 0.9975
1842 1.9993
1843 0.8902
1844 2.5661
1845 0.5840
1846 0.9338
1847 3.8118
1848 1.1031
1849 0.6863
1850 1.1778
1851 7.7470
1852 0.8234
1853 0.2184
1854 0.2339
1855 2.0352
1856 0.2275
1857 0.1938
1858 1.1406
1859 1.8717
1860 5.7288
1861 0.1577
1862 1.1503
1863 0.2738
1864 0.2793
1865 0.1631
1866 0.8392
1867 0.5618
1868 2.7515
1869 0.6909
1870 2.2264
1871 0.7147
1872 0.2876
1873 2.5528
1874 0.6411
1875 0.8708
1876 1.0227
1877 0.3022
1878 0.3785
1879 0.3548
1880 0.4981
1881 0.7448
1882 0.3202
1883 0.1256
1884 1.1236
1885 0.6761
1886 1.0297
1887 3.1959
1888 0.7176
1889 0.9365
1890 0.4853
1891 1.0765
1892 0.8187
1893 0.4905
1894 1.3744
1895 0.4023
1896 0.1012
1897 1.5727
1898 1.8253
1899 1.7324
1900 0.4079
1901 0.9034
1902 2.8916
1903 0.3448
1904 1.6422
1905 1.3745
1906 1.6509
1907 1.3252
1908 0.7314
1909 1.7489
1910 0.3524
1911 0.9255
1912 1.3438
1913 3.6000
1914 0.7268
1915 0.1377
1916 0.4435
1917 0.9789
1918 0.7447
1919 1.8945
1920 7.5190
1921 1.7420
1922 2.2861
1923 0.2394
1924 0.7547
1925 0.7872
1926 0.4889
1927 6.2373
1928 1.3737
1929 0.4447
1930 0.3074
1931 0.4465
1932 1.1797
1933 1.1230
1934 3.2768
1935 0.7262
1936 0.7478
1937 0.3358
1938 0.2241
1939 0.8939
1940 2.1948
1941 1.0076
1942 0.8196
1943 3.7936
1944 0.2551
1945 0.2431
1946 4.6392
1947 0.2954
1948 2.6552
1949 1.3532
1950 0.3506
1951 1.3100
1952 0.8449
1953 0.3035
1954 0.8863
1955 0.5197
1956 1.2401
1957 0.1210
1958 0.1263
1959 0.5453
1960 0.7799
1961 0.4188
1962 7.3347
1963 2.5500
1964 3.2808
1965 2.5297
1966 2.1145
1967 0.2224
1968 0.8696
1969 1.2344
1970 3.3074
1971 1.8794
1972 0.4277
1973 1.1292
1974 0.6088
1975 1.4371
1976 1.6569
1977 0.6286
1978 2.7557
1979 0.9008
1980 0.6612
1981 0.6684
1982 0.3913
1983 0.6602
1984 3.5059
1985 2.6643
1986 1.3354
1987 0.3188
1988 1.1905
1989 0.4377
1990 0.3256
1991 0.2010
1992 0.8416
1993 1.0366
1994 1.0705
1995 0.7449
1996 0.5921
1997 0.9325
1998 1.4758
1999 7.9912
2000 0.1074
2001 0.6132
2002 0.4070
2003 0.7598
2004 0.5953
2005 0.3413
2006 0.8726
2007 0.3384
2008 0.6487
2009 0.4079
2010 9.8874
2011 0.1435
2012 0.7113
2013 0.2147
2014 0.1473
2015 0.1206
2016 0.7258
2017 0.6243
2018 0.1326
2019 0.8468
2020 0.1946
2021 1.6891
2022 0.8368
2023 0.3056
2024 0.2092
2025 0.8346
2026 0.4215
2027 0.7245
2028 0.9882
2029 0.3403
2030 0.4369
2031 0.7074
2032 0.6097
2033 6.9794
2034 0.3652
2035 1.4311
2036 0.8972
2037 5.2703
2038 1.8054
2039 0.4666
2040 0.9986
2041 1.2553
2042 0.5905
2043 0.2172
2044 1.0393
2045 0.4309
2046 0.3270
2047 0.7215
2048 0.8859
2049 1.6262
2050 0.3324
2051 0.4342
2052 10.0271
2053 0.0972
2054 2.7933
2055 0.1278
2056 0.5985
2057 5.4008
2058 0.5225
2059 0.4476
2060 1.4230
2061 0.3280
2062 1.0086
2063 0.3136
2064 4.4743
2065 0.1134
2066 1.8961
2067 0.3129
2068 1.1760
2069 2.1578
2070 0.4466
2071 4.4069
2072 1.3064
2073 2.3087
2074 1.1063
2075 0.9465
2076 0.7591
2077 1.0413
2078 0.5231
2079 0.0998
2080 1.1603
2081 0.6160
2082 0.1223
2083 1.2679
2084 0.2689
2085 0.9174
2086 0.0783
2087 1.1343
2088 4.3785
2089 0.1565
2090 0.1100
2091 0.2326
2092 3.4126
2093 0.3336
2094 0.9671
2095 2.0613
2096 0.3075
2097 4.8047
2098 0.4553
2099 1.0772
2100 2.3182
2101 0.2967
2102 2.2181
2103 0.8708
2104 0.3837
2105 0.9312
2106 0.6513
2107 1.8573
2108 1.0775
2109 0.1961
2110 0.8336
2111 3.5868
2112 2.7262
2113 2.4902
2114 1.6931
2115 0.5062
2116 0.2582
2117 0.4583
2118 0.6740
2119 0.3605
2120 0.9444
2121 0.6899
2122 1.0789
2123 3.6374
2124 0.7065
2125 6.8802
2126 0.0943
2127 0.1148
2128 0.8016
2129 0.7893
2130 0.2020
2131 0.2137
2132 2.2584
2133 4.2612
2134 0.3214
2135 1.3550
2136 2.0576
2137 1.3052
2138 1.2355
2139 7.7396
2140 1.0122
2141 0.3538
2142 2.7001
2143 0.6426
2144 1.2004
2145 0.1119
2146 0.2641
2147 0.5114
2148 0.2120
2149 0.6232
2150 0.4437
2151 0.4844
2152 0.5333
2153 0.1886
2154 0.3907
2155 0.6124
2156 0.4086
2157 1.2148
2158 0.7294
2159 0.3708
2160 0.7888
2161 0.5156
2162 2.7406
2163 0.1344
2164 0.4785
2165   NaN
2166 0.4430
2167 0.5345
2168 0.5777
2169 0.1781
2170 1.2117
2171 0.5837
2172 0.5939
2173 2.3834
2174 0.1985
2175 1.2448
2176 4.2536
2177 0.1076
2178 0.5540
2179 1.0984
2180 0.2623
2181 1.2329
2182 1.5850
2183 0.0930
2184 0.9523
2185 1.8354
2186 1.0823
2187 1.2521
2188 1.6046
2189 0.1704
2190 1.0725
2191 0.7560
2192 2.9587
2193 0.4371
2194 0.3558
2195 0.1006
2196 0.6506
2197 0.6510
2198 4.5956
2199 1.6841
2200 2.4068
2201 1.8673
2202 1.4705
2203 1.1767
2204 1.5397
2205 0.7210
2206 0.4094
2207 2.8073
2208 1.0620
2209 0.5543
2210 2.1738
2211 0.1654
2212 0.0933
2213 1.1654
2214 0.9489
2215 2.4095
2216 1.3636
2217 0.8454
2218 0.3927
2219 0.5593
2220 0.4462
2221 0.6384
2222 3.0263
2223 0.6366
2224 1.3021
2225 2.9554
2226 3.8826
2227 0.9075
2228 1.9014
2229 2.2668
2230 0.0831
2231 0.8044
2232 0.9614
2233 1.0380
2234 0.7332
2235 0.1086
2236 2.4778
2237 0.5751
2238 0.6696
2239 0.5172
2240 1.7252
2241 0.2583
2242 0.7069
2243 0.7603
2244 0.1966
2245 1.2114
2246 0.1738
2247 0.4251
2248 1.5644
2249 0.5181
2250 0.8726
2251 2.6994
2252 0.1575
2253 9.3601
2254 0.1587
2255 0.5059
2256 1.4564
2257 0.4586
2258 1.3484
2259 0.3356
2260 0.3353
2261 0.5477
2262 0.4299
2263 1.4909
2264 1.3087
2265 2.1340
2266 0.3066
2267 1.4953
2268 0.9463
2269 0.2917
2270 6.2692
2271 1.3532
2272 9.2211
2273 1.9005
2274 3.4736
2275 0.1222
2276 0.1533
2277 0.4459
2278 1.8717
2279 0.3937
2280 0.7160
2281 1.6852
2282 0.4166
2283 0.8017
2284 1.5126
2285 0.1544
2286 0.6929
2287 0.1766
2288 0.4848
2289 2.2837
2290 1.7716
2291 1.2541
2292 1.8586
2293 1.1296
2294 0.2934
2295 0.3233
2296 0.7662
2297 1.3465
2298 1.2264
2299 1.1510
2300 0.2022
2301 5.2520
2302 2.9942
2303 1.4951
2304 1.1609
2305 0.1201
2306 0.4667
2307 1.3242
2308 0.3689
2309 0.5380
2310 1.5816
2311 1.0072
2312 0.3924
2313 0.9339
2314 2.2271
2315 1.3101
2316 0.2948
2317 0.3194
2318 0.3820
2319 0.1443
2320 0.1515
2321 1.0000
2322 0.5071
2323 0.6115
2324 5.1007
2325 1.1321
2326 0.4456
2327 0.6981
2328 1.8850
2329 0.9621
2330 1.1011
2331 0.8413
2332 1.9148
2333 0.2997
2334 0.2247
2335 0.7960
2336 2.6240
2337 0.6672
2338 0.4663
2339 1.5346
2340 1.1806
2341 1.0311
2342 1.3856
2343 0.3755
2344 1.3468
2345 0.8547
2346 0.2918
2347 0.4043
2348 0.4556
2349 1.0057
2350 0.1640
2351 0.1246
2352 1.2216
2353 1.5946
2354 2.7937
2355 0.6218
2356 1.5840
2357 0.5263
2358 2.3500
2359 0.4298
2360 0.8204
2361 0.4902
2362 0.2668
2363 2.0971
2364 11.8629
2365 1.3579
2366 0.1226
2367 2.1025
2368 0.3677
2369 0.7043
2370 0.8135
2371 1.6183
2372 1.0884
2373 7.3371
2374 2.8865
2375 0.1069
2376 2.5213
2377 0.8177
2378 0.6213
2379 0.1280
2380 0.1246
2381 1.5099
2382 2.3619
2383 2.4889
2384 0.2036
2385 2.0862
2386 1.6042
2387 1.8208
2388 2.6662
2389 0.6853
2390 0.1287
2391 2.2284
2392 0.6400
2393 0.4832
2394 0.7656
2395 0.1273
2396 0.8676
2397 2.1830
2398 0.4542
2399 0.3504
2400 1.1335
2401 1.6545
2402 0.0918
2403 0.1554
2404 0.6811
2405 0.7467
2406 1.4963
2407 0.5422
2408 0.2859
2409 0.3173
2410 0.6958
2411 4.4099
2412 1.0395
2413 1.1678
2414 0.8368
2415 1.0516
2416 3.7116
2417 1.4833
2418 0.4302
2419 0.1512
2420 0.3464
2421 0.1265
2422 0.4339
2423 1.4602
2424 2.4413
2425 0.6266
2426 0.4435
2427 0.1596
2428 1.7715
2429 0.4283
2430 0.9152
2431 5.8389
2432 0.2258
2433 0.3454
2434 1.2998
2435 2.4499
2436 3.1534
2437 0.9865
2438 0.0901
2439 3.6976
2440 0.8257
2441 0.9141
2442 1.1092
2443 2.7972
2444 0.3258
2445 0.1695
2446 4.3152
2447 4.1222
2448 0.6310
2449 0.1060
2450 0.4022
2451 2.2660
2452 1.8078
2453 0.3882
2454 0.7519
2455 0.7226
2456 0.7479
2457 0.6736
2458 0.6247
2459 0.3849
2460 0.1368
2461 0.5213
2462 2.3084
2463 0.2452
2464 1.8002
2465 0.5630
2466 2.9265
2467 1.1693
2468 0.7511
2469 0.5327
2470 0.2802
2471 0.4321
2472 0.9879
2473 3.0295
2474 0.9563
2475 1.0365
2476 2.7073
2477 2.8402
2478 0.7236
2479 0.4507
2480 0.1951
2481 0.3311
2482 0.5895
2483 0.5525
2484 0.1872
2485 1.3285
2486 2.7215
2487 0.7611
2488 2.7467
2489 4.0317
2490 0.3164
2491 0.8498
2492 1.9780
2493 0.3345
2494 0.1769
2495 0.4838
2496 0.3906
2497 0.8612
2498 2.4093
2499 0.3992
2500 0.1281
