   1 17.4429
   2 5.0022
   3 1.7889
   4 8.7703
   5 1.6031
   6 12.5532
   7 8.6463
   8 0.6091
   9 33.1643
  10 5.1781
  11 0.3532
  12 17.4538
  13 41.5904
  14 5.8190
  15 4.6130
  16 4.6137
  17 13.8886
  18 22.5007
  19 10.4928
  20 0.9819
  21 4.7106
  22 15.0525
  23 1.1116
  24 5.8976
  25 8.9468
  26 4.5804
  27 32.6082
  28 14.6870
  29 4.0118
  30 1.3846
  31 6.0098
  32 2.9999
  33 74.9256
  34 6.2509
  35 7.4868
  36 3.4153
  37 8.3748
  38 6.7399
  39 11.0386
  40 2.4570
  41 6.6438
  42 12.3833
  43 4.0605
  44 5.5965
  45 9.8334
  46 3.9897
  47 0.9533
  48 23.6870
  49 12.2240
  50 0.3781
  51 8.1306
  52 5.4064
  53 3.6963
  54 3.8907
  55 6.2569
  56 12.6032
  57 19.0783
  58 4.8599
  59 2.4370
  60 0.3618
  61 2.6715
  62 3.0659
  63 7.0577
  64 64.8994
  65 11.3835
  66 0.8318
  67 26.4606
  68 8.9580
  69 15.6998
  70 8.4301
  71 8.9358
  72 9.3065
  73 17.5651
  74 0.5519
  75 29.7071
  76 3.9475
  77 11.9174
  78 1.0948
  79 4.9597
  80 0.7489
  81 4.2683
  82 0.5124
  83 1.7948
  84 3.1812
  85 22.9337
  86 5.2279
  87 5.8901
  88 21.1043
  89 1.6105
  90 4.8415
  91 17.8021
  92 2.2733
  93 4.9114
  94 16.4816
  95 13.6709
  96 1.5237
  97 3.6176
  98 9.8827
  99 7.7155
 100 64.2795
 101 3.5360
 102 0.6172
 103 9.2482
 104 9.2985
 105 22.8884
 106 8.3541
 107 3.8735
 108 14.6305
 109 0.5962
 110 3.9148
 111 2.2044
 112 0.8395
 113 0.7368
 114 8.6582
 115 0.6274
 116 38.9759
 117 23.4640
 118 1.5004
 119 2.3599
 120 9.6496
 121 14.0841
 122 5.3643
 123 4.9198
 124 0.9239
 125 28.6307
 126 5.1784
 127 9.6396
 128 11.0425
 129 4.6654
 130 3.9049
 131 7.3538
 132 4.1706
 133 3.3659
 134 6.1939
 135 8.6717
 136 17.7664
 137 0.3236
 138 6.0635
 139 17.7638
 140 5.0714
 141 11.4839
 142 3.9121
 143 0.6703
 144 5.7356
 145 6.3326
 146 8.6847
 147 16.2215
 148 0.0881
 149 43.0478
 150 45.9528
 151 9.7852
 152 2.3461
 153 0.4933
 154 3.2659
 155 2.3259
 156 80.7908
 157 2.3551
 158 36.4247
 159 1.4064
 160 2.7189
 161 10.6288
 162 12.1861
 163 2.9615
 164 8.8273
 165 2.5667
 166 0.2524
 167 1.7134
 168 16.7054
 169 33.4713
 170 1.4613
 171 5.7189
 172 5.2593
 173 4.3880
 174 12.4653
 175 8.0952
 176 0.8773
 177 22.5761
 178 66.1046
 179 3.2399
 180 0.2216
 181 0.9975
 182 3.6157
 183 2.4789
 184 4.6546
 185 5.5608
 186 32.1320
 187 4.2899
 188 15.1456
 189 4.3096
 190 5.6293
 191 22.9298
 192 12.1350
 193 8.6075
 194 10.2000
 195 2.0885
 196 20.2268
 197 5.1362
 198 5.3426
 199 68.9258
 200 1.6991
 201 15.8696
 202 35.1285
 203 6.2864
 204 1.4965
 205 10.8980
 206 10.6297
 207 3.1004
 208 7.5004
 209 13.8917
 210 2.9772
 211 3.2093
 212 15.6605
 213 6.0044
 214 5.6062
 215 3.5649
 216 24.0945
 217 4.0227
 218 7.5639
 219 11.0427
 220 7.6114
 221 0.8670
 222 0.7902
 223 6.5260
 224 5.9432
 225 8.5182
 226 0.6262
 227 2.0781
 228 1.1428
 229 3.2843
 230 6.6400
 231 2.4110
 232 35.3728
 233 5.9138
 234 0.7499
 235 5.8220
 236 1.6526
 237 3.3695
 238 6.4327
 239 0.8580
 240 8.7940
 241 10.4669
 242 8.4751
 243 4.0330
 244 4.2684
 245 5.0695
 246 9.2430
 247 13.8639
 248 4.5698
 249 13.3461
 250 50.8953
 251 1.1076
 252 0.0820
 253 6.2071
 254 17.3809
 255 34.0932
 256 7.3961
 257 134.5734
 258 19.0459
 259 22.2160
 260 8.4953
 261 9.3999
 262 4.3814
 263 19.6516
 264 11.0973
 265 4.6773
 266 3.0451
 267 7.4045
 268 1.1581
 269 0.5615
 270 0.9524
 271 0.7155
 272 3.4051
 273 20.2388
 274 0.9285
 275 16.1708
 276 6.0065
 277 16.6169
 278 4.2721
 279 11.0469
 280 26.5816
 281 7.3014
 282 10.5111
 283 3.8294
 284 8.4353
 285 9.0488
 286 1.8689
 287 10.8281
 288 8.9575
 289 9.8982
 290 4.2518
 291 1.2486
 292 3.0122
 293 4.2436
 294 12.8163
 295 10.4205
 296 21.6661
 297 4.8826
 298 0.6406
 299 3.7516
 300 0.9583
 301 9.7590
 302 1.2551
 303 2.7275
 304 6.3982
 305 0.6692
 306 16.1748
 307 2.4821
 308 10.3504
 309 27.7142
 310 35.0119
 311 2.1416
 312 8.7354
 313 2.8860
 314 4.6658
 315 17.7710
 316 5.8651
 317 0.4126
 318 10.2800
 319 8.0776
 320 2.5118
 321 7.9673
 322 23.7778
 323 7.9392
 324 5.0507
 325 2.7685
 326 2.4559
 327 5.3365
 328   NaN
 329 2.7658
 330 5.0772
 331 1.2155
 332 7.5741
 333 7.9556
 334 1.7743
 335 2.3973
 336 3.6324
 337 3.3180
 338 41.3521
 339 0.4890
 340 42.7248
 341 3.4631
 342 2.9451
 343 4.1687
 344 3.4042
 345 0.7239
 346 0.5647
 347 17.0547
 348 8.6155
 349 2.1106
 350 0.6187
 351 6.1697
 352 13.7384
 353 3.7021
 354 0.4683
 355 8.3910
 356 26.6677
 357 28.1493
 358 5.8468
 359 28.8909
 360   NaN
 361 1.5991
 362 1.8842
 363 10.1727
 364 14.3026
 365 7.4025
 366 11.3758
 367 11.9174
 368 13.7278
 369 4.5279
 370 45.0272
 371 2.2052
 372 34.5752
 373 10.4321
 374 3.5764
 375 10.3441
 376 17.3186
 377 59.2542
 378 0.6762
 379 12.1771
 380 2.7873
 381 8.5116
 382 13.6101
 383 21.1987
 384 6.0858
 385 0.6140
 386 16.3065
 387 1.5475
 388 0.9882
 389 7.7286
 390 1.6546
 391   NaN
 392 9.3159
 393 3.6427
 394 1.0191
 395 12.6519
 396 1.9210
 397 2.7654
 398 2.1619
 399 5.7471
 400 3.2965
 401 14.3917
 402 17.2395
 403 5.9259
 404 0.9677
 405 24.1754
 406 2.6118
 407 4.0881
 408 2.1446
 409 13.8216
 410 5.2165
 411 3.2388
 412 1.9676
 413 9.9889
 414 14.3398
 415 7.1849
 416 5.0883
 417 2.2902
 418 10.7668
 419 27.7629
 420 1.9467
 421 2.8926
 422 4.9517
 423 18.7230
 424 88.5693
 425 1.8521
 426 0.2788
 427 16.6231
 428 6.2924
 429 12.5623
 430 0.8323
 431 2.3471
 432 2.0687
 433 5.0120
 434 2.9822
 435 9.1418
 436 6.7299
 437 5.3886
 438 11.3940
 439 2.5056
 440 0.2991
 441 8.0503
 442 57.6146
 443 2.8777
 444 4.2459
 445 3.2143
 446 4.2028
 447 4.9962
 448 3.2774
 449 4.9511
 450 1.3721
 451 13.6292
 452 13.5727
 453 2.6294
 454 5.2964
 455 13.8957
 456 2.3642
 457 8.8926
 458 3.3030
 459 3.0824
 460 71.8197
 461 0.9567
 462 40.9796
 463 29.2314
 464 6.1781
 465 2.8138
 466 6.6498
 467 0.8572
 468 7.0866
 469 7.8443
 470 1.1217
 471 2.3349
 472 0.3045
 473   NaN
 474 58.3930
 475 9.2665
 476 2.1347
 477 21.9026
 478 2.8633
 479 3.2175
 480 5.0191
 481 7.0524
 482 7.1103
 483 13.4877
 484 3.7879
 485 1.3076
 486 5.8108
 487 15.4526
 488 0.5480
 489 19.8339
 490 10.8070
 491 6.2641
 492 98.1027
 493 6.9670
 494 3.1383
 495 11.0614
 496 0.9862
 497 4.9277
 498 14.4842
 499 14.5100
 500 2.0122
 501 34.4309
 502 46.2821
 503 6.9343
 504 4.5210
 505 1.8824
 506 1.6422
 507 2.4947
 508 3.0309
 509 14.6434
 510 3.2660
 511 21.8939
 512 21.4629
 513 1.3020
 514 0.7416
 515 24.6592
 516 57.2146
 517 55.7005
 518 4.1646
 519 3.7730
 520 1.4332
 521 8.5012
 522 17.0377
 523 0.9377
 524 10.2738
 525 23.2269
 526 31.0680
 527 1.9318
 528 1.0441
 529 16.3335
 530 0.7000
 531 75.1656
 532 3.2995
 533 17.8479
 534 61.3345
 535 20.9143
 536 2.3885
 537 4.6071
 538 2.3429
 539 4.5793
 540 4.5127
 541 1.1322
 542 42.5739
 543 6.8872
 544 20.1667
 545 1.7486
 546 2.7036
 547 0.5488
 548 1.1265
 549 7.7904
 550 19.8811
 551 4.0297
 552 36.2340
 553 3.7007
 554 25.9430
 555 4.1321
 556 18.5838
 557 4.7233
 558 12.3893
 559 39.8208
 560 1.8639
 561 4.7182
 562 45.5656
 563 14.4254
 564 11.3562
 565 3.5784
 566 3.3101
 567 14.1812
 568 3.8443
 569 15.0546
 570 0.7279
 571 1.3385
 572 7.7206
 573 6.1094
 574 22.7363
 575 10.0407
 576 0.7060
 577 8.9658
 578 25.6649
 579 49.8729
 580 10.3414
 581 4.1988
 582 3.4505
 583 2.1878
 584 6.7793
 585 6.7900
 586 3.7533
 587 39.7558
 588 6.9810
 589 3.2169
 590 12.8410
 591 1.2043
 592 15.7990
 593 2.4934
 594 60.1224
 595 9.3354
 596 5.4850
 597 6.9696
 598 82.5724
 599 6.4790
 600 2.0972
 601 5.7228
 602 0.4106
 603 3.5873
 604 6.4628
 605 3.1652
 606 5.4392
 607 44.5883
 608 4.0581
 609 5.1196
 610 0.4954
 611 11.6394
 612   NaN
 613 1.1844
 614 3.9461
 615 3.6414
 616 11.4379
 617 52.7998
 618 12.4293
 619 11.3133
 620 10.8557
 621 1.4985
 622 24.4755
 623 11.0176
 624 2.4173
 625 1.7073
 626 0.7761
 627 3.6793
 628 3.2985
 629 62.3501
 630 5.1713
 631 7.7899
 632 0.7406
 633 4.8484
 634 7.2278
 635 0.5267
 636 23.4621
 637 28.3886
 638 21.4402
 639 39.4861
 640 2.0582
 641 11.2469
 642 0.6164
 643 29.6932
 644 10.9706
 645 3.3515
 646 34.3899
 647 3.4968
 648 45.4740
 649 21.2042
 650 20.0642
 651 13.7835
 652 2.4692
 653 2.0939
 654 17.8711
 655 3.4208
 656 1.6986
 657 10.7146
 658 1.7577
 659 5.8242
 660 13.3824
 661 8.7902
 662 35.8380
 663 20.8723
 664 27.3004
 665 6.0041
 666 0.9067
 667 13.7496
 668 0.3698
 669 1.1298
 670 1.0247
 671 3.9751
 672 1.1072
 673 13.6937
 674 12.9125
 675 3.4371
 676 14.4957
 677 31.9235
 678 1.3786
 679 4.0705
 680 14.3841
 681 60.9409
 682 2.5302
 683 27.1489
 684 6.8365
 685 64.3183
 686 1.3336
 687 11.8314
 688 1.7148
 689 8.0447
 690 1.9626
 691 4.1972
 692 3.4838
 693 1.9708
 694 7.2842
 695 8.1342
 696 25.5982
 697 14.5063
 698 11.1933
 699 0.9337
 700 14.5655
 701 6.5428
 702 0.8130
 703 6.0322
 704 1.1135
 705 12.8966
 706 5.0485
 707 1.0403
 708 2.1549
 709 15.2754
 710 8.0134
 711 1.4006
 712 1.6159
 713 1.2775
 714 8.6896
 715 11.0394
 716 10.4522
 717 18.7803
 718 19.4650
 719 8.6557
 720 7.2759
 721 2.7804
 722 1.0451
 723 3.8435
 724 1.8956
 725 0.9797
 726 5.9667
 727 0.9276
 728 5.4622
 729 6.8325
 730 24.2763
 731 5.7356
 732 4.0695
 733 1.7016
 734 3.0545
 735 53.8458
 736 16.3119
 737 1.4226
 738 2.4520
 739 12.1085
 740 12.8916
 741 32.2438
 742 11.3071
 743 5.9067
 744 17.2256
 745 11.9112
 746 11.9351
 747 19.7453
 748 23.6079
 749 1.6605
 750 14.7469
 751 5.2873
 752 3.2113
 753 12.8132
 754 1.5043
 755 1.6156
 756 3.5293
 757 21.5959
 758 6.6547
 759 2.4566
 760 3.0371
 761 1.2824
 762 1.7714
 763 8.6459
 764 6.8778
 765 20.9679
 766 11.4585
 767 3.1998
 768 0.7719
 769 26.3276
 770 1.8971
 771 3.4584
 772 0.7138
 773 11.5914
 774 21.2479
 775 1.7116
 776 8.2740
 777 19.1146
 778 4.4228
 779 4.7610
 780   NaN
 781 1.5912
 782 2.1899
 783 5.6144
 784 2.6469
 785 2.5869
 786 29.9280
 787 17.4128
 788 4.6334
 789 1.8929
 790 4.2895
 791 4.2747
 792 1.6550
 793 16.1447
 794 16.2579
 795 4.7193
 796 2.0786
 797 0.7928
 798 43.9978
 799 62.6606
 800 2.3365
 801 4.3441
 802 4.8616
 803 3.8801
 804 4.0958
 805 1.5643
 806 8.9687
 807 15.6825
 808 9.0354
 809 1.9678
 810 15.2314
 811 15.6261
 812 1.0054
 813 0.3794
 814 0.7508
 815 9.3069
 816 45.3196
 817 3.2278
 818 1.4559
 819 0.6887
 820 2.3381
 821 18.1414
 822 1.2908
 823 2.9769
 824 4.6391
 825 1.1658
 826 1.2183
 827 32.7063
 828 5.8719
 829 4.5685
 830 7.2987
 831 5.5236
 832 5.6935
 833 1.6616
 834 4.0214
 835 0.1069
 836 0.3334
 837 3.9107
 838 8.1590
 839 3.0783
 840 4.5857
 841 27.1640
 842 6.7263
 843 36.4053
 844 14.9559
 845   NaN
 846 14.7217
 847 6.6868
 848 5.3768
 849   NaN
 850 4.0612
 851 6.4218
 852 27.1643
 853 11.3921
 854 1.2606
 855 9.3388
 856 6.9367
 857 1.6783
 858 18.3301
 859 8.2109
 860 12.9113
 861 10.6138
 862 7.3031
 863 1.5819
 864 12.5397
 865 0.7873
 866 4.4851
 867 14.0070
 868 42.1776
 869 2.0219
 870 0.6713
 871 2.1470
 872 13.8637
 873 1.5517
 874 1.7391
 875 23.0251
 876 12.9499
 877 3.5180
 878 4.9297
 879 3.9987
 880 2.9768
 881 2.9484
 882 0.7102
 883 9.8385
 884 3.3601
 885 5.8344
 886 5.4559
 887 4.6008
 888 15.9012
 889 2.6256
 890 12.7215
 891 3.4822
 892 9.7651
 893 7.5083
 894 0.4894
 895 2.2062
 896   NaN
 897 9.3476
 898 1.8518
 899 5.8341
 900 4.9444
 901 2.0742
 902 25.1156
 903 3.2536
 904 2.5863
 905 4.7986
 906 9.5127
 907 3.7582
 908 1.6183
 909 5.2366
 910 1.0232
 911 37.4930
 912 4.2535
 913 21.7562
 914 1.2217
 915 3.9715
 916 2.7260
 917 4.2118
 918 4.7044
 919 6.4798
 920 19.1170
 921 4.8418
 922 4.7816
 923 6.2226
 924 7.2836
 925 33.6543
 926 0.4304
 927 13.1186
 928 14.6437
 929 1.8413
 930 18.0395
 931 3.4971
 932 4.8654
 933 0.5120
 934 2.1618
 935 32.6575
 936 5.1854
 937 0.8673
 938 1.4125
 939 0.6518
 940 8.4543
 941 51.5472
 942 1.6579
 943 1.7861
 944 3.0698
 945 4.9390
 946 11.4997
 947 13.0307
 948 2.4797
 949 4.6882
 950 16.7542
 951 9.8676
 952 23.9970
 953 0.9026
 954 1.3853
 955 16.8134
 956 24.4699
 957 7.8130
 958 11.7845
 959 5.6804
 960 16.5504
 961 5.6317
 962 38.6363
 963 16.3353
 964 12.2905
 965 3.2846
 966 2.1960
 967 1.2016
 968 6.8654
 969 54.6455
 970 6.1376
 971 24.3498
 972 16.7435
 973 27.9886
 974 4.9918
 975 1.4720
 976 3.6700
 977 38.2702
 978 34.5496
 979 8.5210
 980 1.1899
 981 2.5536
 982 1.9383
 983 0.9008
 984 15.0373
 985 2.8944
 986 2.7082
 987 21.5812
 988 12.7500
 989 4.5957
 990 63.0867
 991 3.2416
 992 1.2936
 993 13.9121
 994 6.3189
 995 2.8505
 996 7.9645
 997 1.6957
 998 1.9317
 999 2.7643
1000 9.8983
1001 10.1835
1002 5.6576
1003 18.0673
1004 1.0882
1005 1.4777
1006 2.2308
1007 24.9092
1008 27.7616
1009 11.6569
1010 2.8480
1011 3.2066
1012 3.0660
1013 2.3078
1014 12.6963
1015 8.1361
1016 26.8266
1017 3.4238
1018 3.4835
1019 5.6056
1020 7.6696
1021 7.5429
1022 5.1700
1023 1.7109
1024 1.7978
1025 15.8333
1026 2.2188
1027 0.9232
1028 2.0519
1029 2.6454
1030 1.5717
1031 2.0913
1032 43.8410
1033 10.1391
1034 14.3599
1035 3.6690
1036 9.1852
1037 8.8955
1038 0.8514
1039 19.8071
1040 15.2591
1041 1.0491
1042 8.7912
1043 5.7804
1044 1.9341
1045 3.6064
1046 5.1965
1047 1.5049
1048 27.2083
1049 9.8249
1050 21.4541
1051 1.4720
1052 0.1889
1053 4.1075
1054 2.8976
1055 22.6919
1056 7.9917
1057 4.7208
1058 9.7545
1059 7.7499
1060 14.3098
1061 7.1166
1062 0.6052
1063 19.5965
1064 5.3993
1065 40.4920
1066 8.7949
1067 4.6214
1068 16.0514
1069 0.9602
1070 3.0031
1071 4.8737
1072 0.7012
1073 7.6763
1074 2.6358
1075 1.5388
1076 17.6677
1077 2.0467
1078 11.1497
1079 26.6278
1080 5.0446
1081 6.3463
1082 1.4251
1083 10.4160
1084 34.7358
1085 2.5811
1086 14.6832
1087 8.1285
1088 3.1999
1089 12.0112
1090 2.8389
1091 27.8643
1092 40.9458
1093 3.8648
1094 2.0007
1095 1.1675
1096 2.5923
1097 71.2808
1098 8.8793
1099 5.6736
1100 3.9003
1101 13.2653
1102 63.8933
1103 7.8580
1104 3.6343
1105 0.4068
1106 22.0170
1107 0.6219
1108 4.6224
1109 4.5561
1110 25.6323
1111 4.8170
1112 7.0022
1113 17.7127
1114 16.4115
1115 8.1339
1116 10.7082
1117 0.2075
1118 10.4168
1119 4.2032
1120 18.8766
1121 11.9082
1122 9.2800
1123 10.1403
1124 4.8452
1125 4.0209
1126 24.6600
1127 1.9376
1128 3.0639
1129 2.4156
1130 1.6050
1131 1.8333
1132 90.0664
1133 5.6838
1134 4.4207
1135 19.4097
1136 1.0046
1137 5.5016
1138 5.4364
1139 4.8866
1140 6.3149
1141 2.0272
1142 0.7207
1143 10.4924
1144   NaN
1145 4.7813
1146 11.3304
1147 2.9498
1148 6.3024
1149 1.7757
1150 7.5978
1151 14.3091
1152 1.7266
1153 9.4962
1154 7.0486
1155 0.8720
1156 22.2646
1157 3.4296
1158 0.4739
1159 4.5453
1160 19.9552
1161 4.5877
1162 14.4188
1163 3.3823
1164 0.6922
1165 4.3219
1166 17.2249
1167 10.2284
1168 7.0243
1169 13.8052
1170 18.0144
1171 4.3404
1172 1.5691
1173 10.6130
1174 1.2543
1175 7.4978
1176 1.3523
1177 15.1459
1178 1.7388
1179 12.9681
1180 7.5905
1181 10.9451
1182 30.1340
1183 24.6257
1184 1.1556
1185 5.4708
1186 3.0089
1187 12.2952
1188 32.2728
1189 18.0464
1190 5.6732
1191 6.3716
1192 7.4543
1193 5.3233
1194 10.6461
1195 4.2444
1196 4.0610
1197 45.3323
1198 4.5234
1199 0.9479
1200 11.3038
1201 4.3057
1202 9.4028
1203 11.9995
1204 2.9750
1205 17.0010
1206 4.8886
1207 2.1583
1208 1.2260
1209 3.2140
1210 9.6102
1211 3.0096
1212 9.2249
1213 21.2331
1214 18.8042
1215 1.6567
1216 43.5709
1217 10.8855
1218 6.5189
1219 10.5446
1220 13.1653
1221 2.9063
1222 3.9718
1223 4.5710
1224 1.2120
1225 17.0266
1226 1.0340
1227 32.9241
1228 5.1021
1229 51.0321
1230 4.2964
1231 11.2656
1232 7.0494
1233 36.9321
1234 0.3058
1235 4.6773
1236 2.9678
1237 8.2014
1238 4.2625
1239 6.8844
1240 1.5587
1241 47.6404
1242 11.0953
1243 0.8659
1244 0.2335
1245 2.9443
1246 8.2055
1247 38.2308
1248 1.6008
1249 3.9933
1250 8.1782
1251 2.3949
1252 2.0841
1253 3.0599
1254 2.9149
1255 2.8614
1256 2.3235
1257 0.7345
1258 5.4244
1259 12.6694
1260 42.1995
1261 4.8764
1262 12.5604
1263 2.8732
1264 3.5997
1265 7.2958
1266 0.7833
1267 3.4914
1268 16.4291
1269 2.5848
1270 2.6316
1271 1.8226
1272 1.0181
1273 0.9809
1274 23.7800
1275 1.4578
1276 42.2805
1277 2.7417
1278 3.4830
1279 7.3137
1280 0.9595
1281   NaN
1282 8.4680
1283 1.9846
1284 1.9815
1285 1.3607
1286 1.1954
1287 2.0917
1288 24.8872
1289 14.2544
1290 1.0697
1291 36.0433
1292 79.8087
1293 9.9560
1294 35.3336
1295 4.8917
1296 30.3238
1297 10.0490
1298 8.6665
1299 0.5009
1300 9.2339
1301 1.0420
1302 0.6528
1303 2.3534
1304 3.4144
1305 13.5553
1306 31.5936
1307 4.2194
1308 8.2100
1309 3.8781
1310 1.2647
1311 2.5714
1312 1.3221
1313 51.3582
1314 15.7332
1315 1.1759
1316 15.0476
1317 11.2973
1318 59.0709
1319 1.9321
1320 50.6715
1321 9.0009
1322 57.7473
1323 4.3795
1324 1.4863
1325 7.1670
1326 3.3980
1327 8.4286
1328 2.6867
1329 0.6501
1330 9.4940
1331 31.3075
1332 3.4032
1333 10.2388
1334 9.8384
1335 1.3214
1336 19.5955
1337 10.5059
1338 10.8903
1339 9.0775
1340 4.0090
1341 2.7532
1342 3.8107
1343 4.8880
1344 4.1625
1345 7.0978
1346 6.4138
1347 4.2255
1348 1.4180
1349 1.3082
1350 21.7629
1351 24.4451
1352 1.1067
1353 0.5279
1354 2.0571
1355 1.8545
1356 1.7290
1357 8.5897
1358 10.8681
1359 0.1936
1360 2.7516
1361 1.0533
1362 12.2463
1363 1.9818
1364 4.9892
1365 6.8740
1366 7.8334
1367 1.9558
1368 2.3780
1369 2.2227
1370 85.1458
1371 1.8839
1372 3.7506
1373 13.2548
1374 0.8408
1375 7.0728
1376 16.8274
1377 4.1801
1378 1.6879
1379 12.1509
1380 5.7693
1381 1.5648
1382 10.0986
1383 11.2796
1384 0.5631
1385 7.6199
1386 0.6765
1387 51.7846
1388 3.4436
1389 23.3083
1390 5.5493
1391 36.0423
1392 4.9867
1393 0.5970
1394 5.2628
1395 15.1652
1396 11.2253
1397 24.5089
1398 2.7089
1399 10.6322
1400 4.8513
1401 0.5085
1402 6.6988
1403 5.0774
1404 7.8978
1405 8.8051
1406 4.2512
1407 5.4795
1408 9.8485
1409 1.0575
1410 22.0477
1411 17.8023
1412 1.8689
1413 0.7316
1414 2.3813
1415 37.0027
1416 1.8205
1417 1.3036
1418 8.6117
1419 1.9223
1420 47.6185
1421 5.2927
1422 9.1494
1423 3.1846
1424 0.9217
1425 5.0588
1426 9.5376
1427 13.8733
1428 6.7607
1429 7.6143
1430 55.5602
1431 10.4888
1432 3.9361
1433 0.3502
1434 12.6143
1435 14.7616
1436 10.8570
1437 32.1191
1438 12.4188
1439 2.0971
1440 0.8783
1441 19.1428
1442 0.9885
1443 13.1870
1444 0.8082
1445 1.6196
1446 0.1878
1447 4.2827
1448 5.4902
1449 0.5041
1450 3.5563
1451 4.5256
1452 10.0642
1453 5.4840
1454 6.2833
1455 4.0260
1456 1.1207
1457 2.8619
1458 41.0943
1459 5.4503
1460 8.6720
1461 0.9061
1462 2.7343
1463 7.3201
1464 7.5550
1465 0.5405
1466 2.3875
1467 5.5628
1468 5.4767
1469 13.4507
1470 38.1443
1471 20.5071
1472 60.6046
1473 3.4777
1474 0.8800
1475 4.0409
1476 2.9720
1477 44.5149
1478 18.0351
1479 19.4252
1480 0.9508
1481 7.7201
1482 5.2886
1483 1.1303
1484 2.9420
1485 4.1567
1486 1.6892
1487 2.5482
1488 2.5993
1489 8.8099
1490 1.3503
1491 48.4218
1492 3.2113
1493 11.5869
1494 2.6828
1495 5.5062
1496 5.7288
1497 0.8837
1498 6.3624
1499 6.7072
1500 50.8560
1501 1.4528
1502 2.3586
1503 2.1052
1504 60.2432
1505 56.0273
1506 5.0342
1507 9.2095
1508 3.1342
1509 37.1090
1510 17.2583
1511 4.5375
1512 33.0121
1513 3.8578
1514 5.4628
1515 2.8568
1516 3.4138
1517 3.8419
1518 13.2721
1519 14.4631
1520 6.1705
1521 3.5277
1522 9.4218
1523 1.6013
1524 2.0271
1525 1.9794
1526 11.9807
1527 1.0812
1528 3.8286
1529 16.3642
1530 15.3549
1531 4.3098
1532 10.5194
1533 2.3701
1534 2.1714
1535 5.0506
1536 10.9776
1537 0.3660
1538 13.8909
1539 10.2946
1540 16.6460
1541 1.8819
1542 59.8994
1543 1.2184
1544 49.9812
1545 17.6694
1546 10.9227
1547 2.9578
1548 0.4324
1549 6.7926
1550 9.4654
1551 8.1251
1552 5.8864
1553 13.0034
1554 2.0039
1555 5.4291
1556 14.0440
1557 7.5681
1558 2.7279
1559 16.3735
1560 9.7963
1561 4.9396
1562 17.7887
1563 4.5663
1564 4.7695
1565 76.3760
1566 39.1158
1567 2.2285
1568 1.4057
1569 2.2814
1570 6.5862
1571 9.0403
1572 21.2971
1573 21.0783
1574 3.3213
1575   NaN
1576 8.9760
1577 16.2373
1578 3.5623
1579 7.6606
1580 1.6480
1581 5.2539
1582 0.3855
1583 13.9961
1584 5.9715
1585 1.0041
1586 6.0973
1587 2.5919
1588 11.0712
1589 3.1697
1590 5.5387
1591 62.1075
1592 3.0094
1593 1.0032
1594 0.5057
1595 1.4798
1596 0.7789
1597 1.7792
1598 4.4625
1599 4.7082
1600 7.0741
1601 0.9471
1602 16.9029
1603 1.7418
1604 6.4151
1605 1.9714
1606 11.2472
1607 11.9665
1608 6.3749
1609 25.8079
1610 4.3902
1611 22.2854
1612 63.5629
1613 2.3123
1614 3.7631
1615 17.0135
1616 4.0816
1617 2.1646
1618 1.2086
1619 42.0633
1620 9.9701
1621 2.1289
1622 6.7656
1623 26.4027
1624 1.9629
1625 3.2942
1626 14.6886
1627 6.1449
1628 2.2634
1629 11.8734
1630 8.2363
1631 83.6769
1632 5.5274
1633 13.9618
1634 1.8494
1635 2.9024
1636 3.6603
1637 11.4170
1638 0.7451
1639 8.2112
1640 2.2690
1641 13.0778
1642 36.5608
1643 0.4075
1644 5.8759
1645 3.6302
1646 9.3457
1647 4.5002
1648 14.8888
1649 1.7281
1650 18.0421
1651 0.7461
1652 13.9709
1653 1.2831
1654 1.5614
1655 5.4329
1656 0.8815
1657 3.3727
1658 7.7503
1659 3.7424
1660 5.2840
1661 1.1497
1662 8.1430
1663 2.0780
1664 21.3386
1665 17.3889
1666 3.5397
1667 13.6551
1668 0.7095
1669 4.2942
1670 3.7544
1671 44.3511
1672 5.4551
1673 6.2014
1674 2.6680
1675 4.9758
1676 12.8693
1677 1.7630
1678 33.4672
1679 105.4608
1680 15.6124
1681 2.4841
1682 24.6476
1683 6.5035
1684 5.2924
1685 9.0970
1686 0.8257
1687 4.5017
1688 1.6358
1689 14.9631
1690 9.4320
1691 0.1534
1692 3.4904
1693 8.3655
1694 31.8165
1695 2.8447
1696 5.5141
1697 0.3688
1698 17.3679
1699 2.4468
1700 1.2411
1701 1.0968
1702 43.4357
1703 2.0320
1704 2.6620
1705 11.4772
1706 71.3210
1707 6.5098
1708 1.8399
1709 19.5047
1710 3.7653
1711 0.2716
1712 2.4367
1713 0.5337
1714 1.1850
1715 40.8005
1716 5.7837
1717 4.7368
1718 12.0718
1719 3.0196
1720 13.1090
1721 17.8206
1722 2.9276
1723 7.9826
1724 4.9299
1725 7.1788
1726 0.7713
1727 2.1822
1728 14.9846
1729 1.7673
1730 2.1645
1731 0.6530
1732 7.1938
1733 66.6957
1734 80.3152
1735 154.2338
1736 18.5388
1737 1.2229
1738 4.2276
1739 12.6096
1740 12.8495
1741 0.5054
1742 8.1625
1743 3.2144
1744 0.9081
1745 2.1382
1746 0.1913
1747 12.1720
1748 18.6741
1749 1.5246
1750 20.1662
1751 2.4920
1752 1.6038
1753 13.0539
1754 2.9875
1755 1.5844
1756 8.1075
1757 2.9247
1758 1.0700
1759 4.3039
1760 0.8771
1761 1.2094
1762 8.8534
1763 3.9787
1764 4.3550
1765 2.2630
1766 20.5606
1767 8.6779
1768 15.3528
1769 2.6697
1770 10.1597
1771 12.9319
1772 4.7200
1773 2.1102
1774 4.4640
1775 1.8579
1776 5.4922
1777 4.8092
1778 19.9532
1779 14.3850
1780 10.2746
1781 12.0262
1782 4.6769
1783 1.3276
1784 2.3779
1785 21.5906
1786 1.9675
1787 2.8215
1788 0.5032
1789 2.1504
1790 0.2647
1791 10.7354
1792 42.6409
1793 0.6959
1794 10.3759
1795 10.4381
1796 25.0616
1797 2.5347
1798 2.6938
1799 2.9832
1800 1.5752
1801 15.1058
1802 4.3633
1803 12.4943
1804 7.0061
1805 4.4639
1806 9.7539
1807 4.4019
1808 7.2626
1809 5.3316
1810 15.7498
1811 2.0684
1812 7.3488
1813 6.4859
1814 0.7606
1815 2.2276
1816 3.7864
1817 2.3393
1818 5.9340
1819 1.6375
1820 10.9687
1821 0.6789
1822 3.3328
1823 3.7307
1824 0.6333
1825 3.3387
1826 24.0938
1827 2.7763
1828 5.0478
1829 0.6698
1830 5.8781
1831 1.7900
1832 1.9705
1833 4.6347
1834 0.8317
1835 14.7162
1836 1.1433
1837 1.0518
1838 3.9550
1839 0.9166
1840 3.5932
1841 3.7206
1842 2.2379
1843 4.5228
1844 5.1002
1845 3.1819
1846 27.8752
1847 3.5064
1848 91.5190
1849 7.8258
1850 23.4934
1851 1.9336
1852 2.0458
1853 8.3743
1854 14.3514
1855 2.6587
1856 1.5515
1857 6.4136
1858 2.0868
1859 11.6985
1860 5.6137
1861 6.7618
1862 0.6119
1863 0.6675
1864 4.0256
1865 7.2110
1866 1.9831
1867 41.9620
1868 2.1484
1869 3.9419
1870 10.3516
1871 9.0268
1872 0.8905
1873 12.2685
1874 2.3171
1875 6.6759
1876 19.7730
1877 23.2301
1878 0.4055
1879 20.8492
1880 6.9610
1881 4.2204
1882 3.7448
1883 1.6025
1884 20.4740
1885 28.5416
1886 5.1960
1887 0.5690
1888 0.3565
1889 8.1889
1890 15.9930
1891 7.3527
1892 1.5643
1893 16.8423
1894 9.0371
1895 6.6092
1896 3.5873
1897 3.2066
1898 7.1566
1899 25.9641
1900 11.2283
1901 0.5450
1902 0.3422
1903 11.3197
1904 5.3513
1905 9.4925
1906 3.9268
1907 4.8592
1908 14.2159
1909 17.4638
1910 2.9366
1911 4.9284
1912 20.1812
1913 1.1684
1914 0.1089
1915 1.4002
1916 6.5590
1917 2.6511
1918 1.0675
1919 2.6095
1920 4.4019
1921 22.9199
1922 0.6911
1923 11.4525
1924 5.4366
1925 2.0683
1926 84.1098
1927 2.2354
1928 5.8595
1929 4.1591
1930 8.1055
1931 1.1110
1932 10.1664
1933 1.5052
1934 1.2902
1935 1.9395
1936 0.7641
1937 32.4976
1938 6.1707
1939 9.1370
1940 21.4455
1941 0.8543
1942 1.8622
1943 0.8827
1944 1.3581
1945 21.3011
1946 1.3835
1947 11.2610
1948 1.0904
1949 2.1902
1950 0.7378
1951 12.4044
1952 5.6852
1953 6.7952
1954 1.5275
1955 7.9362
1956 10.2665
1957 15.9862
1958 2.0507
1959 1.6363
1960 1.2228
1961 18.8060
1962 3.7070
1963 4.5281
1964 20.3503
1965 5.0505
1966 5.6326
1967 0.5642
1968 5.4122
1969 34.9622
1970 1.8185
1971 6.8265
1972 4.6029
1973 5.6901
1974 9.8111
1975 27.9156
1976 8.4962
1977 12.1861
1978 0.8603
1979 3.8408
1980 13.8075
1981 5.1241
1982 1.9611
1983 0.3898
1984 7.7695
1985 123.2420
1986 2.6394
1987 7.9142
1988 68.0538
1989 2.3044
1990 0.6624
1991 14.1516
1992 14.2192
1993 31.3401
1994 1.3999
1995 4.9939
1996 3.4455
1997 17.0474
1998 49.0421
1999 3.4830
2000 1.3150
2001 3.5419
2002 4.9311
2003 0.9782
2004 11.3706
2005 7.7246
2006 8.6483
2007 8.8950
2008 3.8399
2009 5.2381
2010 0.5149
2011 3.7613
2012 11.6552
2013 4.3514
2014 14.3994
2015 1.0519
2016 0.4881
2017 2.0842
2018 15.9504
2019 30.4751
2020 4.9604
2021 1.6881
2022 69.7136
2023 3.7733
2024 0.3470
2025 3.1611
2026 1.9167
2027 2.3797
2028 3.3876
2029 48.2216
2030 0.3814
2031 9.8478
2032 1.1664
2033 7.9009
2034 4.4335
2035 2.2757
2036 25.3979
2037 12.5864
2038 3.1413
2039 5.3090
2040 2.3505
2041 0.6668
2042 2.7258
2043 47.9325
2044 61.1619
2045 15.0906
2046 1.2046
2047 79.1936
2048 6.6509
2049 3.9464
2050 3.7177
2051 5.0502
2052 1.9274
2053 6.3537
2054 2.1098
2055 3.6083
2056 6.2377
2057 4.1404
2058 0.9499
2059 1.7204
2060 1.2468
2061 5.3053
2062 18.1345
2063 6.0455
2064 13.5164
2065 4.1409
2066 2.8654
2067 20.4458
2068 4.8899
2069 7.6184
2070 3.2561
2071 4.6132
2072 1.5339
2073 0.4941
2074 4.1601
2075 3.0671
2076 1.7927
2077 6.6770
2078 17.3836
2079 16.0428
2080 4.7366
2081 7.6222
2082 4.8404
2083 3.7777
2084 2.9172
2085 2.6084
2086 10.6726
2087 12.3801
2088 1.3135
2089 3.7229
2090 6.5267
2091 2.4068
2092 0.9049
2093 10.5559
2094 0.7199
2095 8.7342
2096 8.9630
2097 6.1462
2098 15.1707
2099 7.7933
2100 4.5810
2101 2.7302
2102 0.3522
2103 2.4559
2104 11.4022
2105 14.7941
2106 1.7802
2107 41.5454
2108 6.4859
2109 9.7795
2110 10.3887
2111 1.1761
2112 21.8192
2113 7.7903
2114 0.9001
2115 4.6261
2116 0.9765
2117 2.5501
2118 20.7723
2119 46.5461
2120 14.1628
2121 6.0068
2122 0.3101
2123 4.2888
2124 2.2567
2125 0.9392
2126 14.4798
2127 8.6770
2128 0.9298
2129 20.2520
2130 56.8270
2131 4.1583
2132 2.0403
2133 0.7873
2134 0.2172
2135 3.7124
2136 1.1225
2137 10.2771
2138 27.2261
2139 5.5874
2140 0.9209
2141 3.9452
2142 1.7681
2143 5.6057
2144 49.6972
2145 12.7399
2146 4.8962
2147 1.5377
2148 15.1694
2149 10.4031
2150 1.3730
2151 0.4501
2152 0.9648
2153 3.5201
2154 31.5396
2155 17.0430
2156 15.5590
2157 1.1921
2158 14.6377
2159 10.3028
2160 4.1611
2161 40.0363
2162 2.2650
2163 34.6556
2164 1.5513
2165 0.5619
2166 1.5578
2167 17.1302
2168 9.0986
2169 5.5006
2170 6.9558
2171 6.3075
2172 3.2975
2173 22.4472
2174 16.3168
2175 3.1115
2176 0.8763
2177 10.0654
2178 10.7435
2179 8.6640
2180 11.4360
2181 3.3563
2182 24.7277
2183 16.1530
2184 1.5135
2185 8.4573
2186 1.6104
2187 1.6830
2188 2.0051
2189 3.1786
2190 5.9283
2191 5.7271
2192 1.4000
2193 3.0608
2194 7.4261
2195 11.0325
2196 1.3761
2197 70.1470
2198 3.3479
2199 1.2027
2200 1.9061
2201 1.1349
2202 2.3177
2203 0.8025
2204 10.1937
2205 13.2553
2206 0.9956
2207 7.0496
2208   NaN
2209 48.3846
2210 2.5001
2211 15.6538
2212 1.2034
2213 0.9137
2214 1.2014
2215 1.9067
2216 7.9511
2217 41.3265
2218 5.1240
2219 3.0471
2220 24.9731
2221 6.6079
2222 4.0878
2223 10.6928
2224 1.0510
2225 0.6508
2226 36.4673
2227 21.7377
2228 2.4944
2229 4.3616
2230 3.8611
2231 1.1019
2232 1.4850
2233 52.6282
2234 3.2598
2235   NaN
2236 0.5704
2237 1.7130
2238 14.4919
2239 1.3252
2240 4.7601
2241 1.1480
2242 0.7826
2243 2.3965
2244 4.1882
2245 18.2212
2246 3.0461
2247 60.1748
2248 3.0503
2249 1.5663
2250 7.7528
2251 5.5330
2252 7.3385
2253 4.7031
2254 14.0097
2255 12.4112
2256 18.0734
2257 41.9621
2258 4.0910
2259 15.9129
2260 20.1471
2261 15.4787
2262 4.2099
2263 3.3916
2264 21.9253
2265 1.2325
2266 4.7295
2267 16.2374
2268 13.3239
2269 5.6466
2270 1.5546
2271 24.8090
2272 1.0383
2273 7.1737
2274 1.9356
2275 1.8611
2276 7.0191
2277 6.5182
2278 50.0126
2279 2.9542
2280 1.2276
2281 3.2566
2282 3.4327
2283 16.6280
2284 4.9723
2285 5.2394
2286 0.8816
2287 3.3216
2288 4.8253
2289 4.6588
2290 4.1814
2291 5.0184
2292 11.5201
2293 9.2437
2294 5.5222
2295 9.0421
2296 20.0384
2297 22.4164
2298 56.9307
2299 1.7189
2300 31.3896
2301 58.6844
2302 33.2467
2303 4.5661
2304 4.2693
2305 1.4105
2306 2.4062
2307 10.0054
2308 3.7505
2309 6.3309
2310 27.4957
2311 4.8356
2312 9.5427
2313 3.6989
2314 20.5545
2315 1.3505
2316 5.6853
2317 6.6762
2318 12.4218
2319 2.5145
2320 1.0003
2321 7.5863
2322 1.4530
2323 10.5648
2324 13.8720
2325 1.7026
2326 31.9410
2327 6.4048
2328 4.5045
2329 3.3368
2330 5.7490
2331 4.8197
2332 1.4701
2333 0.8398
2334 13.6949
2335 2.4112
2336 4.6956
2337 10.1890
2338 2.3431
2339 8.6562
2340 6.2254
2341 1.0065
2342 12.0632
2343 18.5044
2344 4.4854
2345 26.0485
2346 1.6290
2347 8.1366
2348 7.1531
2349 4.6104
2350 2.4961
2351 47.6436
2352 4.7220
2353 10.0479
2354 7.5180
2355 4.4794
2356 2.3058
2357 4.0249
2358 0.9211
2359 25.2476
2360 9.1465
2361 11.9482
2362 0.1906
2363 3.5446
2364 5.4161
2365 56.7663
2366 15.6587
2367 14.2894
2368 3.8069
2369 3.7089
2370 25.1667
2371 0.9765
2372 7.2943
2373 50.8116
2374 4.1910
2375 6.2622
2376 4.3247
2377 19.3696
2378 4.8016
2379 2.6802
2380 54.8960
2381 8.5382
2382 12.3936
2383 24.6221
2384 9.4821
2385 0.7374
2386 2.7678
2387 30.2894
2388 5.6485
2389 8.3666
2390 4.8631
2391 0.3150
2392 12.8997
2393 5.2628
2394 1.4939
2395 4.4171
2396 0.5155
2397 30.9482
2398 2.7847
2399 6.7429
2400 11.1196
2401 11.5323
2402 7.6496
2403 4.8633
2404 37.2309
2405 3.6314
2406 2.6180
2407 0.7682
2408 15.1126
2409 45.1286
2410 60.9043
2411 7.9484
2412 1.5931
2413 1.8735
2414 36.5341
2415 5.5958
2416 11.5646
2417 5.0149
2418 5.3445
2419 8.0201
2420 7.7662
2421 12.3903
2422 50.2714
2423 128.7111
2424 0.5914
2425 21.1292
2426 11.5393
2427 1.8810
2428 0.7980
2429 10.7693
2430 2.2019
2431 5.8711
2432 3.4205
2433 7.0562
2434 19.0812
2435 2.5587
2436 4.8656
2437 29.0912
2438 10.4557
2439 5.1825
2440 13.7870
2441 7.6104
2442 4.6288
2443 5.2548
2444 26.2391
2445 19.4067
2446 3.5198
2447 16.6023
2448 4.7060
2449 4.1149
2450 18.8958
2451 1.5807
2452 7.1320
2453 4.2994
2454 5.7940
2455 15.9123
2456 1.5505
2457 20.6512
2458 3.2961
2459 1.4223
2460 3.3228
2461 9.1643
2462 22.1062
2463 1.0331
2464 11.0214
2465 10.7781
2466 3.6057
2467 3.3067
2468 1.8581
2469   NaN
2470 14.6218
2471 3.2653
2472 12.9902
2473 8.4844
2474 4.5318
2475 9.5113
2476 8.4512
2477 9.6127
2478 2.4019
2479 78.1765
2480 11.8804
2481 7.4349
2482 39.6832
2483 7.5050
2484 40.3865
2485 7.8024
2486 5.7452
2487 37.6027
2488 29.4174
2489 6.0502
2490 3.6390
2491 16.5195
2492 1.5472
2493 9.7988
2494 22.7509
2495 35.0674
2496 6.9042
2497 18.1393
2498 0.7896
2499 0.2897
2500 2.2573
