5001 0.1835
5002 0.1275
5003 0.0991
5004 0.1469
5005 0.1290
5006 0.2969
5007 0.1294
5008 1.3451
5009 0.2886
5010 0.2045
5011 0.1087
5012 0.5728
5013 0.4894
5014 1.0867
5015 0.2091
5016 0.2581
5017 0.1343
5018 0.1909
5019 0.9326
5020 0.4876
5021 0.4266
5022 0.4813
5023 0.4009
5024 0.1901
5025 0.1793
5026 2.0391
5027 0.1493
5028 0.8697
5029 0.2523
5030 0.6105
5031 0.4200
5032 0.0939
5033 0.2256
5034 0.1245
5035 0.1299
5036 0.1259
5037 0.1370
5038 0.2345
5039 0.2984
5040 0.4824
5041 0.4632
5042 0.1970
5043 0.8139
5044 0.7985
5045 0.3695
5046 0.2351
5047 0.1603
5048 0.4904
5049 0.2725
5050 0.0859
5051 0.2504
5052 0.0899
5053 0.1307
5054 0.3016
5055 1.0192
5056 0.1170
5057 0.1295
5058 0.1271
5059 0.5478
5060 0.3562
5061 0.7056
5062 0.4619
5063 1.5425
5064 0.4922
5065 0.4138
5066 0.2270
5067 0.5019
5068 0.2795
5069 0.5268
5070 0.3579
5071 0.0714
5072 0.7071
5073 0.5843
5074 0.1150
5075 0.3648
5076 0.1171
5077 0.1013
5078 0.0898
5079 0.3110
5080 0.3197
5081 0.5069
5082 0.5253
5083 0.1569
5084 0.3498
5085 0.1277
5086 0.3581
5087 0.2433
5088 0.1677
5089 0.2542
5090 0.6272
5091 0.2444
5092 0.2404
5093 0.3358
5094 0.1157
5095 0.1597
5096 0.3001
5097 0.9664
5098 0.2595
5099 0.1969
5100 0.6017
5101 0.5262
5102 0.7259
5103 0.2633
5104 0.1954
5105 0.1280
5106 0.7220
5107 0.3460
5108 0.3134
5109 0.2807
5110 0.4238
5111 0.1248
5112 0.1281
5113 0.2504
5114 0.4007
5115 0.1180
5116 4.8879
5117 0.9621
5118 0.3408
5119 0.1757
5120 0.2079
5121 0.5807
5122 0.1454
5123 0.4826
5124 0.2523
5125 0.4949
5126 0.2609
5127 2.6233
5128 0.2335
5129 0.6453
5130 0.5329
5131 0.2837
5132 0.4558
5133 0.0950
5134 0.0714
5135 0.1302
5136 0.1064
5137 0.1200
5138 0.4420
5139 0.3640
5140 0.0844
5141 0.1270
5142 0.0804
5143 0.1161
5144 0.1296
5145 0.0955
5146 0.3075
5147 1.3817
5148 0.4600
5149 0.1277
5150 0.4596
5151 0.4345
5152 0.3074
5153 2.1194
5154 0.9871
5155 0.1057
5156 1.1274
5157 0.2148
5158 0.4231
5159 0.1850
5160 0.1345
5161 0.0817
5162 0.0916
5163 0.1163
5164 0.6130
5165 0.4617
5166 0.0838
5167 0.2619
5168 0.9820
5169 0.4835
5170 0.1273
5171 0.3639
5172 0.8596
5173 0.1696
5174 0.3209
5175 0.4868
5176 0.3416
5177 0.4050
5178 0.3668
5179 1.7806
5180 0.3712
5181 0.1149
5182 0.0730
5183 0.6393
5184 0.4204
5185 0.5857
5186 0.8298
5187 0.2642
5188 0.6581
5189 0.6935
5190 0.6412
5191 0.8730
5192 0.0800
5193 0.1661
5194 2.2773
5195 0.0998
5196 0.1050
5197 0.2974
5198 0.4566
5199 0.1514
5200 0.0867
5201 0.0884
5202 0.1011
5203 0.3111
5204 0.0890
5205 0.0851
5206 0.4926
5207 0.1035
5208 0.4429
5209 0.0949
5210 1.0289
5211 1.1405
5212 0.1780
5213 0.3192
5214 0.1614
5215 0.4067
5216 0.1520
5217 0.5316
5218 0.3088
5219 0.4526
5220 0.2867
5221 0.2242
5222 0.5215
5223 0.6858
5224 0.0950
5225 0.1636
5226 0.3868
5227 0.5559
5228 0.1275
5229 0.1508
5230 0.7618
5231 0.1501
5232 0.1085
5233 0.7374
5234 0.1276
5235 0.4861
5236 0.1112
5237 0.6155
5238 0.2940
5239 0.3378
5240 1.1603
5241 0.1443
5242 0.1096
5243 0.3040
5244 0.0881
5245 0.2272
5246 0.7753
5247 0.1462
5248 0.1435
5249 0.1047
5250 0.0934
5251 0.2009
5252 0.2917
5253 0.1379
5254 0.0745
5255 1.4711
5256 0.1098
5257 0.9015
5258 0.2204
5259 0.4595
5260 0.4153
5261 0.0815
5262 0.3400
5263 0.1730
5264 0.1220
5265 0.8430
5266 0.0995
5267 0.1165
5268 2.3252
5269 0.1055
5270 0.4843
5271 1.3270
5272 0.2586
5273 0.0970
5274 0.0737
5275 0.2865
5276 1.3720
5277 0.4014
5278 0.3433
5279 0.7730
5280 0.0864
5281 0.0993
5282 0.4318
5283 0.3075
5284 0.3537
5285 0.0908
5286 0.3513
5287 0.1028
5288 0.2237
5289 0.3181
5290 0.4052
5291 0.1046
5292 0.2666
5293 0.2547
5294 1.1035
5295 0.0683
5296 0.8341
5297 0.5536
5298 0.0762
5299 0.0833
5300 0.3349
5301 0.1518
5302 0.3684
5303 0.1165
5304 0.3289
5305 0.3727
5306 0.3019
5307 0.8597
5308 0.1618
5309 0.3036
5310 0.1316
5311 0.4678
5312 0.6147
5313 0.0838
5314 0.0775
5315 0.5956
5316 0.2530
5317 0.0984
5318 0.3160
5319 0.4807
5320 0.2047
5321 0.3099
5322 0.4974
5323 0.0861
5324 0.3375
5325 0.2031
5326 0.4810
5327 0.1033
5328 0.3733
5329 0.0961
5330 0.1335
5331 0.8286
5332 0.3702
5333 0.1066
5334 0.3003
5335 2.8123
5336 0.1246
5337 0.1023
5338 0.1300
5339 0.1789
5340 0.1522
5341 0.1536
5342 0.2980
5343 0.2174
5344 0.2507
5345 0.5596
5346 0.5534
5347 0.1866
5348 0.5653
5349 0.2178
5350 0.3871
5351 0.1012
5352 0.1190
5353 0.2323
5354 0.2154
5355 0.3484
5356 0.3404
5357 0.3261
5358 0.3350
5359 0.0780
5360 0.1575
5361 0.0804
5362 0.2927
5363 1.3374
5364 0.0867
5365 0.3717
5366 0.1154
5367 0.1035
5368 0.9344
5369 0.5625
5370 0.1781
5371 0.7687
5372 0.4007
5373 0.4271
5374 0.0776
5375 0.4887
5376 0.2702
5377 0.1952
5378 0.1387
5379 0.2066
5380 0.3549
5381 1.1069
5382 0.3390
5383 0.6561
5384 0.0966
5385 0.5179
5386 0.5616
5387 0.1478
5388 0.0919
5389 0.3650
5390 0.1563
5391 0.0985
5392 0.4256
5393 0.8746
5394 0.4093
5395 0.1507
5396 0.4839
5397 0.1086
5398 0.1696
5399 0.0757
5400 0.1265
5401 0.3848
5402 0.1746
5403 0.2282
5404 0.3784
5405 0.2452
5406 0.1974
5407 0.6681
5408 0.4583
5409 0.2245
5410 0.1169
5411 0.0802
5412 0.2530
5413 0.4797
5414 0.9288
5415 0.3316
5416 0.1640
5417 0.0876
5418 0.1452
5419 1.9822
5420 0.0901
5421 0.2992
5422 0.4178
5423 0.8493
5424 0.0922
5425 0.4137
5426 0.0739
5427 0.7345
5428 0.1032
5429 0.4073
5430 0.1143
5431 0.1279
5432 0.3654
5433 0.1340
5434 0.1467
5435 0.5301
5436 0.1631
5437 0.0908
5438 0.4843
5439 0.2265
5440 0.0697
5441 1.1964
5442 0.3062
5443 0.3407
5444 0.1315
5445 0.1097
5446 0.2586
5447 0.2209
5448 0.3127
5449 0.4568
5450 0.4123
5451 0.3602
5452 0.1266
5453 0.2339
5454 0.2502
5455 0.1284
5456 0.6068
5457 0.9164
5458 1.4720
5459 0.8855
5460 0.2866
5461 0.5782
5462 0.1315
5463 0.1009
5464 0.2021
5465 0.2259
5466 0.0715
5467 1.3052
5468 0.4877
5469 0.1164
5470 0.4847
5471 0.0994
5472 0.1874
5473 0.3344
5474 0.1040
5475 0.3147
5476 0.3013
5477 0.1102
5478 0.1612
5479 0.0883
5480 0.1359
5481 0.0922
5482 0.4283
5483 0.1864
5484 0.2641
5485 0.0789
5486 0.7267
5487 0.3073
5488 0.2204
5489 0.0931
5490 0.3069
5491 1.5601
5492 0.3776
5493 0.4074
5494 0.2223
5495 0.1081
5496 0.2729
5497 0.3130
5498 0.6207
5499 0.1627
5500 0.1251
5501 0.2302
5502 0.1171
5503 0.1619
5504 0.2955
5505 0.2508
5506 0.3638
5507 1.1336
5508 0.3790
5509 0.3710
5510 0.2663
5511 0.1691
5512 0.3849
5513 0.1459
5514 0.7690
5515 0.4146
5516 0.3279
5517 0.3494
5518 0.2644
5519 0.9436
5520 0.0946
5521 1.4592
5522 0.2712
5523 0.1366
5524 0.5283
5525 0.0864
5526 0.1764
5527 0.4571
5528 0.0766
5529 0.1803
5530 0.6505
5531 0.6162
5532 0.1429
5533 0.5813
5534 0.1198
5535 0.2646
5536 1.5668
5537 0.2653
5538 0.2609
5539 0.2305
5540 0.4091
5541 0.1164
5542 0.2688
5543 0.1299
5544 0.3229
5545 0.3929
5546 0.5780
5547 0.2499
5548 0.2366
5549 0.3835
5550 0.9396
5551 0.2183
5552 0.3137
5553 0.2068
5554 1.2871
5555 1.4080
5556 0.1912
5557 0.1252
5558 0.3918
5559 1.3086
5560 0.2148
5561 0.1112
5562 0.3735
5563 0.2503
5564 0.2479
5565 0.4229
5566 0.1271
5567 0.2227
5568 0.3797
5569 0.1042
5570 0.1264
5571 0.1606
5572 0.1403
5573 2.4839
5574 0.3103
5575 0.1614
5576 0.1852
5577 0.3683
5578 0.0690
5579 0.1441
5580 0.1127
5581 0.6787
5582 0.5084
5583 0.0742
5584 0.3641
5585 0.1600
5586 1.1768
5587 0.4520
5588 0.3801
5589 0.2120
5590 0.3695
5591 0.4614
5592 0.1148
5593 0.2007
5594 0.2659
5595 0.7077
5596 0.1241
5597 0.1047
5598 0.8190
5599 0.1088
5600 0.0930
5601 0.1459
5602 0.4023
5603 1.6975
5604 0.4072
5605 0.1054
5606 0.2339
5607 1.3538
5608 0.2783
5609 0.3435
5610 0.7725
5611 0.1407
5612 0.0983
5613 0.1315
5614 0.0812
5615 0.3249
5616 0.2936
5617 0.1087
5618 0.1322
5619 0.9589
5620 0.2696
5621 0.0886
5622 0.2837
5623 0.3388
5624 0.2207
5625 1.0906
5626 1.1987
5627 0.1600
5628 0.1119
5629 0.3882
5630 0.1177
5631 0.2912
5632 0.3044
5633 0.1369
5634 0.1094
5635 0.0676
5636 0.7008
5637 2.0873
5638 0.2160
5639 0.3166
5640 0.0732
5641 0.3411
5642 0.6997
5643 0.4685
5644 0.0723
5645 0.4315
5646 0.3106
5647 0.5080
5648 0.2529
5649 0.2031
5650 0.1020
5651 0.6838
5652 0.3064
5653 0.3507
5654 0.5543
5655 0.3425
5656 0.1178
5657 0.1959
5658 0.4311
5659 0.1270
5660 0.1214
5661 0.4926
5662 0.2602
5663 0.3780
5664 3.0580
5665 0.4421
5666 0.2493
5667 0.5943
5668 0.1493
5669 0.1200
5670 1.1344
5671 0.2485
5672 0.1193
5673 0.5233
5674 0.0834
5675 0.1382
5676 0.3111
5677 0.0952
5678 0.1333
5679 0.1250
5680 0.2779
5681 0.1798
5682 6.7019
5683 0.4738
5684 0.5335
5685 0.1415
5686 0.5343
5687 0.3276
5688 0.0791
5689 1.0262
5690 1.0961
5691 0.2173
5692 0.1288
5693 0.1028
5694 0.2271
5695 0.4008
5696 0.0947
5697 0.4628
5698 0.2818
5699 0.1158
5700 0.7557
5701 0.1762
5702 0.7324
5703 0.4156
5704 0.6620
5705 0.3620
5706 0.1267
5707 0.1610
5708 0.1770
5709 0.3257
5710 0.2770
5711 0.4896
5712 0.2114
5713 0.1689
5714 0.4798
5715 0.1514
5716 0.5671
5717 0.3602
5718 0.1205
5719 0.0898
5720 0.1490
5721 0.1624
5722 0.8197
5723 0.2948
5724 0.3164
5725 0.9937
5726 0.3883
5727 0.2012
5728 0.2680
5729 0.0958
5730 0.9550
5731 0.4659
5732 0.4696
5733 0.0945
5734 0.6772
5735 0.8911
5736 0.2258
5737 0.4906
5738 0.1571
5739 0.4025
5740 0.6853
5741 0.1667
5742 0.3068
5743 0.2078
5744 0.1046
5745 0.8957
5746 0.2082
5747 0.1391
5748 0.5043
5749 0.1276
5750 0.1176
5751 0.2743
5752 0.1661
5753 0.5860
5754 0.4301
5755 0.1015
5756 1.0300
5757 0.1282
5758 1.0347
5759 0.1146
5760 0.1633
5761 3.4178
5762 0.1294
5763 0.3217
5764 0.2860
5765 0.5760
5766 0.4090
5767 0.1960
5768 0.5040
5769 0.1093
5770 0.8178
5771 0.1445
5772 0.3360
5773 0.1100
5774 0.3418
5775 0.1411
5776 0.1143
5777 0.1817
5778 0.4390
5779 0.1204
5780 0.1192
5781 0.4458
5782 0.7418
5783 0.1624
5784 0.1629
5785 0.3345
5786 0.5431
5787 0.0990
5788 0.2703
5789 0.1252
5790 0.4914
5791 0.1295
5792 0.9876
5793 0.2332
5794 0.4321
5795 0.1210
5796 1.6055
5797 0.9107
5798 0.3622
5799 0.1909
5800 0.5594
5801 0.1697
5802 0.3369
5803 0.1045
5804 0.3769
5805 0.3725
5806 0.3883
5807 0.0805
5808 0.4236
5809 0.5049
5810 0.5690
5811 0.0905
5812 0.1597
5813 0.4706
5814 0.0864
5815 0.1397
5816 0.1093
5817 0.1841
5818 0.1200
5819 0.1799
5820 0.2169
5821 0.1262
5822 0.6947
5823 2.7387
5824 0.1706
5825 0.3134
5826 0.2218
5827 0.1556
5828 0.2514
5829 0.2058
5830 0.6305
5831 0.1580
5832 0.0779
5833 0.5370
5834 0.7520
5835 0.3497
5836 0.0961
5837 0.1038
5838 0.2674
5839 0.2175
5840 0.7038
5841 0.1209
5842 0.3876
5843 0.0827
5844 0.0968
5845 0.1183
5846 0.2343
5847 1.0923
5848 0.6038
5849 0.4679
5850 0.0676
5851 0.6816
5852 0.1191
5853 0.3207
5854 0.4258
5855 0.1057
5856 0.2412
5857 0.1345
5858 0.1434
5859 0.0860
5860 0.3925
5861 0.2328
5862 0.1792
5863 0.1012
5864 0.5510
5865 0.3046
5866 0.1345
5867 0.0967
5868 0.3858
5869 0.7140
5870 0.1629
5871 0.2062
5872 0.1761
5873 0.3366
5874 0.4099
5875 0.3417
5876 3.2917
5877 0.1071
5878 0.2388
5879 0.1342
5880 0.1889
5881 0.6277
5882 0.1138
5883 0.1724
5884 0.4611
5885 0.4042
5886 0.4120
5887 0.2016
5888 0.8442
5889 0.4853
5890 0.2887
5891 0.5113
5892 0.4230
5893 0.0906
5894 0.1117
5895 0.3654
5896 0.2107
5897 0.3546
5898 0.1261
5899 0.1484
5900 0.2947
5901 0.3971
5902 0.1421
5903 0.3771
5904 0.3927
5905 0.1107
5906 1.5865
5907 0.1199
5908 0.6226
5909 0.4074
5910 0.1304
5911 0.1239
5912 0.8092
5913 0.9361
5914 0.7229
5915 0.3391
5916 0.3831
5917 0.2510
5918 0.2991
5919 0.1301
5920 0.4011
5921 0.1413
5922 0.1567
5923 0.1982
5924 0.1606
5925 0.1680
5926 0.6373
5927 0.2831
5928 0.1125
5929 0.3903
5930 0.6553
5931 0.7067
5932 0.2137
5933 0.1852
5934 0.1363
5935 0.1532
5936 0.1474
5937 0.0912
5938 0.1734
5939 0.4465
5940 0.3754
5941 0.4146
5942 0.0738
5943 0.1542
5944 0.1912
5945 0.4232
5946 0.1382
5947 0.1114
5948 0.2377
5949 2.2443
5950 0.3303
5951 0.3446
5952 0.1881
5953 0.1695
5954 0.2599
5955 0.4869
5956 0.1616
5957 0.6398
5958 0.2053
5959 0.4468
5960 0.1916
5961 0.0764
5962 0.1901
5963 0.1764
5964 0.3328
5965 0.2975
5966 0.1792
5967 0.4783
5968 0.0995
5969 0.2414
5970 0.8611
5971 0.8845
5972 0.2440
5973 0.2621
5974 0.2357
5975 0.1005
5976 0.3331
5977 1.3767
5978 0.1214
5979 0.2523
5980 0.1923
5981 0.2353
5982 0.4851
5983 0.3296
5984 0.1251
5985 0.0985
5986 0.1208
5987 0.0819
5988 0.1235
5989 0.3956
5990 0.1495
5991 0.1090
5992 0.1918
5993 0.2409
5994 0.1880
5995 0.0784
5996 0.4603
5997 0.2804
5998 0.1720
5999 0.0959
6000 0.4552
6001 0.2247
6002 1.4666
6003 0.1924
6004 0.0988
6005 0.3384
6006 0.4998
6007 0.4731
6008 0.2051
6009 0.7879
6010 0.7062
6011 0.1484
6012 0.2843
6013 0.4155
6014 0.1680
6015 0.4134
6016 0.2097
6017 0.3397
6018 0.6068
6019 0.4542
6020 0.1961
6021 0.1078
6022 0.1545
6023 0.0937
6024 0.1345
6025 0.2938
6026 0.3909
6027 0.1088
6028 0.0690
6029 0.1335
6030 0.2564
6031 0.2900
6032 0.0932
6033 0.5353
6034 0.2523
6035 0.1093
6036 0.2892
6037 0.0867
6038 0.4224
6039 0.2200
6040 0.1178
6041 0.5916
6042 0.2789
6043 0.3538
6044 0.0829
6045 1.1138
6046 0.1119
6047 1.2501
6048 0.4959
6049 0.1113
6050 0.3243
6051 0.1854
6052 0.0828
6053 0.7131
6054 0.1225
6055 0.4658
6056 0.1172
6057 0.2070
6058 0.1007
6059 0.2753
6060 0.1621
6061 1.1189
6062 0.0879
6063 0.1358
6064 0.0770
6065 0.1163
6066 0.1788
6067 1.1407
6068 0.0820
6069 0.2299
6070 1.1205
6071 0.3322
6072 0.3622
6073 0.4803
6074 0.2226
6075 0.1829
6076 0.4712
6077 0.0889
6078 0.5408
6079 0.1354
6080 0.3062
6081 0.2854
6082 0.4220
6083 0.1118
6084 0.7585
6085 0.3769
6086 0.0932
6087 0.1398
6088 0.1513
6089 1.2841
6090 0.1138
6091 0.4794
6092 0.3019
6093 1.0017
6094 0.7938
6095 0.3175
6096 0.3299
6097 0.2236
6098 0.2555
6099 0.2657
6100 0.2364
6101 0.7801
6102 0.7641
6103 0.6326
6104 0.0856
6105 0.2966
6106 0.1029
6107 0.0926
6108 0.0972
6109 0.2910
6110 0.3733
6111 0.3663
6112 0.4746
6113 0.1947
6114 0.6203
6115 0.4329
6116 1.6462
6117 1.0868
6118 0.3227
6119 0.1624
6120 0.0992
6121 0.1219
6122 0.3472
6123 0.1478
6124 0.2311
6125 0.2346
6126 0.9938
6127 0.2076
6128 0.3371
6129 0.2414
6130 1.0740
6131 0.8675
6132 0.0916
6133 0.2722
6134 0.7581
6135 0.1407
6136 0.0733
6137 0.3807
6138 0.5445
6139 0.3210
6140 1.7713
6141 0.0817
6142 0.1794
6143 0.0976
6144 0.1079
6145 0.9788
6146 0.4524
6147 1.2840
6148 0.4669
6149 0.1538
6150 0.4386
6151 0.3299
6152 0.1791
6153 0.1169
6154 0.6479
6155 0.2016
6156 0.1801
6157 0.4570
6158 0.4687
6159 0.3270
6160 0.2585
6161 0.1357
6162 1.3615
6163 0.0728
6164 0.0834
6165 1.4501
6166 0.2936
6167 0.1688
6168 0.1130
6169 0.3025
6170 0.3945
6171 1.2164
6172 0.1134
6173 1.1412
6174 0.1554
6175 0.3652
6176 0.2591
6177 0.2380
6178 0.4496
6179 0.5091
6180 0.3386
6181 1.0300
6182 0.7962
6183 0.3651
6184 0.1374
6185 0.1066
6186 0.3962
6187 0.1328
6188 0.1452
6189 0.9371
6190 0.5094
6191 0.0777
6192 0.4194
6193 0.3204
6194 0.3784
6195 0.5920
6196 0.1013
6197 0.2773
6198 0.2905
6199 0.8941
6200 1.8161
6201 0.1146
6202 3.3956
6203 0.4249
6204 0.0829
6205 0.0853
6206 0.8283
6207 0.2732
6208 0.2861
6209 0.3372
6210 0.5015
6211 0.1486
6212 0.3610
6213 0.1674
6214 0.5580
6215 0.1205
6216 0.0859
6217 0.2029
6218 0.1370
6219 0.2877
6220 0.1196
6221 0.5866
6222 0.1143
6223 0.9529
6224 0.8700
6225 0.3974
6226 0.1264
6227 0.2826
6228 1.2110
6229 0.6867
6230 0.1329
6231 0.9747
6232 0.4759
6233 0.3033
6234 0.3272
6235 0.1631
6236 0.1581
6237 0.3871
6238 0.1105
6239 1.2715
6240 0.5991
6241 0.0978
6242 0.1462
6243 0.1120
6244 0.1736
6245 1.1570
6246 0.4375
6247 0.1317
6248 0.1507
6249 0.1936
6250 0.4206
6251 0.3099
6252 0.3090
6253 0.4311
6254 1.2015
6255 0.1576
6256 0.3192
6257 0.7460
6258 0.1363
6259 0.3159
6260 0.0870
6261 0.7807
6262 0.0911
6263 0.0869
6264 0.5157
6265 0.1885
6266 0.3438
6267 0.2006
6268 0.3773
6269 0.2686
6270 0.0774
6271 0.1181
6272 0.3130
6273 0.1488
6274 0.1115
6275 0.1525
6276 0.8257
6277 0.3772
6278 0.2808
6279 0.8199
6280 0.2141
6281 0.1445
6282 0.1323
6283 0.1455
6284 0.0787
6285 0.4486
6286 0.1501
6287 1.3117
6288 0.3707
6289 0.2255
6290 0.6710
6291 0.6338
6292 0.8398
6293 0.4245
6294 0.1123
6295 0.1041
6296 0.3625
6297 0.5430
6298 0.1294
6299 0.0820
6300 0.6835
6301 1.0966
6302 0.2633
6303 0.1193
6304 0.0726
6305 0.4773
6306 0.1466
6307 1.2196
6308 0.3249
6309 0.4523
6310 0.4276
6311 0.0781
6312 0.5535
6313 0.5244
6314 0.0995
6315 0.3929
6316 0.0916
6317 0.3733
6318 0.1905
6319 0.7826
6320 0.0820
6321 0.2174
6322 1.3005
6323 0.5378
6324 0.1313
6325 0.1112
6326 0.5923
6327 0.4992
6328 0.2927
6329 0.2027
6330 1.1413
6331 0.4440
6332 0.1550
6333 0.1040
6334 0.2108
6335 1.1338
6336 0.1300
6337 0.8772
6338 0.4464
6339 0.2666
6340 0.4077
6341 0.4021
6342 0.9234
6343 0.2457
6344 0.1124
6345 0.1447
6346 0.0848
6347 0.1346
6348 0.1767
6349 0.5736
6350 0.3361
6351 0.1566
6352 0.1071
6353 0.1419
6354 0.1512
6355 0.3505
6356 0.8825
6357 0.3116
6358 0.1877
6359 0.3250
6360 0.2047
6361 0.3601
6362 0.1240
6363 0.2871
6364 1.4582
6365 0.6211
6366 0.4236
6367 0.4905
6368 0.2711
6369 0.4886
6370 0.4203
6371 0.3337
6372 0.1311
6373 0.2060
6374 0.1574
6375 0.1282
6376 0.0901
6377 0.1404
6378 0.1077
6379 0.1205
6380 0.1311
6381 0.1054
6382 0.2202
6383 0.5514
6384 0.2000
6385 0.0949
6386 0.1639
6387 0.2567
6388 0.3106
6389 0.0697
6390 0.2766
6391 0.1674
6392 0.3469
6393 0.0801
6394 0.3594
6395 0.4385
6396 0.2304
6397 0.3052
6398 0.1107
6399 0.3569
6400 0.1020
6401 0.3473
6402 0.2725
6403 0.0984
6404 0.5477
6405 1.1125
6406 0.2924
6407 0.1293
6408 0.0917
6409 0.4476
6410 0.2509
6411 0.3701
6412 0.5172
6413 0.6209
6414 0.1154
6415 0.0906
6416 0.9165
6417 0.6810
6418 0.5521
6419 0.3380
6420 0.1216
6421 0.2486
6422 0.4762
6423 1.3492
6424 0.0974
6425 0.3489
6426 0.1269
6427 0.3088
6428 0.5021
6429 0.1130
6430 0.1397
6431 0.1029
6432 0.3132
6433 0.3548
6434 0.1139
6435 0.0999
6436 2.2120
6437 0.2693
6438 0.1488
6439 0.2890
6440 0.4519
6441 0.1496
6442 0.4573
6443 0.7176
6444 0.7270
6445 0.3951
6446 0.1760
6447 0.1383
6448 0.5578
6449 0.1010
6450 0.6476
6451 0.2531
6452 0.6573
6453 0.2841
6454 0.0851
6455 0.5982
6456 0.5143
6457 0.4413
6458 0.1740
6459 0.2591
6460 0.3121
6461 0.1094
6462 0.1156
6463 0.1728
6464 0.4291
6465 0.3480
6466 0.4590
6467 0.1010
6468 0.0956
6469 0.1161
6470 0.6709
6471 0.2571
6472 0.0918
6473 0.2140
6474 0.1732
6475 0.1029
6476 0.4635
6477 0.4985
6478 0.0985
6479 0.2118
6480 0.1152
6481 0.2611
6482 1.2088
6483 0.3855
6484 0.1106
6485 0.1115
6486 0.2555
6487 0.3735
6488 0.3214
6489 0.7384
6490 0.2116
6491 0.6394
6492 0.6313
6493 0.5327
6494 0.0773
6495 0.6629
6496 1.2102
6497 0.1151
6498 0.1111
6499 0.1759
6500 0.1269
6501 0.2648
6502 0.1246
6503 0.4122
6504 1.3365
6505 0.3341
6506 0.3301
6507 0.1021
6508 0.1093
6509 0.0935
6510 0.4354
6511 0.1571
6512 0.4664
6513 0.1153
6514 0.0744
6515 0.1356
6516 0.3940
6517 0.2377
6518 0.2227
6519 0.0795
6520 0.0778
6521 0.1286
6522 0.2103
6523 0.6930
6524 0.3021
6525 0.1658
6526 0.0756
6527 0.2517
6528 0.6052
6529 0.3038
6530 0.1492
6531 0.4827
6532 0.2615
6533 0.9266
6534 0.5952
6535 0.4517
6536 0.1026
6537 0.1152
6538 0.6837
6539 0.1552
6540 0.2193
6541 2.3892
6542 0.9658
6543 1.0914
6544 0.3542
6545 0.3094
6546 0.0901
6547 0.7031
6548 0.1050
6549 0.5549
6550 0.1489
6551 0.2615
6552 0.1295
6553 0.8024
6554 0.3657
6555 1.0830
6556 0.1079
6557 0.1571
6558 0.4741
6559 0.6236
6560 0.1363
6561 0.0823
6562 0.2706
6563 0.8801
6564 0.2777
6565 0.9122
6566 0.3690
6567 0.1074
6568 0.2215
6569 0.2352
6570 0.0800
6571 0.1950
6572 0.3508
6573 0.0848
6574 0.6682
6575 0.1601
6576 0.4486
6577 0.2866
6578 0.6711
6579 0.5088
6580 0.1256
6581 0.0764
6582 0.2858
6583 0.1018
6584 0.1772
6585 0.3819
6586 0.4381
6587 0.1277
6588 1.1566
6589 0.6113
6590 0.4732
6591 0.1047
6592 0.1358
6593 0.0935
6594 0.1880
6595 0.3870
6596 0.1048
6597 0.0956
6598 0.4195
6599 1.3016
6600 0.1930
6601 0.6902
6602 0.4477
6603 0.1375
6604 0.0957
6605 0.1010
6606 0.5697
6607 0.1072
6608 0.2317
6609 0.1356
6610 0.3850
6611 0.5151
6612 0.0857
6613 0.3196
6614 1.1443
6615 0.4974
6616 0.0752
6617 0.3203
6618 0.1428
6619 0.2212
6620 0.1134
6621 0.6298
6622 1.6190
6623 0.1256
6624 0.4053
6625 0.0991
6626 0.3194
6627 0.0878
6628 0.3213
6629 0.2162
6630 0.2829
6631 0.0814
6632 0.1373
6633 0.5180
6634 0.0704
6635 0.1258
6636 0.1546
6637 0.1478
6638 0.8363
6639 1.5442
6640 1.0906
6641 0.1784
6642 0.0798
6643 0.2652
6644 0.7227
6645 0.0895
6646 0.9438
6647 0.2671
6648 0.6892
6649 0.0894
6650 0.2018
6651 0.8795
6652 0.0689
6653 1.2697
6654 0.1162
6655 0.3904
6656 0.1118
6657 0.2452
6658 0.1012
6659 0.7143
6660 0.8181
6661 0.5121
6662 0.4073
6663 0.3525
6664 1.6894
6665 0.3550
6666 0.0845
6667 0.3521
6668 0.5060
6669 0.1050
6670 0.6042
6671 0.2741
6672 0.3566
6673 1.1340
6674 0.1375
6675 0.0937
6676 1.5806
6677 0.3046
6678 0.1493
6679 0.1215
6680 0.0639
6681 0.4923
6682 0.1093
6683 0.3048
6684 0.4434
6685 0.6215
6686 0.1440
6687 0.3099
6688 0.1157
6689 0.3276
6690 0.3321
6691 0.2213
6692 0.8562
6693 0.3748
6694 0.2746
6695 0.3049
6696 0.1537
6697 0.2524
6698 0.1024
6699 0.3398
6700 0.1900
6701 0.2130
6702 0.1017
6703 0.7506
6704 0.3548
6705 0.1159
6706 0.2078
6707 0.1426
6708 0.2985
6709 0.6543
6710 0.1764
6711 0.4389
6712 0.1932
6713 0.1140
6714 0.2942
6715 0.4393
6716 0.1399
6717 0.1328
6718 0.3313
6719 0.1032
6720 0.0934
6721 0.0959
6722 0.8704
6723 0.1897
6724 0.2188
6725 0.3955
6726 0.1401
6727 0.9363
6728 0.3496
6729 0.3599
6730 0.2129
6731 0.1182
6732 0.8402
6733 0.1458
6734 0.2028
6735 0.1861
6736 0.2944
6737 0.2189
6738 0.1291
6739 0.3062
6740 0.4241
6741 0.6585
6742 0.1982
6743 0.4835
6744 0.3589
6745 0.1463
6746 0.5337
6747 0.1706
6748 0.1062
6749 1.4187
6750 1.0921
6751 0.0801
6752 0.0773
6753 0.5090
6754 0.1057
6755 0.5402
6756 0.1446
6757 0.3035
6758 0.0766
6759 0.1056
6760 0.1249
6761 0.0775
6762 0.1122
6763 0.5006
6764 0.7929
6765 0.1366
6766 0.3101
6767 0.1555
6768 0.4006
6769 0.1724
6770 0.0988
6771 2.7560
6772 0.1027
6773 0.5950
6774 0.1974
6775 0.1085
6776 0.1898
6777 0.3507
6778 0.5209
6779 0.2566
6780 0.2479
6781 0.2644
6782 0.8450
6783 0.2985
6784 0.1107
6785 0.5478
6786 0.2306
6787 0.6908
6788 0.1603
6789 0.3632
6790 1.0652
6791 0.2090
6792 0.7735
6793 0.5137
6794 0.0762
6795 0.1014
6796 0.4543
6797 0.2589
6798 0.4774
6799 0.5558
6800 0.6115
6801 0.5863
6802 0.2932
6803 1.5803
6804 0.4137
6805 0.3412
6806 0.3297
6807 0.2101
6808 0.1501
6809 0.0849
6810 1.2075
6811 0.1634
6812 0.4923
6813 0.2883
6814 0.2531
6815 0.0985
6816 0.3497
6817 0.1320
6818 0.8699
6819 0.3254
6820 0.3076
6821 1.7396
6822 0.7522
6823 0.2177
6824 0.3571
6825 0.6753
6826 0.1074
6827 0.3579
6828 0.2483
6829 0.8797
6830 0.3911
6831 0.1514
6832 0.1493
6833 0.0801
6834 0.1170
6835 0.9832
6836 0.3909
6837 0.2111
6838 0.3180
6839 0.5924
6840 0.1484
6841 0.5720
6842 0.2920
6843 0.4202
6844 0.1560
6845 4.8963
6846 0.1423
6847 0.0880
6848 0.1365
6849 0.6794
6850 0.3218
6851 0.1485
6852 2.2187
6853 0.5867
6854 1.3330
6855 0.1201
6856 0.1043
6857 0.5377
6858 0.4149
6859 0.3241
6860 0.5695
6861 0.3051
6862 0.2681
6863 0.1578
6864 0.5237
6865 0.4088
6866 0.4687
6867 0.5749
6868 0.3066
6869 0.3238
6870 0.1221
6871 0.1083
6872 0.4436
6873 0.3945
6874 0.9029
6875 0.1341
6876 0.6196
6877 0.2268
6878 0.5059
6879 0.1671
6880 0.0718
6881 0.1729
6882 0.5463
6883 0.1489
6884 0.3089
6885 0.3564
6886 0.5074
6887 0.4492
6888 0.1424
6889 0.1211
6890 0.2726
6891 0.4617
6892 0.7654
6893 0.4014
6894 0.3003
6895 0.3364
6896 1.3070
6897 0.0791
6898 0.0946
6899 0.3329
6900 0.4305
6901 1.0697
6902 0.1552
6903 0.1257
6904 0.7412
6905 0.0961
6906 0.2745
6907 0.6691
6908 0.8826
6909 0.1705
6910 0.3822
6911 1.0758
6912 0.6067
6913 0.8990
6914 0.2093
6915 0.4031
6916 0.5106
6917 0.1561
6918 0.1583
6919 0.5184
6920 1.1290
6921 0.1037
6922 0.1812
6923 0.0933
6924 0.5932
6925 0.8075
6926 0.1566
6927 0.6756
6928 0.1704
6929 0.1189
6930 1.1421
6931 0.1866
6932 0.5066
6933 0.0951
6934 0.3824
6935 0.1272
6936 2.3238
6937 0.2727
6938 0.1222
6939 0.0954
6940 1.2267
6941 0.1101
6942 0.1014
6943 0.3697
6944 0.2355
6945 0.1035
6946 0.8425
6947 0.2012
6948 0.5176
6949 0.3445
6950 1.3225
6951 0.1040
6952 0.2558
6953 3.7468
6954 0.2551
6955 0.1848
6956 0.4246
6957 0.1793
6958 0.1218
6959 0.3779
6960 1.2426
6961 0.2975
6962 0.3549
6963 0.4626
6964 1.2133
6965 0.5326
6966 0.3889
6967 0.0874
6968 0.6288
6969 2.2487
6970 0.3499
6971 0.1148
6972 0.3431
6973 0.2106
6974 0.1494
6975 0.2141
6976 0.5840
6977 1.0147
6978 0.2063
6979 0.0771
6980 0.4246
6981 0.1470
6982 0.1956
6983 0.0878
6984 0.0976
6985 0.1085
6986 0.2705
6987 0.2195
6988 0.8476
6989 2.6709
6990 0.3047
6991 0.1200
6992 1.0377
6993 0.3534
6994 0.1874
6995 1.1137
6996 0.1293
6997 0.1538
6998 0.4839
6999 1.7952
7000 0.1221
7001 0.0950
7002 0.1224
7003 0.1261
7004 0.6606
7005 0.2641
7006 0.4454
7007 0.4904
7008 0.1345
7009 0.8769
7010 0.4584
7011 0.1242
7012 0.0645
7013 0.1139
7014 0.4228
7015 0.2170
7016 0.1032
7017 0.1575
7018 0.2148
7019 0.4090
7020 0.3406
7021 0.0692
7022 0.3506
7023 0.6174
7024 0.3706
7025 0.0795
7026 0.1304
7027 1.2814
7028 0.1245
7029 0.0926
7030 0.4404
7031 0.4510
7032 0.3201
7033 0.1781
7034 0.2851
7035 1.3788
7036 0.2738
7037 0.2213
7038 0.1235
7039 0.1353
7040 1.1413
7041 0.1294
7042 0.2781
7043 0.0681
7044 0.2855
7045 0.0830
7046 0.8545
7047 0.3229
7048 0.3857
7049 0.2983
7050 0.6157
7051 0.1797
7052 0.3333
7053 0.1630
7054 0.4524
7055 0.1709
7056 0.4006
7057 0.3509
7058 0.4549
7059 0.1978
7060 0.1082
7061 0.1032
7062 0.1559
7063 3.3761
7064 0.3623
7065 0.4637
7066 0.2048
7067 0.3879
7068 0.2198
7069 0.2074
7070 0.1651
7071 0.3087
7072 0.2734
7073 0.6681
7074 0.3422
7075 0.2029
7076 0.4433
7077 0.0771
7078 0.1075
7079 0.4569
7080 0.1322
7081 0.0739
7082 0.2070
7083 0.1320
7084 0.5688
7085 0.2910
7086 0.1280
7087 0.6898
7088 0.2743
7089 0.5117
7090 0.3582
7091 0.1268
7092 0.2161
7093 0.4189
7094 0.0776
7095 2.5996
7096 0.3137
7097 1.0873
7098 0.2615
7099 0.1562
7100 0.0986
7101 0.1163
7102 0.1071
7103 0.7594
7104 0.1407
7105 0.6399
7106 0.3922
7107 0.1060
7108 0.0878
7109 0.1845
7110 0.7169
7111 1.0698
7112 0.4673
7113 0.4092
7114 0.1143
7115 0.6002
7116 0.9037
7117 0.1896
7118 0.6330
7119 0.4262
7120 0.3683
7121 0.3202
7122 0.7003
7123 0.1343
7124 0.4293
7125 0.2333
7126 0.2008
7127 0.2626
7128 0.3858
7129 0.3332
7130 0.1113
7131 0.1888
7132 0.2564
7133 0.1244
7134 0.1671
7135 0.0745
7136 0.1039
7137 0.1180
7138 0.0854
7139 0.1863
7140 0.3482
7141 0.1146
7142 0.5999
7143 0.6435
7144 0.1884
7145 0.0917
7146 0.7124
7147 2.4830
7148 0.1263
7149 0.7418
7150 1.3846
7151 0.1699
7152 0.2893
7153 0.3604
7154 0.5649
7155 0.2889
7156 0.4094
7157 0.5008
7158 0.1311
7159 0.4157
7160 0.2182
7161 0.1012
7162 0.1002
7163 0.3944
7164 1.0548
7165 0.4429
7166 0.3545
7167 0.5478
7168 0.1582
7169 0.0885
7170 0.1303
7171 0.3527
7172 0.2144
7173 0.2094
7174 0.2627
7175 0.3187
7176 0.0738
7177 0.2658
7178 0.0911
7179 1.3992
7180 1.1278
7181 1.2065
7182 0.3261
7183 0.7768
7184 0.2955
7185 0.4666
7186 0.1761
7187 0.3144
7188 0.3254
7189 0.4435
7190 0.2997
7191 0.2498
7192 0.4729
7193 0.4224
7194 0.5754
7195 0.1131
7196 0.2266
7197 0.1244
7198 0.4656
7199 0.0884
7200 0.0718
7201 0.4999
7202 0.0792
7203 0.1663
7204 0.3175
7205 0.2633
7206 0.1422
7207 0.0857
7208 0.2923
7209 0.1242
7210 0.0794
7211 0.4028
7212 0.1404
7213 0.2098
7214 1.0944
7215 0.0879
7216 0.0925
7217 0.3586
7218 0.2043
7219 0.4163
7220 0.1552
7221 1.2545
7222 0.6552
7223 0.3498
7224 0.0989
7225 0.6233
7226 0.1375
7227 0.5281
7228 0.4233
7229 0.3692
7230 1.5321
7231 0.3397
7232 0.1872
7233 0.3292
7234 0.0720
7235 0.1226
7236 0.4766
7237 0.3186
7238 0.7416
7239 0.4136
7240 0.2910
7241 0.1193
7242 0.1430
7243 0.3120
7244 0.1063
7245 0.3099
7246 0.3153
7247 0.1253
7248 0.1122
7249 0.1445
7250 0.3120
7251 0.2479
7252 0.2627
7253 0.2598
7254 0.2011
7255 0.3528
7256 0.4320
7257 0.2249
7258 0.3925
7259 0.3839
7260 0.3587
7261 0.5151
7262 0.1789
7263 0.1345
7264 0.5624
7265 0.4279
7266 0.0949
7267 0.4142
7268 0.1828
7269 0.4999
7270 0.0878
7271 0.0891
7272 0.9338
7273 0.0937
7274 0.6098
7275 0.1312
7276 0.4041
7277 0.1089
7278 1.7349
7279 0.1386
7280 0.3280
7281 0.5872
7282 1.2517
7283 0.1593
7284 0.3511
7285 0.2523
7286 0.2813
7287 0.3599
7288 0.6964
7289 0.2943
7290 0.5357
7291 0.3182
7292 0.0989
7293 0.1348
7294 0.3004
7295 0.1874
7296 0.1114
7297 0.1421
7298 0.1837
7299 0.1227
7300 0.1357
7301 0.1980
7302 0.1276
7303 0.3367
7304 0.0823
7305 1.2373
7306 0.3211
7307 0.4154
7308 0.2552
7309 0.4254
7310 0.2584
7311 0.0992
7312 0.9157
7313 0.1002
7314 0.5715
7315 0.5614
7316 0.1491
7317 0.3622
7318 1.1300
7319 0.1345
7320 0.0801
7321 1.7741
7322 0.0987
7323 0.1679
7324 0.0983
7325 0.1005
7326 0.2734
7327 0.1104
7328 0.5320
7329 0.7514
7330 0.4831
7331 0.6424
7332 0.7966
7333 0.5505
7334 0.2897
7335 0.3224
7336 0.3681
7337 0.2798
7338 0.2219
7339 0.1644
7340 0.1227
7341 0.6570
7342 0.1679
7343 0.2323
7344 0.7616
7345 1.2412
7346 0.1790
7347 0.0839
7348 0.1716
7349 0.1220
7350 0.3250
7351 0.1717
7352 0.3464
7353 0.0877
7354 0.3052
7355 0.1353
7356 0.4768
7357 0.3466
7358 0.2701
7359 0.2088
7360 0.1021
7361 0.0749
7362 2.0124
7363 0.2595
7364 0.1581
7365 0.1912
7366 0.4267
7367 0.1435
7368 0.2270
7369 0.3505
7370 0.2497
7371 0.1935
7372 0.3058
7373 0.1425
7374 0.4395
7375 1.3347
7376 0.3390
7377 0.4483
7378 0.1812
7379 0.1037
7380 0.1590
7381 0.2791
7382 0.1171
7383 0.5392
7384 0.5108
7385 0.2943
7386 1.1261
7387 0.1065
7388 1.1098
7389 0.2100
7390 0.1128
7391 0.7209
7392 0.8995
7393 0.2367
7394 0.3726
7395 0.5147
7396 0.1559
7397 0.0856
7398 0.6809
7399 0.0907
7400 0.1107
7401 0.3207
7402 3.1630
7403 0.1158
7404 0.1376
7405 0.2924
7406 0.2247
7407 0.2320
7408 0.1435
7409 0.1085
7410 0.4108
7411 0.1961
7412 0.1743
7413 0.3329
7414 0.2900
7415 0.8678
7416 0.1086
7417 0.4678
7418 0.2240
7419 0.1718
7420 0.1070
7421 0.2183
7422 0.4727
7423 0.1124
7424 0.3082
7425 0.4446
7426 0.0932
7427 0.4140
7428 0.1533
7429 0.4000
7430 0.5219
7431 0.1140
7432 0.0865
7433 0.7308
7434 0.2081
7435 0.3332
7436 0.3405
7437 0.3554
7438 0.1279
7439 0.5011
7440 0.1962
7441 0.1117
7442 0.5304
7443 0.1065
7444 0.3447
7445 0.2703
7446 0.1167
7447 0.1403
7448 0.2513
7449 0.2161
7450 0.2373
7451 0.7121
7452 0.3318
7453 1.1394
7454 0.0672
7455 1.6078
7456 0.1648
7457 0.2261
7458 0.2406
7459 1.4779
7460 0.1744
7461 0.1007
7462 0.1111
7463 0.1498
7464 0.4356
7465 0.2442
7466 0.7348
7467 0.2413
7468 0.0833
7469 0.1966
7470 0.0889
7471 0.1606
7472 0.4799
7473 0.1203
7474 0.5458
7475 0.3407
7476 0.2393
7477 0.4403
7478 0.2729
7479 0.1742
7480 0.1695
7481 0.3862
7482 0.1328
7483 0.5427
7484 0.4995
7485 0.4444
7486 0.4381
7487 0.5134
7488 0.1025
7489 1.1154
7490 0.1000
7491 0.8672
7492 0.2354
7493 0.1238
7494 0.0989
7495 0.5248
7496 0.4181
7497 0.9112
7498 0.1065
7499 2.5754
7500 0.6923
