3871 0.3158
3872 0.4695
3873 19.9081
3874 1.3553
3875 17.4682
3876 11.2465
3877 20.1300
3878 3.9775
3879 6.3556
3880 33.7994
3881 9.8047
3882 1.7477
3883 0.4947
3884 3.1891
3885 22.5481
3886 7.3687
3887 1.2106
3888 10.1871
3889 5.9079
3890 16.5945
3891 35.6724
3892 10.6071
3893 0.4588
3894 8.1856
3895 6.7834
3896 14.1949
3897 15.7745
3898 17.3690
3899 10.2440
3900 17.3016
3901 1.1572
3902 8.4169
3903 2.0061
3904 1.1419
3905 3.4930
3906 50.1237
3907 21.5493
3908 0.6995
3909 13.4210
3910 7.1918
3911 12.6522
3912 17.0035
3913 32.9303
3914 17.6649
3915 7.5174
3916 0.5980
3917 17.5268
3918 24.8726
3919 21.3480
3920 40.0756
3921 12.0065
3922 14.9580
3923 10.5594
3924   NaN
3925 6.4310
3926 5.5785
3927 2.1567
3928 8.4348
3929 12.4019
3930 4.3548
3931 4.3869
3932 2.5967
3933 37.1958
3934 3.0587
3935 13.6116
3936 21.6939
3937   NaN
3938 2.6320
3939 43.5941
3940 18.8711
3941   NaN
3942 2.0329
3943 1.3695
3944 16.7583
3945 7.5257
3946 1.8478
3947 20.6753
3948 17.4852
3949 24.5296
3950 22.0950
3951 28.6122
3952 9.9735
3953 17.2835
3954 25.3551
3955 25.7946
3956 11.9637
3957 3.7551
3958 6.0915
3959 8.5323
3960 1.0351
3961 7.0266
3962 10.2263
3963 6.4496
3964   NaN
3965 18.2652
3966 22.8637
3967 25.1649
3968 22.3043
3969 12.8964
3970 0.9251
3971 9.7742
3972 2.7101
3973 18.3463
3974 4.1027
3975 17.7441
3976 2.6083
3977 45.5876
3978 59.0438
3979 20.5852
3980 24.5097
3981 54.6599
3982 34.0158
3983 7.5952
3984 25.4216
3985 1.3900
3986 57.3866
3987 23.1574
3988 7.6295
3989 1.3688
3990 1.4688
3991 49.9568
3992   NaN
3993 17.8858
3994 15.6191
3995 24.8790
3996 43.8991
3997 9.4076
3998 42.4742
3999 19.5012
4000 14.0031
4001   NaN
4002 14.4946
4003 19.0601
4004 15.8136
4005 0.7149
4006 16.6421
4007 15.4687
4008 4.1222
4009 18.1169
4010 2.6143
4011 9.3764
4012 1.8042
4013 24.2003
4014 1.6303
4015 12.5633
4016 4.8629
4017 23.5239
4018 31.6062
4019 12.2908
4020 3.6752
4021 9.7506
4022 50.1529
4023 5.7975
4024 5.3566
4025 12.1313
4026 25.8577
4027 27.1240
4028 8.4995
4029 12.4967
4030   NaN
4031 9.6580
4032 8.1647
4033 22.1179
4034 2.7635
4035 1.5606
4036 17.1490
4037 18.5688
4038   NaN
4039 4.3670
4040 8.9943
4041 6.5715
4042 18.9199
4043 5.7957
4044 18.2202
4045 22.8769
4046 4.1240
4047 24.2634
4048 7.8861
4049 3.7979
4050 9.5950
4051 22.3338
4052 10.1560
4053 40.8415
4054 13.3794
4055   NaN
4056 6.1576
4057 29.0515
4058 1.1285
4059 20.7205
4060 33.1627
4061 17.3389
4062 11.7351
4063 1.8102
4064 25.8855
4065 1.5337
4066 4.5977
4067 2.3655
4068 5.5173
4069 10.1734
4070 12.9653
4071 4.3424
4072 19.6553
4073 1.6529
4074 9.0526
4075 15.3286
4076 0.9462
4077 55.2859
4078 5.9946
4079 7.5647
4080 19.4083
4081 11.8288
4082   NaN
4083   NaN
4084 15.9781
4085 19.3929
4086 14.2926
4087 19.8420
4088 22.1134
4089 2.1090
4090 0.9936
4091 6.0841
4092 1.5149
4093 20.7796
4094 2.6930
4095 7.7795
4096 9.4131
4097 7.4692
4098 23.5428
4099 16.4504
4100 26.6475
4101 17.6936
4102 14.0654
4103 21.7030
4104 4.7860
4105 41.9014
4106 1.4843
4107 27.4632
4108 3.6420
4109 6.3534
4110 28.0457
4111 18.8875
4112 16.3960
4113 43.8424
4114 3.2406
4115 31.1510
4116 24.3012
4117 9.6946
4118 12.6743
4119 37.7546
4120 10.9876
4121 4.3234
4122 1.8354
4123 6.4215
4124 0.8223
4125 1.0263
4126 21.9776
4127 6.3774
4128 37.8183
4129 6.9697
4130 44.8995
4131 29.5472
4132 30.4328
4133 3.9973
4134 0.9437
4135 6.9108
4136 41.0187
4137 36.8163
4138 8.0334
4139 3.4138
4140 6.2987
4141 26.4424
4142   NaN
4143 21.3572
4144 36.7519
4145 27.2067
4146 2.4404
4147 29.3757
4148 3.6587
4149 13.8117
4150 23.0905
4151 0.6703
4152 12.5200
4153 2.3892
4154 1.1610
4155 0.8887
4156 5.5907
4157 35.3028
4158 38.1899
4159 15.2884
4160 21.8729
4161 24.6396
4162 1.0715
4163 2.6411
4164 3.4880
4165 1.5344
4166 11.1225
4167 11.3653
4168 2.6553
4169 21.6221
4170 44.3393
4171 2.3969
4172 4.1967
4173 2.3801
4174 31.7798
4175 14.1216
4176 21.3977
4177 0.7288
4178 34.4104
4179 0.5034
4180 5.9736
4181 41.8740
4182 1.8520
4183 17.8772
4184 6.1672
4185 3.8154
4186 1.9631
4187 35.6450
4188 34.1006
4189 0.6694
4190 54.4225
4191 15.4033
4192 18.2340
4193   NaN
4194   NaN
4195 14.7361
4196 2.6595
4197 10.6367
4198 2.1327
4199 17.7624
4200 4.6673
4201   NaN
4202 1.5973
4203 3.9256
4204 20.8432
4205 10.9628
4206 7.8321
4207   NaN
4208 6.6125
4209 19.8910
4210 15.1933
4211 2.6751
4212 3.7631
4213 30.2059
4214 15.6963
4215 39.8591
4216 0.6703
4217 15.1044
4218 7.6239
4219 11.8638
4220 18.7418
4221 4.5734
4222 3.3089
4223 5.4398
4224 7.3414
4225 4.7052
4226 10.3620
4227 4.2211
4228 27.6525
4229   NaN
4230 2.0102
4231 45.3043
4232 13.4946
4233 9.6269
4234 2.4075
4235 9.8025
4236 0.9796
4237 22.2728
4238 25.1910
4239 15.3190
4240 4.9102
4241 9.1115
4242 38.8021
4243 30.4429
4244 49.0424
4245 3.1868
4246 4.3791
4247 1.9123
4248 1.5681
4249 25.6210
4250 23.2143
4251 32.6113
4252 6.5856
4253 3.1264
4254 21.1261
4255 7.9789
4256 20.7531
4257 2.1229
4258 7.3157
4259 39.0479
4260 29.4445
4261 5.5085
4262 27.8957
4263 37.5045
4264 0.1853
4265 1.2466
4266 17.9892
4267 2.0804
4268 1.9898
4269 30.1477
4270 9.9956
4271 0.3688
4272 1.8273
4273 21.1254
4274 10.0875
4275 14.9421
4276 22.9514
4277 30.9013
4278 5.1957
4279 1.5008
4280 55.1560
4281 3.6774
4282 10.9636
4283 11.6045
4284 5.3657
4285 8.4237
4286 18.3350
4287 10.7349
4288 1.8552
4289 15.2391
4290 28.1023
4291 2.8147
4292 16.4093
4293 36.7120
4294 6.1529
4295 18.8501
4296   NaN
4297 12.1830
4298 20.3758
4299 16.5552
4300 19.1857
4301 5.4251
4302 19.5795
4303 6.2849
4304 6.1610
4305 1.6778
4306 0.9993
4307 1.5830
4308 2.2179
4309 9.4945
4310 1.3916
4311 6.3469
4312 3.6388
4313 6.9695
4314 20.1909
4315 2.0485
4316 13.1680
4317 7.8882
4318 7.0241
4319 9.1903
4320 7.4312
4321 6.2700
4322 11.0558
4323 1.4602
4324 15.6314
4325 3.1179
4326 4.3175
4327 8.7152
4328 3.1267
4329 16.9296
4330 9.7968
4331 6.8426
4332 17.0493
4333 4.3200
4334 3.0545
4335 4.5277
4336 6.2781
4337 21.3087
4338 12.4243
4339 3.6204
4340 35.3593
4341 2.8624
4342 2.4700
4343 42.3637
4344 5.3939
4345 1.9081
4346 5.4595
4347 3.7444
4348 8.4523
4349   NaN
4350 20.8570
4351   NaN
4352 3.5245
4353 17.4024
4354 29.5318
4355 1.0855
4356 12.7568
4357 11.9467
4358 15.9943
4359 4.6344
4360 33.9953
4361   NaN
4362 21.1574
4363 31.3361
4364 7.7263
4365   NaN
4366 32.1075
4367 19.5030
4368 9.1171
4369 50.1888
4370 20.2292
4371 13.6453
4372 2.3237
4373 7.8222
4374 12.0022
4375 63.0840
4376 3.6224
4377 17.4882
4378 39.0873
4379 17.4312
4380 2.3240
4381 5.7351
4382 9.2975
4383 17.9714
4384 5.5627
4385 17.4218
4386 16.9080
4387 42.9003
4388 1.1180
4389 2.7409
4390 37.2711
4391 0.5001
4392 29.7735
4393 14.0959
4394 2.7475
4395 11.2702
4396 18.9700
4397 6.4772
4398 7.8959
4399 21.8519
4400 6.8109
4401   NaN
4402   NaN
4403 2.3087
4404 16.3094
4405 22.0900
4406 0.8331
4407 0.9140
4408 20.6152
4409 7.3124
4410 33.9639
4411 30.5795
4412 12.9263
4413 22.3273
4414 17.3859
4415 21.5302
4416 3.9274
4417 21.3299
4418 0.6630
4419 0.8899
4420 26.0673
4421 30.2525
4422 28.7893
4423 20.8564
4424 10.6677
4425 1.3888
4426 36.4474
4427 16.1608
4428 6.4317
4429 3.1629
4430 22.0445
4431 3.1286
4432 3.9314
4433 62.0738
4434 1.6873
4435 15.0606
4436 2.1118
4437 22.3505
4438 23.7795
4439 0.4393
4440 16.2027
4441 0.5514
4442 19.3643
4443   NaN
4444 40.8216
4445 7.8848
4446 17.0574
4447 11.8231
4448 8.2278
4449 1.3588
4450 4.6416
4451 3.8159
4452 8.8705
4453 15.9619
4454   NaN
4455 2.0721
4456 16.9123
4457 30.0584
4458 10.3885
4459 2.3858
4460 0.2483
4461 29.6435
4462 22.0253
4463 15.1702
4464 27.5162
4465   NaN
4466 14.8844
4467 14.3596
4468 14.5060
4469 4.6684
4470 15.3464
4471 0.8997
4472 2.4922
4473   NaN
4474 15.9917
4475 21.1947
4476 17.9558
4477 5.8700
4478 3.6813
4479 40.7243
4480 27.6337
4481 12.2325
4482 5.4294
4483 3.6292
4484 5.5609
4485 4.3549
4486 69.3612
4487 1.9245
4488 0.7100
4489 25.8590
4490 16.0167
4491 5.1066
4492 7.6619
4493 4.9269
4494 42.5927
4495 19.2675
4496 16.7631
4497 6.7519
4498 47.9617
4499 5.3743
4500 23.9348
4501 13.2118
4502 7.6476
4503 15.2987
4504 8.2384
4505 34.4950
4506 16.3922
4507 23.9675
4508 1.5931
4509 1.0992
4510 21.8499
4511 26.2812
4512 16.1155
4513 36.1835
4514 9.5386
4515 28.8716
4516 7.1982
4517 4.2870
4518 60.0458
4519 13.8965
4520 22.0611
4521 5.0042
4522 2.7427
4523 15.2203
4524 13.7413
4525 5.3568
4526 40.0733
4527 20.1894
4528 6.2921
4529 5.6731
4530 2.3465
4531 24.8025
4532 19.9202
4533 2.0148
4534 4.9098
4535   NaN
4536 3.4937
4537 8.8661
4538 20.1445
4539 7.5569
4540 1.7219
4541 6.4052
4542 23.0526
4543 4.2785
4544 20.5603
4545 34.2568
4546 19.9931
4547 1.1591
4548 3.0783
4549 14.2900
4550 10.6505
4551 10.8961
4552 13.3697
4553 49.1659
4554 0.9236
4555 5.9780
4556 20.2027
4557 31.6642
4558 11.0974
4559 10.3087
4560 9.7061
4561 5.8428
4562 7.0829
4563 16.3771
4564 12.3123
4565 35.8062
4566 8.8463
4567 11.3940
4568 4.1619
4569 12.3719
4570   NaN
4571 3.5950
4572 25.8815
4573 8.0272
4574 17.2159
4575 18.1299
4576 2.3446
4577 2.5295
4578 0.8507
4579 6.6778
4580 41.6205
4581 3.7380
4582 20.4033
4583 2.5500
4584 23.2601
4585   NaN
4586 21.3798
4587 1.3404
4588 38.2703
4589 13.8236
4590 9.4188
4591 2.5757
4592 16.9427
4593 2.8248
4594 43.9419
4595 4.2204
4596 32.9459
4597 44.2433
4598 19.1513
4599 6.0091
4600 21.5999
4601 8.1363
4602 36.0379
4603 29.2919
4604 41.4752
4605 33.0720
4606 28.1556
4607 11.6397
4608 23.1272
4609 10.5528
4610 2.3271
4611 6.8234
4612 6.4265
4613 5.2421
4614   NaN
4615 15.7341
4616 14.4772
4617 14.0465
4618   NaN
4619 3.9935
4620 8.9172
4621 10.1489
4622 20.6388
4623 8.5655
4624 4.9392
4625 19.1040
4626 12.1309
4627 17.8251
4628 9.9028
4629 0.4896
4630 17.7953
4631 25.4513
4632   NaN
4633 8.6378
4634 8.2572
4635   NaN
4636 8.4834
4637 16.1957
4638 15.7329
4639 16.3522
4640   NaN
4641   NaN
4642 24.5156
4643 4.1351
4644 13.3882
4645 6.6013
4646 20.9694
4647 0.7900
4648   NaN
4649 9.5187
4650 0.8163
4651 12.2381
4652 5.6299
4653 22.4901
4654 19.2764
4655 7.7835
4656 51.0815
4657 1.7966
4658 4.4520
4659 1.9806
4660 17.1399
4661 12.8625
4662   NaN
4663 18.3971
4664 17.4510
4665 1.1969
4666 2.7278
4667 3.0954
4668 18.4267
4669 32.5031
4670 14.8558
4671 0.7761
4672 2.7363
4673 1.8480
4674 1.6608
4675 7.2682
4676 0.9004
4677 28.0813
4678 26.4238
4679 15.7849
4680 8.2584
4681 24.7969
4682 19.0619
4683 17.6741
4684 19.5415
4685 5.9341
4686 19.3392
4687 21.0556
4688 44.3068
4689 14.5969
4690 2.1060
4691 2.3556
4692 0.7892
4693 20.7523
4694 2.5181
4695 1.2694
4696 3.1352
4697 3.2256
4698 1.4321
4699 21.8798
4700 1.1268
4701   NaN
4702 9.4183
4703 8.6649
4704 20.1223
4705 15.5078
4706 6.4878
4707 22.0731
4708 15.5074
4709 6.1204
4710 2.2042
4711 11.8933
4712 5.5576
4713 7.9439
4714 10.3804
4715 3.5974
4716 1.8176
4717 34.6554
4718 20.8683
4719 56.7428
4720 3.3832
4721 38.9415
4722 7.4708
4723 25.2717
4724 7.3871
4725 0.7256
4726 1.4709
4727 33.4415
4728 10.2547
4729 43.5204
4730 10.9680
4731 1.8624
4732 13.2524
4733 3.8265
4734 2.6897
4735 26.7632
4736 4.5457
4737 16.9066
4738   NaN
4739 12.5889
4740 37.8967
4741 20.9006
4742 23.8337
4743 13.5899
4744 15.5719
4745 15.1824
4746 9.8144
4747 18.7699
4748 9.5967
4749 7.7144
4750 18.7042
4751 8.6126
4752 9.2901
4753 6.2169
4754 6.9335
4755 11.4637
4756 0.4825
4757 10.9467
4758 4.5802
4759 21.2450
4760 17.8876
4761 2.6766
4762 6.8711
4763   NaN
4764 53.5528
4765 0.6014
4766 11.9563
4767 7.9413
4768 36.8391
4769 6.9507
4770 31.7024
4771 1.7251
4772 15.1904
4773 14.0207
4774 1.4685
4775 27.9758
4776 4.9798
4777 4.2677
4778 35.1233
4779 21.2291
4780 4.7694
4781 9.6361
4782 3.6032
4783 38.6778
4784 3.4835
4785 2.0731
4786 5.1239
4787 15.2780
4788 18.3980
4789 6.6373
4790 3.9569
4791 20.3498
4792 13.5282
4793 18.1683
4794 0.9176
4795 12.3568
4796 37.8548
4797 3.3118
4798 4.6359
4799   NaN
4800 0.8271
4801 21.8523
4802 24.9368
4803 10.0761
4804 23.4366
4805 32.4303
4806 9.2891
4807 2.3085
4808 7.8774
4809 8.5463
4810 12.4125
4811 11.5444
4812 3.5784
4813 12.0985
4814 38.4837
4815 9.0712
4816 12.9796
4817 1.7557
4818 7.6218
4819 2.9053
4820 17.3472
4821 2.5526
4822 15.7406
4823 0.3389
4824 14.0432
4825 3.1773
4826 19.8510
4827 1.9319
4828 5.6266
4829 1.9731
4830 7.5818
4831 15.2918
4832 29.6215
4833 49.8514
4834 0.7889
4835 2.6926
4836 14.3662
4837 10.1742
4838 5.7867
4839 6.5544
4840 3.7655
4841   NaN
4842 7.2512
4843   NaN
4844 35.7358
4845 10.0952
4846 27.2094
4847 0.9324
4848 14.0166
4849 1.6764
4850 3.5143
4851 11.6906
4852 5.7711
4853 3.2223
4854 36.1804
4855 15.6664
4856 11.2559
4857 3.3906
4858 0.4822
4859 23.0219
4860 11.6471
4861 2.3303
4862 5.0672
4863 3.5008
4864 17.8221
4865 18.5982
4866 5.0928
4867 1.3110
4868 36.2278
4869 27.3677
4870   NaN
4871 22.5943
4872 32.2190
4873 1.2340
4874 38.4213
4875 20.3056
4876 39.9368
4877 5.4922
4878 5.8937
4879 9.3389
4880 8.8742
4881 4.4458
4882 2.6441
4883 23.1070
4884 18.5742
4885 2.5729
4886 2.5311
4887 4.1112
4888 32.4818
4889 18.6794
4890 49.4581
4891 21.5095
4892 17.8306
4893 1.7254
4894 9.8457
4895 5.1784
4896 4.9224
4897 41.5062
4898 16.0848
4899 0.1297
4900 21.7075
4901 14.7596
4902 19.1597
4903 19.9134
4904 14.1758
4905 21.0787
4906 0.9787
4907 38.5576
4908 0.3435
4909 23.2227
4910 4.5147
4911 29.2025
4912 20.7303
4913 10.0152
4914 65.3336
4915 6.6063
4916 5.2410
4917 13.4061
4918 6.6665
4919 11.2059
4920 15.6469
4921 22.4000
4922 43.0294
4923 2.5816
4924 7.9900
4925 1.7426
4926 7.0456
4927 18.5151
4928 23.6199
4929 13.9567
4930 26.3406
4931 0.5749
4932 1.9558
4933 3.8029
4934 20.6729
4935 37.0818
4936 0.7981
4937 5.4956
4938   NaN
4939 9.8869
4940 15.6208
4941 2.1116
4942 12.6611
4943 44.1131
4944 23.0095
4945 10.6651
4946 6.5277
4947 31.9672
4948 18.4951
4949 12.4845
4950 2.8902
4951 28.9547
4952 8.4735
4953 49.5235
4954 0.9354
4955 11.2140
4956 1.6764
4957 0.3328
4958 16.7071
4959 24.3175
4960 23.3831
4961 4.3475
4962 27.1961
4963 3.1003
4964 34.3780
4965 34.6772
4966 17.6366
4967 9.0746
4968 36.5144
4969 24.1489
4970 3.2629
4971 13.6572
4972 19.3940
4973 4.8780
4974   NaN
4975 8.4230
4976   NaN
4977 17.3942
4978 2.8573
4979 13.3630
4980 44.1267
4981 33.6551
4982 4.3413
4983 17.5970
4984 17.9644
4985 23.4413
4986 22.5295
4987 18.3554
4988 8.8209
4989 15.1943
4990 0.8859
4991 7.9241
4992 2.0634
4993 37.8740
4994 1.2243
4995 12.7742
4996 18.6488
4997 9.9944
4998 8.8743
4999 2.8156
5000 26.1775
5001 14.0597
5002 12.7748
5003 24.1494
5004 52.6059
5005 17.7132
5006 17.0325
5007 5.5367
5008 15.7130
5009 8.9609
5010 5.6511
5011 3.3345
5012 10.6991
5013 7.9652
5014 6.4640
5015   NaN
5016 5.9738
5017 28.5305
5018 3.4706
5019   NaN
5020 2.4450
5021 5.2009
5022 14.4687
5023 9.5017
5024 39.3503
5025 3.6126
5026 16.3457
5027 10.2724
5028 26.2196
5029 12.7753
5030 10.0443
5031 1.5581
5032 17.0980
5033 15.8430
5034 7.1467
5035 21.0651
5036 62.5914
5037 19.7467
5038 20.7965
5039 0.5494
5040 3.8308
5041 22.8268
5042 6.7443
5043 30.9035
5044 19.7867
5045 22.6554
5046 18.8398
5047 33.1443
5048 6.4688
5049 1.1224
5050 19.3905
5051 3.6995
5052 4.0149
5053 4.1380
5054 18.8714
5055 4.0055
5056 3.5605
5057 21.9940
5058 5.2986
5059 2.4759
5060 4.5359
5061 4.5217
5062 9.3252
5063 4.4318
5064 25.7175
5065 19.4223
5066 24.6255
5067 5.5205
5068 2.9481
5069 3.8174
5070 5.1228
5071 3.6937
5072   NaN
5073 13.1354
5074 2.1857
5075 17.9128
5076 9.2306
5077 3.6200
5078 0.6855
5079 0.4170
5080 2.6619
5081 21.0790
5082 27.2299
5083 51.5021
5084   NaN
5085 37.0144
5086 15.4422
5087 1.3535
5088 0.5008
5089 5.5315
5090 10.7079
5091 24.5217
5092 19.9173
5093 0.5447
5094 38.2890
5095 1.6161
5096 1.1137
5097 17.6784
5098 6.7055
5099 14.1059
5100 27.8311
5101 19.7850
5102 23.8064
5103 5.3812
5104 10.3940
5105 32.0954
5106 16.2248
5107 3.9080
5108 37.7903
5109 10.8668
5110 29.4317
5111 1.1160
5112 35.6648
5113 24.3018
5114 3.5706
5115 3.1940
5116 1.4455
5117   NaN
5118 1.0638
5119 19.0567
5120 8.2318
5121 4.7091
5122 1.6795
5123 4.1364
5124 7.9699
5125 17.2620
5126 3.3345
5127 4.5306
5128 16.9121
5129 9.8585
5130 6.0025
5131 22.6879
5132 21.9532
5133 6.8453
5134 5.0569
5135 16.5040
5136 0.2682
5137 15.9035
5138 16.5560
5139 25.4683
5140 4.1855
5141 0.9815
5142 9.3976
5143 2.1780
5144 5.0909
5145 41.6602
5146 26.0197
5147 20.7390
5148 5.4937
5149 8.1108
5150   NaN
5151 2.9432
5152 13.6205
5153 23.3273
5154 8.1666
5155 11.7485
5156 4.7712
5157 8.3834
5158 2.4161
5159 1.9541
5160 20.1445
5161 17.1645
5162 1.5696
5163 3.1310
5164 4.7206
5165 5.2880
5166 13.7881
5167 38.8596
5168   NaN
5169 13.8500
5170 58.0540
5171 3.5471
5172 13.1143
5173 3.2063
5174 16.0955
5175 27.4832
5176 19.1573
5177   NaN
5178 11.4593
5179 18.6592
5180 8.4040
5181 3.9600
5182 1.4793
5183 25.6805
5184 8.3312
5185   NaN
5186   NaN
5187 8.0938
5188 4.1428
5189 13.2091
5190 22.5528
5191 16.9619
5192 21.4223
5193 8.5788
5194 21.1195
5195 4.5258
5196 10.1740
5197 9.0515
5198 7.8374
5199 5.3344
5200   NaN
5201 1.1444
5202 0.4728
5203 17.0799
5204 21.4681
5205 19.0860
5206 6.4085
5207 16.7022
5208   NaN
5209   NaN
5210 15.9039
5211 5.6426
5212 14.1741
5213 20.6525
5214 30.0567
5215 18.1045
5216 2.3786
5217 38.3843
5218 14.2136
5219 17.1430
5220 55.4507
5221 23.4991
5222 0.8681
5223 25.9667
5224 2.0745
5225 10.7753
5226 12.2252
5227 15.4596
5228 33.1199
5229 5.0120
5230 1.5353
5231 9.0230
5232 3.3585
5233 46.3603
5234 2.7392
5235 18.2306
5236 3.0872
5237 12.7534
5238 22.7980
5239 10.3600
5240 21.2344
5241 1.7001
5242 29.8162
5243 24.1390
5244 2.5346
5245 20.4604
5246 19.5054
5247 20.8901
5248 23.9367
5249 35.4940
5250 23.5815
5251 16.4856
5252 0.2986
5253 3.4054
5254 17.3688
5255 1.6622
5256 19.7163
5257 23.7925
5258 9.9958
5259 3.8158
5260 9.7319
5261 39.8062
5262 23.3469
5263 16.9317
5264 9.2598
5265 6.0122
5266 10.2957
5267 9.0273
5268 2.5894
5269 1.3360
5270 6.9428
5271 21.3315
5272 12.6136
5273 9.6159
5274 10.8333
5275 2.9041
5276 15.9216
5277 25.7019
5278 18.4814
5279 14.4236
5280 42.6194
5281 0.6443
5282 24.0424
5283 17.9862
5284 2.0329
5285 1.9186
5286 9.4426
5287 2.9570
5288 12.4198
5289 24.2587
5290 2.6482
5291 14.3201
5292 24.1856
5293   NaN
5294 23.7135
5295 12.7014
5296 35.2715
5297 3.3531
5298 23.4408
5299 6.4051
5300 1.7540
5301 37.4838
5302 12.6475
5303 3.6253
5304 6.8466
5305 11.9586
5306 12.9482
5307 24.3060
5308 7.4723
5309 4.0946
5310 3.1113
5311 0.7608
5312 1.0015
5313 31.3156
5314 1.0087
5315 0.8240
5316 11.0649
5317 21.6866
5318 10.0782
5319 30.1541
5320 1.7534
5321 1.9013
5322 9.6479
5323 21.5404
5324 1.7124
5325 13.6276
5326 20.5938
5327 21.4536
5328 12.8751
5329 0.9416
5330 15.7121
5331 3.9105
5332 14.0863
5333 1.5625
5334 37.6265
5335 8.6306
5336 3.1978
5337 23.3255
5338 2.3715
5339 9.6368
5340 4.5944
5341 2.6833
5342 20.8429
5343 1.4292
5344 24.5573
5345 11.1837
5346 59.4841
5347 6.2454
5348 19.6731
5349 7.0782
5350 0.6090
5351 5.0431
5352 1.0168
5353 20.5174
5354 45.3773
5355 9.9932
5356 4.2820
5357 2.5765
5358 4.0591
5359 20.1719
5360 18.7462
5361 34.3588
5362 14.6332
5363 7.0732
5364 28.4921
5365 12.6087
5366 18.0395
5367 19.5350
5368 11.0961
5369 27.9828
5370 23.3378
5371 1.2150
5372 15.2758
5373 16.9894
5374 2.0757
5375 14.8530
5376 14.3183
5377 17.9722
5378 1.5534
5379 1.9598
5380 47.5941
5381 34.0879
5382 36.0615
5383 36.1935
5384   NaN
5385 1.8134
5386 38.2653
5387 7.0914
5388 3.9143
5389 4.1403
5390 22.1716
5391 3.8655
5392 12.3365
5393 5.2073
5394 16.4120
5395 7.4038
5396 14.2994
5397 28.2426
5398 2.3942
5399 13.6341
5400 9.1269
5401 24.2167
5402 22.9887
5403 13.7633
5404 25.5895
5405 20.8672
5406 3.6450
5407 9.1152
5408 39.2467
5409 1.1952
5410 18.7993
5411 15.2200
5412 9.9043
5413 5.8855
5414 10.6016
5415 9.7477
5416 25.9313
5417 1.6154
5418 3.3531
5419 7.2878
5420 0.8678
5421 19.2440
5422   NaN
5423 7.2653
5424 5.3861
5425 2.1803
5426   NaN
5427 29.0913
5428 14.0304
5429 9.7233
5430 5.7068
5431 20.4634
5432 3.7593
5433 26.0952
5434 19.5953
5435 6.7548
5436 20.8317
5437 10.3391
5438 16.2640
5439 8.7513
5440 12.0343
5441 0.4283
5442 14.5657
5443 9.3884
5444 34.2242
5445 6.1215
5446 4.3012
5447 5.0822
5448 4.2455
5449 14.7299
5450 19.0161
5451 17.5731
5452 6.1229
5453 3.9570
5454 1.6612
5455 15.6797
5456 34.9540
5457 0.8103
5458 3.5240
5459 20.6626
5460 22.2543
5461 4.8359
5462 7.2253
5463 9.4724
5464 3.7738
5465 4.2386
5466 6.1322
5467 25.0886
5468 7.6814
5469 24.5369
5470 6.9366
5471 14.1819
5472 26.7933
5473 18.6921
5474 19.2885
5475 1.2594
5476 20.0950
5477 32.6030
5478 1.9895
5479 9.8799
5480 8.1361
5481 1.3306
5482 15.0280
5483 14.0499
5484 11.5633
5485 1.4715
5486 3.3149
5487 2.4130
5488 4.8077
5489 24.0926
5490 6.5387
5491 16.9109
5492 1.8354
5493 19.4321
5494 1.8949
5495 6.8575
5496   NaN
5497 8.6010
5498 16.1976
5499 2.9753
5500 7.7113
5501 41.4586
5502 3.0236
5503 24.3689
5504 30.2867
5505 32.5590
5506 65.5990
5507 13.4418
5508 0.2436
5509 26.9491
5510 2.7912
5511 15.6808
5512 25.6981
5513 26.3716
5514 2.0039
5515 6.2865
5516 13.5985
5517 11.0351
5518 15.6152
5519 4.2269
5520 1.1934
5521 0.9798
5522 1.7624
5523 3.8908
5524 21.1892
5525   NaN
5526 7.9943
5527 23.1368
5528 41.8579
5529 3.3667
5530 21.6481
5531   NaN
5532 30.9710
5533 0.5389
5534 9.4549
5535 2.1100
5536 3.6737
5537   NaN
5538 3.4988
5539 8.6285
5540 26.1126
5541 33.4703
5542 13.2419
5543 4.5626
5544 26.8575
5545 28.0022
5546 27.0645
5547 25.5406
5548 4.8827
5549 1.7990
5550   NaN
5551 6.6953
5552 5.7852
5553 14.1243
5554 26.6084
5555 46.8311
5556 2.4816
5557 22.3442
5558 12.3775
5559 8.5743
5560 41.3626
5561 24.0972
5562 10.1651
5563 17.1271
5564 13.2750
5565 31.0078
5566 0.9759
5567 3.0105
5568 45.5201
5569 41.4122
5570 8.3158
5571 22.0954
5572 2.3069
5573 23.6090
5574 5.2461
5575 5.7965
5576 7.4921
5577 36.0216
5578 13.7063
5579 16.1212
5580 18.9980
5581 1.0441
5582 12.6063
5583 47.6147
5584 16.1168
5585 22.0325
5586 15.9149
5587 2.7041
5588 0.9217
5589 19.5757
5590 9.9589
5591 24.8429
5592 21.2764
5593 9.9043
5594 4.8842
5595 22.4722
5596 1.7377
5597 0.9499
5598 25.3541
5599 17.0555
5600 29.9845
5601 4.7231
5602 3.5256
5603 7.1258
5604 15.4707
5605 1.3363
5606 21.0583
5607   NaN
5608 20.2615
5609 17.8209
5610 25.4085
5611 0.3263
5612 1.5109
5613 14.7852
5614 2.7189
5615 6.4323
5616 2.6927
5617 14.8737
5618 8.6108
5619 7.9584
5620 6.4086
5621 16.8500
5622 4.4457
5623 6.3906
5624 16.5938
5625 1.6733
5626 22.9971
5627 4.7689
5628 3.4244
5629 4.1579
5630 3.9715
5631 18.3036
5632 6.0258
5633 0.9142
5634 5.9927
5635 9.9640
5636 2.3206
5637 35.7423
5638 11.6638
5639 17.5413
5640 20.8035
5641 0.7965
5642 3.3246
5643 31.5594
5644 16.7744
5645 37.7827
5646 9.8578
5647 24.3263
5648 10.8825
5649   NaN
5650 22.1686
5651 3.5530
5652 14.5687
5653 14.3516
5654 10.5576
5655 21.7660
5656 1.3222
5657 19.3998
5658 25.5674
5659 0.7710
5660 34.5080
5661 1.3607
5662 2.1043
5663 40.4246
5664 2.2003
5665 26.2902
5666 21.2545
5667 0.4838
5668   NaN
5669 25.0512
5670 41.6999
5671 12.6293
5672 1.2088
5673 16.1227
5674 15.7153
5675 6.5338
5676 21.5737
5677 17.1303
5678 10.8959
5679 24.1491
5680 22.5500
5681 6.8655
5682 4.5244
5683 24.4395
5684 27.9213
5685 1.3716
5686 12.4827
5687 34.6387
5688 4.8080
5689 10.9550
5690 0.7901
5691 29.0320
5692 3.5491
5693 6.4347
5694 22.8928
5695 10.8802
5696 12.7124
5697 5.3900
5698 23.9729
5699 4.1086
5700 22.7361
5701 70.0217
5702   NaN
5703 14.9596
5704 1.3245
5705 2.9677
5706 17.5146
5707 31.9488
5708 12.2367
5709 20.8976
5710 3.8340
5711 5.7708
5712 19.5302
5713 22.1215
5714 12.8944
5715 13.4817
5716 12.3729
5717 16.0744
5718 46.0801
5719 3.1792
5720 2.4676
5721 29.0588
5722 20.7238
5723 3.6493
5724 10.0138
5725 1.3757
5726 3.8472
5727 6.3576
5728 5.2314
5729 20.6537
5730 31.3502
5731 1.8258
5732 21.1833
5733 23.7348
5734 4.0897
5735 3.1912
5736 21.8001
5737 1.7400
5738 12.1090
5739 0.9799
5740 27.6583
5741 18.2697
5742 7.9179
5743 19.0430
5744 1.5006
5745 0.4643
5746 12.4023
5747   NaN
5748 2.5220
5749 2.3384
5750 1.5249
5751 27.4477
5752 16.0461
5753 11.1138
5754 6.8540
5755 4.7541
5756 8.8641
5757 4.0276
5758 1.8851
5759 48.2949
5760 34.8978
5761 2.0686
5762 11.1637
5763 27.7036
5764 21.1547
5765 9.2243
5766 14.9589
5767 28.4417
5768 45.6737
5769 42.3384
5770 2.2450
5771 1.5937
5772 7.3545
5773 26.3323
5774 23.3222
5775 8.4610
5776 4.0942
5777 1.5479
5778 22.2458
5779 1.0337
5780 1.9278
5781 12.6269
5782 2.9982
5783 22.7640
5784 3.7005
5785 7.0448
5786 1.8250
5787 5.8610
5788 1.9752
5789 38.4596
5790 2.6915
5791 12.8375
5792 38.0038
5793 3.1528
5794 21.9140
5795 2.8330
5796 21.7150
5797 11.1609
5798   NaN
5799 2.1512
5800 6.1749
5801 18.0248
5802 29.5203
5803 19.5325
5804 2.8385
5805 6.5043
5806 2.1302
5807 1.7325
5808 5.1559
5809 53.6950
5810 4.3447
5811 8.1279
5812   NaN
5813 18.5875
5814 10.7014
5815 3.3906
5816 21.8388
5817 19.5712
5818 15.2789
5819 2.7731
5820 20.9829
5821 6.9452
5822 17.5664
5823   NaN
5824 10.4972
5825 2.1785
5826 3.8772
5827 35.9164
5828 3.3636
5829 10.4474
5830 29.8468
5831 18.0345
5832 9.9187
5833 6.7977
5834 4.3435
5835 18.0910
5836 6.8422
5837 30.1727
5838 35.7204
5839 1.6975
5840 8.8741
5841 2.3032
5842 3.1051
5843 2.6004
5844 14.4595
5845 3.5668
5846 13.2979
5847 1.1514
5848 17.2288
5849 1.2396
5850 7.9547
5851   NaN
5852 27.3408
5853 5.8585
5854 24.8518
5855 2.0990
5856 0.6494
5857 17.2681
5858 1.8587
5859 3.6275
5860 15.4677
5861 19.2316
5862 18.2991
5863 14.5978
5864 33.2016
5865 12.9162
5866 17.9203
5867 23.3291
5868 2.1744
5869 2.4732
5870 6.2360
5871 1.2972
5872 47.8932
5873 3.7288
5874 3.3580
5875 33.3993
5876 34.3400
5877 3.5545
5878 19.4698
5879 21.4039
5880 3.7828
5881 5.7323
5882 1.7530
5883 1.9940
5884 20.3963
5885 23.8044
5886 52.0728
5887 9.0091
5888 16.3889
5889   NaN
5890 50.7555
5891 22.4536
5892 18.2050
5893 2.2115
5894 0.7710
5895 8.4236
5896 3.2185
5897 15.0927
5898 19.3398
5899 47.3123
5900 11.7188
5901 2.2093
5902 7.7734
5903 0.0930
5904 16.4352
5905 2.4017
5906 4.4197
5907 15.0714
5908 2.6453
5909   NaN
5910 25.3838
5911 23.6726
5912 14.7167
5913 3.0228
5914 22.9342
5915 9.6476
5916 8.6674
5917 22.2049
5918 2.4168
5919 11.4029
5920 2.2089
5921 20.0851
5922 1.3397
5923 24.8400
5924 5.3067
5925 14.2137
5926 5.6091
5927 17.8862
5928 3.7278
5929 34.8853
5930 25.2592
5931 0.5971
5932 28.9404
5933 16.1096
5934 2.8521
5935 17.4077
5936 18.3680
5937 2.2791
5938 1.6430
5939   NaN
5940 13.5731
5941 17.6668
5942 5.3380
5943 9.6002
5944 12.5981
5945 22.7362
5946 1.8835
5947 23.7642
5948 3.3950
5949 8.1783
5950 1.2853
5951 21.9312
5952 5.3999
5953 18.7736
5954 10.7269
5955 9.7152
5956 6.2174
5957 25.9565
5958 2.6363
5959 12.6241
5960   NaN
5961 12.5978
5962 35.6724
5963 4.7628
5964 3.7619
5965 11.2178
5966   NaN
5967 1.5755
5968 14.8172
5969 6.7826
5970 1.4366
5971 35.6144
5972 4.0432
5973 0.3939
5974 3.7714
5975 14.6064
5976 9.3615
5977 1.0130
5978 8.2007
5979 6.7816
5980 16.2457
5981 6.9111
5982 1.2975
5983 6.0742
5984 7.5413
5985 8.6192
5986 40.0169
5987 13.9700
5988 5.4768
5989 15.9989
5990 23.7986
5991 5.2281
5992 4.5514
5993 78.2001
5994 7.9792
5995 16.2272
5996 7.0034
5997 0.8004
5998 1.0659
5999 4.5761
6000 14.2908
6001 12.9751
6002 25.3949
6003   NaN
6004 2.4815
6005 20.0213
6006 5.0795
6007 0.9920
6008 5.6604
6009 21.9617
6010 1.8495
6011 17.4755
6012 12.9940
6013 44.2319
6014 2.6953
6015 22.1547
6016 20.3207
6017 9.0329
6018 0.7803
6019 5.9038
6020 2.1150
6021 5.9719
6022 5.1903
6023 3.2674
6024 0.4433
6025 20.4327
6026 38.9876
6027 5.2880
6028 6.8571
6029 1.9699
6030 51.5928
6031 6.9097
6032 23.2015
6033 16.8886
6034 0.2671
6035 22.2240
6036 6.6179
6037 3.2303
6038 1.3413
6039 20.8137
6040 2.6718
6041 22.1167
6042 1.2312
6043 10.6520
6044 21.1170
6045 0.6561
6046 20.0814
6047 11.6146
6048 36.3365
6049 23.9433
6050 13.4359
6051 3.9777
6052 0.9694
6053 9.0820
6054 2.5729
6055 42.2021
6056 16.1517
6057 5.6323
6058 22.7933
6059 2.0621
6060 22.6890
6061 14.5637
6062 9.2889
6063 18.1850
6064 2.4211
6065 21.7362
6066 20.1634
6067 13.3706
6068 12.4566
6069 39.2148
6070 1.7610
6071 10.6712
6072 16.9971
6073 42.6662
6074 19.1994
6075 24.8459
6076 21.6343
6077 11.3529
6078 10.8171
6079 19.2289
6080 15.2196
6081 18.7118
6082 8.2623
6083 7.6999
6084 3.0212
6085   NaN
6086 17.3612
6087 1.9379
6088 9.3653
6089 18.1173
6090 19.3460
6091 17.7963
6092 34.9837
6093 19.1558
6094 32.5038
6095 6.4534
6096 2.3632
6097 6.1506
6098 20.1119
6099 17.5640
6100 14.3082
6101 15.1540
6102 25.4611
6103 0.7824
6104 8.6163
6105 28.2127
6106 17.0085
6107 18.4695
6108 40.0864
6109 2.3066
6110 15.3233
6111 11.1104
6112 3.8290
6113 3.1507
6114 4.0540
6115 4.4695
6116 20.3213
6117 6.1536
6118 26.5936
6119 24.8059
6120 23.9410
6121   NaN
6122 48.1221
6123 10.0795
6124 41.8827
6125 17.1342
6126 20.8288
6127 5.5684
6128 1.1740
6129 16.4078
6130 22.1222
6131 23.4510
6132 20.2835
6133 20.1885
6134 17.3515
6135 9.2748
6136 36.5729
6137 11.4375
6138 10.0186
6139 30.2058
6140 2.8574
6141 1.3287
6142 10.1072
6143 55.3790
6144 27.8223
6145 8.0302
6146 7.1695
6147 29.8965
6148 4.2952
6149 22.3820
6150 22.5765
6151 1.0949
6152 9.6426
6153 13.1610
6154 8.7092
6155 8.9916
6156 6.2775
6157 0.8860
6158 2.6640
6159   NaN
6160 2.9587
6161 1.7569
6162 10.2103
6163 7.3878
6164 43.4111
6165   NaN
6166 2.6320
6167 5.0371
6168 15.6749
6169 20.5645
6170 4.4795
6171 20.2731
6172 14.8159
6173 2.0752
6174 2.2248
6175 21.6816
6176 36.5522
6177 2.1741
6178 0.7334
6179 5.1282
6180 9.0850
6181 4.3191
6182 20.5893
6183 2.9537
6184 1.7419
6185 19.7700
6186 1.1558
6187 6.3089
6188 3.0955
6189 4.8155
6190   NaN
6191 11.8521
6192 23.8615
6193 14.3161
6194 18.9636
6195 2.9002
6196 7.1201
6197 3.0020
6198 7.5985
6199 3.7843
6200 9.1063
6201 41.2839
6202 0.8869
6203 0.7196
6204 39.3509
6205 1.5144
6206 22.8109
6207 6.2315
6208 3.0111
6209 7.5519
6210 1.2622
6211 5.5282
6212 18.6148
6213 29.4760
6214 0.8937
6215 2.6164
6216 26.9920
6217 3.5449
6218 3.7049
6219 20.8274
6220   NaN
6221 16.2064
6222 32.3619
6223 25.9635
6224 12.0221
6225 0.3223
6226 24.8134
6227 49.0395
6228 7.6362
6229 35.3192
6230 1.6784
6231 6.3633
6232 28.1270
6233 12.7076
6234 12.2247
6235 18.3177
6236 24.7838
6237 22.9011
6238 2.2027
6239 22.3211
6240 29.7551
6241 2.3189
6242 23.9515
6243 0.8019
6244 7.4370
6245 18.3200
6246 13.8059
6247 7.4024
6248 24.3056
6249 6.4187
6250 2.3643
6251 4.5416
6252 7.7135
6253 4.7368
6254 8.0177
6255 7.6302
6256 28.0272
6257 5.3462
6258 4.9560
6259 21.4336
6260 7.9377
6261 21.0843
6262 0.5951
6263 30.3638
6264 15.5161
6265 20.3753
6266 9.3667
6267 19.0814
6268 8.4760
6269 12.7762
6270 18.3670
6271 2.8108
6272 5.6873
6273 17.9467
6274 1.2822
6275 8.3335
6276 4.2316
6277 24.7978
6278 10.0960
6279 21.4163
6280 10.5452
6281 24.7181
6282 18.0260
6283 15.6962
6284 17.0658
6285 16.4637
6286 15.3724
6287 21.9170
6288 12.5482
6289 5.7643
6290 18.3866
6291 5.2776
6292 5.8622
6293 1.3975
6294 30.1382
6295 18.0549
6296 4.6534
6297 10.6135
6298 4.1431
6299 9.8644
6300 44.3750
6301 34.3637
6302 23.9695
6303 13.5886
6304 18.9167
6305 19.7980
6306 19.3535
6307 31.4003
6308 14.8505
6309 4.0918
6310 37.1577
6311 48.5731
6312 33.7108
6313 48.6621
6314 19.0337
6315 29.6211
6316 7.9352
6317 21.6334
6318 14.8311
6319 9.3209
6320 14.8386
6321 60.1777
6322 5.9300
6323 1.6187
6324 5.5095
6325 4.5450
6326 2.5488
6327 27.3108
6328 19.9375
6329 33.2625
6330 1.4153
6331   NaN
6332 16.4001
6333 23.4090
6334 30.6418
6335 11.0523
6336 18.7986
6337 3.2345
6338 2.6320
6339 7.6533
6340 35.0447
6341 1.2339
6342 16.3884
6343 1.3623
6344 1.3794
6345 4.3275
6346 4.7382
6347 2.2317
6348 64.9425
6349 21.2464
6350 14.9644
6351   NaN
6352 6.5874
6353 2.3112
6354   NaN
6355 37.4197
6356 1.6461
6357 13.1884
6358 13.5008
6359 15.0861
6360 1.0115
6361 4.2713
6362 16.3771
6363 21.1901
6364 15.4680
6365 10.0674
6366 2.9897
6367 15.9417
6368 2.7343
6369 5.1997
6370 22.0942
6371 22.2922
6372 15.0241
6373 44.0243
6374 41.0621
6375 26.2055
6376 32.8748
6377 16.7046
6378 4.4997
6379 10.6818
6380 14.0423
6381 19.5371
6382 60.0792
6383 17.8415
6384 2.1921
6385 17.8071
6386 1.2306
6387 9.0876
6388 0.4141
6389 5.2802
6390 4.6078
6391 6.9254
6392 19.2210
6393 18.5954
6394 1.7076
6395 3.6741
6396 7.0056
6397 10.5448
6398 10.5982
6399 1.5895
6400 13.1179
6401 3.7355
6402 2.3000
6403 21.9623
6404 8.1199
6405 4.2115
6406 8.2227
6407 21.7663
6408 15.3376
6409 28.1943
6410 11.6392
6411 0.7209
6412 15.9955
6413 22.9674
6414 2.7444
6415 15.9864
6416 17.0466
6417 20.0003
6418 18.3853
6419 20.5694
6420 1.5685
6421 4.5058
6422 3.3052
6423 5.5236
6424 1.3769
6425 1.7748
6426 16.8524
6427 10.1049
6428 0.9300
6429 8.0438
6430   NaN
6431 12.5601
6432 32.2351
6433 11.0539
6434 3.1753
6435 23.5958
6436 2.8716
6437 20.3393
6438 10.7930
6439 13.5621
6440 16.1293
6441 4.2729
6442 13.2698
6443   NaN
6444 34.7252
6445 5.1105
6446 2.4623
6447 10.2992
6448 2.6223
6449 10.1827
6450 18.9122
6451 39.5589
6452 27.7619
6453 10.7203
6454 9.4611
6455 3.3374
6456   NaN
6457 5.2723
6458 6.8141
6459 0.7939
6460 8.0457
6461 14.2732
6462 5.3542
6463 2.9290
6464 37.9211
6465 5.3763
6466   NaN
6467 20.7056
6468 7.1585
6469 17.7374
6470 5.3967
6471 20.6144
6472 0.6233
6473 17.5692
6474 15.2970
6475 15.8594
6476 20.2379
6477 30.1722
6478 2.5947
6479 11.9570
6480   NaN
6481 7.1347
6482 9.5193
6483 14.0863
6484 1.2104
6485 2.2054
6486 14.0389
6487 4.4287
6488   NaN
6489 1.3966
6490 22.7077
6491 13.7265
6492 31.1491
6493 7.7467
6494 14.7528
6495 6.0629
6496 21.0278
6497 9.9524
6498 2.4389
6499 1.7890
6500 3.8912
6501 20.2675
6502 26.6614
6503 11.7566
6504 19.5704
6505 34.7831
6506 2.5025
6507 21.4478
6508   NaN
6509 21.2938
6510 2.1160
6511 0.8212
6512 42.4641
6513 54.7321
6514 5.8763
6515 18.2549
6516 37.4037
6517 15.8237
6518 3.5247
6519 10.1106
6520 13.2602
6521 9.9554
6522 9.4462
6523 3.9865
6524 24.1981
6525 13.2994
6526 0.8372
6527 18.2440
6528 11.1792
6529 1.7396
6530 16.3949
6531   NaN
6532 23.5044
6533 7.4836
6534 4.5449
6535 14.2318
6536 16.2352
6537 6.8792
6538 7.1182
6539 2.2805
6540 6.7148
6541 7.4566
6542 15.0991
6543 21.0046
6544 19.2847
6545 4.3491
6546 10.5550
6547 5.1997
6548 15.2146
6549 43.2879
6550 4.6266
6551 3.3822
6552 14.9204
6553 14.3246
6554   NaN
6555 3.7936
6556 26.2665
6557 48.9422
6558 21.4396
6559   NaN
6560 44.2018
6561   NaN
6562   NaN
6563 7.1212
6564 19.7081
6565   NaN
6566 19.6632
6567 11.2944
6568 4.2090
6569 8.3600
6570 7.8017
6571 35.0938
6572 14.1318
6573 10.9635
6574 15.1570
6575 10.9315
6576 6.2428
6577 2.2016
6578   NaN
6579 23.5176
6580 19.0822
6581 21.7444
6582 15.7853
6583 12.0839
6584 7.7481
6585 27.0850
6586 1.1521
6587 15.7613
6588 14.3850
6589 54.9255
6590 1.8082
6591 9.5579
6592 6.3149
6593 5.1186
6594 10.8224
6595 21.1205
6596 12.2052
6597 7.9924
6598 0.7238
6599 26.8605
6600 34.5129
6601 6.7391
6602 21.9124
6603 4.6527
6604 18.7685
6605 28.4892
6606 0.7421
6607 19.9987
6608 14.3833
6609 40.8671
6610 24.1658
6611 3.6706
6612 17.6374
6613 2.4094
6614 9.7457
6615 17.9364
6616 2.5069
6617 10.3541
6618 10.7375
6619 14.7137
6620 3.0996
6621 19.0095
6622 12.5349
6623 11.9479
6624   NaN
6625 10.4779
6626 3.0671
6627 13.6359
6628 3.3968
6629 33.8835
6630 25.5999
6631 4.2059
6632 22.4240
6633 1.1342
6634 21.5430
6635 11.3098
6636 16.2733
6637 2.1978
6638   NaN
6639 4.2191
6640 2.5361
6641 20.8316
6642 20.0639
6643 10.5470
6644 0.5441
6645   NaN
6646 8.9952
6647 6.7956
6648 12.3060
6649 15.7610
6650 7.9169
6651 2.4310
6652 11.2266
6653 23.6858
6654 11.9744
6655 21.4975
6656 3.4010
6657 13.5301
6658 15.3468
6659 1.9024
6660 4.6808
6661 7.2517
6662 1.6250
6663 5.2249
6664 16.9856
6665 0.2031
6666 2.6074
6667 3.5788
6668 13.9507
6669 18.1151
6670 15.9025
6671 10.9429
6672 9.0096
6673 21.0612
6674 18.8192
6675 15.2083
6676 2.3550
6677 2.5066
6678 26.1848
6679 7.1123
6680 11.0361
6681 1.2721
6682 9.7373
6683 28.5623
6684 5.5434
6685 16.9340
6686 25.7218
6687 7.4530
6688 14.0312
6689   NaN
6690 22.4871
6691 1.3013
6692 14.3796
6693 2.8124
6694 1.1134
6695 21.9197
6696 2.0581
6697 13.5116
6698 52.0902
6699 1.0029
6700 4.9050
6701 8.2864
6702 14.1390
6703 5.3317
6704 31.4480
6705 3.3484
6706 1.1637
6707 11.8472
6708 4.4139
6709 37.6235
6710 3.8553
6711 20.2486
6712 34.9789
6713 5.9082
6714 43.0508
6715 64.5623
6716 11.3776
6717 2.1570
6718 15.2008
6719 1.2717
6720 16.4788
6721 33.2616
6722 19.0936
6723 3.7138
6724 14.1180
6725 2.7014
6726 6.3885
6727 27.1370
6728 10.1014
6729 39.4095
6730 8.0189
6731 41.0341
6732 51.7013
6733 1.9529
6734 14.7070
6735 0.8882
6736 22.2234
6737   NaN
6738 13.1044
6739 6.9816
6740 9.3887
6741 18.0379
6742 11.2820
6743 2.3887
6744 0.2813
6745 4.6968
6746 21.6684
6747 16.0305
6748 3.3142
6749 21.7430
6750 4.5177
6751 35.9709
6752 22.4927
6753 10.1623
6754 15.1294
6755 19.2822
6756 5.6145
6757 8.7634
6758 25.3493
6759 8.0732
6760 8.1633
6761 23.5153
6762 2.7730
6763 17.4633
6764 35.3845
6765 10.9973
6766 3.7038
6767 2.9946
6768 3.0362
6769 3.8526
6770 7.9242
6771   NaN
6772 13.7649
6773 24.5805
6774 0.2330
6775 8.4667
6776 2.0419
6777 7.6007
6778 10.1080
6779 40.9397
6780 0.7321
6781 19.4214
6782 8.8986
6783 16.9935
6784 16.3081
6785 5.7520
6786 5.1510
6787 16.4357
6788 7.0864
6789 1.0388
6790 13.6260
6791 3.0542
6792 7.8156
6793 19.4456
6794 3.7131
6795 20.9021
6796 26.9174
6797 12.4869
6798 4.6414
6799 10.1129
6800 36.4525
6801 3.4070
6802 37.8031
6803 37.1898
6804 13.3098
6805 31.1648
6806 1.3518
6807 56.3663
6808 0.9151
6809 8.7648
6810 4.2919
6811 5.2865
6812   NaN
6813 3.4205
6814 22.9882
6815 12.8270
6816 131.6261
6817 2.8902
6818 19.9784
6819 19.7599
6820 30.1653
6821 4.7556
6822 13.3125
6823 20.3656
6824 28.9747
6825 22.2397
6826 15.5921
6827 20.4813
6828 6.8042
6829 7.4577
6830 3.0289
6831 13.4008
6832 18.8069
6833 5.4498
6834 6.1468
6835 1.3898
6836 20.7996
6837 18.0537
6838   NaN
6839 1.4585
6840 9.1698
6841 1.0192
6842 20.4699
6843   NaN
6844 1.5887
6845 11.9821
6846 24.1580
6847 8.1397
6848 16.4914
6849 8.4460
6850 12.9820
6851 8.2571
6852 7.2598
6853 18.9476
6854   NaN
6855 8.2124
6856 6.9270
6857 29.2470
6858 2.7827
6859 0.6318
6860 21.0104
6861 30.0725
6862 7.9579
6863 36.2690
6864 33.5977
6865 2.4694
6866 50.9216
6867 32.4329
6868 19.4934
6869 21.0790
6870 2.1844
6871 0.8900
6872 13.8884
6873 18.3794
6874 3.3989
6875 18.7811
6876 3.7758
6877 5.7366
6878 8.5060
6879 24.7335
6880 21.2277
6881 49.2318
6882 16.4001
6883 9.8183
6884 7.4896
6885 3.1484
6886 5.8247
6887 10.5947
6888 4.9313
6889 6.9849
6890 10.1566
6891 21.6536
6892 20.9988
6893 15.1626
6894 41.5844
6895 0.9981
6896 1.5021
6897 9.9326
6898 6.9660
6899 25.6041
6900 6.5110
6901 8.2032
6902 2.5354
6903 4.4022
6904   NaN
6905 7.9802
6906 5.7509
6907 0.4740
6908 20.2069
6909 9.2767
6910 35.1518
6911 3.2273
6912 9.4310
6913   NaN
6914 5.8622
6915 1.1420
6916 23.9299
6917 16.1464
6918 22.7920
6919 31.4128
6920 5.5354
6921 3.0717
6922 3.8098
6923 19.8278
6924 0.4744
6925 1.2635
6926 21.7618
6927 12.9860
6928 1.2923
6929 13.6947
6930 40.0589
6931 17.5746
6932 1.2767
6933 12.6516
6934 2.1480
6935 2.3350
6936 8.6338
6937 3.3145
6938 6.7219
6939 6.7232
6940 36.0685
6941 32.4758
6942 4.1021
6943   NaN
6944 16.1213
6945 11.4978
6946 17.3414
6947 37.4847
6948 0.7213
6949 3.4516
6950 27.9750
6951 1.2444
6952 19.8309
6953 23.1598
6954 28.4518
6955 2.3940
6956 2.4198
6957 4.7998
6958 9.1782
6959 3.2463
6960 13.8101
6961 17.5883
6962 11.9713
6963 1.6502
6964 5.5535
6965 15.5450
6966 6.3995
6967 13.4095
6968 49.8346
6969 2.0884
6970 22.1006
6971 4.8786
6972 1.0064
6973 16.7632
6974 1.1646
6975 1.4166
6976 10.9555
6977 5.1654
6978 0.5236
6979 11.1012
6980 46.2615
6981   NaN
6982 4.1462
6983 29.5800
6984 32.3857
6985 10.7314
6986 2.4962
6987 8.6554
6988 9.0348
6989 9.2953
6990 14.4004
6991 50.5979
6992 17.4984
6993 16.0358
6994 57.7946
6995 17.3133
6996 19.0946
6997 14.8005
6998 20.9209
6999 33.1880
7000 24.4463
