   1 0.4882
   2 1.5990
   3 0.1920
   4 1.0542
   5 2.3998
   6 1.0018
   7 0.3000
   8 1.5737
   9 2.4805
  10 1.0525
  11 0.2491
  12 4.5490
  13 0.3232
  14 1.1640
  15 4.1068
  16 4.4185
  17 0.3523
  18 6.0322
  19 0.0734
  20 4.6908
  21 1.1868
  22 2.9167
  23 0.2228
  24 1.8310
  25 0.8194
  26 1.7106
  27 1.7899
  28 1.2679
  29 32.8532
  30 0.4647
  31 0.3064
  32 0.2680
  33 0.5913
  34 2.1140
  35 0.1580
  36 3.2429
  37 1.5176
  38 6.2211
  39 1.4799
  40 4.5713
  41 1.5310
  42 1.3661
  43 0.7234
  44 1.0665
  45 5.4863
  46 3.2309
  47 0.9497
  48 3.0244
  49 0.5142
  50 0.3563
  51 10.3698
  52 4.7377
  53 16.6502
  54 1.8707
  55 1.0373
  56 13.8820
  57 0.9780
  58 0.2922
  59 1.2499
  60 0.4650
  61 7.3387
  62 0.2051
  63 0.6998
  64 2.0621
  65 0.6373
  66 1.9435
  67 0.2635
  68 0.8042
  69 1.9849
  70 0.3649
  71 7.8656
  72 0.2914
  73 0.7165
  74 1.9559
  75 6.5412
  76 14.9860
  77 0.0666
  78 0.7696
  79 2.4064
  80 4.2376
  81 0.3121
  82 2.1997
  83 0.8765
  84 0.9992
  85 1.2509
  86 0.6362
  87 1.2127
  88 1.9777
  89 0.9107
  90 0.1238
  91 2.4837
  92 0.1507
  93   NaN
  94 1.2893
  95 0.5441
  96 1.1552
  97 0.8344
  98 0.4811
  99 0.2474
 100 1.7333
 101 1.2300
 102 3.1853
 103 0.9449
 104 1.4401
 105 0.3628
 106 1.7373
 107 4.2615
 108 0.9258
 109   NaN
 110 15.8004
 111 4.2874
 112 0.4141
 113 1.1801
 114 0.9305
 115 0.4917
 116 0.6873
 117 5.8668
 118 6.7494
 119 1.1198
 120 1.5739
 121 0.7199
 122 0.8541
 123 3.3335
 124 5.6941
 125 0.8191
 126 0.8450
 127 0.6366
 128 1.2086
 129 1.4374
 130 0.3154
 131 1.4141
 132 0.3580
 133 0.5375
 134 0.2443
 135 0.3867
 136 5.2206
 137 0.5478
 138 2.0824
 139 5.8056
 140 0.1631
 141 0.1712
 142 1.0531
 143 1.1196
 144 0.6419
 145 4.3263
 146 0.0936
 147 1.2469
 148 0.2132
 149 0.7122
 150 1.8612
 151 3.1886
 152 0.1849
 153 1.8549
 154 2.1426
 155 0.8807
 156 6.6564
 157 3.8411
 158 0.3683
 159 0.9839
 160 0.7530
 161 2.9173
 162 2.1252
 163 1.8480
 164 0.8594
 165 1.8270
 166 0.7027
 167 1.0514
 168 3.9199
 169 1.0853
 170 0.3317
 171 1.5698
 172 4.3492
 173 0.3952
 174 4.0868
 175 1.4448
 176 0.4092
 177 2.5263
 178 1.0188
 179 2.2994
 180 1.2045
 181 1.2882
 182 2.0540
 183 0.9191
 184 0.3263
 185 0.1854
 186 0.9882
 187 2.9065
 188 0.6104
 189 1.0004
 190 0.6368
 191 0.5179
 192 0.5543
 193 2.5599
 194 0.3026
 195 3.7880
 196 1.1322
 197 3.9587
 198 0.4916
 199 0.6689
 200 17.4489
 201 0.6742
 202 0.3158
 203 0.3150
 204 0.4398
 205 0.8047
 206 0.3552
 207 3.9421
 208 1.2696
 209 0.7344
 210 0.1988
 211 1.0470
 212 2.4094
 213 0.5577
 214 0.4596
 215 0.9098
 216 4.3264
 217 0.1966
 218 0.4048
 219 3.3754
 220 0.5697
 221 1.0313
 222 1.2065
 223 1.1017
 224 7.8626
 225 1.0539
 226 1.7599
 227 0.6987
 228 3.0430
 229 0.2373
 230 0.4800
 231 0.5057
 232 3.4933
 233 0.6803
 234 3.5261
 235 0.1425
 236 0.4416
 237 2.3719
 238 0.1941
 239 1.1428
 240 4.6890
 241 3.3639
 242 0.1259
 243 0.7835
 244 3.5944
 245 0.2551
 246 1.1033
 247 1.4287
 248 0.7853
 249 0.6676
 250 7.6508
 251 4.4699
 252 2.1277
 253 0.3269
 254 0.3047
 255 0.3799
 256 5.4932
 257 2.4937
 258 2.7730
 259 0.2155
 260 0.8427
 261 1.2150
 262 5.4141
 263 4.3866
 264 0.7405
 265 2.3193
 266   NaN
 267 1.0286
 268 2.7906
 269 0.4763
 270 0.8697
 271 0.9453
 272 0.8465
 273 0.8589
 274 2.1649
 275 1.4119
 276 8.4396
 277 0.4421
 278 0.8115
 279 0.9116
 280 1.1493
 281 3.8830
 282 4.1150
 283 0.1010
 284 13.0655
 285 0.3271
 286 0.2498
 287 0.4239
 288 0.9473
 289 3.4214
 290 9.2022
 291 0.3563
 292 2.9277
 293 1.4405
 294 0.3279
 295 0.1389
 296 2.2056
 297 0.5898
 298 0.8846
 299 1.1143
 300 1.5372
 301 0.4482
 302 1.1885
 303 1.7145
 304 1.0256
 305 0.4033
 306 0.2311
 307 0.5121
 308 0.8094
 309 0.6223
 310 1.1894
 311   NaN
 312 0.8055
 313 0.4275
 314 1.3156
 315 1.4218
 316 0.4705
 317 1.6103
 318 0.4996
 319 0.1106
 320 0.3616
 321 0.5094
 322 0.9932
 323 4.6452
 324 2.8312
 325 0.6741
 326 2.0901
 327 1.1367
 328 3.1863
 329 0.2518
 330 0.7099
 331 0.9437
 332 1.0585
 333 0.1370
 334 0.6078
 335 0.3977
 336 0.0788
 337 6.2742
 338 0.1440
 339 1.1102
 340 0.0956
 341 0.3800
 342 0.7406
 343 0.9342
 344 0.2472
 345 1.9598
 346 1.0049
 347 0.6968
 348 0.3296
 349 0.4874
 350 1.1084
 351 0.5127
 352 1.0425
 353 0.8373
 354 0.6435
 355 0.4719
 356 0.5714
 357 0.8473
 358 0.3775
 359 1.0346
 360 2.3048
 361 4.7385
 362 0.6774
 363 0.1930
 364 0.4241
 365 0.4199
 366 6.5448
 367 0.1907
 368 1.4499
 369 0.6136
 370 1.3921
 371 0.8336
 372 0.6016
 373 0.3728
 374 2.8033
 375 0.4306
 376 1.6709
 377 2.9543
 378 3.2819
 379 0.0999
 380 2.5894
 381 0.2782
 382 0.8020
 383 2.1493
 384 0.4541
 385 0.7917
 386 0.1556
 387 1.6645
 388 0.7556
 389 1.3979
 390 0.2952
 391 2.3891
 392 0.3450
 393 1.4006
 394 4.3122
 395 0.3509
 396 1.3013
 397 1.0076
 398 0.4282
 399 7.2682
 400 0.6536
 401 1.1262
 402 0.8125
 403 0.2091
 404 0.3068
 405 1.5582
 406 0.3643
 407 0.1345
 408 1.3955
 409 0.8230
 410 0.7837
 411 0.9228
 412 0.8625
 413 0.9239
 414 2.9572
 415 0.4618
 416 7.0877
 417 1.3354
 418 1.0316
 419 1.0909
 420 0.8205
 421 3.6009
 422 1.3510
 423 0.4448
 424 0.0852
 425 0.1178
 426 0.9953
 427 1.4924
 428 1.1171
 429 0.1755
 430 1.1050
 431 5.1637
 432 0.9842
 433 0.9176
 434 1.9246
 435 2.7831
 436 0.8390
 437 1.3691
 438 0.1595
 439 0.1507
 440 4.1653
 441 1.5458
 442 3.3085
 443 0.5658
 444 1.2760
 445 1.7183
 446 0.2234
 447 1.5008
 448 2.9644
 449 0.3164
 450 5.4161
 451 0.1369
 452 0.2231
 453 1.3342
 454 2.2464
 455 0.2244
 456 0.7958
 457 0.2776
 458 1.4630
 459 0.3736
 460 1.2023
 461 1.2204
 462 3.3419
 463 0.3510
 464 7.4009
 465 0.7067
 466 1.9972
 467 0.0873
 468 2.1284
 469 0.3681
 470 0.3386
 471 4.0355
 472 0.2564
 473 0.1832
 474 0.8817
 475 0.9288
 476 3.7154
 477 2.3846
 478 0.3824
 479 1.3959
 480 0.4410
 481 3.2075
 482   NaN
 483 2.1858
 484 0.3798
 485 1.3176
 486 0.1796
 487 5.5200
 488 0.2525
 489 3.6425
 490 0.5923
 491 0.6753
 492 0.9899
 493 1.7040
 494 3.6176
 495 0.1608
 496 0.8672
 497 3.1085
 498 1.8754
 499 3.5809
 500 5.1160
 501 0.6171
 502 0.6917
 503 0.5359
 504 8.8315
 505 1.1604
 506 0.3413
 507 1.4682
 508 1.0800
 509 1.4540
 510 0.7084
 511 0.2365
 512 0.6298
 513 4.0423
 514 0.3084
 515 0.1214
 516 0.2492
 517 1.2963
 518 0.7600
 519 0.5053
 520 0.8871
 521 1.3902
 522 4.1254
 523 0.2228
 524 1.5771
 525 0.8847
 526 1.0458
 527 2.9866
 528 0.8260
 529 4.5592
 530 0.3855
 531 1.1485
 532 0.4255
 533 1.1264
 534 1.0058
 535 0.3958
 536 1.0635
 537 1.0582
 538 0.9059
 539 0.8645
 540 1.2650
 541 0.3989
 542 1.6809
 543 2.2329
 544 1.6711
 545 0.9483
 546 0.6568
 547 0.9489
 548 3.2327
 549 1.8249
 550 0.7583
 551 4.2455
 552 2.2959
 553 13.1892
 554 1.9471
 555 3.0009
 556 0.9121
 557 0.4850
 558 0.3691
 559 0.7797
 560 3.3685
 561 1.7614
 562 0.2792
 563 0.8478
 564 1.0364
 565 0.8341
 566 1.8079
 567   NaN
 568 2.3507
 569 0.5659
 570 0.5981
 571 0.1664
 572 0.5730
 573 1.3128
 574 1.0889
 575 1.6408
 576 0.3821
 577 0.1497
 578 0.5416
 579 0.7636
 580 1.9317
 581 0.8082
 582 0.1461
 583 1.8811
 584 0.4650
 585 0.8019
 586 0.7568
 587 2.5500
 588 1.1834
 589 2.8838
 590 1.1492
 591 5.2091
 592 0.2443
 593 0.7899
 594 2.1805
 595 1.6975
 596 0.4028
 597 0.1877
 598 1.0847
 599 1.4320
 600 0.8045
 601 1.2764
 602 0.7216
 603 4.8847
 604 0.2803
 605 0.7396
 606 0.3067
 607 1.0040
 608 0.4085
 609 2.0686
 610 0.1681
 611 2.6611
 612 0.3827
 613 0.1448
 614 0.9887
 615 3.1388
 616 0.3142
 617 3.2988
 618   NaN
 619 0.3980
 620 1.0942
 621 0.5714
 622 1.2120
 623 1.0892
 624 0.5894
 625 0.2191
 626 0.8291
 627 1.2072
 628 0.2106
 629 5.1996
 630 3.1695
 631 1.5991
 632 1.2080
 633 1.3288
 634 9.5532
 635 1.3451
 636 0.6190
 637 1.2146
 638   NaN
 639 0.4591
 640 3.5758
 641 1.3008
 642 23.9647
 643 0.6339
 644 0.9134
 645 1.9125
 646 0.1346
 647 0.7867
 648 4.7345
 649 0.3760
 650 2.5324
 651 2.1999
 652 0.2456
 653 3.3666
 654 0.3743
 655 0.6391
 656 0.3305
 657 1.9896
 658 0.7555
 659 4.2423
 660 2.1219
 661 0.3307
 662 0.4515
 663 6.1412
 664 1.0327
 665 12.6006
 666 7.6426
 667 0.2027
 668 0.3627
 669 5.5868
 670 0.7814
 671 1.3549
 672 0.9018
 673 0.8069
 674 0.7567
 675 0.5871
 676 0.3503
 677 0.7925
 678 0.1981
 679 1.2709
 680 0.4672
 681 0.7536
 682 2.2901
 683 2.2055
 684 5.6445
 685 0.3973
 686 0.3458
 687 13.1190
 688 11.7427
 689 2.0914
 690 0.2150
 691 1.1812
 692 1.0993
 693 4.0603
 694 0.1617
 695 4.2455
 696 0.3363
 697 1.5403
 698 0.2680
 699 0.7927
 700 15.5682
 701 0.2972
 702 1.7047
 703 5.0467
 704 3.9276
 705 8.3999
 706 2.3096
 707 0.8228
 708 2.4040
 709 0.1674
 710 0.9300
 711 0.9193
 712 0.4366
 713 0.2464
 714 0.7140
 715 0.2080
 716 1.7795
 717 0.2485
 718 0.6995
 719 4.2439
 720 0.9188
 721 1.8652
 722 0.2309
 723 1.4492
 724 0.9770
 725 0.3481
 726 3.9887
 727 0.4300
 728 1.7407
 729 0.4636
 730 1.0304
 731 1.0053
 732 1.0109
 733 0.8455
 734 0.3574
 735 0.4232
 736 12.0245
 737 4.7021
 738 0.7567
 739 0.5117
 740 1.0257
 741 1.2572
 742 0.6028
 743 1.2903
 744 1.1475
 745 0.1459
 746 0.5010
 747 0.2701
 748 0.4102
 749 1.5610
 750 3.9791
 751 2.5702
 752 0.4014
 753 3.0535
 754 0.7871
 755 3.4532
 756 0.6098
 757 3.3664
 758 0.1311
 759 9.2168
 760 1.5838
 761 0.3508
 762 0.2962
 763 2.2871
 764 3.4969
 765 3.6350
 766 4.0326
 767 1.2677
 768 0.6540
 769 1.1711
 770 0.4026
 771 1.5064
 772 0.2699
 773 0.8725
 774 0.2727
 775 0.2342
 776 0.1380
 777 0.3440
 778 0.1297
 779 1.2824
 780 7.1925
 781 0.2043
 782 0.2341
 783 1.4087
 784 0.7860
 785 0.6296
 786 0.6897
 787 0.2306
 788 3.8196
 789 2.4084
 790 0.3644
 791 0.4114
 792 1.7335
 793 0.3494
 794 1.7423
 795 18.7739
 796 0.6330
 797 1.8150
 798 0.4123
 799 0.1715
 800 0.7254
 801 0.8667
 802 0.1596
 803 0.4762
 804 1.1325
 805 1.3436
 806 5.8589
 807 0.7620
 808 2.0524
 809 0.8261
 810 2.0142
 811 2.8565
 812 0.4816
 813 0.4615
 814 1.0959
 815 0.7178
 816 2.4336
 817 0.2594
 818 0.2697
 819 0.3860
 820 1.5652
 821 0.4326
 822 2.0063
 823 2.8344
 824 1.8280
 825 0.8360
 826 2.9983
 827 1.7311
 828 1.0670
 829 1.7564
 830 1.4638
 831 2.1036
 832 0.3277
 833 0.7277
 834 0.7039
 835 0.3173
 836 1.4581
 837 0.4224
 838 2.1381
 839 0.9985
 840 2.3431
 841 0.8802
 842 0.4071
 843 0.2057
 844 1.8912
 845 0.5973
 846 2.6422
 847 4.1970
 848 1.8294
 849 4.8562
 850 3.5076
 851 0.3792
 852 1.1093
 853 1.9010
 854 1.9071
 855 1.1125
 856 0.3373
 857 0.4042
 858 4.4371
 859 0.2360
 860 3.2703
 861 0.3148
 862 0.3076
 863 0.8293
 864 1.9742
 865 2.2907
 866 1.6407
 867 0.4503
 868 0.9370
 869 0.1677
 870 0.2069
 871 1.7825
 872 0.0795
 873 0.4589
 874 1.6408
 875 6.2384
 876 1.5018
 877 1.1396
 878 8.1267
 879 2.0735
 880 0.3330
 881 1.5206
 882 0.5133
 883 0.7613
 884 1.9361
 885 1.5028
 886 3.5552
 887 2.5157
 888 0.3709
 889 1.8763
 890 0.4738
 891 1.2560
 892 0.4257
 893 0.5568
 894 0.2238
 895 4.2749
 896 0.3816
 897 0.2085
 898 0.6430
 899 1.0616
 900 0.6548
 901 2.6977
 902 1.8951
 903 17.1937
 904 0.2670
 905 2.0013
 906 1.6199
 907 2.3689
 908 7.9476
 909 0.4141
 910 0.1371
 911 2.1262
 912 0.1196
 913 0.4876
 914 2.0059
 915 2.2450
 916 0.9726
 917 1.7611
 918 0.1044
 919 0.1220
 920 0.8420
 921 0.9007
 922 0.1451
 923 3.4492
 924 1.8846
 925 2.3368
 926 9.6968
 927 1.3252
 928 0.3811
 929 1.1175
 930 0.5050
 931 0.1667
 932 3.1222
 933 4.0778
 934 0.2107
 935 3.6886
 936 9.5555
 937 5.1944
 938 1.5600
 939 1.3584
 940 1.6115
 941 0.2481
 942 1.2812
 943 1.8867
 944 0.3755
 945 1.2844
 946 0.1462
 947 1.4806
 948 1.0472
 949 1.2519
 950 1.5161
 951 0.5285
 952 1.3737
 953 5.6699
 954 0.1142
 955 0.8993
 956 0.1587
 957 0.8204
 958 0.4818
 959 0.2021
 960 0.0877
 961 0.8907
 962 0.6027
 963 1.2381
 964 0.9395
 965 0.8771
 966 0.3961
 967 2.5730
 968 3.7520
 969 2.1867
 970 24.4483
 971 1.2319
 972 0.9156
 973 1.1957
 974 0.1943
 975 1.8786
 976 1.8074
 977 1.5491
 978 0.7229
 979 0.1622
 980 1.6431
 981 0.2895
 982 0.4443
 983 0.0695
 984 0.3386
 985 0.7858
 986 6.0940
 987 2.6590
 988   NaN
 989 7.6486
 990 1.8091
 991 0.2162
 992 3.8361
 993 0.4206
 994 0.3952
 995 0.0893
 996 0.3532
 997 1.0407
 998 2.4341
 999 0.0841
1000 0.2261
1001 0.1707
1002 0.8278
1003 0.0881
1004 0.6427
1005 3.3496
1006 0.8963
1007 5.5196
1008 5.4168
1009 2.6923
1010 0.9770
1011 0.3403
1012 10.1445
1013 0.3061
1014 0.1063
1015 9.0314
1016 1.5541
1017 0.4713
1018   NaN
1019 3.0649
1020 0.5459
1021 3.9703
1022 1.1144
1023 15.3029
1024 0.5863
1025 1.1019
1026 0.3709
1027 1.4578
1028 2.3197
1029 2.2677
1030 0.9309
1031 0.2524
1032 1.0662
1033 4.8641
1034 0.1121
1035 0.3883
1036 3.6485
1037 1.1018
1038 0.9298
1039 0.1000
1040 0.5012
1041 0.2594
1042 0.6551
1043 0.5530
1044 1.2815
1045 0.7067
1046 8.3700
1047 1.9977
1048 4.4409
1049 0.3181
1050 3.4272
1051 0.3214
1052 0.3586
1053 1.7021
1054 4.7356
1055 0.5423
1056 0.5433
1057 0.4176
1058 11.9065
1059 0.5694
1060 0.2633
1061 1.4516
1062 2.0605
1063 1.2901
1064 0.5856
1065 3.8874
1066 0.3955
1067 3.3819
1068 0.3498
1069 0.2606
1070 14.4365
1071 0.1999
1072 0.7810
1073 0.1704
1074 2.0441
1075 3.0716
1076 1.1803
1077 0.4554
1078 4.6214
1079 0.6986
1080 0.3111
1081 0.7589
1082 0.4399
1083 4.0891
1084 0.7691
1085 6.0079
1086 0.9890
1087 4.6410
1088 0.4023
1089 2.9642
1090 0.4382
1091 2.8274
1092 0.8284
1093 0.3740
1094 0.1102
1095 2.7155
1096 0.1274
1097 2.5348
1098 3.1848
1099 7.2933
1100 0.2787
1101 15.6306
1102 0.9369
1103 3.9250
1104 0.9871
1105 0.4972
1106 0.8072
1107 4.9399
1108 1.1430
1109 3.8635
1110 0.4694
1111 0.4250
1112 0.9385
1113 4.3152
1114 4.5446
1115 0.9401
1116 1.5908
1117 0.7037
1118 2.0549
1119 1.7313
1120 1.5724
1121 0.7300
1122 2.3058
1123 4.2771
1124 0.8707
1125 8.9483
1126   NaN
1127 0.2771
1128 1.5357
1129 3.6072
1130 0.4419
1131 12.8233
1132 2.9188
1133 2.7443
1134 0.2548
1135 0.5910
1136 0.4583
1137 1.3577
1138 0.4507
1139 2.2698
1140 3.5587
1141 0.3074
1142 0.1904
1143 0.7051
1144 0.3357
1145 0.8372
1146 0.6603
1147 1.2569
1148 0.8396
1149 0.9534
1150 0.4436
1151 0.5786
1152 6.1552
1153 0.1392
1154 2.5302
1155 8.9292
1156 3.1478
1157 6.9388
1158 4.7153
1159 1.9452
1160 0.3837
1161 1.1491
1162 0.4266
1163 1.1326
1164 0.3137
1165 8.1183
1166 3.1413
1167 1.7873
1168 0.5528
1169 0.8291
1170 6.2939
1171 6.6204
1172 3.8073
1173 0.3160
1174 0.9082
1175 1.1854
1176 2.1569
1177 1.2673
1178 2.3618
1179 0.3113
1180 3.3265
1181 2.5147
1182 2.1649
1183 2.0318
1184 0.7779
1185   NaN
1186 5.6805
1187 2.0036
1188 0.2665
1189 2.2804
1190 2.6357
1191 1.1824
1192 0.1574
1193 0.1178
1194 0.0965
1195 0.7242
1196 0.4652
1197 0.2906
1198 1.0145
1199 0.1006
1200 0.9425
1201 0.6411
1202 0.2072
1203 0.3110
1204 0.5186
1205 1.4834
1206 0.5224
1207 0.3854
1208 2.0518
1209 1.4971
1210 3.8866
1211 0.4633
1212 14.3448
1213 0.4244
1214 0.5107
1215 2.4765
1216 1.6705
1217 0.4651
1218 3.0810
1219 2.1196
1220 0.3592
1221 16.8713
1222 0.8901
1223 2.4644
1224 0.2211
1225 7.6381
1226 0.3032
1227 2.8466
1228 0.3316
1229 0.9150
1230 3.5212
1231 0.3437
1232 0.1680
1233 0.5411
1234 2.6461
1235 0.3634
1236 1.2124
1237 1.1744
1238 1.6549
1239 0.7446
1240 0.5974
1241 4.4742
1242 1.4929
1243 0.5696
1244 0.4121
1245 0.2877
1246 0.5177
1247 3.4513
1248 9.0683
1249 0.1717
1250 0.1583
1251 3.2575
1252 0.2444
1253 1.3584
1254 2.7791
1255 2.7815
1256 0.2246
1257 0.6180
1258 7.9081
1259 2.4751
1260 11.2385
1261 1.0309
1262 0.5238
1263 0.3158
1264 0.5038
1265 0.8612
1266 0.5832
1267 12.4835
1268 0.1062
1269 0.8111
1270 1.0114
1271 1.2493
1272 0.3507
1273 3.3744
1274 0.6183
1275 0.4454
1276 0.6928
1277 2.4601
1278 2.7677
1279 0.9736
1280 1.2274
1281 1.9290
1282 1.3275
1283 1.2402
1284 3.1519
1285 0.1769
1286 2.2356
1287 3.7819
1288 0.6743
1289 1.5019
1290 3.9132
1291 0.8301
1292 3.4929
1293 1.5766
1294 2.4664
1295 5.0390
1296 2.0005
1297 4.0187
1298 0.8727
1299 2.7726
1300 0.3378
1301 2.1368
1302 11.4892
1303 1.1826
1304 0.6100
1305 0.2601
1306 0.7997
1307 1.4636
1308 0.1273
1309 0.2562
1310 9.4172
1311 2.3055
1312 0.3523
1313 0.6001
1314 1.6085
1315 0.5131
1316 0.5418
1317 0.4566
1318 0.7004
1319 3.8512
1320 1.2433
1321 0.3522
1322 0.2840
1323 8.2717
1324 1.0760
1325 0.4968
1326 0.4892
1327 0.5790
1328 5.7261
1329 0.2057
1330 0.3399
1331 1.4602
1332 2.5170
1333 8.6034
1334 4.9622
1335 1.7083
1336 1.2598
1337 0.2109
1338 3.9545
1339 0.7213
1340 0.2015
1341 1.3027
1342 1.4042
1343 1.0384
1344 1.0724
1345 0.5330
1346 1.1646
1347 0.2781
1348 1.0530
1349 1.7441
1350 0.2156
1351 15.4324
1352 0.6164
1353 4.5930
1354 0.7854
1355 5.0940
1356 2.2951
1357 0.0981
1358 0.1716
1359 0.2027
1360 0.8680
1361 1.3273
1362 0.4106
1363 1.5844
1364 0.7034
1365 0.1907
1366 8.5827
1367 1.1141
1368 0.7229
1369 0.9634
1370 5.4793
1371 1.5558
1372 0.3814
1373 0.1680
1374 0.9124
1375 0.9624
1376 0.2900
1377 2.8665
1378 2.0448
1379 0.1354
1380 0.2035
1381 0.3979
1382 0.8539
1383 3.7661
1384 0.0989
1385 0.7168
1386 0.7458
1387 3.1695
1388 0.5559
1389 0.3069
1390 1.2088
1391 0.1213
1392 0.1791
1393 0.5255
1394 0.2617
1395 0.5541
1396 0.3067
1397 2.4066
1398   NaN
1399 1.5613
1400 1.1552
1401 1.4780
1402 6.2825
1403 1.1140
1404 0.3997
1405 1.2188
1406 0.8596
1407 4.9388
1408 0.2320
1409 4.7247
1410 0.1807
1411 1.5905
1412 2.5063
1413 0.5808
1414 3.9215
1415 0.1251
1416 6.6526
1417 0.3229
1418 4.9431
1419 1.7402
1420 1.6600
1421 4.5231
1422 3.7166
1423 5.5551
1424 0.3489
1425 3.8726
1426 0.6367
1427 1.1175
1428 0.2798
1429 0.5647
1430 0.9808
1431 0.3337
1432 0.6253
1433 0.7772
1434 1.8440
1435 0.1522
1436 1.9421
1437 1.2487
1438 3.3585
1439 0.4244
1440 0.2461
1441 0.7518
1442 0.4087
1443 0.5844
1444 1.5343
1445 0.1950
1446 3.8227
1447 0.3970
1448 0.8225
1449 0.9881
1450 0.6702
1451 0.6765
1452 0.7861
1453 1.2455
1454 0.9447
1455 0.2935
1456 0.1056
1457 1.0339
1458 0.2948
1459 2.7473
1460 1.3290
1461 1.3586
1462 0.5890
1463 1.0643
1464 0.4935
1465 7.6550
1466 1.8774
1467 1.1203
1468 0.2860
1469 0.3805
1470 0.1983
1471 3.6897
1472 1.3046
1473 0.1733
1474 1.4528
1475 0.6889
1476 0.2058
1477 0.7087
1478 1.0174
1479 3.0939
1480 0.2479
1481 0.5595
1482 27.9082
1483 0.1391
1484 0.4480
1485 0.6980
1486 0.2284
1487 4.0150
1488 0.3830
1489 0.3313
1490 0.5619
1491 0.4564
1492 0.2964
1493 4.4588
1494 4.3044
1495 0.1813
1496 0.9177
1497 0.2085
1498 1.1070
1499 0.5429
1500 0.4531
1501 0.2791
1502 1.5190
1503 0.7807
1504 0.5381
1505 2.4177
1506 3.0405
1507 2.2782
1508 0.9898
1509 1.6036
1510 0.5613
1511 0.2795
1512 0.9857
1513 8.6254
1514 1.1215
1515 2.0960
1516 1.3724
1517 1.8454
1518 1.6764
1519 1.2759
1520 0.3438
1521 0.1896
1522 3.3928
1523 5.0988
1524 1.0173
1525 0.3386
1526 0.6217
1527 1.0564
1528 0.3864
1529 0.8101
1530 1.7078
1531 1.9657
1532 1.2106
1533 0.4779
1534 3.1517
1535 0.2059
1536 0.1653
1537 1.5824
1538 0.1996
1539 1.6119
1540 0.9506
1541 0.6539
1542 3.4573
1543 5.1059
1544 0.5331
1545 0.8373
1546 1.2461
1547 0.2885
1548 0.4740
1549 2.8732
1550 53.4971
1551 0.3358
1552 0.9354
1553 0.6048
1554 0.7243
1555 0.5647
1556 1.1320
1557 2.0445
1558 2.4694
1559 0.9640
1560 0.5822
1561 6.4453
1562 1.7367
1563 1.3907
1564 0.1666
1565 5.4439
1566 0.6899
1567 1.8932
1568 0.7205
1569 0.1937
1570 0.9224
1571 1.4462
1572 0.3933
1573 0.3952
1574 0.9994
1575 1.3431
1576 0.7770
1577 0.8642
1578 0.2406
1579 3.4564
1580 7.0801
1581 0.9156
1582 0.3575
1583 1.1698
1584 1.0271
1585 0.3462
1586 0.8515
1587 3.4272
1588 4.9477
1589 2.2401
1590 1.8468
1591 0.2777
1592 0.2550
1593 0.7800
1594 1.2670
1595 1.2403
1596 0.7576
1597 0.5157
1598 0.7096
1599 1.2966
1600 0.3587
1601 3.2172
1602 4.0019
1603 0.2941
1604 0.8087
1605 6.3188
1606 0.3773
1607 0.5735
1608 8.5900
1609 1.0257
1610 0.6789
1611 0.2918
1612 2.8357
1613 0.2305
1614 4.1712
1615 0.8815
1616 1.5931
1617 1.5263
1618 0.3408
1619 0.4964
1620 0.2787
1621 0.4836
1622 0.5481
1623 1.4539
1624 2.6076
1625 0.6842
1626 0.5032
1627 1.1656
1628 15.6893
1629 1.1170
1630 0.1803
1631 0.1903
1632 0.6596
1633 0.7528
1634 0.8049
1635 0.6051
1636 0.3210
1637 0.4929
1638 0.2554
1639 1.5721
1640 1.6259
1641 0.5223
1642 0.5940
1643 1.9357
1644 3.1159
1645 4.0960
1646 1.9592
1647 0.1519
1648 0.1939
1649 2.1648
1650 1.2404
1651 2.0789
1652 0.2346
1653 3.4492
1654 0.2824
1655 2.3875
1656 1.1774
1657 0.4148
1658 2.7511
1659 1.0746
1660 1.0118
1661 1.1883
1662 0.8225
1663 0.1227
1664 1.3352
1665 3.4340
1666 1.4526
1667 0.8915
1668 0.1765
1669 2.0892
1670 0.3420
1671 0.3679
1672 0.0719
1673 0.6306
1674 2.7915
1675 4.3534
1676 0.5305
1677 1.0778
1678 0.4858
1679 0.6844
1680 0.1949
1681 0.6499
1682 1.4392
1683 1.5120
1684 3.9352
1685 1.5333
1686 0.8885
1687 1.5655
1688 0.1127
1689 1.1239
1690 1.5509
1691 0.2843
1692 1.3641
1693 1.5158
1694 4.7042
1695 1.0971
1696 3.1404
1697 0.8901
1698 3.1811
1699 5.7456
1700 0.5390
1701 0.7765
1702 0.1153
1703 1.8234
1704 0.3081
1705 0.3842
1706 0.7433
1707 0.7375
1708 1.2604
1709 1.6973
1710 0.1021
1711 1.0398
1712 3.3689
1713 0.8192
1714 1.8751
1715 3.5342
1716 0.3224
1717 0.7829
1718 11.8701
1719 2.8375
1720 1.3182
1721 2.1712
1722 0.9191
1723 1.6143
1724 1.1204
1725 0.7420
1726 1.2099
1727 0.2439
1728 0.8808
1729 0.1550
1730 0.7367
1731 3.1730
1732 1.8656
1733 0.6790
1734 1.2750
1735 0.5155
1736 0.7157
1737 4.1740
1738 2.3486
1739 0.2869
1740 0.5127
1741 0.3664
1742 0.6162
1743 0.6393
1744 0.4406
1745 0.0645
1746 0.3340
1747 1.6504
1748 0.1621
1749 2.7126
1750 0.8298
1751 1.3371
1752 0.1403
1753 0.1384
1754 1.1010
1755 1.0767
1756 0.4748
1757 0.8484
1758 0.5347
1759 4.5692
1760 1.6108
1761 0.2528
1762 0.8923
1763 15.3490
1764 2.6264
1765 0.2266
1766 0.2645
1767 1.7148
1768 1.1976
1769 1.0371
1770 1.2259
1771 0.7722
1772 0.1972
1773 0.8631
1774 1.7222
1775 0.7015
1776 2.2428
1777 0.1377
1778 5.4158
1779 0.9796
1780 0.8607
1781 0.9157
1782 1.6253
1783 0.2999
1784 1.6056
1785 0.8460
1786 0.2398
1787 0.7213
1788 0.2805
1789 0.4948
1790 0.5144
1791 0.2699
1792 0.1936
1793 0.7345
1794 0.4333
1795 0.5319
1796   NaN
1797 0.9971
1798 1.5584
1799 0.9124
1800 1.0509
1801 1.8002
1802 0.9821
1803 1.7134
1804 0.6290
1805 0.9971
1806 3.0375
1807 5.1383
1808 1.1428
1809 0.6926
1810 0.3208
1811 1.0449
1812 0.8239
1813 0.7264
1814 0.8187
1815 5.5041
1816 1.0965
1817 1.2466
1818 1.6475
1819 1.0810
1820 1.2120
1821 1.2271
1822 0.3223
1823 2.1898
1824 0.6975
1825 0.3712
1826 0.4286
1827 0.8653
1828 0.7056
1829 1.1209
1830 2.2443
1831 6.8279
1832 0.9052
1833 1.4605
1834 0.5043
1835 1.0964
1836 2.1557
1837 8.7563
1838 0.2954
1839 0.5111
1840 0.9441
1841 0.2432
1842 5.3839
1843 4.4736
1844 0.6806
1845 0.2894
1846 2.9947
1847 3.5243
1848 2.8508
1849 4.7635
1850 2.3826
1851 0.2482
1852 0.3474
1853 0.2563
1854 0.1329
1855   NaN
1856 0.9889
1857 1.4036
1858 0.4003
1859 0.7898
1860 0.1801
1861 0.5504
1862 1.6852
1863 0.2567
1864 0.7905
1865 3.0565
1866 0.6198
1867 3.5992
1868 1.2226
1869 1.2128
1870 0.2844
1871 1.7051
1872 0.3607
1873 0.2906
1874 0.6601
1875 0.1795
1876 0.6138
1877 0.5280
1878 5.0596
1879 0.8737
1880 0.3870
1881 0.1896
1882 1.4009
1883 0.2650
1884 1.2847
1885 3.2056
1886 0.1941
1887 0.9813
1888 0.4635
1889 0.3512
1890 0.3147
1891   NaN
1892 0.3309
1893 1.2801
1894 0.4901
1895 2.8163
1896 6.7133
1897 0.3180
1898 1.9253
1899 1.6561
1900 3.6132
1901 0.8837
1902 1.6756
1903 0.3499
1904 1.0829
1905 0.9596
1906 1.2244
1907 0.5566
1908 0.5445
1909 0.4736
1910 0.3819
1911 2.2372
1912 5.7007
1913 7.4827
1914 0.2117
1915 0.5945
1916 0.6647
1917 0.7686
1918 1.8529
1919 0.4937
1920 0.4606
1921 0.6881
1922 1.4951
1923 0.7905
1924 0.1686
1925 1.0379
1926 0.3597
1927 0.0916
1928 2.4810
1929 1.2089
1930 1.5734
1931 0.1771
1932 4.4714
1933 0.7861
1934 0.9597
1935 13.4727
1936 1.2340
1937 0.2224
1938 0.4731
1939 0.4630
1940 5.9321
1941 4.9263
1942 3.3986
1943 6.8890
1944 0.3223
1945 10.8072
1946 0.6971
1947 1.0622
1948 3.3559
1949 1.5708
1950 0.4649
1951 1.7487
1952 4.6187
1953 1.7110
1954 1.3726
1955 0.2145
1956 1.2960
1957 0.0698
1958 0.5649
1959 1.4614
1960 0.1743
1961 0.3255
1962 0.2415
1963 1.3759
1964 0.5904
1965 2.8548
1966 0.7050
1967 0.3725
1968 0.3973
1969 4.0871
1970 1.6165
1971 0.8438
1972 0.4717
1973 2.3998
1974 0.8421
1975 1.2253
1976 0.9364
1977 2.7013
1978 1.1264
1979 6.2515
1980 1.8970
1981 1.1755
1982 1.2766
1983 1.1616
1984 7.3650
1985 2.1069
1986 1.2019
1987 2.8252
1988 1.1317
1989 0.3905
1990 0.1177
1991 3.0476
1992 0.5232
1993 1.1754
1994 0.3770
1995 5.7773
1996 1.5110
1997 1.3528
1998 2.0054
1999 1.7945
2000 0.8262
2001 0.3138
2002 1.2541
2003 0.8029
2004 0.4431
2005 0.3495
2006 2.0722
2007 3.8672
2008 0.8959
2009 1.4408
2010 0.2868
2011 0.0808
2012 0.3542
2013 2.3585
2014 9.5086
2015 1.3737
2016 0.5826
2017 0.1323
2018 1.7203
2019 1.7163
2020 0.3146
2021 1.2479
2022 0.7785
2023 0.4881
2024 4.1828
2025 0.4279
2026 0.2006
2027 0.6974
2028 4.8338
2029 1.8105
2030 0.2849
2031 1.0928
2032 0.6372
2033 4.8667
2034 1.1167
2035 0.2712
2036 0.4640
2037 0.1423
2038 1.9920
2039 0.1538
2040 0.2903
2041 2.5235
2042 0.4059
2043 2.9536
2044 0.5976
2045 0.1556
2046 0.9826
2047 0.2267
2048 7.5815
2049 10.1319
2050 0.4893
2051 1.7278
2052 0.4865
2053 0.5351
2054 0.7471
2055 11.3685
2056 4.0840
2057 0.0812
2058 2.0414
2059 6.7256
2060 0.3811
2061 1.1670
2062 4.5433
2063 0.0762
2064 0.6551
2065 1.5439
2066 0.0824
2067 0.6294
2068 0.5429
2069 0.2059
2070 1.5060
2071 3.1216
2072 1.4853
2073 0.1942
2074 0.5356
2075 0.3441
2076 2.1227
2077 6.6224
2078 5.5124
2079 0.8235
2080 0.1993
2081 0.4832
2082 0.8511
2083 3.1322
2084 2.0356
2085 2.2155
2086 1.4179
2087 0.4366
2088 5.5537
2089 0.7080
2090 1.1855
2091 0.4646
2092 0.4371
2093 1.1487
2094 4.1390
2095 0.5642
2096 1.5987
2097 0.7365
2098 0.1658
2099 5.2077
2100 0.9637
2101 0.4292
2102 17.5117
2103 8.3109
2104 0.6810
2105 0.6815
2106 0.4428
2107 8.4069
2108 0.2025
2109 1.3715
2110 0.4926
2111 2.7575
2112 1.1146
2113 1.9787
2114 0.3221
2115 0.5314
2116 2.8164
2117 0.5229
2118 0.5407
2119 0.7972
2120 3.5656
2121 0.5271
2122 0.3849
2123 4.7055
2124 5.7798
2125 1.0870
2126 0.7945
2127 1.6832
2128 0.5302
2129 0.5251
2130   NaN
2131 3.7855
2132 1.9726
2133 0.4088
2134 2.3819
2135 0.1171
2136 1.2785
2137 5.4776
2138 0.8635
2139 1.4722
2140 0.2485
2141 0.4660
2142 1.5650
2143 0.2771
2144 0.2345
2145 1.3729
2146 3.1662
2147 1.0190
2148 1.0091
2149 1.5814
2150 0.5630
2151 0.8909
2152 0.2122
2153 1.1330
2154 0.1878
2155 0.6483
2156 0.1795
2157 0.6544
2158 1.1584
2159 0.8388
2160 3.1940
2161 0.3610
2162 5.6553
2163 2.3042
2164 2.1990
2165 3.0759
2166 0.6481
2167 4.6125
2168 0.7103
2169 0.0971
2170 9.3515
2171 0.5554
2172 1.0212
2173 2.4137
2174 0.3850
2175 2.1733
2176 1.4017
2177 0.5653
2178 5.4813
2179 1.2848
2180 1.8120
2181 0.9686
2182 1.0205
2183 1.4836
2184 0.6676
2185 0.4479
2186 0.2506
2187 0.5546
2188 1.4758
2189 0.4401
2190 0.9818
2191 0.8969
2192 0.4821
2193 2.1857
2194 0.0931
2195 4.1110
2196 1.6655
2197 1.6457
2198 3.5851
2199 1.1196
2200 1.6820
2201 0.4460
2202 0.6489
2203 0.3507
2204 1.1020
2205 0.1840
2206 0.2601
2207 0.2125
2208 19.8174
2209 0.4666
2210 0.2472
2211 1.7180
2212 13.0249
2213 4.8188
2214 1.0050
2215 1.0068
2216 6.3371
2217 0.2418
2218 17.0627
2219 0.4890
2220 2.6389
2221 0.5330
2222 2.5660
2223 0.1987
2224 0.9254
2225 0.9581
2226 1.6113
2227 0.1329
2228 0.9460
2229 0.5340
2230 0.4853
2231 1.1616
2232 1.3312
2233 0.2855
2234 14.2286
2235 0.3669
2236 1.1298
2237 0.3797
2238 0.7088
2239 0.8089
2240 2.1268
2241 0.2373
2242 0.2665
2243 1.3780
2244 0.6074
2245 0.1182
2246 0.6694
2247 4.5272
2248 0.5412
2249 1.0816
2250 0.2726
2251 4.6102
2252 1.2841
2253 1.7000
2254 0.4154
2255 1.6206
2256 0.7789
2257 4.8374
2258 0.2895
2259 1.7558
2260 3.1685
2261 1.6317
2262 0.1636
2263 1.4352
2264 2.0878
2265 0.9749
2266 0.4429
2267 4.1571
2268 0.3296
2269 1.5029
2270 2.6718
2271 10.8047
2272 0.2936
2273 0.7154
2274 1.3976
2275 0.8345
2276 1.4364
2277 0.1153
2278 2.1112
2279 0.9872
2280 1.0878
2281 1.2184
2282 2.8478
2283 1.2916
2284 0.9019
2285 1.6092
2286 0.4587
2287 6.1452
2288 17.7832
2289 0.2451
2290 0.1893
2291 2.5408
2292 0.4803
2293 1.2139
2294 2.7462
2295 0.1760
2296 1.7224
2297 0.6007
2298 0.1523
2299 3.5175
2300 0.8221
2301 1.2120
2302 7.1787
2303 0.3893
2304 1.1371
2305 9.1646
2306 4.8256
2307 0.6877
2308 0.5358
2309 0.1309
2310 0.3480
2311 1.7940
2312 3.5802
2313 1.0372
2314 0.4168
2315 0.3206
2316 5.2503
2317 0.4519
2318 0.6816
2319 0.2382
2320 0.7894
2321 0.3787
2322 1.7878
2323 0.8613
2324 0.8298
2325 0.4393
2326 1.3050
2327 0.7917
2328 2.5428
2329 1.9899
2330 1.1184
2331 1.5776
2332 1.7664
2333 1.1777
2334 12.3954
2335 0.5104
2336 0.2386
2337 0.6351
2338 0.4172
2339 1.9473
2340 0.2715
2341 0.4136
2342 1.0571
2343 0.2148
2344 4.8139
2345 1.0911
2346 0.6621
2347 1.2617
2348 0.7615
2349 4.4081
2350 13.4428
2351 0.7952
2352 0.9620
2353 17.4414
2354 0.7171
2355 1.9110
2356 2.0182
2357 0.6462
2358 0.3032
2359 8.3779
2360 8.6809
2361 0.5912
2362 0.5452
2363 0.6009
2364 1.8698
2365 1.0749
2366 4.2881
2367 2.6898
2368 1.0955
2369 2.3991
2370 0.2531
2371 0.8497
2372 0.4638
2373 1.2006
2374 1.9146
2375 0.8205
2376 0.1452
2377 0.3410
2378 1.6073
2379 0.5636
2380 1.6663
2381 0.1376
2382 7.4697
2383 0.4181
2384 6.8023
2385 0.4467
2386 1.4169
2387 0.3776
2388 3.5479
2389 0.2913
2390 1.8844
2391 0.6859
2392 1.2007
2393 0.7905
2394 3.2897
2395 3.4587
2396 3.3382
2397 0.7509
2398 1.1146
2399 0.2427
2400 0.5176
2401 0.6969
2402 0.1900
2403 0.7886
2404 0.9929
2405 9.6856
2406 0.9185
2407 5.0319
2408 2.4793
2409 0.1135
2410 0.5443
2411 1.4308
2412 22.7633
2413 11.8870
2414 0.1011
2415 8.4876
2416 0.2246
2417 0.4830
2418 1.4415
2419 1.2742
2420 0.2412
2421 0.9902
2422 0.8143
2423 1.2682
2424 0.1844
2425 0.2969
2426 1.9390
2427 0.1036
2428 2.2468
2429 0.8877
2430 3.4118
2431 1.8974
2432 3.6458
2433 0.9585
2434 0.5690
2435 0.0861
2436 0.0775
2437 0.2467
2438 0.0939
2439 1.1236
2440 0.1094
2441 3.9598
2442 1.7928
2443 1.0110
2444 1.0767
2445 0.4560
2446 0.2454
2447 0.0778
2448 0.3993
2449 1.8836
2450 1.6289
2451 4.3708
2452 4.9782
2453 0.3726
2454 0.7308
2455 0.7799
2456 0.2732
2457 1.0793
2458 0.5657
2459 0.4590
2460 1.1014
2461 0.9043
2462 0.3758
2463 5.7047
2464 0.4672
2465 0.1664
2466 0.3786
2467 0.9088
2468 1.0242
2469 0.2844
2470 0.4586
2471 0.2439
2472 1.0864
2473 0.4585
2474 0.4351
2475 0.6117
2476 0.8296
2477 0.8042
2478 0.4863
2479 0.3575
2480 0.5655
2481 1.3153
2482 1.9916
2483 0.4910
2484 0.1398
2485 0.5325
2486 0.5041
2487 0.8751
2488 0.3400
2489 0.8489
2490 0.7836
2491 0.6862
2492 0.5073
2493 2.4685
2494 0.3918
2495 0.3878
2496 1.3532
2497 0.2420
2498 2.8305
2499 2.5488
2500 0.1576
