0.9730 0.0063
0.9730 0.0063
0.9730 0.0063
0.9729 0.0063
0.9728 0.0064
0.9726 0.0064
0.9724 0.0065
0.9722 0.0066
0.9719 0.0068
0.9716 0.0069
0.9712 0.0071
0.9708 0.0073
0.9703 0.0075
0.9698 0.0077
0.9693 0.0079
0.9688 0.0082
0.9682 0.0084
0.9676 0.0087
0.9669 0.0090
0.9663 0.0094
0.9656 0.0097
0.9649 0.0100
0.9642 0.0104
0.9634 0.0108
0.9627 0.0112
0.9619 0.0115
0.9612 0.0119
0.9604 0.0123
0.9596 0.0128
0.9588 0.0132
0.9580 0.0136
0.9573 0.0140
0.9565 0.0144
0.9557 0.0148
0.9549 0.0152
0.9541 0.0157
0.9534 0.0161
0.9526 0.0164
0.9518 0.0168
0.9511 0.0172
0.9503 0.0176
0.9496 0.0180
0.9489 0.0183
0.9482 0.0187
0.9475 0.0190
0.9468 0.0193
0.9461 0.0196
0.9454 0.0199
0.9447 0.0202
0.9440 0.0205
0.9433 0.0208
0.9426 0.0211
0.9420 0.0214
0.9413 0.0216
0.9406 0.0219
0.9400 0.0221
0.9393 0.0224
0.9387 0.0226
0.9380 0.0228
0.9373 0.0231
0.9367 0.0233
0.9360 0.0235
0.9353 0.0237
0.9347 0.0240
0.9340 0.0242
0.9333 0.0244
0.9326 0.0246
0.9319 0.0249
0.9312 0.0251
0.9305 0.0253
0.9298 0.0256
0.9291 0.0258
0.9283 0.0261
0.9276 0.0263
0.9268 0.0266
0.9263 0.0266
0.9255 0.0269
0.9247 0.0272
0.9239 0.0276
0.9231 0.0279
0.9222 0.0282
0.9214 0.0286
0.9205 0.0290
0.9196 0.0294
0.9186 0.0298
0.9177 0.0302
0.9167 0.0307
0.9157 0.0312
0.9147 0.0317
0.9136 0.0322
0.9125 0.0328
0.9114 0.0334
0.9102 0.0340
0.9091 0.0347
0.9078 0.0354
0.9066 0.0361
0.9053 0.0369
0.9040 0.0377
0.9026 0.0386
0.9012 0.0395
0.8998 0.0404
0.8983 0.0414
0.8968 0.0425
0.8952 0.0436
0.8936 0.0447
0.8920 0.0459
0.8904 0.0471
0.8887 0.0484
0.8870 0.0497
0.8852 0.0510
0.8835 0.0524
0.8817 0.0539
0.8799 0.0554
0.8781 0.0569
0.8762 0.0584
0.8744 0.0600
0.8725 0.0616
0.8706 0.0632
0.8687 0.0649
0.8669 0.0665
0.8650 0.0682
0.8631 0.0699
0.8612 0.0716
0.8593 0.0732
0.8575 0.0749
0.8556 0.0766
0.8538 0.0782
0.8520 0.0799
0.8502 0.0815
0.8484 0.0831
0.8466 0.0846
0.8448 0.0862
0.8431 0.0877
0.8414 0.0891
0.8397 0.0906
0.8380 0.0920
0.8363 0.0933
0.8347 0.0946
0.8330 0.0959
0.8314 0.0972
0.8298 0.0984
0.8283 0.0995
0.8267 0.1007
0.8252 0.1018
0.8236 0.1029
0.8221 0.1039
0.8206 0.1049
0.8191 0.1059
0.8175 0.1068
0.8160 0.1078
0.8145 0.1087
0.8130 0.1096
0.8115 0.1105
0.8100 0.1114
0.8085 0.1122
0.8070 0.1131
0.8055 0.1139
0.8040 0.1148
0.8025 0.1156
0.8010 0.1164
0.7994 0.1173
0.7979 0.1181
0.7963 0.1190
0.7948 0.1198
0.7932 0.1207
0.7916 0.1215
0.7900 0.1224
0.7884 0.1233
0.7868 0.1242
0.7851 0.1251
0.7835 0.1261
0.7819 0.1270
0.7802 0.1280
0.7785 0.1289
0.7769 0.1299
0.7752 0.1309
0.7735 0.1319
0.7718 0.1329
0.7701 0.1340
0.7684 0.1350
0.7667 0.1360
0.7650 0.1371
0.7633 0.1382
0.7616 0.1392
0.7598 0.1403
0.7581 0.1414
0.7564 0.1424
0.7547 0.1435
0.7530 0.1446
0.7514 0.1456
0.7497 0.1467
0.7480 0.1477
0.7463 0.1488
0.7447 0.1498
0.7430 0.1508
0.7414 0.1518
0.7398 0.1528
0.7381 0.1538
0.7365 0.1548
0.7349 0.1557
0.7333 0.1566
0.7318 0.1576
0.7302 0.1585
0.7287 0.1593
0.7271 0.1602
0.7256 0.1610
0.7241 0.1619
0.7226 0.1627
0.7211 0.1635
0.7196 0.1643
0.7181 0.1651
0.7166 0.1658
0.7152 0.1666
0.7137 0.1673
0.7123 0.1680
0.7108 0.1687
0.7094 0.1695
0.7080 0.1702
0.7065 0.1708
0.7051 0.1715
0.7037 0.1722
0.7023 0.1729
0.7009 0.1736
0.6995 0.1743
0.6981 0.1750
0.6967 0.1756
0.6954 0.1763
0.6940 0.1770
0.6926 0.1777
0.6913 0.1784
0.6899 0.1791
0.6886 0.1798
0.6872 0.1806
0.6859 0.1813
0.6846 0.1820
0.6833 0.1828
0.6819 0.1835
0.6806 0.1843
0.6794 0.1851
0.6781 0.1858
0.6768 0.1866
0.6756 0.1874
0.6743 0.1882
0.6731 0.1890
0.6719 0.1898
0.6707 0.1906
0.6696 0.1914
0.6684 0.1923
0.6673 0.1931
0.6662 0.1939
0.6651 0.1947
0.6640 0.1955
0.6630 0.1964
0.6619 0.1972
0.6609 0.1980
0.6600 0.1988
0.6590 0.1996
0.6581 0.2004
0.6572 0.2012
0.6563 0.2019
0.6554 0.2027
0.6546 0.2035
0.6538 0.2042
0.6530 0.2049
0.6523 0.2057
0.6515 0.2064
0.6508 0.2071
0.6501 0.2078
0.6495 0.2084
0.6488 0.2091
0.6482 0.2097
0.6476 0.2103
0.6471 0.2109
0.6465 0.2115
0.6460 0.2121
0.6455 0.2126
0.6450 0.2132
0.6445 0.2137
0.6441 0.2142
0.6437 0.2147
0.6433 0.2151
0.6429 0.2156
0.6425 0.2160
0.6422 0.2164
0.6419 0.2168
0.6415 0.2171
0.6413 0.2175
0.6410 0.2178
0.6407 0.2181
0.6405 0.2183
0.6403 0.2186
0.6401 0.2188
0.6399 0.2190
0.6397 0.2191
0.6396 0.2193
0.6395 0.2194
0.6394 0.2194
0.6393 0.2195
0.6392 0.2195
0.6392 0.2195
0.0014 0.0000
0.0014 0.0000
0.0014 0.0000
0.0014 0.0000
0.0014 0.0000
0.0014 0.0000
0.0015 0.0000
0.0015 0.0000
0.0016 0.0000
0.0016 0.0000
0.0017 0.0000
0.0018 0.0000
0.0019 0.0000
0.0020 0.0000
0.0021 0.0000
0.0022 0.0000
0.0023 0.0000
0.0025 0.0001
0.0026 0.0001
0.0028 0.0001
0.0030 0.0001
0.0032 0.0001
0.0034 0.0001
0.0036 0.0001
0.0039 0.0001
0.0041 0.0002
0.0044 0.0002
0.0047 0.0002
0.0050 0.0002
0.0054 0.0003
0.0058 0.0003
0.0062 0.0003
0.0066 0.0004
0.0070 0.0004
0.0075 0.0005
0.0080 0.0006
0.0085 0.0006
0.0091 0.0007
0.0096 0.0008
0.0102 0.0009
0.0109 0.0010
0.0115 0.0012
0.0122 0.0013
0.0129 0.0014
0.0136 0.0016
0.0144 0.0018
0.0152 0.0020
0.0160 0.0022
0.0169 0.0024
0.0178 0.0027
0.0187 0.0030
0.0196 0.0033
0.0206 0.0036
0.0215 0.0039
0.0226 0.0043
0.0236 0.0047
0.0247 0.0051
0.0257 0.0055
0.0268 0.0060
0.0280 0.0065
0.0291 0.0070
0.0303 0.0075
0.0315 0.0081
0.0328 0.0087
0.0340 0.0093
0.0353 0.0100
0.0366 0.0107
0.0379 0.0114
0.0392 0.0122
0.0406 0.0129
0.0419 0.0138
0.0433 0.0146
0.0447 0.0155
0.0461 0.0164
0.0476 0.0173
0.0491 0.0183
0.0505 0.0193
0.0520 0.0203
0.0535 0.0214
0.0550 0.0224
0.0565 0.0235
0.0580 0.0246
0.0595 0.0258
0.0611 0.0270
0.0626 0.0282
0.0642 0.0294
0.0658 0.0306
0.0674 0.0319
0.0690 0.0331
0.0706 0.0344
0.0722 0.0357
0.0738 0.0370
0.0754 0.0384
0.0770 0.0397
0.0786 0.0411
0.0803 0.0424
0.0819 0.0438
0.0835 0.0452
0.0852 0.0466
0.0868 0.0480
0.0884 0.0494
0.0901 0.0508
0.0917 0.0522
0.0934 0.0536
0.0950 0.0550
0.0967 0.0564
0.0983 0.0578
0.1000 0.0592
0.1016 0.0605
0.1032 0.0619
0.1049 0.0633
0.1065 0.0647
0.1082 0.0661
0.1098 0.0674
0.1114 0.0688
0.1131 0.0701
0.1147 0.0714
0.1164 0.0728
0.1180 0.0741
0.1196 0.0754
0.1212 0.0767
0.1229 0.0780
0.1245 0.0793
0.1261 0.0805
0.1278 0.0818
0.1294 0.0831
0.1310 0.0843
0.1326 0.0856
0.1342 0.0868
0.1358 0.0880
0.1375 0.0892
0.1391 0.0904
0.1407 0.0916
0.1423 0.0928
0.1439 0.0940
0.1455 0.0952
0.1471 0.0964
0.1488 0.0975
0.1504 0.0987
0.1520 0.0998
0.1536 0.1010
0.1552 0.1021
0.1568 0.1033
0.1584 0.1044
0.1600 0.1055
0.1616 0.1067
0.1633 0.1078
0.1649 0.1089
0.1665 0.1100
0.1681 0.1111
0.1697 0.1122
0.1713 0.1133
0.1729 0.1144
0.1745 0.1155
0.1761 0.1166
0.1778 0.1177
0.1794 0.1188
0.1810 0.1199
0.1826 0.1209
0.1842 0.1220
0.1858 0.1231
0.1875 0.1241
0.1891 0.1252
0.1907 0.1262
0.1923 0.1273
0.1939 0.1283
0.1955 0.1294
0.1972 0.1304
0.1988 0.1314
0.2004 0.1325
0.2020 0.1335
0.2036 0.1345
0.2052 0.1355
0.2069 0.1365
0.2085 0.1375
0.2101 0.1385
0.2117 0.1395
0.2133 0.1405
0.2149 0.1415
0.2166 0.1424
0.2182 0.1434
0.2198 0.1443
0.2214 0.1453
0.2230 0.1462
0.2246 0.1472
0.2263 0.1481
0.2279 0.1491
0.2295 0.1500
0.2311 0.1509
0.2327 0.1518
0.2343 0.1527
0.2359 0.1536
0.2375 0.1545
0.2392 0.1554
0.2408 0.1563
0.2424 0.1572
0.2440 0.1581
0.2456 0.1589
0.2472 0.1598
0.2488 0.1607
0.2504 0.1615
0.2520 0.1624
0.2537 0.1632
0.2553 0.1640
0.2569 0.1649
0.2585 0.1657
0.2601 0.1665
0.2617 0.1674
0.2633 0.1682
0.2649 0.1690
0.2665 0.1698
0.2681 0.1706
0.2697 0.1714
0.2713 0.1722
0.2729 0.1730
0.2745 0.1738
0.2761 0.1746
0.2777 0.1753
0.2793 0.1761
0.2809 0.1769
0.2825 0.1776
0.2840 0.1784
0.2856 0.1791
0.2872 0.1799
0.2888 0.1806
0.2903 0.1814
0.2919 0.1821
0.2935 0.1828
0.2950 0.1836
0.2966 0.1843
0.2981 0.1850
0.2997 0.1857
0.3012 0.1864
0.3028 0.1871
0.3043 0.1878
0.3058 0.1885
0.3074 0.1892
0.3089 0.1899
0.3104 0.1905
0.3119 0.1912
0.3134 0.1919
0.3149 0.1925
0.3163 0.1932
0.3178 0.1938
0.3192 0.1944
0.3207 0.1951
0.3221 0.1957
0.3236 0.1963
0.3250 0.1969
0.3264 0.1975
0.3278 0.1981
0.3291 0.1987
0.3305 0.1993
0.3318 0.1999
0.3332 0.2005
0.3345 0.2011
0.3358 0.2016
0.3371 0.2022
0.3384 0.2027
0.3396 0.2033
0.3409 0.2038
0.3421 0.2044
0.3433 0.2049
0.3444 0.2054
0.3456 0.2059
0.3467 0.2064
0.3478 0.2069
0.3489 0.2074
0.3500 0.2078
0.3510 0.2083
0.3520 0.2087
0.3530 0.2092
0.3540 0.2096
0.3549 0.2100
0.3558 0.2104
0.3567 0.2108
0.3575 0.2112
0.3583 0.2116
0.3591 0.2119
0.3599 0.2123
0.3606 0.2126
0.3613 0.2129
0.3619 0.2132
0.3625 0.2135
0.3631 0.2138
0.3636 0.2140
0.3642 0.2143
0.3646 0.2145
0.3651 0.2147
0.3654 0.2149
0.3658 0.2150
0.3661 0.2152
0.3664 0.2153
0.3666 0.2154
0.3668 0.2155
0.3670 0.2156
0.3671 0.2157
0.3672 0.2157
0.3672 0.2157
0.3672 0.2157
0.6277 0.0936
0.6277 0.0936
0.6276 0.0936
0.6276 0.0936
0.6275 0.0937
0.6275 0.0937
0.6274 0.0937
0.6272 0.0938
0.6271 0.0938
0.6269 0.0939
0.6267 0.0939
0.6265 0.0940
0.6263 0.0941
0.6261 0.0942
0.6258 0.0943
0.6255 0.0944
0.6252 0.0945
0.6249 0.0946
0.6245 0.0947
0.6242 0.0949
0.6238 0.0950
0.6234 0.0952
0.6230 0.0953
0.6225 0.0955
0.6221 0.0956
0.6216 0.0958
0.6211 0.0960
0.6206 0.0962
0.6200 0.0963
0.6195 0.0965
0.6189 0.0967
0.6183 0.0969
0.6177 0.0971
0.6171 0.0974
0.6165 0.0976
0.6158 0.0978
0.6152 0.0980
0.6145 0.0983
0.6138 0.0985
0.6131 0.0988
0.6123 0.0990
0.6116 0.0993
0.6108 0.0995
0.6100 0.0998
0.6092 0.1000
0.6084 0.1003
0.6076 0.1006
0.6068 0.1009
0.6059 0.1011
0.6051 0.1014
0.6042 0.1017
0.6033 0.1020
0.6024 0.1023
0.6015 0.1026
0.6005 0.1029
0.5996 0.1032
0.5986 0.1035
0.5977 0.1038
0.5967 0.1041
0.5957 0.1044
0.5947 0.1047
0.5937 0.1050
0.5927 0.1054
0.5916 0.1057
0.5906 0.1060
0.5895 0.1063
0.5884 0.1066
0.5874 0.1069
0.5863 0.1073
0.5852 0.1076
0.5841 0.1079
0.5830 0.1082
0.5818 0.1086
0.5807 0.1089
0.5796 0.1092
0.5784 0.1095
0.5772 0.1098
0.5761 0.1102
0.5749 0.1105
0.5737 0.1108
0.5725 0.1111
0.5713 0.1115
0.5701 0.1118
0.5689 0.1121
0.5677 0.1124
0.5665 0.1127
0.5652 0.1131
0.5640 0.1134
0.5627 0.1137
0.5615 0.1140
0.5602 0.1143
0.5590 0.1146
0.5577 0.1149
0.5564 0.1152
0.5552 0.1156
0.5539 0.1159
0.5526 0.1162
0.5513 0.1165
0.5500 0.1168
0.5487 0.1170
0.5474 0.1173
0.5461 0.1176
0.5448 0.1179
0.5435 0.1182
0.5422 0.1185
0.5408 0.1188
0.5395 0.1190
0.5382 0.1193
0.5369 0.1196
0.5355 0.1199
0.5342 0.1201
0.5329 0.1204
0.5315 0.1206
0.5302 0.1209
0.5288 0.1211
0.5275 0.1214
0.5262 0.1216
0.5248 0.1219
0.5235 0.1221
0.5221 0.1223
0.5208 0.1226
0.5194 0.1228
0.5181 0.1230
0.5167 0.1232
0.5154 0.1234
0.5141 0.1237
0.5127 0.1239
0.5114 0.1241
0.5100 0.1243
0.5087 0.1245
0.5073 0.1246
0.5060 0.1248
0.5047 0.1250
0.5033 0.1252
0.5020 0.1254
0.5006 0.1255
0.4993 0.1257
0.4980 0.1259
0.4966 0.1260
0.4953 0.1262
0.4940 0.1264
0.4927 0.1265
0.4913 0.1266
0.4900 0.1268
0.4887 0.1269
0.4874 0.1271
0.4861 0.1272
0.4847 0.1273
0.4834 0.1275
0.4821 0.1276
0.4808 0.1277
0.4795 0.1278
0.4782 0.1279
0.4769 0.1280
0.4756 0.1282
0.4743 0.1283
0.4730 0.1284
0.4718 0.1285
0.4705 0.1286
0.4692 0.1287
0.4679 0.1288
0.4666 0.1289
0.4654 0.1289
0.4641 0.1290
0.4629 0.1291
0.4616 0.1292
0.4603 0.1293
0.4591 0.1294
0.4579 0.1294
0.4566 0.1295
0.4554 0.1296
0.4541 0.1296
0.4529 0.1297
0.4517 0.1298
0.4505 0.1299
0.4493 0.1299
0.4481 0.1300
0.4469 0.1300
0.4457 0.1301
0.4445 0.1302
0.4433 0.1302
0.4421 0.1303
0.4409 0.1303
0.4397 0.1304
0.4386 0.1304
0.4374 0.1305
0.4363 0.1305
0.4351 0.1306
0.4340 0.1306
0.4328 0.1306
0.4317 0.1307
0.4306 0.1307
0.4295 0.1308
0.4284 0.1308
0.4273 0.1308
0.4262 0.1309
0.4251 0.1309
0.4240 0.1309
0.4229 0.1310
0.4218 0.1310
0.4208 0.1310
0.4197 0.1311
0.4187 0.1311
0.4176 0.1311
0.4166 0.1312
0.4156 0.1312
0.4146 0.1312
0.4135 0.1312
0.4125 0.1313
0.4115 0.1313
0.4106 0.1313
0.4096 0.1313
0.4086 0.1314
0.4076 0.1314
0.4067 0.1314
0.4057 0.1314
0.4048 0.1314
0.4039 0.1315
0.4030 0.1315
0.4020 0.1315
0.4011 0.1315
0.4003 0.1315
0.3994 0.1316
0.3985 0.1316
0.3976 0.1316
0.3968 0.1316
0.3959 0.1316
0.3951 0.1317
0.3943 0.1317
0.3934 0.1317
0.3926 0.1317
0.3918 0.1317
0.3910 0.1317
0.3903 0.1318
0.3895 0.1318
0.3887 0.1318
0.3880 0.1318
0.3872 0.1318
0.3865 0.1318
0.3858 0.1319
0.3851 0.1319
0.3844 0.1319
0.3837 0.1319
0.3830 0.1319
0.3823 0.1319
0.3817 0.1319
0.3810 0.1320
0.3804 0.1320
0.3798 0.1320
0.3792 0.1320
0.3786 0.1320
0.3780 0.1320
0.3774 0.1320
0.3768 0.1321
0.3763 0.1321
0.3757 0.1321
0.3752 0.1321
0.3747 0.1321
0.3742 0.1321
0.3737 0.1321
0.3732 0.1321
0.3727 0.1322
0.3723 0.1322
0.3718 0.1322
0.3714 0.1322
0.3709 0.1322
0.3705 0.1322
0.3701 0.1322
0.3697 0.1322
0.3694 0.1322
0.3690 0.1323
0.3686 0.1323
0.3683 0.1323
0.3680 0.1323
0.3677 0.1323
0.3674 0.1323
0.3671 0.1323
0.3668 0.1323
0.3665 0.1323
0.3663 0.1323
0.3660 0.1323
0.3658 0.1323
0.3656 0.1324
0.3654 0.1324
0.3652 0.1324
0.3650 0.1324
0.3648 0.1324
0.3647 0.1324
0.3645 0.1324
0.3644 0.1324
0.3643 0.1324
0.3642 0.1324
0.3641 0.1324
0.3640 0.1324
0.3640 0.1324
0.3639 0.1324
0.3639 0.1324
0.3639 0.1324
0.3638 0.1324
0.3638 0.1324
