"V1" "V2" "V3" "V4" "V5" "V6" "V7"
"1" 0 0 0 0 0 0 0
"2" 0.005054771737689 0.0494696744882041 4.83752676783903 9.10089899348081 0.0107582277281367 0.0720687353695971 3.08740813961672
"3" 0.00270238192133276 0.0433736291016769 4.34610604263665 9.89544964590166 0.00731856886973724 0.0982635105312244 3.40606195780792
"4" 0.00621521804569394 0.0475175450125606 4.54647993674293 9.81812316373453 0.0106028237929916 0.0993707252788546 2.43426898020442
"5" 0.00681862619664435 0.0455145619114575 4.55416899438507 9.80909515072398 0.00839505747132613 0.0987270496010724 2.072405603462
"6" 0.00998025162561383 0.0369678013063829 4.17695570971778 9.79287290744172 0.00326703403772484 0.0831641126498647 4.35905622579386
"7" 0.0041015855644528 0.0440736884898436 4.32066068902585 9.84962672906664 0.00758891785295553 0.0991559476238294 3.52761790046957
"8" 0.00520082791343585 0.0450279314540259 4.47053489729687 9.84889448281245 0.00802137764906301 0.0999561357848633 2.68108116920067
"9" 0.0103125312858338 0.0430319835989151 5.20822486834919 8.61017299823541 0.00323540725859584 0.134201891380351 4.59581565255737
"10" 0.00647277566913821 0.0453642827754832 4.52403865313684 9.77310078720653 0.0112107630222826 0.100120268674674 2.40783023605209
"11" 0.00750146871457968 0.0466180202744434 4.67119520041317 9.8691754181546 0.00451273347655929 0.0800968485152916 1.846150452066
"12" 0.00624183093749525 0.0449510236595973 4.34612632070381 9.87997525693997 0.00362253593256186 0.0837599480896171 2.88711604598437
"13" 0.00632566300095484 0.0469287067352013 4.66811670325585 9.6857437502157 0.0103961951552596 0.102126915954328 1.82656522784785
"14" 0.00479539176703648 0.0465142709743895 4.4479607702367 9.78516347957148 0.00708307845814955 0.0980166904533525 2.56582940978301
"15" 0.00528770362839229 0.0457544937718896 4.56983117966861 9.82587734677747 0.00902782706715281 0.0992697529871888 2.99175510948852
"16" 0.00723517833717359 0.048069643373625 4.71937397361278 9.85796308290611 0.00368768786087932 0.0966854847328907 2.33645641111332
"17" 0.00371892903312149 0.0460403263554789 4.53554348982428 9.54931305850763 0.00307979399272129 0.0986653833506298 3.3870369687533
"18" 0.00791507861765991 0.0463856358158108 4.62585313140092 11.469814417306 0.0166367323131042 0.111085326173737 3.80919505525263
"19" 0.00671387834829001 0.0481535237284101 4.62780549852563 10.3986113325753 0.00812071103628902 0.0777226131065724 2.60782200999898
"20" 0.00121314133618919 0.0415716449762229 4.583530139955 9.78859056663958 0.00725195278137047 0.088559220487882 3.29506054416182
"21" 0.00329416057124971 0.0432475574599705 4.32551531015312 9.82146965232377 0.00898633199722725 0.101314486099141 3.24563544663797
"22" 0.0072808432653878 0.0453920559035506 4.6070672069665 9.78402512764841 0.00399850091195751 0.0999759486042487 2.57739250394622
"23" 0.00654352644460237 0.0513741087417793 4.57327018231374 10.5890224839001 0.0147753443096438 0.0835312675417199 4.41629359073164
"24" 0.0100035537109466 0.0529173402568959 4.72962582342198 11.2281280977754 0.0108256908916302 0.10958824734165 3.57460196016399
"25" 0.00748083486730887 0.0458771465802034 4.66556059085629 9.92857360664679 0.00554814886481595 0.0993548804935882 2.17737583781983
"26" 0.00486297712741609 0.043791531020984 4.37006990252283 9.81390950905987 0.0103984202731688 0.0977577564971614 2.95243116912576
"27" 0.00273905888042246 0.0417110732794134 4.4253134714758 10.3332080518804 -0.00347661333647675 0.10463514034336 3.80171499652126
"28" 0.00641858964947755 0.0462736361954993 4.65155189194589 9.81786835216912 0.00885394629747532 0.10101680389162 2.05184684493666
"29" 0.00704253280840022 0.042940446668315 4.3795637159848 9.78589658149967 0.00818786498347631 0.0986586277324095 1.82032669422585
"30" 0.00538298293884642 0.0438606180507331 4.44712843824162 10.4052610666878 0.00388723089601458 0.0928722577409483 2.91298923366346
"31" 0.00531020699699641 0.0451599703318074 4.48460976268411 9.7039879561085 0.00833936073502416 0.10062515274362 2.60808666491058
"32" 0.00771834475537975 0.0432871682292324 4.52458232343983 10.0490710799664 0.00381080723183651 0.0897591779464737 2.05530230789302
"33" 0.0039707149285915 0.0483808843409042 4.38169936463407 10.344766849027 0.00518781382523145 0.100885952293718 3.07073259230722
"34" 0.00692062718484199 0.0454097102765971 4.52865502837521 9.83172315765693 0.00280178935045512 0.0984977450813196 2.13197647767936
"35" 0.0109364972408274 0.0377693618070303 4.34373384570219 9.88685743608712 0.00693961153394515 0.082353857890626 3.37391983270696
"36" 0.00499313341458676 0.0504460189855028 4.79791419329185 9.73018502149974 0.0103432781965207 0.112279400332174 2.63852153244494
"37" 0.00847749688857122 0.0451671534719117 4.52694316196854 10.1470427342504 0.00211228949055086 0.0956427565555011 2.02780934485108
"38" 0.00637175466676864 0.0521119883850487 5.07533104253858 10.0968044882748 0.00384619298610226 0.0949562207054025 2.56546980620799
"39" 0.0053325439936619 0.066663587812402 6.93572439660261 21.9564000320123 0.0159962385436153 0.115374169336141 37.9101363563274
"40" 0.00967052330894751 0.0535424194996841 6.36300388962723 16.5593767469591 -0.036145528832764 0.111615760502334 22.4843149681042
"41" 0.00721451350597944 0.0454086777216953 4.56306430865909 9.77642310334642 0.0073218230594782 0.0992583336031302 2.67047726372033
"42" 0.00650919062854895 0.0452256538789857 4.60841166025858 9.8152316129577 0.00331789212743465 0.0970796108173468 2.63558169060822
"43" 0.0058291334848456 0.0459874568582871 4.49382600215347 9.74975031471088 0.00994901580905341 0.100779967645712 2.06114255947159
"44" 0.0113577788225183 0.0348957006577718 3.23298165123985 11.9916533833012 -0.000251763953968867 0.0948499444391284 5.74122349306735
"45" 0.00478402632789761 0.0442279679579611 4.40551518166732 9.85023909462105 0.0103576720090737 0.100027395216256 2.31614293758699
"46" 0.00320181681471732 0.0429636186735698 4.30478578790368 9.79195822133062 0.00892050943094719 0.101641869506458 3.86630894199629
"47" 0.0043157619202886 0.0447117171081341 4.49386611551029 9.85966789246705 0.00528595065237528 0.102001535917589 2.29528883399391
"48" 0.00851705998179091 0.0399368937476381 4.0321753574949 10.288615593646 0.00409052522003129 0.102080888940244 2.79732152866535
"49" 0.00322965982859046 0.0432241783807223 4.24494776016278 9.79754541467832 0.00500524028963901 0.0981833280994626 3.47199043767982
"50" 0.00618493670820923 0.0444171042568903 4.40834198373373 9.79077871756305 0.00404414498002331 0.0969082654055709 2.8044736618269
"51" -0.00148600006237298 0.0468320988024538 5.81468525123976 19.1021546468477 -0.0238105785754815 0.0820615791506568 29.5251193783405
"52" 0.00221152616981299 0.0501938523161045 4.78022399248462 8.75521103718888 0.00907671554235925 0.0931104044393045 3.16412589571799
"53" 0.00578759444465085 0.0455028158104043 4.62670029618947 9.92099422743414 0.00558118384134128 0.0968806567249703 2.32522203104234
"54" 0.00674352177488804 0.0460365123769431 4.74421776678163 9.67746028351342 0.00890069766667907 0.095411778557674 2.56853011995934
"55" 0.00752011580958708 0.0488046404080097 4.57290993758411 9.59447651840606 0.0136375967052302 0.0994031689902041 3.04907831874963
"56" 0.00630755136130874 0.0466590276063307 4.65011097246053 9.81578331618016 0.0057294741031131 0.0979181214448035 2.23684069605432
"57" 0.00676287995681462 0.0472323798856628 4.58670884995524 9.75284832062862 0.00928819023251314 0.100915858989298 2.29052418816079
"58" 0.0059603725503052 0.0436603344603903 4.49365538716911 9.82358744761155 0.00745266406979024 0.10243737198148 2.43999143002857
"59" 0.000172762960962706 0.0255424575603576 2.89234365860829 10.9168839386843 0.00831749191031893 0.0898180887017809 5.38969213711099
"60" 0.00648106766662443 0.0456421436746498 4.51997576244965 9.81106130251381 0.00581964503383081 0.0977902448004554 2.75596187900865
"61" 0.00634738208964436 0.0464212340123975 4.73071742087053 9.82181692710686 0.00820388084542908 0.0990056254402135 2.05378897867764
"62" 0.00852137151308129 0.0388681603324519 4.21826369928009 11.8740318148431 0.0137036889276476 0.111244190163233 4.18224544344328
"63" 0.00572977763791458 0.0450288656620457 4.52842931096255 9.98356103300128 0.00317255411064364 0.100940946293345 2.3587543484079
"64" 0.0038293927836397 0.0443191472642318 4.30415626686741 9.86513891974496 0.00609891953431223 0.0976848802870391 3.30717361465385
"65" 0.00436645439002662 0.0446876601816389 4.59947281235354 10.7919154808004 0.0116572403709092 0.102332001369978 3.06503159605162
"66" 0.006033533581411 0.0490488522669399 4.82731546314498 7.889481626255 -0.0160837831889968 0.0770623776675984 4.68807252516816
"67" 0.00549952357424301 0.0461698107826913 4.54214627974492 9.86071756588424 0.00641638179690081 0.0946956677606335 2.05907637652378
"68" 0.00369167163538693 0.0453003206381351 4.58477666345528 9.17745425010293 0.00987529560253664 0.0945479325142827 3.31150614921656
"69" 0.00368559521370269 0.0473452554178507 3.9191863008685 11.3322337792787 0.00779024015895632 0.106988483942467 3.73673410350639
"70" 0.0051941014097983 0.0448001672279009 4.50353800624462 9.39241744407448 0.0081254391038852 0.106495772785714 2.78006670056144
"71" 0.00857552884450088 0.0442467927160431 5.05124983586848 13.9849286121877 0.0139729758869482 0.107393695704255 6.95270275872725
"72" 0.00827746237267133 0.0457211126690553 4.64266611170916 9.91075170066755 0.00736763209168754 0.098039214591462 1.70564990859107
"73" 0.00105621826380435 0.0456249429711014 4.52801560332683 9.60582624865389 0.00450318892671403 0.0902052453086863 3.08127707577257
"74" 0.00509202684481759 0.0481585939591943 4.53200172575697 9.83110618910472 0.00878986432076788 0.11206854055199 2.93194957649437
"75" 0.0046659685868429 0.0461639631135921 4.5247533297344 9.78717541272091 0.00570450667990679 0.0969982375904104 2.49109179313803
"76" 0.0069285302071563 0.0461332506869558 4.83853444887319 10.0518746417729 -0.000778027095996326 0.0932526741258109 3.11583070460625
"77" 0.00558286700906766 0.0443433664701275 4.49454889681062 9.76765453010196 0.00830712229615909 0.0996940094736192 2.43804868697098
"78" 0.00576801990286134 0.0450267450513489 4.68156944456476 9.59177561801723 0.00505693297958431 0.105599530389243 2.72445360702389
"79" 0.00525556664443664 0.0423756575910879 4.22514074006067 9.69855687977148 0.00783825085710413 0.0913352764476199 3.13644245629805
"80" 0.00735224294753614 0.0415360827204157 4.43715031725654 9.67336536541663 0.00168051961990692 0.0625795606937281 3.67013565758138
"81" 0.00413175224809753 0.0405031340325513 4.36964657629718 10.4649594601314 0.0117889996582976 0.0997566901390587 3.0747777435006
"82" 0.00240236159025348 0.0459377255411677 4.38605776235896 9.85598101683914 0.00629041536281134 0.0964702960794852 3.24712095607703
"83" 0.0097725812876159 0.0596210579398482 5.73263634149959 9.5662191229657 0.0199380453977041 0.134182688575641 3.55935352392041
"84" 0.00565194680686439 0.0461033436768169 4.42662745246473 9.76645784925057 0.0101019033860053 0.100086252830434 2.03749238363814
"85" 0.0049187901781739 0.0445396540209542 4.59380366777631 9.78652178328957 0.00779465774901521 0.10143037405181 2.62483700013447
"86" 0.00503043535587684 0.0465207662285931 4.66096749903922 9.82940133742464 0.00963848581832448 0.101747345305919 2.48567956738661
"87" 0.00641226364009506 0.0403431168902441 4.65947968645952 9.51273917221991 0.0107978858122269 0.150467597201795 4.03671509546596
"88" 0.00715236020522145 0.0462343840825728 4.57234828961099 9.62559419667494 0.00646917640093306 0.10962065528461 2.71191173168413
"89" 0.00557840990852815 0.0451300926208446 4.39850846377616 9.85343543884489 0.00365160647763099 0.0960311895729919 2.05648859821134
"90" 0.00525751534993402 0.0467166580810661 4.42080915128543 9.91897095893534 0.0130446057197117 0.0911139015716555 2.86457384668219
"91" 0.00427014134438651 0.0584788987865289 5.2150166243517 8.70982919616534 0.0150969307998566 0.0887435328015511 5.79765718769715
"92" 0.00319673760132694 0.0455471048382441 4.36622589403417 9.68765948990194 0.0118090805440749 0.100466425961293 3.41598320475774
"93" 0.00472983146637031 0.0490867735260998 4.48265537712614 9.911135115868 0.00390456815878882 0.0755333175640657 3.36665026338576
"94" 0.00673092995616156 0.0476984085065038 6.28774843346921 20.9386332884185 0.031128256152776 0.0786982946930104 36.3478232556719
"95" 0.00481512137389979 0.045316885637351 4.46129259206793 9.79735610244363 0.00883231934075675 0.100710520873485 2.81075311140329
"96" 0.00168999696985959 0.0385627411023973 3.87913127870025 10.1679831368567 0.0030526420743804 0.082534498378748 4.07932848370051
"97" 0.00706005419101637 0.0455745490089639 4.49296440655929 9.78625357064578 0.0101137539998927 0.0992359622489691 2.71065251893663
"98" 0.00675948323886478 0.0447878870243575 4.3697682821111 9.98010372100067 0.00941225347050994 0.0949746627850195 3.01653853904155
"99" 0.00580655338365308 0.042496354401818 4.30657412916336 11.3664753327823 0.00976998603751714 0.156776672790869 5.49818892013803
"100" 0.00274542168795156 0.0470240140310805 4.46052217116647 9.89735699953734 0.00868712893003905 0.120919770973033 2.89484216384849
"101" 0.00608749391068696 0.0458065914482884 4.49804309666299 9.92034804112079 0.00475745282412086 0.0989485910781519 2.40065226291756
