2501 5.3399
2502 17.1466
2503 11.4296
2504 3.3390
2505 5.3989
2506 10.0920
2507 3.5318
2508 2.6172
2509 2.9181
2510 12.4084
2511 17.3256
2512 2.7563
2513 3.4764
2514 16.5156
2515 0.3698
2516 3.4620
2517 6.0939
2518 24.8890
2519 0.5800
2520 5.2441
2521 4.3780
2522 110.4995
2523 0.9344
2524 6.7924
2525 3.1098
2526 10.8702
2527 32.8771
2528 11.0494
2529 39.6824
2530 9.7792
2531 4.0092
2532 0.9365
2533 0.1423
2534 0.5192
2535 15.5059
2536 44.6020
2537 37.6375
2538 1.6791
2539 19.3115
2540 21.1369
2541 0.3119
2542 3.6716
2543 2.8462
2544 9.4358
2545 0.5598
2546 23.3361
2547 109.8553
2548 5.5210
2549 0.2017
2550 1.5945
2551 15.9009
2552 4.6961
2553 1.1394
2554 19.1059
2555 25.7283
2556 3.2604
2557 1.4470
2558 14.2254
2559 0.4174
2560 36.7131
2561 21.5474
2562 0.3810
2563 5.1662
2564 5.7587
2565 29.2900
2566 13.7052
2567 0.3348
2568 6.1328
2569 22.1064
2570 0.7174
2571 10.5013
2572 28.3251
2573 20.6880
2574 0.9719
2575 6.1699
2576 39.3980
2577 16.6802
2578 0.7778
2579 7.4690
2580 26.0403
2581 25.3049
2582 1.0087
2583 1.7277
2584 1.2127
2585 6.3575
2586 4.4001
2587 1.0384
2588 12.6948
2589 47.5451
2590 0.5181
2591 2.1948
2592 11.2754
2593 33.1187
2594 5.5383
2595 15.6616
2596 1.7860
2597 2.5086
2598 8.5739
2599 33.1270
2600 0.5010
2601 19.1957
2602 2.4369
2603 14.7810
2604 1.2922
2605 11.1566
2606 18.2646
2607 31.9164
2608 3.7639
2609 22.5044
2610 1.6937
2611 2.6290
2612 2.1026
2613 12.2557
2614 3.9639
2615 0.4282
2616 2.7020
2617 1.8692
2618 5.1554
2619 27.0717
2620 0.8776
2621 17.1154
2622 49.8011
2623 11.6820
2624 1.6975
2625 34.6413
2626 16.4589
2627 12.8056
2628 7.8754
2629 1.5842
2630 3.3766
2631 1.0354
2632 0.6833
2633 34.3427
2634 7.2202
2635 21.5466
2636 11.4894
2637 0.5918
2638 27.5059
2639 6.3219
2640 12.3349
2641 7.8950
2642 4.1775
2643 0.1877
2644 43.2530
2645 15.5501
2646 1.1364
2647 2.9987
2648 16.5555
2649 9.1845
2650 35.9081
2651 75.1524
2652 9.8989
2653 1.3310
2654 18.5150
2655 4.0681
2656 8.8884
2657 2.5509
2658 9.3325
2659 0.9108
2660 19.7488
2661 8.8970
2662 5.8704
2663 17.2890
2664 0.6548
2665 3.1419
2666 1.1887
2667 4.0199
2668 9.5888
2669 1.7619
2670 1.9394
2671 29.9306
2672 26.6747
2673 3.9731
2674 6.1244
2675 19.9654
2676 6.6356
2677 4.3127
2678 10.3080
2679 21.4483
2680 4.1970
2681 1.4399
2682 8.5233
2683 14.3823
2684 0.3810
2685 63.4073
2686 7.7616
2687 2.3620
2688 5.1971
2689 0.9545
2690 1.9975
2691 1.2495
2692 10.8874
2693 13.6206
2694 13.0940
2695 0.5473
2696 5.6390
2697 0.4370
2698 65.9564
2699 20.6044
2700 2.4317
2701 16.0760
2702 8.1624
2703 4.0295
2704 1.9573
2705 10.1667
2706 8.9317
2707 37.1903
2708 0.7524
2709 3.0182
2710 1.4980
2711   NaN
2712 2.3337
2713 1.3402
2714 0.6942
2715 19.9137
2716 35.2437
2717 1.9077
2718 36.0760
2719 1.2697
2720 25.4146
2721 27.8223
2722 8.7337
2723 0.7085
2724 1.7382
2725 33.4258
2726 4.5901
2727 11.8567
2728 1.4197
2729 0.3006
2730 5.2620
2731 11.3497
2732 25.1389
2733 6.0293
2734 2.5674
2735 0.8371
2736 18.9786
2737 6.2312
2738 0.1822
2739 7.4914
2740 3.8223
2741 31.2828
2742 1.1526
2743 2.4410
2744 0.3758
2745 0.4997
2746 31.3723
2747 46.0418
2748   NaN
2749 0.2947
2750 0.4896
2751 1.2785
2752 1.0361
2753 9.8858
2754 2.2368
2755 21.2337
2756 11.9815
2757 32.8258
2758 54.9709
2759 4.5165
2760 12.5518
2761 3.4829
2762 1.8861
2763 24.6599
2764 4.3843
2765 16.8412
2766 1.8627
2767 11.5592
2768 8.8039
2769 2.9014
2770 3.1176
2771 1.7132
2772 12.5241
2773 32.9402
2774 5.7836
2775 13.5672
2776 2.8143
2777 29.8846
2778 6.5144
2779 2.1115
2780 22.2244
2781 8.6844
2782 1.7998
2783 6.8357
2784 17.7131
2785 13.3670
2786 13.5992
2787 6.8044
2788 24.5069
2789 21.8634
2790 3.4976
2791 21.8989
2792 2.1879
2793 4.8771
2794 4.4742
2795 23.4655
2796 9.2263
2797 8.8633
2798 6.3643
2799 0.8115
2800 1.1331
2801 3.4949
2802 24.0474
2803 0.4814
2804 1.0771
2805 16.2165
2806 6.3543
2807 3.7022
2808 27.0371
2809 2.0734
2810 27.0802
2811 0.8898
2812 29.7542
2813 35.1783
2814 0.4084
2815 18.7714
2816 8.2927
2817 0.7715
2818 41.5385
2819 1.4267
2820 6.1135
2821 11.5367
2822 3.9598
2823 27.9083
2824 0.9419
2825 6.6378
2826 19.2568
2827 2.2231
2828 3.7523
2829 31.6010
2830 0.3009
2831 7.8173
2832 0.7012
2833 4.7483
2834 1.0784
2835 2.4815
2836 3.0003
2837 3.3546
2838 3.4994
2839 20.3256
2840 17.6304
2841 2.2719
2842 0.4423
2843   NaN
2844 18.3258
2845 8.8169
2846 0.8033
2847 5.9754
2848 13.0515
2849 2.9331
2850 10.2336
2851 15.5165
2852 0.3847
2853 0.4130
2854 3.0147
2855 38.3933
2856 1.8802
2857 2.1861
2858 8.3639
2859 9.3379
2860 11.1762
2861 3.1379
2862 41.1872
2863 0.4175
2864 6.0204
2865 3.0914
2866 1.1990
2867 28.1774
2868 5.3609
2869 3.9553
2870 2.5794
2871 1.1601
2872 52.2287
2873 5.5700
2874 2.0729
2875 17.2687
2876 16.3302
2877 7.0695
2878 9.5077
2879 3.1696
2880 39.1867
2881 4.2890
2882 12.2245
2883 2.6803
2884 2.0356
2885 9.5208
2886 29.3883
2887 39.9358
2888 19.6701
2889 10.6291
2890 0.5168
2891 3.8175
2892 76.7100
2893 4.0366
2894 0.2229
2895 43.0357
2896 0.4982
2897 12.0672
2898 3.3458
2899 28.3692
2900 6.6437
2901 2.6950
2902 29.9130
2903 4.3946
2904 21.7002
2905 20.3230
2906 34.3935
2907 35.4968
2908 22.1688
2909 0.9806
2910 0.2574
2911 20.8677
2912 0.4620
2913 22.2790
2914 14.1746
2915 26.2486
2916 0.6982
2917 2.2202
2918 47.8452
2919 1.1899
2920 13.8387
2921 12.3276
2922 13.7241
2923 8.0774
2924 24.5568
2925 51.7669
2926 2.6164
2927 1.8381
2928 6.8752
2929 10.9544
2930 2.9816
2931 3.1770
2932 11.6774
2933 9.8679
2934 0.8996
2935 22.8578
2936 58.2477
2937 19.0503
2938 8.3446
2939 2.7688
2940 11.9878
2941 31.4234
2942 6.0454
2943 0.4637
2944 6.9396
2945 1.2542
2946 1.1880
2947 5.1033
2948 0.5760
2949 0.5969
2950 10.1237
2951 7.7798
2952 2.2213
2953 2.0893
2954 0.7716
2955 1.9799
2956 1.8355
2957 3.4542
2958 16.9997
2959 13.1379
2960 34.8011
2961 1.7374
2962 11.1790
2963 0.8522
2964 21.4668
2965 1.5124
2966 4.3924
2967 0.9436
2968 7.2386
2969 15.9160
2970 2.7879
2971 21.4320
2972 1.3389
2973 2.1695
2974 0.7800
2975 3.2111
2976 12.8672
2977 12.5076
2978 11.5225
2979 10.2562
2980 6.3018
2981 1.0491
2982 6.2740
2983   NaN
2984 0.1324
2985 19.8440
2986 3.9991
2987 27.2278
2988 0.9264
2989 6.9788
2990 5.7698
2991 31.5414
2992 1.8550
2993 46.6394
2994 3.6309
2995 1.1868
2996 0.7698
2997 18.3730
2998 1.4873
2999 11.0740
3000 0.8994
3001 0.5769
3002 2.3563
3003 24.8281
3004 1.2192
3005 32.9234
3006 2.3567
3007 5.4142
3008 17.7470
3009 1.0130
3010 39.0823
3011 12.8891
3012 18.6844
3013 1.7500
3014 37.8716
3015 4.3585
3016 0.6450
3017 31.2936
3018 6.4151
3019 8.2128
3020 6.0645
3021 6.6836
3022 9.1129
3023 1.9898
3024 0.5348
3025 6.6007
3026 16.6154
3027 22.5614
3028 17.9050
3029 10.2005
3030 5.8433
3031 24.5903
3032 7.1435
3033 0.6298
3034 29.0188
3035 14.6028
3036 0.7111
3037 19.5875
3038 61.9849
3039 0.2363
3040 6.5310
3041 9.4846
3042 0.9659
3043 28.3108
3044 88.8598
3045   NaN
3046 3.9103
3047 0.5215
3048 0.3865
3049 1.2327
3050 4.0360
3051 73.1811
3052 2.6130
3053 30.1538
3054 0.4503
3055 27.2403
3056 8.2929
3057 18.2070
3058 2.4372
3059 3.4044
3060 24.2009
3061 4.2717
3062 2.8268
3063 2.3525
3064 0.3905
3065 3.3355
3066 6.3279
3067 0.6259
3068 8.9169
3069 30.1421
3070 26.3696
3071 34.5898
3072 0.1448
3073 2.8255
3074 1.6826
3075 7.7464
3076 19.6845
3077 5.8924
3078 6.0361
3079 3.8399
3080 38.0190
3081 5.6759
3082 1.7052
3083 0.9019
3084 2.6838
3085 10.6496
3086 6.3314
3087 17.6425
3088 27.3968
3089 3.6239
3090 2.4028
3091 0.5141
3092 5.7222
3093 4.7581
3094 4.1940
3095 25.0328
3096 0.5453
3097 6.1594
3098 22.6105
3099 6.7258
3100 1.7651
3101 5.3973
3102 4.2663
3103 0.1276
3104 19.9846
3105 14.5385
3106 11.0569
3107 4.5679
3108 13.2906
3109 1.6671
3110 5.3137
3111 7.2265
3112 5.0868
3113 13.4514
3114 1.3223
3115 10.4088
3116 0.3467
3117 15.5045
3118 9.3871
3119 0.7298
3120   NaN
3121 3.9749
3122 7.7240
3123 5.7655
3124 21.0508
3125 5.4785
3126 2.5250
3127 1.7215
3128 39.4506
3129 7.9194
3130 8.9299
3131 3.2450
3132 1.6444
3133 6.8871
3134 0.1583
3135 4.8917
3136 4.2543
3137 7.2451
3138 3.5936
3139 2.9668
3140 15.4094
3141 1.1218
3142 0.8624
3143 89.1459
3144 64.8207
3145 2.5361
3146 5.6681
3147 4.2175
3148 6.0458
3149 1.2981
3150 4.8128
3151 0.2238
3152 0.7268
3153 0.9101
3154 24.1598
3155 5.1523
3156 3.7209
3157 7.7941
3158 1.4323
3159 2.3952
3160 66.3795
3161 1.4081
3162 1.2893
3163 28.1373
3164 0.6533
3165 10.9029
3166 0.7158
3167 0.5838
3168 1.2552
3169 13.7147
3170 2.5516
3171 3.7169
3172 1.3881
3173 2.6439
3174 27.0100
3175 62.8671
3176 31.2925
3177 4.4439
3178 9.4643
3179 0.9477
3180 2.7359
3181 9.0682
3182 26.5608
3183 19.1183
3184 0.8474
3185 22.2466
3186 0.5779
3187 11.3328
3188 14.0835
3189 1.7723
3190 1.8711
3191 19.7894
3192 3.6926
3193 20.6240
3194 0.6277
3195 0.5675
3196 12.9257
3197 24.4941
3198 12.7716
3199 1.8203
3200 21.4564
3201 0.3943
3202 14.8337
3203 0.1715
3204 5.5785
3205 26.1735
3206 23.0595
3207 0.5821
3208 14.5692
3209 3.1287
3210 6.2775
3211 6.9426
3212 12.5877
3213 2.8968
3214 5.2330
3215 42.7599
3216 2.0140
3217 1.9176
3218 1.3831
3219 24.7946
3220 15.4888
3221 13.1438
3222 26.9279
3223 4.7639
3224 1.3268
3225 4.5180
3226 4.1361
3227 13.8956
3228 23.4329
3229 21.2612
3230 37.3866
3231 1.0341
3232 5.7760
3233 3.8805
3234 2.4401
3235 1.3753
3236 44.1730
3237 8.0409
3238 0.5488
3239 22.3235
3240 0.3491
3241 4.4062
3242 34.8900
3243 20.3617
3244 4.0562
3245 3.0382
3246 3.9017
3247 0.7120
3248 0.2707
3249 4.7041
3250 14.1989
3251 24.7547
3252 3.2773
3253 3.3986
3254 4.3342
3255 23.9132
3256 14.8574
3257 3.3958
3258 0.9282
3259 13.6096
3260 0.6662
3261 2.7837
3262 0.8016
3263 21.8650
3264 3.6690
3265 72.3833
3266 0.2296
3267 9.2427
3268 2.5381
3269 6.4081
3270 1.7750
3271 4.0293
3272 6.3142
3273 0.9439
3274 1.3541
3275 14.7082
3276 0.8210
3277 1.8957
3278 0.5317
3279 0.6300
3280 5.7891
3281 0.6377
3282 0.1935
3283 21.9242
3284 2.6832
3285 3.7878
3286 23.6610
3287 2.6819
3288 0.1861
3289 0.8352
3290 0.5389
3291 16.8811
3292 40.3265
3293 3.0718
3294 5.6048
3295 0.6907
3296 2.1211
3297 15.0853
3298 8.3557
3299 64.8215
3300 1.9138
3301 1.5288
3302 2.1674
3303 0.6922
3304 29.0289
3305 17.2202
3306 37.4764
3307 1.5877
3308 10.8866
3309 5.4153
3310 12.8680
3311 2.7665
3312 1.9497
3313 2.0418
3314 12.0655
3315 26.0163
3316 16.9230
3317 7.6839
3318 10.5033
3319 1.0941
3320 1.5161
3321 5.7671
3322 0.6592
3323 2.4547
3324 17.3762
3325 0.7879
3326 2.5447
3327 1.6027
3328 10.0644
3329 6.9534
3330 10.3232
3331 6.2904
3332 18.4149
3333 1.7663
3334 3.4473
3335 52.5525
3336 0.5005
3337 24.7965
3338 11.9186
3339 20.5191
3340 0.8594
3341 2.2015
3342 1.6442
3343 16.6395
3344 1.1110
3345 6.8587
3346 33.8513
3347 16.9395
3348 10.2008
3349 3.3402
3350 26.4070
3351 3.1815
3352   NaN
3353 1.6167
3354 21.7179
3355 4.0915
3356 20.4803
3357 12.6082
3358 9.8514
3359 40.7065
3360 1.6229
3361 12.5160
3362 5.1531
3363 1.0177
3364 1.7502
3365 1.9606
3366 0.6370
3367 8.7991
3368 4.3954
3369 21.4374
3370 1.0997
3371   NaN
3372 5.4675
3373 1.8773
3374 16.0050
3375 11.9122
3376 67.0750
3377 12.8668
3378 15.6295
3379 2.0718
3380 33.5989
3381 24.1327
3382 17.2262
3383 9.8555
3384 36.3567
3385 0.3320
3386 39.5229
3387 1.6786
3388 35.8346
3389 0.8309
3390 0.4699
3391 6.0053
3392 0.5037
3393 1.3752
3394 0.1841
3395 9.4746
3396 3.3532
3397 1.8973
3398 0.3858
3399 4.1028
3400 0.7103
3401 0.1483
3402 16.0803
3403 14.0804
3404   NaN
3405 32.4326
3406 43.4475
3407 26.4182
3408 2.6001
3409 0.7494
3410 34.6920
3411 1.1108
3412 12.2823
3413 8.7930
3414 3.7770
3415 2.2234
3416 8.4861
3417 18.2072
3418 3.6844
3419 29.3524
3420 3.5667
3421 3.7394
3422 0.3103
3423 0.4335
3424 2.6965
3425 0.7799
3426 11.1374
3427 39.4140
3428 2.5565
3429 0.3956
3430 30.2406
3431 1.8759
3432 1.7935
3433 1.6501
3434 11.4431
3435 0.4208
3436 1.3341
3437 16.1962
3438 4.2323
3439 3.5051
3440 4.9552
3441 4.5784
3442 12.4715
3443 8.8159
3444 68.2068
3445 13.3995
3446 13.1929
3447 8.6999
3448 3.3748
3449 2.5972
3450 11.0069
3451 17.7187
3452 2.2707
3453 3.4537
3454 0.1140
3455 2.7167
3456   NaN
3457 2.9477
3458 18.2996
3459 3.6434
3460 5.2481
3461 0.6808
3462 2.0171
3463 1.4999
3464 20.8813
3465 6.6323
3466 9.6604
3467 0.5113
3468 12.2639
3469 2.1578
3470 1.4483
3471 7.8962
3472 4.6565
3473 31.7121
3474 8.8359
3475 2.1128
3476 1.8283
3477 4.7451
3478 9.9830
3479 2.2550
3480 0.8328
3481 26.5418
3482 2.6922
3483 23.2123
3484 6.3467
3485 2.2816
3486 43.9484
3487 51.1962
3488 2.7515
3489 21.4363
3490 6.0019
3491 3.9973
3492 5.8599
3493 0.9304
3494 0.1909
3495 7.5778
3496 33.5819
3497 1.9635
3498 28.8789
3499 1.4567
3500 0.6909
3501 0.4788
3502 0.5725
3503 31.9283
3504 11.8372
3505 18.3413
3506 2.5514
3507 3.3112
3508 73.8072
3509 8.5829
3510 20.2816
3511 0.3436
3512 0.1195
3513 45.9096
3514 74.5161
3515 2.3025
3516 6.4274
3517 2.2718
3518 24.3713
3519 35.4569
3520 5.1494
3521 22.7522
3522 34.2122
3523 8.4841
3524 12.7215
3525 6.8972
3526 0.4020
3527 20.9447
3528 1.1465
3529 1.0121
3530 33.0812
3531 9.8540
3532 2.8585
3533 1.5203
3534 2.8605
3535 5.6532
3536 3.4432
3537 7.3999
3538 14.8428
3539 0.5008
3540 1.0505
3541 9.2366
3542   NaN
3543 6.0783
3544 13.4103
3545 22.5469
3546 14.3765
3547 1.5386
3548 4.7074
3549 2.1399
3550 10.3369
3551 36.9258
3552 1.2630
3553 1.9863
3554 15.0392
3555 18.3234
3556 1.1104
3557 5.7876
3558 13.8129
3559 31.6820
3560 21.4656
3561 0.5155
3562 1.6362
3563 13.8952
3564 32.8059
3565 14.8437
3566 1.5747
3567 8.0186
3568 6.1642
3569 2.4659
3570 8.5868
3571 20.0233
3572 9.1652
3573 19.3133
3574 3.2906
3575 2.0872
3576 21.4622
3577 5.5110
3578 1.9546
3579 1.7973
3580 0.9860
3581 12.5929
3582 2.3206
3583 3.3242
3584 3.9476
3585 16.5210
3586 4.6708
3587 68.3129
3588 4.8432
3589 9.2668
3590 16.5529
3591 16.4845
3592 12.7429
3593 14.7990
3594 6.0119
3595 9.1799
3596 2.8072
3597 27.6364
3598 1.2135
3599 0.4227
3600 0.9457
3601 10.2136
3602 2.6171
3603 0.7146
3604 6.7475
3605 3.9142
3606 5.6049
3607 1.9168
3608 3.1922
3609 7.7651
3610 2.2422
3611 6.8537
3612 25.1159
3613 1.1152
3614 24.9622
3615 13.8654
3616 2.5689
3617 15.0528
3618 0.3031
3619 6.3089
3620 0.6881
3621 11.4037
3622 2.7578
3623 3.8081
3624 27.7022
3625 0.3403
3626 8.7737
3627 18.9016
3628 7.6870
3629 14.3595
3630 1.6882
3631 3.5201
3632 1.7679
3633 2.3011
3634 2.8634
3635 1.2734
3636 9.7512
3637 3.9312
3638 27.5088
3639 18.5931
3640 2.6400
3641 75.8208
3642 3.2430
3643 25.4556
3644 19.6185
3645 9.8130
3646 16.9632
3647 0.3640
3648 29.5647
3649 1.7989
3650 2.5829
3651 28.5800
3652 8.6551
3653 12.4496
3654 2.5735
3655 10.2830
3656 1.9364
3657 25.6806
3658 5.1572
3659 13.6830
3660 4.2868
3661 0.6237
3662 1.2247
3663 50.1558
3664 5.2368
3665 1.7789
3666 86.9921
3667 10.1257
3668 19.7422
3669 6.6173
3670 22.8944
3671 1.7581
3672 6.2603
3673 0.6121
3674 1.9995
3675 13.1713
3676 0.9061
3677 2.8804
3678 7.1925
3679 18.6875
3680 12.2392
3681 21.2025
3682 22.5712
3683 1.7159
3684 4.7437
3685 7.9278
3686 1.6744
3687 18.7320
3688 21.0429
3689 1.5778
3690 10.9484
3691 25.4731
3692 3.5431
3693 1.8220
3694 2.0912
3695 3.9333
3696 21.2898
3697 32.6463
3698 3.9838
3699 0.6337
3700 0.5171
3701 1.0884
3702 0.8544
3703 5.5633
3704 0.6807
3705 13.3444
3706 8.1299
3707 0.6200
3708 2.1094
3709 2.4301
3710 2.4137
3711 14.7462
3712 7.2994
3713 18.3764
3714 22.6685
3715 35.1053
3716 5.3967
3717 25.0777
3718 17.6190
3719 0.9000
3720 3.5568
3721 31.6447
3722 2.8405
3723 0.2041
3724 37.3830
3725 13.0254
3726 44.2037
3727 14.6489
3728 22.6705
3729 1.5127
3730 4.1355
3731 0.7366
3732 4.1378
3733 7.5832
3734 13.1218
3735 6.7262
3736 5.3391
3737 17.7514
3738 38.6507
3739 0.7720
3740 9.7167
3741 15.4237
3742 22.3737
3743 3.2765
3744 3.3974
3745 0.6331
3746 7.9303
3747 20.1216
3748 0.2340
3749 44.8360
3750 1.7935
3751 0.6832
3752 17.9471
3753 0.4373
3754 31.9964
3755 4.6258
3756 1.0185
3757 17.6692
3758 2.9116
3759 4.4332
3760 0.1702
3761 0.9160
3762 17.0318
3763 9.8970
3764 13.0086
3765 86.3779
3766 19.1494
3767 0.4652
3768 25.2759
3769 2.2001
3770 6.5658
3771 20.5775
3772 3.3217
3773 5.7777
3774 6.6084
3775 72.8000
3776 1.9998
3777 34.2045
3778 28.4297
3779 8.5906
3780 13.9577
3781 0.3045
3782 0.6724
3783 3.1214
3784 8.1181
3785 9.5995
3786 0.4104
3787 1.5418
3788 13.1670
3789 25.4768
3790 6.8086
3791 6.1448
3792 13.3037
3793 1.9622
3794 8.3133
3795 3.2161
3796 9.7792
3797 20.9718
3798 7.1507
3799 12.6361
3800 13.7018
3801 0.7789
3802 31.5666
3803 0.9924
3804 0.9287
3805 11.1732
3806 39.9302
3807 16.1088
3808 5.1422
3809 4.5215
3810 3.3865
3811 2.2154
3812 7.0188
3813 8.3438
3814 0.1745
3815 9.7768
3816 4.3934
3817 3.5226
3818 3.1524
3819 21.5336
3820 8.5919
3821 6.6303
3822 7.2479
3823 13.9081
3824 0.4617
3825 1.2035
3826 3.3323
3827 4.0471
3828 0.6213
3829 4.9540
3830 0.8558
3831 4.8874
3832 18.7492
3833 0.4340
3834 23.4292
3835 20.9724
3836 8.7403
3837 0.5396
3838 4.8695
3839 0.3338
3840 7.2398
3841 7.4286
3842 1.5389
3843 2.6328
3844 19.8733
3845 1.8481
3846 67.2256
3847 6.9661
3848 3.6587
3849 16.4319
3850 19.1569
3851 4.2027
3852 9.0526
3853 5.2853
3854 13.7615
3855 60.3815
3856 12.7632
3857 16.7156
3858 19.4027
3859 5.6868
3860 33.8247
3861 14.4105
3862 17.8929
3863 37.8363
3864 23.2419
3865 1.7771
3866 1.9343
3867 13.2811
3868 0.5448
3869 1.3499
3870 0.5199
3871 3.0619
3872 5.5951
3873 4.7555
3874 0.6762
3875 5.5383
3876 9.0440
3877 40.5388
3878 9.8326
3879 8.6923
3880 2.2748
3881 2.8421
3882 19.7110
3883 0.8241
3884 28.9724
3885 24.2812
3886 1.3613
3887 16.5521
3888 39.9607
3889 0.2035
3890 6.7463
3891 16.4044
3892 0.2450
3893 32.7181
3894 0.7461
3895 0.6091
3896 0.9764
3897 28.2661
3898 32.6999
3899 1.4133
3900 2.7279
3901 47.7141
3902 1.2644
3903 3.4308
3904 18.7382
3905 1.2740
3906 12.3939
3907 9.7627
3908 5.6233
3909 33.0178
3910 12.6593
3911 0.2529
3912 16.3166
3913 27.7732
3914 3.6366
3915 28.3585
3916 2.1742
3917 0.2923
3918 1.2453
3919 17.0523
3920 6.5146
3921 2.6754
3922 9.0190
3923 27.6364
3924 24.8449
3925 2.0326
3926 1.1068
3927 2.7534
3928 10.0012
3929 4.3383
3930 0.9180
3931 5.3484
3932 15.3249
3933 19.0583
3934 2.9017
3935 17.1340
3936 3.4731
3937 4.6658
3938 5.1878
3939 2.0201
3940 31.0591
3941 34.4180
3942 21.3737
3943 0.3607
3944 28.1487
3945 5.2669
3946 15.7719
3947 1.4306
3948 10.2254
3949 18.0522
3950 18.4265
3951 38.1615
3952 12.0676
3953 5.3725
3954 20.2500
3955 4.4958
3956 28.2520
3957 0.8850
3958 1.1272
3959 8.5151
3960 10.4439
3961 1.9095
3962 3.4231
3963 17.4888
3964 1.8052
3965 17.7537
3966 20.4820
3967 18.1641
3968 28.5276
3969 0.3829
3970 0.9182
3971 0.3969
3972 3.2296
3973 15.3171
3974 5.7421
3975 29.3794
3976 24.6099
3977 22.3677
3978 1.5792
3979 0.3607
3980 1.7174
3981 21.0860
3982 1.3801
3983 8.0592
3984 5.8717
3985 0.4708
3986 7.6653
3987 0.4716
3988 33.6234
3989 0.8253
3990 17.9988
3991 8.8560
3992 5.1186
3993 29.6548
3994 60.5021
3995 2.4171
3996 27.9560
3997 7.5759
3998 0.5800
3999 9.1585
4000 23.0319
4001   NaN
4002 9.3690
4003 2.7838
4004 0.7363
4005 2.2325
4006 2.6561
4007 4.2044
4008 19.9152
4009 8.3436
4010 0.9537
4011 8.4211
4012 8.1697
4013 4.6163
4014 31.2911
4015 18.0596
4016 1.2526
4017 4.0315
4018 12.3608
4019 3.8258
4020 12.3979
4021 20.9325
4022 9.0460
4023 9.9452
4024 0.9874
4025 26.5576
4026 0.7760
4027 1.2216
4028 0.2985
4029 8.9941
4030 5.8320
4031 2.0035
4032 4.2591
4033 10.4232
4034 3.0815
4035 0.1351
4036 123.3141
4037 10.6850
4038 44.6202
4039 3.8737
4040 24.5922
4041 0.7280
4042 3.1607
4043 3.4378
4044 38.4887
4045 48.2487
4046 7.8483
4047 0.8167
4048 3.7503
4049 25.3917
4050 2.9973
4051 1.5510
4052 37.4275
4053 2.0982
4054 0.7816
4055 34.5100
4056 26.3626
4057 9.8756
4058 2.3676
4059 10.5773
4060 31.2200
4061 18.0093
4062 15.6378
4063 2.5937
4064 3.0083
4065 9.5492
4066 7.3870
4067 2.9661
4068 16.8053
4069 6.0424
4070 0.5823
4071 0.2986
4072 0.4497
4073 0.2600
4074 11.2749
4075 9.5051
4076 1.7617
4077 4.4153
4078 29.1191
4079 1.9963
4080 42.4874
4081 5.4222
4082 4.6650
4083 0.3558
4084 1.5237
4085 1.8767
4086 18.2147
4087 22.4840
4088 0.8996
4089 19.3799
4090 0.4850
4091 5.5468
4092 0.3494
4093 18.9025
4094 2.6805
4095 18.9083
4096 1.9470
4097 4.5016
4098 15.2268
4099 5.2388
4100 0.6256
4101 2.7294
4102 53.6399
4103 0.6090
4104 0.6369
4105 31.0376
4106 2.6360
4107 8.2959
4108 3.1458
4109 0.6988
4110 10.1532
4111 30.5674
4112 0.9415
4113 1.7351
4114 48.5790
4115 5.7434
4116 24.3613
4117 12.0384
4118 4.6673
4119 0.4783
4120 1.5156
4121 13.9546
4122 9.2965
4123 10.7387
4124 3.0929
4125 3.7231
4126 0.3626
4127 0.0973
4128 2.5956
4129 1.2327
4130 28.1727
4131 0.5668
4132 2.4925
4133 24.2251
4134 3.7358
4135 7.4341
4136 0.7133
4137 0.3326
4138 18.5309
4139 6.7673
4140 7.2554
4141 5.2814
4142   NaN
4143 40.3488
4144 5.6964
4145 11.0642
4146 8.0679
4147 0.3871
4148 33.6195
4149 1.1567
4150 6.7473
4151 5.0476
4152 12.4749
4153   NaN
4154 3.8990
4155 4.1610
4156 0.9736
4157 8.8912
4158 4.9411
4159 12.7550
4160 17.2442
4161 8.7427
4162 12.6666
4163 22.1092
4164 5.2072
4165 3.7845
4166 15.9469
4167 10.6787
4168 25.4870
4169 17.8582
4170 1.7397
4171 0.7497
4172 6.0573
4173 9.1785
4174 9.0087
4175 7.3781
4176 7.0113
4177 20.0577
4178 18.9654
4179 89.6958
4180 22.1104
4181 5.5349
4182 1.5682
4183 16.1137
4184 0.8731
4185 8.3819
4186 21.8069
4187 12.4414
4188 48.2517
4189 15.1254
4190 0.4525
4191 9.8534
4192 4.0108
4193 7.8961
4194 23.8367
4195 8.4135
4196 24.0990
4197 0.6882
4198 14.0261
4199 9.4819
4200 0.5315
4201 0.4766
4202 4.9992
4203 2.2060
4204 0.5781
4205 3.7129
4206 15.3425
4207 0.7219
4208 0.2505
4209 46.1728
4210 0.3188
4211 7.4922
4212 14.0393
4213 69.8946
4214 31.1917
4215 1.4937
4216 3.0178
4217 3.1294
4218 0.6442
4219   NaN
4220 20.2169
4221 6.3830
4222 15.8115
4223 35.6446
4224 14.4400
4225 13.9854
4226 26.5307
4227 0.1030
4228 10.5940
4229 2.2445
4230 0.8844
4231 4.2669
4232 0.6053
4233 8.9633
4234 10.1739
4235 6.2447
4236 1.7179
4237 20.4963
4238 32.0170
4239 19.5062
4240 0.6885
4241 3.6095
4242 4.2811
4243 2.9125
4244 4.1714
4245 4.8153
4246 21.6704
4247 7.1068
4248 0.9664
4249 6.9594
4250 19.9998
4251 15.8174
4252 0.9055
4253 0.6659
4254 0.4485
4255 1.8726
4256 15.3655
4257 18.4893
4258 1.0693
4259 4.4975
4260 2.3336
4261 0.5342
4262 10.8644
4263 0.8409
4264 16.1547
4265 1.6303
4266 31.8460
4267 24.3620
4268 30.2625
4269 1.1508
4270 27.1866
4271 1.1517
4272 4.9487
4273 23.1456
4274 1.0488
4275 28.6502
4276 2.1842
4277 10.5300
4278 22.8947
4279 0.6934
4280 6.8716
4281 0.7013
4282 1.6131
4283 6.1677
4284 1.7853
4285 31.7197
4286 23.3306
4287 1.2099
4288 0.1176
4289 17.3592
4290 0.3532
4291 0.2609
4292 10.0398
4293 4.3598
4294 3.3424
4295 1.7810
4296 40.6925
4297 19.0558
4298 24.5905
4299 3.3507
4300 6.8051
4301 1.6988
4302 18.8622
4303 16.7774
4304 23.3031
4305 24.9016
4306 2.1525
4307 2.2794
4308 6.2287
4309 3.3138
4310 35.5866
4311 15.0000
4312 25.2027
4313 3.8433
4314 1.3688
4315 2.1982
4316 0.7351
4317 29.9218
4318 0.7885
4319 1.4825
4320 49.2155
4321 2.6105
4322 4.8095
4323 2.5852
4324 10.1335
4325 25.0702
4326 0.4290
4327 14.2938
4328 18.5745
4329 7.1930
4330 69.5460
4331 5.4884
4332 5.3596
4333 0.7055
4334 43.3167
4335 3.7080
4336 12.4978
4337 0.6576
4338 53.3872
4339 30.1910
4340 7.0171
4341 3.6394
4342 0.5433
4343 0.5328
4344 7.4397
4345 3.3042
4346 8.2116
4347 46.7451
4348 3.1906
4349 0.7200
4350 6.0772
4351 4.6265
4352 5.4535
4353 5.1324
4354 14.1130
4355 1.6142
4356 4.5703
4357 0.9927
4358 3.1886
4359 0.7705
4360 52.2728
4361 32.2581
4362 34.8909
4363 0.3158
4364 22.2078
4365 4.2874
4366 30.6428
4367 3.6917
4368 0.5647
4369 2.1822
4370 10.8065
4371 2.3911
4372 4.2890
4373 1.4505
4374 3.7455
4375 4.6224
4376 30.1451
4377 67.2046
4378 22.4842
4379 1.1661
4380 12.4250
4381 25.4882
4382 2.1838
4383 9.1844
4384 4.0804
4385 0.9568
4386 0.3723
4387 55.9849
4388 0.2183
4389 61.8577
4390 0.7470
4391 1.6525
4392 1.2804
4393 16.3478
4394 17.0961
4395 10.9670
4396 1.5297
4397 6.5415
4398 5.9467
4399 24.5587
4400 29.1083
4401 6.1749
4402 25.8062
4403 25.6868
4404 7.5357
4405 1.0527
4406 33.1522
4407 36.9934
4408 0.2787
4409 14.3307
4410 1.1427
4411 9.3492
4412 17.5297
4413 3.6851
4414 19.7832
4415 55.0657
4416 10.5069
4417 13.7732
4418 0.5231
4419 16.7364
4420 6.4297
4421 21.3535
4422 0.5088
4423 11.1795
4424 1.3063
4425 1.4992
4426 11.3827
4427 0.7871
4428 11.5366
4429 4.0397
4430 14.9869
4431 36.4457
4432 4.9050
4433 46.8530
4434 32.6402
4435 1.0241
4436 5.8634
4437 47.6014
4438 51.5505
4439 9.1988
4440 2.6613
4441 21.2809
4442 74.0156
4443 30.0966
4444 1.7975
4445 10.3116
4446 49.0242
4447 69.1623
4448 0.4666
4449 8.8477
4450 21.2899
4451 1.4869
4452 22.5317
4453 3.3349
4454 7.7589
4455 12.3852
4456 15.7347
4457 5.3162
4458 34.6569
4459 17.9934
4460 3.4119
4461 3.0388
4462 0.2494
4463 0.8104
4464 18.2641
4465 1.0733
4466 2.5783
4467 30.8733
4468 0.1662
4469 33.9017
4470 29.6718
4471 0.4609
4472 10.0463
4473 12.6569
4474 1.4759
4475 28.7221
4476 12.6834
4477 2.2328
4478 17.0111
4479 6.5667
4480 0.6905
4481 24.6151
4482 3.1283
4483 6.7821
4484 14.8233
4485 4.2939
4486 12.7156
4487 2.7367
4488 0.3932
4489 18.1266
4490 11.6427
4491 1.2241
4492 7.6062
4493 1.4790
4494 1.2120
4495 2.6647
4496 3.1667
4497 2.1157
4498 0.6481
4499 0.6111
4500 15.6894
4501 29.1902
4502 46.2758
4503 2.6909
4504 42.1624
4505 20.1902
4506 18.6657
4507 20.0636
4508 0.6277
4509 24.9375
4510 1.3834
4511 0.9103
4512 29.2994
4513 1.5981
4514 9.0720
4515 0.5990
4516 33.7189
4517 1.8425
4518 3.4481
4519 23.4337
4520 29.1205
4521 1.6010
4522 8.3768
4523 1.5197
4524 4.2084
4525 5.0504
4526 2.6419
4527 5.6217
4528 61.9638
4529 8.9322
4530 51.4168
4531 8.2731
4532 22.5568
4533 13.5652
4534 11.7649
4535 0.1372
4536 5.0285
4537 36.3370
4538 1.2640
4539 8.2414
4540 0.3726
4541 32.7877
4542 4.9548
4543 26.1817
4544 0.5293
4545 1.3291
4546 4.7597
4547 9.8581
4548 9.3668
4549 3.7416
4550 7.0882
4551 1.7016
4552 12.5523
4553 5.6173
4554 0.4814
4555 90.9626
4556 8.3342
4557 25.1450
4558 49.2670
4559 2.9513
4560 0.9801
4561 6.9466
4562 11.4650
4563 14.6121
4564 30.3805
4565 23.2500
4566 5.5855
4567 35.9666
4568 2.9330
4569 1.9277
4570 27.2071
4571 37.6813
4572 5.5310
4573 3.3023
4574 0.6935
4575 2.9037
4576 0.7019
4577 3.4933
4578 13.0003
4579 8.0602
4580 4.3928
4581 16.2265
4582 23.9717
4583 0.2607
4584 9.5275
4585 17.6436
4586 14.8025
4587 12.1625
4588 8.2562
4589 15.0131
4590 2.0947
4591 1.3223
4592 1.9659
4593 32.7865
4594 22.5475
4595 3.4152
4596 22.8097
4597 12.1568
4598 1.4429
4599 0.2043
4600 16.5516
4601   NaN
4602 11.0968
4603 12.8888
4604 0.3793
4605 5.0181
4606 3.6726
4607 3.8905
4608 1.8537
4609 6.7017
4610 8.7041
4611 10.1293
4612 1.0147
4613 5.6198
4614 2.7253
4615 18.1902
4616 4.7500
4617   NaN
4618 0.9511
4619 8.5920
4620 6.3302
4621 12.8820
4622 28.9001
4623 5.0650
4624 15.7731
4625 1.8917
4626 26.9752
4627 6.4803
4628 31.2688
4629 7.7645
4630 0.6263
4631 10.3838
4632 3.4434
4633 9.6155
4634 0.3245
4635 1.6498
4636 5.1193
4637 2.5830
4638 18.3156
4639 17.4090
4640 12.0550
4641 11.4289
4642 0.4125
4643 1.7062
4644 17.5865
4645 0.6754
4646 1.3300
4647 10.4038
4648 20.6588
4649 3.5181
4650 1.5438
4651 18.8835
4652 3.3757
4653 8.4741
4654 22.3303
4655 0.3212
4656 12.3361
4657 1.8941
4658 9.1983
4659 5.6105
4660 2.2412
4661 5.1109
4662 8.9403
4663 1.2238
4664 2.8469
4665 26.7074
4666 3.6498
4667 5.3931
4668 4.4105
4669 6.7690
4670 8.7568
4671 0.4902
4672 11.6246
4673 13.6583
4674 2.9354
4675 0.6219
4676 8.3124
4677 10.0249
4678 1.8597
4679 14.9158
4680   NaN
4681 0.3470
4682 0.2943
4683 15.3204
4684 92.2136
4685 20.4905
4686 18.1945
4687 4.1523
4688 6.0378
4689 0.4397
4690 0.8898
4691 20.2846
4692 8.0806
4693 0.5053
4694 16.9401
4695 1.3228
4696 7.4904
4697 23.2392
4698 18.8895
4699 2.4331
4700 34.8369
4701 0.6951
4702 24.7916
4703 29.5696
4704 3.7244
4705 8.1501
4706 55.3876
4707 4.2488
4708 3.6024
4709 1.0944
4710 13.0296
4711 3.6555
4712 0.2476
4713 2.5340
4714 7.1699
4715 4.4526
4716 1.8783
4717 21.8637
4718 4.7741
4719 3.5399
4720 16.2924
4721 5.5625
4722 1.9222
4723 0.1748
4724 1.9891
4725 5.1903
4726 17.4721
4727 10.2671
4728 28.2286
4729 43.0175
4730 20.8362
4731 0.1744
4732 1.4517
4733 15.4366
4734 6.0470
4735 9.3800
4736 40.2920
4737 11.0208
4738 2.6689
4739 11.2610
4740 12.7556
4741 10.7734
4742 5.3664
4743 3.1687
4744 0.3490
4745 10.9678
4746 15.4140
4747 17.5221
4748 29.6372
4749 2.2997
4750 1.8320
4751 9.6613
4752 48.6677
4753 34.8755
4754 12.6280
4755 1.5451
4756 4.2959
4757 0.1943
4758 0.7322
4759 33.3798
4760 8.9364
4761 0.3435
4762 2.0693
4763 4.5510
4764 3.2581
4765 12.8834
4766 14.4712
4767 5.6216
4768 19.5806
4769 2.8987
4770 6.0787
4771 25.7872
4772 9.8620
4773 15.7944
4774 4.8044
4775 14.4895
4776 3.8251
4777 14.2206
4778 25.7419
4779 6.3313
4780 12.0202
4781 0.6783
4782 26.0141
4783 13.7759
4784 2.4013
4785 0.3292
4786 7.7252
4787 0.4521
4788 9.7543
4789 22.5461
4790 7.2502
4791 2.1442
4792 21.6200
4793 1.8099
4794 1.8008
4795 1.3347
4796 2.6529
4797 1.7155
4798 12.9718
4799 51.9802
4800 0.7745
4801 18.0856
4802 15.2183
4803 0.4355
4804 10.6981
4805 9.1477
4806 0.6433
4807 10.1191
4808 1.0915
4809 7.2574
4810 5.1425
4811 12.9508
4812 22.3708
4813 6.2909
4814 1.5644
4815 10.2730
4816 2.8692
4817 9.8563
4818 0.3822
4819 9.8933
4820 12.6298
4821 13.0117
4822 2.9511
4823 12.7357
4824 10.9820
4825 16.2372
4826 2.7276
4827 13.6753
4828 0.5966
4829 1.4940
4830 43.0384
4831 2.2143
4832 4.2460
4833   NaN
4834 9.2289
4835 9.7685
4836 1.5335
4837 26.4491
4838 2.9618
4839 0.9553
4840 25.7006
4841 20.7841
4842 2.5057
4843 11.0816
4844 23.1514
4845 3.8818
4846 5.7649
4847 2.9324
4848 10.0465
4849 29.7495
4850 34.0123
4851 17.3768
4852 31.9829
4853 5.5643
4854 0.8573
4855 2.8716
4856 4.1466
4857 2.5376
4858 26.4838
4859 0.5203
4860 1.1151
4861 0.3464
4862 13.6187
4863 0.7043
4864 0.3014
4865 0.3492
4866 36.6426
4867 1.4460
4868 2.5794
4869 2.7722
4870 1.4127
4871 1.5739
4872 17.7760
4873 14.2477
4874 38.7704
4875 1.3892
4876 1.5959
4877 1.3070
4878 18.5239
4879 2.7748
4880 1.6011
4881 5.2550
4882 0.5843
4883 24.6008
4884 55.3783
4885 24.8349
4886 7.9268
4887 17.5232
4888 18.3399
4889 2.9078
4890 27.6736
4891 0.9937
4892 21.0996
4893 6.4629
4894 4.0348
4895 30.2252
4896 0.6748
4897 0.9650
4898 19.2058
4899 34.9084
4900 1.4141
4901 0.4238
4902 5.7430
4903 44.2600
4904 0.9092
4905 15.8069
4906 2.0256
4907 0.6720
4908 24.8007
4909 1.3452
4910 1.3094
4911 4.4324
4912 40.1918
4913 31.6793
4914 16.5989
4915 16.8891
4916 21.8430
4917 26.3135
4918 16.1465
4919 22.0773
4920 1.8278
4921 1.4039
4922 0.3954
4923 7.4006
4924 1.9973
4925 11.6343
4926 12.5433
4927 3.2048
4928 7.3467
4929 17.2935
4930 4.3574
4931 3.7760
4932 6.4289
4933 2.1491
4934 6.9562
4935 2.2001
4936 1.4810
4937 12.1084
4938 1.3443
4939 39.2186
4940 17.8656
4941 3.2396
4942 23.7165
4943 0.7978
4944 1.1742
4945 91.1786
4946 0.7012
4947 6.6528
4948 20.4755
4949 27.1074
4950 0.4585
4951 1.4189
4952 48.0598
4953 3.8829
4954 15.4405
4955 10.5630
4956 4.4619
4957 5.5064
4958 0.5106
4959 33.0027
4960 26.1797
4961 0.8510
4962 9.7767
4963 0.3439
4964 11.9346
4965 2.5806
4966 64.0518
4967 2.6320
4968 8.9853
4969 10.2314
4970 3.4451
4971 1.2734
4972 5.5320
4973 23.7039
4974 0.5266
4975 22.8493
4976 7.7851
4977 0.6248
4978 5.6772
4979 20.5052
4980 1.1162
4981 1.0563
4982 29.9196
4983 6.9763
4984 0.2066
4985 2.0899
4986 11.6134
4987 6.1375
4988 1.0852
4989 21.3909
4990 7.9538
4991 3.5352
4992 28.5852
4993 29.3687
4994 5.3832
4995 17.8228
4996 0.5729
4997 14.2088
4998 9.6770
4999 11.0407
5000 10.8312
