7501 1.9941
7502 0.1805
7503 0.3429
7504 0.4014
7505 0.1103
7506 1.8700
7507 0.0932
7508 0.3283
7509 0.3102
7510 0.2233
7511 0.1504
7512 1.5543
7513 0.1242
7514 0.0856
7515 0.7423
7516 0.8895
7517 0.2351
7518 0.3248
7519 0.1702
7520 0.6003
7521 0.1068
7522 0.3304
7523 1.5240
7524 0.4328
7525 0.2776
7526 0.1982
7527 0.0979
7528 0.2521
7529   NaN
7530 0.2316
7531 0.2626
7532 0.1556
7533 0.2326
7534 1.4467
7535 1.6642
7536 0.1311
7537 0.4070
7538 0.2872
7539 0.4032
7540 1.8552
7541 4.1867
7542 0.2516
7543 0.3651
7544 0.2149
7545 0.4349
7546 0.3628
7547 0.8872
7548 0.1830
7549 0.5329
7550 3.9352
7551 1.9276
7552 1.0636
7553 0.2067
7554 0.6193
7555 0.2137
7556 0.2004
7557 0.2348
7558 0.2884
7559 0.4272
7560 0.6456
7561 11.0513
7562 8.2567
7563 0.4553
7564 1.7591
7565 0.3757
7566 0.0939
7567 0.9746
7568 0.9312
7569 13.5725
7570 0.5246
7571 1.9227
7572 0.1123
7573 0.9518
7574 0.5312
7575 0.2125
7576 1.0531
7577 2.2190
7578 2.0666
7579 3.0607
7580 0.5058
7581 0.2130
7582 0.6777
7583 16.9075
7584 3.8626
7585 0.2172
7586 0.6111
7587 0.1584
7588 3.7850
7589 1.4798
7590 0.0926
7591 0.2369
7592 3.1707
7593 0.3848
7594 0.3366
7595 0.5919
7596 0.1123
7597 0.2274
7598 0.4942
7599 4.9283
7600 3.9807
7601 1.2791
7602 0.1562
7603 0.2431
7604 0.3350
7605 0.8070
7606 4.7404
7607 1.6054
7608 0.8501
7609 0.1791
7610 0.4016
7611 0.1869
7612 0.1586
7613 1.3632
7614 1.1233
7615 0.4517
7616 0.6096
7617 5.8393
7618 0.3093
7619 0.1920
7620 0.7339
7621 0.1056
7622 1.3761
7623 0.2139
7624 1.6409
7625 3.4840
7626 0.2574
7627 5.0307
7628 0.1786
7629 9.7920
7630 6.4725
7631 0.3947
7632 3.7868
7633 1.9319
7634 0.2063
7635 1.7074
7636 0.1570
7637 0.3013
7638 0.2280
7639 0.1074
7640 1.1675
7641 5.8781
7642 0.4032
7643 0.6049
7644 0.1938
7645 0.5367
7646 0.9507
7647 5.7175
7648 0.2081
7649 0.9553
7650 0.5780
7651 9.8141
7652 0.0868
7653 1.4965
7654 0.2757
7655 0.7206
7656 0.8645
7657 13.5663
7658 0.9010
7659 3.9421
7660 1.0807
7661 1.1788
7662 0.9973
7663 0.2988
7664 1.1310
7665 0.2197
7666 2.6346
7667 0.8142
7668 0.3203
7669 13.3547
7670 0.2096
7671 0.1439
7672 0.1534
7673 24.9574
7674 3.9370
7675 0.4021
7676 0.5980
7677 0.2228
7678 1.1115
7679 2.2297
7680 6.6297
7681 2.0974
7682 1.0727
7683 0.2226
7684 0.6929
7685 0.7663
7686 0.3565
7687 0.1439
7688 0.4576
7689 0.3484
7690 0.2889
7691 1.1157
7692 0.6655
7693 2.0152
7694 0.0951
7695 0.2047
7696 0.8509
7697 13.8139
7698 3.8067
7699 0.4514
7700 0.1419
7701 0.2547
7702 0.1732
7703 0.4610
7704 0.2683
7705 6.5017
7706 3.0690
7707 0.2570
7708 0.1244
7709 0.5892
7710 0.3662
7711 6.7627
7712 8.1036
7713 0.4092
7714 0.4019
7715 0.2427
7716 0.2710
7717 0.2260
7718 19.2198
7719 0.5370
7720 0.0857
7721 5.2145
7722 0.9402
7723 0.7771
7724 1.9177
7725 0.7493
7726 0.2043
7727 0.5396
7728 0.1359
7729 0.1081
7730 0.2946
7731 0.1980
7732 0.1855
7733 0.2523
7734 0.2674
7735 0.2380
7736 0.3001
7737 12.0749
7738 4.0247
7739 0.1358
7740 1.4294
7741 1.4821
7742 0.3728
7743 3.8901
7744 0.1516
7745 0.5561
7746 4.7168
7747 20.3778
7748 1.5737
7749 0.2677
7750 0.2882
7751 0.1476
7752 0.2115
7753 0.2625
7754 1.3371
7755 0.8191
7756 1.2725
7757 0.9763
7758 0.1936
7759 0.2830
7760 0.1714
7761 0.1587
7762 0.3005
7763 7.5837
7764 0.1858
7765 0.1634
7766 0.7770
7767 1.8089
7768 0.3343
7769 0.5142
7770 0.1137
7771 0.7984
7772 4.7953
7773 0.2096
7774 0.5483
7775 0.1442
7776 8.0130
7777 8.1310
7778 0.6858
7779 0.3905
7780 0.1693
7781 1.7081
7782 0.5612
7783 0.1031
7784 0.8554
7785 0.7649
7786 8.8699
7787 0.1375
7788 2.7320
7789 0.2986
7790 1.2338
7791 0.1031
7792 0.1592
7793 4.9277
7794 0.4816
7795 0.2009
7796 0.6305
7797 5.1111
7798 0.6685
7799 0.2417
7800 0.1202
7801 27.3392
7802 0.1781
7803 0.8281
7804 0.4854
7805 0.6862
7806 7.4152
7807 1.9027
7808 0.1313
7809 0.7774
7810 3.6701
7811 1.1718
7812 0.8335
7813 1.2651
7814 0.9336
7815 1.0802
7816 0.3467
7817 0.4271
7818 1.8557
7819 8.9629
7820 2.8898
7821 0.3092
7822 0.2238
7823 0.1117
7824 0.2195
7825 0.4122
7826 0.5837
7827 0.5563
7828 1.4198
7829 0.4264
7830 0.6228
7831 0.5130
7832 0.1470
7833 0.2141
7834 1.7312
7835 0.4458
7836 1.0204
7837 0.5675
7838 22.0989
7839 0.2361
7840 0.1321
7841 0.9005
7842 0.2391
7843 0.0766
7844 0.3180
7845 8.6594
7846 1.6548
7847 0.0962
7848 0.4637
7849 0.1011
7850 0.3728
7851 30.7026
7852 0.1424
7853 0.4419
7854 0.2465
7855 0.1651
7856 3.9432
7857 0.1381
7858 0.2735
7859 28.4202
7860 0.1933
7861 2.7287
7862 0.4081
7863 1.5110
7864 1.6641
7865 0.5725
7866 0.1237
7867 0.6316
7868 3.3987
7869 6.6337
7870 0.1901
7871 2.0009
7872 0.1677
7873 0.1359
7874 0.3211
7875 0.5536
7876 0.8242
7877 8.4218
7878   NaN
7879 0.5221
7880 0.7740
7881 0.1793
7882 0.1007
7883 0.3407
7884 0.1195
7885 0.5194
7886 9.4802
7887 1.1113
7888 1.5336
7889 0.3454
7890 0.1466
7891 0.7603
7892 2.0917
7893 0.3560
7894 0.1415
7895 0.1405
7896 0.1244
7897 0.4668
7898 0.3643
7899 0.5482
7900 0.2991
7901 0.1657
7902 4.1241
7903 0.3670
7904 0.1885
7905 3.6840
7906 0.1180
7907 0.0990
7908 0.1145
7909 0.5190
7910 2.1326
7911 0.5535
7912 1.5381
7913 0.2006
7914 0.6285
7915 0.6219
7916 0.1508
7917 3.9050
7918 0.7009
7919 2.2993
7920 0.4530
7921 0.5091
7922 0.4482
7923 0.1578
7924 2.6133
7925 0.3852
7926 0.3209
7927 0.6995
7928 2.9978
7929 0.0839
7930 0.1630
7931 0.5329
7932 0.1259
7933 11.1287
7934 0.2814
7935 0.2480
7936 0.2828
7937 0.1304
7938 0.4668
7939 0.2320
7940 4.1090
7941 0.8806
7942 2.1136
7943 0.1517
7944 0.0616
7945 0.1654
7946 1.4624
7947 3.5342
7948 13.6124
7949 0.2835
7950 0.1509
7951 0.6655
7952 0.2340
7953 0.3685
7954 2.3613
7955 0.7151
7956 0.6672
7957 0.1473
7958 0.2308
7959 11.2488
7960 0.1632
7961 0.4141
7962 0.1276
7963 5.3782
7964 7.7494
7965 1.1845
7966 0.1750
7967 0.6913
7968 1.2707
7969 0.9402
7970 0.2310
7971 2.2793
7972 0.1958
7973 5.6853
7974 0.6752
7975 0.5360
7976 0.1736
7977 0.6272
7978 0.1282
7979 1.5085
7980 0.1122
7981 0.2537
7982 0.1725
7983 1.0390
7984 0.3970
7985 0.6562
7986 0.6062
7987 0.7861
7988 0.1903
7989 1.2684
7990 9.9789
7991 0.0896
7992 13.6250
7993 0.0631
7994 0.2265
7995 3.6030
7996 0.1170
7997 0.1988
7998 0.8601
7999 0.5737
8000 0.1957
8001 0.1622
8002 0.7453
8003 0.2779
8004 0.6804
8005 0.4143
8006 5.6543
8007 0.5545
8008 0.2991
8009 0.7942
8010 0.5115
8011 4.3485
8012 18.1453
8013 1.0625
8014 0.5835
8015 1.9964
8016 1.3152
8017 0.1953
8018 0.2061
8019 0.1869
8020 0.3154
8021 1.4537
8022 0.1894
8023 0.2479
8024 0.3975
8025 0.1519
8026 0.2663
8027 0.3761
8028 0.1710
8029 0.0911
8030 0.2502
8031 0.0947
8032 0.2818
8033 0.4690
8034 7.5353
8035 1.2421
8036 0.1507
8037 0.1079
8038 6.9599
8039 0.4070
8040 0.1035
8041 0.2359
8042 0.2145
8043 0.0764
8044 1.9950
8045 0.1091
8046 0.4909
8047 3.2506
8048 0.2768
8049 0.2294
8050 0.1581
8051 0.4770
8052 0.2176
8053 0.2087
8054 2.7762
8055 0.5426
8056 1.4543
8057 0.1569
8058 0.1348
8059 1.0331
8060 0.4326
8061 0.5256
8062 0.6111
8063 0.2858
8064 2.2766
8065 13.6913
8066 0.1278
8067 0.1169
8068 0.5457
8069 0.7467
8070 4.5542
8071 0.1385
8072 7.8724
8073 3.8836
8074 0.2225
8075 0.1646
8076 0.1373
8077 0.2507
8078 0.2635
8079 0.1235
8080   NaN
8081 1.4529
8082 0.0837
8083 1.7672
8084 0.6765
8085 0.2671
8086 1.3203
8087 0.2416
8088 0.2990
8089 2.6048
8090 1.7914
8091 1.0385
8092 0.1756
8093 3.3221
8094 2.9897
8095 18.9018
8096 0.5322
8097 0.1273
8098 0.9000
8099 0.3404
8100 0.1644
8101 0.5051
8102 1.4241
8103 0.3064
8104 0.1965
8105 2.7577
8106 5.5251
8107 0.5954
8108 3.3638
8109 2.4899
8110 0.2261
8111 0.1512
8112 0.4505
8113 0.2218
8114 0.0739
8115 0.5163
8116 0.4385
8117 0.0962
8118 0.3827
8119 0.3803
8120 0.2126
8121 4.4350
8122 0.3495
8123 0.3872
8124 19.3821
8125 0.1912
8126 0.5973
8127 3.4139
8128 0.1319
8129 0.3781
8130 36.0202
8131 0.4152
8132 7.5213
8133 0.4374
8134 1.7193
8135 0.3159
8136 0.3992
8137 20.5383
8138 0.2794
8139 1.3623
8140 9.2944
8141 0.3363
8142 0.1142
8143 3.4275
8144 0.6883
8145 0.1106
8146 0.5415
8147 0.1056
8148 0.3196
8149 0.1869
8150 11.1797
8151 0.4865
8152 0.2179
8153 0.1260
8154 0.2613
8155 0.2131
8156 0.5972
8157 0.1214
8158 0.1199
8159 1.5022
8160 0.1937
8161 0.0857
8162 0.1218
8163 0.4392
8164 0.1335
8165 0.5073
8166 0.2064
8167 0.3544
8168 2.3511
8169 2.2376
8170 0.2268
8171 0.4476
8172 2.3969
8173 0.9080
8174 2.9331
8175 0.4251
8176 0.7221
8177 6.0122
8178 1.3087
8179 2.9613
8180 0.0766
8181 0.1109
8182 0.1385
8183 12.5753
8184 0.2642
8185 0.4327
8186 2.1599
8187 1.0356
8188 8.9429
8189 0.3563
8190 0.5506
8191 0.8897
8192 0.9854
8193 2.2044
8194 0.2624
8195 0.5578
8196 0.7986
8197 10.2531
8198 1.1205
8199 0.3651
8200 0.2839
8201 10.0651
8202 0.1039
8203 1.3617
8204 0.3040
8205 0.2161
8206 1.0020
8207 0.1561
8208 4.4159
8209 0.1407
8210 1.4252
8211 0.7710
8212 1.4370
8213 2.0719
8214 8.3032
8215 3.7986
8216 2.7106
8217 0.4464
8218 6.5489
8219 0.2209
8220 0.6948
8221 0.1834
8222 1.8191
8223 0.5005
8224 1.5413
8225 0.0776
8226 0.4711
8227 0.3006
8228 0.7480
8229 1.4017
8230 0.1612
8231 0.8714
8232 0.0927
8233 2.6400
8234 0.2562
8235 1.1228
8236 0.1444
8237 0.0793
8238 0.7497
8239 0.1223
8240 1.1709
8241 0.6939
8242 0.4075
8243 0.3163
8244 0.2837
8245 2.4258
8246 0.4136
8247 0.0737
8248 0.1451
8249 0.8260
8250 0.1251
8251 2.3734
8252 2.8777
8253 0.1196
8254 0.8699
8255 5.1634
8256 0.6579
8257 0.3238
8258 0.1634
8259 0.0745
8260 0.2681
8261 0.2209
8262 0.0940
8263 0.3832
8264 1.6315
8265 5.2147
8266 0.3466
8267 1.0985
8268 0.3775
8269 0.3027
8270 0.1580
8271 1.8941
8272 1.1247
8273 0.9701
8274 0.5683
8275 0.2978
8276 0.4544
8277 1.1064
8278 0.2894
8279 0.0793
8280 0.5447
8281 13.0519
8282 0.2934
8283 1.0332
8284 0.5523
8285 0.1075
8286 0.1224
8287 0.4353
8288 1.1374
8289 2.3450
8290 3.0478
8291 0.5416
8292 0.4850
8293 0.0646
8294 0.4483
8295 0.1312
8296 0.4630
8297 0.7724
8298 0.2331
8299 3.1986
8300 0.5184
8301 0.1601
8302 1.8099
8303 0.6027
8304 0.2921
8305 0.2619
8306 24.8646
8307 0.1017
8308 0.3599
8309 5.9722
8310 20.6639
8311 0.5335
8312 11.3728
8313 0.3720
8314 0.3897
8315 0.1883
8316 0.2133
8317 1.1472
8318 0.1309
8319 0.2470
8320 0.1384
8321 0.0889
8322 0.4272
8323 4.4480
8324 0.1589
8325 0.3138
8326 2.7663
8327 0.1737
8328 1.5281
8329 3.2657
8330 1.0144
8331 17.7626
8332 0.8564
8333 0.3084
8334 0.1300
8335 0.1221
8336 0.9861
8337 0.4845
8338 1.2524
8339 10.8944
8340 0.7386
8341 1.0145
8342 3.7267
8343 0.1830
8344 8.1934
8345 0.1092
8346 0.2759
8347 0.0969
8348 0.2467
8349 0.6207
8350 0.4671
8351 0.9685
8352 0.1966
8353   NaN
8354 0.5735
8355 0.1373
8356 0.1540
8357 0.5870
8358 2.4558
8359 2.6927
8360 1.0052
8361 0.1247
8362 7.3416
8363 1.5160
8364 0.9841
8365 4.4816
8366 0.4137
8367 0.4369
8368 3.5429
8369 5.1677
8370 0.1860
8371 2.6740
8372 1.6650
8373 0.9791
8374 2.3430
8375 1.5764
8376 10.3492
8377 3.4697
8378 0.3346
8379 0.0886
8380 0.3785
8381 2.5177
8382 0.1777
8383 1.4702
8384 1.7105
8385 0.5001
8386 0.4661
8387 1.6428
8388 0.5986
8389 8.9068
8390 4.3739
8391 0.1247
8392 1.1698
8393 1.2852
8394 0.7875
8395 0.2222
8396 0.9669
8397 0.2225
8398 0.1754
8399 0.2219
8400 0.6120
8401 0.7951
8402 0.3036
8403 4.1693
8404 3.8169
8405 11.4282
8406 8.1765
8407 1.4132
8408 0.2751
8409 0.4184
8410 0.4459
8411 0.2204
8412 0.6023
8413 0.4602
8414 0.2045
8415 0.4761
8416 0.2265
8417 21.5131
8418 0.4913
8419 2.8774
8420 0.0657
8421 0.1204
8422 0.1376
8423 2.7029
8424 0.7489
8425 0.3300
8426 0.2561
8427 4.3574
8428 0.1006
8429 0.1532
8430 17.5495
8431 4.1180
8432 0.2039
8433 0.4633
8434 1.8037
8435 0.1479
8436 0.4921
8437 0.3206
8438 0.1421
8439 0.5494
8440 5.1599
8441 0.5484
8442 0.4031
8443 0.9560
8444 0.1426
8445 4.5023
8446 5.5906
8447 0.9384
8448 10.4901
8449 4.5922
8450 15.3323
8451 0.2936
8452 0.2081
8453 0.4435
8454 0.1773
8455 0.4737
8456 2.7232
8457 0.3333
8458 1.7640
8459 14.7818
8460 0.3327
8461 0.0765
8462 0.9385
8463 2.5583
8464 0.9759
8465 7.6303
8466 1.1267
8467 0.1157
8468 1.5973
8469 0.1949
8470 0.4199
8471 0.4955
8472 0.8458
8473 12.8343
8474 0.1050
8475 0.4591
8476 0.1537
8477 0.3174
8478 0.1640
8479 0.1563
8480 0.6062
8481 1.3548
8482 0.2200
8483 0.3368
8484 0.1035
8485 0.1182
8486 0.3445
8487 0.1181
8488 0.2865
8489 0.1634
8490 0.1114
8491 1.4044
8492 2.1786
8493 0.4383
8494 0.3492
8495 0.1198
8496 1.5079
8497 1.0721
8498 0.4881
8499 0.5071
8500   NaN
8501 0.2283
8502 0.6686
8503 1.2740
8504 0.2317
8505 0.4135
8506 0.3812
8507 0.3185
8508 0.2231
8509 0.5786
8510 0.0834
8511 0.5364
8512 0.1037
8513 0.6676
8514 0.2666
8515 0.8602
8516 0.0861
8517 0.2732
8518 0.3265
8519 0.3691
8520 0.3642
8521 0.4634
8522 0.1085
8523 0.2455
8524 1.0183
8525 0.6955
8526 1.0622
8527 0.2453
8528 0.0713
8529 4.3479
8530 14.6145
8531 0.7923
8532 0.9285
8533 1.0626
8534 0.1695
8535 1.3213
8536 0.1035
8537 0.2552
8538 0.0761
8539 0.2397
8540 0.8348
8541 1.0752
8542 2.3029
8543 2.4603
8544 1.1035
8545 0.2013
8546 0.6975
8547 1.2929
8548 0.0766
8549 0.5225
8550 0.2545
8551 4.7805
8552 1.1509
8553 0.4445
8554 0.9091
8555 0.1860
8556 0.4472
8557 0.1975
8558 0.6840
8559 0.3853
8560 0.2410
8561 0.2796
8562 0.0921
8563 0.6880
8564 0.3353
8565 0.1879
8566 0.2619
8567 0.1606
8568 0.1464
8569 3.4073
8570 1.3965
8571 6.3538
8572 0.1178
8573 0.1884
8574 4.7354
8575 3.5666
8576 5.3993
8577 1.0911
8578 0.5217
8579 0.4690
8580 0.8241
8581 0.1234
8582 8.6140
8583 0.1653
8584 0.4839
8585 0.2025
8586 4.9533
8587 0.1427
8588 0.1102
8589 5.8997
8590 0.4820
8591 0.5947
8592 0.7466
8593 0.0852
8594 0.7622
8595 4.5253
8596 2.9298
8597 0.1872
8598 2.1416
8599 0.2145
8600 0.9212
8601 0.4313
8602 0.9361
8603 0.3740
8604 0.2153
8605 0.5453
8606 2.8964
8607 0.4238
8608 0.1829
8609 0.2134
8610 0.1262
8611 0.8290
8612 0.4514
8613 0.4196
8614 0.3938
8615 0.1241
8616 7.6481
8617 0.1109
8618 0.2278
8619 0.1640
8620 0.1474
8621 0.6057
8622 8.2057
8623 0.1711
8624 2.0310
8625 0.1718
8626 0.3818
8627 0.4575
8628 2.0759
8629 0.5344
8630 2.3674
8631 0.6980
8632 0.0872
8633 0.2820
8634 0.0740
8635 1.7598
8636 0.3517
8637 0.3830
8638 0.3021
8639 0.2699
8640 0.6452
8641 0.2188
8642 0.9571
8643 2.0244
8644 0.5091
8645 0.2446
8646 0.3480
8647 0.2514
8648 0.3627
8649 0.5460
8650 0.1497
8651 3.6489
8652 0.2621
8653 0.2537
8654 0.4498
8655 3.0416
8656 2.1192
8657 12.5886
8658 0.1295
8659 0.4308
8660 0.1387
8661 0.1033
8662 0.9908
8663 0.4268
8664 0.1445
8665 0.1409
8666 0.6503
8667 0.4243
8668 0.1480
8669 0.1288
8670 2.9431
8671 1.1410
8672 1.7033
8673 0.3854
8674 0.0817
8675 1.9660
8676 0.7398
8677 0.1788
8678 0.1184
8679 0.5544
8680 1.4946
8681 0.2839
8682 0.5738
8683 0.4155
8684 0.3210
8685 0.5543
8686 0.2232
8687 0.5531
8688 2.2208
8689 1.3216
8690 0.7831
8691 1.2731
8692 0.0986
8693 0.1255
8694 1.0259
8695 0.3213
8696 0.6565
8697 0.1302
8698 0.1218
8699 2.6167
8700 1.0236
8701 6.4086
8702 0.1842
8703 0.1409
8704 0.1687
8705 0.1773
8706 0.9644
8707 0.1120
8708 0.4215
8709 0.5519
8710 0.5586
8711 0.4163
8712 0.7369
8713 0.5185
8714 0.5994
8715 0.2815
8716 0.8009
8717 0.4651
8718 0.1540
8719 0.1468
8720 0.0580
8721 0.0759
8722 0.1411
8723 0.3532
8724 11.0330
8725 4.9242
8726 0.7438
8727 0.2799
8728 0.2468
8729 5.3272
8730 5.6626
8731 0.3550
8732 8.6739
8733 1.6008
8734 10.3154
8735 1.4617
8736 0.6577
8737 0.1096
8738 0.4505
8739 0.1276
8740 7.7554
8741 2.5099
8742 0.1479
8743 0.5322
8744 0.1705
8745 7.0966
8746 0.7288
8747 3.1036
8748 0.3563
8749 0.1027
8750 0.5476
8751 0.3047
8752 1.8598
8753 3.8499
8754 0.3225
8755 0.1838
8756 0.1459
8757 0.4482
8758 1.8667
8759 0.2579
8760 3.7538
8761 0.1303
8762 0.2931
8763 0.3246
8764 0.1006
8765 0.1057
8766 0.6058
8767 0.3888
8768 0.2362
8769 2.4485
8770 2.4066
8771 0.4407
8772 0.6351
8773 0.1803
8774 1.2153
8775 0.1702
8776 0.8042
8777 0.4429
8778 0.9299
8779 0.2891
8780 5.6765
8781 0.6308
8782 0.6691
8783 1.8789
8784 1.3362
8785 0.1433
8786 0.2297
8787 0.0977
8788 0.1260
8789 0.1901
8790 1.7523
8791 0.1588
8792 1.7981
8793 1.2449
8794 0.0761
8795 0.4308
8796 7.0436
8797 0.5791
8798 0.1817
8799 1.5107
8800 0.5743
8801 1.5126
8802 0.3126
8803 6.1752
8804 2.0938
8805 0.6902
8806 0.1134
8807 0.2697
8808 2.9960
8809 0.1574
8810 1.1291
8811 0.2164
8812 4.1997
8813 0.3080
8814 0.2950
8815 0.5397
8816 0.7508
8817 0.1035
8818 0.2422
8819 3.6276
8820 5.6794
8821 6.5438
8822 0.1736
8823 0.0949
8824 0.9698
8825 0.2392
8826 0.1089
8827 0.3393
8828 0.1037
8829 2.1126
8830 0.9365
8831 7.3232
8832 0.4893
8833 0.1048
8834 20.5873
8835 0.3462
8836 3.4171
8837 0.1367
8838 0.3973
8839 0.6987
8840 0.6410
8841 0.0587
8842 0.4846
8843 0.4263
8844 0.2217
8845 0.8364
8846 0.3841
8847 0.1192
8848 0.8617
8849 2.1943
8850 6.4568
8851 0.1557
8852 0.1611
8853 0.1139
8854 0.1583
8855 0.1080
8856 3.3695
8857 2.2382
8858 1.0862
8859 3.4134
8860 0.3198
8861 6.3565
8862 0.7190
8863 0.2727
8864 21.8827
8865 0.2653
8866 0.2849
8867 0.1381
8868 9.5689
8869 0.2228
8870 0.1653
8871   NaN
8872 0.4090
8873 33.8531
8874 0.2427
8875 1.3674
8876 0.7336
8877 0.4273
8878 0.6907
8879 0.0834
8880 0.1190
8881 0.0863
8882 0.1388
8883 1.0645
8884 0.2074
8885 0.8138
8886 22.3155
8887 0.3570
8888 0.5217
8889 0.0998
8890 1.0289
8891 2.6338
8892 0.3642
8893 0.1456
8894 0.8453
8895 1.6941
8896 0.0618
8897 0.3776
8898 0.2649
8899 0.2056
8900 0.4870
8901 0.0643
8902 0.1539
8903 3.8709
8904 0.1648
8905 11.9245
8906 0.2404
8907 0.4534
8908 1.0139
8909 0.0976
8910 1.8858
8911 0.3301
8912 4.8619
8913 0.0720
8914 3.9373
8915 2.2198
8916 0.1160
8917 0.1850
8918 6.7062
8919 0.8504
8920 0.9371
8921 2.0737
8922 1.0085
8923 2.0016
8924 0.1406
8925 0.9072
8926 1.1893
8927 1.5755
8928 0.7931
8929 0.4203
8930 12.4058
8931 4.9888
8932 3.3460
8933 0.2073
8934 0.3286
8935 7.0935
8936 4.0143
8937 1.2969
8938 0.2964
8939 0.6635
8940 0.4399
8941 0.7259
8942 1.8959
8943 0.8638
8944 0.4142
8945 4.8868
8946 5.2290
8947 0.1846
8948 5.8207
8949 0.4479
8950 0.4051
8951 0.0970
8952 0.2939
8953 0.2087
8954 7.6660
8955 0.6562
8956 0.3253
8957 0.4111
8958 0.1785
8959 0.1575
8960 7.1975
8961 0.2829
8962 0.2060
8963 0.3078
8964 0.2906
8965 0.1267
8966 1.3387
8967 1.4733
8968 0.9491
8969 1.4610
8970 0.3406
8971 0.1338
8972 0.3780
8973 0.1354
8974 0.3165
8975 0.5488
8976 0.6264
8977 0.1800
8978 0.1359
8979 8.4456
8980 0.4112
8981 2.2129
8982 3.0958
8983 2.8218
8984 0.1183
8985 0.4635
8986 2.2574
8987 2.9263
8988 1.4067
8989 0.1355
8990 0.1066
8991 0.4687
8992 0.5402
8993 0.5471
8994 0.3981
8995 0.2008
8996 0.5873
8997 0.1554
8998 0.2260
8999 1.1594
9000 0.4838
9001 1.0571
9002 0.1359
9003 0.7131
9004 0.3265
9005 0.3208
9006 0.6941
9007 0.3106
9008 0.1773
9009 1.4455
9010 0.6028
9011 0.2141
9012 0.2666
9013 0.9605
9014 2.3091
9015 2.0899
9016 0.8281
9017 0.1531
9018 0.6584
9019 0.2287
9020 0.1521
9021 10.9358
9022 0.1898
9023 0.5805
9024 1.5564
9025 0.1709
9026 5.1720
9027 2.0433
9028 1.2513
9029 0.9230
9030 0.1236
9031 0.1055
9032 0.2206
9033 0.7643
9034 0.0862
9035 0.1585
9036 0.1572
9037 0.1233
9038 1.1438
9039 0.0631
9040 6.7978
9041 0.8077
9042 0.1497
9043 0.6186
9044 0.7771
9045 0.1204
9046 1.5453
9047 0.1662
9048 0.1189
9049 1.3774
9050 7.5097
9051 13.8022
9052 0.1875
9053 1.6248
9054 0.5390
9055 0.6072
9056 2.6809
9057 0.3963
9058 0.2744
9059 4.5487
9060 0.7376
9061 0.0964
9062 1.6223
9063 1.8144
9064 0.7361
9065 0.2180
9066 0.1634
9067 2.1801
9068 0.7708
9069 0.1815
9070 12.7647
9071 0.4437
9072 0.2842
9073 1.1625
9074 5.0792
9075 1.6274
9076 0.8743
9077 2.7393
9078 2.7862
9079 0.2586
9080 0.1212
9081 0.5122
9082 0.1516
9083 0.2252
9084 0.1569
9085 0.6707
9086 8.5256
9087 0.3238
9088 0.1361
9089 0.5919
9090 4.4172
9091 0.8082
9092 2.0961
9093 2.0804
9094 1.1913
9095 0.1897
9096 0.2150
9097 11.1309
9098 1.0450
9099 0.5668
9100 0.3020
9101 0.1851
9102 0.4882
9103 0.3460
9104 4.7889
9105 0.2198
9106 0.1604
9107 2.5478
9108 2.9341
9109 4.4334
9110 1.8521
9111 0.4475
9112 0.3430
9113 0.2131
9114 0.2307
9115 0.1816
9116 0.2582
9117 1.5214
9118 1.0784
9119 12.9523
9120 13.4455
9121 0.9755
9122 4.2392
9123 17.8784
9124 0.4794
9125 0.2882
9126 3.6191
9127 0.4332
9128 0.6827
9129 0.1618
9130 0.1523
9131 3.4186
9132 0.5171
9133 0.7743
9134 1.0611
9135 0.8571
9136 4.9555
9137 1.2707
9138 1.2216
9139 0.0960
9140 0.0859
9141 0.2281
9142 0.2719
9143 1.1017
9144 7.7103
9145 0.3007
9146 4.4472
9147 0.1986
9148 0.3119
9149 2.7120
9150 0.7439
9151 1.0097
9152 0.3822
9153 4.8745
9154 0.5870
9155 0.4216
9156 0.5993
9157 0.6884
9158 7.5753
9159 0.3439
9160 1.1172
9161 0.4342
9162 3.1158
9163 5.0857
9164 0.3242
9165 7.7101
9166 2.1016
9167 2.8345
9168 0.4472
9169 0.3709
9170 0.1829
9171 0.1922
9172 0.6291
9173 0.1132
9174 4.5750
9175 0.2188
9176 0.1207
9177 2.1683
9178 1.9140
9179 1.7872
9180 0.1054
9181 0.2487
9182 3.2777
9183 0.3257
9184 0.1374
9185 0.4103
9186 0.1480
9187 0.2224
9188 6.3254
9189 1.6311
9190 0.6977
9191 0.3069
9192 0.2173
9193 13.2868
9194 0.2752
9195 12.0067
9196 4.6110
9197 0.0684
9198 0.2315
9199 0.2248
9200 0.1165
9201 0.7561
9202 0.1328
9203 0.9202
9204 0.6483
9205 0.4447
9206 1.0520
9207 0.1241
9208 0.4065
9209 0.1957
9210 0.2832
9211 1.1473
9212 3.5230
9213 2.7916
9214 7.0844
9215 0.1235
9216 0.1994
9217 0.1243
9218 0.0933
9219 1.1981
9220 0.7217
9221 0.4766
9222 0.2446
9223 0.0705
9224 0.6188
9225 0.1708
9226 2.5313
9227 1.1213
9228 0.2069
9229 0.9073
9230 0.1687
9231 1.1734
9232 0.3510
9233 0.7177
9234 0.1620
9235 0.4110
9236 1.7442
9237 5.1718
9238 0.2700
9239 0.6549
9240 2.0692
9241 5.8492
9242 2.3735
9243 0.1695
9244 1.2006
9245 0.2446
9246 19.6356
9247 0.8492
9248 2.1291
9249 2.7869
9250 4.8992
9251 0.2013
9252 0.2633
9253 0.1060
9254 0.1795
9255 2.1580
9256 0.3550
9257 0.8639
9258 0.2085
9259 2.7187
9260 0.7150
9261 1.3386
9262 1.1047
9263 0.4013
9264 10.1082
9265 0.3477
9266 0.1827
9267 3.6097
9268 0.5518
9269 16.4805
9270 11.0784
9271 0.3325
9272 14.6726
9273 5.5039
9274 0.3233
9275 1.9222
9276 0.1063
9277 6.4039
9278 0.5712
9279 0.1212
9280 4.0580
9281 0.1029
9282 2.0465
9283 3.2502
9284 0.1078
9285 0.1507
9286 0.0675
9287 0.3089
9288 0.0880
9289 7.8882
9290 0.8150
9291 0.4379
9292 0.4795
9293 4.2128
9294 1.0525
9295 0.0542
9296 2.6568
9297 6.2193
9298 0.9576
9299 13.3827
9300 0.4606
9301 0.2033
9302 11.1090
9303 1.9434
9304 3.3315
9305 1.2037
9306 0.6347
9307 0.3834
9308 0.2467
9309 0.0748
9310 0.1564
9311 0.2179
9312 6.6896
9313 0.0842
9314 0.4093
9315 0.2982
9316 0.3114
9317 28.8588
9318 0.9413
9319 0.1472
9320 0.1184
9321 0.3548
9322 0.1553
9323 2.0702
9324 0.3484
9325 0.8160
9326 0.2070
9327 0.2303
9328 0.0849
9329 0.1215
9330 0.2129
9331 0.3694
9332 0.2526
9333 6.7779
9334 0.3671
9335 0.6766
9336 5.2105
9337 0.1044
9338 0.1368
9339 3.0377
9340 0.2589
9341 1.1882
9342 4.4932
9343 0.5344
9344 0.6001
9345 1.7200
9346 0.6797
9347 32.2020
9348 0.1955
9349 0.0809
9350 0.7138
9351 0.2581
9352 15.2657
9353 0.1667
9354 1.1597
9355 0.1430
9356 0.1286
9357 0.2019
9358 2.7129
9359 0.3710
9360 0.9942
9361 0.4748
9362 4.2450
9363 3.6984
9364 2.3840
9365 12.0830
9366 1.8993
9367 1.5788
9368 1.5556
9369 0.3597
9370 8.2606
9371 0.0973
9372 4.1381
9373 0.2853
9374 1.1863
9375 0.1896
9376 0.0930
9377 0.8090
9378 0.2053
9379 0.3418
9380 0.1818
9381 14.3846
9382 0.8423
9383 0.5110
9384 0.1487
9385 0.1799
9386 0.0851
9387 24.9196
9388 0.3611
9389 0.1068
9390 1.4169
9391 1.1349
9392 1.6803
9393 0.2148
9394 4.5588
9395 2.4027
9396 0.5578
9397 0.3797
9398 0.3339
9399 0.1751
9400 0.3442
9401 2.1188
9402 9.8519
9403 0.4585
9404 1.1438
9405 0.3654
9406 1.7444
9407 0.2910
9408 0.1260
9409 0.2157
9410 0.8495
9411 0.5948
9412 0.8350
9413 28.7378
9414 0.2216
9415 0.1375
9416 0.7313
9417 0.2282
9418 0.2480
9419 0.9702
9420 0.0958
9421 0.6653
9422 33.9541
9423 0.3578
9424 0.1802
9425 0.0728
9426 0.1359
9427 0.1650
9428 0.0994
9429 0.1433
9430 0.1469
9431 0.3655
9432 0.1440
9433 1.0663
9434 1.1074
9435 0.1479
9436 2.4756
9437 3.7949
9438 1.3725
9439 40.9813
9440 8.8609
9441 2.2996
9442 0.1314
9443 5.4439
9444 0.1670
9445 6.3680
9446 3.2573
9447 10.7108
9448 20.3471
9449 0.4474
9450 0.4581
9451 0.5010
9452 2.4512
9453 0.5644
9454 0.1162
9455 0.4171
9456 2.2501
9457 1.3977
9458 6.9054
9459 0.1914
9460 1.3154
9461 0.2099
9462 0.3052
9463 0.1287
9464 0.1950
9465 0.3354
9466 13.2611
9467 0.1327
9468 9.4039
9469 1.1470
9470 0.1221
9471 0.8045
9472 0.1531
9473 0.4244
9474 29.5868
9475 0.3870
9476 0.5432
9477 0.2711
9478 0.1290
9479 0.1128
9480 0.9910
9481 1.1386
9482 0.3397
9483 0.2417
9484 0.3819
9485 0.4592
9486 0.9437
9487 0.1579
9488 0.6066
9489 0.1738
9490 2.3848
9491 0.2622
9492 0.1622
9493 0.2908
9494 0.2731
9495 6.5346
9496 0.1223
9497 0.1945
9498 0.2614
9499 1.4127
9500 0.3078
9501 0.3839
9502 0.2223
9503 0.7817
9504 4.4538
9505 1.7055
9506 1.9073
9507 4.1461
9508 0.4564
9509 1.7674
9510 0.4996
9511 0.1791
9512 12.8404
9513 0.1291
9514 0.7053
9515 0.6402
9516 1.3520
9517 3.2554
9518 5.7788
9519 0.2544
9520 0.6315
9521 0.3923
9522 0.1923
9523 1.3224
9524 0.9254
9525 0.2370
9526 4.3609
9527 3.3230
9528 4.3612
9529 0.5004
9530 0.4851
9531 0.8942
9532 0.1345
9533 0.7874
9534 0.2569
9535 0.2732
9536 2.2023
9537 1.9693
9538 0.2978
9539 0.3243
9540 0.7387
9541 1.4157
9542 0.7388
9543 1.8320
9544 0.6763
9545 0.2633
9546 0.3410
9547 0.6195
9548 0.7030
9549 0.1191
9550 0.6318
9551 0.1926
9552 0.3040
9553 0.3927
9554 0.0718
9555 4.7996
9556   NaN
9557 1.4742
9558 0.9641
9559 0.0904
9560 0.3438
9561 0.0996
9562 1.0010
9563 1.2756
9564 7.1261
9565 0.7206
9566 0.3175
9567 0.0577
9568 0.2042
9569 9.4470
9570 1.2175
9571 0.3437
9572 2.1073
9573 0.3449
9574 0.0818
9575 0.4522
9576 0.1705
9577 0.2103
9578 0.1643
9579 0.1899
9580 6.8649
9581 5.4455
9582 0.5869
9583 5.5209
9584 1.4392
9585 0.1822
9586 0.2134
9587 0.3201
9588 0.1292
9589 0.1184
9590 0.1497
9591 0.4603
9592 0.7820
9593 0.4048
9594 10.5100
9595 9.3368
9596 0.0935
9597 0.3563
9598 0.9521
9599 0.1344
9600 8.0516
9601 0.3878
9602 3.4938
9603 8.0692
9604 0.6886
9605 5.9708
9606 0.3229
9607 0.6488
9608 0.4275
9609 0.1840
9610 0.1326
9611 2.3064
9612 0.5817
9613 0.6195
9614 0.0955
9615 0.1201
9616 2.4667
9617 0.2784
9618 1.6960
9619 3.6367
9620 0.1325
9621 0.4700
9622 0.1875
9623 0.2492
9624 7.2296
9625 0.2822
9626 1.9228
9627 2.2018
9628 30.9406
9629 6.7383
9630 1.5059
9631 0.1622
9632 0.4440
9633 18.8321
9634 0.3900
9635 0.1991
9636 1.5746
9637 1.3315
9638 0.2362
9639 0.1823
9640 0.4440
9641 13.9703
9642 2.2007
9643 0.1808
9644 0.5994
9645 0.4125
9646 0.2136
9647 0.1975
9648 0.3836
9649 0.1885
9650 2.8337
9651 0.4190
9652 2.9952
9653 0.1206
9654 9.7092
9655 6.3574
9656 0.1353
9657 0.3763
9658 2.0570
9659 0.2286
9660 0.3001
9661 0.1534
9662 1.3968
9663 0.3347
9664 0.3832
9665 6.4236
9666 24.0263
9667 1.7970
9668 1.0858
9669 0.2986
9670 0.1943
9671 0.1864
9672 6.0462
9673 1.1459
9674 0.3649
9675 0.1043
9676 0.4743
9677 3.5239
9678 3.0642
9679 2.5099
9680 0.1178
9681 0.1466
9682 6.2966
9683 0.0694
9684 0.2463
9685 0.7687
9686 0.2668
9687 0.1957
9688 0.4948
9689 0.0993
9690 0.8772
9691 0.1234
9692 0.1947
9693 0.0817
9694 11.2931
9695 1.0883
9696 0.1685
9697 1.6226
9698 0.2033
9699 0.1206
9700 0.3825
9701 4.7573
9702 0.2722
9703 0.3419
9704 0.9041
9705 0.5377
9706 0.2491
9707 0.6056
9708 0.3113
9709 0.1034
9710 0.1454
9711 0.2188
9712 0.8949
9713 5.9303
9714 0.5081
9715 8.4013
9716 0.3174
9717 0.4085
9718 1.4441
9719 0.1299
9720 0.4131
9721 0.4493
9722 0.3034
9723 0.1696
9724 0.0911
9725 0.3160
9726 22.1179
9727 0.1463
9728 0.2948
9729 1.0636
9730 0.5725
9731 0.0813
9732 0.3337
9733 0.6268
9734 0.4838
9735 0.6038
9736 0.1162
9737 0.4053
9738 0.1077
9739 0.4632
9740 0.6945
9741 0.2815
9742 0.4157
9743 0.2756
9744 0.1598
9745 1.5942
9746 0.3888
9747 0.8977
9748 0.7291
9749 0.1034
9750 0.3836
9751 22.1095
9752 0.1302
9753 47.1902
9754 0.6482
9755 0.3117
9756 2.8769
9757 0.2290
9758 1.7644
9759 0.0911
9760 0.1045
9761 2.7222
9762 3.4716
9763 0.7714
9764 1.2978
9765 0.1376
9766 1.3075
9767 0.6707
9768 1.9494
9769 2.0146
9770 0.7663
9771 0.5602
9772 0.4770
9773 0.3821
9774 21.8723
9775 0.4951
9776 13.2711
9777 0.8265
9778 0.1951
9779 0.2069
9780 0.5128
9781 1.6503
9782 0.2070
9783 0.1277
9784 0.1363
9785 0.4496
9786 0.4485
9787 0.2482
9788 9.7422
9789 0.2146
9790 3.8774
9791 0.2729
9792 0.6169
9793 0.9768
9794 1.1668
9795 19.9438
9796 0.5252
9797 0.3398
9798 2.1855
9799 2.0298
9800 1.2428
9801 0.4813
9802 0.5972
9803 0.1911
9804 4.9558
9805 0.0845
9806 24.1525
9807 0.3981
9808 1.5575
9809 2.0307
9810 0.4711
9811 0.0716
9812 1.1507
9813 1.0221
9814 0.1426
9815 5.2881
9816 56.1924
9817 0.3500
9818 1.4961
9819 11.5412
9820 0.2162
9821 0.7828
9822 0.2940
9823 0.1070
9824 0.3777
9825 0.3426
9826 7.0985
9827 1.0842
9828 0.7066
9829 0.4739
9830 0.3353
9831 0.2033
9832 0.7531
9833 0.4009
9834 0.4371
9835 1.6453
9836 0.9317
9837   NaN
9838 18.0953
9839 0.5591
9840 0.3519
9841 0.2303
9842 0.5943
9843 0.1172
9844 11.7244
9845 0.2520
9846 0.0961
9847 4.3801
9848 1.9272
9849 0.2048
9850 0.5507
9851 0.5463
9852 0.2567
9853 0.7913
9854 1.8125
9855 0.3879
9856 0.9286
9857 0.1672
9858 0.1559
9859 0.6092
9860 2.4088
9861 1.5343
9862 1.5645
9863 0.1032
9864 0.3055
9865 1.4809
9866 0.1913
9867 0.0795
9868 0.0913
9869 0.5285
9870 0.2998
9871 0.5794
9872 2.3185
9873 0.2299
9874 12.0294
9875 0.5151
9876 1.5112
9877 1.7790
9878 0.6431
9879 2.3453
9880 2.1359
9881 3.2480
9882 12.1431
9883 8.5481
9884 4.1800
9885 0.2044
9886 0.2570
9887 0.6287
9888 0.1589
9889 0.4369
9890 28.9053
9891 0.1155
9892 0.2494
9893 0.4499
9894 0.0796
9895 0.3797
9896 0.6488
9897 0.1828
9898 0.2199
9899 0.1201
9900 1.6138
9901 0.3332
9902 0.3261
9903 0.2580
9904 0.2566
9905 15.8780
9906 0.1475
9907 0.5545
9908 0.1821
9909 0.0980
9910 0.6465
9911 3.5595
9912 1.8533
9913 0.1469
9914 2.9732
9915 0.0848
9916 0.4980
9917 0.7624
9918 1.3444
9919 6.0365
9920 2.1391
9921 0.3059
9922 4.8965
9923 2.4082
9924 0.6843
9925 10.2344
9926 10.6205
9927 0.2569
9928 2.1970
9929 0.4024
9930 1.7053
9931 3.1269
9932 0.9620
9933 1.5215
9934 0.2400
9935 0.3854
9936 0.4704
9937 0.1616
9938 3.9489
9939 0.0860
9940 0.6595
9941 2.9365
9942 0.3154
9943 2.5919
9944 0.6291
9945 0.4404
9946 0.3109
9947 1.0014
9948 0.3498
9949 0.6721
9950 0.2808
9951 7.4407
9952 15.5343
9953 0.4009
9954 1.0758
9955 0.2308
9956 0.1228
9957 0.8379
9958 0.4651
9959 0.1910
9960 0.1467
9961 0.6308
9962 0.1291
9963 0.7079
9964 0.2285
9965 4.3469
9966 0.5510
9967 0.3047
9968 0.1931
9969 34.5609
9970 0.9461
9971 3.3076
9972 1.9054
9973 0.2931
9974 1.1335
9975 0.0801
9976 0.1248
9977 0.7344
9978 9.0613
9979 1.1088
9980 4.2458
9981 2.0113
9982 0.3807
9983 0.2336
9984 2.2834
9985 0.1788
9986 0.3305
9987 1.2358
9988 0.5291
9989 0.3161
9990 4.1698
9991 0.7674
9992 0.0762
9993 2.4112
9994 1.0660
9995 0.4328
9996 1.3990
9997 0.1555
9998 1.1511
9999 0.1901
10000 0.4475
