7501 23.6694
7502 14.9335
7503 5.7676
7504 8.1987
7505 28.7837
7506 0.5858
7507 16.5454
7508 1.7827
7509 2.1348
7510 5.4765
7511 29.4045
7512 0.3035
7513 10.4807
7514 17.2290
7515 25.5130
7516 0.3942
7517 2.8578
7518 19.1327
7519 6.9527
7520 11.8847
7521 3.5093
7522 16.1033
7523 48.2237
7524 3.0076
7525 19.2963
7526 8.9791
7527 0.2934
7528 0.7477
7529 12.6067
7530 10.6434
7531 3.6413
7532 19.2153
7533 0.4764
7534 0.7332
7535 17.0400
7536 1.7372
7537 21.5788
7538 0.3154
7539 5.3713
7540 6.9895
7541 22.4560
7542 9.9421
7543 3.9485
7544 14.0052
7545 4.7217
7546 6.1766
7547   NaN
7548 2.6671
7549 4.1904
7550   NaN
7551 7.5809
7552 15.6492
7553 6.1722
7554 0.2065
7555 3.3625
7556 8.9402
7557 5.9476
7558 0.6158
7559 0.3527
7560 9.5747
7561 1.6519
7562 8.9437
7563 6.8203
7564 41.0218
7565 3.1223
7566 15.4657
7567 12.5455
7568 14.6582
7569 3.6073
7570 6.4871
7571 3.0268
7572 1.8609
7573 44.6799
7574 10.1079
7575 22.9500
7576 33.0660
7577 230.2283
7578 6.0391
7579 18.1399
7580 4.4648
7581 13.9196
7582 22.8431
7583 4.7397
7584 2.0630
7585 20.3632
7586 4.4934
7587 0.3465
7588 22.0665
7589 60.1872
7590 2.7025
7591 23.4888
7592 24.5767
7593 2.9915
7594 12.4812
7595 5.3605
7596 4.9526
7597 9.4052
7598 44.5805
7599 5.5794
7600 24.8307
7601 0.8365
7602 4.1382
7603 0.4469
7604 1.0045
7605 0.4795
7606 5.5267
7607 16.5851
7608 1.5184
7609 21.8301
7610 4.9956
7611 21.2172
7612 19.6074
7613 1.8919
7614 0.3492
7615   NaN
7616 6.9827
7617 1.5160
7618 5.5317
7619 28.3535
7620 3.2429
7621 21.3102
7622 0.9635
7623 43.3199
7624 11.4588
7625 2.5567
7626 24.3005
7627 0.6599
7628 0.4319
7629 31.6375
7630 0.6166
7631 1.4740
7632 3.9416
7633 21.4999
7634 25.3703
7635 0.4742
7636 23.7729
7637 7.4255
7638 0.9371
7639 21.2672
7640 11.8392
7641 0.6941
7642 37.4469
7643 5.2415
7644 11.6136
7645 14.8558
7646 3.4124
7647 4.2608
7648 52.1313
7649 0.3436
7650 5.7129
7651 0.8120
7652 10.4015
7653 7.3864
7654 16.5986
7655 4.4383
7656 5.3908
7657 0.5423
7658 43.2276
7659 6.0399
7660 23.5630
7661 27.4485
7662 4.0719
7663 15.9948
7664   NaN
7665 27.1795
7666 21.1527
7667 20.8779
7668 14.0748
7669 6.0496
7670 1.0402
7671 3.7339
7672 5.0900
7673 1.4975
7674 3.9386
7675 6.3865
7676 6.3176
7677 1.0480
7678 0.3619
7679 0.9993
7680 28.8727
7681 5.4392
7682 0.6003
7683 23.5552
7684 18.0948
7685 56.8258
7686 16.3759
7687 0.9870
7688 4.7763
7689 29.0946
7690 25.2615
7691 8.3824
7692 0.6307
7693 1.2605
7694 3.6308
7695 8.7398
7696 11.7525
7697 52.9267
7698 1.4698
7699 3.4305
7700 22.0687
7701 1.5021
7702 3.3246
7703 22.0393
7704 0.5042
7705 5.7390
7706 4.6480
7707 2.5253
7708 2.6516
7709 15.5602
7710 6.3296
7711 1.2393
7712 0.6194
7713 1.3770
7714 41.5459
7715 36.1484
7716 9.0113
7717 1.2050
7718 6.9950
7719 27.8043
7720 0.8454
7721 2.5454
7722 10.8752
7723 0.8624
7724 15.1447
7725 14.4961
7726 3.8510
7727 1.4041
7728 1.5782
7729 13.2334
7730 3.2236
7731 1.4628
7732 19.1298
7733 12.6477
7734 53.5901
7735 9.5563
7736 31.0491
7737 10.5724
7738 3.4929
7739 0.8055
7740 6.4660
7741 3.7804
7742 2.7290
7743 28.6790
7744 14.0725
7745 9.2028
7746 4.9395
7747 2.2998
7748 23.0642
7749 6.4783
7750 8.1348
7751 30.7042
7752 0.7729
7753 5.8295
7754 24.5347
7755 17.4950
7756 1.1136
7757 2.8247
7758 31.5136
7759 15.5267
7760 33.9138
7761 23.0859
7762 2.7224
7763 2.2073
7764 0.5662
7765 3.7592
7766 1.2237
7767 5.5024
7768 7.1858
7769 7.9919
7770 27.7323
7771 0.8508
7772 0.8734
7773 0.8947
7774   NaN
7775 9.2059
7776 12.1620
7777 1.5644
7778 0.5749
7779 1.3116
7780 2.7922
7781 1.9868
7782 6.7043
7783 0.4389
7784 26.4176
7785 7.0788
7786 2.1838
7787 25.3010
7788 19.9223
7789 5.8611
7790 3.2954
7791 20.8105
7792 11.1015
7793 8.9342
7794 24.6141
7795 3.5316
7796 3.8609
7797 1.1473
7798 24.8042
7799 35.9990
7800 4.7000
7801 0.9342
7802 0.9109
7803 11.1245
7804 11.7060
7805 1.4842
7806 9.8404
7807 2.6605
7808 8.9943
7809 0.3060
7810 7.9747
7811 4.7506
7812 10.9431
7813 6.5745
7814 5.0510
7815 0.5481
7816 21.0382
7817 0.2866
7818 7.2907
7819 5.2077
7820 25.4817
7821 1.2303
7822 1.9984
7823 0.4774
7824 1.3260
7825 11.3937
7826 112.3700
7827 27.8354
7828 6.9560
7829 29.8265
7830 0.8751
7831 4.0353
7832 10.6627
7833 30.2593
7834 9.7776
7835 10.6546
7836 12.5854
7837 1.2212
7838 7.0771
7839 13.3747
7840 3.4921
7841 15.0837
7842 2.5998
7843 21.8123
7844 0.5007
7845 13.6988
7846 20.9096
7847   NaN
7848 54.4812
7849 10.9387
7850 0.6952
7851 2.1536
7852 13.5708
7853 76.5615
7854 0.4008
7855 6.0398
7856 1.6069
7857 0.6159
7858 7.7810
7859 14.3732
7860 0.9662
7861 0.4276
7862 1.4261
7863 39.2662
7864 1.4685
7865 1.5079
7866 0.3049
7867 14.3559
7868 32.2736
7869 6.6763
7870 4.2435
7871 1.8081
7872 0.5625
7873 4.4384
7874 25.9122
7875 77.6824
7876 18.7136
7877 0.6432
7878 4.7164
7879 213.1381
7880 0.9174
7881 7.6622
7882 13.5361
7883 1.7879
7884 15.2708
7885 38.0940
7886 1.3793
7887 6.6734
7888 3.7700
7889 4.0000
7890 0.6029
7891 7.5194
7892 0.7767
7893 4.7096
7894 2.4553
7895 49.7798
7896 0.3707
7897 11.2051
7898 15.1852
7899 11.9069
7900 1.3956
7901 41.3994
7902 1.6486
7903 4.6992
7904 10.9107
7905 3.1788
7906 1.0985
7907 14.7099
7908 0.8911
7909 3.8574
7910 17.2988
7911 1.4560
7912 8.6673
7913 21.6988
7914 1.1008
7915 11.4955
7916 2.1788
7917 2.8028
7918 0.4184
7919 1.5710
7920 4.6702
7921 7.1828
7922 43.4289
7923 0.1492
7924 1.1083
7925 0.5630
7926 5.1286
7927 3.2151
7928 0.7601
7929 2.2679
7930 3.2461
7931 12.2502
7932 22.7640
7933 8.5037
7934 6.5919
7935 0.2830
7936 18.6828
7937 9.4482
7938 19.2853
7939 0.6238
7940 23.5902
7941 16.7731
7942 0.2176
7943 33.0021
7944 4.4195
7945 5.2013
7946 0.2820
7947 94.8295
7948 3.7485
7949 16.5573
7950 2.2263
7951 3.8780
7952 8.0933
7953 23.4120
7954 0.6831
7955 0.2303
7956 4.2105
7957 7.0489
7958 4.6157
7959 26.2200
7960 28.8938
7961 5.6553
7962 8.7942
7963 0.3740
7964 4.1225
7965 16.9968
7966 5.0276
7967 26.3791
7968 8.2367
7969 12.4984
7970 5.4158
7971 2.5847
7972 15.7465
7973 2.0948
7974 3.3087
7975 4.1312
7976 87.0390
7977 4.9820
7978 10.8715
7979 0.5960
7980 5.7183
7981 6.1242
7982 0.2461
7983 1.7034
7984 0.9243
7985 9.0400
7986 0.1229
7987 3.5658
7988 20.1906
7989 0.4742
7990 4.5834
7991 0.6927
7992 9.0785
7993 4.9917
7994 2.1521
7995 23.7050
7996 13.4081
7997 33.8069
7998 0.9710
7999 4.8275
8000 16.1023
8001 2.6726
8002 0.9328
8003 4.0751
8004 1.3763
8005 9.2204
8006 8.6431
8007 2.2012
8008 1.2119
8009 3.1544
8010 0.7547
8011 14.8873
8012 1.1557
8013 59.1313
8014 4.6981
8015 35.9758
8016 16.7058
8017 19.3274
8018 18.5795
8019 5.9356
8020 5.4922
8021 0.4453
8022 7.3734
8023 15.6034
8024 0.6760
8025 7.6088
8026 0.7342
8027 4.7702
8028 0.9871
8029 13.8419
8030 10.0944
8031 1.0695
8032 16.6780
8033 7.1879
8034 0.3172
8035 7.0700
8036 7.5163
8037 0.1436
8038 30.7646
8039 1.5706
8040 1.1657
8041 11.2016
8042 35.0141
8043 7.3719
8044 0.4442
8045 2.0462
8046 23.3586
8047 0.9175
8048 0.5981
8049 0.4265
8050 25.8333
8051 3.9160
8052 3.4898
8053 3.8618
8054 17.9827
8055 0.2899
8056 3.6858
8057 0.4549
8058 20.8222
8059 3.3709
8060 27.2348
8061 13.7888
8062 54.1866
8063 21.1493
8064 1.4636
8065 2.5411
8066 18.2159
8067 12.1161
8068 67.3693
8069 3.3462
8070 8.9345
8071 29.5961
8072 2.3230
8073 2.1607
8074 0.3597
8075 2.6146
8076 24.4587
8077 2.8139
8078 5.2794
8079 11.2453
8080 19.3885
8081 5.7534
8082 60.0549
8083 5.9578
8084 24.3410
8085 12.8371
8086 1.4318
8087 10.3822
8088 7.1135
8089 14.7872
8090 25.6495
8091 18.4973
8092 0.1930
8093 4.1179
8094 5.0740
8095 14.0683
8096 10.7296
8097 2.4743
8098 9.9043
8099 6.4489
8100 19.9694
8101 0.5374
8102 4.5861
8103 1.3822
8104 4.5322
8105 21.8686
8106 1.8708
8107 2.7423
8108 6.0533
8109 2.0655
8110 1.8987
8111 15.7299
8112 13.4199
8113 2.5208
8114 4.2345
8115 89.0156
8116 5.8822
8117 10.1868
8118 17.1818
8119 19.5478
8120 4.3392
8121 3.3486
8122 29.2729
8123 1.6804
8124 1.2054
8125 11.3891
8126 20.0577
8127 10.3649
8128 36.2268
8129 0.1527
8130 1.4249
8131 10.2486
8132 4.4679
8133 4.5394
8134 6.7367
8135 2.7304
8136 2.8441
8137 19.4528
8138 1.1266
8139 18.1399
8140 23.9108
8141 15.6061
8142 2.0933
8143 3.3190
8144 18.7947
8145 1.2021
8146 24.6183
8147 1.6953
8148 0.3546
8149 0.6390
8150 17.8404
8151 1.5381
8152 3.2748
8153 0.3362
8154 2.0477
8155 1.2209
8156 3.0330
8157 16.1642
8158 5.1806
8159 23.2213
8160 3.8078
8161 11.3927
8162 8.4944
8163 4.8825
8164 4.9619
8165 21.5261
8166 0.1247
8167 7.0689
8168 10.8556
8169 1.5175
8170 9.4439
8171 1.3135
8172 5.0540
8173 0.6992
8174 0.8201
8175 2.4974
8176 33.8149
8177 13.9770
8178 5.3276
8179 73.1576
8180 10.1789
8181 19.4687
8182 0.8462
8183 9.7075
8184 7.1188
8185 22.9619
8186 14.3072
8187 1.5628
8188 17.2041
8189 3.3758
8190 8.7717
8191 5.0390
8192 36.2326
8193 31.0832
8194 0.4110
8195 28.8135
8196 7.1460
8197 16.2826
8198 1.3682
8199 2.3535
8200 3.0230
8201 6.1302
8202 1.7361
8203 14.8098
8204 1.5012
8205 54.7913
8206 31.6773
8207 1.9935
8208 23.1037
8209 48.2748
8210 36.7217
8211 29.3986
8212 3.6281
8213 2.3472
8214 11.2933
8215 15.9020
8216 17.8986
8217 19.5254
8218 30.7069
8219 1.0062
8220 20.3492
8221 2.0061
8222 9.0419
8223 4.8430
8224 3.0614
8225 5.7792
8226 16.2497
8227 7.0204
8228 2.7415
8229 9.5300
8230 0.2792
8231 7.8216
8232 0.6653
8233 4.0546
8234 144.7940
8235 10.1142
8236 0.6852
8237 1.4408
8238 10.5806
8239 10.1363
8240 8.3663
8241 0.8037
8242 11.0003
8243 27.5115
8244 94.3129
8245 38.9481
8246 0.7472
8247 0.9874
8248 7.9908
8249 31.6641
8250 20.5424
8251 1.5274
8252 0.6673
8253 2.7246
8254 26.2401
8255 3.1373
8256 1.3866
8257 32.5554
8258 33.5032
8259 0.2494
8260 7.2252
8261 11.4509
8262 1.2732
8263 12.3958
8264 29.4821
8265 30.2194
8266 5.1415
8267 1.7512
8268 0.9230
8269 4.6883
8270 7.6679
8271 8.9313
8272 1.1075
8273 11.5788
8274 1.0614
8275 0.4589
8276 3.8125
8277 1.5586
8278 4.0334
8279 7.6184
8280 4.1504
8281 13.9403
8282 2.8597
8283 5.7347
8284 12.8674
8285 6.9941
8286 9.3928
8287 4.2204
8288 31.4770
8289 2.3780
8290 27.5362
8291 27.7885
8292 1.0556
8293 0.2206
8294 5.7434
8295 11.3672
8296 7.2112
8297 0.7010
8298 1.0858
8299 22.6991
8300 4.3570
8301 23.4572
8302 13.7720
8303 5.3480
8304 1.6858
8305 10.1302
8306 10.2770
8307 3.5494
8308 85.3337
8309   NaN
8310 5.3693
8311 15.0238
8312 45.3909
8313 16.5740
8314 30.3428
8315 7.1784
8316 0.2469
8317 1.0342
8318 0.9091
8319 41.0361
8320 0.4594
8321 22.2005
8322 2.9805
8323 2.8753
8324 5.8449
8325 12.6809
8326 12.9979
8327 10.9707
8328 10.3747
8329 16.6431
8330 0.7139
8331 25.0044
8332 18.2815
8333 22.7884
8334 0.3334
8335 5.6657
8336 45.3328
8337 10.7498
8338 2.4876
8339 4.4270
8340 11.8596
8341 38.2853
8342 21.7032
8343 4.0240
8344 0.6153
8345 1.0053
8346 1.1247
8347 3.2745
8348 8.2169
8349 25.6126
8350 17.7424
8351 0.6628
8352 17.5539
8353 0.3449
8354 29.4729
8355 0.8672
8356 10.9360
8357 1.8194
8358 32.3132
8359 15.4673
8360 13.9271
8361 10.0340
8362 30.1131
8363 29.8898
8364 2.6020
8365 6.9989
8366 7.5804
8367 8.9275
8368 28.3275
8369 0.3932
8370 32.5066
8371 4.1082
8372 14.5452
8373 3.6994
8374 15.9483
8375 31.0168
8376 33.0814
8377 1.4635
8378 15.9698
8379 4.0856
8380 8.3164
8381 32.1557
8382 5.0438
8383 6.8162
8384 11.7279
8385 6.9408
8386 0.2995
8387 115.1762
8388 4.9549
8389 7.3726
8390 31.7170
8391 29.3222
8392 0.7581
8393 3.1423
8394 10.2142
8395 9.0349
8396 28.6650
8397 2.7475
8398 39.2992
8399 11.8018
8400 5.2423
8401 12.9377
8402 2.5944
8403 13.6666
8404 0.3067
8405 4.4216
8406 3.5941
8407 33.5982
8408 0.2820
8409 11.2683
8410 12.4963
8411 0.5625
8412 21.0133
8413 5.1555
8414 2.7089
8415 15.2648
8416 0.6157
8417 0.4143
8418 2.5048
8419 2.6221
8420 27.2684
8421 6.7157
8422 18.0087
8423 4.2647
8424 1.3979
8425 7.9757
8426 0.5817
8427 3.7807
8428 1.5448
8429 3.8260
8430 5.0819
8431 12.3707
8432 19.0378
8433 5.6029
8434 11.7960
8435 1.1085
8436 6.9065
8437 0.3204
8438 39.2046
8439 8.2903
8440 1.1229
8441 0.6633
8442 18.3978
8443 3.3507
8444 0.9713
8445 0.1267
8446 1.8093
8447 28.2420
8448 0.5523
8449 10.5929
8450 13.7213
8451 26.4877
8452 5.3338
8453 1.0233
8454 2.0550
8455 107.9228
8456 29.1428
8457 3.3399
8458 17.3253
8459 1.0315
8460 33.0981
8461 3.7058
8462 12.0970
8463 8.4767
8464 0.4579
8465 15.9567
8466 33.4677
8467 18.3561
8468 0.8634
8469 23.2376
8470 3.3428
8471 0.7708
8472 17.2534
8473 43.2489
8474 5.4874
8475 1.2025
8476 2.7020
8477 0.4183
8478 2.6563
8479 0.4024
8480 2.1090
8481 4.2477
8482 4.0396
8483 44.0172
8484 1.3765
8485 13.4742
8486 3.8813
8487 2.2568
8488 26.0897
8489 0.8700
8490 9.9251
8491 1.8955
8492 11.1594
8493 13.4157
8494 19.1303
8495 19.7562
8496 4.5173
8497 26.1346
8498 0.5747
8499 14.3188
8500 1.8962
8501   NaN
8502 23.0188
8503 2.7460
8504 8.9002
8505 1.2953
8506 0.4879
8507 0.4793
8508 1.2025
8509 4.6793
8510 5.3563
8511 0.5560
8512 7.8870
8513 7.2901
8514 4.8996
8515 4.5110
8516 11.2026
8517 0.8301
8518 11.2954
8519 27.5360
8520 1.9001
8521 1.2212
8522 1.1562
8523 17.7857
8524 2.2720
8525 8.7134
8526 3.6237
8527 1.4383
8528 30.7086
8529 28.1276
8530 38.9737
8531 0.9986
8532 9.6321
8533 6.4257
8534 11.6939
8535 11.5524
8536 5.0116
8537 59.5150
8538 29.8378
8539 0.8427
8540 22.7658
8541 1.3267
8542 9.1616
8543 3.2022
8544 2.7753
8545 7.6049
8546 6.8521
8547 0.4172
8548 3.5011
8549 31.5226
8550 0.9925
8551 15.8413
8552 2.5082
8553 18.0999
8554 12.2406
8555 7.5557
8556 64.0976
8557 3.1211
8558 9.6388
8559 2.6646
8560 1.8999
8561 3.4162
8562 19.3715
8563 20.3193
8564 3.4528
8565 1.1101
8566 3.3717
8567 0.3423
8568 2.1260
8569 2.1047
8570 12.7179
8571 3.4664
8572 0.2767
8573 3.3842
8574 4.9954
8575 4.8280
8576 1.0602
8577 26.9508
8578 0.1335
8579 27.9331
8580 37.4714
8581 1.3040
8582   NaN
8583 11.2229
8584 8.5233
8585 1.1621
8586 0.6077
8587 0.1984
8588 0.2655
8589 1.0310
8590 0.4232
8591 33.8648
8592 3.2476
8593 6.8322
8594 3.1452
8595 10.8905
8596 0.4104
8597 14.3643
8598 0.4388
8599 1.6466
8600 12.4208
8601 0.9900
8602 6.2450
8603 1.0400
8604 0.8152
8605 0.1633
8606 39.5990
8607 2.3769
8608 3.9783
8609 12.8837
8610 0.4568
8611 1.3503
8612 2.6149
8613 2.6185
8614 18.9037
8615 19.7729
8616 1.0819
8617 4.6213
8618 0.4292
8619 3.9104
8620 5.8392
8621 0.6278
8622 10.6096
8623 12.9789
8624 1.7548
8625 0.2229
8626 31.5243
8627 24.7896
8628 0.2014
8629 11.7150
8630 26.2694
8631 3.6275
8632 12.3414
8633 0.7677
8634 30.3128
8635 24.4832
8636 67.1919
8637 0.2559
8638 0.4057
8639 1.9976
8640 1.0921
8641 8.6631
8642 7.2642
8643 6.1500
8644 19.8117
8645 12.6740
8646 22.0197
8647 29.9909
8648 3.2230
8649 3.7533
8650 1.2541
8651 4.0443
8652 36.2164
8653 10.8099
8654 10.4101
8655 6.1473
8656 11.6761
8657 10.0288
8658 1.1379
8659 19.2116
8660 1.5180
8661 0.3717
8662 2.3140
8663 24.6973
8664 11.2260
8665 14.2255
8666 0.3031
8667 13.4368
8668 5.7171
8669 7.5385
8670 128.2726
8671 3.9292
8672 15.2369
8673 13.5432
8674 20.2082
8675 19.3031
8676 13.6364
8677 23.9827
8678 29.3369
8679 4.5227
8680 6.1956
8681 3.3700
8682 2.3624
8683 3.8488
8684 4.1479
8685 1.6449
8686 6.2906
8687 0.4182
8688 5.6963
8689 5.0673
8690 32.8063
8691 6.2678
8692 4.7159
8693 0.6320
8694 16.5166
8695 0.4604
8696 11.7554
8697 8.9128
8698 34.0368
8699 13.3884
8700 10.3551
8701 17.7800
8702 16.9356
8703 0.3194
8704 16.5395
8705 2.1799
8706 11.5409
8707 4.9703
8708 8.8151
8709 0.6606
8710 1.1438
8711 12.8213
8712 15.8806
8713 1.8395
8714 0.4857
8715 0.8264
8716 41.4862
8717 21.6382
8718 0.3258
8719 1.2435
8720 3.9892
8721 2.4965
8722 37.4082
8723 6.3042
8724 4.3993
8725 2.5707
8726 19.1321
8727 17.8206
8728 0.3101
8729 8.7837
8730 6.6806
8731 1.9293
8732 1.0435
8733 28.5423
8734 0.9974
8735 0.5007
8736 5.5366
8737 0.6435
8738 0.2791
8739 2.1996
8740 11.8924
8741 7.0525
8742 5.8043
8743 1.4900
8744 0.9821
8745 57.2417
8746 1.3625
8747 1.8443
8748 21.6218
8749   NaN
8750 3.6179
8751 7.8616
8752 9.0579
8753 40.5488
8754 39.4375
8755 0.2465
8756 2.2117
8757 6.9248
8758 1.7675
8759 1.5502
8760 14.9596
8761 5.9085
8762 0.7267
8763 8.5419
8764 27.8621
8765 33.7944
8766 22.5495
8767 4.3533
8768 1.1979
8769 16.3944
8770 4.9505
8771 0.8987
8772 0.6872
8773 12.8845
8774 2.8234
8775 26.8059
8776 27.8302
8777 1.3758
8778 19.1103
8779 9.0897
8780 0.4947
8781 8.4159
8782 1.4142
8783 2.1156
8784 20.4059
8785 2.9246
8786 6.5393
8787 5.4387
8788 2.8804
8789 0.6619
8790 0.7167
8791 13.1355
8792 0.3885
8793 0.5179
8794 2.0992
8795 13.4696
8796 15.2182
8797 3.4949
8798 2.9388
8799 9.9910
8800 82.8124
8801 2.1223
8802 5.1542
8803 13.4351
8804 4.9639
8805 15.7518
8806 22.5662
8807 29.3553
8808 0.4440
8809 6.9355
8810 11.2409
8811 13.7113
8812 23.7934
8813 35.0172
8814 25.6847
8815 6.4358
8816 5.1169
8817 8.9197
8818 1.0222
8819 1.3818
8820 5.1116
8821 22.7171
8822 10.8622
8823 1.8594
8824 8.2193
8825 2.7647
8826 1.3178
8827 3.3585
8828 0.3338
8829 30.4089
8830 3.4673
8831 0.4946
8832 24.1301
8833 37.4964
8834 0.3552
8835 4.2874
8836 3.7507
8837 61.6981
8838 18.7796
8839 3.6640
8840 0.5608
8841 10.8798
8842 14.6883
8843 2.6038
8844 1.1403
8845 1.2846
8846 2.2956
8847 2.1658
8848 2.0119
8849 1.2097
8850 28.7205
8851 13.8536
8852 1.9732
8853 0.6957
8854 6.3766
8855 25.0350
8856 0.4769
8857 10.6884
8858 0.7783
8859 1.5098
8860 2.0340
8861 4.5416
8862 3.8716
8863 5.9807
8864 1.3980
8865 1.0752
8866 1.5977
8867 3.9006
8868 10.1953
8869 1.4273
8870 4.0152
8871 1.8623
8872 3.6861
8873 26.2804
8874 1.2832
8875   NaN
8876 1.4909
8877 0.4696
8878 0.8604
8879 6.4161
8880 13.0779
8881 27.1923
8882 1.1086
8883 4.5917
8884 9.6791
8885 40.9196
8886 1.4021
8887 23.3694
8888 20.2833
8889 1.5719
8890 1.2397
8891 31.4806
8892 17.4709
8893 19.5078
8894 7.5855
8895 1.1843
8896 3.1825
8897 29.8845
8898 0.6349
8899 0.5137
8900 6.9860
8901 11.9845
8902 2.1034
8903 1.6385
8904 6.3073
8905 3.0334
8906 1.7236
8907 41.4011
8908 31.2123
8909 4.9017
8910 29.2979
8911 23.3303
8912 1.0670
8913 61.6290
8914 5.6500
8915 53.9837
8916 7.0045
8917 15.0505
8918 20.4214
8919 7.6687
8920 3.5536
8921 2.2911
8922 1.0065
8923 7.2230
8924 7.6206
8925 2.2525
8926 0.4751
8927 1.7876
8928 1.7111
8929 0.4488
8930 36.5930
8931 14.4352
8932 1.6483
8933 5.6126
8934 19.9798
8935 1.5462
8936 15.1867
8937 25.3846
8938 6.6697
8939 3.7111
8940 16.5285
8941 3.4837
8942 17.8115
8943 68.0262
8944 47.7284
8945 2.1019
8946 8.2660
8947 10.3972
8948 0.7227
8949 1.5389
8950 2.1666
8951 1.1446
8952 14.6933
8953 28.6255
8954 1.8771
8955 34.1733
8956 8.6746
8957 1.9460
8958 4.4607
8959 20.1268
8960 23.1947
8961 5.1797
8962 3.6498
8963 12.6814
8964 0.1702
8965 0.1930
8966 21.6853
8967 21.3642
8968 3.3752
8969 3.5289
8970 12.7276
8971 16.4112
8972 19.9210
8973 3.2420
8974 3.5770
8975 1.7477
8976 9.9844
8977 2.9122
8978 10.8434
8979 1.9665
8980 2.1101
8981 45.1642
8982 9.4220
8983 4.7231
8984 1.4861
8985 2.3059
8986 26.1853
8987 6.9983
8988 0.1341
8989 3.5592
8990 26.5179
8991 1.3913
8992 18.4069
8993 1.9458
8994 1.1291
8995 11.5937
8996 10.9801
8997 2.0355
8998 23.5110
8999 4.0695
9000 0.7676
9001 0.8758
9002 9.6011
9003 7.1377
9004 0.9566
9005 18.8863
9006 12.2983
9007 13.1898
9008 7.7248
9009 5.0983
9010 14.2170
9011 2.6416
9012 0.1917
9013 9.7085
9014 3.6617
9015 1.9498
9016 15.4708
9017 20.4994
9018 2.5538
9019 1.7938
9020 6.3513
9021 16.8323
9022 0.5466
9023 24.9771
9024 14.1123
9025 9.1362
9026 0.3099
9027 3.2723
9028 2.3006
9029 15.4308
9030 21.2594
9031 5.8519
9032 0.9524
9033 23.4305
9034 32.3088
9035 13.9235
9036 1.0460
9037 4.4757
9038 6.2163
9039 0.5107
9040 1.3157
9041 7.7523
9042 0.2227
9043 1.5363
9044 8.8345
9045 15.1832
9046 0.2900
9047 17.6971
9048 4.2099
9049 34.7093
9050 10.4878
9051 15.9131
9052 39.0669
9053 8.6692
9054 1.8337
9055 7.3275
9056 3.5371
9057 2.6708
9058 2.9585
9059 0.4475
9060 1.2691
9061 0.2931
9062 0.6148
9063 7.8947
9064 31.8453
9065 14.2800
9066 7.9537
9067 9.1606
9068 3.8971
9069 11.7928
9070 7.0807
9071 16.2040
9072 7.6760
9073 0.3618
9074 13.2073
9075 0.8548
9076 6.9861
9077 21.1622
9078 1.9679
9079 4.6061
9080 1.9341
9081 4.7954
9082 9.3938
9083 28.1388
9084 19.5555
9085 0.4753
9086 16.9065
9087 2.6083
9088 0.6301
9089 2.0504
9090 0.3826
9091 9.5430
9092 0.8597
9093 5.9586
9094 19.5160
9095 0.3880
9096 20.7151
9097 0.3757
9098 1.8173
9099 26.4055
9100 0.7682
9101 11.4675
9102 4.6450
9103 1.6081
9104 34.5271
9105 40.1680
9106 1.3330
9107 1.5712
9108 4.8347
9109 20.5251
9110 9.7448
9111 0.5578
9112 7.0986
9113 29.5302
9114 7.3274
9115 31.0962
9116 4.5908
9117   NaN
9118 3.6744
9119 25.6671
9120 9.6832
9121 6.7434
9122 2.7522
9123 3.0761
9124 5.5736
9125 12.9180
9126 0.4133
9127 7.3374
9128 4.4761
9129 6.5480
9130 11.5867
9131 3.4194
9132 13.6857
9133 8.3048
9134 1.4779
9135 30.7111
9136 12.1204
9137 10.9350
9138 1.0348
9139 6.8858
9140 29.9849
9141 8.0667
9142 4.8088
9143 8.7380
9144 0.2899
9145 20.9347
9146 23.9248
9147 1.3306
9148 2.0832
9149 2.1380
9150 3.7893
9151 4.6484
9152 15.0171
9153 1.6531
9154 27.7279
9155 2.6555
9156 1.6116
9157 27.6856
9158 35.8453
9159 31.4388
9160 3.8248
9161 6.8894
9162 25.2240
9163 14.5875
9164 24.4992
9165 1.8144
9166 15.2182
9167 0.7486
9168 5.1404
9169 4.4871
9170 32.3569
9171 1.2277
9172 10.6077
9173 0.4962
9174 24.7018
9175 32.6426
9176 13.2666
9177 0.7437
9178 11.3686
9179 20.6173
9180 1.5249
9181 21.4430
9182 3.2190
9183 3.7794
9184 2.4952
9185 19.3025
9186 13.3858
9187 8.9691
9188 3.7410
9189 9.0839
9190 2.0412
9191 2.7185
9192 6.3545
9193 28.7732
9194 10.8189
9195 0.8705
9196 8.1831
9197 31.4128
9198 7.6838
9199 1.5091
9200 0.7598
9201 19.7569
9202 13.2629
9203 4.4901
9204 10.6275
9205 11.5232
9206 18.6076
9207 24.7870
9208 13.2413
9209 38.0101
9210 4.2022
9211 23.1298
9212 1.8812
9213   NaN
9214 0.6621
9215 47.2477
9216 4.3797
9217 6.3289
9218 0.2295
9219 16.3055
9220 2.3263
9221 3.6050
9222 2.8046
9223 4.4710
9224 0.2169
9225 1.1273
9226 27.8700
9227 9.3074
9228 0.9225
9229 1.8177
9230 11.5985
9231 0.2711
9232 15.8267
9233 1.1155
9234 6.6904
9235 3.8513
9236 4.1241
9237 0.7842
9238 1.1177
9239 7.9232
9240 2.3280
9241 33.1228
9242 7.2143
9243 5.5833
9244 4.0058
9245 13.7933
9246 15.6019
9247 17.3012
9248 8.5819
9249 7.8409
9250 1.1727
9251 35.8140
9252 28.2176
9253 14.8800
9254 1.6615
9255 9.3071
9256 0.2943
9257 20.3855
9258 14.8565
9259 17.3971
9260 5.1288
9261 0.4905
9262 0.4976
9263 26.9428
9264 55.7206
9265 5.2937
9266 1.1260
9267 26.9694
9268 18.1283
9269 0.9803
9270 19.6062
9271 1.0545
9272 0.3599
9273 9.5742
9274 11.9414
9275 20.4782
9276 14.6417
9277 1.4935
9278 12.3298
9279 21.4776
9280 1.3261
9281 6.9355
9282 10.2352
9283 2.4290
9284 1.4049
9285 5.2004
9286 0.8402
9287 45.2934
9288 7.7239
9289 2.9786
9290 3.7599
9291 39.8017
9292 4.7371
9293 3.0550
9294 35.7663
9295 36.6733
9296 8.8290
9297 4.6431
9298 6.6155
9299 5.7610
9300 23.7930
9301 19.6060
9302 1.7651
9303 12.5706
9304 13.2634
9305 6.9409
9306 9.5930
9307 4.1643
9308 25.9310
9309 8.5359
9310 28.5642
9311 2.0578
9312 26.8477
9313 12.7599
9314 0.2392
9315 11.0390
9316 0.9356
9317 5.1946
9318 14.7504
9319 11.6692
9320 17.2126
9321 0.2334
9322 10.5396
9323 1.0069
9324 17.5454
9325 3.7910
9326 5.0121
9327 58.9635
9328 76.6934
9329 24.4863
9330 71.5022
9331 1.8652
9332 6.5680
9333 10.9765
9334 22.5810
9335 1.4366
9336 9.5881
9337   NaN
9338 4.6636
9339 1.8207
9340 5.9785
9341 1.6177
9342 14.7376
9343 2.5834
9344 0.9472
9345 38.2592
9346 0.7992
9347 1.2982
9348 8.5784
9349 14.1259
9350 1.0449
9351 0.4453
9352 1.1687
9353 15.2115
9354 11.5970
9355 9.1730
9356 3.2311
9357 1.8715
9358 18.4728
9359 4.5001
9360 1.2375
9361 10.4205
9362 2.9315
9363 1.3484
9364 3.9584
9365 1.0777
9366 22.2537
9367 1.2483
9368 14.5394
9369 6.5075
9370 0.3796
9371   NaN
9372 21.4837
9373 4.9635
9374 15.8724
9375 33.3748
9376 3.4671
9377 23.0560
9378 6.3180
9379 38.3133
9380 4.5906
9381 6.2460
9382 1.5432
9383 11.7048
9384 88.2984
9385 4.7745
9386 15.6637
9387 22.7355
9388 2.7053
9389 13.4066
9390 0.5831
9391 3.0204
9392 0.7642
9393 28.3814
9394 6.3113
9395 8.1919
9396 3.9576
9397 20.6881
9398 18.6230
9399 1.1356
9400 32.2103
9401 9.8450
9402 7.7865
9403 5.1527
9404 9.3614
9405 3.1117
9406 10.8838
9407 23.1212
9408 37.5759
9409 2.0968
9410 11.4574
9411 12.7752
9412 31.2681
9413 12.6420
9414 69.7241
9415 18.9003
9416 0.7907
9417 116.5774
9418 2.3247
9419 6.1404
9420 5.6896
9421 4.6679
9422 18.4017
9423 0.1598
9424 1.4915
9425 1.3827
9426 0.4878
9427 2.3793
9428 9.0551
9429 40.8598
9430 13.6600
9431 1.2538
9432 2.9642
9433 1.7016
9434 3.6841
9435 14.5674
9436 4.9174
9437 64.0672
9438 2.3866
9439 1.3043
9440 1.0105
9441 0.6507
9442 4.9169
9443 10.6782
9444 0.2607
9445 1.3295
9446 1.2885
9447 16.8852
9448 5.1287
9449 5.4161
9450 13.8824
9451 0.9003
9452 45.6272
9453 0.2753
9454 3.1499
9455 16.0018
9456 2.0817
9457 37.8132
9458 3.7275
9459 31.9999
9460 2.8217
9461 0.9969
9462 1.9832
9463 0.4690
9464 35.4697
9465 6.3346
9466 32.5729
9467 0.5826
9468 61.0180
9469 5.6606
9470 3.1177
9471 21.6964
9472 1.8163
9473 9.1847
9474 31.4539
9475 5.0818
9476 1.0619
9477 4.9272
9478 4.2722
9479 7.2555
9480 3.0637
9481 22.3489
9482 0.8769
9483 20.8699
9484 0.7163
9485 9.4527
9486 4.8672
9487 4.9632
9488 23.9894
9489 0.6718
9490 16.6109
9491 8.8589
9492 31.5129
9493 2.7451
9494 2.7029
9495 16.7990
9496 14.9893
9497 20.9112
9498 2.5843
9499 66.5643
9500 11.6860
9501 1.2018
9502 35.7276
9503 8.4103
9504 36.4594
9505 7.6282
9506 4.1933
9507 10.9875
9508 14.9538
9509 16.8565
9510 27.9534
9511 15.3140
9512 16.7543
9513 12.6911
9514 21.1714
9515 33.2711
9516 2.6374
9517 0.4134
9518 7.3163
9519 23.5276
9520 0.3089
9521 1.2534
9522 2.2190
9523 3.2298
9524 2.0370
9525 52.5717
9526 3.7104
9527 18.5692
9528 2.8796
9529 0.7788
9530 0.4930
9531 33.8068
9532 2.0633
9533 9.6825
9534 5.8857
9535 1.5422
9536 5.5463
9537 2.8231
9538 18.8962
9539 9.9264
9540 4.2391
9541 22.5380
9542 9.4245
9543 22.4481
9544 0.5182
9545 5.0795
9546 32.9374
9547 0.2286
9548 20.3943
9549 0.4762
9550 10.7464
9551 1.1005
9552 2.6391
9553 58.3777
9554 20.7309
9555 0.6857
9556 2.3452
9557 0.7263
9558 9.1015
9559 8.8090
9560 16.4353
9561 36.2479
9562 0.9962
9563 35.0760
9564 2.3323
9565 3.5883
9566 2.8141
9567 10.9102
9568 1.9235
9569 11.1092
9570 5.0427
9571 8.8228
9572 2.2331
9573 6.2876
9574 8.4293
9575 44.0377
9576 46.6948
9577 9.5302
9578 2.0935
9579 20.4402
9580 26.6860
9581 0.4136
9582 0.7945
9583 13.8071
9584   NaN
9585 18.0049
9586 16.7970
9587 0.2043
9588 0.6415
9589 13.5473
9590 0.8015
9591 0.5261
9592 9.1450
9593 17.9731
9594 2.9781
9595 4.4839
9596 27.7761
9597 5.2623
9598 0.2567
9599 24.3082
9600 9.8361
9601 5.8211
9602 3.6048
9603 1.5830
9604 20.9593
9605 52.1815
9606 10.8106
9607 3.2618
9608 2.6624
9609 43.6311
9610 0.2506
9611 6.5575
9612 0.6148
9613 13.0830
9614 47.2775
9615 74.2442
9616 5.8280
9617 31.9415
9618 8.2289
9619 32.2865
9620 33.3325
9621 24.0533
9622 34.1849
9623 8.0794
9624 28.1913
9625 8.6694
9626 7.2773
9627 1.9533
9628 0.9164
9629 21.8844
9630 11.5029
9631 15.3607
9632 18.2873
9633 1.9622
9634 4.0887
9635 12.4523
9636 16.1439
9637 1.7772
9638 4.7035
9639 22.0394
9640 17.2794
9641 4.3028
9642 1.3071
9643 11.6319
9644 8.4764
9645 38.4170
9646 49.2336
9647 2.4689
9648 153.5645
9649 1.2565
9650 10.6547
9651 22.7330
9652 20.2371
9653 1.5272
9654 2.9494
9655 1.5388
9656 80.4592
9657 33.6545
9658 2.7318
9659 40.5516
9660 12.6944
9661 1.2959
9662 1.3499
9663 0.6854
9664 67.7099
9665 2.1423
9666 1.1656
9667 0.9013
9668 0.2254
9669 5.7763
9670 3.1228
9671 1.7295
9672 79.5235
9673 0.7379
9674 19.9232
9675 0.4463
9676 17.6873
9677 14.7803
9678 0.1550
9679 0.7846
9680 4.1354
9681 41.4100
9682 0.4852
9683 5.3820
9684 17.3897
9685 30.9383
9686 3.7189
9687 2.7948
9688 1.0979
9689 9.7767
9690 0.7996
9691 7.7041
9692 14.8304
9693 12.3788
9694 2.1359
9695 9.0274
9696 4.9806
9697 1.0899
9698 20.8238
9699 8.5659
9700 4.4776
9701 0.8952
9702 2.9907
9703 26.0870
9704 7.9546
9705 14.7019
9706 10.6363
9707 21.3277
9708 7.4329
9709 10.3641
9710 8.6112
9711 28.4915
9712 3.8254
9713 9.8117
9714 20.0826
9715 1.8407
9716 27.6163
9717 14.7533
9718 9.3021
9719 177.9427
9720 2.6250
9721 28.0067
9722 37.2397
9723 8.6961
9724 2.2635
9725 1.1694
9726 14.1865
9727 2.4561
9728 18.2004
9729 10.0301
9730 58.8076
9731 1.5074
9732 4.9362
9733 7.0593
9734 5.8054
9735 4.1331
9736 17.0353
9737 10.0601
9738 22.0797
9739 32.6749
9740 7.0833
9741 1.2406
9742 2.3884
9743   NaN
9744 3.8443
9745 13.8823
9746 15.4677
9747 26.7188
9748 21.5653
9749 1.0415
9750 4.5752
9751 8.0176
9752 5.8890
9753 7.3349
9754 4.1712
9755 28.3111
9756 6.5691
9757 7.8363
9758 1.8787
9759 37.9021
9760 0.6143
9761 21.5817
9762 4.6211
9763 1.7101
9764 0.7906
9765 0.6651
9766 10.8356
9767 0.2464
9768 0.7362
9769 21.9694
9770 0.3700
9771 0.6320
9772 23.7727
9773 23.2638
9774 0.3481
9775 0.5048
9776 33.3650
9777 2.1945
9778 1.3551
9779 5.9258
9780 13.0825
9781 10.6555
9782 10.6580
9783 0.3954
9784 2.2821
9785 6.3375
9786 3.8976
9787 3.4884
9788 10.4299
9789 15.6150
9790 6.9300
9791 1.0119
9792 0.5909
9793 4.4605
9794 25.1998
9795 0.5155
9796 3.4699
9797 2.9606
9798 21.6862
9799 0.1636
9800 26.5787
9801 0.4806
9802 130.2889
9803 0.2680
9804 1.8291
9805 35.4780
9806 37.3342
9807 0.9051
9808 12.2646
9809 12.9869
9810 2.5899
9811 15.1108
9812 7.3235
9813 19.3191
9814 1.0383
9815 1.6806
9816 57.9091
9817 13.6040
9818 5.8085
9819 2.3658
9820 0.5693
9821 16.3506
9822 16.9327
9823 4.3069
9824 9.1365
9825 8.0518
9826 5.1612
9827 25.6639
9828 10.7665
9829 0.2797
9830 6.5106
9831 42.0539
9832 4.0271
9833 3.0177
9834 10.2452
9835 4.0525
9836 5.3357
9837 11.0642
9838 35.8181
9839 9.3826
9840 4.0513
9841 4.2397
9842 1.6398
9843 6.3702
9844 2.8082
9845 12.9493
9846   NaN
9847 23.7603
9848 3.7914
9849 4.4175
9850 14.0976
9851 23.0927
9852 17.3361
9853 28.7254
9854 27.1932
9855 8.1902
9856 26.2263
9857 21.0517
9858 45.6522
9859 0.7787
9860 21.2578
9861 2.9901
9862 13.1960
9863 1.3690
9864 4.4409
9865 3.1072
9866 0.5533
9867 31.9222
9868 1.2132
9869 1.0635
9870 16.4639
9871 4.7681
9872 13.3404
9873 21.8560
9874 45.9946
9875 27.7741
9876 21.5105
9877 11.8430
9878 72.1604
9879 0.6669
9880   NaN
9881 1.1936
9882 4.1205
9883 12.2071
9884 26.2417
9885 1.4867
9886 25.1195
9887 0.7919
9888 0.9480
9889 2.5691
9890 46.6777
9891 0.2774
9892 83.6116
9893 17.5704
9894 12.3589
9895 25.8671
9896 4.6213
9897 9.7998
9898 7.8898
9899 2.4786
9900 9.3467
9901 22.4129
9902 11.4287
9903 11.2991
9904 10.2893
9905 31.6479
9906 0.1260
9907 0.4364
9908 10.7387
9909 8.3869
9910 9.2901
9911 1.4171
9912 7.4682
9913 44.9317
9914 2.0772
9915 121.5022
9916 8.9153
9917 15.0752
9918 3.9552
9919 12.9753
9920 0.8883
9921 2.7495
9922 9.8027
9923 20.0794
9924 0.8864
9925 6.4367
9926 1.4983
9927 6.5460
9928 3.8209
9929 9.1438
9930 0.6812
9931 29.7857
9932 0.6371
9933 4.2724
9934 2.5741
9935 0.1479
9936 23.8780
9937 22.2465
9938 3.9267
9939 0.4980
9940 2.2175
9941 4.1029
9942 15.4473
9943 6.8977
9944 2.1432
9945 10.2407
9946 2.3674
9947 38.6727
9948 19.5793
9949 8.5530
9950 11.4533
9951 1.6299
9952 3.1677
9953 16.8193
9954 23.8586
9955 0.4067
9956 8.0365
9957 0.6508
9958 2.5129
9959 1.6650
9960 4.0636
9961 24.9449
9962 16.3874
9963 8.2430
9964 1.7040
9965 7.2802
9966 9.2706
9967 8.5219
9968 2.0159
9969 1.0710
9970 5.6939
9971 25.4862
9972 20.0235
9973 6.4616
9974 16.7030
9975 0.3674
9976 4.3700
9977 1.3653
9978 3.1881
9979 19.8461
9980 40.2554
9981 19.2478
9982 2.7227
9983 1.8510
9984 0.1163
9985 35.2319
9986 71.0628
9987 29.1802
9988 33.9262
9989 1.3579
9990 26.6523
9991 2.2921
9992 0.3244
9993 8.5370
9994 0.4564
9995 4.9334
9996 0.7808
9997 19.3664
9998 21.6844
9999 3.1479
10000 1.3152
