   1 0.0860
   2 0.3476
   3 0.0809
   4 0.1640
   5 0.0880
   6 0.1155
   7 0.1171
   8 1.9108
   9 0.0831
  10 0.2913
  11 0.2315
  12 1.1790
  13 0.1757
  14 1.4729
  15 0.8708
  16 0.0687
  17 0.0764
  18 0.2494
  19 0.1566
  20 0.0861
  21 0.2148
  22 0.1127
  23 0.2070
  24 0.1540
  25 0.0973
  26 0.0907
  27 0.0891
  28 0.2157
  29 0.2094
  30 0.1031
  31 0.0989
  32 0.2561
  33 0.0977
  34 0.6434
  35 0.0797
  36 0.4473
  37 0.2728
  38 0.0834
  39 0.1283
  40 0.0683
  41 0.0812
  42 0.2099
  43 0.3007
  44 0.1261
  45 0.1980
  46 0.3054
  47 0.1005
  48 0.0872
  49 0.2484
  50 0.0711
  51 0.1833
  52 0.1067
  53 0.4538
  54 0.3288
  55 0.5246
  56 0.1020
  57 0.8038
  58 0.3292
  59 0.7865
  60 0.1418
  61 0.1096
  62 0.2198
  63 0.2555
  64 0.2755
  65 0.2576
  66 0.2275
  67 0.1847
  68 0.0727
  69 0.0919
  70 0.2746
  71 0.0943
  72 0.6061
  73 0.2041
  74 0.2246
  75 0.1112
  76 0.2352
  77 0.5282
  78 0.6864
  79 0.5528
  80 0.9878
  81 0.0910
  82 0.1097
  83 0.2068
  84 0.6220
  85 0.2539
  86 0.2375
  87 0.1518
  88 0.1015
  89 0.1814
  90 0.1854
  91 0.4064
  92 0.3241
  93 0.2816
  94 0.0985
  95 0.0831
  96 0.3224
  97 0.2661
  98 0.1456
  99 0.9220
 100 0.8413
 101 0.2524
 102 0.3128
 103 0.1399
 104 0.1921
 105 0.0909
 106 0.2035
 107 0.3386
 108 0.0794
 109 0.1095
 110 0.1506
 111 0.1235
 112 0.0914
 113 0.4138
 114 0.1027
 115 0.1997
 116 0.0980
 117 0.2907
 118 0.1656
 119 2.6623
 120 0.6102
 121 0.1136
 122 0.4979
 123 0.4205
 124 0.3292
 125 0.0949
 126 0.4562
 127 0.5538
 128 0.3678
 129 0.0857
 130 0.2683
 131 0.0954
 132 0.2658
 133 0.1570
 134 0.0816
 135 0.2654
 136 0.1426
 137 0.2444
 138 0.0883
 139 0.2686
 140 0.0630
 141 0.3636
 142 0.1794
 143 0.1826
 144 0.1003
 145 0.1105
 146 0.1630
 147 0.0617
 148 0.2252
 149 0.1273
 150 0.1433
 151 0.2229
 152 0.4785
 153 0.1125
 154 0.0625
 155 0.1697
 156 0.1171
 157 0.2222
 158 0.0707
 159 0.1562
 160 0.1987
 161 0.1482
 162 0.2804
 163 0.1370
 164 0.4148
 165 0.6301
 166 0.0895
 167 0.2256
 168 0.1244
 169 0.0714
 170 0.4254
 171 0.1181
 172 0.1177
 173 0.3638
 174 0.0678
 175 0.1028
 176 0.1022
 177 0.5429
 178 0.4080
 179 0.2145
 180 0.3426
 181 0.1421
 182 0.1001
 183 0.1148
 184 0.4041
 185 0.1598
 186 0.2408
 187 0.2472
 188 0.0996
 189 0.4638
 190 0.0851
 191 0.3109
 192 0.0899
 193 0.2836
 194 0.1187
 195 0.1184
 196 0.1133
 197 0.4869
 198 0.2623
 199 0.1981
 200 0.0957
 201 0.1472
 202 0.4925
 203 0.2920
 204 0.7247
 205 0.0721
 206 0.4288
 207 0.0893
 208 0.1056
 209 0.6449
 210 0.1895
 211 0.1811
 212 0.0754
 213 0.3417
 214 0.1000
 215 1.0544
 216 0.2418
 217 0.1234
 218 0.0997
 219 0.1683
 220 0.4622
 221 0.0965
 222 0.2665
 223 0.0981
 224 0.2355
 225 0.3842
 226 0.0910
 227 0.2718
 228 0.5601
 229 0.0932
 230 0.1616
 231 0.2390
 232 0.1406
 233 0.1052
 234 0.0660
 235 0.2647
 236 0.1903
 237 0.1910
 238 0.6641
 239 0.1588
 240 0.1835
 241 0.2751
 242 0.1534
 243 0.1223
 244 0.2066
 245 0.1811
 246 0.0795
 247 0.2225
 248 0.0940
 249 0.3782
 250 0.1336
 251 0.0772
 252 0.3798
 253 0.1505
 254 0.0919
 255 0.6630
 256 0.3362
 257 0.3760
 258 0.1184
 259 0.2182
 260 0.0713
 261 0.6846
 262 0.1974
 263 0.1929
 264 0.0913
 265 0.1234
 266 0.2104
 267 0.2499
 268 0.1773
 269 0.1416
 270 0.4310
 271 0.2684
 272 0.0761
 273 0.1926
 274 0.4929
 275 0.3066
 276 1.1246
 277 0.0980
 278 0.1718
 279 0.9873
 280 0.0863
 281 0.1917
 282 0.0775
 283 0.1537
 284 0.1406
 285 0.4534
 286 1.1112
 287 0.0839
 288 0.1446
 289 0.1792
 290 0.2614
 291 0.1937
 292 0.2389
 293 0.3419
 294 0.4771
 295   NaN
 296 0.1951
 297 0.0944
 298 0.6253
 299 0.3814
 300 0.3362
 301 0.0953
 302 2.0045
 303 0.1993
 304 0.4225
 305 0.1760
 306 0.1385
 307 0.3047
 308 0.2462
 309 0.3561
 310 0.2916
 311 0.0834
 312 0.3214
 313 0.1227
 314 0.1171
 315 0.1153
 316 0.1609
 317 0.2192
 318 0.4903
 319 0.1591
 320 0.2582
 321 0.2753
 322 0.0929
 323 0.8518
 324 0.1053
 325 0.3382
 326 0.1761
 327 0.2619
 328 0.1883
 329 0.1979
 330 0.5641
 331 0.0943
 332 0.1547
 333 0.1689
 334 0.2971
 335 0.0958
 336 0.1583
 337 0.7037
 338 0.1557
 339 0.3004
 340 0.1144
 341 0.0928
 342 0.2643
 343 0.5073
 344 0.5685
 345 0.0570
 346 0.1079
 347 0.1338
 348 0.2024
 349 0.1261
 350 0.1669
 351 0.1371
 352 0.1971
 353 0.2115
 354 0.0793
 355 0.1210
 356 0.0679
 357 0.1309
 358 0.1928
 359 0.1480
 360 0.1543
 361 0.2424
 362 0.0870
 363 0.2274
 364 0.0889
 365 0.0652
 366 0.1972
 367 0.1993
 368 0.1980
 369 0.0846
 370 0.2039
 371 0.0777
 372 0.3016
 373 0.1240
 374 0.2096
 375 0.0977
 376 0.4290
 377 0.3727
 378 0.1804
 379 0.1704
 380 0.1430
 381 0.4071
 382 0.4239
 383 0.1395
 384 0.1691
 385 0.1742
 386 0.5556
 387 0.1571
 388 0.1012
 389 0.5480
 390 0.1865
 391 0.9708
 392 0.0707
 393 0.1012
 394 0.1013
 395 0.3835
 396 0.0706
 397 0.1182
 398 0.1060
 399 0.0753
 400 0.0986
 401 0.1401
 402 0.4285
 403 2.1000
 404 0.0792
 405 0.0959
 406 0.8928
 407 0.1621
 408 0.1115
 409 0.0923
 410 0.1711
 411 0.1846
 412 0.2985
 413 0.2031
 414 0.4707
 415 0.2783
 416 0.4152
 417 0.2997
 418 0.0833
 419 0.1476
 420 0.1985
 421 0.3400
 422 0.3804
 423 0.8361
 424 0.8434
 425 0.0778
 426 0.6815
 427 0.4962
 428 0.4454
 429 0.2908
 430 0.1719
 431 0.6724
 432 0.4997
 433 0.1920
 434 0.1180
 435 0.1055
 436 0.4073
 437 0.1692
 438 0.3976
 439 0.1021
 440 0.7319
 441 0.2812
 442 0.7764
 443 0.1137
 444 0.1041
 445 0.0765
 446 1.1480
 447 0.1487
 448 0.1947
 449 0.1103
 450 0.0934
 451 0.1761
 452 0.4143
 453 0.7572
 454 0.3116
 455 0.1369
 456 0.1048
 457 0.2261
 458 0.0698
 459 0.2578
 460 0.2469
 461 0.1152
 462 0.1502
 463 0.2695
 464 0.4238
 465 0.7065
 466 0.1584
 467 0.2729
 468 0.1726
 469 0.2420
 470 0.1366
 471 0.0948
 472 0.2029
 473 0.9457
 474 0.0883
 475 0.2729
 476 0.1174
 477 0.5222
 478 0.2257
 479 0.0607
 480 0.0814
 481 0.2698
 482 0.1587
 483 0.1764
 484 0.0804
 485 0.0704
 486 0.0736
 487 0.0831
 488 0.2722
 489 0.3769
 490 0.2392
 491 0.3616
 492 0.2145
 493 0.1719
 494 0.0986
 495 0.1686
 496 0.3571
 497 0.1037
 498 0.2802
 499 0.0856
 500 0.2966
 501 0.2275
 502 0.1133
 503 0.1247
 504 0.3871
 505 0.1327
 506 0.1325
 507 0.7577
 508 0.1142
 509 0.4767
 510 0.5964
 511 0.0683
 512 0.1351
 513 0.5332
 514 0.5784
 515 0.1959
 516 0.0922
 517 0.0869
 518 0.2562
 519 0.4093
 520 0.0875
 521 0.0896
 522 0.4300
 523 0.8383
 524 0.1038
 525 0.2051
 526 0.1771
 527 0.1563
 528 0.1712
 529 0.0842
 530 0.2159
 531 0.2814
 532 0.3807
 533 0.2255
 534 0.1155
 535 0.1073
 536 0.2317
 537 0.1416
 538 0.1881
 539 0.2649
 540 1.3430
 541 0.4643
 542 0.1433
 543 0.2316
 544 0.0922
 545 0.1146
 546 0.0941
 547 0.6912
 548 0.1268
 549 0.1308
 550 0.1421
 551 0.1446
 552 0.0759
 553 0.0864
 554 0.2755
 555 0.1432
 556 0.3800
 557 0.2095
 558 0.1383
 559 0.3483
 560 0.7666
 561 0.0914
 562 0.1133
 563 0.0968
 564 0.5547
 565 0.7157
 566 0.1785
 567 0.3423
 568 0.6938
 569 0.1044
 570 0.2895
 571 0.1375
 572 0.6085
 573 0.4313
 574 0.2519
 575 0.0957
 576 0.1099
 577 0.0656
 578 0.3678
 579 0.1114
 580 0.1009
 581 0.5598
 582 1.0937
 583 0.1466
 584 0.3870
 585 0.2965
 586 0.0607
 587 0.1844
 588 0.3467
 589 0.0743
 590 0.0846
 591 0.1470
 592 0.2001
 593 0.1703
 594 0.2765
 595 0.0865
 596 0.1551
 597 0.1404
 598 0.3510
 599 0.0970
 600 1.1785
 601 0.3608
 602 0.1535
 603 0.2774
 604 0.0871
 605 0.1479
 606 0.1261
 607 0.1598
 608 0.3735
 609 0.0888
 610 0.3136
 611 0.1974
 612 0.1511
 613 0.6679
 614 0.3615
 615 0.1063
 616 0.3128
 617 0.0872
 618 0.1038
 619 0.2306
 620 0.1907
 621 0.0910
 622 0.1742
 623 0.0956
 624 0.0840
 625 0.1439
 626 0.1310
 627 0.2509
 628 0.2428
 629 0.3108
 630 0.1655
 631 0.1387
 632 0.2472
 633 0.1324
 634 0.4527
 635 0.3172
 636 0.1479
 637 0.2292
 638 0.5187
 639 0.9679
 640 0.6744
 641 0.1720
 642 0.2750
 643 0.1430
 644 0.0938
 645 0.1390
 646 0.0785
 647 0.1929
 648 0.0715
 649 0.8949
 650 0.0842
 651 0.1097
 652 0.2839
 653 0.1328
 654 0.3821
 655 0.0880
 656 0.6876
 657 0.0881
 658 0.1122
 659 0.3079
 660 0.1154
 661 0.0960
 662 0.0866
 663 0.1149
 664 0.1750
 665 0.2252
 666 0.1597
 667 0.5196
 668 0.2810
 669 0.1000
 670 0.1004
 671 0.2618
 672 0.3477
 673 0.1144
 674 0.1968
 675 0.1944
 676 0.4229
 677 0.5475
 678 0.1091
 679 0.3097
 680 0.1082
 681 0.3700
 682 0.1049
 683 0.3064
 684 0.2897
 685 0.2645
 686 0.1699
 687 0.2445
 688 0.4376
 689 0.0800
 690 0.8246
 691 0.0939
 692 0.0839
 693 0.1128
 694 1.3579
 695 0.1098
 696 0.1648
 697 0.1075
 698 0.2481
 699 0.0917
 700 0.0785
 701 0.2056
 702 0.1915
 703 0.3598
 704 0.1354
 705 0.1121
 706 0.4796
 707 0.1708
 708 0.3713
 709 0.0764
 710 0.1069
 711 0.1989
 712 0.0865
 713 0.3276
 714 0.1595
 715 0.2475
 716 0.2323
 717 0.3337
 718 0.0799
 719 0.0886
 720 0.1537
 721 0.2558
 722 0.1142
 723 0.2474
 724 0.0823
 725 0.1315
 726 0.3226
 727 0.0708
 728 0.1094
 729 0.3446
 730 0.2366
 731 0.4814
 732 0.0730
 733 0.2578
 734 0.8025
 735 0.0653
 736 0.1433
 737 0.1482
 738 0.0654
 739 0.4859
 740 0.2616
 741 0.2070
 742 0.2122
 743 0.1209
 744 0.4854
 745 0.5794
 746 0.1357
 747 0.0909
 748 0.1205
 749 0.1878
 750 0.2013
 751 0.0798
 752 0.0907
 753 0.1242
 754 0.1650
 755 0.1331
 756 0.2305
 757 0.2560
 758 0.3502
 759 0.6006
 760 0.2823
 761 0.3682
 762 0.4468
 763 0.6146
 764 0.1088
 765 0.1819
 766 0.1626
 767 0.1151
 768 0.1287
 769 0.0945
 770 0.1824
 771 0.1869
 772 0.2011
 773 0.2525
 774 0.1937
 775 0.4415
 776 0.1866
 777 0.2014
 778 0.1081
 779 0.0753
 780 0.1932
 781 0.1146
 782 0.1243
 783 0.0713
 784 0.4261
 785 1.2360
 786 0.4870
 787 0.3350
 788 0.1587
 789 0.1376
 790 0.0979
 791 1.3438
 792 0.1940
 793 0.3085
 794 0.1185
 795 0.0823
 796 0.2076
 797 0.0951
 798 0.2274
 799 0.2205
 800 0.0948
 801 0.0761
 802 0.1174
 803 0.2187
 804 0.0734
 805 0.1779
 806 0.1195
 807 0.1443
 808 0.0946
 809 0.1606
 810 0.1676
 811 0.1375
 812 0.1253
 813 0.2621
 814 0.1510
 815 0.3128
 816 0.1211
 817 0.2064
 818 0.1491
 819 0.3037
 820 0.1079
 821 0.1656
 822 0.1384
 823 0.6730
 824 0.0921
 825 0.1479
 826 0.0686
 827 0.2372
 828 0.2052
 829 0.1065
 830 0.7836
 831 0.3703
 832 0.3627
 833 0.0911
 834 0.0843
 835 0.2298
 836 0.0815
 837 0.1207
 838 0.1111
 839 0.4578
 840 0.1318
 841 0.2940
 842 0.1113
 843 0.1932
 844 0.1281
 845 0.1585
 846 0.1087
 847 0.2606
 848 0.3327
 849 0.2570
 850 0.2085
 851 1.0666
 852 0.8027
 853 0.3946
 854 0.3146
 855 0.0645
 856 0.3049
 857 0.1335
 858 0.5005
 859 0.2766
 860 0.0869
 861 0.0691
 862 0.1852
 863 0.1491
 864 0.1216
 865 0.2052
 866 0.0828
 867 0.0687
 868 0.1416
 869 0.1950
 870 0.1131
 871 0.3458
 872 0.2336
 873 0.1692
 874 0.3287
 875 0.1032
 876 0.1278
 877 0.1434
 878 0.1921
 879 0.1042
 880 0.1042
 881 0.6844
 882 0.0944
 883 0.3644
 884 0.2153
 885 0.1836
 886 0.9088
 887 0.3166
 888 0.0911
 889 0.2808
 890 0.3065
 891 0.1058
 892 0.3980
 893 0.3874
 894 0.7081
 895 0.2450
 896 0.1032
 897 0.1588
 898 0.5871
 899 0.0646
 900 0.0636
 901 0.3532
 902 0.0958
 903 0.0786
 904 0.1670
 905 0.1067
 906 0.4889
 907 0.0678
 908 0.1670
 909 0.1032
 910 0.1258
 911 0.1232
 912 0.1663
 913 0.2196
 914 0.2080
 915 0.4049
 916 0.1290
 917 0.1772
 918 0.2007
 919 0.2027
 920 0.7664
 921 0.4682
 922 0.0829
 923 0.1008
 924 0.1268
 925 0.0964
 926 0.3145
 927 0.4307
 928 0.1789
 929 0.2445
 930 0.1098
 931 0.4718
 932 0.0819
 933 0.0927
 934 0.1597
 935 0.3641
 936 0.1221
 937 0.1261
 938 0.1145
 939 0.1345
 940 0.0930
 941 0.3166
 942 0.0717
 943 0.1158
 944 0.0774
 945 0.0834
 946 0.1640
 947 0.6136
 948 0.1520
 949 0.0740
 950 0.1471
 951 0.4307
 952 0.1062
 953 0.1913
 954 0.0867
 955 0.1287
 956 0.1382
 957 0.1399
 958 0.1708
 959 0.0776
 960 0.1258
 961 0.1113
 962 0.1970
 963 0.2839
 964 0.1779
 965 0.1960
 966 0.1652
 967 1.0027
 968 0.0801
 969 0.2612
 970 0.1617
 971 0.0853
 972 0.1032
 973 0.0829
 974 0.1197
 975 0.1853
 976 0.5020
 977 0.0719
 978 1.0832
 979 0.2889
 980 0.3117
 981 0.2547
 982 0.0948
 983 0.3356
 984 0.1934
 985 0.1739
 986 0.0936
 987 0.4296
 988 0.1636
 989 0.2321
 990 0.5318
 991 0.5244
 992 0.1123
 993 0.0828
 994 0.4844
 995 0.1939
 996 0.2468
 997 0.1436
 998 0.1929
 999 0.1610
1000 0.7478
1001 0.0867
1002 0.3637
1003 0.1210
1004 0.1355
1005 0.1985
1006 0.1335
1007 0.1309
1008 0.1698
1009 0.1135
1010 0.1761
1011 0.0973
1012 0.1114
1013 0.3119
1014 0.5780
1015 0.2044
1016 0.2037
1017 0.1313
1018 0.0714
1019 0.1109
1020 0.1706
1021 0.3243
1022 0.2767
1023 0.1283
1024 0.1530
1025 0.0982
1026 0.2202
1027 0.3278
1028 0.1921
1029 0.1462
1030 0.1159
1031 0.3956
1032 0.1125
1033 0.5486
1034 0.0798
1035 0.2117
1036 0.1324
1037 0.2000
1038 0.1016
1039 0.0658
1040 1.0903
1041 0.1748
1042 0.2337
1043 0.0829
1044 0.1267
1045 0.0711
1046 0.1300
1047 0.1142
1048 0.0700
1049 0.2873
1050 0.1424
1051 1.2651
1052 0.1984
1053 0.0965
1054 0.2010
1055 0.2902
1056 0.4495
1057 0.4221
1058 0.1217
1059 0.3416
1060 0.2455
1061 0.0861
1062 0.0792
1063 0.3326
1064 1.2316
1065 0.0994
1066 0.0819
1067 0.1021
1068 0.1238
1069 0.0752
1070 0.0734
1071 0.1455
1072 0.2686
1073 0.1088
1074 0.1670
1075 0.3894
1076 0.0808
1077 0.2582
1078 0.1026
1079 0.4324
1080 0.1632
1081 0.1729
1082 0.1158
1083 0.1066
1084 0.4209
1085 0.3918
1086 0.1809
1087 1.0871
1088 0.1385
1089 0.7084
1090 0.1001
1091 0.5803
1092 0.1305
1093 0.4628
1094 0.1965
1095 0.2132
1096 0.0919
1097 0.5233
1098 0.0801
1099 0.2596
1100 0.2734
1101 0.1126
1102 0.1363
1103 0.2003
1104 0.1546
1105 0.1871
1106 0.2052
1107 0.0932
1108 0.0683
1109 0.1051
1110 0.0643
1111 0.4213
1112 0.0787
1113 0.1549
1114 0.3458
1115 0.2244
1116 0.0974
1117 0.1387
1118 0.1065
1119 0.2165
1120 0.1142
1121 1.9959
1122 0.1325
1123 0.2335
1124 0.0702
1125 0.1498
1126 0.0994
1127 0.1726
1128 0.3513
1129 0.2048
1130 0.2010
1131 0.1382
1132 0.2793
1133 0.0715
1134 0.1149
1135 0.1421
1136 0.1685
1137 0.1721
1138 0.3971
1139 0.2062
1140 0.3557
1141 0.1557
1142 0.1917
1143 0.3528
1144 0.1223
1145 0.1893
1146 0.5085
1147 0.1378
1148 0.1743
1149 0.1900
1150 0.0816
1151 0.1864
1152 0.1965
1153 0.1764
1154 0.1194
1155 0.1063
1156 0.0727
1157 0.3454
1158 0.1094
1159 0.4472
1160 0.1005
1161 0.2347
1162 0.1340
1163 0.1295
1164 0.1853
1165 0.0687
1166 0.2794
1167 0.7001
1168 0.3843
1169 0.1347
1170 0.1593
1171 0.2346
1172 0.0967
1173 0.0775
1174 0.1893
1175 0.0721
1176 0.0725
1177 0.0916
1178 0.2111
1179 0.1018
1180 0.2530
1181 0.2235
1182 0.0820
1183 0.0861
1184 0.0931
1185 0.2625
1186 0.5937
1187 0.1131
1188 0.1279
1189 0.1171
1190 0.2050
1191 0.2032
1192 0.6254
1193 0.2419
1194 0.2085
1195 0.2361
1196 0.1943
1197 0.0675
1198 0.3250
1199 0.3396
1200 0.2588
1201 0.4106
1202 0.2476
1203 0.1055
1204 0.1537
1205 0.1017
1206 0.1166
1207 0.1658
1208 0.0633
1209 0.2050
1210 0.1633
1211 0.7335
1212 0.0936
1213 0.0776
1214 0.2349
1215 0.3369
1216 0.2465
1217 0.1413
1218 0.3396
1219 1.0066
1220 0.0628
1221 0.2458
1222 0.1037
1223 0.1733
1224 0.2581
1225 0.1249
1226 0.1029
1227 0.0908
1228 0.3571
1229 0.2040
1230 0.3661
1231 0.0745
1232 0.0880
1233 0.1327
1234 0.1625
1235 0.2952
1236 0.3876
1237 0.1056
1238 0.1350
1239 0.2507
1240 0.0756
1241 0.2524
1242 0.2348
1243 0.9434
1244 0.0869
1245 0.1057
1246 0.0935
1247 0.2452
1248 0.2034
1249 0.3226
1250 0.1510
1251 0.0891
1252 0.1289
1253 0.0962
1254 0.0828
1255 0.2640
1256 0.0905
1257 0.1057
1258 0.2008
1259 0.0991
1260 0.2462
1261 0.1527
1262 0.1972
1263 0.2095
1264 0.2011
1265 0.0902
1266 0.3170
1267 0.2994
1268 0.1025
1269 0.2143
1270 0.2553
1271 0.2448
1272 0.1180
1273 0.1555
1274 0.1052
1275 0.4198
1276 0.9999
1277 0.5538
1278 0.0799
1279 0.2766
1280 0.1165
1281 0.1016
1282 0.5172
1283 0.3593
1284 0.1501
1285 0.1011
1286 0.3552
1287 0.2759
1288 0.1371
1289 0.9138
1290 0.2668
1291 0.1763
1292 0.1494
1293 0.4081
1294 0.1989
1295 0.1366
1296 0.1152
1297 0.2279
1298 0.1894
1299 0.1368
1300 0.0799
1301 0.1728
1302 0.1235
1303 0.1673
1304 0.0673
1305 0.0825
1306 0.2063
1307 0.1205
1308 0.0965
1309 0.4748
1310 0.1119
1311 0.3627
1312 0.2062
1313 0.1718
1314 0.1153
1315 0.1813
1316 0.2097
1317 0.1249
1318 0.7217
1319 0.1494
1320 0.4178
1321 0.1316
1322 0.2860
1323 0.0730
1324 0.0731
1325 0.3697
1326 0.3062
1327 0.0718
1328 0.6342
1329 0.1047
1330 0.3584
1331 0.0836
1332 0.2071
1333 1.0111
1334 0.1012
1335 0.2645
1336 0.0869
1337 0.0722
1338 0.0783
1339 0.1658
1340 0.2181
1341 0.1077
1342 0.1373
1343 0.4342
1344 0.1327
1345 0.1466
1346 0.1881
1347 0.4705
1348 0.1137
1349 0.0873
1350 0.0810
1351 0.1008
1352 0.0773
1353 0.0837
1354 0.1353
1355 0.1084
1356 0.2236
1357 0.3772
1358 0.0922
1359 0.3087
1360 0.3029
1361 0.1420
1362 0.0816
1363 0.0974
1364 0.3435
1365 0.2745
1366 0.2452
1367 0.1898
1368 0.1451
1369 0.3750
1370 0.1005
1371 0.0908
1372 0.0800
1373 0.1121
1374 0.5823
1375 0.1269
1376 0.1755
1377 0.0848
1378 0.7010
1379 0.7696
1380 0.2532
1381 0.3363
1382 0.0622
1383 0.2601
1384 0.1755
1385 0.1767
1386 0.1616
1387 0.1859
1388 0.1362
1389 0.4050
1390 0.0894
1391 0.6956
1392 0.0970
1393 0.2037
1394 0.1018
1395 0.1501
1396 0.1932
1397 0.3020
1398 0.3130
1399 0.1918
1400 0.1164
1401 0.4135
1402 0.1308
1403 0.1009
1404 0.1389
1405 0.2785
1406 0.1426
1407 0.0821
1408 0.2610
1409 0.0673
1410 0.4266
1411 0.2093
1412 0.1057
1413 0.1288
1414 0.3375
1415 0.0890
1416 0.1359
1417 0.1615
1418 0.1013
1419 0.3749
1420 0.7057
1421 0.0786
1422 0.3770
1423 0.3371
1424 0.3887
1425 0.1005
1426 0.1662
1427 0.1816
1428 0.1667
1429 0.1125
1430 0.6731
1431 0.2659
1432 0.0703
1433 0.3404
1434 0.0866
1435 0.1035
1436 0.2034
1437 0.1187
1438 0.2244
1439 0.3034
1440 0.2339
1441 0.1680
1442 0.2709
1443 0.2054
1444 0.0989
1445 0.2677
1446 0.1018
1447 0.0982
1448 0.0940
1449 0.1880
1450 0.1022
1451 0.1945
1452 0.1266
1453 0.1322
1454 1.1773
1455 0.1965
1456 3.5067
1457 0.1837
1458 0.1190
1459 0.1125
1460 0.4496
1461 0.0782
1462 0.2458
1463 0.1685
1464 0.2327
1465 0.1657
1466 0.3180
1467 0.1457
1468 0.7438
1469 0.1310
1470 0.3408
1471 0.1305
1472 0.1006
1473 0.2561
1474 0.1406
1475 0.1686
1476 0.1743
1477 0.3318
1478 0.3725
1479 0.7739
1480 0.2365
1481 0.2727
1482 0.1933
1483 0.2217
1484 0.0597
1485 0.6048
1486 0.4425
1487 0.2564
1488 0.1010
1489 0.2432
1490 0.6602
1491 0.1238
1492 0.2239
1493 0.1382
1494 0.0897
1495 0.6241
1496 0.0711
1497 0.1444
1498 0.4888
1499 0.2004
1500 0.2765
1501 0.1212
1502 0.0768
1503 0.1950
1504 0.2673
1505 0.3622
1506 0.1649
1507 0.1711
1508 0.1644
1509 0.3538
1510 0.4378
1511 0.0860
1512 0.2020
1513 0.0899
1514 0.0733
1515 0.2105
1516 0.8072
1517 0.0852
1518 0.7678
1519 0.1212
1520 0.6382
1521 0.2048
1522 0.0882
1523 0.5134
1524 0.2572
1525 0.1513
1526 0.2549
1527 0.2844
1528 0.2686
1529 0.1674
1530 0.1907
1531 0.0753
1532 0.1972
1533 0.1423
1534 0.2070
1535 0.0872
1536 0.2208
1537 0.1772
1538 0.1557
1539 0.0849
1540 0.3807
1541 0.1774
1542 0.1966
1543 0.9179
1544 0.1965
1545 0.0723
1546 0.1640
1547 0.3107
1548 0.3158
1549 0.1675
1550 0.0835
1551 0.0794
1552 0.1956
1553 0.0797
1554 0.1315
1555 0.2299
1556 0.0679
1557 0.5014
1558 0.1620
1559 0.1422
1560 0.2936
1561 0.3279
1562 0.1778
1563 0.3759
1564 0.1097
1565 0.1733
1566 0.0816
1567 0.1352
1568 0.4476
1569 0.0746
1570 0.2145
1571 0.3015
1572 0.5689
1573 0.2949
1574 0.1332
1575 0.0862
1576 0.0780
1577 0.1015
1578 0.0706
1579 0.3050
1580 0.2779
1581 0.2315
1582 0.2257
1583 0.2168
1584 0.0813
1585 0.1439
1586 1.6701
1587 0.1113
1588 0.5495
1589 0.2489
1590 0.2212
1591 0.2859
1592 0.1617
1593 0.1845
1594 0.3277
1595 0.2333
1596 0.2823
1597 0.2330
1598 0.0723
1599 0.1152
1600 0.2228
1601 0.2229
1602 0.1441
1603 0.2209
1604 0.1943
1605 0.0909
1606 0.1582
1607 0.1061
1608 0.1931
1609 0.2690
1610 0.2673
1611 0.0773
1612 0.2143
1613 0.2997
1614 0.5472
1615 0.1121
1616 0.1335
1617 0.1895
1618 0.1022
1619 0.2262
1620 0.1390
1621 0.1446
1622 0.1381
1623 0.1113
1624 0.1328
1625 0.1132
1626 0.0988
1627 0.3025
1628 0.1720
1629 0.2900
1630 0.1967
1631 0.2425
1632 0.3904
1633 0.3101
1634 0.0771
1635 0.1216
1636 0.5325
1637 0.6515
1638 0.3599
1639 0.4419
1640 0.0727
1641 0.1446
1642 0.3751
1643 0.1188
1644 0.1207
1645 0.0971
1646 0.3409
1647 0.3345
1648 0.1206
1649 0.1264
1650 0.1148
1651 0.1619
1652 0.1935
1653 0.2676
1654 0.0748
1655 0.3274
1656 0.0641
1657 0.1233
1658 0.1760
1659 0.2735
1660 0.5094
1661 0.0664
1662 0.0633
1663 0.2810
1664 0.3678
1665 0.0974
1666 0.7059
1667 0.4069
1668 0.3802
1669 0.1104
1670 0.1609
1671 0.0975
1672 0.0872
1673 0.5110
1674 0.1364
1675 0.1402
1676 0.1143
1677 0.1621
1678 0.1299
1679 0.1201
1680 0.2104
1681 0.1008
1682 0.1605
1683 0.1930
1684 0.1054
1685 0.3483
1686 0.2966
1687 0.0719
1688 0.2019
1689 0.1348
1690 0.3007
1691 0.3319
1692 0.1324
1693 0.1892
1694 0.0936
1695 0.1433
1696 0.1733
1697 0.1411
1698 0.1250
1699 0.1375
1700 0.1063
1701 0.2474
1702 0.2989
1703 0.3506
1704 0.0888
1705 0.1219
1706 0.2164
1707 0.1979
1708 0.1225
1709 0.2277
1710 0.4243
1711 0.1332
1712 0.1232
1713 0.2051
1714 0.0867
1715 0.9719
1716 0.2060
1717 0.1889
1718 0.3938
1719 0.1299
1720 0.0648
1721 0.1589
1722 0.1804
1723 0.4357
1724 0.1170
1725 0.1549
1726 0.1580
1727 0.1195
1728 0.1021
1729 0.4654
1730 0.1882
1731 0.1102
1732 0.1026
1733 0.1030
1734 0.1467
1735 0.1372
1736 0.3672
1737 0.1255
1738 0.1370
1739 0.0868
1740 0.1894
1741 0.1015
1742 0.4660
1743 0.1144
1744 0.1523
1745 0.1932
1746 0.1046
1747 0.0823
1748 0.2607
1749 0.2410
1750 0.1275
1751 0.1833
1752 0.2327
1753 0.3015
1754 0.4002
1755 0.6118
1756 0.1010
1757 0.0625
1758 0.3146
1759 0.3400
1760 0.1504
1761 0.2035
1762 0.0979
1763 0.0938
1764 0.1924
1765 0.8098
1766 0.1199
1767 0.2548
1768 0.1638
1769 0.0832
1770 0.2520
1771 0.0960
1772 0.1525
1773 0.1884
1774 0.0980
1775 0.1251
1776 0.1769
1777 0.4813
1778 0.2163
1779 0.2790
1780 0.4345
1781 0.0666
1782 0.2615
1783 0.1177
1784 0.2097
1785 0.1140
1786 0.1087
1787 0.1647
1788 0.0894
1789 0.1113
1790 0.4368
1791 0.1266
1792 0.3334
1793 0.3671
1794 0.0592
1795 0.0829
1796 0.5896
1797 0.1427
1798 0.0830
1799 0.0896
1800 0.1115
1801 0.5390
1802 0.0862
1803 0.0723
1804 0.1146
1805 0.1945
1806 0.1539
1807 0.1790
1808 0.2344
1809 0.5328
1810 0.1181
1811 0.1492
1812 0.6337
1813 0.1887
1814 0.3648
1815 0.1459
1816 0.7330
1817 0.1080
1818 0.1685
1819 0.2292
1820 1.3065
1821 0.3457
1822 0.4473
1823 0.1912
1824 0.2924
1825 0.1932
1826 0.1084
1827 0.3358
1828 0.2160
1829 0.0950
1830 0.4811
1831 0.1429
1832 0.0765
1833 0.3944
1834 0.1470
1835 0.8648
1836 0.1740
1837 1.3767
1838 0.0982
1839 0.8379
1840 0.5606
1841 0.1732
1842 0.3501
1843 0.5375
1844 0.1461
1845 0.1541
1846 0.1409
1847 0.2860
1848 0.2613
1849 0.2979
1850 0.2182
1851 0.1160
1852 0.4995
1853 0.1399
1854 0.4306
1855 0.0882
1856 0.2662
1857 0.0617
1858 0.0699
1859 0.3779
1860 0.1871
1861 0.1204
1862 2.1603
1863 0.0653
1864 0.1642
1865 0.1089
1866 0.2762
1867 0.5284
1868 0.3806
1869 0.0924
1870 0.7885
1871 0.3959
1872 0.4394
1873 0.2100
1874 0.2176
1875 0.1295
1876 0.0797
1877 0.1943
1878 0.2347
1879 0.1497
1880 0.3163
1881 0.0597
1882 0.0715
1883 0.2414
1884 0.6754
1885 0.1007
1886 0.1747
1887 0.1578
1888 0.1430
1889 0.3470
1890 0.1809
1891 0.2996
1892 0.1016
1893 0.1168
1894 0.4373
1895 0.3245
1896 0.1924
1897 0.1996
1898 0.8338
1899 0.2423
1900 0.5133
1901 1.0935
1902 0.0909
1903 0.2024
1904 0.1434
1905 0.2875
1906 0.2168
1907 0.1592
1908 0.1960
1909 0.1925
1910 0.2347
1911 0.0816
1912 0.1595
1913 0.0889
1914 0.2979
1915 0.1584
1916 0.4302
1917 0.8682
1918 0.1352
1919 0.5888
1920 0.0888
1921 0.1045
1922 0.4062
1923 0.2096
1924 0.0812
1925 0.7850
1926 0.1273
1927 2.4419
1928 0.4721
1929 0.1539
1930 0.4925
1931 1.1863
1932 0.1724
1933 0.0837
1934 0.2281
1935 0.1046
1936 0.2041
1937 0.0832
1938 0.1069
1939 0.9967
1940 0.2416
1941 0.1596
1942 0.1786
1943 1.0741
1944 0.1704
1945 0.0693
1946 0.1554
1947 0.3801
1948 0.1597
1949 0.1892
1950 0.1359
1951 0.2299
1952 0.3853
1953 0.9414
1954 0.1235
1955 0.0599
1956 0.2143
1957 0.0823
1958 0.4338
1959 0.0701
1960 0.2038
1961 0.1587
1962 0.1850
1963 0.1813
1964 0.1027
1965 0.0897
1966 0.1473
1967 1.6453
1968 0.0789
1969 0.0826
1970 0.3877
1971 0.1217
1972 0.0896
1973 0.1566
1974 0.0814
1975 0.0719
1976 0.0987
1977 0.1875
1978 0.1115
1979 0.3475
1980 0.1934
1981 0.1462
1982 0.3753
1983 0.1817
1984 0.1666
1985 0.0679
1986 0.4392
1987 0.2135
1988 0.1652
1989 0.2632
1990 0.2389
1991 0.3140
1992 0.1338
1993 0.1841
1994 0.1223
1995 0.1260
1996 0.2104
1997 0.1746
1998 0.3851
1999 0.7776
2000 0.0845
2001 1.0292
2002 0.2249
2003 0.4770
2004 0.2665
2005 0.2989
2006 1.3094
2007 0.4283
2008 0.2847
2009 0.0970
2010 0.1145
2011 0.9272
2012 0.0832
2013 0.1680
2014 0.6431
2015 0.0594
2016 0.1705
2017 0.2327
2018 0.0871
2019 0.1481
2020 0.0821
2021 0.1973
2022 0.2494
2023 0.2494
2024 0.2877
2025 0.1940
2026 0.1565
2027 0.1409
2028 0.1059
2029 0.2610
2030 0.0848
2031 0.1047
2032 0.0839
2033 0.5065
2034 0.2959
2035 0.2512
2036 0.1107
2037 0.2210
2038 0.1257
2039 0.2756
2040 0.2095
2041 0.2049
2042 0.0961
2043 0.0810
2044 0.1419
2045 0.4337
2046 0.1502
2047 0.2239
2048 0.2375
2049 0.1357
2050 0.1036
2051 0.2129
2052 0.3710
2053 0.0893
2054 0.5060
2055 0.4229
2056 0.5920
2057 0.1261
2058 0.1201
2059 0.0960
2060 0.3045
2061 0.0673
2062 0.0810
2063 0.0793
2064 0.4320
2065 0.0947
2066 0.1207
2067 0.1676
2068 0.4025
2069 0.0692
2070 0.1453
2071 0.1075
2072 0.2620
2073 0.2511
2074 0.2681
2075 0.0828
2076 0.2126
2077 0.1073
2078 0.2039
2079 0.2859
2080 0.1808
2081 0.1430
2082 0.1720
2083 0.1121
2084 0.1424
2085 0.4023
2086 0.2344
2087 0.2752
2088 0.0843
2089 0.1143
2090 0.3065
2091 0.1176
2092 0.0714
2093 0.1854
2094 0.1284
2095 0.1317
2096 0.2170
2097 0.6963
2098 0.3302
2099 0.1146
2100 0.1449
2101 0.2349
2102 0.3088
2103 0.1097
2104 0.3709
2105 0.3890
2106 0.1892
2107 0.2139
2108 0.2827
2109 0.1024
2110 0.5232
2111 1.3370
2112 0.1110
2113 0.7068
2114 0.1326
2115 0.7163
2116 0.1293
2117 0.0760
2118 0.1567
2119 0.1626
2120 0.2481
2121 0.1356
2122 0.1438
2123 0.1432
2124 0.1385
2125 0.1770
2126 0.2111
2127 0.2381
2128 0.1102
2129 0.2184
2130 0.0774
2131 0.1617
2132 0.4752
2133 0.3261
2134 0.3698
2135 0.8479
2136 0.0890
2137 0.0871
2138 0.2268
2139 0.2093
2140 0.1458
2141 0.1561
2142 0.1512
2143 0.0903
2144 0.1499
2145 0.0962
2146 0.1812
2147 0.2168
2148 0.2052
2149 0.2738
2150 0.0693
2151 0.1492
2152 0.2979
2153 0.1783
2154 0.3646
2155 0.2020
2156 0.1915
2157 0.2867
2158 0.5313
2159 0.0979
2160 0.4919
2161 0.2047
2162 0.1127
2163 0.0936
2164 0.1683
2165 0.1764
2166 0.2991
2167 0.0911
2168 0.5710
2169 0.1873
2170 0.2793
2171 0.0920
2172 0.3940
2173 0.2688
2174 0.1065
2175 0.1586
2176 0.5625
2177 0.1232
2178 0.1322
2179 0.1085
2180 0.1151
2181 0.9849
2182 0.1343
2183 0.4716
2184 0.1442
2185 0.5851
2186 0.5577
2187 0.8177
2188 0.1933
2189 0.1727
2190 0.1710
2191 0.0734
2192 0.1927
2193 0.2475
2194 0.1205
2195 0.1224
2196 0.1463
2197 0.2872
2198 0.1365
2199 0.4342
2200 0.3513
2201 0.0890
2202 0.1408
2203 0.0925
2204 0.2362
2205 0.4295
2206 0.1546
2207 0.3988
2208 0.2358
2209 0.2746
2210 0.2948
2211 0.2066
2212 0.4565
2213 0.1683
2214 0.0896
2215 0.2586
2216 0.6144
2217 0.4285
2218 0.0836
2219 0.0919
2220 0.0953
2221 0.1987
2222 0.1152
2223 0.1391
2224 0.6238
2225 0.3206
2226 0.1746
2227 0.5897
2228 0.2344
2229 0.1145
2230 0.6409
2231 0.0989
2232 0.2109
2233 0.1315
2234 1.0355
2235 0.3261
2236 1.1400
2237 0.3654
2238 0.6303
2239 0.0878
2240 0.0856
2241 0.1156
2242 0.3311
2243 0.1332
2244 0.1208
2245 0.3386
2246 0.1305
2247 0.2458
2248 0.0990
2249 0.1499
2250 0.3443
2251 0.2362
2252 0.1042
2253 0.4555
2254 0.2164
2255 0.0781
2256 0.0809
2257 0.2277
2258 0.0939
2259 0.1852
2260 0.0715
2261 0.2792
2262 0.2077
2263 0.1762
2264 0.1227
2265 0.1386
2266 0.3086
2267 0.1801
2268 0.4276
2269 0.0924
2270 0.5859
2271 0.5557
2272 0.1202
2273 0.1293
2274 0.2764
2275 0.8034
2276 0.0914
2277 0.1818
2278 0.1896
2279 0.1700
2280 0.0951
2281 0.2545
2282 0.0865
2283 0.2220
2284 0.0940
2285 0.0988
2286 0.0677
2287 0.1071
2288 0.2618
2289 0.0750
2290 0.1320
2291 0.1047
2292 0.0871
2293 0.0627
2294 0.6673
2295 0.0941
2296 0.2218
2297 0.2227
2298 0.0772
2299 0.6168
2300 0.0875
2301 0.2942
2302 0.1044
2303 0.1043
2304 0.1709
2305 0.1278
2306 0.0989
2307 0.1376
2308 0.1361
2309 0.2644
2310 0.1078
2311 0.2903
2312 0.0678
2313 0.2461
2314 0.1744
2315 0.2284
2316 0.3699
2317 0.2046
2318 0.1153
2319 0.2479
2320 0.2522
2321 0.3485
2322 1.8872
2323 0.2300
2324 0.1832
2325 0.0946
2326 0.2366
2327 0.3578
2328 0.3168
2329 0.1103
2330 0.2808
2331 0.2788
2332 0.5567
2333 0.3833
2334 0.1265
2335 0.4325
2336 0.0722
2337 0.2196
2338 0.2087
2339 0.1153
2340 0.1731
2341 0.0881
2342 0.0728
2343 0.6801
2344 0.1980
2345 0.0929
2346 0.1957
2347 0.1231
2348 0.0993
2349 0.4553
2350 0.1879
2351 0.0712
2352 0.3738
2353 0.0807
2354 0.1673
2355 0.7849
2356 0.0748
2357 0.1271
2358 0.0769
2359 0.0854
2360 0.4933
2361 0.3083
2362 0.1031
2363 0.0906
2364 0.1395
2365 0.6846
2366 0.2191
2367 0.1067
2368 0.1542
2369 0.0814
2370 0.5410
2371 0.3828
2372 0.0910
2373 0.1980
2374 0.2282
2375 0.1191
2376 0.1993
2377 0.0731
2378 0.1356
2379 0.3313
2380 0.2699
2381 0.1280
2382 0.2411
2383 0.1777
2384 0.2982
2385 0.0984
2386 0.2870
2387 0.2032
2388 0.1302
2389 0.1725
2390 0.2021
2391 0.1199
2392 0.1678
2393 0.1786
2394 0.1146
2395 0.1092
2396 0.0890
2397 0.7578
2398 0.2686
2399 0.1286
2400 0.7903
2401 0.2214
2402 0.6145
2403 0.7840
2404 0.0876
2405 0.2581
2406 0.5166
2407 0.1830
2408 0.0883
2409 0.1531
2410 0.3969
2411 0.0829
2412 0.0927
2413 0.1628
2414 0.1012
2415 0.1883
2416 0.0816
2417 0.3792
2418 0.0876
2419 0.1012
2420 0.1053
2421 0.5353
2422 0.4173
2423 0.0845
2424 0.0790
2425 0.0726
2426 0.2553
2427 0.0716
2428 0.1921
2429 0.2474
2430 0.3798
2431 0.0978
2432 0.0992
2433 0.2255
2434 0.1632
2435 1.0616
2436 0.0834
2437 0.2686
2438 0.2360
2439 0.9689
2440 0.1333
2441 0.1563
2442 0.3184
2443 0.3896
2444 0.4123
2445 0.1895
2446 0.0797
2447 0.1345
2448 0.1441
2449 0.3414
2450 0.2037
2451 0.2224
2452 0.2100
2453 0.2073
2454 0.1922
2455 0.1044
2456 0.2383
2457 0.0701
2458 0.1865
2459 0.3278
2460 0.3179
2461 0.1277
2462 0.0831
2463 0.1565
2464 0.1818
2465 0.2236
2466 0.1456
2467 0.2358
2468 1.0855
2469 0.1087
2470 0.0694
2471 0.1209
2472 0.2217
2473 1.7587
2474 0.3075
2475 0.2185
2476 0.2438
2477 0.5152
2478 0.1426
2479 0.2190
2480 0.1865
2481 0.1456
2482 0.2086
2483 0.2124
2484 0.3420
2485 0.0841
2486 0.1201
2487 0.2549
2488 0.1522
2489 0.1555
2490 0.1233
2491 0.0831
2492 0.2303
2493 0.2313
2494 0.1997
2495 0.0772
2496 0.1235
2497 0.0683
2498 0.2718
2499 0.2017
2500 0.1899
