2501 0.0848
2502 0.1909
2503 0.1841
2504 0.3960
2505 0.2324
2506 0.1480
2507 0.2518
2508 0.1222
2509 0.1581
2510 0.5287
2511 0.0715
2512 0.1917
2513 0.0762
2514 0.2789
2515 0.1446
2516 0.1479
2517 0.4016
2518 0.0926
2519 0.1216
2520 0.2913
2521 0.3203
2522 0.1551
2523 0.0777
2524 0.0693
2525 0.3355
2526 0.0920
2527 0.2622
2528 0.0978
2529 0.3530
2530 0.2254
2531 0.3644
2532 0.3860
2533 0.1413
2534 0.0862
2535 0.0990
2536 0.6539
2537 0.2387
2538 0.3154
2539 0.0836
2540 0.0879
2541 0.0810
2542 0.0952
2543 0.0905
2544 0.1038
2545 0.2538
2546 0.1216
2547 0.2316
2548 0.0927
2549 0.2826
2550 0.3863
2551 0.0723
2552 0.0966
2553 0.2975
2554 0.2352
2555 0.3538
2556 0.1132
2557 0.4046
2558 1.1457
2559 0.1376
2560 0.2469
2561 0.8168
2562 0.1659
2563 0.1248
2564 0.1038
2565 0.9621
2566 0.2634
2567 0.0894
2568 0.1610
2569 0.5515
2570 0.1936
2571 0.0745
2572 0.1499
2573 0.3749
2574 0.1326
2575 0.6790
2576 0.0806
2577 0.9924
2578 0.1299
2579 0.4057
2580 0.2146
2581 0.2128
2582 0.1807
2583 0.2806
2584 0.0685
2585 0.2521
2586 0.2539
2587 0.2913
2588 0.0727
2589 0.1549
2590 0.1300
2591 0.0652
2592 0.3262
2593 0.2009
2594 0.1020
2595 0.1986
2596 0.3444
2597 0.3021
2598 0.5143
2599 0.2358
2600 0.2074
2601 0.3390
2602 0.0676
2603 0.2269
2604 0.0903
2605 1.1273
2606 0.1133
2607 0.1877
2608 0.0745
2609 0.1904
2610 0.1143
2611 0.1132
2612 0.1721
2613 0.2643
2614 0.1432
2615 0.1245
2616 0.1520
2617 0.1751
2618 0.3857
2619 0.1120
2620 0.0998
2621 0.0970
2622 0.0705
2623 0.0869
2624 0.4648
2625 0.1681
2626 0.6294
2627 0.3348
2628 0.0801
2629 0.4340
2630 0.0664
2631 0.1903
2632 0.2052
2633 0.1443
2634 0.3721
2635 0.0602
2636 0.1254
2637 0.1130
2638 0.3194
2639 0.0886
2640 0.2924
2641 0.3330
2642 0.1212
2643 0.3858
2644 0.0812
2645 0.0969
2646 0.2559
2647 0.2486
2648 0.1467
2649 0.1603
2650 0.2991
2651 0.7799
2652 0.1268
2653 0.1030
2654 0.1850
2655 0.1260
2656 0.3925
2657 0.1521
2658 0.3982
2659 0.3539
2660 0.1900
2661 0.1493
2662 0.1896
2663 0.3144
2664 0.1346
2665 0.0857
2666 0.3727
2667 0.1650
2668 0.1554
2669 0.0808
2670 0.4584
2671 0.3604
2672 0.0897
2673 0.2145
2674 0.7869
2675 1.0106
2676 0.0753
2677 0.1381
2678 0.2201
2679 0.1579
2680 0.2304
2681 0.4085
2682 0.0866
2683 0.2868
2684 0.3028
2685 0.0583
2686 0.2148
2687 0.9461
2688 0.4013
2689 0.1125
2690 0.0939
2691 0.0718
2692 0.4109
2693 0.5775
2694 0.1771
2695 0.2028
2696 0.0732
2697 0.2760
2698 0.3051
2699 0.1251
2700 0.1208
2701 0.0680
2702 0.4220
2703 0.9671
2704 0.5623
2705 0.2085
2706 0.2994
2707 0.1399
2708 0.1696
2709 0.3609
2710 0.1087
2711 0.1006
2712 0.1538
2713 0.1726
2714 0.0943
2715 0.1651
2716 0.1193
2717 0.0846
2718 0.3664
2719 0.2249
2720 0.4170
2721 0.3025
2722 0.3007
2723 0.2317
2724 0.1333
2725 0.1086
2726 0.2112
2727 0.0698
2728 0.0724
2729 0.6061
2730 0.2517
2731 0.0883
2732 0.2325
2733 0.0872
2734 0.6494
2735 0.0973
2736 0.1941
2737 0.1793
2738 0.5280
2739 0.1807
2740 0.2394
2741 0.1766
2742 0.1059
2743 0.2131
2744 0.1142
2745 1.7576
2746 0.3191
2747 0.1902
2748 0.4092
2749 0.1673
2750 0.1612
2751 0.0908
2752 0.1983
2753 0.1460
2754 0.3500
2755 0.0821
2756 0.2415
2757 0.1857
2758 0.2210
2759 0.1544
2760 0.0937
2761 0.2350
2762 0.2169
2763 0.6945
2764 0.1841
2765 0.3487
2766 0.4394
2767 0.2269
2768 0.3663
2769 0.1220
2770 0.2841
2771 0.2472
2772 1.1499
2773 0.3003
2774 0.1110
2775 0.1127
2776 0.3828
2777 0.0973
2778 0.7301
2779 0.0675
2780 0.0632
2781 0.2305
2782 0.1331
2783 0.2306
2784 0.2562
2785 0.4597
2786 0.1003
2787 0.1170
2788 0.2107
2789 0.1473
2790 0.2294
2791 0.3742
2792 0.5513
2793 0.1746
2794 0.1064
2795 0.2316
2796 0.2207
2797 0.4478
2798 0.3647
2799 0.1188
2800 0.2444
2801 0.1819
2802 0.1880
2803 0.3334
2804 0.9226
2805 0.1352
2806 0.0737
2807 0.1071
2808 0.0955
2809 0.1718
2810 0.0757
2811 0.3313
2812 0.2723
2813 0.1836
2814 0.2643
2815 0.4461
2816 0.1583
2817 0.1405
2818 0.2143
2819 0.0764
2820 0.3068
2821 0.1216
2822 0.1982
2823 0.9642
2824 0.2887
2825 0.4043
2826 0.0657
2827 0.1175
2828 0.1149
2829 0.1252
2830 0.2029
2831 0.0697
2832 0.1630
2833 0.0891
2834 0.1483
2835 0.1829
2836 0.0912
2837 0.1436
2838 0.1934
2839 0.1653
2840 0.5208
2841 0.2028
2842 0.0785
2843 0.6220
2844 0.1097
2845 0.4605
2846 0.1726
2847 0.0680
2848 0.1709
2849 0.1546
2850 0.1359
2851 1.0560
2852 0.0902
2853 0.1463
2854 0.0743
2855 0.2534
2856 0.4530
2857 0.1346
2858 0.0915
2859 0.0786
2860 0.0900
2861 0.0768
2862 0.1340
2863 0.0978
2864 0.1060
2865 0.1454
2866 0.2051
2867 0.1237
2868 0.2381
2869 0.1810
2870 0.6210
2871 0.1850
2872 0.1626
2873 0.1482
2874 0.1232
2875 0.1438
2876 0.5494
2877 0.0790
2878 0.0651
2879 0.1364
2880 0.2065
2881 1.3806
2882 0.3619
2883 0.0725
2884 0.0629
2885 0.1077
2886 0.1837
2887 0.1285
2888 0.1717
2889 0.1392
2890 0.1581
2891 0.3012
2892 0.2106
2893 0.1428
2894 0.2440
2895 0.3522
2896 0.1455
2897 0.4235
2898 3.6621
2899 0.1160
2900 0.1553
2901 0.2025
2902 0.3294
2903 0.2816
2904 1.1342
2905 0.0814
2906 0.3547
2907 0.1580
2908 0.2830
2909 0.1804
2910 0.3669
2911 2.5699
2912 0.3313
2913 0.0787
2914 0.2101
2915 0.0938
2916 0.1882
2917 0.1421
2918 0.0973
2919 0.2233
2920 0.1452
2921 0.1130
2922 0.1605
2923 0.1735
2924 0.2368
2925 0.1591
2926 0.5703
2927 0.1095
2928 0.1599
2929 0.1771
2930 0.0963
2931 0.3443
2932 0.1521
2933 0.2088
2934 0.1122
2935 0.0800
2936 0.0895
2937 0.3319
2938 0.3459
2939 0.0868
2940 0.1315
2941 0.5067
2942 0.3559
2943 0.0845
2944 0.6275
2945 0.2442
2946 0.1124
2947 0.5274
2948 0.6176
2949 0.2069
2950 0.1038
2951 0.0967
2952 0.2909
2953 0.1118
2954 0.0956
2955 0.1777
2956 0.2172
2957 0.1859
2958 0.2295
2959 0.1299
2960 1.0405
2961 0.1654
2962 0.7075
2963 0.1807
2964 0.2070
2965 0.6353
2966 0.0919
2967 0.0705
2968 0.1471
2969 0.4802
2970 0.1314
2971 0.1006
2972 0.3379
2973 0.6191
2974 0.2075
2975 0.1920
2976 0.1349
2977 0.1139
2978 0.1367
2979 0.1573
2980 0.1282
2981 0.1350
2982 0.2385
2983 0.1691
2984 0.2348
2985 0.2264
2986 0.0825
2987 0.1370
2988 0.6020
2989 0.1447
2990 0.0747
2991 0.0812
2992 0.3263
2993 0.1294
2994 0.4077
2995 0.2329
2996 0.1700
2997 0.1259
2998 0.0890
2999 0.1276
3000 0.4160
3001 0.4001
3002 0.2642
3003 0.7028
3004 0.4114
3005 0.1152
3006 0.1023
3007 0.3247
3008 0.2656
3009 0.3509
3010 0.5914
3011 0.2029
3012 0.2827
3013 0.2631
3014 0.2472
3015 0.2612
3016 0.1986
3017 0.1048
3018 1.1647
3019 0.0612
3020 0.1232
3021 0.4451
3022 0.0767
3023 0.9537
3024 0.1201
3025 0.4513
3026 0.3249
3027 0.1098
3028 0.1636
3029 0.1183
3030 0.2164
3031 0.0677
3032 0.5756
3033 0.1740
3034 0.0776
3035 0.0828
3036 0.1153
3037 0.1990
3038 0.0790
3039 0.0793
3040 0.1028
3041 0.5340
3042 0.2770
3043 0.1047
3044 0.0965
3045 0.1284
3046 0.2363
3047 0.1507
3048 0.2230
3049 0.3046
3050 0.2050
3051 0.3658
3052 0.1010
3053 0.3740
3054 0.0641
3055 0.1585
3056 0.4616
3057 0.6658
3058 0.1722
3059 0.7298
3060 0.1529
3061 0.0978
3062 0.2528
3063 0.2015
3064 0.7724
3065 0.1379
3066 0.2572
3067 0.2565
3068 0.1034
3069 0.1687
3070 1.8341
3071 0.1106
3072 0.1057
3073 0.1871
3074 0.2914
3075 0.1561
3076 0.4394
3077 0.1779
3078 0.0638
3079 0.1652
3080 0.2545
3081 0.2903
3082 0.1596
3083 0.1284
3084 0.1903
3085 0.0833
3086 0.3931
3087 0.1731
3088 0.0823
3089 0.1946
3090 0.1196
3091 0.0799
3092 0.9233
3093 0.1692
3094 0.0975
3095 0.2205
3096 0.3286
3097 0.5041
3098 0.1110
3099 0.1323
3100 0.3273
3101 0.1759
3102 0.4038
3103 0.1674
3104 0.0974
3105 0.0686
3106 0.2684
3107 0.1403
3108 0.2346
3109 0.2005
3110 0.1456
3111 0.2005
3112 0.1835
3113 0.0690
3114 0.3144
3115 0.1240
3116 0.0754
3117 0.1598
3118 0.3732
3119 0.2239
3120 0.1090
3121 0.6623
3122 0.2577
3123 0.1982
3124 0.0970
3125 0.1467
3126 0.2107
3127 0.2345
3128 0.2243
3129 0.4343
3130 0.2400
3131 0.0997
3132 0.1317
3133 0.3017
3134 0.6125
3135 0.1954
3136 0.3600
3137 0.2595
3138 0.2034
3139 0.4673
3140 0.3903
3141 0.2985
3142 0.0787
3143 0.6839
3144 0.1971
3145 0.3936
3146 0.8650
3147 0.2266
3148 0.2570
3149 0.2618
3150 0.1202
3151 0.1007
3152 0.1247
3153 0.3429
3154 0.1616
3155 0.1766
3156 0.0824
3157 0.1628
3158 0.1988
3159 0.1484
3160 0.3210
3161 0.2349
3162 0.1002
3163 0.3015
3164 0.1907
3165 0.1051
3166 0.1086
3167 0.1885
3168 0.0929
3169 0.1948
3170 0.0793
3171 0.1318
3172 0.1704
3173 1.2762
3174 0.1459
3175 0.1270
3176 0.1285
3177 0.0971
3178 0.1778
3179 0.6997
3180 0.0803
3181 0.2153
3182 0.0725
3183 0.3035
3184 0.6246
3185 0.3984
3186 0.1633
3187 0.0805
3188 0.2581
3189 0.1704
3190 0.6178
3191 0.3996
3192 0.3438
3193 0.1691
3194 1.3960
3195 0.1476
3196 0.1660
3197 0.2402
3198 0.5564
3199 0.1507
3200 0.1664
3201 0.1566
3202 0.2710
3203 0.2193
3204 0.0978
3205 0.1889
3206 0.4161
3207 0.2177
3208 0.1315
3209 0.1086
3210 0.1752
3211 0.0850
3212 0.5983
3213 0.8937
3214 0.2434
3215 0.8400
3216 0.1556
3217 0.2518
3218 0.1121
3219 0.1154
3220 0.1311
3221 0.1233
3222 0.4268
3223 0.2010
3224 0.1142
3225 0.5597
3226 0.1786
3227 0.0792
3228 0.1137
3229 0.4237
3230 0.2392
3231 0.5851
3232 0.3031
3233 0.3528
3234 0.1766
3235 0.4751
3236 0.1873
3237 0.1601
3238 0.2525
3239 0.1141
3240 0.7510
3241 0.1551
3242 0.2226
3243 0.3263
3244 0.4186
3245 0.1045
3246 0.1757
3247 0.1290
3248 0.1378
3249 0.2572
3250 0.1220
3251 0.1680
3252 0.1777
3253 0.2980
3254 0.6479
3255 0.2112
3256 0.1020
3257 0.9104
3258 0.5784
3259 0.1528
3260 0.4750
3261 0.3212
3262 1.0888
3263 0.3329
3264 0.2664
3265 0.1360
3266 0.2831
3267 0.2650
3268 0.1544
3269 0.2228
3270 0.1016
3271 0.0794
3272 0.3360
3273 0.1907
3274 0.1142
3275 0.2826
3276 0.3526
3277 0.0584
3278 0.2484
3279 0.2218
3280 0.1419
3281 0.1136
3282 0.0860
3283 0.1812
3284 0.1645
3285 0.1206
3286 0.6887
3287 0.0878
3288 0.1741
3289 0.2357
3290 0.7267
3291 0.4637
3292 0.5981
3293 0.3359
3294 0.1216
3295 0.1060
3296 0.1526
3297 0.1796
3298 0.3689
3299 0.3258
3300 0.1415
3301 0.2167
3302 0.0794
3303 0.1204
3304 0.2240
3305 0.1173
3306 0.1178
3307 0.2243
3308 0.1068
3309 0.0911
3310 0.0682
3311 0.1027
3312 0.4282
3313 0.0631
3314 0.1354
3315 0.1789
3316 0.1249
3317 0.4989
3318 0.0738
3319 0.1909
3320 0.1240
3321 0.0721
3322 0.2011
3323 0.4977
3324 0.2024
3325 0.6969
3326 0.1632
3327 0.2604
3328 0.0842
3329 0.1415
3330 0.0943
3331 0.2023
3332 0.0654
3333 0.4956
3334 0.1259
3335 0.1198
3336 0.1110
3337 0.1400
3338 0.4002
3339 0.1154
3340 0.2159
3341 0.7452
3342 0.1270
3343 0.1257
3344 0.0862
3345 0.1056
3346 0.0721
3347 0.1410
3348 0.1626
3349 0.0911
3350 0.6646
3351 0.1512
3352 0.1712
3353 0.3566
3354 0.1888
3355 0.0599
3356 0.1473
3357 0.1302
3358 0.2054
3359 0.1170
3360 0.1426
3361 0.1857
3362 0.1571
3363 0.1063
3364 0.2411
3365 0.0731
3366 0.3676
3367 0.1974
3368 0.3542
3369 0.3991
3370 0.1110
3371 0.1169
3372 0.6152
3373 0.0800
3374 0.1865
3375 0.2744
3376 0.1037
3377 0.2714
3378 0.1592
3379 0.1789
3380 0.1732
3381 0.2833
3382 0.3475
3383 0.2085
3384 0.1007
3385 0.1723
3386 0.2463
3387 0.1000
3388 0.2049
3389 0.2753
3390 0.3181
3391 0.0748
3392 0.1360
3393 0.2760
3394 0.1392
3395 0.0639
3396 0.2421
3397 0.6748
3398 0.1368
3399 0.1328
3400 0.3214
3401 0.2112
3402 0.0862
3403 0.1177
3404 0.2367
3405 0.4020
3406 0.1556
3407 0.3599
3408 0.2535
3409 0.5085
3410 0.1712
3411 0.5895
3412 0.2080
3413 0.1859
3414 0.1027
3415 0.3518
3416 0.1236
3417 0.1416
3418 0.3574
3419 0.0919
3420 0.0751
3421 0.8816
3422 0.1116
3423 0.1164
3424 0.1257
3425 0.3145
3426 0.1513
3427 0.2014
3428 0.0982
3429 0.1984
3430 0.3463
3431 0.0659
3432 0.1400
3433 0.1829
3434 0.0850
3435 0.1772
3436 0.0634
3437 0.0999
3438 0.2157
3439 0.0832
3440 0.1438
3441 0.1785
3442 0.1947
3443 0.1617
3444 0.1023
3445 0.1107
3446 0.2078
3447 0.0797
3448 0.2312
3449 0.4259
3450 0.1568
3451 0.1803
3452 0.5786
3453 0.0878
3454 0.1769
3455 0.5842
3456 0.5697
3457 0.0648
3458 0.1015
3459 0.1197
3460 0.3377
3461 1.0429
3462 0.1721
3463 0.3295
3464 0.0813
3465 0.0986
3466 0.0964
3467 0.2549
3468 0.3779
3469 0.1270
3470 0.0959
3471 0.2732
3472 0.4478
3473 0.7223
3474 0.0660
3475 0.1653
3476 0.6614
3477 0.1235
3478 0.1488
3479 0.1257
3480 0.1314
3481 0.2671
3482 0.0924
3483 0.1148
3484 0.1110
3485 0.1007
3486 0.3953
3487 0.3153
3488 0.0951
3489 0.2204
3490 1.1067
3491 0.5774
3492 0.0904
3493 0.2115
3494 0.5099
3495 0.0870
3496 0.0816
3497 0.1482
3498 0.0978
3499 0.0842
3500 0.2445
3501 0.4001
3502 0.2121
3503 0.2496
3504 0.3780
3505 0.1624
3506 0.0959
3507 0.6949
3508 0.1647
3509 0.1588
3510 0.1125
3511 0.0682
3512 0.2146
3513 0.0979
3514 0.3197
3515 0.3415
3516 0.4564
3517 0.8523
3518 0.2081
3519 0.0984
3520 0.1134
3521 0.2290
3522 0.2187
3523 0.0944
3524 0.0909
3525 0.1707
3526 0.0959
3527 0.1241
3528 0.2706
3529 0.2470
3530 0.0952
3531 0.1388
3532 0.0873
3533 0.1598
3534 0.1431
3535 0.0948
3536 0.1366
3537 0.1492
3538 0.2818
3539 0.7489
3540 0.1037
3541 0.1717
3542 0.1823
3543 0.7802
3544 0.2359
3545 0.0957
3546 0.2259
3547 0.3182
3548 0.0734
3549 0.3839
3550 0.3597
3551 0.2131
3552 0.2329
3553 0.0619
3554 0.1818
3555 0.1621
3556 0.2237
3557 0.1168
3558 0.3519
3559 0.0809
3560 0.4888
3561 0.2014
3562 0.2910
3563 0.2202
3564 0.7960
3565 0.0951
3566 0.1826
3567 0.0953
3568 0.7181
3569 0.3031
3570 0.2433
3571 0.2032
3572 0.0847
3573 0.6003
3574 0.2315
3575 0.2591
3576 0.0758
3577 0.1128
3578 0.2224
3579 0.2253
3580 0.2519
3581 0.2822
3582 0.1719
3583 0.1282
3584 0.3245
3585 0.4920
3586 0.1780
3587 0.1238
3588 0.1199
3589 0.2611
3590 0.0698
3591 0.1755
3592 0.2087
3593 0.0784
3594 0.0831
3595 0.0807
3596 0.1557
3597 0.1057
3598 0.5873
3599 0.1460
3600 0.0698
3601 0.1555
3602 0.0803
3603 0.1622
3604 0.0700
3605 0.0938
3606 0.2037
3607 0.0864
3608 0.1666
3609 0.1010
3610 0.1863
3611 0.1194
3612 0.1184
3613 0.1430
3614 0.1659
3615 0.2314
3616 0.0727
3617 0.3225
3618 0.2336
3619 0.6461
3620 0.2337
3621 0.4557
3622 0.1658
3623 0.1224
3624 0.1555
3625 0.1600
3626 0.4247
3627 0.2594
3628 0.0856
3629 0.3232
3630 0.1887
3631 0.0731
3632 0.3217
3633 0.2361
3634 1.1023
3635 0.2435
3636 0.1718
3637 0.1177
3638 0.2293
3639 0.3477
3640 0.0975
3641 0.1312
3642 0.0734
3643 1.0028
3644 0.3919
3645 0.2045
3646 0.1130
3647 0.1361
3648 0.1749
3649 0.1495
3650 0.0791
3651 0.1492
3652 0.2469
3653 0.2554
3654 0.3421
3655 0.3109
3656 0.0789
3657 0.2822
3658 1.0871
3659 0.2255
3660 0.2777
3661 0.0962
3662 0.2340
3663 0.1464
3664 0.2815
3665 0.1992
3666 0.1453
3667 0.1723
3668 0.1376
3669 0.2626
3670 0.0968
3671 0.3809
3672 0.2650
3673 0.1613
3674 0.0929
3675 0.2017
3676 0.3047
3677 0.3302
3678 0.2609
3679 0.1349
3680 0.0646
3681 0.3541
3682 0.0752
3683 0.1876
3684 0.1841
3685 0.6419
3686 0.2232
3687 0.1050
3688 0.6252
3689 0.1796
3690 0.3102
3691 0.2479
3692 0.1815
3693 0.3743
3694 0.1159
3695 0.1944
3696 0.1773
3697 0.1459
3698 0.7453
3699 0.1508
3700 0.1263
3701 0.1467
3702 0.2532
3703 0.1373
3704 0.1249
3705 0.0913
3706 0.1735
3707 0.2459
3708 0.1396
3709 0.1183
3710 0.6313
3711 0.1704
3712 0.1322
3713 0.0940
3714 0.8978
3715 0.1532
3716 0.4355
3717 0.1778
3718 0.0938
3719 0.2534
3720 0.0598
3721 0.2103
3722 0.1097
3723 0.1867
3724 0.2848
3725 0.0585
3726 0.2914
3727 0.1548
3728 0.5580
3729 0.6953
3730 0.8559
3731 0.2134
3732 0.1417
3733 0.0877
3734 0.1781
3735 0.1544
3736 0.2775
3737 0.6735
3738 0.1614
3739 0.0813
3740 0.2439
3741 0.1561
3742 0.2063
3743 0.2414
3744 0.2594
3745 0.0990
3746 0.0902
3747 0.1839
3748 0.3953
3749 0.0884
3750 0.4800
3751 0.1807
3752 0.2193
3753 0.0840
3754 0.3141
3755 0.1077
3756 0.1003
3757 0.1637
3758 0.0671
3759 0.7526
3760 0.1643
3761 0.0667
3762 0.1085
3763 0.0867
3764 0.0717
3765 0.1622
3766 0.2266
3767 0.1805
3768 0.3283
3769 0.2129
3770 0.3969
3771 0.1694
3772 0.4203
3773 0.1668
3774 0.3312
3775 0.2681
3776 0.1025
3777 0.0946
3778 0.1735
3779 0.2198
3780 0.7974
3781 0.1950
3782 0.3794
3783 0.1273
3784 0.1293
3785 0.1927
3786 0.1207
3787 0.1158
3788 0.2202
3789 0.7067
3790 0.3227
3791 0.1452
3792 1.5021
3793 0.0724
3794 0.1882
3795 0.2261
3796 0.1024
3797 0.5229
3798 0.1613
3799 0.3645
3800 0.3349
3801 0.4032
3802 0.2025
3803 0.1077
3804 1.1730
3805 0.3195
3806 0.0747
3807 0.2181
3808 0.1009
3809 0.0819
3810 0.1000
3811 0.0670
3812 0.1246
3813 0.0949
3814 0.4510
3815 0.3819
3816 0.2197
3817 0.0875
3818 0.2068
3819 0.0776
3820 0.1604
3821 0.2104
3822 0.0833
3823 0.1119
3824 0.3601
3825 0.0865
3826 0.1151
3827 0.2664
3828 0.7650
3829 0.0833
3830 0.0924
3831 0.0999
3832 0.0790
3833 0.1396
3834 0.2124
3835 0.1614
3836 0.0761
3837 0.8142
3838 0.3397
3839 0.1768
3840 0.2261
3841 0.4369
3842 0.2237
3843 0.0914
3844 0.1761
3845 0.1501
3846 0.0791
3847 0.2190
3848 0.0944
3849 0.0633
3850 0.1660
3851 0.4575
3852 0.0807
3853 0.0665
3854 0.3761
3855 0.3030
3856 0.1477
3857 2.3707
3858 0.3583
3859 0.2349
3860 0.0880
3861 0.0674
3862 0.1411
3863 0.0855
3864 0.4407
3865 0.0752
3866 0.0758
3867 0.4284
3868 0.0939
3869 0.0926
3870 0.1361
3871 0.0907
3872 0.1692
3873 0.8964
3874 0.1163
3875 0.2894
3876 0.2637
3877 0.1850
3878 0.5160
3879 0.4151
3880 0.1266
3881 0.1542
3882 0.2455
3883 0.1358
3884 0.0651
3885 0.2397
3886 0.3381
3887 0.1322
3888 0.1157
3889 0.1726
3890 0.0692
3891 0.2649
3892 0.1089
3893 0.2798
3894 0.5774
3895 0.2329
3896 0.7457
3897 0.1554
3898 0.5102
3899 0.4068
3900 0.1117
3901 0.5734
3902 0.1202
3903 0.4768
3904 0.1121
3905 0.1117
3906 0.0946
3907 0.1235
3908 0.0957
3909 0.0648
3910 0.2282
3911 0.1992
3912 0.1708
3913 0.1621
3914 0.1117
3915 0.1544
3916 0.2385
3917 0.1330
3918 0.3209
3919 0.2138
3920 0.2510
3921 0.3397
3922 0.1480
3923 0.0785
3924 0.4558
3925 0.4329
3926 0.0850
3927 0.1036
3928 0.0800
3929 0.4456
3930 0.3343
3931 0.1854
3932 0.1754
3933 0.2455
3934 0.0839
3935 0.2397
3936 0.0772
3937 0.9692
3938 0.1183
3939 0.1102
3940 0.2232
3941 0.3855
3942 0.0973
3943 0.1702
3944 0.0739
3945 0.5755
3946 0.2064
3947 0.1015
3948 0.3856
3949 0.7234
3950 0.1456
3951 0.4434
3952 0.6095
3953 0.1206
3954 0.0749
3955 0.1160
3956 0.3437
3957 0.7120
3958 0.0747
3959 0.1182
3960 0.1057
3961 0.1163
3962 0.1076
3963 0.1457
3964 0.2238
3965 2.9850
3966 0.0829
3967 0.1477
3968 0.6166
3969 0.8097
3970 0.2585
3971 0.1313
3972 0.0935
3973 0.1354
3974 1.9133
3975 0.1607
3976 0.5070
3977 0.1188
3978 0.1598
3979 0.6017
3980 0.1650
3981 0.2749
3982 0.1013
3983 0.3088
3984 0.1952
3985 0.3416
3986 0.3271
3987 0.4311
3988 0.1079
3989 0.4536
3990 0.9614
3991 0.1570
3992 0.0712
3993 0.0692
3994 0.1443
3995 0.1317
3996 0.2423
3997 0.1921
3998 0.5109
3999 0.2924
4000 0.1508
4001 0.0968
4002 0.1382
4003 1.2131
4004 0.2978
4005 0.5092
4006 0.2916
4007 0.2422
4008 0.1113
4009 0.2394
4010 0.5273
4011 0.1511
4012 0.1405
4013 0.4832
4014 0.0966
4015 0.1193
4016 0.2222
4017 0.5081
4018 0.1424
4019 0.1828
4020 0.1949
4021 0.4463
4022 0.1757
4023 0.2095
4024 0.1896
4025 0.1657
4026 0.8253
4027 0.0886
4028 0.1670
4029 0.2292
4030 0.4121
4031 0.3142
4032 0.1698
4033 0.3433
4034 0.2108
4035 0.4767
4036 0.3902
4037 0.0748
4038 0.1106
4039 0.0984
4040 0.2194
4041 0.5344
4042 0.1005
4043 0.3115
4044 0.1729
4045 0.0832
4046 0.1126
4047 0.2586
4048 0.5324
4049 0.0903
4050 0.2164
4051 0.1335
4052 0.0823
4053 0.3339
4054 0.3837
4055 0.1468
4056 0.1041
4057 0.2509
4058 0.3283
4059 0.1445
4060 0.1220
4061 0.1467
4062 0.1984
4063 0.1728
4064 0.0916
4065 0.2167
4066 0.4746
4067 1.0115
4068 0.1089
4069 0.0894
4070 0.2489
4071 1.3112
4072 0.1443
4073 0.0620
4074 0.0969
4075 0.2320
4076 0.0872
4077 0.1522
4078 0.1800
4079 0.3132
4080 0.3473
4081 0.3277
4082 0.4224
4083 0.1054
4084 0.1605
4085 0.0995
4086 0.0972
4087 0.5608
4088 0.1124
4089 0.1866
4090 0.2061
4091 0.2622
4092 0.2122
4093 0.0968
4094 0.2055
4095 0.2188
4096 0.1444
4097 0.1611
4098 0.2350
4099 0.6245
4100 0.1949
4101 0.6213
4102 0.1223
4103 0.2582
4104 0.1530
4105 0.1023
4106 0.2776
4107 0.2684
4108 0.2648
4109 0.5659
4110 0.0967
4111 0.1704
4112 0.0844
4113 0.3035
4114 0.1509
4115 0.0819
4116 0.1466
4117 0.3659
4118 0.1896
4119 0.1014
4120 0.2031
4121 0.1290
4122 0.1704
4123 0.1866
4124 0.0791
4125 0.1202
4126 0.1371
4127 0.1766
4128 0.1977
4129 0.5069
4130 0.1241
4131 0.2074
4132 0.1748
4133 0.2689
4134 0.0807
4135 0.3744
4136 0.3777
4137 0.0898
4138 0.3640
4139 0.1518
4140 0.1103
4141 0.4080
4142 0.2105
4143 0.1228
4144 0.1708
4145 0.0859
4146 0.0667
4147 0.1069
4148 0.1411
4149 0.2253
4150 0.1849
4151 0.1526
4152 0.3423
4153 0.1000
4154 0.1421
4155 0.0693
4156 0.1557
4157 0.5305
4158 0.1202
4159 0.2533
4160 0.5233
4161 0.1540
4162 0.4763
4163 0.9584
4164 0.0556
4165 0.0860
4166 0.2348
4167 0.5826
4168 0.3388
4169 0.2814
4170 0.6036
4171 0.3687
4172 0.2016
4173 0.1411
4174 0.0891
4175 0.0915
4176 0.7017
4177 0.0766
4178 0.2685
4179 0.4628
4180 0.0895
4181 0.1048
4182 0.0773
4183 0.0870
4184 0.2082
4185 1.8408
4186 0.0791
4187 0.2310
4188 0.3503
4189 0.0833
4190 0.9933
4191 0.1357
4192 0.1585
4193 0.1207
4194 0.1484
4195 0.4587
4196 0.2401
4197 0.2248
4198 0.1744
4199 0.3906
4200 0.0991
4201 0.1168
4202 0.0781
4203 0.0934
4204 0.2317
4205 0.1508
4206 0.2034
4207 0.1088
4208 0.3049
4209 0.1191
4210 0.2608
4211 0.5141
4212 0.3494
4213 0.2993
4214 0.2185
4215 0.1097
4216 0.2319
4217 0.2952
4218 0.1722
4219 0.0797
4220 0.0917
4221 0.2088
4222 0.2540
4223 0.3367
4224 0.2791
4225 0.3427
4226 0.2292
4227 0.3366
4228 0.2560
4229 0.4967
4230 0.2619
4231 0.6040
4232 0.0634
4233 0.1077
4234 0.6058
4235 0.7900
4236 0.2624
4237 0.2380
4238 0.0846
4239 0.1560
4240 0.3072
4241 0.4793
4242 0.7112
4243 0.0933
4244 1.3623
4245 0.1470
4246 0.2627
4247 0.1139
4248 0.1895
4249 0.1035
4250 0.2182
4251 0.4548
4252 0.1207
4253 0.1240
4254 0.2504
4255 0.4723
4256 0.0906
4257 0.1936
4258 0.2349
4259 0.3682
4260 0.4751
4261 0.2137
4262 0.3810
4263 0.0972
4264 0.0923
4265 0.1587
4266 0.1314
4267 0.0931
4268 0.2304
4269 0.1048
4270 1.7974
4271 0.0925
4272 0.1752
4273 1.3578
4274 0.2070
4275 0.4668
4276 0.1558
4277 0.1020
4278 0.9351
4279 0.4472
4280 0.1542
4281 0.0832
4282 0.3521
4283 0.3931
4284 0.6020
4285 0.0902
4286 0.3037
4287 0.3220
4288 0.1440
4289 0.8208
4290 0.3095
4291 0.1327
4292 0.3418
4293 0.1716
4294 0.0791
4295 0.2493
4296 0.5221
4297 0.0680
4298 0.3324
4299 0.3681
4300 0.6398
4301 0.2807
4302 0.4241
4303 0.3632
4304 0.2156
4305 0.2063
4306 0.0841
4307 0.2085
4308 0.2863
4309 0.1226
4310 0.3417
4311 0.1069
4312 0.3578
4313 0.2822
4314 0.1087
4315 0.2223
4316 0.1488
4317 0.2090
4318 0.1006
4319 0.1708
4320 0.1133
4321 0.0863
4322 0.0721
4323 0.2817
4324 0.4349
4325 0.0868
4326 0.1931
4327 0.1703
4328 0.6636
4329 0.1056
4330 0.1749
4331 0.0850
4332 0.1152
4333 0.9999
4334 0.1495
4335 0.1170
4336 0.1313
4337 0.2114
4338 0.2423
4339 0.0921
4340 0.2917
4341 0.6110
4342 0.2333
4343 0.1185
4344 0.1517
4345 0.2662
4346 0.0835
4347 0.2022
4348 0.2293
4349 0.1991
4350 0.2641
4351 0.1658
4352 0.0881
4353 0.4231
4354 0.0666
4355 0.2482
4356 0.9571
4357 0.0856
4358 0.4203
4359 0.1209
4360 0.0866
4361 0.1197
4362 0.0855
4363 0.1542
4364 0.2302
4365 0.0931
4366 0.0834
4367 0.1019
4368 0.1976
4369 0.3619
4370 0.2545
4371 0.0837
4372 2.3389
4373 0.1603
4374 0.0725
4375 0.1897
4376 0.4095
4377 0.1788
4378 0.3705
4379 0.1311
4380 0.3020
4381 1.0185
4382 0.6831
4383 0.1617
4384 0.1389
4385 0.1780
4386 0.3910
4387 0.0919
4388 0.3596
4389 0.1016
4390 0.0903
4391 0.2186
4392 0.1089
4393 0.1019
4394 0.1657
4395 0.2416
4396 0.2390
4397 0.2234
4398 0.5618
4399 0.1833
4400 0.0662
4401 0.5327
4402 0.1595
4403 0.1009
4404 0.1063
4405 0.3109
4406 0.1090
4407 0.0799
4408 0.1348
4409 0.1465
4410 0.1431
4411 0.0884
4412 0.0790
4413 0.3312
4414 0.1820
4415 0.1916
4416 0.2049
4417 0.2998
4418 0.5271
4419 0.0940
4420 0.1103
4421 0.1136
4422 0.1724
4423 0.1619
4424 0.0728
4425 0.2009
4426 0.0983
4427 0.1320
4428 0.4551
4429 0.1650
4430 0.1211
4431 0.1469
4432 0.0768
4433 0.2716
4434 0.0928
4435 0.3884
4436 0.2038
4437 0.1991
4438 0.0896
4439 0.0964
4440 0.2786
4441 0.2832
4442 0.1154
4443 0.7050
4444 0.1302
4445 0.2440
4446 0.3085
4447 0.1348
4448 0.1528
4449 0.2125
4450 0.1954
4451 0.1117
4452 0.2755
4453 0.4625
4454 0.1119
4455 0.8221
4456 0.1814
4457 0.1004
4458 0.4607
4459 0.5678
4460 0.0852
4461 0.2482
4462 0.2435
4463 0.0767
4464 0.3856
4465 0.1114
4466 0.2544
4467 0.3011
4468 0.2330
4469 0.4267
4470 0.2212
4471 0.2370
4472 0.2030
4473 0.3669
4474 0.2342
4475 0.1080
4476 0.4627
4477 1.3247
4478 0.1081
4479 0.1024
4480 0.6109
4481 0.1545
4482 0.2036
4483 0.0992
4484 0.2928
4485 0.0953
4486 0.1599
4487 0.1034
4488 0.1524
4489 0.0809
4490 1.6656
4491 0.0983
4492 0.3999
4493 0.3175
4494 0.1780
4495 0.1161
4496 0.1011
4497 0.1095
4498 0.2742
4499 0.1582
4500 0.1489
4501 0.0806
4502 0.1969
4503 0.1261
4504 0.3269
4505 0.0560
4506 0.1511
4507 0.2707
4508 0.0800
4509 0.0819
4510 4.5516
4511 0.1222
4512 0.1509
4513 0.1267
4514 0.0763
4515 0.1806
4516 0.1096
4517 0.0929
4518 0.3567
4519 0.2424
4520 0.3095
4521 0.2616
4522 0.1443
4523 0.2358
4524 0.2974
4525 0.0980
4526 0.2478
4527 0.1804
4528 0.1871
4529 0.0830
4530 0.1814
4531 0.3974
4532 0.0986
4533 0.8946
4534 0.2470
4535 0.3459
4536 0.4652
4537 0.1429
4538 0.0719
4539 0.1099
4540 0.0984
4541 0.1211
4542 0.1763
4543 0.5470
4544 0.2468
4545 0.1043
4546 0.1149
4547 0.1755
4548 0.2444
4549 0.2612
4550 0.1601
4551 0.1191
4552 0.7122
4553 0.6913
4554 0.1184
4555 0.1644
4556 0.1861
4557 0.0942
4558 0.4047
4559 0.2101
4560 0.1762
4561 0.3841
4562 0.1035
4563 0.1519
4564 0.6978
4565 0.2371
4566 0.4284
4567 0.2332
4568 0.1218
4569 0.3173
4570 3.2796
4571 0.0563
4572 0.3956
4573 0.1139
4574 0.1370
4575 0.1351
4576 0.0944
4577 0.1465
4578 0.1252
4579 0.6653
4580 0.3825
4581 0.1447
4582 0.0795
4583 0.2872
4584 0.1771
4585 0.1775
4586 0.0910
4587 0.0880
4588 0.1905
4589 0.9563
4590 0.8510
4591 0.1926
4592 0.3170
4593 0.2175
4594 0.1068
4595 0.1568
4596 0.1596
4597 0.2097
4598 0.2146
4599 0.0806
4600 0.1268
4601 0.3145
4602 0.0865
4603 0.4086
4604 0.6304
4605 0.2443
4606 0.0992
4607 0.1108
4608 0.1447
4609 0.0974
4610 0.1849
4611 0.1236
4612 0.5550
4613 0.1094
4614 0.0813
4615 0.2475
4616 0.2408
4617 0.1788
4618 0.3678
4619 0.2220
4620 0.1032
4621 0.2264
4622 0.3269
4623 0.1582
4624 0.1313
4625 0.2071
4626 0.0570
4627 0.0943
4628 0.1260
4629 0.2185
4630 0.2822
4631 0.2324
4632 0.1972
4633 0.0997
4634 0.0655
4635 0.0804
4636 0.1281
4637 0.2979
4638 0.1013
4639 0.4231
4640 0.2071
4641 0.1035
4642 0.5047
4643 0.2228
4644 0.0944
4645 0.1137
4646 0.3039
4647 0.2152
4648 0.1283
4649 0.2026
4650 0.1060
4651 0.0822
4652 0.1484
4653 0.3664
4654 0.1636
4655 0.1087
4656 0.2657
4657 0.1333
4658 0.4022
4659 0.2239
4660 0.0828
4661 0.1478
4662 0.1206
4663 0.2060
4664 1.0413
4665 0.2399
4666 0.2987
4667 0.3376
4668 0.1312
4669 0.1457
4670 0.1350
4671 0.0904
4672 0.3008
4673 0.1253
4674 0.1130
4675 0.1286
4676 0.1827
4677 0.2088
4678 0.1771
4679 0.2714
4680 0.3982
4681 0.2352
4682 0.3520
4683 0.3323
4684 0.1141
4685 0.0879
4686 0.3105
4687 0.1207
4688 0.3746
4689 1.3349
4690 0.2162
4691 0.5507
4692 0.2349
4693 0.1043
4694 0.1514
4695 0.1714
4696 0.1254
4697 0.0864
4698 0.4356
4699 0.1060
4700 0.4040
4701 0.0986
4702 0.3102
4703 0.0820
4704 0.2873
4705 0.1369
4706 0.1916
4707 0.4059
4708 0.3427
4709 0.2362
4710 0.1123
4711 0.1252
4712 0.3325
4713 0.1033
4714 0.0712
4715 0.1168
4716 0.2204
4717 0.2182
4718 0.4126
4719 0.1095
4720 0.1388
4721 0.1725
4722 0.4002
4723 0.2249
4724 0.1516
4725 0.3054
4726 0.0687
4727 0.1416
4728 0.1615
4729 0.2275
4730 0.5353
4731 0.2961
4732 1.8400
4733 0.0900
4734 0.2123
4735 0.2195
4736 0.2869
4737 0.1217
4738 0.0851
4739 0.0760
4740 0.1048
4741 0.0840
4742 0.1900
4743 0.4885
4744 0.2188
4745 0.1053
4746 0.5631
4747 0.1517
4748 0.2080
4749 0.1609
4750 0.0981
4751 0.2462
4752 0.2874
4753 0.1821
4754 0.1372
4755 0.4140
4756 0.2544
4757 0.1424
4758 0.3886
4759 0.1922
4760 0.1246
4761 0.0846
4762 1.1785
4763 0.0865
4764 0.1085
4765 0.5557
4766 0.0735
4767 0.1015
4768 0.1519
4769 0.0841
4770 0.2128
4771 0.2719
4772 0.2309
4773 0.5029
4774 0.2446
4775 0.1732
4776 0.1453
4777 0.1846
4778 0.6891
4779 0.1608
4780 0.0960
4781 0.5213
4782 0.2549
4783 0.2230
4784 0.1758
4785 0.2348
4786 0.2006
4787 0.2736
4788 0.6830
4789 0.6916
4790 0.2158
4791 0.0859
4792 0.1078
4793 0.2170
4794 0.1164
4795 0.2602
4796 0.0668
4797 0.2413
4798 0.4134
4799 0.6780
4800 0.1126
4801 0.0949
4802 0.2305
4803 0.1594
4804 0.1049
4805 0.1656
4806 0.2482
4807 0.1671
4808 0.1471
4809 0.1121
4810 0.1673
4811 0.0631
4812 0.2169
4813 0.2811
4814 0.6474
4815 0.0820
4816 0.3704
4817 0.0827
4818 0.1335
4819 0.0875
4820 0.1285
4821 0.4403
4822 0.1360
4823 0.0750
4824 0.2116
4825 0.0874
4826 0.3151
4827 0.1230
4828 0.4205
4829 0.1143
4830 0.1103
4831 0.1200
4832 0.3378
4833 0.0932
4834 0.1760
4835 0.1370
4836 0.0877
4837 0.0805
4838 0.2497
4839 0.4518
4840 0.5488
4841 0.0777
4842 0.1184
4843 0.2870
4844 0.1486
4845 0.0816
4846 0.1109
4847 0.1179
4848 0.4394
4849 0.2554
4850 0.1544
4851 0.2434
4852 0.1484
4853 0.1554
4854 0.1714
4855 0.1146
4856 0.1593
4857 0.2770
4858 0.3266
4859 0.1319
4860 0.1973
4861 0.7342
4862 0.1133
4863 0.2477
4864 0.1953
4865 0.1856
4866 0.3063
4867 0.1437
4868 0.2580
4869 0.2565
4870 0.3282
4871 0.0922
4872 0.2385
4873 0.1194
4874 0.1657
4875 0.1915
4876 0.1962
4877 0.0899
4878 0.1010
4879 0.5101
4880 0.3813
4881 0.1197
4882 0.1066
4883 0.0825
4884 0.1559
4885 0.2999
4886 0.1129
4887 0.9878
4888 0.4081
4889 0.2376
4890 0.0654
4891 0.1928
4892 0.1302
4893 0.2231
4894 0.3072
4895 0.2964
4896 0.2134
4897 0.0722
4898 0.2280
4899 0.1246
4900 0.1521
4901 0.0666
4902 0.4340
4903 0.0720
4904 0.2247
4905 0.1032
4906 0.3333
4907 0.1743
4908 0.1490
4909 0.0937
4910 0.1838
4911 0.0615
4912 0.1622
4913 0.1988
4914 0.1932
4915 0.1417
4916 0.5296
4917 0.0744
4918 0.3590
4919 0.2279
4920 0.3968
4921 0.6025
4922 0.1905
4923 0.0898
4924 0.3199
4925 0.1221
4926 0.1691
4927 0.2189
4928 0.2029
4929 0.2419
4930 0.1739
4931 0.0932
4932 0.1584
4933 0.0656
4934 0.1179
4935 0.0816
4936 0.0952
4937 0.0966
4938 0.0942
4939 0.7240
4940 0.1707
4941 0.2356
4942 0.1608
4943 0.1679
4944 0.1960
4945 0.1302
4946 0.2338
4947 0.0957
4948 0.2831
4949 0.2243
4950 0.3363
4951 0.1226
4952 0.1985
4953 0.2110
4954 0.0980
4955 0.1858
4956 0.7787
4957 0.5370
4958 0.0688
4959 0.3556
4960 0.6541
4961 0.1216
4962 0.1164
4963 0.1646
4964 0.9751
4965 0.0625
4966 0.0777
4967 0.1344
4968 0.6438
4969 0.0805
4970 0.6787
4971 0.1748
4972 0.0705
4973 0.2539
4974 0.3381
4975 0.5943
4976 0.2363
4977 0.1464
4978 0.3569
4979 0.1942
4980 0.2328
4981 0.1405
4982 0.0631
4983 0.0848
4984 0.2076
4985 0.2300
4986 0.1030
4987 0.0827
4988 0.3560
4989 0.1073
4990 0.0758
4991 0.2619
4992 0.1039
4993 3.1448
4994 0.1528
4995 0.0667
4996 0.1128
4997 0.1760
4998 0.4090
4999 1.1741
5000 0.1848
