   1 0.2720
   2 0.3184
   3 0.8022
   4 0.5616
   5 0.6777
   6 0.6020
   7 14.3567
   8 40.5480
   9 0.2923
  10 19.8679
  11 11.7046
  12 3.5992
  13 12.8796
  14 0.2912
  15 0.4392
  16 25.3892
  17 8.7267
  18 1.8286
  19 0.4029
  20 1.8115
  21 18.5146
  22 0.4842
  23 1.7919
  24 0.4789
  25 47.7353
  26 4.3862
  27 4.6123
  28 0.3131
  29 5.1003
  30 21.2275
  31 2.6412
  32 26.8244
  33 31.7497
  34 4.2610
  35 0.1449
  36 4.9561
  37 0.3976
  38 0.1782
  39 0.0622
  40 7.6706
  41 14.2549
  42 0.1623
  43 12.0853
  44 1.2076
  45 0.3865
  46 19.2995
  47 11.4304
  48 0.2667
  49   NaN
  50 0.2189
  51 2.8737
  52 0.2473
  53 21.4723
  54 11.4145
  55 1.0315
  56 6.4496
  57 1.2876
  58 0.1097
  59 2.0121
  60 1.7482
  61 8.5127
  62 3.7322
  63 0.1794
  64 9.0039
  65 0.2850
  66 2.6062
  67 0.5541
  68 0.2274
  69 3.1493
  70 5.1456
  71 1.1786
  72 2.7021
  73 0.1701
  74 3.1411
  75 8.5012
  76 0.1270
  77 4.9802
  78 8.6889
  79 1.3942
  80 41.1568
  81 8.5961
  82 1.8476
  83 2.9210
  84 10.1985
  85 17.3741
  86 1.6281
  87 34.7793
  88 0.3612
  89 1.4022
  90 1.0313
  91 2.1535
  92 3.0261
  93 0.3136
  94 0.9275
  95 11.4991
  96 0.1662
  97 0.1449
  98 33.8995
  99 4.7161
 100 0.1308
 101 11.3945
 102 1.0347
 103 61.2082
 104 14.9304
 105 1.3686
 106 2.2706
 107 7.7962
 108 21.8520
 109 0.3017
 110 1.2107
 111 0.4516
 112   NaN
 113 1.4687
 114 3.3078
 115 0.5381
 116 0.9339
 117 4.0331
 118 41.5043
 119 6.3751
 120 2.6811
 121 2.5141
 122 0.4356
 123 0.0896
 124 1.2660
 125 2.0011
 126 5.0032
 127 14.2992
 128 0.3790
 129 3.0391
 130 9.1251
 131 1.3239
 132 9.2396
 133 3.2633
 134 8.8357
 135 8.4946
 136 0.2042
 137 3.1637
 138 6.3041
 139 3.8450
 140 0.3515
 141 0.5924
 142 0.8736
 143 0.4135
 144 2.6354
 145 1.9568
 146 1.3098
 147 0.2354
 148 6.7267
 149 4.6894
 150 1.1527
 151 0.2181
 152 3.3922
 153 31.1160
 154 0.1382
 155 20.0128
 156 54.9154
 157 0.3305
 158 0.4548
 159 42.4265
 160 7.7289
 161 0.5767
 162 0.2264
 163 0.7925
 164 3.1275
 165 0.6576
 166 0.1287
 167 20.1577
 168 13.7640
 169 0.1744
 170 15.6773
 171 2.3427
 172 3.3778
 173 0.6974
 174 0.3944
 175 0.1845
 176 10.5404
 177 10.3013
 178 0.7282
 179 0.3255
 180 0.8334
 181 0.8273
 182 1.0625
 183 0.6382
 184 2.3976
 185 13.2323
 186 48.1555
 187 1.7566
 188 0.1842
 189 0.7718
 190 0.5536
 191 3.9370
 192 23.3016
 193 27.9384
 194 0.8541
 195 1.5671
 196 7.0319
 197 1.2622
 198 28.4698
 199 6.7564
 200 29.3327
 201 1.1573
 202 2.3114
 203 4.9920
 204 14.5742
 205 24.8850
 206 10.8095
 207 0.4168
 208 6.5663
 209 7.6719
 210 0.1972
 211 0.4427
 212 7.2383
 213 4.4752
 214 1.9609
 215 15.4115
 216 29.9298
 217 2.3490
 218 1.4455
 219 8.4502
 220 2.6238
 221 1.0787
 222 0.5029
 223 2.2564
 224 6.5184
 225 13.1442
 226 4.6894
 227 23.7790
 228 0.1106
 229 0.9119
 230 0.2267
 231 21.4673
 232 0.0736
 233 28.3683
 234 0.3568
 235 0.1387
 236 6.8698
 237 6.3477
 238 2.4106
 239 13.0848
 240 5.5136
 241 25.4133
 242 1.6674
 243 0.4029
 244 5.9317
 245 9.2456
 246 20.9191
 247 13.0765
 248 1.2566
 249 18.2073
 250 0.3926
 251 10.7037
 252 2.2330
 253 0.2735
 254 0.6369
 255 6.8444
 256 2.6701
 257 11.8553
 258 24.6230
 259 16.2511
 260 0.9850
 261 6.2309
 262 22.1706
 263 3.2658
 264 11.5758
 265 10.2100
 266 12.0097
 267 3.4478
 268 1.5119
 269 0.5645
 270 5.4743
 271 0.4856
 272 9.6464
 273 55.6223
 274 19.1851
 275 0.4970
 276 1.2441
 277 3.0817
 278 17.0786
 279 0.9265
 280 0.5294
 281 10.0018
 282 2.1827
 283 0.2629
 284 20.4148
 285 1.1560
 286 5.8171
 287 1.9999
 288 3.1070
 289 2.9204
 290 0.0720
 291 18.2272
 292 17.3647
 293 0.1801
 294 21.0662
 295 0.1891
 296 3.3697
 297 0.3411
 298 0.9257
 299 0.5460
 300 0.1363
 301 0.5629
 302 4.0801
 303 18.9209
 304 0.4597
 305 10.0117
 306 2.7847
 307 0.3485
 308 28.4963
 309 9.3039
 310 0.6069
 311 7.4707
 312 1.9891
 313 6.9530
 314 2.1564
 315 17.8216
 316 0.1962
 317 36.1141
 318 5.0518
 319 3.2221
 320 6.2187
 321 5.7209
 322 2.3236
 323 16.4563
 324 14.9937
 325 12.9684
 326 0.3007
 327 7.4254
 328 1.5123
 329 15.3160
 330 0.1368
 331 17.1625
 332 1.2757
 333 15.1083
 334 0.3715
 335 11.7273
 336 0.4589
 337 2.9203
 338 16.2159
 339 10.4830
 340 3.0583
 341 10.6710
 342 0.2010
 343 0.1410
 344 58.2182
 345 4.3650
 346 17.0547
 347 0.3713
 348 3.3083
 349 4.4188
 350 27.8473
 351 12.1965
 352 0.9265
 353 0.9871
 354 10.0141
 355 7.8503
 356 62.9298
 357 15.0536
 358 3.7613
 359 12.0022
 360 0.6317
 361 28.1898
 362 0.9351
 363 0.5589
 364 0.3380
 365 3.2876
 366 0.1543
 367 10.3463
 368 0.3949
 369 21.4621
 370 0.1398
 371 4.8883
 372 14.5701
 373 1.6594
 374 0.1647
 375 9.0870
 376 30.7363
 377 17.9103
 378 1.3847
 379 0.2481
 380 0.1164
 381 8.1926
 382 0.6960
 383 3.9966
 384 19.4147
 385 9.3390
 386 1.6077
 387 31.7603
 388 1.3722
 389 7.0653
 390 7.5954
 391 0.1252
 392 0.1373
 393 9.4978
 394 40.6707
 395 3.6895
 396 2.0304
 397 16.8988
 398 2.6406
 399 5.3555
 400 4.3948
 401 1.7057
 402 21.8215
 403 10.9944
 404 0.2068
 405 0.2258
 406 16.2972
 407 0.7406
 408 25.5404
 409 1.6505
 410 0.5899
 411 0.6852
 412 1.7379
 413 11.3020
 414 2.8811
 415 2.7294
 416 12.8014
 417 0.1540
 418 6.1453
 419 1.1542
 420 0.3746
 421 18.7069
 422 2.2895
 423 12.1452
 424 0.7099
 425 6.7728
 426 0.4218
 427 20.0189
 428 5.5296
 429 5.2775
 430 10.1702
 431 0.2020
 432 0.2902
 433 9.4308
 434 26.2249
 435 2.2307
 436 46.6714
 437 1.4746
 438 1.4015
 439 0.2730
 440 1.0323
 441 3.9949
 442 0.4188
 443 0.0905
 444 0.0792
 445 21.2011
 446 6.3713
 447 4.2173
 448 11.2244
 449 1.4240
 450 2.3145
 451 0.3169
 452 2.3286
 453 11.9421
 454 0.4696
 455 39.9780
 456 0.5425
 457 0.4549
 458 1.0444
 459 3.3555
 460 1.3256
 461 0.6110
 462 0.3733
 463 21.9407
 464 0.2224
 465 2.6345
 466 0.4477
 467 0.3058
 468 14.4508
 469 2.4015
 470 14.1156
 471 0.8080
 472 2.8181
 473 9.4340
 474 0.7219
 475 0.2171
 476 0.7151
 477 0.8816
 478 1.8422
 479 12.1326
 480 0.5498
 481 15.6738
 482 1.1501
 483 13.2996
 484 0.4834
 485 3.8985
 486 0.3109
 487 3.3154
 488 0.1154
 489 1.3334
 490 0.7307
 491 0.3840
 492 8.4780
 493 2.5967
 494 9.0688
 495 0.3053
 496 30.2948
 497 27.4698
 498 25.0753
 499 4.4182
 500 0.2156
 501 6.3034
 502 0.8493
 503 1.4946
 504 0.9764
 505 1.5969
 506 6.7460
 507 0.3584
 508 0.7880
 509 0.4155
 510 5.7716
 511 0.0927
 512 2.8895
 513 0.2640
 514 0.2723
 515 11.6036
 516 0.2151
 517 17.3142
 518 10.7527
 519 2.5511
 520 1.4000
 521 13.9858
 522 0.2272
 523 0.4494
 524 1.7530
 525 0.3565
 526 44.0730
 527 1.8624
 528 2.1105
 529 24.1323
 530 0.0880
 531 3.6015
 532 3.6216
 533 1.3613
 534 1.3050
 535 2.2799
 536 2.0491
 537 0.9268
 538 6.7995
 539 0.8967
 540 18.5731
 541 0.3100
 542 5.4417
 543 0.1266
 544 7.4804
 545 3.1329
 546 8.8673
 547 8.8202
 548 2.1961
 549 0.3681
 550 0.2290
 551 10.0248
 552 1.3291
 553 0.1128
 554 0.3716
 555 0.0687
 556 3.4412
 557 25.7475
 558 1.0620
 559 10.6434
 560 11.3170
 561 0.2014
 562 1.6866
 563 1.0068
 564 14.5086
 565 0.6237
 566 14.0873
 567 5.3027
 568 24.5858
 569 1.5815
 570 0.7402
 571 4.4215
 572 4.2611
 573 12.0682
 574 0.0796
 575 0.8322
 576 19.9478
 577 6.0887
 578 1.0501
 579 2.7523
 580 0.7226
 581 7.5730
 582   NaN
 583 3.8369
 584 18.8803
 585 1.9552
 586 8.1292
 587 1.2187
 588 0.4555
 589 4.3837
 590 5.3353
 591 5.8594
 592 1.6542
 593 19.4095
 594 12.3485
 595 1.9314
 596 19.6401
 597 0.7725
 598 0.3009
 599 1.1034
 600 10.7451
 601 0.1465
 602 1.8370
 603 0.3869
 604 1.1536
 605 3.6790
 606 12.3176
 607 8.8992
 608 16.7413
 609 0.3247
 610 0.4783
 611 1.1884
 612 13.0477
 613 11.0655
 614 0.9443
 615 5.7588
 616 0.6053
 617 0.1430
 618   NaN
 619 23.3241
 620 1.3489
 621 29.6217
 622 0.8490
 623 0.1865
 624 1.5704
 625 15.7479
 626 40.6216
 627 25.5507
 628 2.2264
 629 20.7238
 630 0.0879
 631 0.4650
 632 14.7217
 633 0.1875
 634 9.8134
 635 0.1318
 636 1.8211
 637 17.6485
 638 0.8859
 639 0.2475
 640 23.7369
 641 0.3694
 642 1.3945
 643 0.6143
 644 8.0190
 645 13.9907
 646 1.7881
 647 43.5227
 648 7.0392
 649 0.0813
 650 0.6953
 651 9.9230
 652 17.7964
 653 17.2156
 654 9.1285
 655 10.3333
 656 0.2123
 657 4.0857
 658 0.3289
 659 19.0185
 660 1.4126
 661 17.6049
 662 0.6210
 663 2.3732
 664 0.8310
 665 0.4371
 666 4.8947
 667 10.8994
 668 17.5223
 669 12.1332
 670 14.8012
 671 6.5052
 672 1.0574
 673 46.9266
 674 1.4817
 675 8.9347
 676 7.7312
 677 10.9307
 678 13.5099
 679 6.3192
 680 0.6040
 681 0.7062
 682 0.5374
 683 1.2250
 684 2.2383
 685 5.0401
 686 9.3020
 687 2.0046
 688 14.4483
 689 0.2077
 690 7.5783
 691 0.1207
 692 0.3774
 693 6.4781
 694 4.6892
 695 52.9514
 696 10.5985
 697 0.0696
 698 3.7138
 699 0.4172
 700 13.0970
 701 1.0003
 702 1.1397
 703 1.5276
 704 3.3631
 705 5.1685
 706 0.7023
 707 3.3105
 708 3.0293
 709 1.2145
 710 11.4915
 711 0.2709
 712 10.9642
 713 7.8102
 714 3.1222
 715 0.2871
 716 11.0243
 717 0.1415
 718 2.4423
 719 0.4295
 720 1.6483
 721 5.1752
 722 9.4107
 723 0.8008
 724 0.3031
 725 0.6483
 726 3.3064
 727 12.9474
 728 2.5188
 729 4.9754
 730 0.7556
 731 13.4229
 732 10.7626
 733 0.6731
 734 0.6922
 735 0.8011
 736 37.4379
 737 0.8492
 738 5.4293
 739 1.1393
 740 8.3004
 741 1.6281
 742 5.5501
 743 0.8460
 744 2.5671
 745 6.1567
 746 0.2316
 747 0.5565
 748 1.7338
 749 14.4077
 750 3.0264
 751 7.1428
 752   NaN
 753 15.9321
 754 36.1657
 755 0.1732
 756 49.4462
 757 4.5719
 758 1.4437
 759 7.0357
 760 5.5578
 761 4.6979
 762 0.9220
 763 0.9688
 764 0.6905
 765 0.9189
 766 15.1358
 767 0.6377
 768 0.2599
 769 4.1659
 770 0.7434
 771 0.6619
 772 6.0785
 773 5.1338
 774 10.1731
 775 22.8058
 776 2.3564
 777 38.1243
 778 2.6878
 779 22.0498
 780 39.0450
 781 0.7621
 782 0.8897
 783 3.9348
 784 5.3997
 785 3.7506
 786 7.6388
 787 9.8911
 788 3.0325
 789 1.4663
 790 2.7205
 791 0.8198
 792 2.4982
 793 0.1617
 794 9.3134
 795 0.2371
 796 0.4029
 797 0.2954
 798 6.6870
 799 2.7154
 800 1.6415
 801 36.3184
 802 6.4243
 803 17.1471
 804 7.6741
 805 0.1405
 806 0.3190
 807 0.2498
 808 25.4150
 809 0.1586
 810 8.4175
 811 19.8635
 812 8.4327
 813 2.6161
 814 10.8948
 815 1.6147
 816   NaN
 817 0.8412
 818 0.1076
 819 0.3842
 820 5.9223
 821   NaN
 822 11.1868
 823 0.3657
 824 0.0886
 825 7.1674
 826 34.5479
 827 0.3830
 828 0.7000
 829 1.8077
 830 1.1276
 831 7.4742
 832 0.6630
 833 0.9142
 834 14.8475
 835 0.8440
 836 0.5978
 837 1.8954
 838 0.3949
 839 24.9239
 840 0.6109
 841 36.5258
 842 29.4490
 843 0.6174
 844 0.2651
 845   NaN
 846 5.6647
 847 5.5446
 848 2.6297
 849 13.7824
 850 0.8111
 851 23.0074
 852 1.1072
 853 13.3609
 854 0.5813
 855 0.6014
 856 18.6543
 857 0.5528
 858 0.3463
 859 6.9978
 860 18.9199
 861 1.6093
 862 0.4935
 863 39.3991
 864 0.1186
 865 13.1443
 866 0.1018
 867 14.6815
 868 1.0456
 869 0.4753
 870 0.9742
 871 1.6693
 872 0.8204
 873 35.1479
 874 2.7784
 875 8.8012
 876 7.0676
 877 0.7213
 878 1.8356
 879 1.0499
 880 2.7809
 881 11.6345
 882 15.5537
 883 0.3807
 884 2.9327
 885 17.2087
 886 0.5460
 887 14.7959
 888 3.1228
 889 30.5106
 890 1.7042
 891 0.8348
 892 0.7409
 893 1.2450
 894 0.6803
 895 0.2650
 896 6.8656
 897 2.9301
 898 0.1052
 899 0.6847
 900 3.6375
 901 0.1374
 902 1.9968
 903 28.7546
 904 16.8690
 905 1.1701
 906 6.4300
 907 2.5584
 908 22.2712
 909 21.7375
 910 0.9481
 911 2.5699
 912 5.7198
 913 1.0057
 914 14.2574
 915 2.7370
 916 0.5453
 917 0.1014
 918 23.5425
 919 8.1506
 920 0.4769
 921 1.2381
 922 0.4452
 923 6.4349
 924 0.2273
 925 16.8420
 926 34.5961
 927 0.1877
 928 5.3551
 929 2.4657
 930 4.8849
 931 5.9126
 932 41.5694
 933 0.2156
 934 0.0869
 935 0.1917
 936 17.1142
 937 25.1313
 938 2.8179
 939 0.4937
 940 0.6841
 941 10.0797
 942 2.1246
 943 13.0395
 944 4.9613
 945 1.1514
 946 29.4360
 947 4.0363
 948 27.2141
 949 2.7819
 950 0.4089
 951 40.7159
 952 1.0300
 953 10.0247
 954 11.9173
 955 0.6240
 956 0.4844
 957 0.1906
 958 7.9885
 959 1.9527
 960 42.1753
 961 0.5250
 962 0.2470
 963 0.5046
 964 1.7368
 965 23.2684
 966 5.1656
 967 9.5970
 968 26.0176
 969 9.4625
 970 4.0716
 971 1.3895
 972 1.2250
 973 0.6478
 974 25.1449
 975 3.8585
 976 27.0942
 977 0.1440
 978 23.1313
 979 4.6476
 980 4.3369
 981 1.6271
 982 20.1249
 983 9.4822
 984 2.8934
 985 54.0799
 986 35.9434
 987 6.1500
 988 0.2701
 989 4.8677
 990 22.8227
 991 0.4140
 992 1.7084
 993 1.4825
 994 8.2169
 995 2.7393
 996 2.1171
 997 4.6768
 998 4.2734
 999 10.0547
1000 1.4835
1001 3.4491
1002 0.1058
1003 6.1453
1004 25.5140
1005 31.8512
1006 0.6168
1007 5.9571
1008 0.1299
1009 25.9550
1010 6.9012
1011 13.8891
1012 11.4789
1013 0.7889
1014 0.2811
1015 3.7455
1016 11.5255
1017 0.7618
1018 3.3583
1019 0.6718
1020 0.2386
1021 12.5644
1022 7.1381
1023 9.5670
1024 29.5181
1025 5.4458
1026 28.2922
1027 0.3644
1028 0.4526
1029 7.4925
1030 12.1503
1031 10.0597
1032 0.2822
1033 0.4284
1034 7.5327
1035 2.5146
1036 7.6092
1037 1.2595
1038 3.6590
1039 0.9078
1040 0.4622
1041 3.4799
1042 0.4580
1043 14.4898
1044 5.2008
1045 1.6276
1046 47.2403
1047 0.1707
1048 3.0583
1049 3.1271
1050 32.4809
1051 0.2345
1052 4.3917
1053 0.2549
1054 0.1483
1055 0.3282
1056 4.7175
1057 5.8118
1058 10.9743
1059 2.2115
1060 2.4393
1061 34.0346
1062 0.2050
1063 31.5527
1064 1.2722
1065 0.7440
1066 10.1201
1067 15.7462
1068 0.1752
1069 6.5286
1070 6.0815
1071 0.7649
1072 4.5290
1073 1.4025
1074 5.0245
1075 2.2768
1076 12.8151
1077 0.4586
1078 1.4548
1079 12.7676
1080 0.7038
1081 7.1004
1082 0.2069
1083 2.6905
1084 1.9472
1085 5.9647
1086 5.3303
1087 7.1081
1088 3.2785
1089 1.8913
1090 2.9005
1091 5.5681
1092 2.8854
1093 0.3325
1094 3.0235
1095 0.0980
1096 3.0920
1097 4.4009
1098 1.6365
1099 16.3664
1100 0.6483
1101 18.6821
1102 6.1730
1103 1.5422
1104 3.6403
1105 18.9416
1106 3.4933
1107 2.0075
1108 0.7037
1109 8.9730
1110 0.6635
1111 0.3051
1112 3.3053
1113 7.4490
1114 1.4198
1115 0.5813
1116 0.3885
1117   NaN
1118 3.0166
1119 7.9398
1120 5.0509
1121 5.1303
1122 49.8665
1123 0.4128
1124 0.2525
1125 5.6156
1126 0.7185
1127 4.0982
1128 0.1443
1129 0.1890
1130 0.1654
1131 3.8948
1132 13.9311
1133 31.7255
1134 0.2588
1135 9.5247
1136 21.0473
1137 1.4287
1138 1.2008
1139 2.4554
1140 0.3404
1141 0.8754
1142 0.1161
1143 12.8972
1144 20.1301
1145 0.2038
1146 0.1495
1147 0.6588
1148 3.2123
1149 2.6097
1150 3.7504
1151 8.5624
1152 1.8973
1153 6.2154
1154 0.2091
1155 0.5279
1156 0.1771
1157 8.2637
1158 0.1199
1159 6.9914
1160 2.8069
1161 0.2533
1162 0.3639
1163 3.5161
1164 0.2892
1165 0.0786
1166 6.3427
1167 0.2692
1168 0.3542
1169 11.3347
1170 5.2354
1171 11.4705
1172 0.0781
1173 0.4289
1174 0.1727
1175 0.6822
1176 18.9608
1177 17.1525
1178 0.1892
1179 0.4663
1180 0.8897
1181 8.6271
1182 17.0693
1183 0.9563
1184 4.4552
1185 9.7330
1186 43.1510
1187 33.7093
1188 1.3522
1189 1.7214
1190 21.1322
1191 9.2517
1192 1.9433
1193 1.2008
1194 13.7598
1195 0.2049
1196 3.5586
1197 1.6815
1198 0.2218
1199 13.0265
1200 0.2906
1201 0.8158
1202 0.7878
1203 5.6678
1204 14.3134
1205 9.0636
1206 29.0886
1207 4.9594
1208 0.9824
1209 2.7423
1210 6.7994
1211 0.5278
1212 3.8790
1213 0.4594
1214 0.1522
1215 0.4377
1216 1.8120
1217 15.8366
1218 9.7350
1219 4.4603
1220 2.7637
1221 6.2912
1222 6.2255
1223 0.9148
1224 19.1879
1225 1.8276
1226 2.7264
1227 7.8717
1228 0.0960
1229 1.5860
1230 2.4593
1231 0.3989
1232 0.8705
1233 2.0374
1234 46.3934
1235 2.2728
1236 2.4848
1237 0.4021
1238 1.4279
1239 3.3703
1240 0.9624
1241 5.5512
1242 0.1446
1243 2.1005
1244 1.4412
1245 0.3195
1246 6.1773
1247 8.9439
1248 3.4569
1249 3.0591
1250 0.8099
1251 9.3927
1252 3.6168
1253 11.1472
1254 0.2904
1255 0.2433
1256 4.0947
1257 7.9135
1258 7.6311
1259 2.6949
1260 21.2382
1261 4.3631
1262 23.3747
1263 0.0843
1264 2.7013
1265 13.5675
1266 3.3419
1267 10.6235
1268 0.1422
1269 24.6812
1270 19.8502
1271 4.3687
1272 1.0304
1273 1.5334
1274 0.8040
1275 0.1909
1276 13.6768
1277 24.1492
1278 8.3901
1279 20.1463
1280 1.2168
1281 7.9516
1282 0.1514
1283 0.2244
1284 5.3408
1285 37.5696
1286 0.4231
1287 0.9467
1288 2.6962
1289 3.3993
1290 2.8156
1291 22.8034
1292 0.5001
1293 3.4342
1294 5.9114
1295 19.6204
1296 1.6760
1297 2.2169
1298 0.5492
1299 14.2998
1300 31.6038
1301 4.6925
1302 0.3993
1303 8.2961
1304 2.9288
1305 2.0571
1306 5.9146
1307 2.1385
1308 0.1981
1309 12.6020
1310 3.4163
1311 4.8280
1312 0.2982
1313 0.7369
1314 1.4390
1315 6.6892
1316 25.1071
1317 23.8999
1318 0.1398
1319 14.5925
1320 1.9246
1321 5.4833
1322 22.8020
1323 0.1138
1324 0.6495
1325 2.0687
1326 0.5217
1327 0.7715
1328 1.8310
1329 1.3518
1330 2.0251
1331 6.8726
1332 24.0020
1333 2.6073
1334 0.7510
1335   NaN
1336 9.2113
1337 14.5380
1338 0.3674
1339 6.9289
1340 0.5638
1341 0.2020
1342 0.2691
1343 2.0830
1344 23.6734
1345 2.1446
1346 0.1087
1347 28.4305
1348 0.7380
1349 19.9160
1350 0.6948
1351 1.8801
1352 31.1751
1353 16.9932
1354 2.7630
1355 28.1191
1356 45.9929
1357 2.6181
1358 2.3020
1359 7.6591
1360 10.8094
1361 10.1101
1362 29.7940
1363 11.6515
1364 4.1979
1365 3.2499
1366 1.1918
1367 19.1629
1368 0.9163
1369 5.7651
1370 4.4301
1371 12.9230
1372 13.4765
1373 0.1683
1374 0.3225
1375 0.2117
1376 1.3841
1377 16.7002
1378 0.4759
1379 2.6440
1380 17.6030
1381 0.1336
1382 0.2643
1383 0.2008
1384 0.2108
1385 1.7894
1386 7.5126
1387 4.2319
1388 2.2335
1389 5.4718
1390 27.1351
1391 0.1828
1392 6.3495
1393 11.7922
1394 3.0859
1395 0.1875
1396 4.6969
1397 0.1925
1398 0.1740
1399 0.1314
1400 6.9275
1401 1.3448
1402 19.4881
1403 0.5226
1404 30.3486
1405 14.3516
1406 0.1617
1407 25.7120
1408 19.3203
1409 4.2709
1410 43.0163
1411 11.8087
1412 0.4383
1413 19.7155
1414 0.3089
1415 0.1446
1416 8.2624
1417 0.5177
1418 1.3297
1419 0.4731
1420 2.2333
1421 0.4220
1422 2.3520
1423 22.3958
1424 0.5953
1425 0.4493
1426 0.4716
1427 0.1705
1428 10.5257
1429 0.5440
1430 0.1796
1431 32.4156
1432 13.3878
1433 0.0893
1434 1.1314
1435 0.3675
1436 4.8587
1437 21.7189
1438 16.1470
1439 0.3019
1440 0.2567
1441 28.1994
1442 26.4656
1443 0.5639
1444 1.7317
1445 3.5514
1446   NaN
1447 8.0647
1448 2.1157
1449 11.1403
1450 0.5792
1451 0.2178
1452 0.6445
1453 10.8018
1454 0.1036
1455 0.2816
1456 0.4046
1457 2.8812
1458 18.0667
1459 8.3345
1460 0.6279
1461 9.6926
1462 5.7506
1463 0.2071
1464 5.1139
1465 1.8296
1466 0.1591
1467 0.9880
1468   NaN
1469 0.4417
1470 2.0439
1471 3.4698
1472 0.1321
1473 2.6774
1474 0.1692
1475 2.5765
1476 10.6969
1477 0.5045
1478 3.7217
1479 7.0774
1480 18.1550
1481 1.3609
1482 4.4560
1483 19.0543
1484 7.6334
1485 13.7207
1486 1.9194
1487 0.3470
1488 8.9826
1489 12.4403
1490 2.6427
1491 6.5051
1492 6.8746
1493 0.6178
1494 6.4876
1495 0.5127
1496 0.4898
1497 16.0516
1498 0.5168
1499 7.7378
1500 1.2939
1501 4.7927
1502 0.7163
1503 1.5508
1504 44.9992
1505 31.0297
1506 0.3104
1507 1.7438
1508 0.1124
1509 6.3180
1510 12.4259
1511 36.5925
1512 2.2051
1513 1.3880
1514 0.3831
1515 9.3732
1516 2.4757
1517 0.1372
1518 18.9285
1519 7.8078
1520 17.6159
1521 3.7589
1522 2.8793
1523 3.1674
1524 0.2233
1525 0.4411
1526 8.4471
1527 1.8635
1528 0.3823
1529 0.3497
1530 0.4244
1531 23.1329
1532 1.7778
1533 0.1006
1534 0.7680
1535 1.6454
1536 0.8639
1537 0.3739
1538 3.8469
1539 1.6203
1540 0.1785
1541 0.1666
1542 0.3135
1543 16.7672
1544 3.9442
1545 9.8586
1546 28.1742
1547 0.2863
1548 4.9223
1549 0.8562
1550 2.1994
1551 0.6370
1552 0.4118
1553 0.5505
1554 0.4468
1555 0.0901
1556 0.4052
1557 0.7076
1558 18.8072
1559 1.0451
1560 4.5855
1561 0.6848
1562 0.1586
1563 13.0005
1564 4.8905
1565 1.0988
1566 0.5398
1567 5.1327
1568 6.1227
1569 5.2952
1570 4.1687
1571 30.8733
1572 0.6828
1573 24.7407
1574 1.3924
1575 1.9166
1576 16.4783
1577 0.9301
1578 11.9606
1579 11.0560
1580 14.1146
1581 0.2220
1582 0.9005
1583 26.4086
1584 1.2398
1585 16.4034
1586 12.1450
1587 3.9640
1588 0.2988
1589 0.7909
1590 7.3152
1591 3.8055
1592 13.4431
1593 6.0015
1594 8.1017
1595 0.3362
1596 1.2616
1597 0.3712
1598 17.4014
1599 3.7513
1600 2.9057
1601 0.2902
1602 2.4544
1603 7.1754
1604 2.8044
1605 17.2160
1606 19.5189
1607 0.4161
1608 5.9205
1609 4.8237
1610 0.4154
1611 7.3631
1612 1.9725
1613 31.2194
1614 0.3974
1615 2.5825
1616 20.1692
1617 2.8644
1618 1.2263
1619 11.0545
1620 0.6386
1621 0.2852
1622 9.6329
1623 5.1600
1624 0.5116
1625 79.9409
1626 6.4453
1627 3.4793
1628 7.8342
1629 1.1371
1630 1.2977
1631 1.4849
1632 3.6505
1633 8.4262
1634 9.1554
1635 0.7216
1636 15.6565
1637 7.6851
1638 1.2403
1639 0.1890
1640 10.3610
1641 14.7912
1642 0.4745
1643 17.2071
1644 33.5942
1645 17.7219
1646 8.7268
1647 13.8744
1648 9.4760
1649 0.9452
1650 0.5431
1651 0.9845
1652 0.1505
1653 1.3777
1654 5.3321
1655 0.2594
1656 0.5229
1657 6.5754
1658 7.6207
1659 0.2319
1660 6.8417
1661 0.2120
1662 1.3432
1663 1.7863
1664 11.0223
1665 20.8664
1666 0.3676
1667 3.3397
1668 9.3871
1669 38.6282
1670 2.1745
1671 4.9270
1672 0.2507
1673 0.3389
1674 0.6039
1675 2.9086
1676 0.5113
1677 9.5431
1678 0.1458
1679 1.9056
1680 34.5840
1681 22.2534
1682 3.3877
1683 0.6625
1684 1.3340
1685 7.2183
1686 0.1434
1687 24.5471
1688 1.3216
1689 13.5940
1690 0.8968
1691 7.2848
1692 0.7209
1693 9.7566
1694 5.0714
1695 3.7617
1696 1.1323
1697 6.3984
1698 1.6588
1699 2.0763
1700 5.8267
1701 38.5001
1702 18.7321
1703 0.3744
1704 1.6492
1705 6.0441
1706 0.3709
1707 3.8701
1708 6.0996
1709 1.1873
1710 6.8243
1711 1.0885
1712 7.0700
1713 0.4941
1714 8.1485
1715 3.4909
1716 33.3857
1717 1.0099
1718 23.3496
1719 22.5669
1720 4.3277
1721 9.7328
1722 10.7549
1723 12.4647
1724   NaN
1725 9.7061
1726 29.0788
1727 40.6280
1728 0.8055
1729 0.8400
1730 1.0295
1731 0.2315
1732 5.1231
1733 0.5413
1734 23.4066
1735 0.3913
1736 1.9302
1737 1.2821
1738 3.2558
1739 10.6928
1740 3.4285
1741 3.7132
1742 38.2979
1743 1.6305
1744 2.5188
1745 11.9641
1746 2.0685
1747 8.0562
1748 32.4171
1749 4.2165
1750 0.7000
1751 5.7327
1752 1.0594
1753 14.4038
1754 0.9088
1755 0.8187
1756 0.1524
1757 23.7015
1758 15.6710
1759 2.9288
1760 2.2612
1761 2.0938
1762 0.8364
1763 0.3318
1764 0.4631
1765 11.0960
1766 66.0351
1767 3.6366
1768 10.8627
1769 5.6839
1770 35.4465
1771 0.3183
1772 0.8269
1773 27.9586
1774 9.4823
1775 1.2572
1776 0.7909
1777 1.9772
1778 1.1502
1779 19.5965
1780 0.3712
1781 0.1457
1782 10.8102
1783 24.5833
1784 3.6793
1785 1.8758
1786 3.7762
1787 15.1734
1788 0.2575
1789 8.8904
1790 39.2355
1791 6.6648
1792 27.1082
1793 6.4605
1794 1.2419
1795 3.3523
1796 4.4501
1797 1.5091
1798 2.4219
1799 0.7024
1800 0.7371
1801 1.5807
1802 0.6475
1803 9.5500
1804 8.3775
1805 1.6170
1806 15.0960
1807 7.9293
1808 0.6810
1809 0.4739
1810 2.1475
1811 1.6010
1812 1.2773
1813 1.9094
1814 6.2285
1815 13.7075
1816 3.3207
1817 0.7536
1818 4.7215
1819 8.7469
1820 7.9027
1821 0.7748
1822 8.7363
1823 13.6390
1824 0.1228
1825 1.1200
1826 2.9549
1827 1.2558
1828 5.2910
1829 24.5046
1830 9.9107
1831 20.1470
1832 4.3332
1833 0.2290
1834 1.1001
1835 8.2935
1836 1.6212
1837 0.5727
1838 0.5755
1839 0.3899
1840 8.6378
1841 1.7486
1842 0.1379
1843 7.5463
1844 12.1969
1845 22.2904
1846 4.4549
1847 18.9565
1848 0.7250
1849 6.2132
1850 4.1057
1851 25.3941
1852 15.7074
1853 0.5252
1854 1.9851
1855 19.5822
1856 7.7016
1857 0.6169
1858 0.2297
1859 0.7763
1860 0.1067
1861 7.9388
1862 22.9286
1863 4.0425
1864 3.6032
1865 11.1317
1866 10.6446
1867 5.7060
1868 10.4499
1869 3.0501
1870 0.9915
1871 1.9763
1872 2.9949
1873 1.8237
1874 16.2696
1875 13.5105
1876 7.0480
1877 36.8032
1878 16.8419
1879 51.0296
1880 22.4113
1881 0.5159
1882 0.1653
1883 0.6091
1884 1.0005
1885 0.1990
1886 49.7531
1887 0.0893
1888 2.9779
1889 0.4152
1890 0.8339
1891 2.0277
1892 0.1447
1893 12.1541
1894 12.8106
1895 0.2498
1896 35.4525
1897 19.7758
1898 6.5246
1899 0.8394
1900 0.6796
1901 0.0721
1902 2.8025
1903 18.5177
1904 3.7314
1905 5.3545
1906 2.2513
1907 1.8793
1908 0.4902
1909 2.5807
1910 22.1556
1911 12.5941
1912 27.7673
1913 0.4848
1914 34.0168
1915 1.7190
1916 4.6722
1917 0.6992
1918 7.4473
1919 2.7325
1920 0.5974
1921 4.5020
1922 22.1181
1923 0.8610
1924 1.8069
1925 7.7009
1926 17.2081
1927 0.2666
1928 9.5977
1929 3.3069
1930 1.5491
1931 0.2908
1932 2.4955
1933 12.9307
1934 1.8958
1935 0.5844
1936 5.2054
1937 0.2554
1938 0.7089
1939 13.6247
1940 1.4951
1941 0.3657
1942 2.8500
1943 1.4233
1944   NaN
1945 23.4857
1946 4.5630
1947 39.9020
1948 5.8086
1949 1.0297
1950 6.7457
1951 3.9099
1952 0.5052
1953 0.2572
1954 2.5982
1955 6.7805
1956 2.0480
1957 0.6073
1958 0.1665
1959 0.4474
1960 1.0594
1961 0.4552
1962 1.4201
1963 6.7215
1964 0.7307
1965 10.9561
1966 2.2944
1967 1.8006
1968 11.9052
1969 14.5807
1970 3.2792
1971 1.6334
1972 2.5334
1973 2.7608
1974 10.4351
1975 11.6981
1976 1.0231
1977 1.8204
1978 8.3782
1979 3.4349
1980 6.6736
1981 9.8563
1982 0.2490
1983 5.2264
1984 0.9113
1985 0.4752
1986 25.7691
1987 0.2523
1988 4.1524
1989 6.1677
1990 20.3155
1991 1.1439
1992 0.3367
1993 13.7343
1994 12.9954
1995 43.8087
1996 0.1937
1997 18.1162
1998 1.2908
1999 2.6286
2000 0.4149
2001 4.1553
2002 5.7650
2003 3.8635
2004 0.3648
2005 2.1655
2006 23.8752
2007 0.2875
2008 1.0562
2009 0.4007
2010 6.2517
2011 15.2336
2012 0.5422
2013 2.4085
2014 1.3558
2015 28.7138
2016 1.0931
2017 0.7641
2018 7.9956
2019 58.7692
2020 0.1451
2021 11.7045
2022 15.1071
2023 9.9358
2024 32.8789
2025 11.0785
2026 26.1766
2027 26.2855
2028 1.3065
2029 0.6356
2030 0.9773
2031 0.4418
2032 5.5392
2033 10.8822
2034 2.0840
2035 3.3535
2036 16.5654
2037 0.5493
2038 4.2811
2039 0.4223
2040 1.9603
2041 2.0253
2042 2.0577
2043 2.3439
2044 2.0374
2045 1.1673
2046 1.7847
2047 0.2419
2048 2.4426
2049 2.9745
2050 10.7943
2051 0.3752
2052 0.2782
2053 26.0034
2054 22.9125
2055 0.1621
2056 1.4847
2057 6.8421
2058 0.2917
2059 0.9167
2060 2.7676
2061 0.7084
2062 2.6997
2063 1.4673
2064 0.3863
2065 0.1799
2066 1.2594
2067 0.2361
2068 0.3873
2069 0.1633
2070 1.2797
2071 0.0942
2072 0.3205
2073 0.2653
2074 0.2287
2075 12.4398
2076 4.6648
2077 1.2404
2078 8.8740
2079 0.7017
2080 20.5147
2081 3.1782
2082 0.1876
2083 1.9892
2084 0.7668
2085 4.2204
2086 16.0264
2087 8.4519
2088 0.2510
2089 9.5097
2090 7.8178
2091 3.8157
2092 18.1559
2093 14.2679
2094 4.5449
2095 40.4234
2096 0.3510
2097 9.6478
2098 9.2528
2099 0.2699
2100 10.4892
2101 20.7556
2102 12.8140
2103 5.0200
2104 4.7545
2105 0.2552
2106 11.3141
2107 3.5096
2108 1.0670
2109 0.9812
2110 0.9885
2111 1.2853
2112 1.9028
2113 6.0639
2114 1.1968
2115 1.3766
2116 0.2854
2117 1.7897
2118 0.2144
2119 20.2061
2120 0.2066
2121 0.2920
2122 9.6492
2123 21.0918
2124 5.0838
2125 16.1306
2126 3.6505
2127 0.2811
2128 0.5335
2129 0.7616
2130 37.5121
2131 6.1936
2132 0.6168
2133 2.0755
2134 6.9029
2135 0.7013
2136 0.9801
2137 5.7707
2138 1.2944
2139 13.1520
2140 0.1132
2141 3.5433
2142 8.6629
2143 4.2496
2144 11.5443
2145 34.4146
2146 26.4735
2147 2.3827
2148 0.3458
2149 9.6251
2150 30.4117
2151 1.8298
2152 0.5849
2153 0.7132
2154 0.3965
2155 0.4217
2156   NaN
2157 4.1674
2158 9.7626
2159 7.2462
2160 5.6332
2161 3.9462
2162 2.8020
2163 10.9690
2164 6.6505
2165 0.4543
2166 9.2773
2167 6.3290
2168 1.1514
2169 0.0865
2170 3.3027
2171 3.1514
2172 3.9795
2173 0.5258
2174 8.7462
2175 10.3943
2176 0.7917
2177 5.3747
2178 6.2098
2179 7.9276
2180 11.6213
2181 1.6985
2182 4.2711
2183 0.5224
2184 4.9349
2185 18.9344
2186 7.0744
2187 0.8481
2188 2.1822
2189 36.2895
2190 4.7773
2191 0.3593
2192 7.1841
2193 2.6028
2194 1.7354
2195 45.6679
2196 0.7667
2197 6.8194
2198 3.0380
2199 0.1618
2200 3.4927
2201 5.0463
2202 9.2405
2203 3.0713
2204 0.2520
2205 5.7151
2206 11.2671
2207 0.0764
2208 0.2456
2209 7.9569
2210 13.9123
2211 3.5008
2212 29.0936
2213 6.9398
2214 0.7067
2215 0.3513
2216 4.0686
2217 31.6779
2218 0.1436
2219 12.5180
2220 11.4410
2221 4.3710
2222 0.2485
2223 1.0831
2224 3.3830
2225 10.5293
2226 1.0594
2227 5.7149
2228 1.0194
2229 0.5528
2230 36.2511
2231 0.2760
2232 1.0663
2233 3.3676
2234 6.7005
2235 23.7416
2236 36.5195
2237 0.8241
2238 1.0415
2239 0.6536
2240 6.0057
2241 2.1288
2242 25.4968
2243 0.6360
2244 10.9709
2245 0.1739
2246 28.0146
2247 0.9607
2248 18.3591
2249   NaN
2250 16.6873
2251 20.5186
2252 0.5243
2253 46.1502
2254 0.8427
2255 46.1411
2256 40.1382
2257 0.4172
2258 0.1534
2259 9.4360
2260 1.4576
2261 1.6362
2262 5.7037
2263 3.2031
2264 0.3830
2265 1.3074
2266 8.7060
2267 22.2346
2268 0.9561
2269 0.6357
2270 35.0962
2271 0.2467
2272 12.3149
2273 17.7477
2274 40.4856
2275 17.2007
2276 0.4835
2277 8.5282
2278 7.4578
2279 5.9369
2280 0.1897
2281 0.3073
2282 0.1274
2283 0.0905
2284 0.2053
2285 1.2730
2286 8.3246
2287 28.8075
2288 24.1968
2289 0.5288
2290 0.7371
2291 3.6030
2292 1.2548
2293 2.5394
2294 0.8807
2295 0.7011
2296 0.0912
2297 20.4170
2298 0.2841
2299 3.9117
2300 0.1810
2301 2.3134
2302 2.6816
2303 14.3001
2304 1.3142
2305 0.3137
2306 0.1139
2307 1.9124
2308 0.4226
2309 0.2855
2310 5.2258
2311 4.0772
2312 3.3505
2313 10.3943
2314 0.2121
2315 4.9167
2316 3.7716
2317 4.4110
2318 0.7695
2319 1.1090
2320 4.5693
2321 0.7269
2322 0.1910
2323 2.8144
2324 2.7921
2325 0.6806
2326 2.9630
2327 0.3835
2328 0.4141
2329 54.8030
2330 0.1313
2331 0.4404
2332 0.1430
2333 12.2272
2334 1.1950
2335 28.4467
2336 7.8153
2337 6.7127
2338 0.2343
2339 0.3807
2340 6.8440
2341 33.6515
2342 10.1925
2343 9.7625
2344 0.1309
2345 29.6044
2346 7.4128
2347 5.0518
2348 45.6516
2349 5.9986
2350 3.7442
2351 0.8435
2352 5.0308
2353 0.1034
2354 0.3620
2355 0.1338
2356 12.6059
2357 0.2549
2358 4.4524
2359 0.8457
2360 3.1736
2361 18.5326
2362 7.4164
2363 0.8415
2364 1.7376
2365 4.0370
2366 1.7315
2367 5.6055
2368 46.4598
2369 4.5556
2370 1.0692
2371 1.6953
2372 2.2893
2373 24.1189
2374 2.3254
2375 0.6297
2376 4.1769
2377 0.4633
2378 24.0608
2379 0.9546
2380 0.2345
2381 0.2450
2382 0.2001
2383 2.4869
2384 5.0956
2385 4.8912
2386 0.9038
2387 27.6941
2388 5.4477
2389 9.1269
2390 9.0842
2391 5.7392
2392 7.6346
2393 12.6601
2394 0.3041
2395 3.1886
2396 0.3760
2397 3.2958
2398 0.7921
2399 9.8413
2400 1.1192
2401 0.3406
2402 3.8550
2403 4.6078
2404 0.5318
2405 9.0538
2406 2.4780
2407 0.1505
2408 0.1374
2409 5.5891
2410 5.8717
2411 11.4106
2412 5.4020
2413 8.6706
2414 7.3180
2415 0.3340
2416 0.5392
2417 0.1435
2418 0.6097
2419 0.2381
2420 1.1945
2421 2.3315
2422 7.0492
2423 2.1200
2424 0.8983
2425 2.5717
2426 0.7287
2427 37.1172
2428 0.9425
2429 0.2440
2430 27.4952
2431 1.7023
2432 2.0015
2433 0.4486
2434 0.5755
2435 5.1472
2436 39.3152
2437 4.2915
2438 0.8480
2439 1.2561
2440 0.5175
2441 3.9804
2442 4.4593
2443 0.1893
2444 13.1703
2445 1.5370
2446 4.8951
2447 16.0600
2448 10.5855
2449 1.5698
2450 3.3803
2451 2.4797
2452 20.5402
2453 1.2495
2454 0.1847
2455 0.4958
2456 4.5424
2457 4.5135
2458 1.0174
2459 40.1496
2460 31.4009
2461 3.2921
2462 1.7669
2463 1.5281
2464 26.5361
2465 2.3227
2466 53.7785
2467 0.2501
2468 2.7826
2469 21.6405
2470 6.4287
2471 1.1491
2472 6.0583
2473 6.4694
2474 0.7950
2475 0.3438
2476 0.3141
2477 0.6105
2478 19.2408
2479 0.7213
2480 0.0954
2481 39.2827
2482 2.2699
2483 2.4025
2484 0.2856
2485 0.2840
2486 1.1702
2487 7.1276
2488 6.0886
2489 6.7638
2490 6.9184
2491 17.3188
2492 0.3044
2493 19.2155
2494 1.8372
2495 4.1427
2496 7.8676
2497 0.1996
2498 10.1540
2499 0.1465
2500 27.0270
2501 27.5600
2502 3.4915
2503 25.4491
2504 0.3869
2505 1.6487
2506 10.4076
2507 40.3805
2508 0.5266
2509 0.3236
2510 2.4082
2511 4.1146
2512 0.2792
2513 6.6619
2514 37.2511
2515 13.1999
2516 1.5432
2517 5.2047
2518 11.0131
2519 0.1126
2520 1.5854
2521 0.1873
2522 2.4700
2523 0.3100
2524 9.1201
2525 0.1891
2526 4.5943
2527 2.1113
2528 0.8993
2529 0.3471
2530 0.3292
2531 0.2535
2532 0.2653
2533 0.4220
2534 9.7952
2535 0.2841
2536 0.2626
2537 15.9718
2538 1.8930
2539 5.5096
2540 0.5026
2541 6.3117
2542 6.3180
2543 0.6543
2544 23.1938
2545 0.3893
2546 1.1799
2547 27.0055
2548 0.4354
2549 2.7061
2550   NaN
2551 4.6849
2552 5.6002
2553 0.1608
2554 2.2282
2555 3.0985
2556 0.3777
2557 0.5896
2558 0.3321
2559 26.9375
2560 7.0200
2561 0.5604
2562 2.6060
2563 14.9102
2564 11.5047
2565 0.2928
2566 9.4978
2567 3.3765
2568 39.0813
2569 0.5109
2570 6.9120
2571 3.2063
2572 3.5694
2573 25.4907
2574 0.9752
2575 1.2510
2576 2.8207
2577 2.0047
2578 10.0400
2579 10.6067
2580 11.3827
2581 0.2967
2582 0.3581
2583 26.0223
2584 3.8290
2585 0.9493
2586 8.3849
2587 7.2667
2588 1.4625
2589 4.6603
2590 13.6113
2591 0.3219
2592 1.4253
2593 6.1193
2594 25.6053
2595 2.0574
2596 6.7558
2597 2.4193
2598 0.1289
2599 0.5695
2600 6.7574
2601 0.9432
2602 1.0334
2603 0.1310
2604 7.1946
2605 27.7446
2606 1.4420
2607 1.0719
2608 2.5962
2609 0.4617
2610 6.1879
2611 0.3428
2612 25.7617
2613 0.8335
2614 0.1798
2615 2.2108
2616 11.3203
2617 2.0151
2618 6.0006
2619 10.6034
2620 0.4617
2621 23.2785
2622 11.1879
2623 2.9881
2624 0.7557
2625 1.6857
2626 2.4342
2627 2.8536
2628 5.2831
2629 6.4004
2630 0.4840
2631 0.5353
2632 2.1668
2633 21.7129
2634 26.5303
2635 1.6318
2636 2.3418
2637 0.1794
2638 3.2335
2639 3.4928
2640 5.9551
2641 13.5012
2642 0.4356
2643 14.7159
2644 29.6674
2645 44.8066
2646 0.2098
2647 0.4283
2648 8.3409
2649 0.2076
2650 4.0424
2651 6.0283
2652 0.3728
2653 6.7600
2654 5.0302
2655 0.3975
2656 6.9267
2657 3.3815
2658 14.4616
2659 1.3847
2660 33.2798
2661 0.1727
2662 4.6266
2663 19.9596
2664 8.3689
2665 0.9189
2666 0.5443
2667 4.4423
2668 5.2496
2669 48.5839
2670 0.4822
2671 29.9362
2672 8.5716
2673 5.4012
2674 8.2716
2675 0.3342
2676 3.2270
2677 23.3485
2678 2.4069
2679 0.2236
2680 36.6109
2681 14.9476
2682 1.5286
2683 0.2608
2684 25.8029
2685 6.5538
2686 0.6030
2687 32.9813
2688 0.4661
2689 1.9778
2690 0.4476
2691 8.5208
2692 13.2037
2693 3.8771
2694 0.1513
2695 0.7063
2696 1.4017
2697 5.8298
2698 2.4412
2699 8.6338
2700 6.7713
2701 22.9841
2702 2.4697
2703 47.9591
2704 3.7640
2705 0.5671
2706 0.3581
2707 10.3372
2708 5.4674
2709 17.2915
2710 0.9168
2711 3.6984
2712 0.1422
2713 11.1359
2714 9.9373
2715 5.2056
2716 1.5432
2717 0.0868
2718 0.8725
2719 7.6552
2720 0.8748
2721 1.6538
2722 13.6810
2723 1.6602
2724 1.4936
2725 1.5390
2726 1.7480
2727 1.0033
2728 8.8616
2729 4.8901
2730 14.3192
2731 3.6842
2732 21.3917
2733 1.3293
2734 37.5018
2735 1.5357
2736   NaN
2737 10.7661
2738 2.3952
2739 6.7245
2740 0.5267
2741 3.9320
2742 0.8541
2743 0.6641
2744 5.5872
2745 9.6370
2746 16.2149
2747 2.9426
2748 0.2742
2749 0.6781
2750 8.5540
2751 0.1827
2752 3.0081
2753 17.6318
2754 2.8464
2755 14.2529
2756 2.2693
2757 0.6105
2758 17.6802
2759 13.8825
2760 0.1249
2761 1.3503
2762 1.9828
2763 3.2384
2764 32.6864
2765 37.1024
2766 17.8856
2767 11.0461
2768 17.1771
2769 0.9297
2770 0.7431
2771 0.4044
2772 5.6322
2773 5.0912
2774 4.6454
2775 0.2578
2776 2.2532
2777 0.4250
2778 9.8127
2779   NaN
2780 16.8995
2781 4.6256
2782 0.1147
2783 0.8881
2784 1.4359
2785 11.8837
2786 15.1403
2787 13.9158
2788 0.6468
2789 11.8754
2790 3.8221
2791 2.1216
2792 2.9018
2793 3.2296
2794 0.4799
2795 5.4736
2796 27.8918
2797 5.1994
2798 1.2335
2799 4.1774
2800 29.4190
2801 0.0920
2802 6.4225
2803 0.4487
2804 0.1277
2805 0.4691
2806 10.4400
2807 0.8959
2808 0.3561
2809 8.0495
2810 16.1831
2811 0.2645
2812 0.5980
2813 1.1492
2814 0.7302
2815 0.1312
2816 0.0781
2817 16.0554
2818 14.5186
2819 37.9369
2820 11.3680
2821 0.2134
2822 1.1031
2823 0.5015
2824 7.1456
2825 2.8008
2826 0.7714
2827 3.7715
2828 5.0228
2829 10.7545
2830 2.3874
2831 21.8943
2832 1.9699
2833 0.2022
2834 30.8989
2835 0.1625
2836 0.2696
2837 26.2823
2838 0.1673
2839 12.2212
2840 0.3345
2841 0.2486
2842 0.6272
2843 4.7316
2844 0.2260
2845 5.0845
2846 0.3429
2847 0.4345
2848 3.7712
2849 0.7701
2850 3.7177
2851 0.7700
2852 21.0755
2853 0.0900
2854 0.1204
2855 7.3983
2856 45.6081
2857 5.5907
2858 6.6970
2859 7.3442
2860 0.5169
2861 0.5136
2862 5.5052
2863 2.9388
2864 0.2348
2865 0.4549
2866 13.5359
2867 20.6606
2868 0.6076
2869 0.6190
2870 20.9205
2871 30.1754
2872 4.1111
2873 0.5391
2874 53.7357
2875 30.8060
2876 34.1772
2877 0.6004
2878 0.1193
2879 0.7791
2880 8.3197
2881 0.2501
2882 3.1249
2883 33.0211
2884 7.0490
2885 0.8009
2886 11.1874
2887 8.6519
2888 0.1383
2889 2.8871
2890 14.0265
2891 0.3399
2892 13.9941
2893 2.5879
2894 0.2768
2895 7.9430
2896 9.5508
2897 20.1296
2898 3.1264
2899 2.5413
2900 2.2919
2901 11.8473
2902 0.6387
2903 10.2918
2904 21.3061
2905 0.2529
2906 0.5583
2907 3.4277
2908 12.5899
2909 8.5536
2910 0.9107
2911 36.2880
2912 10.7660
2913 6.1418
2914 0.6306
2915 9.6826
2916 0.5604
2917 18.9990
2918 12.1933
2919 8.4115
2920 7.3981
2921 9.0609
2922 40.9499
2923 1.3322
2924 3.4543
2925 20.8860
2926 7.1366
2927 0.1326
2928 4.4089
2929 0.2027
2930 34.0059
2931 5.0966
2932 1.0679
2933 32.5913
2934 26.4781
2935 2.5212
2936 1.4283
2937 1.0677
2938 0.8576
2939 1.0026
2940 0.3000
2941 0.4082
2942 5.0631
2943 0.9498
2944 1.1008
2945 5.1765
2946 4.3055
2947 34.9656
2948 0.5083
2949 1.7707
2950 23.4161
2951 12.2658
2952 1.0492
2953 3.8307
2954 0.2160
2955 0.3974
2956 8.7456
2957 31.1803
2958 0.3245
2959 1.7911
2960 49.9965
2961 0.2435
2962 20.5690
2963 15.2023
2964 19.8777
2965 0.0822
2966 3.4287
2967 0.3098
2968 0.5023
2969 3.4111
2970 4.5847
2971 0.2641
2972 4.8055
2973 4.3552
2974 30.2641
2975 1.5781
2976 0.6333
2977 19.0165
2978 6.3127
2979 3.2938
2980 5.1235
2981 9.8350
2982 9.1112
2983 0.4822
2984 0.2930
2985 4.1514
2986 0.4384
2987 0.9480
2988 10.8653
2989 1.7919
2990 6.3607
2991 8.5480
2992 0.2385
2993 0.1897
2994 0.2974
2995 5.3259
2996 3.4570
2997 14.7663
2998 0.2820
2999 1.7434
3000 12.1451
3001 0.5276
3002 0.9438
3003 7.8088
3004 0.2951
3005 8.3262
3006 5.7039
3007 14.5494
3008 0.5366
3009 1.4302
3010 1.3197
3011 0.3003
3012 0.2453
3013 6.3452
3014 6.6579
3015 0.9452
3016 1.6307
3017 0.5262
3018 17.7291
3019 2.7490
3020 1.2791
3021 0.1753
3022 19.0307
3023 1.7922
3024 0.6523
3025 15.5244
3026 0.2348
3027 11.4445
3028 5.0483
3029 0.1293
3030 10.4980
3031 0.8049
3032 16.7287
3033 2.6218
3034 5.5059
3035 20.5012
3036 38.7091
3037 0.5145
3038 0.1566
3039 4.8170
3040 10.1458
3041 11.3518
3042 2.2882
3043 1.4753
3044 0.2284
3045 6.3783
3046 0.1147
3047 7.9179
3048 0.5320
3049 9.5249
3050 10.4038
3051 0.1242
3052 0.3397
3053 0.4718
3054 0.3075
3055 3.7636
3056 1.1391
3057 37.3247
3058 4.2664
3059 4.7990
3060 0.4156
3061 2.6096
3062 1.6985
3063 21.5067
3064 13.9365
3065 31.4017
3066 0.1402
3067 2.1792
3068 5.2566
3069 3.2723
3070 0.2515
3071 2.9611
3072 39.0737
3073 13.2009
3074 0.8930
3075 0.5170
3076 0.3912
3077 18.3702
3078 2.9008
3079 0.6482
3080 0.7115
3081 45.1420
3082 3.0717
3083 6.0484
3084 0.2700
3085 12.8955
3086 1.3454
3087   NaN
3088 0.3855
3089 8.0031
3090 0.3520
3091 2.8326
3092 0.7611
3093 22.7383
3094 4.8866
3095 0.7503
3096 5.3980
3097 0.4836
3098 15.2957
3099 1.8615
3100 7.6795
3101 5.8197
3102 2.2883
3103 0.1296
3104 0.5506
3105 1.0867
3106 1.3996
3107 16.1411
3108 1.7685
3109 10.0403
3110 0.1455
3111 0.4051
3112 16.1751
3113 10.7828
3114 49.7303
3115 6.5038
3116 12.4575
3117 7.2436
3118 5.4462
3119 2.7715
3120 10.4151
3121 7.2531
3122 0.1350
3123 3.6351
3124 2.5951
3125 7.1235
3126 4.9032
3127 16.7057
3128 2.0237
3129 0.9479
3130 39.2052
3131 12.1790
3132 2.4808
3133 28.4814
3134 0.2336
3135 26.8523
3136 12.6808
3137 0.5237
3138 5.6660
3139 2.1199
3140 0.1243
3141 15.5076
3142 13.5622
3143 2.2898
3144 50.4570
3145 22.6299
3146 0.5263
3147 1.6653
3148 0.4838
3149 2.1387
3150 1.7877
3151 4.3339
3152 4.7441
3153 1.0841
3154 1.3583
3155 0.1514
3156 11.8374
3157 5.9830
3158 0.3496
3159 0.1360
3160 3.1490
3161 11.1005
3162 21.5784
3163 0.3880
3164 0.7011
3165 0.2238
3166 19.4567
3167 6.0449
3168 4.5876
3169 0.1450
3170 21.3689
3171 5.6301
3172 0.1100
3173 0.2412
3174 5.0319
3175 38.8759
3176 0.4622
3177 0.2912
3178 0.4120
3179 0.3638
3180 0.1814
3181 1.0013
3182 0.1527
3183 1.8724
3184 1.4213
3185 15.4963
3186 13.4594
3187 44.5058
3188 1.3004
3189 28.5858
3190 24.6646
3191 10.4553
3192 2.3992
3193 11.6083
3194 4.4176
3195 2.1410
3196 2.8767
3197 0.6808
3198 0.5051
3199 1.6953
3200 6.7005
3201 1.8824
3202 1.2113
3203 1.0257
3204 0.2393
3205 13.8356
3206 9.1448
3207 0.7655
3208 0.1660
3209 2.2322
3210 16.2133
3211 6.5204
3212 10.4555
3213 22.0854
3214 39.0470
3215 4.7842
3216 5.4668
3217 1.2152
3218 5.6681
3219 7.1800
3220 0.3637
3221 0.1548
3222 0.1532
3223 6.3241
3224 7.8991
3225 0.0967
3226 2.9752
3227 1.7239
3228 7.2014
3229 0.3813
3230 0.4330
3231 0.0937
3232 1.8576
3233 0.6453
3234 9.6016
3235 9.7531
3236 3.5100
3237 0.7348
3238 1.7800
3239 0.1522
3240 0.4436
3241 14.2900
3242 1.7017
3243 12.5654
3244 0.7053
3245 0.3910
3246 3.6752
3247 1.6157
3248 0.1993
3249 0.1901
3250 0.9419
3251 31.1764
3252 2.9737
3253 0.5348
3254 0.9408
3255 4.3512
3256 0.2295
3257 0.4005
3258 6.4766
3259 0.5759
3260 4.4399
3261 13.6476
3262 13.5204
3263 4.3430
3264 0.2558
3265 0.7599
3266 11.8970
3267 0.5728
3268 3.7649
3269 18.0436
3270 5.6108
3271 0.5330
3272 40.9075
3273 0.1718
3274 0.1012
3275 7.0793
3276 9.0024
3277 1.3466
3278 0.3667
3279 5.6114
3280 15.0130
3281 1.1298
3282 4.0718
3283 13.3794
3284 2.8943
3285 0.0955
3286 0.1235
3287 0.9237
3288 7.9159
3289 22.0343
3290   NaN
3291 8.9766
3292 1.8032
3293 1.8032
3294 0.4949
3295 0.4116
3296 50.8157
3297 0.1126
3298 2.6156
3299 0.9980
3300 1.7450
3301 0.7694
3302 4.7228
3303 18.7135
3304 14.0910
3305 4.6249
3306 0.5820
3307 0.4297
3308 11.9740
3309 10.9235
3310 6.9883
3311 4.0603
3312 9.0130
3313 26.5084
3314 0.1917
3315 4.4118
3316 1.0110
3317 0.1261
3318 9.0768
3319 0.2684
3320 2.0407
3321 0.5737
3322 3.7135
3323 3.3156
3324 0.1286
3325 0.0927
3326 24.3120
3327 1.8022
3328 0.0999
3329 1.4607
3330 0.1227
3331 3.4403
3332 5.6333
3333 18.7307
3334 0.1184
3335 0.9351
3336 16.0299
3337 5.9159
3338 16.3418
3339 0.1968
3340 2.6848
3341 5.2418
3342 17.7882
3343 4.5349
3344 1.5372
3345 14.3761
3346 6.6190
3347 0.8609
3348 1.2861
3349 0.5643
3350 0.1034
3351 2.2606
3352 5.6615
3353 3.0766
3354 0.2805
3355 6.9482
3356 28.5014
3357 2.6693
3358 0.1428
3359 0.6411
3360 1.2796
3361 1.2115
3362 28.9366
3363 0.7879
3364 1.4539
3365 0.1909
3366 6.6459
3367 1.1082
3368 6.5429
3369 40.2363
3370 0.3550
3371 1.6364
3372 5.3067
3373 6.1255
3374 5.4923
3375 0.5206
3376 1.2506
3377 2.0038
3378 3.2713
3379 6.2887
3380 4.5520
3381 3.5140
3382 0.6542
3383 6.4494
3384 2.9871
3385 7.6525
3386 0.2043
3387 0.1882
3388 4.3450
3389 1.6819
3390 6.6980
3391 1.8204
3392 4.6616
3393 4.0057
3394 5.5161
3395 1.6897
3396 10.5747
3397 0.2743
3398 0.4593
3399 2.1649
3400 3.2831
3401 0.1492
3402 0.5948
3403   NaN
3404 0.9592
3405 0.0806
3406 4.0958
3407 1.8655
3408 13.5094
3409 0.4547
3410 2.5991
3411 0.2561
3412 9.2188
3413 13.2130
3414 0.6800
3415 26.2740
3416 13.1019
3417 0.5649
3418 0.5300
3419 2.8292
3420 13.0816
3421 0.1879
3422 0.4406
3423 30.7988
3424 0.0780
3425 23.6079
3426 59.4675
3427 12.6392
3428 0.4859
3429 0.4404
3430 28.8470
3431 2.5889
3432 25.2985
3433 1.3023
3434 9.6407
3435 17.3844
3436 7.9639
3437 26.8075
3438 0.8144
3439 2.4933
3440 4.1002
3441 1.3610
3442 3.3557
3443 0.2643
3444 1.8187
3445 19.3920
3446 14.7379
3447 0.5510
3448 28.5958
3449 0.5747
3450 0.7426
3451 1.2330
3452 1.5496
3453 2.2392
3454 2.1796
3455 5.8676
3456 6.9995
3457 0.4280
3458 0.7258
3459 29.5106
3460 7.3021
3461 24.3769
3462 2.1105
3463 0.2944
3464 0.2111
3465 0.1738
3466 0.1798
3467 1.1306
3468 0.3779
3469 1.4531
3470 14.3841
3471 10.6949
3472 0.3206
3473 0.2816
3474 0.2073
3475 0.8335
3476 17.3617
3477 1.2964
3478 0.9660
3479 5.7416
3480 20.6965
3481 12.5541
3482 2.7540
3483 0.2462
3484 25.6405
3485 1.2813
3486 1.3491
3487 6.0465
3488 2.2341
3489 10.6844
3490 10.4105
3491 10.2414
3492 0.1332
3493 6.1019
3494 46.0750
3495 0.1464
3496 0.8766
3497 1.2560
3498   NaN
3499 11.6991
3500 15.3847
3501 4.0468
3502 50.8637
3503 10.2445
3504 2.4244
3505 2.8073
3506 0.2020
3507 0.6095
3508 12.5004
3509 9.2813
3510 6.7601
3511 8.6383
3512 11.5346
3513 46.1697
3514 0.2653
3515 19.1353
3516 4.5359
3517 1.4243
3518 0.5518
3519 4.8807
3520 0.6440
3521 0.8242
3522 0.3602
3523 0.2390
3524 0.9478
3525 0.8955
3526 8.4894
3527 9.0491
3528 0.1546
3529 1.3977
3530 1.1291
3531 8.7219
3532 0.5060
3533 24.6389
3534 23.9050
3535 2.5817
3536 0.1011
3537 17.2802
3538 0.8404
3539 1.5194
3540 0.2395
3541 0.3465
3542 0.2070
3543 0.4609
3544 2.0438
3545 2.2592
3546 19.8934
3547 0.8428
3548 8.1854
3549 7.1094
3550 0.5632
3551 0.4564
3552 1.6429
3553 5.8965
3554 0.1299
3555 5.5558
3556 2.2435
3557 2.9950
3558 2.9574
3559 23.2473
3560 12.1456
3561 17.7290
3562 2.1721
3563 0.6294
3564 23.3231
3565 2.5736
3566 1.0073
3567 1.1654
3568 7.6652
3569 4.2685
3570 0.3717
3571 20.7272
3572 1.0620
3573 0.1196
3574 2.4946
3575 15.4872
3576 27.2874
3577 30.0247
3578 1.1581
3579 6.4973
3580 10.3530
3581 0.1318
3582 6.1958
3583 6.7426
3584 1.5832
3585 30.5757
3586 6.7398
3587 15.3590
3588 0.2474
3589 7.1602
3590 1.2810
3591 0.2309
3592 0.8293
3593 3.5348
3594 3.2898
3595 6.3012
3596 3.2324
3597 13.4790
3598 3.7192
3599 6.0384
3600 0.3883
3601 1.5441
3602 3.3961
3603 3.3631
3604 43.6053
3605 1.3736
3606 0.5396
3607 1.7929
3608 0.5148
3609 9.8422
3610 3.7079
3611 1.6281
3612 1.3489
3613 0.7503
3614 11.7517
3615 0.6304
3616 63.1075
3617 2.2399
3618 23.6802
3619 0.0956
3620 36.5077
3621 0.9210
3622 1.1870
3623 1.4405
3624 3.4271
3625 0.1696
3626 22.2658
3627 0.1108
3628 0.1322
3629 1.0584
3630 2.1598
3631 0.1249
3632 0.1993
3633 30.5340
3634 1.5269
3635 0.3467
3636 0.5133
3637 2.1726
3638 0.6816
3639 0.2050
3640 0.9933
3641 0.2931
3642 2.4162
3643 8.0814
3644 2.5595
3645 0.5957
3646 4.8261
3647 9.1612
3648 0.2051
3649 0.1475
3650 2.6575
3651 12.8492
3652 6.8428
3653 0.7647
3654 0.2574
3655 0.5896
3656 1.9477
3657 15.7786
3658 12.6561
3659 0.7039
3660 0.2193
3661 15.3557
3662 7.9822
3663 0.2543
3664 2.8300
3665 1.9542
3666 2.8694
3667 0.1164
3668 0.1960
3669 3.9895
3670 2.5260
3671 0.2816
3672 0.3498
3673 3.2794
3674 5.0967
3675 26.3118
3676 8.7812
3677 12.2277
3678 0.8384
3679 7.9241
3680 0.6063
3681 8.4159
3682 5.8259
3683 0.3717
3684 0.6599
3685 28.0201
3686 0.6398
3687 0.6601
3688 4.9477
3689 43.3403
3690 15.1593
3691 10.6783
3692 22.3575
3693 0.9376
3694 5.4933
3695 0.9745
3696 4.4311
3697 4.3840
3698 2.9509
3699 1.3355
3700 0.4419
3701 0.9137
3702 1.2272
3703 0.8192
3704 0.3997
3705 13.8384
3706 2.6716
3707 0.0836
3708 6.5997
3709 0.9194
3710 0.5094
3711 1.9618
3712 10.2872
3713 0.8598
3714 0.9771
3715 0.3083
3716 2.7313
3717 10.4438
3718 35.4119
3719 0.7758
3720 0.1391
3721 6.7953
3722 0.5374
3723 0.7201
3724 2.0972
3725 2.4950
3726 2.6631
3727 0.6180
3728 0.3051
3729 0.7977
3730 0.2741
3731 5.5384
3732 6.0679
3733 1.4577
3734 31.7228
3735 0.6674
3736 3.0513
3737 0.7648
3738 1.2267
3739 0.1289
3740 6.2610
3741 3.8016
3742 3.6936
3743 1.3794
3744 4.0552
3745 0.1367
3746 0.4191
3747 0.5770
3748 14.6325
3749 1.6106
3750 9.9386
3751 2.4966
3752 7.1941
3753 1.2145
3754 4.3767
3755 2.3117
3756 0.2245
3757 11.4322
3758 10.2061
3759 7.5485
3760 0.5416
3761 24.2376
3762 37.5881
3763 9.6465
3764 1.2198
3765 13.3551
3766 0.4646
3767 0.0978
3768 0.5908
3769 33.4314
3770 24.8793
3771 9.2217
3772 19.4089
3773 5.1915
3774 5.5794
3775 0.4856
3776 2.8656
3777 0.8420
3778 1.7672
3779 35.5119
3780 1.0902
3781 10.7178
3782 0.1121
3783 0.3855
3784 3.1167
3785 0.4426
3786 3.0100
3787 1.9523
3788 8.3613
3789 0.1483
3790 32.1140
3791 0.2276
3792 20.7990
