5001 0.0984
5002 0.1796
5003 0.1442
5004 2.5690
5005 0.3911
5006 0.5429
5007 0.2020
5008 0.7958
5009 1.6760
5010 0.1975
5011 0.1219
5012 0.2740
5013 0.4611
5014 0.8053
5015 0.1110
5016 0.1194
5017 0.2015
5018 0.1388
5019 0.0872
5020 1.0263
5021 0.4254
5022 0.4004
5023 0.2108
5024 0.3014
5025 1.4868
5026 0.3812
5027 14.5340
5028 0.1685
5029 3.2801
5030 0.5494
5031 0.8374
5032 0.7164
5033 0.3195
5034 0.5157
5035 0.9736
5036 0.4323
5037 0.7979
5038 0.1516
5039 1.6985
5040 0.2868
5041 0.1056
5042 0.1257
5043 0.3959
5044 0.2254
5045 1.3690
5046 0.1920
5047 0.5512
5048 1.4990
5049 0.2022
5050 0.4877
5051 5.1581
5052 0.6734
5053 0.1035
5054 0.5938
5055 0.3936
5056 0.2862
5057 0.1898
5058 0.1265
5059 0.7205
5060 0.1449
5061 0.2128
5062 0.1489
5063 0.8715
5064 0.5580
5065 0.8483
5066 1.0702
5067 0.1130
5068 0.1327
5069 1.0487
5070 0.4438
5071 1.7262
5072 0.5881
5073 2.6167
5074 1.1105
5075 0.7803
5076 0.7121
5077 0.6604
5078 0.8534
5079 0.0868
5080 0.1160
5081 0.2171
5082 0.0986
5083 0.2302
5084 0.4622
5085 0.3264
5086 0.2630
5087 0.3441
5088 0.1458
5089 0.3562
5090 0.1282
5091 0.7138
5092 1.0738
5093 0.4121
5094 0.1139
5095 0.3273
5096 0.6059
5097 0.6177
5098 0.8719
5099 0.1857
5100 1.1936
5101 0.0604
5102 0.3789
5103 2.9323
5104 0.4130
5105 0.2138
5106 0.2626
5107 0.0668
5108 0.8775
5109 0.0827
5110 0.2243
5111 0.4980
5112 0.3068
5113 6.3594
5114 0.1331
5115 0.7866
5116 0.3111
5117 0.1013
5118 0.1010
5119 0.2671
5120 0.1832
5121 1.6171
5122 0.2444
5123 0.2080
5124 0.2844
5125 0.2312
5126 1.7338
5127 0.2400
5128 0.2813
5129 0.1367
5130 0.2174
5131 1.5787
5132 0.3447
5133 0.9565
5134 0.5037
5135 1.4269
5136 0.1405
5137 0.2167
5138 2.4455
5139 0.1364
5140 0.1538
5141 0.1541
5142 0.2227
5143 0.4849
5144 0.1760
5145 0.8739
5146 0.1977
5147 0.2590
5148 0.6905
5149 0.1402
5150 0.8680
5151 2.5019
5152 0.7474
5153 0.5171
5154 0.6213
5155 6.2690
5156 0.4755
5157 0.1992
5158 1.9371
5159 0.4079
5160 0.7673
5161 0.1513
5162 0.1021
5163 0.1132
5164 0.1023
5165 1.1401
5166 0.3998
5167 0.4689
5168 0.2927
5169 0.2317
5170 0.2593
5171 0.1889
5172 1.4703
5173 1.3108
5174 0.0995
5175 0.1130
5176 0.2564
5177 0.5398
5178 0.3622
5179 0.4184
5180 0.7111
5181 0.3942
5182 0.8000
5183 0.2226
5184 0.5261
5185 1.0730
5186 1.2894
5187 0.8280
5188 3.3978
5189 0.4800
5190 0.2617
5191 0.1092
5192 0.6010
5193 0.1817
5194 0.2978
5195 0.4327
5196 0.2094
5197 0.5131
5198 0.4995
5199 2.2474
5200 4.0484
5201 1.5162
5202 0.5917
5203 0.4339
5204 0.2740
5205 0.6773
5206 0.8425
5207 0.2118
5208 0.2541
5209 0.0879
5210 0.9598
5211 0.0925
5212 0.2531
5213 0.1047
5214 0.3635
5215 0.2575
5216 0.2776
5217 0.6834
5218 0.3008
5219 3.1902
5220 0.5568
5221 0.8586
5222 0.5121
5223 0.1709
5224 0.6166
5225 0.1305
5226 0.2299
5227 2.9471
5228 1.0517
5229 0.3672
5230 0.1786
5231 0.2534
5232 0.2702
5233 0.1756
5234 0.1127
5235 1.4251
5236 0.0841
5237 0.4587
5238 0.4121
5239 0.3382
5240 0.3308
5241 0.7239
5242 0.1079
5243 0.1470
5244 1.5157
5245 0.1748
5246 0.1891
5247 0.3256
5248 0.0963
5249 0.1336
5250 0.5015
5251 0.4297
5252 0.4558
5253 0.2107
5254 0.1697
5255 0.1031
5256 0.2178
5257 0.4797
5258 0.3830
5259 1.2079
5260 0.2155
5261 0.4681
5262 0.4053
5263 0.3094
5264 0.0749
5265 0.2991
5266 0.1593
5267 0.2029
5268 0.2344
5269 1.1436
5270 0.2165
5271 0.7674
5272 0.1574
5273 0.7779
5274 0.2036
5275 0.3166
5276 0.3398
5277 0.3351
5278 1.4484
5279 0.3230
5280 0.2952
5281 3.4985
5282 1.9042
5283 0.2656
5284 1.3459
5285 0.2229
5286 0.3408
5287 1.1344
5288 0.8527
5289 0.1075
5290 0.1567
5291 0.2126
5292 1.1826
5293 0.4503
5294 0.3072
5295 0.1298
5296 0.1307
5297 0.1840
5298 2.3682
5299 2.1246
5300 0.5647
5301 0.4879
5302 0.2083
5303 0.1756
5304 0.2160
5305 0.1311
5306 0.5164
5307 1.8547
5308 0.4899
5309 0.4278
5310 0.2489
5311 0.2092
5312 0.8237
5313 0.8135
5314 0.8494
5315 0.1946
5316 0.1633
5317 0.7641
5318 0.1139
5319 0.2914
5320 0.5446
5321 0.6968
5322 0.1992
5323 0.5823
5324 0.2885
5325 0.4145
5326 0.3066
5327 0.1763
5328 0.1624
5329 0.3088
5330 0.3686
5331 0.0926
5332 0.2062
5333 0.1709
5334 3.0150
5335 0.7973
5336 0.5276
5337 0.0897
5338 2.9236
5339 0.0842
5340 0.7091
5341 0.6051
5342 0.3724
5343 0.3363
5344 0.3648
5345 0.4419
5346 0.0667
5347 0.1306
5348 0.8084
5349 0.0938
5350 0.1225
5351 0.9919
5352 1.6944
5353 0.9827
5354 6.6515
5355 0.1779
5356 0.4448
5357 0.4456
5358 4.4047
5359 0.2397
5360 0.9572
5361 0.1856
5362 0.2165
5363 0.1536
5364 2.0854
5365 0.2707
5366 0.2120
5367 0.2104
5368 0.2144
5369 0.1085
5370 0.6919
5371 0.5148
5372 0.0898
5373 0.2468
5374 0.1912
5375 0.3945
5376 0.3766
5377 0.4669
5378 0.0947
5379 1.8784
5380 0.3255
5381 0.4128
5382 0.5802
5383 1.5240
5384 0.2797
5385 0.8995
5386 0.7997
5387 0.1988
5388 1.5679
5389 0.5114
5390 0.2984
5391 0.4433
5392 0.3964
5393 0.8978
5394 1.2846
5395 0.3241
5396 9.7093
5397 0.3432
5398 0.1508
5399 0.2053
5400 1.0773
5401 0.4178
5402 0.1008
5403 0.7675
5404 0.7289
5405 0.8488
5406 0.2280
5407 0.5548
5408 0.2359
5409 0.1838
5410 0.6191
5411 0.3782
5412 0.1914
5413 1.0788
5414 0.3119
5415 0.3944
5416 8.6544
5417 0.5957
5418 0.1346
5419 0.4419
5420 0.7788
5421 0.0977
5422 0.1898
5423 0.7704
5424 0.9847
5425 0.2631
5426 0.2447
5427 0.4533
5428 3.0821
5429 0.4444
5430 0.3126
5431 0.5757
5432 0.3975
5433 1.2043
5434 0.8377
5435 0.1778
5436 0.1006
5437 0.3624
5438 0.5457
5439 0.9752
5440 0.4513
5441 0.9938
5442 0.1328
5443 0.2258
5444 0.2475
5445 0.3745
5446 0.3768
5447 0.6267
5448 0.8125
5449 3.8091
5450 0.1635
5451 0.4752
5452 0.2090
5453 0.3267
5454 0.4172
5455 1.8689
5456 0.2943
5457 0.1755
5458 1.4883
5459 0.1332
5460 0.6884
5461 1.2200
5462 0.1696
5463 1.9125
5464 0.4514
5465 0.8816
5466 0.2236
5467 0.1372
5468 6.6595
5469 0.0899
5470 0.3353
5471 0.5050
5472 0.5306
5473 1.4609
5474 0.1945
5475 0.2971
5476 0.3973
5477 0.8107
5478 0.2180
5479 0.4697
5480 0.2789
5481 0.4247
5482 1.4294
5483 0.6380
5484 0.2298
5485 0.9813
5486 0.3570
5487 0.2039
5488 0.1329
5489 2.4337
5490 1.4569
5491 0.4854
5492 0.6810
5493 0.9281
5494 1.0257
5495 0.5435
5496 0.2852
5497 1.3620
5498 0.5088
5499 0.7090
5500 0.2515
5501 2.4023
5502 0.2780
5503 0.3891
5504 2.2477
5505 0.3891
5506 2.0560
5507 0.0811
5508 0.1352
5509 2.3305
5510 0.2194
5511 0.2403
5512 0.3713
5513 0.2165
5514 1.6474
5515 0.3165
5516 0.8377
5517 0.2133
5518 0.9644
5519 0.0769
5520 0.1093
5521 0.3036
5522 0.0968
5523 1.2363
5524 0.3155
5525 0.2311
5526 0.2102
5527 0.2346
5528 0.5359
5529 0.1591
5530 0.9253
5531 0.1669
5532 0.1960
5533 4.9621
5534 0.1404
5535 0.3825
5536 0.9363
5537 0.2476
5538 0.1189
5539 0.2233
5540 0.7412
5541 0.8298
5542 0.3029
5543 0.1180
5544 0.9813
5545 3.4479
5546 1.6599
5547 0.3320
5548 4.2572
5549 0.2690
5550 0.4137
5551 0.0729
5552 2.6675
5553 2.9404
5554 1.0427
5555 0.1350
5556 0.8855
5557 0.3499
5558 0.3360
5559 0.2002
5560 0.0986
5561 0.0865
5562 0.2376
5563 0.7985
5564 1.0409
5565 1.2704
5566 0.0689
5567 1.2670
5568 0.4355
5569 0.6945
5570 0.2529
5571 0.1281
5572 0.2726
5573 0.4582
5574 0.1047
5575 0.4106
5576 0.4526
5577 0.2955
5578 0.3614
5579 0.6115
5580 0.2576
5581 0.4258
5582 0.3584
5583 0.0926
5584 1.0241
5585 0.7673
5586 0.3859
5587 0.4031
5588 0.1774
5589 0.1564
5590 0.3229
5591 0.2182
5592 1.6682
5593 0.1718
5594 0.3574
5595 0.4205
5596 0.4710
5597 1.1533
5598 0.1998
5599 0.2465
5600 0.3499
5601 0.3722
5602 0.7514
5603 2.0435
5604 1.5136
5605 0.7381
5606 1.3123
5607 0.1155
5608 2.2730
5609 0.3865
5610 0.3444
5611 0.1941
5612 2.9343
5613 0.3236
5614 0.3559
5615 0.7570
5616 0.3059
5617 0.4545
5618 0.3256
5619 0.3776
5620 0.2975
5621 0.9322
5622 0.0721
5623 2.3359
5624 0.5777
5625 0.1147
5626 0.1652
5627 0.3889
5628 0.4208
5629 0.1629
5630 0.4801
5631 0.4110
5632 1.5456
5633 0.2507
5634 0.1522
5635 0.3876
5636 0.4759
5637 1.1932
5638 0.6859
5639 0.3925
5640 1.2352
5641 0.7365
5642 0.0721
5643 5.7914
5644 0.1702
5645 0.2499
5646 0.7602
5647 0.6331
5648 0.2892
5649 0.3044
5650 0.1222
5651 0.4960
5652 0.0824
5653 0.4804
5654 0.5314
5655 0.1845
5656 0.2026
5657 0.3286
5658 1.2346
5659 0.8185
5660 0.2224
5661 0.6099
5662 0.0726
5663 0.0869
5664 0.0854
5665 1.1042
5666 0.4312
5667 0.0741
5668 0.6616
5669 0.3718
5670 0.4525
5671 0.8031
5672 0.5046
5673 0.8349
5674 0.9427
5675 0.9699
5676 2.1888
5677 0.0698
5678 0.2813
5679 0.8529
5680 0.3380
5681 0.8302
5682 1.0414
5683 0.8926
5684 0.4323
5685 0.1202
5686 0.1415
5687 0.1800
5688 0.2965
5689 1.8793
5690 0.3152
5691 0.5429
5692 1.3316
5693 0.4096
5694 0.1948
5695 0.1422
5696 3.9758
5697 0.9092
5698 0.3994
5699 0.0792
5700 2.2558
5701 1.2407
5702 1.3842
5703 0.3908
5704 0.1593
5705 0.1310
5706 0.2104
5707 1.0296
5708 0.1543
5709 0.2942
5710 0.2994
5711 0.2523
5712 2.8382
5713 0.8094
5714 0.2051
5715 0.6055
5716 0.2794
5717 0.1751
5718 0.8064
5719 0.1023
5720 0.6821
5721 0.3085
5722 0.8395
5723 0.8092
5724 0.1429
5725 0.2108
5726 1.1129
5727 0.1497
5728 0.2453
5729 0.1191
5730 0.4752
5731 1.0647
5732 0.0883
5733 0.2334
5734 0.9638
5735 0.2627
5736 0.6198
5737 1.4535
5738 0.2579
5739 0.1666
5740 0.4355
5741 0.3196
5742 0.2698
5743 0.5811
5744 0.7919
5745 0.2559
5746 0.8785
5747 0.6769
5748 1.1733
5749 0.2397
5750 0.5018
5751 0.5176
5752 0.2615
5753 0.2279
5754 0.6601
5755 0.3375
5756 0.4717
5757 5.5918
5758 0.2994
5759 0.2756
5760 0.0922
5761 0.7020
5762 0.1375
5763 0.5604
5764 0.8147
5765 0.6956
5766 0.1799
5767 0.8075
5768 0.6014
5769 1.0943
5770 0.5195
5771 0.4174
5772 0.1906
5773 2.4730
5774 0.2079
5775 0.3430
5776 0.0777
5777 0.3312
5778 0.2689
5779 0.1655
5780 0.3924
5781 0.1568
5782 0.3861
5783 0.2153
5784 3.7091
5785 0.1797
5786 0.2050
5787 0.3782
5788 0.1533
5789 0.7872
5790 0.0919
5791 0.2921
5792 0.1425
5793 0.3192
5794 2.1551
5795 0.6566
5796 0.7221
5797 0.4624
5798 0.1337
5799 0.1469
5800 0.1808
5801 0.2860
5802 0.9938
5803 3.3886
5804 0.1630
5805 0.4345
5806 0.2471
5807 0.1251
5808 1.7727
5809 0.1089
5810 1.4666
5811 0.1998
5812 0.1736
5813 0.2117
5814 0.1119
5815 0.5282
5816 0.2090
5817 0.3000
5818 0.4831
5819 1.2023
5820 0.1657
5821 0.4082
5822 0.6744
5823 0.1489
5824 0.2224
5825 0.1730
5826 1.3208
5827 12.0316
5828 0.2165
5829 0.2953
5830 0.1476
5831 6.0541
5832 0.1885
5833 1.1041
5834 0.1072
5835 0.3072
5836 0.2058
5837 0.5892
5838 1.7222
5839 2.2308
5840 2.8141
5841 0.2763
5842 0.1693
5843 0.2328
5844 0.1257
5845 0.7754
5846 0.3419
5847 0.2348
5848 5.0348
5849 0.1613
5850 1.2727
5851 0.2377
5852 1.5400
5853 0.2213
5854 0.0891
5855 0.4701
5856 0.4696
5857 0.0840
5858 0.8663
5859 0.7292
5860 0.0930
5861 5.1788
5862 0.2488
5863 2.8160
5864 1.1565
5865 0.4565
5866 1.6223
5867 0.3576
5868 0.4711
5869 0.6107
5870 0.3106
5871 0.2881
5872 0.7748
5873 0.1724
5874 0.4111
5875 0.3257
5876 0.4793
5877 0.1529
5878 0.2688
5879 4.7760
5880 1.1191
5881 0.2290
5882 0.7562
5883 1.2727
5884 0.5187
5885 0.2096
5886 0.6872
5887 0.7546
5888 0.2214
5889 2.6876
5890 0.5698
5891 0.5144
5892 0.1223
5893 0.4230
5894 0.6716
5895 1.2471
5896 1.2042
5897 0.4855
5898 0.8201
5899 3.1967
5900 0.1242
5901 0.1836
5902 0.3010
5903 0.3656
5904 0.2772
5905 3.2582
5906 0.5293
5907 0.1192
5908 1.2524
5909 1.0642
5910 1.1396
5911 0.8378
5912 0.6385
5913 0.2113
5914 1.7930
5915 0.5589
5916 0.4929
5917 0.2312
5918 0.4205
5919 1.4633
5920 0.3103
5921 1.3034
5922 0.1245
5923 2.7292
5924 0.2911
5925 0.3439
5926 2.4007
5927 0.5436
5928 0.7965
5929 1.6218
5930 0.2885
5931 1.3332
5932 0.5212
5933 0.1593
5934 0.0991
5935 0.1006
5936 0.1426
5937 0.3168
5938 0.7429
5939 0.1793
5940 0.2515
5941 0.4085
5942 0.6969
5943 1.0638
5944 0.0979
5945 0.1895
5946 0.4181
5947 0.1721
5948 0.5534
5949 0.3637
5950 1.1135
5951 2.3063
5952 0.6462
5953 0.5177
5954 0.1273
5955 0.9507
5956 0.5467
5957 1.1022
5958 0.1729
5959 0.6702
5960 0.5470
5961 0.3412
5962 1.9795
5963 0.4062
5964 0.6133
5965 0.3400
5966 0.1399
5967 1.2722
5968 0.5908
5969 0.1110
5970 1.9595
5971 0.1856
5972 0.1159
5973 0.4112
5974 0.5466
5975 0.2281
5976 0.2481
5977 0.3764
5978 0.1400
5979 0.7809
5980 0.3242
5981 0.5995
5982 1.6847
5983 1.1679
5984 4.9580
5985 5.0834
5986 0.1282
5987 0.3912
5988 0.3278
5989 0.4650
5990 0.5830
5991 0.1009
5992 0.3466
5993 0.1862
5994 0.2001
5995 1.1483
5996 0.2721
5997 0.1936
5998 0.4683
5999 0.0892
6000 0.1955
6001 0.1190
6002 0.3463
6003 0.1698
6004 0.4230
6005 8.3276
6006 1.2594
6007 0.2053
6008 0.1302
6009 0.2274
6010 0.4229
6011 1.3821
6012 0.3999
6013 4.1926
6014 0.1720
6015 0.1602
6016 0.0975
6017 0.7477
6018 0.1097
6019 0.1539
6020 0.3962
6021 0.2246
6022 0.7380
6023 0.8187
6024 0.6896
6025 0.8483
6026 0.8131
6027 0.2502
6028 4.1279
6029 1.2403
6030 0.3822
6031 0.3525
6032 1.1446
6033 0.3548
6034 0.7526
6035 0.6265
6036 0.2181
6037 0.3161
6038 0.1130
6039 0.1228
6040 0.5621
6041 0.0924
6042 0.1913
6043 0.4883
6044 0.1604
6045 2.3142
6046 1.8879
6047 3.1144
6048 0.4093
6049 0.1219
6050 0.1115
6051 0.4989
6052 0.4444
6053 0.8852
6054 0.2529
6055 1.6564
6056 0.1485
6057 1.0083
6058 0.0852
6059 0.2899
6060 0.3753
6061 0.0876
6062 0.3700
6063 3.2355
6064 1.3022
6065 0.2741
6066 0.4069
6067 0.1941
6068 1.7481
6069 0.2902
6070 0.7003
6071 0.3959
6072 0.3680
6073 0.0992
6074 2.9795
6075 0.3957
6076 0.3114
6077 0.1858
6078 0.3207
6079 0.3335
6080 1.3809
6081 1.8255
6082 0.2748
6083 0.1564
6084 0.2579
6085 0.1558
6086 0.3481
6087 0.7685
6088 0.4418
6089 0.0946
6090 1.2114
6091 1.3537
6092 0.3600
6093 0.9632
6094 0.1492
6095 0.5218
6096 0.8587
6097 1.0413
6098 1.1605
6099 0.1965
6100 0.1746
6101   NaN
6102 0.5713
6103 0.6072
6104 1.2737
6105 0.1689
6106 0.1536
6107 0.1083
6108 0.1744
6109 0.3973
6110 0.2583
6111 1.3687
6112 0.1503
6113 0.1150
6114 0.1110
6115 0.2075
6116 0.3407
6117 0.2506
6118 0.1699
6119 0.4059
6120 3.8344
6121 0.6509
6122 0.2789
6123 0.1460
6124 0.0629
6125 0.7289
6126 0.2657
6127 1.3170
6128 0.2720
6129 0.6098
6130 0.4870
6131 0.2988
6132 0.5996
6133 0.4180
6134 0.2196
6135 0.7526
6136 0.2415
6137 0.1788
6138 2.4136
6139 0.5577
6140 1.1136
6141 0.1331
6142 0.1143
6143 0.3232
6144 1.4450
6145 0.1182
6146 0.4928
6147 0.3955
6148 0.6119
6149 0.0950
6150 0.3424
6151 0.2532
6152 0.1387
6153 1.3820
6154 0.1669
6155 0.8821
6156 0.3983
6157 0.8554
6158 0.8031
6159 0.1566
6160 1.0975
6161 1.6936
6162 0.1225
6163 0.2494
6164 0.4626
6165 0.6899
6166 0.2941
6167 0.1910
6168 0.2377
6169 0.2083
6170 0.5002
6171 3.1774
6172 0.2271
6173 1.5048
6174 0.2126
6175 2.5100
6176 2.1264
6177 0.7328
6178 0.9421
6179 0.2591
6180 0.4304
6181 0.4457
6182 0.2986
6183 1.4551
6184 0.5663
6185 0.8127
6186 0.6551
6187 0.2148
6188 0.1563
6189 0.8446
6190 0.4506
6191 0.9595
6192 1.8056
6193 0.3820
6194 0.2762
6195 0.3462
6196 0.9219
6197 2.0694
6198 0.9844
6199 0.7396
6200 0.1208
6201 0.2056
6202 0.1055
6203 0.9255
6204 0.2136
6205 0.8295
6206 2.6245
6207 0.0907
6208 0.6077
6209 3.4276
6210 0.2306
6211 0.1688
6212 0.8044
6213 2.1060
6214 0.3931
6215 0.3407
6216 0.6062
6217 0.0809
6218 0.6002
6219 0.0937
6220 0.1590
6221 0.1267
6222 0.1163
6223 0.3384
6224 0.6059
6225 0.3939
6226 0.3980
6227 1.1181
6228 0.3755
6229 0.2783
6230 0.2597
6231 0.1272
6232 0.1458
6233 0.2529
6234 0.0876
6235 2.4239
6236 0.6028
6237 0.2526
6238 0.8657
6239 1.2487
6240 0.8229
6241 0.2560
6242 0.2465
6243 0.2022
6244 0.4744
6245 0.1367
6246 2.7576
6247 0.2665
6248 0.3636
6249 0.0631
6250 0.8543
6251 0.3676
6252 1.3408
6253 0.5872
6254 0.1102
6255 0.1358
6256 0.4283
6257 0.4068
6258 0.1140
6259 0.6440
6260 1.1971
6261 0.2205
6262 0.1527
6263 0.7759
6264 0.5857
6265 2.4556
6266 0.3497
6267 0.1614
6268 0.5128
6269 0.3340
6270 1.3131
6271 0.4353
6272 0.1210
6273 0.2524
6274 1.3239
6275 0.1906
6276 0.2168
6277 0.1836
6278 0.3958
6279 0.3451
6280 1.3654
6281 0.1672
6282 0.1003
6283 0.2377
6284 0.4147
6285 0.1797
6286 0.3709
6287 11.9684
6288 0.1548
6289 0.1622
6290 0.4855
6291 0.2053
6292 0.2946
6293 0.2158
6294 0.1588
6295 1.4527
6296 2.3273
6297 0.4562
6298 0.7445
6299 0.2715
6300 0.3370
6301 0.2340
6302 0.6379
6303 0.1722
6304 0.3107
6305 0.2476
6306 0.9184
6307 0.2100
6308 0.2799
6309 0.8500
6310 0.2211
6311 0.7729
6312 0.3082
6313 0.6124
6314 1.3270
6315 2.0408
6316 0.4182
6317 0.2273
6318 0.3597
6319 0.1420
6320 0.1859
6321 0.8289
6322 6.7655
6323 0.4368
6324 0.1088
6325 0.3097
6326 0.1216
6327 0.9036
6328 1.5734
6329 0.2798
6330 0.8274
6331 0.4613
6332 1.0751
6333 0.2058
6334 0.1426
6335 0.5712
6336 0.7916
6337 0.5776
6338 1.3093
6339 2.7092
6340 0.7277
6341 0.1140
6342 0.3060
6343 0.4382
6344 1.2965
6345 0.4261
6346 0.3240
6347 0.4575
6348 0.0884
6349 0.1110
6350 2.2246
6351 0.1787
6352 0.2947
6353 0.2124
6354 0.8465
6355 1.2004
6356 0.3028
6357 1.9352
6358 0.3319
6359 0.5583
6360 0.3834
6361 0.1302
6362 1.1946
6363 0.1874
6364 0.9808
6365 1.4080
6366 0.9161
6367 0.3815
6368 0.4425
6369 0.9505
6370 0.2531
6371 5.6715
6372 0.4752
6373 0.2182
6374 0.1717
6375 0.6537
6376 0.5493
6377 0.1104
6378 0.8671
6379 0.8603
6380 0.7990
6381 1.2426
6382 0.9176
6383 0.2799
6384 1.8877
6385 0.3850
6386 0.2118
6387 0.1020
6388 1.2780
6389 0.7849
6390 0.1781
6391 0.9606
6392 0.1856
6393 0.2343
6394 0.3530
6395 3.4066
6396 2.1113
6397 0.3067
6398 0.4675
6399 0.1721
6400 1.2522
6401 0.2184
6402 2.5215
6403 0.6527
6404 0.7154
6405 0.3419
6406 0.1478
6407 0.5211
6408 4.6266
6409 3.8992
6410 0.6852
6411 0.1027
6412 0.6577
6413 0.0850
6414 0.6631
6415 0.0882
6416 0.4121
6417 0.3294
6418 0.2551
6419 0.2430
6420 0.7997
6421 2.2391
6422 1.0909
6423 0.3605
6424 2.2684
6425 0.1977
6426 0.3050
6427 0.1942
6428 1.7518
6429 0.5664
6430 0.1546
6431 0.5391
6432 0.3379
6433 1.4034
6434 3.0117
6435 0.2954
6436 0.1445
6437 3.5157
6438 0.1198
6439 0.1510
6440 0.3779
6441 0.9020
6442 2.6153
6443 0.7521
6444 0.3082
6445 0.8589
6446 0.2171
6447 0.5019
6448 1.1237
6449 0.2496
6450 0.1526
6451 0.0904
6452 1.4300
6453 0.3005
6454 0.4076
6455 0.4611
6456 0.6585
6457 0.4968
6458 0.2114
6459 0.4231
6460 3.2255
6461 0.1483
6462 0.3537
6463 0.3177
6464 0.5640
6465 0.9493
6466 3.7158
6467 1.2133
6468 0.4001
6469 0.3385
6470 1.0826
6471 2.0689
6472 2.7052
6473 1.5869
6474 0.3317
6475 0.1619
6476 3.7969
6477 1.0236
6478 0.5133
6479 0.3277
6480 0.4928
6481 0.1459
6482 0.6085
6483 0.8990
6484 0.2099
6485 0.3298
6486 2.8403
6487 0.2273
6488 0.0984
6489 0.1629
6490 4.2385
6491 0.5972
6492 0.3238
6493 0.3569
6494 0.3033
6495 0.3251
6496 0.6263
6497 0.2339
6498 3.0988
6499 0.2483
6500 0.2539
6501 0.3338
6502 0.5084
6503 0.3027
6504 0.4466
6505 0.1830
6506 2.4999
6507 1.7895
6508 1.0070
6509 3.0281
6510 0.3002
6511 0.2269
6512 0.2833
6513 0.2864
6514 0.2005
6515 1.0518
6516 0.2965
6517 0.3627
6518 0.1767
6519 0.3609
6520 0.3785
6521 0.7539
6522 0.1116
6523 0.5470
6524 0.1642
6525 0.8302
6526 0.2546
6527 1.1418
6528 2.2144
6529 0.1950
6530 0.6765
6531 0.2462
6532 0.6876
6533 0.5013
6534 0.1990
6535 2.0537
6536 0.1179
6537 0.5486
6538 0.5396
6539 0.9066
6540 0.1054
6541 0.1868
6542 0.1763
6543 0.6347
6544 2.0970
6545 0.0970
6546 0.3918
6547 0.9565
6548 0.6447
6549 0.4749
6550 0.3788
6551 0.0953
6552 0.3188
6553 0.6585
6554 0.2095
6555 0.3644
6556 0.4099
6557 0.4222
6558 0.1995
6559 0.4317
6560 0.2347
6561 0.1823
6562 0.3669
6563 0.2630
6564 1.0730
6565 0.1002
6566 0.0838
6567 1.2544
6568 0.2820
6569 0.4275
6570 1.6379
6571 0.2661
6572 0.2139
6573 0.3265
6574 0.2517
6575 1.5146
6576 0.2072
6577 0.1858
6578 0.6213
6579 1.5077
6580 0.7555
6581 0.0769
6582 0.4093
6583 0.1901
6584 0.2801
6585 0.4192
6586 0.5567
6587 0.2699
6588 0.4033
6589 0.0987
6590 0.1514
6591 0.5373
6592 0.3630
6593 2.3045
6594 0.3366
6595 0.5392
6596 1.6873
6597 0.8385
6598 0.2580
6599 1.4281
6600 0.3616
6601 0.7032
6602 0.2563
6603 0.2994
6604 0.0929
6605 0.1787
6606 0.6785
6607 1.2911
6608 0.1219
6609 6.7057
6610 0.5365
6611 0.3413
6612 0.9977
6613 0.2397
6614 0.1176
6615 0.3118
6616 0.3867
6617 0.9244
6618 1.2132
6619 0.4540
6620 4.6674
6621 0.7195
6622 0.2328
6623 0.2370
6624 0.1676
6625 0.4218
6626 0.1565
6627 0.3624
6628 0.1233
6629 0.2050
6630 0.4479
6631 0.2806
6632 0.8157
6633 0.4740
6634 0.3906
6635 0.4913
6636 4.5405
6637 2.4221
6638 1.4741
6639 0.3592
6640 0.0836
6641 1.6700
6642 0.3214
6643 0.3306
6644 0.5113
6645 2.5409
6646 0.2577
6647 2.3090
6648 3.1392
6649 1.4694
6650 0.8793
6651 0.2854
6652 0.2912
6653 0.5480
6654 0.5349
6655 0.9070
6656 0.2295
6657 0.1115
6658 0.3574
6659 0.2368
6660 0.3500
6661 0.0697
6662 1.3452
6663 2.9014
6664 0.4755
6665 0.3051
6666 0.0859
6667 0.2404
6668 0.3064
6669 0.5792
6670 0.1477
6671 0.6884
6672 0.9768
6673 0.4322
6674 0.2250
6675 1.4539
6676 4.9111
6677 0.2146
6678 0.6470
6679 0.6467
6680 1.4701
6681 0.1889
6682 0.4522
6683 1.6512
6684 0.5581
6685 0.1671
6686 0.7328
6687 0.7202
6688 0.1730
6689 1.0985
6690 0.1717
6691 0.2212
6692 0.2595
6693 0.4941
6694 0.1294
6695 0.2969
6696 0.2278
6697 0.0997
6698 0.7724
6699 0.4786
6700 0.8845
6701 0.0649
6702 0.7456
6703 0.5866
6704 0.3204
6705 0.5811
6706 0.1613
6707 1.2485
6708 0.7393
6709 2.1578
6710 0.2579
6711 0.5314
6712 0.9334
6713 0.3176
6714 0.7724
6715 0.1994
6716 1.6201
6717 0.3855
6718 0.3015
6719 1.3043
6720 0.2237
6721 0.2764
6722 0.2121
6723 0.1816
6724 0.3420
6725 0.2934
6726 0.5873
6727 0.6176
6728 3.1246
6729 1.5362
6730 1.0351
6731 0.4418
6732 0.5734
6733 0.4068
6734 0.0811
6735 0.4820
6736 0.6115
6737 0.3268
6738 2.8910
6739 0.4849
6740 0.7562
6741 1.5234
6742 0.4941
6743 1.2251
6744 0.7570
6745 0.6726
6746 0.1621
6747 0.1251
6748 0.1188
6749 0.2725
6750 5.1517
6751 0.3639
6752 0.2950
6753 0.2846
6754 0.6353
6755 0.3572
6756 0.5452
6757 0.4020
6758 0.2833
6759 0.5647
6760 0.2400
6761 0.2631
6762 0.5075
6763 0.2231
6764 0.1729
6765 0.8867
6766 0.3111
6767 0.6045
6768 0.0856
6769 0.1019
6770 0.3000
6771 0.5964
6772 0.1918
6773 0.3423
6774 0.4292
6775 1.3944
6776 0.4321
6777 0.2876
6778 0.1810
6779 0.2789
6780 0.6786
6781 0.4256
6782 0.3020
6783 1.2060
6784 0.3894
6785 0.4054
6786 1.1398
6787 0.6131
6788 0.9775
6789 0.1751
6790 0.7798
6791 0.6798
6792 1.1293
6793 1.1914
6794 4.9147
6795 0.1821
6796 0.3186
6797 0.0922
6798 0.1026
6799 0.5178
6800 0.2149
6801 0.2259
6802 1.2009
6803 0.3912
6804 0.3570
6805 0.1042
6806 0.0625
6807 0.1181
6808 0.1395
6809 0.9755
6810 0.5942
6811 0.4102
6812 0.0738
6813 0.3790
6814 0.5995
6815 0.2642
6816 0.9470
6817 0.3678
6818 0.2095
6819 0.3186
6820 1.2003
6821 0.7447
6822 0.8091
6823 0.6281
6824 2.5532
6825 0.3730
6826 2.9980
6827 0.3920
6828 0.0956
6829 2.3907
6830 0.2242
6831 0.1237
6832 0.7050
6833 0.2596
6834 0.0699
6835 0.4203
6836 0.3192
6837 1.4498
6838 0.9054
6839 0.6809
6840 1.3464
6841 0.3583
6842 0.3093
6843 0.4196
6844 0.2277
6845 0.0747
6846 0.8282
6847 0.4247
6848 0.4315
6849 0.7456
6850 0.1633
6851 0.6433
6852 0.2195
6853 0.2519
6854 0.2855
6855 1.3171
6856 0.2672
6857 0.0886
6858 0.1980
6859 0.7635
6860 2.0038
6861 0.4326
6862 0.3273
6863 0.3156
6864 0.1020
6865 0.3645
6866 0.4433
6867 0.3518
6868 0.7806
6869 1.3022
6870 0.2806
6871 1.3051
6872 0.4622
6873 0.1160
6874 0.5053
6875 0.3068
6876 0.5188
6877 0.0780
6878 0.1671
6879 0.5234
6880 0.2276
6881 0.4290
6882 0.1750
6883 0.2095
6884 2.1041
6885 0.3669
6886 2.8170
6887 0.2681
6888 15.7080
6889 2.1452
6890 0.7188
6891 7.0783
6892 0.8271
6893 0.2635
6894 0.9590
6895 0.2502
6896 0.4256
6897 0.3738
6898 1.9898
6899 0.8093
6900 0.2123
6901 0.6898
6902 0.9935
6903 0.2429
6904 0.5224
6905 0.6319
6906 0.2530
6907 0.2913
6908 0.4349
6909 0.2587
6910 0.3542
6911 0.5126
6912 0.1637
6913 0.1445
6914 0.0990
6915 0.5017
6916 0.1315
6917 0.2002
6918 0.3168
6919 0.1101
6920 0.1326
6921 1.0359
6922 0.0943
6923 0.1564
6924 1.5423
6925 2.7857
6926 0.1915
6927 0.2866
6928 0.4912
6929 0.4243
6930 2.3407
6931 1.0112
6932 0.2454
6933 0.1545
6934 0.2015
6935 0.2881
6936 0.3267
6937 0.5111
6938 1.4106
6939 2.2405
6940 1.8463
6941 0.2680
6942 0.2581
6943 0.2005
6944 0.4592
6945 0.4694
6946 0.2572
6947 0.2005
6948 0.8248
6949 0.2532
6950 0.7301
6951 0.6357
6952 0.2276
6953 0.1978
6954 0.3418
6955 0.5663
6956 1.0441
6957 0.1804
6958 0.2153
6959 1.1172
6960 0.3246
6961 0.5124
6962 1.2044
6963 0.5052
6964 0.3018
6965 0.1118
6966 0.4147
6967 0.3251
6968 0.0945
6969 0.3567
6970 0.1429
6971 0.3729
6972 0.7116
6973 0.0761
6974 0.2303
6975 1.4357
6976 0.5529
6977 2.0542
6978 2.1206
6979 3.1189
6980 0.0855
6981 0.3169
6982 0.3008
6983 0.9720
6984 0.4231
6985 1.1339
6986 0.1135
6987 0.1101
6988 0.5225
6989 0.1760
6990 0.2553
6991 0.7796
6992 0.1766
6993 12.6190
6994 0.2842
6995 0.5080
6996 0.1667
6997 0.2784
6998 0.1020
6999 1.6173
7000 0.2939
7001 1.0240
7002 0.3542
7003 1.5672
7004 0.1828
7005 0.7658
7006 0.0855
7007 0.1546
7008 2.2135
7009 0.2924
7010 0.4581
7011 0.2747
7012 0.4413
7013 1.6811
7014 0.0765
7015 0.2905
7016 0.2015
7017 0.3334
7018 0.6025
7019 0.1018
7020 0.4315
7021 0.1632
7022 0.8338
7023 0.1551
7024 0.3853
7025 0.8652
7026 0.3089
7027 0.2883
7028 0.1966
7029 0.3696
7030 1.0826
7031 7.0954
7032 0.6723
7033 0.3952
7034 0.3582
7035 0.6106
7036 1.6912
7037 0.2914
7038 0.7625
7039 0.0933
7040 0.5725
7041 0.1790
7042 0.5729
7043 0.5552
7044 1.0688
7045 2.6706
7046 0.2158
7047 0.4801
7048 0.1913
7049 0.5325
7050 1.7406
7051 0.4312
7052 0.0891
7053 0.0861
7054 0.1724
7055 0.3147
7056 0.3327
7057 0.5097
7058 0.3813
7059 0.8446
7060 2.5311
7061 0.0872
7062 0.5517
7063 0.2894
7064 1.7984
7065 0.3330
7066 0.1085
7067 0.4863
7068 14.6101
7069 3.5462
7070 0.7830
7071 0.5656
7072 0.2590
7073 1.0747
7074 7.4707
7075 0.6830
7076 0.1485
7077 0.2021
7078 0.2422
7079 0.2488
7080 0.3077
7081 0.1699
7082 0.1592
7083 0.0976
7084 0.2995
7085 0.1526
7086 0.1027
7087 0.2942
7088 0.8331
7089 1.1750
7090 0.6920
7091 0.3328
7092 3.2291
7093 1.8298
7094 0.0851
7095 0.4580
7096 0.1483
7097 0.0807
7098 0.1652
7099 1.2694
7100 0.3451
7101 1.0809
7102 0.7266
7103 0.2233
7104 0.1736
7105 0.0742
7106 0.9875
7107 0.3312
7108 0.6499
7109 0.6279
7110 1.5034
7111 0.5012
7112 1.0148
7113 0.4006
7114 1.0178
7115 1.3165
7116 0.1500
7117 0.5497
7118 0.2895
7119 0.3164
7120 0.8022
7121 0.5539
7122 0.2158
7123 0.8100
7124 0.4547
7125 0.2255
7126 0.1310
7127 0.1694
7128 0.3724
7129 0.9488
7130 0.3819
7131 0.5588
7132 1.5038
7133 1.5016
7134 0.3452
7135 0.1111
7136 1.1892
7137 0.8960
7138 0.3425
7139 1.1079
7140 0.4429
7141 0.3114
7142 0.0921
7143 0.3401
7144 0.8230
7145 0.1436
7146 0.2506
7147 1.7024
7148 4.2233
7149 0.6744
7150 0.1166
7151 0.6519
7152 1.4137
7153 0.7587
7154 0.2864
7155 1.5232
7156 0.0984
7157 1.2903
7158 1.4566
7159 0.1939
7160 0.2771
7161 0.6496
7162 0.0772
7163 0.6083
7164 0.5667
7165 0.5166
7166 0.3855
7167 0.4587
7168 0.5754
7169 0.3234
7170 0.2119
7171 0.8532
7172 0.2628
7173 0.2019
7174 0.4530
7175 0.1939
7176 0.4025
7177 0.0677
7178 0.6919
7179 0.2836
7180 0.2174
7181 1.3013
7182 0.2769
7183 0.1702
7184 0.2773
7185 0.6298
7186 1.0827
7187 0.1968
7188 0.3540
7189 0.3317
7190 0.1794
7191 0.4257
7192 0.1539
7193 0.1991
7194 1.3583
7195 0.6743
7196 0.1530
7197 0.3757
7198 0.2229
7199 0.2801
7200 0.2082
7201 0.0765
7202 0.1756
7203 0.7331
7204 0.1948
7205 1.0585
7206 0.3559
7207 0.9998
7208 0.3207
7209 1.2918
7210 0.6216
7211 0.3288
7212 0.2757
7213 2.1435
7214 1.5662
7215 0.1808
7216 0.5639
7217 0.7590
7218 0.2973
7219 0.0890
7220 0.5461
7221 0.2447
7222 0.4127
7223 0.3530
7224 0.2367
7225 0.0788
7226 0.5045
7227 0.9138
7228 0.4619
7229 0.6092
7230 1.0961
7231 0.3033
7232 0.1390
7233 0.2287
7234 0.1986
7235 0.1600
7236 0.6800
7237 0.3619
7238 0.1860
7239 0.8790
7240 0.4081
7241 0.3090
7242 0.3788
7243 0.1483
7244 0.1566
7245 0.1282
7246 0.1241
7247 0.8945
7248 0.3156
7249 0.2095
7250 0.1422
7251 0.2908
7252 0.2518
7253 0.8269
7254 0.4386
7255 0.3134
7256 0.2851
7257 1.5102
7258 0.9644
7259 1.0423
7260 0.1275
7261 0.2539
7262 0.1190
7263 0.3883
7264 0.5471
7265 0.3535
7266 0.1829
7267 1.5518
7268 0.1232
7269 5.1414
7270 0.3162
7271 0.0739
7272 1.3560
7273 2.4347
7274 1.2549
7275 1.9651
7276 0.3258
7277 0.5686
7278 0.8812
7279 1.2770
7280 1.4078
7281 0.5809
7282 0.1777
7283 0.3194
7284 0.5141
7285 0.0767
7286 0.3911
7287 0.9522
7288 1.3820
7289 0.3072
7290 0.1603
7291 0.1438
7292 0.0775
7293 0.1766
7294 1.1902
7295 1.8979
7296 0.0983
7297 0.2546
7298 0.7953
7299 0.4382
7300 0.1597
7301 0.1658
7302 0.4830
7303 0.3816
7304 0.7160
7305 0.9785
7306 0.1004
7307 1.3602
7308 0.1866
7309 0.3496
7310 1.8529
7311 0.2007
7312 0.7938
7313 0.5814
7314 0.4725
7315 4.9948
7316 0.2228
7317 0.0894
7318 0.6030
7319 5.5819
7320 1.0724
7321 0.2052
7322 0.3720
7323 0.7675
7324 0.2511
7325 0.2715
7326 0.4348
7327 0.2378
7328 0.2076
7329 0.2431
7330 0.4832
7331 1.7627
7332 0.2925
7333 0.1867
7334 0.0853
7335 0.3708
7336 0.4296
7337 0.3279
7338 0.5415
7339 0.3567
7340 0.2709
7341 0.1572
7342 0.1288
7343 0.4277
7344 0.1742
7345 0.2456
7346 0.7877
7347 0.4543
7348 0.8919
7349 2.7172
7350 0.2326
7351 1.4793
7352 0.5934
7353 0.1209
7354 1.9954
7355 0.8280
7356 0.7161
7357 0.3386
7358 1.3662
7359 0.1524
7360 0.4270
7361 0.2701
7362 0.0867
7363 1.0574
7364 1.1897
7365 0.1191
7366 0.2957
7367 0.1910
7368 0.0798
7369 0.1944
7370 0.1834
7371 0.2263
7372 0.3862
7373 0.3508
7374 0.3351
7375 0.3301
7376 0.6542
7377 0.0839
7378 0.8886
7379 0.3404
7380 2.3624
7381 0.4487
7382 0.4327
7383 0.2235
7384 0.5246
7385 0.1525
7386 6.1266
7387 0.3260
7388 0.2366
7389 0.3685
7390 0.1998
7391 0.2847
7392 0.1530
7393 0.2340
7394 0.1633
7395 10.7097
7396 0.1938
7397 0.6643
7398 0.4174
7399 0.1421
7400 0.2752
7401 0.2333
7402 0.1427
7403 0.1103
7404 0.3951
7405 0.2915
7406 0.2354
7407 0.1115
7408 0.2908
7409 0.1444
7410 0.0605
7411 0.1416
7412 0.5815
7413 0.8481
7414 0.1624
7415 0.2210
7416 0.3178
7417 0.2738
7418 0.2984
7419 0.6758
7420 0.5105
7421 0.4924
7422 0.3861
7423 0.1173
7424 0.9187
7425 1.2466
7426 5.2189
7427 0.2206
7428 0.3786
7429 1.5964
7430 0.5046
7431 0.9605
7432 0.0911
7433 0.4535
7434 0.3090
7435 0.7302
7436 0.1402
7437 0.7006
7438 0.3132
7439 0.1163
7440 0.8702
7441 2.3204
7442 0.1153
7443 1.2786
7444 0.0881
7445 1.2770
7446 0.1972
7447 0.8276
7448 0.7870
7449 0.6955
7450 0.4966
7451 0.2878
7452 2.9384
7453 0.8121
7454 1.7243
7455 0.3050
7456 0.1577
7457 0.2684
7458 0.5414
7459 0.1115
7460 0.1505
7461 0.9550
7462 0.2390
7463 2.2652
7464 0.2593
7465 0.4278
7466 0.9061
7467 0.3948
7468 0.5134
7469 0.1172
7470 0.1535
7471 0.3341
7472 0.4235
7473 0.3662
7474 2.5853
7475 0.3618
7476 1.0781
7477 2.2136
7478 0.2005
7479 0.0629
7480 0.1503
7481 0.2631
7482 0.1349
7483 1.0631
7484 0.4351
7485 0.6974
7486 0.3414
7487 0.5516
7488 0.9041
7489 0.7380
7490 0.8062
7491 0.3728
7492 0.3843
7493 0.1008
7494 0.7097
7495 0.3865
7496 0.2226
7497 0.3446
7498 0.4688
7499 1.1163
7500 0.2113
7501 0.5066
7502 0.1083
7503 0.4648
7504 1.8122
7505 4.6981
7506 0.3508
7507 0.2503
7508 1.2531
7509 0.1966
7510 0.4984
7511 0.0875
7512 0.6817
7513 0.2292
7514 0.0793
7515 1.5697
7516 0.2559
7517 0.2596
7518 0.2599
7519 0.7086
7520 0.0904
7521 0.4463
7522 0.4200
7523 0.0900
7524 0.7548
7525 0.8617
7526 0.3738
7527 0.6068
7528 0.2720
7529 0.2257
7530 0.7938
7531 2.1613
7532 0.3134
7533 0.2009
7534 0.1461
7535 0.8219
7536 0.2665
7537 0.3523
7538 0.1331
7539 0.1813
7540 1.3323
7541 0.9643
7542 0.6694
7543 0.1218
7544 0.7009
7545 0.0762
7546 0.3614
7547 0.5287
7548 1.2486
7549 0.2215
7550 1.0805
7551 0.2973
7552 0.6925
7553 2.4779
7554 0.1910
7555 0.0722
7556 0.6243
7557 0.1074
7558 0.9381
7559 0.1105
7560 4.7460
7561 0.4851
7562 1.0093
7563 0.3073
7564 0.5320
7565 0.1359
7566 1.9764
7567 0.4804
7568 0.1296
7569 0.3034
7570 0.2224
7571 0.2664
7572 0.3102
7573 3.1461
7574 0.0986
7575 0.1411
7576 0.0913
7577 1.6413
7578 0.1116
7579 0.1373
7580 0.3956
7581 0.3388
7582 0.3992
7583 0.6003
7584 0.1017
7585 0.0957
7586 0.2890
7587 0.7421
7588 1.7463
7589 0.3635
7590 0.4144
7591 0.3539
7592 0.4008
7593 0.1856
7594 0.5803
7595 0.4622
7596 8.2984
7597 0.2588
7598 0.0751
7599 0.4628
7600 0.2153
7601 1.6704
7602 0.6431
7603 0.4836
7604 0.0683
7605 0.2923
7606 1.1914
7607 0.2392
7608 0.8401
7609 0.6354
7610 0.1860
7611 0.0830
7612 0.1767
7613 0.3831
7614 0.1212
7615 0.2162
7616 0.7741
7617 0.3533
7618 0.2100
7619 0.7994
7620 0.4116
7621 0.2041
7622 0.1656
7623 0.1518
7624 0.3240
7625 1.3599
7626 0.1540
7627 2.4526
7628 1.2223
7629 0.9665
7630 0.6868
7631 0.2962
7632 0.1678
7633 0.9565
7634 1.0284
7635 0.9023
7636 0.4330
7637 0.5325
7638 0.3316
7639 1.5271
7640 0.4860
7641 0.3486
7642 0.3546
7643 0.0862
7644 0.5712
7645 0.1841
7646 0.1291
7647 0.6969
7648 0.3740
7649 1.1777
7650 0.2605
7651 1.8145
7652 0.3708
7653 0.5865
7654 0.5702
7655 0.2211
7656 0.2569
7657 0.3503
7658 0.2837
7659 0.4272
7660 0.1691
7661 0.1001
7662 0.8060
7663 0.8620
7664 0.7319
7665 0.3969
7666 0.4130
7667 3.5225
7668 1.1760
7669 0.5022
7670 0.7613
7671 0.1846
7672 1.6156
7673 0.4509
7674 0.1708
7675 0.1002
7676 0.1941
7677 0.1833
7678 0.7017
7679 0.4380
7680 0.3475
7681 0.2553
7682 1.2617
7683 0.1948
7684 1.4501
7685 0.1537
7686 5.0734
7687 0.0895
7688 0.9458
7689 0.1394
7690 0.2414
7691 0.1945
7692 0.3038
7693 0.2121
7694 0.6679
7695 0.2046
7696 15.9558
7697 0.5167
7698 0.1725
7699 0.4213
7700 0.6294
7701 0.1655
7702 0.2099
7703 0.3404
7704 0.4060
7705 0.1832
7706 0.2904
7707 0.3145
7708 0.2968
7709 0.5261
7710 0.6872
7711 1.3031
7712 0.2581
7713 0.9671
7714 0.3397
7715 0.1025
7716 0.1884
7717 0.1502
7718 0.6245
7719 1.4567
7720 0.6127
7721 0.6461
7722 0.2161
7723 2.7624
7724 2.3200
7725 0.4005
7726 0.1220
7727 0.2090
7728 0.2738
7729 1.7818
7730 0.7467
7731 1.7913
7732 0.3444
7733 2.1488
7734 0.1991
7735 0.2633
7736 0.4480
7737 0.1091
7738 0.1076
7739 1.3526
7740 1.1173
7741 1.1952
7742 0.5700
7743 0.1899
7744 1.2343
7745 0.4926
7746 4.9467
7747 0.1709
7748 0.4490
7749 0.1133
7750 4.0822
7751 0.6280
7752 0.2470
7753 0.5369
7754 0.3589
7755 0.1543
7756 0.2131
7757 0.3588
7758 0.3286
7759 1.0810
7760 0.2732
7761 0.2994
7762 0.5900
7763 0.8484
7764 1.5492
7765 0.4245
7766 0.5670
7767 0.3727
7768 0.3184
7769 0.9301
7770 0.5182
7771 0.2169
7772 0.9337
7773 0.1204
7774 0.6284
7775 0.1311
7776 0.1655
7777 0.5454
7778 0.2383
7779 0.7044
7780 0.1477
7781 0.4550
7782 0.1597
7783 0.2772
7784 0.7075
7785 0.5102
7786 0.4288
7787 0.6827
7788 0.1581
7789 0.4066
7790 3.4888
7791 0.1905
7792 0.1709
7793 0.9138
7794 0.6146
7795 0.6138
7796 0.3262
7797 0.0958
7798 0.5097
7799 0.1242
7800 0.3818
7801 0.1712
7802 0.1678
7803 7.0730
7804 0.4805
7805 0.5407
7806 0.3245
7807   NaN
7808 0.2939
7809 0.2369
7810 0.7196
7811 0.1242
7812 0.2342
7813 0.1852
7814 1.4257
7815 0.6797
7816 1.6038
7817 1.0783
7818 0.1871
7819 2.1584
7820 0.2275
7821 0.2254
7822 0.5770
7823 0.1799
7824 0.5092
7825 0.2514
7826 0.1848
7827 0.8669
7828 0.4817
7829 2.5404
7830 0.1948
7831 3.1555
7832 0.4270
7833 0.1847
7834 0.3403
7835 1.9766
7836 0.5053
7837 1.7399
7838 6.8331
7839 0.9018
7840 0.8823
7841 0.3753
7842 0.1810
7843 0.8904
7844 0.3816
7845 0.4655
7846 0.9501
7847 0.2414
7848 0.1496
7849 0.2470
7850 1.4478
7851 1.0816
7852 0.4091
7853 0.6722
7854 0.1966
7855 1.5040
7856 0.1740
7857 0.5537
7858 0.4379
7859 1.1511
7860 2.0182
7861 0.6068
7862 0.0904
7863 0.4117
7864 0.3318
7865 0.1464
7866 0.8443
7867 0.9354
7868 0.4997
7869 0.3586
7870 0.6428
7871 0.3022
7872 0.1874
7873 0.8284
7874 1.6152
7875 0.2490
7876 0.0826
7877 1.5906
7878 6.3609
7879 1.6172
7880 2.9297
7881 0.4050
7882 0.1468
7883 0.2444
7884 0.2152
7885 1.0969
7886 0.7440
7887 0.0678
7888 0.5738
7889 0.7028
7890 0.3502
7891 0.8288
7892 0.2088
7893 2.6535
7894 0.0816
7895 2.2069
7896 0.9439
7897 0.1574
7898 0.1988
7899 0.1300
7900 0.2267
7901 0.0858
7902 0.1627
7903 10.2985
7904 0.8302
7905 0.1657
7906 0.0713
7907 0.7903
7908 1.3198
7909 0.7025
7910 0.1976
7911 0.7543
7912 0.4311
7913 0.3026
7914 0.2650
7915 0.2086
7916 0.2946
7917 0.1395
7918 1.1737
7919 11.8879
7920 0.0727
7921 0.2239
7922 0.4689
7923 0.8242
7924 0.2635
7925 0.7828
7926 0.2261
7927 3.3561
7928 0.2947
7929 0.5180
7930 0.2633
7931 0.2319
7932 0.6693
7933 0.0744
7934 0.1490
7935 0.6407
7936 0.2050
7937 0.2315
7938 0.9143
7939 0.9639
7940 0.1014
7941 0.0621
7942 0.1021
7943 2.3927
7944 0.7217
7945 1.5521
7946 0.6723
7947 0.6987
7948 0.7422
7949 0.2181
7950 0.3925
7951 0.1829
7952 0.2618
7953 0.9404
7954 0.4944
7955 0.5827
7956 0.2162
7957 0.3040
7958 0.3971
7959 0.1332
7960 0.2300
7961 2.5098
7962 0.1893
7963 1.2120
7964 0.1911
7965 4.2649
7966 1.3862
7967 0.4754
7968 0.0886
7969 2.1869
7970 0.7650
7971 0.6923
7972 0.6596
7973 0.1584
7974 0.2144
7975 0.3579
7976 0.2697
7977 0.2441
7978 0.7371
7979 3.1900
7980 0.2777
7981 0.6050
7982 0.6646
7983 0.1864
7984 0.8997
7985 0.2472
7986 0.3098
7987 0.4450
7988 0.1320
7989 0.2028
7990 0.1722
7991 0.2151
7992 0.9244
7993 0.4153
7994 0.8621
7995 0.8618
7996 0.1131
7997 0.2198
7998 0.1747
7999 0.2685
8000 0.3199
8001 0.2105
8002 0.6595
8003 0.2448
8004 0.4131
8005 0.2331
8006 0.0927
8007 0.5902
8008 0.3589
8009 0.2448
8010 0.3468
8011 0.5101
8012 0.1155
8013 6.3043
8014 0.4656
8015 1.3544
8016 0.0933
8017 0.2237
8018 1.0262
8019 0.6240
8020 0.3753
8021 0.1415
8022 0.3953
8023 0.2457
8024 0.5714
8025 0.1995
8026 0.9148
8027 1.0757
8028 0.2992
8029 2.9695
8030 0.1064
8031 1.4185
8032 0.7428
8033 0.6988
8034 0.6272
8035 0.3834
8036 1.0013
8037 0.4715
8038 0.3689
8039 0.5771
8040 0.0747
8041 0.7762
8042 0.8643
8043 1.0082
8044 5.7572
8045 0.4933
8046 0.2604
8047 0.2092
8048 0.2214
8049 1.2616
8050 0.0905
8051 0.0953
8052 0.2715
8053 2.0542
8054 1.5554
8055 0.7795
8056 0.1961
8057 0.6673
8058 0.0910
8059 0.3266
8060 0.8981
8061 0.2089
8062 0.1596
8063 0.6099
8064 0.3892
8065 0.5905
8066 0.3561
8067 0.3422
8068 0.2014
8069 3.5982
8070 0.8215
8071 0.7725
8072 0.4124
8073 1.9327
8074 0.6992
8075 0.1878
8076 1.2421
8077 1.2344
8078 0.0868
8079 0.1437
8080 0.2388
8081 0.0958
8082 0.2523
8083 0.1383
8084 0.2483
8085 0.7670
8086 0.3434
8087 0.2283
8088 0.1689
8089 0.9642
8090 0.1872
8091 0.4378
8092 8.2997
8093 0.2507
8094 6.8929
8095 0.0716
8096 0.2047
8097 0.1067
8098 0.7411
8099 0.1058
8100 0.6911
8101 0.8155
8102 0.3889
8103 0.4172
8104 0.8361
8105 0.4046
8106 1.2784
8107 0.8680
8108 2.1541
8109 0.1009
8110 0.7661
8111 0.2989
8112 0.9104
8113 0.2546
8114 2.2668
8115 3.4828
8116 1.0930
8117 0.1719
8118 0.0837
8119 0.1558
8120 0.0903
8121 1.0974
8122 0.5517
8123 0.0987
8124 0.2049
8125 0.4240
8126 0.0792
8127 0.2180
8128 0.3280
8129 0.7417
8130 0.0995
8131 0.4368
8132 0.3324
8133 0.2674
8134 0.2239
8135 1.4736
8136 10.1311
8137 0.4820
8138 0.5152
8139 0.5740
8140 1.0094
8141 0.1351
8142 0.8958
8143 0.4167
8144 0.2048
8145 0.0895
8146 0.1927
8147 0.4169
8148 0.3580
8149 0.1837
8150 0.4355
8151 0.5444
8152 0.3566
8153 1.1061
8154 0.1257
8155 5.5794
8156 0.2286
8157 0.1040
8158 2.1635
8159 0.1362
8160 1.1421
8161 0.1247
8162 0.3819
8163 1.0744
8164 0.1859
8165 0.2149
8166 0.4104
8167 0.1301
8168 0.1736
8169 0.9087
8170 0.4128
8171 0.1011
8172 0.1491
8173 0.7973
8174 0.1531
8175 0.0663
8176 1.3431
8177 0.1696
8178 0.2024
8179 3.3053
8180 0.0947
8181 0.1275
8182 4.2060
8183 0.1985
8184 0.1273
8185 1.9064
8186 0.2930
8187 0.5762
8188 31.9635
8189 0.5750
8190 0.0758
8191 0.1210
8192 1.1823
8193 0.5355
8194 0.4436
8195 1.3078
8196 1.9548
8197 0.5882
8198 0.4559
8199 0.7553
8200 0.3410
8201 0.1511
8202 0.1287
8203 0.3197
8204 0.2450
8205 0.3680
8206 0.1569
8207 1.0235
8208 0.1321
8209 1.8646
8210 0.6600
8211 0.3875
8212 0.5544
8213 0.2210
8214 0.3203
8215 0.9087
8216 11.8024
8217 0.1626
8218 0.1786
8219 0.1494
8220 2.3899
8221 3.8937
8222 0.0872
8223 0.5528
8224 0.0880
8225 0.1206
8226 0.5997
8227 0.7652
8228 0.2473
8229 0.4053
8230 0.1842
8231 0.3527
8232 1.3186
8233 0.4383
8234 0.6415
8235 0.7125
8236 0.3397
8237 0.3529
8238 0.1587
8239 0.1102
8240 1.5336
8241 0.2661
8242 2.1948
8243 0.5644
8244 1.3291
8245 0.1137
8246 0.2114
8247 0.1018
8248 1.7159
8249 0.2094
8250 0.1934
8251 0.8283
8252 0.5047
8253 0.0896
8254 0.3876
8255 0.2124
8256 0.9487
8257 0.1854
8258 1.3204
8259 0.9267
8260 0.1469
8261 0.5482
8262 0.1500
8263 0.2061
8264 0.5713
8265 0.7883
8266 0.9065
8267 0.4040
8268 0.1040
8269 0.4518
8270 0.2962
8271 0.1258
8272 1.8471
8273 6.4400
8274 0.1216
8275   NaN
8276 1.1914
8277 0.3754
8278 0.1632
8279 1.3660
8280 0.1865
8281 0.6924
8282 0.2651
8283 0.3459
8284 0.4949
8285 0.1570
8286 0.4771
8287 0.1684
8288 2.4313
8289 0.2963
8290 0.1434
8291 0.1807
8292 0.1575
8293 2.8417
8294 0.7288
8295 0.5363
8296 0.0933
8297 0.1921
8298 2.1985
8299 0.0797
8300 0.4735
8301 1.2348
8302 2.5321
8303 0.7972
8304 0.2431
8305 0.2593
8306 1.0240
8307 0.0603
8308 0.2617
8309 0.4716
8310 0.4166
8311 0.2686
8312 0.1710
8313 1.3267
8314 0.2920
8315 14.9493
8316 0.2773
8317 1.2184
8318 0.2197
8319 0.3521
8320 0.3631
8321 0.7074
8322 0.2583
8323 1.2793
8324 0.1800
8325 0.2681
8326 1.3252
8327 0.7389
8328 0.1597
8329 0.3260
8330 0.2080
8331 0.2317
8332 0.1261
8333 1.4240
8334 0.0937
8335 0.3719
8336 0.6458
8337 0.4049
8338 0.2936
8339 0.6117
8340 0.4670
8341 0.2145
8342 0.2164
8343 0.2055
8344 0.4059
8345 0.1495
8346 5.6784
8347 0.6692
8348 0.2673
8349 0.5891
8350 0.2972
8351 0.2307
8352 0.6038
8353 0.3107
8354 0.5393
8355 0.2615
8356 0.2263
8357 0.2509
8358 1.3583
8359 0.7252
8360 3.5515
8361 0.4663
8362 0.1773
8363 0.1625
8364 0.2323
8365 0.2078
8366 0.1039
8367 0.7080
8368 0.2627
8369 0.3123
8370 0.0771
8371 0.1769
8372 0.1268
8373 0.6490
8374 0.2650
8375 0.1901
8376 0.3005
8377 0.0977
8378 0.6683
8379 0.0966
8380 0.3734
8381 0.3940
8382 0.3735
8383 0.6171
8384 0.1310
8385 0.0672
8386 0.5241
8387 0.4991
8388 1.9554
8389 0.5217
8390 4.1895
8391 0.5137
8392 3.0837
8393 0.4636
8394 5.9123
8395 1.2784
8396 0.2962
8397 0.2045
8398 0.9310
8399 0.2626
8400 0.1259
8401 0.7762
8402 4.0984
8403 0.1860
8404 0.2764
8405 3.1597
8406 0.2674
8407 1.1479
8408 0.1936
8409 0.9638
8410 0.4538
8411 0.5982
8412 0.2097
8413 0.6762
8414 0.8509
8415 0.6932
8416 0.3090
8417 0.3163
8418 0.3787
8419 2.1814
8420 0.4204
8421 0.4309
8422 0.6416
8423 0.2252
8424 1.9023
8425 0.1343
8426 0.0896
8427 0.1629
8428 0.4400
8429 0.1751
8430 0.1472
8431 0.3115
8432 5.7496
8433 0.1048
8434 0.9841
8435 0.7108
8436 0.2306
8437 0.1002
8438 0.2224
8439 0.3421
8440 0.1150
8441 0.5079
8442 0.1539
8443 0.1169
8444 0.2712
8445 0.1657
8446 0.9400
8447 0.1588
8448 0.4283
8449 1.4059
8450 1.3195
8451 0.4034
8452 0.4616
8453 0.1260
8454 0.5389
8455 2.0275
8456 0.4033
8457 0.7718
8458 0.4701
8459 0.3488
8460 0.4582
8461 0.1555
8462 1.2976
8463 0.1107
8464 0.5570
8465 0.3973
8466 0.6000
8467 0.2755
8468 0.4640
8469 0.3244
8470 0.1801
8471 0.1732
8472 1.9612
8473 0.1065
8474 0.3126
8475 1.1336
8476 0.8735
8477 0.1886
8478 0.1001
8479 0.2027
8480 1.0172
8481 0.2223
8482 0.2864
8483 0.2564
8484 0.4971
8485 0.7255
8486 0.4449
8487 0.2663
8488 0.1442
8489 1.1707
8490 0.6766
8491 0.5927
8492 0.7126
8493 0.7880
8494 0.8896
8495 0.3076
8496 0.1203
8497 1.0830
8498 0.9793
8499 0.4152
8500 0.0854
8501 1.1621
8502 0.3017
8503 0.0847
8504 0.5677
8505 0.9595
8506 0.2507
8507 0.2659
8508 0.6713
8509 0.6227
8510 2.0025
8511 0.6596
8512 1.1771
8513 0.5031
8514 0.2804
8515 0.2457
8516 0.2352
8517 0.7708
8518 1.9892
8519 0.2270
8520 0.8437
8521 0.2513
8522 0.4751
8523 1.1230
8524 0.3505
8525 4.1451
8526 0.4240
8527 0.7419
8528 7.7531
8529 0.1235
8530 7.4426
8531 0.1519
8532 0.8509
8533 0.1881
8534 0.7830
8535 0.1393
8536 0.1316
8537 0.2201
8538 0.1655
8539 0.2902
8540 0.1701
8541 0.2764
8542 0.1534
8543 0.6359
8544 0.1190
8545 2.1904
8546 0.4390
8547 0.2624
8548 0.2560
8549 0.4368
8550 1.3940
8551 0.0905
8552 0.2914
8553 0.0610
8554 0.1769
8555 0.1873
8556 0.1217
8557 0.0832
8558 1.3744
8559 0.2551
8560 1.0618
8561 0.3844
8562 1.9589
8563 4.2334
8564 0.8490
8565 6.8067
8566 0.1578
8567 0.3546
8568 0.3906
8569 0.2091
8570 0.7053
8571 0.2662
8572 1.4233
8573 0.5033
8574 0.1535
8575 0.4708
8576 4.7371
8577 0.2330
8578 1.5374
8579 0.6712
8580 0.1593
8581 0.3828
8582 0.2172
8583 0.1629
8584 0.6598
8585 1.5747
8586 0.1480
8587 1.0911
8588 0.7594
8589 0.4000
8590 0.2139
8591 1.9770
8592 0.1428
8593 0.6771
8594 0.8580
8595 0.2610
8596 0.1922
8597 0.3441
8598 0.1735
8599 0.2811
8600 0.4241
8601 0.2383
8602 1.9941
8603 0.1044
8604 0.2644
8605 0.6291
8606 0.3164
8607 0.1570
8608 0.1449
8609 0.1220
8610 1.4265
8611 0.0822
8612 1.0216
8613 0.1886
8614 1.0726
8615 0.4110
8616 0.1558
8617 1.0983
8618 1.7931
8619 0.3602
8620 0.0655
8621 1.1546
8622 0.1233
8623 0.7646
8624 0.4051
8625 2.3130
8626 0.6746
8627 0.3534
8628 0.2393
8629 0.3311
8630 0.4146
8631 0.3189
8632 0.1224
8633 0.0874
8634 0.1585
8635 0.4311
8636 0.6040
8637 0.5014
8638 0.1912
8639 0.1988
8640 0.1353
8641 0.3163
8642 0.5491
8643 0.3966
8644 1.0570
8645 0.4589
8646 0.2884
8647 0.1642
8648 0.6701
8649 0.5320
8650 0.1667
8651 1.4854
8652 0.7355
8653 0.6172
8654 1.2438
8655 0.8824
8656 0.1210
8657 0.1580
8658 0.2761
8659 1.2966
8660 0.2082
8661 1.9874
8662 1.0338
8663 0.4381
8664 0.4022
8665 0.4373
8666 0.8748
8667 0.1667
8668 0.1392
8669 0.3744
8670 0.7459
8671 0.1562
8672 0.8999
8673 0.1021
8674 15.1867
8675 0.0876
8676 1.3817
8677 0.0892
8678 0.4093
8679 0.5577
8680 0.7649
8681 0.1325
8682 0.2445
8683 0.1729
8684 0.6154
8685 0.1173
8686 0.0707
8687 0.2380
8688 0.3699
8689 0.6941
8690 0.2613
8691 0.4386
8692 0.3131
8693 0.4751
8694 0.1842
8695 1.7518
8696 0.5249
8697 0.8969
8698 0.1860
8699 3.1839
8700 0.8747
8701 0.8840
8702 0.5607
8703 0.1894
8704 0.6206
8705 0.2788
8706 0.2031
8707 1.2491
8708 0.0902
8709 1.3595
8710 1.9206
8711 0.2025
8712 0.1099
8713 1.2185
8714 0.3172
8715 0.2189
8716 0.0693
8717 0.2508
8718 0.3899
8719 0.2661
8720 0.0811
8721 2.0690
8722 0.1740
8723 0.1736
8724 0.4237
8725 2.6525
8726 0.6562
8727 1.7094
8728 0.1927
8729 0.3140
8730 2.2223
8731 1.0591
8732 0.3748
8733 1.6676
8734 0.0915
8735 0.2389
8736 0.2751
8737 0.6976
8738 0.5562
8739 0.1393
8740 0.1125
8741 0.9893
8742 0.2585
8743 0.2899
8744 1.2256
8745 0.2828
8746 3.6617
8747 0.5782
8748 0.1193
8749 0.1566
8750 2.7730
8751 0.1811
8752 0.5502
8753 0.2967
8754 3.1748
8755 0.9739
8756 8.6930
8757 0.1687
8758 0.4488
8759 0.1712
8760 0.5055
8761 2.0704
8762 1.1510
8763 0.0817
8764 0.0733
8765 0.2774
8766 1.3179
8767 0.1625
8768 0.8761
8769 0.6711
8770 0.1469
8771 0.2352
8772 0.1564
8773 1.5587
8774 2.4849
8775 1.6499
8776 0.2098
8777 0.2200
8778 0.2281
8779 1.0479
8780 0.0880
8781 0.6419
8782 0.6235
8783 1.9372
8784 0.3051
8785 0.3422
8786 0.2050
8787 2.9036
8788 0.3638
8789 0.9231
8790 0.8971
8791 0.2642
8792 1.1809
8793 0.4281
8794 1.0221
8795 1.2112
8796 0.8413
8797 0.2753
8798 1.3457
8799 0.1292
8800 0.6961
8801 0.1900
8802 0.5492
8803 1.0811
8804 0.7093
8805 0.7206
8806 0.1913
8807 0.1879
8808 0.3409
8809 0.2907
8810 1.3366
8811 0.1772
8812 0.1692
8813 0.2533
8814 0.1016
8815 0.1793
8816 1.8912
8817 0.1247
8818 0.1696
8819 0.8621
8820 0.2396
8821 0.1469
8822 0.1712
8823 0.2947
8824 0.4680
8825 0.8063
8826 0.6475
8827 0.6235
8828 1.0264
8829 0.1127
8830 9.9390
8831 1.0893
8832 0.1171
8833 1.6692
8834 4.9399
8835 0.2782
8836 0.6370
8837 0.3887
8838 0.1345
8839 0.7887
8840 0.0927
8841 1.4839
8842 0.3651
8843 0.1323
8844 0.5547
8845 0.2601
8846 0.3218
8847 0.6050
8848 0.2580
8849 0.4242
8850 0.3110
8851 0.2333
8852 1.6852
8853 0.5201
8854 0.1840
8855 0.1851
8856 0.7880
8857 0.1563
8858 1.0587
8859 1.0548
8860 3.6109
8861 0.1922
8862 0.2964
8863 0.2147
8864 0.1142
8865 0.0834
8866 0.7965
8867 0.5405
8868 0.5996
8869 0.2040
8870 0.2443
8871 0.7270
8872 0.7222
8873 0.1548
8874 0.4179
8875 0.1709
8876 0.4083
8877 0.5331
8878 1.2356
8879   NaN
8880 0.1566
8881 0.1350
8882 2.5094
8883 6.0183
8884 0.3545
8885 0.1246
8886 0.6725
8887 0.2552
8888 0.3853
8889 2.5247
8890 0.3517
8891 1.2950
8892 1.0906
8893 0.5475
8894 0.1102
8895 0.5955
8896 0.8012
8897 1.7492
8898 0.2477
8899 0.2197
8900 0.1659
8901 0.3304
8902 0.2394
8903 1.9402
8904 0.7699
8905 0.1819
8906 0.4305
8907 0.1061
8908 1.0175
8909 0.3358
8910 0.1427
8911 0.3201
8912 0.2206
8913 0.5281
8914 0.3693
8915 0.7721
8916 0.3828
8917 0.4993
8918 0.1896
8919 0.4693
8920 0.2178
8921 0.1602
8922 2.5481
8923 0.2176
8924 0.3074
8925 0.0804
8926 0.3644
8927 0.1579
8928 0.4696
8929 1.1058
8930 0.1233
8931 1.1755
8932 0.2930
8933 1.4015
8934 3.1764
8935 0.0989
8936 1.9014
8937 0.0692
8938 0.6270
8939 0.1564
8940 2.2952
8941 0.2513
8942 1.0386
8943 0.2394
8944 0.7431
8945 0.4187
8946   NaN
8947 0.2658
8948 0.4349
8949 1.0663
8950 0.2326
8951 1.2940
8952 0.1467
8953 0.3173
8954 0.5282
8955 0.2487
8956 0.8879
8957 0.7766
8958 0.1190
8959 0.7847
8960 0.3563
8961 2.2980
8962 0.4390
8963 0.3204
8964 1.2684
8965 0.1672
8966 0.0893
8967 0.1613
8968 0.5127
8969 0.2726
8970 0.3283
8971 2.0195
8972 0.9568
8973 0.4344
8974 1.7442
8975 0.3295
8976 0.7757
8977 0.1657
8978 0.1672
8979 0.2374
8980 0.1413
8981 0.2633
8982 1.3601
8983 0.4196
8984 0.1645
8985 0.1719
8986 0.1200
8987 0.2901
8988 0.2159
8989 0.1433
8990 1.0620
8991 3.0478
8992 0.4883
8993 0.1296
8994 0.2693
8995 0.5584
8996 0.7764
8997 1.1875
8998 3.3251
8999 0.1343
9000 0.9245
9001 0.1128
9002 2.7851
9003 0.2197
9004 0.3306
9005 3.6797
9006 0.9403
9007 0.4219
9008 0.3556
9009 0.3466
9010 3.6687
9011 0.2463
9012 0.1624
9013 0.3483
9014 0.3444
9015 0.2476
9016 0.5625
9017 0.1679
9018 0.5828
9019 1.6466
9020 0.2478
9021 0.3751
9022 0.4882
9023 0.1407
9024 0.2735
9025 0.9411
9026 0.7648
9027 2.0003
9028 0.5495
9029 1.6457
9030 0.2085
9031 0.8515
9032 0.5045
9033 0.3701
9034 0.3634
9035 0.2027
9036 0.8681
9037 1.0037
9038 0.1426
9039 1.4094
9040 0.3345
9041 0.8149
9042 0.2115
9043 0.0761
9044 1.4613
9045 0.1622
9046 0.2369
9047 0.0818
9048 0.8017
9049 0.1255
9050 0.2939
9051 0.4639
9052 1.3802
9053 1.4458
9054 0.3365
9055 0.2512
9056 0.2610
9057 4.1184
9058 0.1234
9059 0.1060
9060 0.7560
9061 0.1652
9062 0.1468
9063 0.5489
9064 0.3679
9065 0.2366
9066 0.3536
9067 0.1451
9068 0.3006
9069 0.3631
9070 1.3686
9071 0.7604
9072 0.3678
9073 0.3897
9074 0.1829
9075 1.4194
9076 0.4893
9077 0.6839
9078 0.4925
9079 0.1525
9080 2.7729
9081 0.4585
9082 0.1235
9083 0.3923
9084 0.1201
9085 0.1635
9086 0.2049
9087 0.2110
9088 0.0940
9089 0.2711
9090 0.2394
9091 0.5688
9092 0.1397
9093 1.0606
9094 0.3353
9095 5.6434
9096 0.7635
9097 2.0148
9098 0.1149
9099 0.1848
9100 0.8622
9101 0.2854
9102 0.1828
9103 0.6894
9104 0.2275
9105 0.2255
9106 1.2189
9107 0.6843
9108 0.0840
9109 1.2989
9110 0.0974
9111 0.5460
9112 0.4942
9113 0.7722
9114 0.6292
9115 0.2780
9116 0.2785
9117 0.3790
9118 0.9951
9119 0.2266
9120 0.2035
9121 0.6501
9122 0.4237
9123 0.1121
9124 0.6673
9125 0.6389
9126 1.8007
9127 2.5902
9128 3.2590
9129 0.0899
9130 1.1129
9131 0.2107
9132 0.1849
9133 1.2428
9134 0.1461
9135 0.7596
9136 0.2090
9137 0.2422
9138 0.6662
9139 0.3424
9140 0.2887
9141 0.9043
9142 0.4572
9143 0.2733
9144 0.5413
9145 0.4517
9146 1.5649
9147 0.0883
9148 1.4286
9149 0.5292
9150 0.3470
9151 0.6325
9152 0.1812
9153 0.5852
9154 0.5965
9155 0.1370
9156 0.3552
9157 0.2060
9158 1.6953
9159 0.1258
9160 0.6880
9161 0.1135
9162 0.0867
9163 0.1995
9164 0.1613
9165 1.0257
9166 0.9436
9167 1.2318
9168 1.4305
9169 6.0436
9170 1.1106
9171 2.6102
9172 0.6437
9173 0.3737
9174 0.0915
9175 0.5126
9176 0.3106
9177 0.1104
9178 1.1351
9179 0.1434
9180 0.2260
9181 0.4435
9182 0.1393
9183 0.2531
9184 0.6036
9185 3.3294
9186 2.1005
9187 0.5050
9188 0.8143
9189 1.2444
9190 0.6511
9191 0.2564
9192 0.3327
9193 0.0898
9194 0.0926
9195 0.5024
9196 0.1007
9197 0.9804
9198 0.5473
9199 0.8736
9200 0.2976
9201 0.4192
9202 0.2879
9203 0.0930
9204 0.3859
9205 0.4560
9206 0.2506
9207 0.3399
9208 0.7232
9209 0.1489
9210 0.4694
9211 0.3100
9212 0.5713
9213 0.3579
9214 0.7686
9215 0.3683
9216 0.0752
9217 0.2384
9218 0.8284
9219 0.5649
9220 1.9803
9221 0.3128
9222 0.1791
9223 0.3770
9224 0.6127
9225 0.5080
9226 2.1571
9227 0.3617
9228 0.7298
9229 0.7039
9230 0.1422
9231 0.5331
9232 1.5952
9233 0.4477
9234 0.8667
9235 0.7272
9236 0.5624
9237 0.4589
9238 0.6859
9239 0.0836
9240 0.2165
9241 0.7353
9242 0.1644
9243 0.2934
9244 0.7180
9245 0.9274
9246 0.1167
9247 0.2491
9248 1.5175
9249 0.4991
9250 0.3284
9251 1.1531
9252 0.9097
9253 0.2084
9254 0.2100
9255 0.2604
9256 0.6055
9257 0.1080
9258 1.2326
9259 0.2382
9260 0.3224
9261 0.2134
9262 0.6687
9263 0.2064
9264 1.0004
9265 0.9583
9266 0.7012
9267 0.6655
9268 0.0874
9269 0.1182
9270 0.1446
9271 0.8411
9272 0.2653
9273 0.9120
9274 2.6730
9275 0.2201
9276 0.8137
9277 0.1701
9278 0.2506
9279 0.1846
9280 0.6753
9281 0.8602
9282 0.3001
9283 0.1751
9284 0.2104
9285 0.3172
9286 0.1898
9287 0.7509
9288 0.2450
9289 0.3908
9290 1.5778
9291 0.1905
9292 0.3577
9293 0.1712
9294 8.0596
9295 0.2135
9296 0.0856
9297 0.1144
9298 0.1193
9299 0.8447
9300 0.5398
9301 0.6783
9302 0.2135
9303 0.3420
9304 1.2749
9305 0.2316
9306 2.2240
9307 0.1755
9308 0.2668
9309 0.4235
9310 0.5628
9311 0.4635
9312 0.1029
9313 0.4168
9314 0.2095
9315 1.6392
9316 3.2551
9317 0.2647
9318 0.6662
9319 0.4580
9320 0.9010
9321 1.1854
9322 0.1693
9323 0.2130
9324 0.1369
9325 0.1941
9326 0.6693
9327 0.4230
9328 1.0924
9329 0.2099
9330 1.1436
9331 0.2839
9332 2.3115
9333 0.7368
9334 0.6293
9335 1.1555
9336 0.1812
9337 0.3079
9338 0.1795
9339 0.8311
9340 0.2031
9341 1.2858
9342 0.0846
9343 0.8554
9344 0.2882
9345 4.9855
9346 0.2825
9347 0.4675
9348 0.7406
9349 0.2509
9350 0.2007
9351 0.1646
9352 0.2708
9353 0.3610
9354 0.1391
9355 14.3180
9356 1.2382
9357 0.1423
9358 1.3695
9359 0.3610
9360 0.4898
9361 0.1059
9362 0.6558
9363 0.3965
9364 0.3418
9365 2.6052
9366 0.2264
9367 0.8479
9368 0.5480
9369 1.2562
9370 0.2520
9371 0.3485
9372 1.5231
9373 0.2620
9374 0.1781
9375 0.1632
9376 0.9067
9377 0.1882
9378 0.7469
9379 0.1792
9380 0.4455
9381 3.2550
9382 0.7307
9383 1.0336
9384 0.1005
9385 0.2124
9386 0.4587
9387 0.1965
9388 0.2108
9389 0.2222
9390 1.3020
9391 0.1097
9392 0.8226
9393 0.5370
9394 0.2774
9395 0.5285
9396 0.2922
9397 0.1569
9398 0.9405
9399 0.1082
9400 0.3620
9401 0.5868
9402 0.4093
9403 0.9101
9404 0.8614
9405 0.7504
9406 0.4941
9407 0.1034
9408 0.5456
9409 0.2785
9410 0.3299
9411 0.2514
9412 0.2622
9413 0.7903
9414 0.7067
9415 0.2005
9416 0.2591
9417 0.0959
9418 0.2836
9419 0.3390
9420 0.6181
9421 0.4814
9422 0.2979
9423 2.3605
9424 0.9616
9425 0.7576
9426 0.8509
9427 0.1697
9428 0.2642
9429 0.2393
9430 0.7322
9431 1.9033
9432 0.1161
9433 0.9157
9434 2.7765
9435 2.9276
9436 0.1621
9437 0.1394
9438 1.0482
9439 0.5764
9440 0.3568
9441 0.7380
9442 0.1774
9443 0.2586
9444 0.2025
9445 0.2318
9446 0.0767
9447 0.4434
9448 0.5053
9449 0.2907
9450 1.7146
9451 0.2005
9452 0.1152
9453 0.1999
9454 0.0829
9455 0.3219
9456 0.5994
9457 0.5243
9458 0.0924
9459 0.2047
9460 0.4291
9461 0.0698
9462 0.2434
9463 1.8750
9464 1.2096
9465 2.3603
9466 1.1063
9467 7.3527
9468 0.4645
9469 0.1894
9470 1.7954
9471 0.3479
9472 2.8150
9473 0.1903
9474 0.3750
9475 0.9854
9476 0.2141
9477 0.2054
9478 1.7068
9479 5.9386
9480 0.9910
9481 0.1048
9482 0.3188
9483 0.1118
9484 0.3792
9485 0.4830
9486 0.2153
9487 1.3378
9488 0.2701
9489 0.2424
9490 0.5917
9491 0.8910
9492 0.1993
9493 0.2762
9494 0.2484
9495 0.2155
9496 0.6057
9497 0.3208
9498 0.9553
9499 2.2814
9500 0.1147
9501 1.5447
9502 0.1165
9503 2.3367
9504 1.4733
9505 0.5196
9506 0.2422
9507 0.5965
9508 1.2099
9509 0.3217
9510 0.2156
9511 2.9558
9512 0.4897
9513 0.0981
9514 0.3584
9515 0.1599
9516 0.9666
9517 0.3990
9518 4.3021
9519 1.7874
9520 0.8046
9521 0.3760
9522 0.5368
9523 2.9107
9524 0.4751
9525 0.3330
9526 0.3220
9527 1.1253
9528 0.1350
9529 1.0357
9530 0.2262
9531 0.1667
9532 0.2142
9533 0.0644
9534 0.6106
9535 0.3387
9536 0.1097
9537 0.4223
9538 0.3742
9539 0.6570
9540 0.1200
9541 2.9133
9542 0.4746
9543 0.3240
9544 0.1834
9545 0.3299
9546 0.4675
9547 0.2617
9548 0.5447
9549 0.2429
9550 0.6169
9551 0.2409
9552 0.1552
9553 1.2077
9554 0.6355
9555 1.1095
9556 2.2057
9557 0.4415
9558 0.5887
9559 1.1895
9560 1.2461
9561 0.3624
9562 0.1847
9563 0.0931
9564 0.8874
9565 1.9520
9566 0.1760
9567 0.1662
9568 0.4586
9569 0.0645
9570 0.4851
9571 0.4251
9572 0.1219
9573 0.8851
9574 1.0535
9575 1.8479
9576 0.4310
9577 0.3414
9578 0.1800
9579 0.3856
9580 0.2667
9581 0.3279
9582 0.1743
9583 0.2425
9584 0.5256
9585 0.1583
9586 0.1854
9587 0.1863
9588 0.3807
9589 0.3487
9590 0.1890
9591 0.1990
9592 1.6975
9593 1.1501
9594 0.3402
9595 1.7288
9596 0.1837
9597 0.3473
9598 0.3444
9599 0.3637
9600 0.6736
9601 0.1192
9602 0.2039
9603 0.1966
9604 0.1476
9605 0.2638
9606 0.0738
9607 1.1732
9608 0.0798
9609 0.3855
9610 2.2321
9611 0.3414
9612 0.1811
9613 0.0942
9614 0.6364
9615 0.5591
9616 0.3803
9617 0.3294
9618 0.0902
9619 0.5574
9620 0.2608
9621 2.5443
9622 0.0705
9623 0.3961
9624 0.6021
9625 0.2220
9626 2.0134
9627 0.4208
9628 0.3283
9629 2.1326
9630 2.2696
9631 0.1579
9632 0.8767
9633 3.6124
9634 0.4203
9635 0.0837
9636 0.4160
9637 0.5199
9638 0.6278
9639 0.1264
9640 0.4437
9641 2.7646
9642 3.4143
9643 1.5580
9644 3.3193
9645 2.0107
9646 0.1090
9647 1.9855
9648 0.4245
9649 0.1628
9650 0.2502
9651 0.3042
9652 0.8439
9653 0.8135
9654 0.3690
9655 1.4773
9656 0.5595
9657 1.6431
9658 1.2215
9659 0.2144
9660 0.3031
9661 0.4566
9662 0.7200
9663 1.8637
9664 0.3540
9665 1.1940
9666 1.6573
9667 0.7589
9668 0.3356
9669 1.2456
9670 0.1306
9671 0.5093
9672 1.2376
9673 0.3623
9674 1.0494
9675 0.4025
9676 0.6246
9677 0.2901
9678 0.2714
9679 0.1686
9680 0.5709
9681 0.2011
9682 0.3823
9683 0.6335
9684 0.2548
9685 0.1272
9686 0.1543
9687 1.1226
9688 1.5630
9689 0.8054
9690 2.6895
9691 0.5866
9692 0.2072
9693 2.4580
9694 3.4422
9695 0.0890
9696 0.1223
9697 0.1722
9698 0.1859
9699 0.0908
9700 0.6775
9701 0.1364
9702 0.1658
9703 0.3764
9704 1.3429
9705 0.2253
9706 0.1482
9707 0.8341
9708 9.9034
9709 0.0948
9710 0.4173
9711 0.1514
9712 0.7275
9713 0.4679
9714 0.2445
9715 0.8716
9716 0.3195
9717 0.2345
9718 0.4890
9719 0.1860
9720 0.1725
9721 0.2451
9722 1.4445
9723 0.5065
9724 0.3760
9725 0.8871
9726 0.5470
9727 0.2225
9728 1.1049
9729 1.7390
9730 0.5591
9731 0.2105
9732 0.3870
9733 1.2393
9734 0.7407
9735 0.2517
9736 0.3578
9737 2.6033
9738 0.0925
9739 0.0880
9740 0.2301
9741 0.2484
9742 1.2577
9743 1.0662
9744 0.2694
9745 0.4275
9746 0.5200
9747 0.1286
9748 0.9692
9749 0.7990
9750 0.8358
9751 0.3874
9752 1.2477
9753 1.3484
9754 0.2231
9755 0.2062
9756 1.4998
9757 0.3963
9758 0.2482
9759 0.1894
9760 0.6427
9761 0.4830
9762 0.4290
9763 0.6447
9764 0.1672
9765 0.2157
9766 0.4115
9767 0.4162
9768 0.1217
9769 0.2209
9770 0.2294
9771 0.1486
9772 0.2968
9773 0.0987
9774 0.7194
9775 0.2246
9776 0.3391
9777 0.5562
9778 0.4091
9779 0.2134
9780 0.0784
9781 0.1048
9782 0.3695
9783 1.8867
9784 0.8431
9785 0.5335
9786 0.3505
9787 0.2858
9788 0.5889
9789 0.7129
9790 0.3167
9791 0.0768
9792 0.2431
9793 0.4405
9794 0.3310
9795 0.1578
9796 0.2447
9797 0.2525
9798 0.0710
9799 3.2961
9800 0.2325
9801 0.9030
9802 0.6842
9803 0.4067
9804 0.1211
9805 0.1538
9806 0.4733
9807 0.8970
9808 1.4099
9809 0.2186
9810 0.1370
9811 1.0773
9812 0.3461
9813 0.5875
9814 0.0906
9815 0.5081
9816 3.0085
9817 2.0634
9818 0.4654
9819 0.1586
9820 1.6985
9821 0.1797
9822 0.6765
9823 1.2208
9824 0.0963
9825 0.1112
9826 0.2530
9827 0.2131
9828 0.3215
9829 0.8175
9830 6.8512
9831 0.0831
9832 0.2257
9833 0.3685
9834 0.2200
9835 0.4415
9836 0.2484
9837 0.3452
9838 0.1610
9839 0.2563
9840 0.3588
9841 1.2051
9842 0.7657
9843 0.5985
9844 1.5850
9845 0.4259
9846 0.9658
9847 0.6263
9848 0.9851
9849 1.0073
9850 0.3168
9851 1.7671
9852 0.1891
9853 0.2865
9854 1.0920
9855 0.5671
9856 2.7516
9857 0.4079
9858 0.7993
9859 0.0908
9860 0.8882
9861 0.1374
9862 2.3985
9863 0.1754
9864 0.3523
9865 0.3209
9866 0.7242
9867 0.4594
9868 0.1924
9869 0.1739
9870 0.3683
9871 0.2679
9872 0.3112
9873 0.2875
9874 0.3165
9875 1.0961
9876 2.7502
9877 0.4802
9878 0.4789
9879 0.8117
9880 0.3377
9881 1.2118
9882 1.8003
9883 0.4179
9884 0.1696
9885 0.3157
9886 0.3077
9887 0.2984
9888 0.5491
9889 0.0586
9890 0.1126
9891 0.7497
9892 0.4741
9893 0.1819
9894 0.3613
9895 0.5540
9896 0.6066
9897 0.3277
9898 0.3120
9899 0.7926
9900 0.2819
9901 0.1432
9902 0.8278
9903 0.3942
9904 0.2677
9905 0.1639
9906 5.3876
9907 0.0899
9908 0.1575
9909 0.2532
9910 0.3945
9911 0.2215
9912 0.2640
9913 0.3773
9914 0.1350
9915 0.2237
9916 0.2673
9917 1.5013
9918 0.3020
9919 0.0987
9920 0.3239
9921 0.4630
9922 1.3138
9923 1.5873
9924 0.2379
9925 0.0897
9926 0.8688
9927 0.1098
9928 0.5096
9929 0.7733
9930 0.3435
9931 0.5106
9932 0.2295
9933 0.8109
9934 0.6847
9935 0.3659
9936 0.3461
9937 0.5513
9938 0.0942
9939 0.2162
9940 0.2123
9941 0.1774
9942 1.5798
9943 0.6609
9944 0.2759
9945 0.1291
9946 0.2967
9947 0.0577
9948 0.7327
9949 0.6295
9950 1.0639
9951 0.5290
9952 0.2093
9953 0.1842
9954 0.3620
9955 0.2779
9956 0.9321
9957 0.1474
9958 0.1573
9959 0.4043
9960 0.9966
9961 0.8527
9962 0.4183
9963 0.1819
9964 0.2678
9965 0.8059
9966 0.3433
9967 1.2266
9968 0.8259
9969 0.2983
9970 1.0272
9971 0.4064
9972 1.8018
9973 0.3161
9974 0.1605
9975 0.0822
9976 0.2178
9977 1.1976
9978 0.2179
9979 0.4782
9980 1.6842
9981 0.0925
9982 0.3912
9983 1.7595
9984 0.3765
9985 0.1905
9986 1.4810
9987 2.2520
9988 0.8850
9989 0.1947
9990 0.2124
9991 0.3547
9992 0.3019
9993 0.1386
9994 2.5906
9995 0.2220
9996 0.2884
9997 1.0331
9998 0.4068
9999 0.7909
10000 0.3069
