   1 1.6024
   2 11.2598
   3 1.0898
   4 2.9698
   5 1.7070
   6 19.2404
   7 2.3040
   8 4.4582
   9 8.1584
  10 0.5507
  11 0.1623
  12 17.7884
  13 0.1868
  14 5.0905
  15 20.8668
  16 16.8757
  17 7.9719
  18 13.7662
  19 1.6365
  20 4.2152
  21 0.9436
  22 19.2560
  23 1.3479
  24 3.1389
  25 47.4478
  26 6.3933
  27 4.0649
  28 3.6189
  29 16.7133
  30 16.4786
  31 13.8542
  32 1.7056
  33 0.7650
  34 2.9693
  35 14.9058
  36 3.6328
  37 11.8964
  38 1.6457
  39 27.8372
  40 0.6547
  41 2.7885
  42 1.6585
  43 12.6756
  44 4.6986
  45 0.3781
  46 22.7604
  47 10.0680
  48 3.2210
  49 2.3181
  50 0.6906
  51 21.1509
  52 26.2560
  53 0.3905
  54 2.5224
  55 0.9615
  56 10.4422
  57 35.6501
  58 1.9376
  59 23.7334
  60 2.1291
  61 78.1003
  62 1.7030
  63 15.5476
  64 24.5363
  65 1.0094
  66 19.3057
  67 0.5385
  68 10.4847
  69 21.0690
  70 4.3462
  71 1.9318
  72 2.0217
  73 2.8684
  74 12.5648
  75 3.9467
  76 1.0697
  77 32.0357
  78 0.4880
  79 3.0324
  80 2.4875
  81 18.4289
  82   NaN
  83 20.3251
  84 2.2967
  85 31.3198
  86 10.0901
  87 0.4328
  88 8.4295
  89 16.2459
  90 1.4511
  91 33.8914
  92 1.9074
  93 29.3400
  94 1.3154
  95 27.9357
  96 28.0378
  97 30.3533
  98 8.5567
  99 8.2300
 100 0.8293
 101 9.0692
 102 4.1328
 103 16.1112
 104 22.8337
 105 27.1555
 106 3.4832
 107 6.2609
 108 36.8046
 109 3.8333
 110 5.0547
 111 39.8356
 112 4.8163
 113 22.8938
 114 17.2372
 115 17.0731
 116 0.3865
 117 27.9968
 118 47.6175
 119 29.4726
 120 4.2068
 121 0.6307
 122 14.0974
 123 26.0852
 124   NaN
 125 39.4246
 126 3.9797
 127 17.7755
 128 18.5219
 129 1.3760
 130 0.6796
 131 0.7946
 132 101.9028
 133 10.2262
 134 17.8738
 135 4.7870
 136 0.6559
 137 4.2856
 138 6.7683
 139 16.5059
 140 5.3041
 141 11.3483
 142 32.8098
 143 4.6159
 144 1.3683
 145 0.2145
 146 0.6927
 147 2.1880
 148 6.3855
 149 0.5546
 150 0.5447
 151 25.0902
 152 16.8842
 153 1.8472
 154 4.8460
 155 4.3334
 156 2.5853
 157 6.3055
 158 1.6196
 159 5.7755
 160 3.0544
 161 8.6754
 162 17.3779
 163 3.1116
 164 2.9351
 165 34.1534
 166 7.2570
 167 22.6255
 168 15.1579
 169 1.8871
 170 1.8803
 171 2.7941
 172 14.0798
 173 1.2669
 174 36.7473
 175 0.6684
 176 2.3087
 177 3.7451
 178 2.2359
 179 21.1130
 180 4.7771
 181 17.8290
 182 1.6521
 183 4.1492
 184 8.5658
 185 14.0107
 186 17.0023
 187 1.6389
 188 0.9973
 189 19.5718
 190 15.8966
 191 10.2142
 192 22.3601
 193 3.4517
 194 4.5413
 195 5.8738
 196 0.5975
 197 10.4327
 198 3.7513
 199 8.5447
 200 0.1432
 201 4.7517
 202 2.0446
 203 3.2901
 204 24.4178
 205 2.7816
 206 13.4686
 207 6.1141
 208 17.9437
 209 7.9076
 210 12.8892
 211 14.7977
 212 2.1073
 213 0.9527
 214 4.9935
 215 3.2552
 216 31.0764
 217 1.6711
 218 3.5975
 219 0.7915
 220 5.6770
 221 0.3156
 222 1.6235
 223 1.3145
 224 4.3117
 225 12.6204
 226 1.0804
 227 2.2685
 228 30.5113
 229 11.7666
 230 10.6445
 231 20.7786
 232 23.1182
 233 29.5405
 234 0.2660
 235 4.1508
 236 2.6300
 237 1.7953
 238 5.8662
 239 31.8747
 240 13.7391
 241 3.7296
 242 1.4746
 243 0.8726
 244 13.9754
 245 15.3203
 246 46.7925
 247 5.7072
 248 19.8904
 249 10.4721
 250 1.1627
 251 4.1552
 252 3.1457
 253 25.6932
 254 17.2431
 255 1.2141
 256 1.0763
 257 0.3815
 258 5.0345
 259 8.0337
 260 16.9643
 261 20.3874
 262 0.5313
 263 4.2353
 264 1.4923
 265 15.1379
 266 9.7361
 267 0.3654
 268 1.1680
 269 1.8954
 270 15.5871
 271 23.7024
 272 20.8328
 273 21.9917
 274 7.3127
 275 56.1021
 276 15.7446
 277 15.5877
 278 0.7467
 279 19.4763
 280 1.8811
 281 16.3786
 282 29.4938
 283 45.5618
 284 26.2150
 285 21.8000
 286 1.2170
 287 7.8922
 288 4.1197
 289 0.8238
 290 5.4318
 291 8.8120
 292 1.3382
 293 1.4161
 294 21.1303
 295 1.2240
 296 24.1269
 297 1.9793
 298 12.6901
 299 1.7085
 300 1.6799
 301 5.3913
 302 0.8450
 303 31.8156
 304 3.7608
 305 1.1958
 306 14.4907
 307 1.4771
 308 2.4910
 309 34.6762
 310 9.1267
 311 0.4714
 312 29.6274
 313 4.0577
 314 1.7440
 315 30.1950
 316 12.5565
 317 15.0876
 318 17.3978
 319 18.8826
 320 0.7568
 321 6.5850
 322 1.1063
 323 2.8940
 324 0.2434
 325 47.8584
 326 0.2130
 327 10.7495
 328 24.2872
 329 21.5020
 330 52.7230
 331 0.7252
 332 47.4524
 333 2.4742
 334 18.2564
 335 37.7335
 336 5.4962
 337 4.6563
 338 1.8764
 339 1.8827
 340 14.5912
 341 0.5351
 342 3.6049
 343 2.4366
 344 36.5207
 345 0.4002
 346 22.9243
 347 0.3458
 348   NaN
 349 22.9184
 350 88.0882
 351 2.4120
 352 31.1515
 353 2.7893
 354 2.7455
 355 0.7531
 356 26.2587
 357 3.5129
 358 1.4714
 359 1.7525
 360 10.8275
 361 4.7291
 362 6.1152
 363 12.1634
 364 1.4582
 365 4.3497
 366 3.9823
 367 2.2006
 368 6.4764
 369 0.6647
 370 9.6270
 371 10.8994
 372 0.3166
 373 0.4456
 374 31.4692
 375 2.7925
 376 1.0070
 377 26.2671
 378 3.5807
 379 14.9570
 380 5.1531
 381 4.2974
 382 2.4931
 383 26.5095
 384 9.2475
 385 0.4929
 386 7.9449
 387 22.8142
 388 7.0339
 389 2.0433
 390 5.5717
 391 41.4657
 392 56.5375
 393 0.8619
 394 16.8522
 395 1.2760
 396 0.2126
 397 21.0821
 398 68.5432
 399 3.2708
 400 3.5232
 401 7.6616
 402 2.8047
 403 10.2600
 404 0.4280
 405 13.9819
 406 8.0044
 407 5.7472
 408 12.4395
 409 3.4745
 410 0.4514
 411 16.6733
 412 60.0592
 413 5.4160
 414 6.3617
 415 23.7039
 416 5.0213
 417 6.8937
 418 7.0352
 419 5.3249
 420 8.8017
 421 34.7636
 422 8.7773
 423 1.2908
 424 2.6225
 425 45.6599
 426 0.9184
 427 1.0095
 428 35.3332
 429 2.7887
 430 10.7323
 431 13.0733
 432 6.8494
 433 22.1854
 434 0.2387
 435 16.6757
 436 1.5362
 437 0.4625
 438 7.5948
 439 1.0495
 440 0.8297
 441 1.1180
 442 6.0098
 443 6.8359
 444 35.0419
 445 4.1214
 446 6.7105
 447 22.6406
 448 0.6602
 449 33.4098
 450 2.5241
 451 1.7595
 452 43.1091
 453 20.3604
 454 0.5278
 455 13.3029
 456 11.4334
 457 5.6752
 458 4.8496
 459 4.7482
 460 0.5076
 461 0.2244
 462 2.3130
 463 18.7947
 464 1.3550
 465 6.0414
 466 4.4946
 467 3.1994
 468 0.7105
 469 1.5908
 470 9.2094
 471 17.9809
 472 6.6083
 473 17.6162
 474 0.9436
 475 3.4265
 476 1.6818
 477 1.1589
 478 1.4102
 479 0.4327
 480 0.6596
 481 1.5354
 482 19.6697
 483 29.6536
 484 14.8197
 485 0.8635
 486 20.3199
 487 7.9843
 488 1.2933
 489 70.1023
 490   NaN
 491 20.8270
 492 4.1528
 493 0.5777
 494 23.6549
 495 9.4990
 496 4.2675
 497 15.2390
 498 32.9574
 499 103.0371
 500 6.1556
 501 11.5536
 502 5.1047
 503 46.2071
 504 18.9620
 505 4.9527
 506 2.1706
 507 2.2501
 508 9.7728
 509 2.1508
 510 40.0780
 511 6.7967
 512   NaN
 513 1.6186
 514 18.6859
 515 12.8094
 516 20.0853
 517 12.3945
 518 1.5101
 519 33.4159
 520 35.0930
 521 27.9710
 522   NaN
 523 2.2092
 524 0.7991
 525 40.8393
 526 12.2719
 527 1.7829
 528 6.2308
 529 0.6500
 530 13.9798
 531 0.2399
 532 35.2350
 533 0.1518
 534 16.7976
 535 46.5716
 536 2.6731
 537 31.1088
 538 2.4975
 539 5.5292
 540 1.1176
 541 1.8462
 542 7.5454
 543 14.1528
 544 0.3277
 545 0.2324
 546 2.0460
 547 1.3786
 548 5.9451
 549 1.0176
 550 15.3842
 551 1.7519
 552 17.0054
 553 1.9476
 554 29.3761
 555 2.0176
 556 1.7862
 557 3.1778
 558 12.7779
 559 0.3894
 560 23.6165
 561 4.9761
 562 21.0317
 563 1.4532
 564 1.7875
 565 1.9618
 566 8.5065
 567 3.2782
 568 1.8024
 569 15.8048
 570 5.5702
 571 2.6145
 572 22.0225
 573 22.7567
 574 12.7254
 575 127.7002
 576 0.3409
 577 28.5833
 578 2.3812
 579 16.3992
 580 13.6382
 581 9.9058
 582 4.9743
 583 10.7043
 584 3.3363
 585 4.4490
 586 10.8783
 587 2.2076
 588 18.0270
 589 12.7811
 590 4.5042
 591 0.8834
 592 8.6904
 593 25.8501
 594 1.5658
 595 6.4735
 596 0.7694
 597 0.6565
 598 3.4082
 599 6.8383
 600 12.9769
 601 4.0682
 602 2.2147
 603 19.5956
 604 1.4239
 605 7.5696
 606 0.5800
 607 4.0481
 608 1.6764
 609 0.9400
 610 11.6860
 611 0.1493
 612 6.8943
 613 8.4322
 614 9.2291
 615 13.7962
 616 32.5979
 617 2.8179
 618 1.7546
 619 30.7765
 620 4.9939
 621 8.8599
 622 0.6949
 623 3.4326
 624 1.0309
 625 0.4060
 626 8.0486
 627 54.8577
 628 40.5254
 629 30.7442
 630 4.3170
 631 7.5194
 632 2.8000
 633 0.5147
 634 11.7131
 635 3.1760
 636 0.3562
 637 2.9129
 638 34.7009
 639 0.5716
 640 4.0137
 641 1.6459
 642 0.5579
 643 21.5715
 644 17.1791
 645 1.3464
 646 5.0894
 647 2.9678
 648 2.1815
 649 2.6428
 650 0.2812
 651 1.9045
 652 13.4446
 653 8.2782
 654 11.4164
 655 14.8679
 656 8.2997
 657 4.2389
 658 3.0265
 659 4.6047
 660 0.5852
 661   NaN
 662 3.2557
 663 31.2579
 664 59.7480
 665 25.1224
 666 23.3711
 667 27.4251
 668 19.9058
 669 9.9873
 670 16.6580
 671 12.4862
 672 0.3334
 673 4.0700
 674 1.7435
 675 1.6698
 676 8.3151
 677 6.3265
 678 2.8570
 679 7.2572
 680 5.8819
 681 13.5070
 682 9.8865
 683 21.6287
 684 5.9202
 685 1.5668
 686 22.1900
 687 4.5380
 688 8.3690
 689 0.9000
 690 0.8666
 691 9.5803
 692 10.7780
 693 1.3251
 694 6.3745
 695 5.9240
 696 5.0147
 697 16.6604
 698 6.5661
 699 8.1767
 700 4.1351
 701 0.4638
 702 0.8866
 703 23.6853
 704 4.1962
 705 7.4953
 706 9.1004
 707 19.9149
 708 7.4789
 709 5.1237
 710 10.3186
 711 1.4287
 712 27.3727
 713 8.4172
 714 3.0417
 715 0.1527
 716 5.6994
 717 5.7165
 718 14.3337
 719 3.3547
 720 74.6369
 721 1.2665
 722 4.9095
 723 2.7897
 724 35.2364
 725 17.4101
 726 47.6015
 727 0.4828
 728 8.8621
 729 25.1709
 730 3.7505
 731 22.3144
 732 5.2112
 733 2.6365
 734 1.3193
 735 0.8633
 736 33.2232
 737 23.1538
 738 13.4884
 739 56.4533
 740 32.5169
 741 1.4715
 742 2.7924
 743 2.9838
 744 12.6676
 745 3.4991
 746 1.0597
 747 22.3143
 748 33.4881
 749 6.6060
 750 18.6299
 751 43.8273
 752 49.3159
 753 0.7148
 754 6.6782
 755 1.0620
 756 25.8220
 757 1.0514
 758 2.7022
 759 0.9580
 760 0.7432
 761 6.1816
 762 4.1689
 763 6.9359
 764 8.0782
 765 1.3731
 766 4.2614
 767 13.3117
 768 5.0938
 769 22.6917
 770 24.4304
 771 77.1660
 772 11.3093
 773 11.9513
 774 7.7882
 775 0.7434
 776 1.9179
 777 12.2860
 778 9.5844
 779 26.5378
 780 16.8568
 781 5.4193
 782 7.2116
 783 40.7493
 784 2.5800
 785 2.0328
 786 32.5264
 787 1.2504
 788 0.9675
 789 2.3998
 790 4.6711
 791 1.6524
 792 31.9244
 793 0.3817
 794 0.3477
 795 37.9314
 796 3.0853
 797 6.1039
 798 2.8837
 799 8.1070
 800 9.5404
 801 3.5184
 802 0.3062
 803 0.4564
 804 0.3058
 805 4.1141
 806 3.5572
 807 2.6943
 808 10.0982
 809 10.6848
 810 16.6506
 811 20.8054
 812 10.2506
 813 5.1999
 814 1.5999
 815 23.8569
 816 14.1982
 817 13.7614
 818 3.5061
 819 13.0319
 820 23.2295
 821 11.9598
 822 12.3517
 823 24.7733
 824 2.0691
 825 2.6295
 826 0.7310
 827 22.0807
 828 2.0810
 829 1.0305
 830 13.3558
 831 20.3402
 832 68.8732
 833 18.3520
 834 9.4766
 835 14.9905
 836 0.9127
 837 16.0352
 838 10.5389
 839 9.9031
 840 46.2179
 841 9.3241
 842 4.0316
 843 0.9852
 844 16.3523
 845 4.6660
 846 11.6002
 847 12.7648
 848 13.8474
 849 2.4735
 850 9.5861
 851 1.6755
 852 2.8836
 853 11.7442
 854 9.0051
 855 7.8710
 856 17.6366
 857 5.5386
 858 2.0229
 859 1.0631
 860 2.9495
 861 4.8822
 862 0.2265
 863 2.4925
 864 4.2625
 865 10.8866
 866 1.9771
 867 9.4816
 868 25.2594
 869 7.8821
 870 5.3463
 871 1.6252
 872 5.3472
 873 15.8911
 874 2.7929
 875 15.1736
 876 0.7478
 877 10.7300
 878 23.3083
 879 0.8008
 880 1.8269
 881 20.7921
 882 6.3753
 883 3.9526
 884 0.5465
 885 31.4767
 886 1.7531
 887 18.8130
 888 61.4171
 889 33.0872
 890 14.1314
 891 2.1709
 892 0.6650
 893 9.0791
 894 36.6846
 895 18.3612
 896 0.5504
 897 4.1695
 898 23.4486
 899 17.7330
 900 40.4595
 901 8.8538
 902 17.7838
 903   NaN
 904 10.4472
 905 2.7309
 906 3.9621
 907 23.6228
 908 1.1669
 909 21.9418
 910 22.4321
 911 0.7378
 912 3.1848
 913 13.4612
 914 12.8009
 915 1.3556
 916 4.0419
 917 6.0296
 918 78.8185
 919 8.7188
 920 27.0892
 921 31.0911
 922 0.4731
 923 0.3294
 924 21.1506
 925 31.5714
 926 2.8535
 927 21.5084
 928 2.5934
 929 15.3731
 930 11.6012
 931 1.2120
 932 0.2702
 933 16.3682
 934 38.7247
 935 12.1993
 936 7.1264
 937 4.3427
 938 22.7099
 939 3.8536
 940 0.9108
 941 13.6631
 942 6.7565
 943 1.8767
 944 20.2427
 945 4.6347
 946 2.3302
 947 61.6058
 948 1.0795
 949 1.5406
 950 1.3838
 951 10.6106
 952 2.5240
 953 5.1009
 954 1.9141
 955 2.6186
 956 34.8484
 957 3.2825
 958 118.5133
 959 0.7283
 960 12.3066
 961 12.9628
 962 13.0054
 963 12.3706
 964 0.4783
 965 59.5835
 966 12.8871
 967 4.1944
 968 26.2812
 969 4.1961
 970 27.4437
 971 0.9181
 972 0.9820
 973 31.5072
 974 7.8245
 975 11.1401
 976 0.6957
 977 4.8385
 978 0.6579
 979 0.8262
 980 44.3472
 981 0.4143
 982 2.1275
 983 7.4075
 984 2.6070
 985 27.3870
 986 12.7417
 987 62.8347
 988 0.6256
 989 0.4991
 990 0.8323
 991 7.9460
 992 7.0676
 993 19.1010
 994 117.6336
 995 5.1340
 996 0.3347
 997 26.4562
 998 4.9338
 999 0.2761
1000 4.8590
1001 21.4689
1002 20.3308
1003 18.5814
1004 29.0278
1005 17.0714
1006 0.7196
1007 29.5245
1008 40.1832
1009 2.5483
1010 45.1587
1011 5.8419
1012 0.6884
1013 2.2661
1014 27.5752
1015 36.2254
1016 11.6008
1017 0.3075
1018 2.2028
1019 1.5887
1020 1.2918
1021 10.3503
1022 17.8378
1023 1.5625
1024 30.9457
1025 1.1550
1026 5.6706
1027 13.3466
1028 14.4118
1029 1.3542
1030 11.6445
1031 8.8822
1032 8.9716
1033 17.0485
1034 4.4272
1035 4.9121
1036 2.0510
1037 5.2944
1038 65.9127
1039 12.9019
1040 18.6058
1041 30.2386
1042 5.5514
1043 4.6709
1044 6.7063
1045 4.2647
1046 2.3524
1047 22.6536
1048 15.9738
1049 0.6652
1050 25.6367
1051 1.5634
1052 8.2248
1053   NaN
1054 1.6183
1055 23.6328
1056 3.3436
1057 4.4714
1058 1.6368
1059 1.0518
1060 13.6406
1061 41.7495
1062 9.7887
1063 9.5540
1064 20.8740
1065 6.6101
1066 15.1978
1067 14.7542
1068 7.3560
1069 7.6147
1070 1.7413
1071 3.3783
1072 49.6814
1073 32.9065
1074 19.3049
1075 23.5485
1076 2.8258
1077 2.0254
1078 12.7218
1079 3.3569
1080 6.7984
1081 9.8132
1082 22.4524
1083 14.0784
1084 47.5897
1085 1.0187
1086 13.6235
1087 25.7114
1088 21.4272
1089 0.4144
1090 3.1043
1091 3.2589
1092 0.9756
1093 28.3453
1094 13.1131
1095 30.6708
1096 30.4811
1097 1.0593
1098 4.7150
1099 23.1339
1100 3.7470
1101 2.0774
1102 29.8756
1103 5.5615
1104 0.7630
1105 0.8754
1106 33.2758
1107 5.3574
1108 8.0355
1109 19.2830
1110 3.0415
1111 55.3684
1112 24.3898
1113 15.1296
1114 0.7579
1115 12.0412
1116 2.7214
1117 18.3581
1118 1.5199
1119 41.1895
1120 9.9027
1121 14.9854
1122 1.5148
1123 0.4643
1124 18.4663
1125 0.5008
1126 23.1849
1127 0.8341
1128 4.2618
1129 4.8062
1130 0.7601
1131 16.4565
1132 0.5948
1133 5.1677
1134 38.5937
1135 20.2600
1136 10.1197
1137 0.2494
1138 2.3308
1139 4.3267
1140 6.3975
1141 76.8661
1142 6.1822
1143 11.5206
1144 15.1687
1145 2.5231
1146 11.3404
1147 55.3824
1148 3.4805
1149 0.1677
1150 12.6509
1151 33.3826
1152 0.5107
1153 25.4002
1154 1.8239
1155 24.0761
1156 7.1299
1157 14.5775
1158 2.4316
1159 0.3586
1160 1.8708
1161 6.6213
1162 0.9013
1163 9.0556
1164 4.2757
1165 1.5995
1166 4.4835
1167 0.5628
1168 5.8355
1169 7.9976
1170 0.8454
1171 3.4064
1172 19.3528
1173 4.7175
1174 2.7329
1175 3.1727
1176 0.3673
1177 5.7446
1178 10.3613
1179 29.5515
1180 34.3355
1181 8.2347
1182 0.4043
1183 20.5604
1184 18.9215
1185 13.5439
1186 2.9779
1187 0.8725
1188 10.2857
1189 15.5513
1190 0.6802
1191 2.2856
1192 14.5452
1193 0.2288
1194 5.8723
1195 3.5823
1196 4.5297
1197 9.6736
1198 16.6291
1199 4.2623
1200 2.4307
1201 1.2731
1202 16.8774
1203 52.7101
1204 1.3451
1205 5.6383
1206 0.3867
1207 3.2665
1208 38.9587
1209 40.3840
1210 1.7146
1211 1.7214
1212 3.6853
1213 6.1368
1214 30.4152
1215 4.9216
1216 0.1653
1217 13.7397
1218 0.8349
1219 2.4689
1220 1.0711
1221 1.5454
1222 0.6075
1223 1.7375
1224 17.6018
1225 7.7921
1226 17.1323
1227 11.4616
1228 5.3554
1229 2.2431
1230 1.7222
1231 21.8890
1232 25.4518
1233 31.0822
1234 103.8284
1235 3.3038
1236 11.7512
1237 8.3255
1238 0.7549
1239 24.4189
1240 1.6578
1241 8.8575
1242 3.9646
1243 4.8197
1244 3.2811
1245 2.6118
1246 3.2152
1247 3.9046
1248 0.5280
1249 6.9828
1250 1.0937
1251 4.0362
1252 52.2516
1253 3.0097
1254 82.7642
1255 7.1520
1256 2.6836
1257 5.5993
1258 20.9873
1259 2.2317
1260 3.2989
1261 0.2569
1262 11.9822
1263 4.8426
1264 5.3112
1265 0.9656
1266 0.3745
1267 0.7884
1268 1.5297
1269 0.5562
1270 6.9132
1271 8.6176
1272 1.2043
1273 12.9735
1274 8.7028
1275 20.2085
1276 18.6668
1277 31.7208
1278 3.3777
1279 1.2544
1280 0.3983
1281 4.4552
1282 6.8762
1283 0.4240
1284 3.5531
1285 3.5987
1286 9.4651
1287 1.5083
1288 8.5999
1289 7.2097
1290 17.0471
1291 31.4964
1292 4.7379
1293 3.0582
1294 3.9756
1295 3.5466
1296 1.3352
1297 0.2569
1298 42.3124
1299 0.6150
1300 6.6372
1301 1.0397
1302 14.5708
1303 4.2221
1304 14.5994
1305 1.7480
1306 6.5185
1307 30.0672
1308 23.6207
1309 22.0206
1310 0.6488
1311 1.0501
1312 0.3833
1313 9.1555
1314 21.3126
1315 41.0117
1316 10.8945
1317 4.6144
1318 18.1509
1319 28.7366
1320 1.1797
1321 18.7985
1322 26.6881
1323 1.2320
1324 4.0996
1325 11.7949
1326 2.2352
1327 12.0954
1328 2.9787
1329 20.8983
1330 2.2481
1331 29.8323
1332 31.6029
1333 8.0978
1334 0.8880
1335 7.4113
1336 17.2278
1337 7.2295
1338 1.4270
1339 0.8367
1340 0.6070
1341 14.8630
1342 8.3288
1343 0.7058
1344 0.5179
1345 30.9941
1346 10.0944
1347 8.9872
1348 21.4679
1349 25.1554
1350 33.7822
1351 16.5815
1352 20.6307
1353 0.5730
1354 0.3963
1355 0.1788
1356 4.2163
1357 4.8374
1358 8.6528
1359 1.9911
1360 2.9519
1361 0.3232
1362 0.4549
1363 17.6475
1364 1.8654
1365 12.0819
1366 9.9140
1367 63.5402
1368 2.2512
1369 1.1199
1370 35.8102
1371 25.2379
1372 13.1222
1373 2.2959
1374 12.3010
1375 27.1301
1376 5.1880
1377 0.6171
1378 23.8455
1379 25.4445
1380 4.4366
1381 19.8695
1382 1.4044
1383 4.8684
1384 15.6582
1385 0.9791
1386 1.3552
1387 9.5204
1388 12.2545
1389 0.5329
1390 3.5196
1391 51.8581
1392 5.4787
1393 10.2887
1394 24.7830
1395 15.6297
1396 3.0541
1397 7.0698
1398 15.8551
1399 1.4198
1400 21.0121
1401 0.7202
1402 32.6353
1403 8.9005
1404 9.1092
1405 0.4390
1406 29.4740
1407 0.4734
1408 13.8944
1409 16.9098
1410 1.2612
1411 11.1374
1412 48.5183
1413 0.5383
1414 0.5038
1415 32.0194
1416 2.9909
1417 22.3434
1418 4.1335
1419 27.7747
1420 18.1331
1421 16.2285
1422 4.1756
1423 0.3556
1424 31.0022
1425 7.1398
1426   NaN
1427 17.6532
1428 20.1316
1429 1.1361
1430 0.8777
1431 1.4713
1432 24.4835
1433 3.5071
1434 11.6597
1435 2.3728
1436 10.3682
1437 4.3943
1438 4.0133
1439 17.4660
1440 3.8741
1441 13.3044
1442 11.4785
1443 1.2570
1444 8.0074
1445 8.7312
1446 1.6555
1447 1.8352
1448 7.6478
1449 38.1672
1450 16.7174
1451 0.1435
1452 17.9653
1453 5.6743
1454 3.4052
1455 3.9264
1456 10.6525
1457 1.3610
1458 5.4499
1459 6.1960
1460 0.4608
1461 22.4333
1462 4.9718
1463 5.7632
1464 1.7598
1465 25.7842
1466 4.4911
1467 0.4762
1468 46.7159
1469 5.1254
1470 16.8416
1471 4.0688
1472 9.8580
1473 4.3787
1474 18.5385
1475 0.5569
1476 9.5897
1477 1.1224
1478 19.7568
1479 40.7433
1480 26.9833
1481 40.0659
1482 5.0483
1483 14.4242
1484 8.0362
1485 14.6352
1486 5.8265
1487 0.3944
1488 2.2199
1489 0.6073
1490 7.0809
1491 20.4870
1492 1.5576
1493 1.9855
1494 3.2560
1495 57.5339
1496 0.3606
1497 13.3158
1498 20.6916
1499 53.2530
1500 18.8403
1501 1.6604
1502 1.0745
1503 0.7749
1504 12.6047
1505 3.2214
1506 0.6861
1507 1.2787
1508 16.3614
1509 31.3257
1510 32.2562
1511 17.8547
1512 0.8260
1513 4.4167
1514 8.2910
1515 35.4402
1516 34.6210
1517 1.0420
1518 5.9483
1519 1.0575
1520 7.7189
1521 10.3108
1522 1.6312
1523 3.6178
1524 6.2675
1525 14.0390
1526 10.6250
1527 25.1285
1528 25.6536
1529 27.1706
1530 20.4779
1531 11.1682
1532 10.2543
1533 11.3491
1534 101.8313
1535 85.2494
1536 24.8013
1537 1.6149
1538 9.3309
1539 3.8259
1540 5.7135
1541 23.0548
1542 17.6250
1543 5.3220
1544 9.6389
1545 3.1029
1546 9.2066
1547 23.3213
1548 6.0942
1549 2.1311
1550 5.1941
1551 0.2128
1552 24.9359
1553 10.8241
1554 0.4521
1555 20.7823
1556 13.2445
1557 11.4060
1558 15.2954
1559 1.5147
1560 10.6914
1561 4.1296
1562 17.9661
1563 1.2418
1564 93.3597
1565 0.5686
1566 6.5709
1567 0.5445
1568 2.2631
1569 11.3456
1570 1.0250
1571 1.3834
1572 3.9483
1573 6.7130
1574 8.4798
1575 1.2814
1576 2.2214
1577 7.9603
1578 7.4375
1579 2.2281
1580 5.0264
1581 0.5161
1582 1.2701
1583 3.1594
1584 1.4292
1585 2.8228
1586 12.2734
1587 15.7249
1588 20.8821
1589 17.2475
1590 0.7200
1591 2.7699
1592 1.4712
1593 0.5346
1594   NaN
1595 1.7281
1596 1.2397
1597 1.8872
1598 5.8116
1599 6.3273
1600 23.7801
1601 0.7823
1602 4.4628
1603 4.3340
1604 19.2335
1605 16.6122
1606 2.5208
1607 10.3831
1608 15.3357
1609 11.2273
1610 8.9638
1611 0.7710
1612 3.3545
1613 0.8092
1614 4.8921
1615 2.5401
1616 4.6370
1617 3.3828
1618 1.9713
1619 0.6934
1620 13.9548
1621 1.7594
1622 9.6794
1623 0.2649
1624 3.0220
1625 5.7096
1626 27.5127
1627 13.3538
1628 0.4106
1629 5.7568
1630 4.1959
1631 7.4833
1632 19.1575
1633 37.6762
1634 0.5756
1635 4.7524
1636 6.0512
1637 34.8139
1638 6.4121
1639 5.2651
1640 4.7253
1641 8.9571
1642 4.4165
1643 3.0362
1644 22.1779
1645 0.3295
1646 2.4865
1647 3.9987
1648 1.2252
1649 24.5954
1650 5.0869
1651 9.6584
1652 14.0112
1653 37.7434
1654 16.3170
1655 2.2552
1656 0.4991
1657 28.8030
1658 11.8537
1659 1.0215
1660 22.8722
1661 4.6841
1662 5.6170
1663 6.0447
1664 18.5713
1665 24.5354
1666 24.9436
1667 6.9528
1668 17.5721
1669 0.5364
1670 23.4542
1671 1.1314
1672 26.3193
1673 5.9134
1674 5.3998
1675 4.4269
1676 5.0688
1677 0.2208
1678 1.4073
1679 6.7016
1680 13.6338
1681 5.6543
1682 7.3890
1683 14.8301
1684 2.2853
1685 24.9967
1686 4.6805
1687 2.2519
1688 4.2701
1689 1.9588
1690 15.0082
1691 2.7760
1692 5.6432
1693 30.6877
1694 15.5356
1695 26.9646
1696 7.6395
1697 1.8872
1698 0.3830
1699 5.1857
1700 22.0595
1701 14.2132
1702 3.6174
1703 16.8758
1704 7.5333
1705 21.5695
1706 3.4772
1707 2.6187
1708 5.1095
1709 24.7741
1710 21.1241
1711 15.8072
1712 11.5039
1713 21.4502
1714 25.8805
1715 31.2714
1716 1.7426
1717 9.9709
1718 1.4277
1719 2.0460
1720 0.1559
1721 2.7323
1722 0.3109
1723 15.2818
1724 25.1260
1725 5.6657
1726 4.9103
1727 13.5029
1728 19.9401
1729 14.4060
1730 10.0100
1731 0.5778
1732 57.3885
1733 18.2915
1734 11.7320
1735 13.8559
1736   NaN
1737 3.7006
1738 12.4720
1739 31.5661
1740 4.0422
1741 2.7531
1742 6.6301
1743 1.2819
1744 3.5066
1745 0.6161
1746 6.6901
1747 0.5671
1748 1.8287
1749 2.5099
1750 19.6002
1751 4.4383
1752 6.9135
1753 27.6920
1754 20.4266
1755 0.7936
1756 0.7238
1757 12.8958
1758 0.3722
1759 10.1419
1760 1.8935
1761 27.5901
1762 0.2061
1763 2.7510
1764 0.8047
1765 2.7107
1766 1.9138
1767 24.4852
1768 2.9424
1769 1.3993
1770 6.7210
1771 110.3475
1772 2.7015
1773 23.8816
1774 5.7356
1775 0.5187
1776 10.5225
1777 57.5981
1778 6.5325
1779 0.7080
1780 0.6086
1781 14.0665
1782 25.5932
1783 6.3059
1784 11.1726
1785 11.1100
1786 0.4372
1787 8.2015
1788 2.4677
1789 19.0830
1790 4.8465
1791 4.5457
1792 16.7919
1793 10.5445
1794 4.4114
1795 14.8953
1796 7.4875
1797 9.8112
1798 9.6507
1799 14.1974
1800 0.5152
1801 4.0958
1802 1.1072
1803 6.3158
1804 0.2349
1805 13.5557
1806 15.1781
1807 30.7607
1808 3.2091
1809 10.0032
1810 8.6604
1811 3.5720
1812 14.0648
1813 57.0242
1814 1.1044
1815 23.2235
1816 32.1345
1817 11.2767
1818 7.6353
1819 0.7793
1820 28.3714
1821 29.2259
1822 3.4585
1823 1.2656
1824 11.4390
1825 19.0935
1826 1.4694
1827 37.2970
1828 5.9258
1829 3.3803
1830 4.0552
1831 0.5903
1832 12.6265
1833 7.1985
1834 10.6841
1835 3.2034
1836 48.2914
1837 28.9258
1838 10.3233
1839 18.6849
1840 30.3050
1841 0.6457
1842 0.7042
1843 3.8736
1844 0.2776
1845 5.8550
1846 24.8804
1847 20.2718
1848 1.7117
1849 2.5962
1850 1.8661
1851 4.6669
1852 14.9190
1853 0.9357
1854 2.1724
1855 3.8342
1856 0.4295
1857 9.9715
1858 3.0884
1859 5.9868
1860 19.7824
1861 1.2428
1862 0.5088
1863 2.2312
1864 65.7740
1865 0.2886
1866 14.3349
1867 9.4740
1868 15.4542
1869 2.8706
1870 20.5916
1871 0.8713
1872 13.0064
1873 8.5809
1874 10.8321
1875 0.4990
1876 30.5174
1877 1.8909
1878 20.2363
1879 96.5069
1880 2.3691
1881 49.9521
1882 0.6841
1883 17.7972
1884 18.7149
1885 6.8013
1886 6.2983
1887 12.7836
1888 13.4297
1889 4.3371
1890 0.3084
1891 18.2154
1892 8.5599
1893 1.3673
1894 54.0224
1895 16.6399
1896 0.7043
1897 9.4423
1898 28.4368
1899 3.7332
1900 3.4988
1901 4.3698
1902 1.7900
1903 5.6363
1904 0.3635
1905 15.6048
1906 4.2538
1907 13.2369
1908 17.4567
1909 26.7706
1910 4.6080
1911 9.8402
1912 1.1481
1913 0.9938
1914 3.0412
1915 7.2778
1916 3.0042
1917 0.5691
1918 16.5220
1919 0.6719
1920 16.7293
1921 12.9383
1922 78.6179
1923 3.2300
1924   NaN
1925 26.3799
1926 17.1816
1927 31.6793
1928 14.5552
1929 10.0646
1930 1.2698
1931 5.8723
1932 9.8288
1933 17.3378
1934 44.3337
1935 1.6327
1936 14.1542
1937 11.4900
1938 25.3148
1939 2.3869
1940 0.3905
1941 12.9136
1942 32.4086
1943 29.9009
1944 1.9214
1945 1.6938
1946 21.5252
1947 22.1493
1948 13.3349
1949 1.7311
1950 11.3698
1951 18.6013
1952 5.9221
1953 4.2910
1954 1.4662
1955 8.9378
1956 7.6383
1957 10.9512
1958 0.2802
1959 0.2232
1960 18.6854
1961 5.5633
1962 1.5329
1963 30.4551
1964 25.9904
1965 1.1193
1966 2.3303
1967 2.3987
1968 0.5552
1969 1.1842
1970 3.7876
1971 40.0734
1972 14.2086
1973 8.9239
1974 3.3394
1975 30.5249
1976 1.4789
1977 10.5326
1978 17.4304
1979 2.4955
1980 24.7651
1981 9.5749
1982 7.0618
1983 52.5978
1984 3.3965
1985 10.8712
1986 11.4994
1987 5.4782
1988 31.2587
1989 38.6122
1990 15.2024
1991 1.0016
1992 7.5384
1993 16.8016
1994 41.2697
1995 8.2603
1996 1.7822
1997 1.4411
1998 45.8007
1999 3.6929
2000 3.7913
2001 20.4206
2002 0.8871
2003 8.7548
2004 7.9038
2005 26.9038
2006 10.1245
2007 8.4649
2008 14.2415
2009 2.9446
2010 1.1144
2011 0.3330
2012 11.3650
2013 2.4973
2014 1.0613
2015 12.5278
2016 3.5506
2017 33.2528
2018 65.1383
2019 16.7905
2020 39.7903
2021 0.3100
2022 1.3172
2023 15.6558
2024 48.4434
2025 1.7348
2026 2.4440
2027 0.8699
2028 0.8324
2029 37.9900
2030 1.0547
2031 0.8730
2032 0.2523
2033 3.9385
2034 4.2725
2035 5.2473
2036 0.7883
2037 4.6566
2038 19.7411
2039 3.2342
2040 0.4785
2041 27.4895
2042 6.0810
2043 6.2329
2044 32.5754
2045 39.6742
2046 2.1504
2047 6.5969
2048 27.7006
2049 23.1493
2050 26.1674
2051 25.0776
2052 0.3382
2053 8.7474
2054 1.7539
2055 3.3935
2056 29.5907
2057 11.3548
2058 2.5499
2059 8.2943
2060 4.1407
2061 9.1419
2062 8.2249
2063 26.6368
2064 5.0843
2065 2.2037
2066 1.2074
2067 2.2877
2068 1.2361
2069 5.3146
2070 9.7114
2071 0.3571
2072 34.2882
2073 11.9502
2074 3.4540
2075 1.1788
2076 7.2999
2077 14.6113
2078 10.1976
2079 27.5662
2080   NaN
2081 15.9458
2082 0.3190
2083 7.6227
2084 1.3422
2085 0.2664
2086 21.0562
2087 1.4987
2088 17.1869
2089 3.8010
2090 3.6467
2091 24.1527
2092 3.7959
2093 0.2355
2094 10.0535
2095 26.2108
2096 1.7530
2097 6.8980
2098 1.2555
2099 2.2096
2100 0.2849
2101 25.7268
2102 26.1385
2103 1.8982
2104 1.3522
2105 21.8988
2106 10.9226
2107 2.1027
2108 5.1780
2109 4.2306
2110 1.9253
2111 3.2810
2112 8.2653
2113 0.1976
2114 4.4178
2115 4.7346
2116 9.3632
2117 0.8558
2118 1.1637
2119 1.3632
2120 10.4949
2121 15.0869
2122 10.1526
2123 0.9658
2124 6.4834
2125 12.8905
2126 2.5950
2127 3.6754
2128 48.8746
2129 19.0788
2130 0.4256
2131 13.2536
2132 11.3350
2133 0.8046
2134 12.6135
2135 0.7350
2136 13.3594
2137 7.3779
2138 0.7550
2139 19.9490
2140 12.3539
2141 14.3909
2142 21.7035
2143 43.4084
2144 3.3736
2145 2.6702
2146 7.3279
2147 13.8256
2148 3.2713
2149 0.4154
2150 20.6261
2151 17.5260
2152 9.7747
2153 0.7703
2154 16.7822
2155 1.4431
2156 1.0931
2157 1.5582
2158 22.1910
2159 6.7748
2160 2.0819
2161 29.4801
2162 72.2233
2163 0.7190
2164 13.7989
2165 17.0588
2166 4.1920
2167 4.5630
2168 1.6176
2169 10.7515
2170 23.1490
2171 3.1630
2172 0.7997
2173 0.3853
2174 22.3776
2175 1.1476
2176 3.2884
2177 7.9665
2178 4.1677
2179 10.4006
2180 1.3467
2181 27.1663
2182 2.9014
2183 42.8596
2184 5.8884
2185 27.2789
2186 0.5009
2187 13.3008
2188 10.8931
2189 1.8528
2190 20.2653
2191 25.2577
2192 4.3983
2193 2.5145
2194 2.0064
2195 16.9215
2196 0.6200
2197 0.4936
2198 2.0898
2199 27.4929
2200 31.8970
2201 0.1206
2202 13.6493
2203 11.8857
2204 10.2481
2205 2.4738
2206 34.0138
2207 11.7845
2208 14.5462
2209 0.8027
2210 0.4854
2211 0.1172
2212 5.1928
2213 22.9013
2214 1.2063
2215 10.6520
2216 27.0982
2217 10.7000
2218 33.9774
2219 13.4952
2220 4.1357
2221 20.9121
2222 31.2145
2223 10.8596
2224 7.8309
2225 4.6206
2226 3.1144
2227 16.4638
2228 46.0658
2229 9.7845
2230 0.1672
2231 1.5114
2232 4.3821
2233 0.1509
2234 7.1398
2235 23.5161
2236 10.7284
2237 5.4752
2238 27.8372
2239 23.9483
2240 0.6554
2241 22.6072
2242 8.3709
2243 0.1180
2244 3.5823
2245 7.1103
2246 3.1358
2247 3.9161
2248 16.9257
2249 35.8371
2250 29.0253
2251 3.9095
2252 10.4633
2253 18.0428
2254 0.6043
2255 24.2785
2256 10.4155
2257 2.0107
2258 5.9363
2259 3.4935
2260 45.6974
2261 0.3716
2262 6.6157
2263 2.5660
2264 101.2261
2265 8.4111
2266 10.5277
2267 10.9851
2268 18.2527
2269 1.0274
2270 26.7523
2271 13.6956
2272 8.4518
2273 94.8874
2274 11.3208
2275 0.8594
2276 12.9986
2277 23.0554
2278 29.5167
2279 4.3441
2280 11.7884
2281 2.9846
2282 0.9412
2283 8.4079
2284 5.3189
2285 2.6265
2286 16.9525
2287 3.7328
2288 1.3120
2289 19.7612
2290 6.9233
2291 3.2421
2292 5.1785
2293 3.5699
2294 54.1688
2295 15.4028
2296 14.4985
2297 76.9750
2298 23.7441
2299 9.2570
2300 15.2178
2301 2.2137
2302 11.4154
2303 9.5274
2304   NaN
2305 26.1910
2306 15.2738
2307 1.7469
2308 3.1093
2309 1.0562
2310 17.5124
2311 2.4742
2312 14.4143
2313 3.4514
2314 9.2253
2315 14.2893
2316 7.5950
2317 8.3924
2318 2.1241
2319 40.6686
2320 1.4466
2321 18.5647
2322 1.2394
2323 7.8805
2324 2.0940
2325 18.9202
2326 3.9478
2327 12.3136
2328 34.9997
2329 3.5098
2330 5.0364
2331 9.6216
2332 14.2870
2333 1.4662
2334 12.2883
2335 32.0443
2336 4.0492
2337 1.2247
2338 0.1529
2339 18.5650
2340 8.3885
2341 0.3973
2342 1.9134
2343 7.6653
2344 2.0210
2345 0.9966
2346 6.6035
2347 19.4026
2348 0.2002
2349 3.9388
2350 28.8073
2351 31.3369
2352 0.4753
2353 5.3222
2354 1.4547
2355 13.0187
2356 0.4354
2357 0.2183
2358 89.4116
2359 6.9094
2360 4.9364
2361 14.4003
2362 4.5210
2363 17.2079
2364 8.7001
2365 0.8876
2366 1.3491
2367 3.9225
2368 0.5094
2369 21.6659
2370 14.2326
2371 24.1315
2372 0.4090
2373 2.3579
2374 12.6380
2375 15.1238
2376 3.7150
2377 3.3484
2378 4.1473
2379 14.0326
2380 10.6711
2381 22.2094
2382 20.3320
2383 0.4165
2384 0.9716
2385 2.8202
2386 2.7115
2387 20.4205
2388 6.5323
2389 13.4104
2390 1.1242
2391 3.2147
2392 10.2869
2393 4.6910
2394 10.5340
2395 1.6561
2396 1.7871
2397 19.4435
2398 2.8581
2399 34.7155
2400 6.9260
2401 18.3621
2402 15.4275
2403 1.1726
2404 18.2970
2405 1.3349
2406 0.6337
2407 13.5402
2408 12.0844
2409 1.3641
2410 15.3760
2411 50.0732
2412 20.8575
2413 10.7590
2414 1.4524
2415 45.9540
2416 1.4517
2417 16.8220
2418 2.2537
2419 28.0396
2420 0.4027
2421 0.4394
2422 19.2054
2423 1.8458
2424 32.9644
2425 1.1923
2426 40.9177
2427 1.8075
2428 0.4266
2429 3.3024
2430 2.1055
2431 5.0632
2432 13.6682
2433 40.5575
2434 9.7314
2435 5.9214
2436 8.8590
2437 19.9035
2438 15.4307
2439 3.2752
2440 38.6321
2441 3.2446
2442 1.7863
2443 19.5115
2444 5.3148
2445 54.6590
2446 5.3122
2447 13.4343
2448 0.1682
2449 5.5502
2450 3.6308
2451 2.3462
2452 3.8669
2453 16.0463
2454 4.9325
2455 15.2250
2456 17.6079
2457 0.3606
2458 11.5274
2459 4.0734
2460 1.8645
2461 20.3423
2462 18.5752
2463 1.3386
2464 2.2901
2465 5.5054
2466 3.2536
2467 0.5813
2468 0.8801
2469 8.8794
2470 3.2898
2471 0.9204
2472 20.4366
2473 5.2065
2474 32.7378
2475 0.4908
2476 8.8380
2477 1.4418
2478 9.4974
2479 17.1417
2480 4.7679
2481 4.0335
2482 13.1090
2483 1.7667
2484 0.2421
2485 13.1103
2486 27.0555
2487 43.6204
2488 22.1683
2489 5.6948
2490 1.0197
2491 6.6681
2492 10.7399
2493 7.9449
2494 8.1339
2495 7.5550
2496 0.4887
2497 14.1705
2498 16.8142
2499 4.0940
2500 7.0650
