5001 11.0755
5002 23.3747
5003 30.1803
5004 15.2157
5005 21.8899
5006 3.8987
5007 10.1845
5008 4.1436
5009 17.5539
5010 1.1609
5011 15.9364
5012 0.6228
5013 0.8880
5014 10.0743
5015 5.0344
5016 15.2924
5017 1.7015
5018 34.8476
5019 24.9438
5020 0.8255
5021 4.9620
5022 0.9871
5023 1.2707
5024 0.4365
5025 1.2269
5026 0.2781
5027 0.4573
5028 59.6777
5029 4.2280
5030 25.0256
5031 0.5354
5032 2.4199
5033 6.2032
5034 212.6929
5035 5.9863
5036 5.3493
5037 5.3226
5038 14.7318
5039 6.3426
5040 68.5608
5041 3.0808
5042 33.3714
5043 1.9263
5044 2.3655
5045 0.3948
5046 1.6566
5047 10.9351
5048 1.3066
5049 4.5326
5050 36.7582
5051 2.7688
5052 9.7399
5053 3.7512
5054 0.3664
5055 26.7965
5056 12.2798
5057 2.5286
5058 6.3711
5059 1.2172
5060 2.1418
5061 0.8637
5062 13.7279
5063 0.2152
5064 14.4367
5065 0.5838
5066 0.8691
5067 6.9637
5068 6.5049
5069 3.8493
5070 0.4032
5071 25.3752
5072 7.6193
5073 6.9687
5074 5.3500
5075 37.4404
5076 15.1295
5077 6.1314
5078 0.9403
5079 25.5033
5080 14.0464
5081 17.6169
5082 5.8358
5083 2.8610
5084 1.8729
5085 2.5263
5086 4.5658
5087 1.4763
5088 32.4398
5089 0.5347
5090 20.8430
5091 18.1386
5092 2.8994
5093 11.2835
5094 1.3863
5095 31.4541
5096 2.4360
5097 5.0690
5098 4.5606
5099 34.3959
5100 26.4724
5101 10.3363
5102 2.2355
5103 34.3864
5104 5.1283
5105 0.3522
5106 9.3913
5107 10.4458
5108 12.4097
5109 5.3007
5110 15.3808
5111 10.3456
5112 21.3240
5113 13.7823
5114 65.2478
5115 0.5014
5116 1.2532
5117 0.4676
5118 24.9243
5119 26.9458
5120 10.5879
5121 0.8194
5122 1.5134
5123 6.7789
5124 16.9499
5125 3.3267
5126 1.4649
5127 1.7768
5128 20.7026
5129 2.4474
5130 12.7336
5131 16.5224
5132 14.9282
5133 5.4378
5134 2.0341
5135 13.8927
5136 31.0714
5137 5.9174
5138 13.6597
5139 4.1443
5140 13.4515
5141 39.1170
5142 25.2008
5143 3.8265
5144 3.9897
5145 71.7057
5146 23.5806
5147 4.3589
5148 17.1470
5149 53.1236
5150 0.3725
5151 2.3759
5152 11.4115
5153 3.4168
5154 0.6489
5155 1.1909
5156 0.5001
5157 15.6800
5158 0.3332
5159 31.5371
5160 18.0598
5161 1.5268
5162 21.2993
5163 5.4639
5164 8.5655
5165 46.6188
5166 99.8803
5167 0.1813
5168 5.2274
5169 0.2930
5170 1.2630
5171 10.8025
5172 3.2966
5173 5.8727
5174 22.1983
5175 8.3354
5176 0.9663
5177 3.3295
5178 2.2637
5179 2.7158
5180 0.8792
5181 13.9867
5182 1.8733
5183 1.1299
5184 6.2993
5185 5.3247
5186 1.0712
5187 20.0136
5188 3.2865
5189 2.4903
5190 13.7267
5191 15.8648
5192 2.1914
5193 0.2557
5194 6.1515
5195 11.3928
5196 0.4996
5197 9.6934
5198 9.7396
5199 0.6159
5200 2.1564
5201 1.9568
5202 2.1209
5203 0.9214
5204 11.3484
5205 2.2656
5206 26.1595
5207 20.5305
5208 0.4904
5209 0.4721
5210 24.6950
5211 8.2410
5212 10.6975
5213 0.9325
5214 40.8606
5215 28.7614
5216 22.6399
5217 25.6316
5218 8.2448
5219 3.5872
5220 12.6638
5221 0.4911
5222 10.7754
5223 1.1017
5224 18.0680
5225 16.8138
5226 15.7921
5227 7.0526
5228 0.2876
5229 10.1318
5230 7.3623
5231 16.5681
5232 34.6488
5233 8.4631
5234 17.3092
5235 5.5191
5236 8.1360
5237 0.8338
5238 3.1595
5239 0.4238
5240 0.4560
5241 26.4797
5242 5.5677
5243 1.9706
5244 15.0603
5245 19.7733
5246 0.4732
5247 17.0855
5248 18.2127
5249 13.6219
5250 1.5244
5251 1.0574
5252 0.7390
5253 0.4780
5254 4.4655
5255 2.8473
5256 12.1218
5257 21.8320
5258 16.7386
5259 7.2595
5260 0.6590
5261 4.6401
5262 24.8533
5263 1.4385
5264 3.0175
5265 1.0812
5266 15.0761
5267 0.1578
5268 4.9433
5269 17.2912
5270 1.4181
5271 0.5919
5272 1.3294
5273 22.5379
5274 4.8930
5275 7.8759
5276 0.5507
5277 17.0612
5278 5.4368
5279 24.3547
5280 0.1945
5281 13.4932
5282 2.9893
5283 10.4245
5284 6.8728
5285 27.0744
5286 8.7945
5287 0.6788
5288 1.1832
5289 0.5474
5290 0.7020
5291 23.7227
5292 30.2351
5293 1.9020
5294 1.0987
5295 4.8768
5296 24.8254
5297 15.4044
5298 37.9250
5299 15.5758
5300 16.2669
5301 8.0190
5302 1.9576
5303 6.3153
5304 0.2026
5305 10.0333
5306 9.7720
5307 37.7432
5308 23.9555
5309 31.7060
5310 14.4310
5311 10.7444
5312 3.9850
5313 6.1602
5314 20.8760
5315 12.8689
5316 2.9774
5317 4.4991
5318 20.4549
5319 0.3754
5320 30.3507
5321 5.9091
5322 20.7933
5323 3.5038
5324 4.1553
5325 5.1556
5326 5.7466
5327 2.0516
5328 21.7220
5329 2.3317
5330 14.3074
5331 1.3099
5332 17.6754
5333 21.3847
5334 0.4395
5335 2.6845
5336 5.2221
5337 16.2076
5338 28.0419
5339 3.6874
5340 13.5685
5341 9.3473
5342 1.6591
5343 7.4960
5344 0.9821
5345 4.1097
5346 18.0450
5347 5.7927
5348 0.2624
5349 0.6674
5350 7.2612
5351 1.3147
5352 13.3571
5353 3.3544
5354 17.0052
5355 1.6765
5356 2.1725
5357 37.8617
5358 4.7340
5359 1.3488
5360 19.3607
5361 17.8957
5362 1.6012
5363 26.1430
5364 0.6055
5365 1.0198
5366 22.2934
5367 16.3330
5368 0.1789
5369 0.6634
5370 2.7261
5371 62.0576
5372 7.1405
5373 10.0786
5374 39.6825
5375 3.0402
5376 36.0083
5377 18.0923
5378 27.9004
5379 26.2856
5380 8.3439
5381 1.2973
5382 16.1776
5383 5.3941
5384 6.9661
5385 0.2989
5386 2.5509
5387 8.4102
5388 1.1117
5389 9.3769
5390 4.4041
5391 4.6534
5392 1.8230
5393 5.4582
5394 0.6912
5395 6.2516
5396 2.6414
5397 17.7246
5398 0.6754
5399 8.1883
5400 0.1687
5401 0.1748
5402 11.5738
5403 0.6546
5404 0.5524
5405 0.4746
5406 3.6442
5407 2.3304
5408 1.0009
5409 4.4111
5410 16.9943
5411 14.2742
5412 6.5099
5413 13.7635
5414 4.5433
5415 19.7580
5416 8.8778
5417 7.6045
5418 7.4696
5419 2.0999
5420 0.3827
5421 1.3164
5422 3.9557
5423 7.5693
5424 11.2996
5425 2.1071
5426 18.7414
5427 2.8503
5428 29.8488
5429 30.9060
5430 11.5594
5431 1.1673
5432 36.3622
5433 0.3005
5434 12.5828
5435 0.3666
5436 9.8206
5437 8.5982
5438 4.6567
5439 2.2258
5440 9.2640
5441 1.9430
5442 33.7437
5443 17.2032
5444 23.3002
5445 8.2484
5446 27.0471
5447 21.8169
5448 5.0945
5449 2.3066
5450 22.7108
5451 2.0471
5452 2.0000
5453 68.4003
5454 0.6354
5455 1.4821
5456 38.2640
5457 17.5567
5458 4.6658
5459 3.9578
5460 6.5393
5461 5.4857
5462 5.3670
5463 52.7595
5464 6.3505
5465 0.4968
5466 1.2621
5467 2.2897
5468 4.1726
5469 2.6658
5470 103.5146
5471 22.9743
5472 9.8397
5473 3.3415
5474 10.2400
5475 0.6886
5476 9.6086
5477 10.4993
5478 3.1349
5479 1.7477
5480 36.8868
5481 0.8355
5482 0.9592
5483 1.7078
5484 4.7943
5485 1.7164
5486 0.4736
5487 27.7434
5488 19.8257
5489 1.4459
5490 2.3682
5491 32.1862
5492 1.0079
5493 10.2759
5494 2.1880
5495 16.7411
5496 3.7689
5497 2.1443
5498 30.6224
5499 5.9364
5500 7.6460
5501 0.6088
5502 10.0620
5503 9.9355
5504 1.8140
5505 4.0410
5506 1.0608
5507 1.5309
5508 4.5575
5509 1.0409
5510 63.2398
5511 22.9702
5512 6.7582
5513 2.6333
5514 4.8766
5515 51.8039
5516 0.8006
5517 20.4174
5518 3.0904
5519 4.9020
5520 3.4392
5521 12.8010
5522 0.7500
5523 7.4304
5524 2.9591
5525 2.6454
5526 2.0553
5527 0.6576
5528 0.8142
5529 27.0690
5530 1.5740
5531   NaN
5532 4.2492
5533 18.3021
5534 7.1969
5535 1.0395
5536 19.8712
5537 0.5875
5538 0.6793
5539 27.4163
5540 11.7129
5541 8.0598
5542 28.6805
5543 0.5842
5544 17.5818
5545 6.1358
5546 18.6471
5547 3.3276
5548 0.6716
5549 1.3166
5550 1.1394
5551 31.6347
5552 1.9557
5553 14.1703
5554 10.3331
5555 0.8295
5556 18.6331
5557 13.6788
5558 2.5647
5559 1.1820
5560 6.6959
5561 3.3795
5562 1.4111
5563 1.1786
5564 10.1011
5565 11.3043
5566 3.1701
5567 3.4799
5568 4.8094
5569 0.9596
5570 6.3998
5571 14.4301
5572 4.1698
5573 13.3556
5574 5.4530
5575 6.8362
5576 1.0766
5577 4.3205
5578 3.9987
5579 27.5764
5580 2.9382
5581 18.0905
5582 2.9857
5583 21.7674
5584 9.2428
5585 32.1279
5586 14.3175
5587 25.0543
5588 3.3379
5589 16.6803
5590 1.9006
5591 42.0537
5592 1.4644
5593 0.6945
5594 4.5610
5595 14.4402
5596 3.3335
5597 15.0536
5598 23.6464
5599 2.2710
5600 6.2407
5601 0.5167
5602 6.7583
5603 8.4364
5604 0.5361
5605 10.1753
5606 8.2536
5607 41.9010
5608 0.4710
5609 6.3085
5610 0.3414
5611 25.1602
5612 4.8119
5613 6.6239
5614 4.0146
5615 0.5657
5616 20.0996
5617 2.2079
5618 3.3683
5619 0.4955
5620 1.1526
5621 1.7869
5622 0.7762
5623 12.7608
5624 0.3055
5625 2.0560
5626 9.8503
5627 2.2197
5628 2.0450
5629 0.8601
5630 10.4635
5631 3.3928
5632 10.4230
5633 11.5015
5634 6.0927
5635 5.3125
5636 0.5111
5637 5.6503
5638 0.8122
5639 2.2153
5640 19.8781
5641 7.9804
5642 5.0324
5643 47.3084
5644 1.1972
5645 1.9528
5646 1.2139
5647 12.9783
5648 2.0865
5649 21.0270
5650 58.9547
5651 3.4723
5652 11.4073
5653 30.0086
5654 10.5213
5655 8.0733
5656 27.2119
5657 60.4706
5658 35.6727
5659 91.8037
5660 10.5636
5661 0.9387
5662 1.7940
5663 0.5261
5664 2.5703
5665 0.3597
5666 0.8969
5667 1.3864
5668 9.9156
5669 1.6454
5670 0.9807
5671 1.2252
5672 3.2645
5673 1.8098
5674 80.3775
5675 3.7503
5676 2.3261
5677 1.1017
5678 0.3713
5679 1.0412
5680 0.4987
5681 0.9328
5682 27.5930
5683 0.8341
5684 2.2926
5685 9.4164
5686 5.4479
5687 18.9521
5688 1.6999
5689 1.7695
5690 0.8837
5691 20.4038
5692 0.9956
5693 5.1317
5694 6.4789
5695 1.8358
5696 7.3793
5697 28.4404
5698 20.8434
5699 2.2082
5700 1.2760
5701 3.2608
5702 4.1917
5703 2.2388
5704 6.0231
5705 0.9969
5706 30.0446
5707 5.9460
5708 0.4674
5709 2.9515
5710 0.9119
5711 17.0589
5712 4.8823
5713 1.1873
5714 26.2355
5715 27.0096
5716 30.2522
5717 25.1416
5718 1.9322
5719 0.6571
5720 0.8481
5721 58.3806
5722 27.0162
5723 3.4501
5724 26.0612
5725 3.0989
5726 2.0000
5727 1.2990
5728 17.3207
5729 9.4401
5730 25.1570
5731 27.3364
5732 12.6773
5733 21.1481
5734 18.5714
5735 5.9102
5736 0.6940
5737 7.4470
5738 9.3565
5739 13.8805
5740 0.7294
5741 4.0545
5742 0.3182
5743 18.3478
5744 15.9013
5745 4.7140
5746 0.5518
5747 1.1593
5748 2.0436
5749 9.4107
5750 18.4296
5751 7.6701
5752 1.3808
5753 26.4868
5754 22.4593
5755 9.8598
5756 6.6250
5757 19.0259
5758 6.6088
5759 13.1947
5760 2.0818
5761 4.3480
5762 5.1858
5763 28.5582
5764 3.2620
5765 19.2066
5766 0.9323
5767 20.7670
5768 33.6695
5769 13.3968
5770 2.2322
5771 1.3232
5772 25.1301
5773 0.9911
5774 43.5249
5775 1.7273
5776 24.6127
5777 3.3488
5778 3.6452
5779 28.7830
5780 34.4485
5781   NaN
5782 11.7382
5783 21.9526
5784 35.8663
5785 1.5367
5786 8.6241
5787 5.9593
5788 2.5525
5789 33.8868
5790 5.7486
5791 1.4961
5792 0.3188
5793 3.9044
5794 15.7172
5795 19.5467
5796 1.3012
5797 3.0185
5798 2.0218
5799 1.1743
5800 34.0877
5801 1.0261
5802 2.6847
5803 26.1949
5804 0.6774
5805 1.0795
5806 10.6206
5807 11.2238
5808 11.3323
5809 1.2218
5810 0.3271
5811 14.9953
5812 0.9768
5813 5.2534
5814 0.6583
5815 1.2052
5816 1.5796
5817 1.4246
5818 19.7989
5819 1.7801
5820 0.3802
5821 6.6104
5822 2.1840
5823 2.7890
5824 0.4416
5825 0.7034
5826 27.7063
5827 0.5886
5828 1.3493
5829 16.7698
5830 2.2437
5831 5.6615
5832 6.2758
5833 0.6049
5834 5.7184
5835 1.1007
5836 20.7718
5837 7.7186
5838 0.3150
5839 40.6713
5840 14.6173
5841 0.6360
5842 5.7201
5843 0.3449
5844 12.6821
5845 1.6829
5846 1.0021
5847 0.8166
5848 21.2360
5849 34.6352
5850 51.8305
5851 3.0755
5852 4.3338
5853 13.3737
5854 14.9607
5855 4.9929
5856 20.1723
5857 12.1972
5858 5.2212
5859 1.1904
5860 9.5440
5861 5.5390
5862 8.1623
5863 3.4605
5864 3.1681
5865 5.8978
5866 5.8700
5867 12.9649
5868 2.0711
5869 23.8635
5870 0.3848
5871 0.4396
5872 0.4358
5873 2.1716
5874 8.0675
5875 6.6201
5876 2.4764
5877 9.9396
5878 2.8819
5879 22.5118
5880 2.7023
5881 7.2001
5882 16.6716
5883 54.2530
5884 19.5769
5885 24.2070
5886 43.6401
5887 4.1249
5888 0.5181
5889 0.8863
5890 15.0774
5891 2.1448
5892 0.8105
5893 0.3301
5894 12.8829
5895 5.5672
5896 1.6244
5897 12.0128
5898 17.8719
5899 5.7673
5900 0.9678
5901 2.1500
5902 2.2608
5903 3.1893
5904 28.5639
5905 10.1548
5906 6.7238
5907 7.8507
5908 1.0407
5909 0.7136
5910 13.3883
5911 2.8975
5912 59.9543
5913 5.3369
5914 35.4104
5915 0.8588
5916 1.7532
5917 6.8939
5918 44.5912
5919 0.7130
5920 32.3182
5921 3.4626
5922 1.2176
5923 10.6234
5924 1.5271
5925 8.3063
5926 1.0210
5927 4.8121
5928 7.6074
5929 26.4682
5930 11.1775
5931 13.5393
5932 0.5647
5933 0.5969
5934 8.2332
5935 1.0697
5936 33.9062
5937 9.1917
5938 2.4725
5939 28.4611
5940 0.2338
5941 14.8055
5942 1.7278
5943 27.7435
5944 11.0945
5945 2.4684
5946 39.2325
5947 15.5852
5948 17.7003
5949 5.0267
5950 15.1821
5951 10.1453
5952 20.6971
5953 101.9449
5954 4.2145
5955 2.6469
5956 1.4581
5957 29.9016
5958 4.6303
5959 17.7375
5960 0.8664
5961 30.7159
5962 1.1842
5963 1.9765
5964 0.4498
5965 2.0804
5966 1.4704
5967 1.9527
5968 22.6766
5969 3.8855
5970 17.9178
5971 9.0512
5972 0.7696
5973 0.6223
5974 0.4614
5975 3.9139
5976 10.3986
5977 10.9785
5978 0.5991
5979 19.2465
5980 1.4914
5981 5.5367
5982 85.6931
5983 31.3479
5984 0.5867
5985 9.1192
5986 0.5936
5987 10.9638
5988 19.7562
5989 2.2297
5990 7.3611
5991 1.0847
5992 25.5857
5993 13.8009
5994 6.2017
5995 35.4842
5996 8.1572
5997 1.5776
5998 14.9927
5999 14.2267
6000 12.8977
6001 37.5914
6002 3.4853
6003 2.6562
6004 6.7995
6005 0.6518
6006 6.1776
6007 11.7540
6008 0.3828
6009 2.1336
6010 6.4843
6011 26.5132
6012 3.2997
6013 0.1755
6014 7.8697
6015 62.7829
6016 1.7794
6017 1.3045
6018 13.5400
6019 5.6133
6020 0.4194
6021 5.5567
6022 23.8606
6023 7.9449
6024 11.2389
6025 6.5849
6026 42.0032
6027 3.6658
6028 20.2057
6029 6.8905
6030 9.9822
6031 50.0338
6032 5.9916
6033 19.7746
6034 64.8688
6035 23.2430
6036 3.6109
6037 34.2217
6038 1.2187
6039 7.3224
6040 29.1619
6041 9.9080
6042 1.2377
6043 0.1237
6044 1.1359
6045 42.9064
6046 3.8759
6047 18.1901
6048 3.8410
6049 3.2029
6050 27.0844
6051 6.2768
6052 6.2582
6053 12.0046
6054 10.4720
6055 1.7837
6056 12.3164
6057 40.4796
6058 24.8980
6059 2.9017
6060 19.1300
6061 16.3980
6062 3.4448
6063 30.9711
6064 43.5256
6065 2.8085
6066 15.5448
6067 5.1346
6068 1.5471
6069 1.8253
6070 36.6523
6071 2.3085
6072 2.0317
6073 0.7800
6074 0.3635
6075 0.8441
6076 11.6988
6077 4.0044
6078 7.1458
6079 8.7016
6080 19.5502
6081 5.2113
6082 1.1013
6083 8.0448
6084 3.7947
6085 3.3212
6086 9.1931
6087 1.1678
6088 0.4979
6089 13.6887
6090 2.0854
6091 70.5545
6092 19.7810
6093 0.8537
6094 2.7146
6095 1.8273
6096 3.9086
6097 1.1033
6098 5.4247
6099 23.0516
6100 60.0450
6101 0.5577
6102 1.2399
6103 8.2040
6104 2.6088
6105 2.2438
6106 1.4287
6107 4.6711
6108 36.7566
6109 10.4893
6110 1.4375
6111 2.9615
6112 10.3519
6113 30.2070
6114 1.0103
6115 12.5413
6116 1.9713
6117 9.5061
6118 4.4154
6119 4.5091
6120 0.3866
6121 4.4487
6122 11.7548
6123 1.1205
6124 0.8251
6125 2.2185
6126 24.1853
6127 0.2855
6128 46.0621
6129 9.3067
6130 6.5756
6131 1.8878
6132 3.4804
6133 11.1138
6134 8.9483
6135 28.6152
6136 26.5856
6137 31.9809
6138 29.8398
6139 5.1981
6140 176.2695
6141 0.4819
6142 2.8288
6143 0.9086
6144 8.3415
6145 2.1733
6146 15.2531
6147 1.1698
6148 1.4426
6149 47.5219
6150 38.3604
6151 48.7862
6152 1.1206
6153 19.0778
6154 12.6394
6155 4.1308
6156 14.3394
6157 0.6773
6158 3.4333
6159 2.1149
6160 9.4163
6161 1.8515
6162 0.1923
6163 1.2263
6164 14.4047
6165 4.5841
6166 9.4386
6167 0.7867
6168 0.4304
6169 11.7518
6170 34.6701
6171 0.8602
6172 1.4291
6173 0.9636
6174 0.7294
6175 0.9007
6176 13.1127
6177 10.0495
6178 1.8955
6179 15.3075
6180 2.9183
6181 0.3299
6182 4.6298
6183 1.8834
6184 2.2236
6185 29.6419
6186 1.8430
6187 2.7383
6188 3.2122
6189 2.6981
6190 0.4351
6191 5.0792
6192 2.3543
6193 5.0867
6194 25.0624
6195 0.5587
6196 4.4024
6197 1.1202
6198 1.4211
6199 16.1726
6200 6.1998
6201 4.9837
6202 20.4801
6203 26.4006
6204 2.0155
6205 2.4300
6206 89.9978
6207 23.9636
6208 10.0397
6209 5.8158
6210 1.4793
6211 6.9061
6212 7.1891
6213 6.6071
6214 23.5569
6215 1.1783
6216 3.6383
6217 3.7595
6218 15.5678
6219 1.9802
6220 32.4823
6221 1.2894
6222 0.5547
6223 16.0290
6224 21.5353
6225 9.2516
6226 10.2479
6227 42.2452
6228 0.3166
6229 30.2222
6230 3.2161
6231 0.8918
6232 14.6819
6233 0.2125
6234 33.7795
6235 2.1274
6236 2.4930
6237 0.5638
6238 2.0844
6239 5.7219
6240 2.9855
6241 0.6909
6242 0.8579
6243 1.3531
6244 43.3513
6245 10.5368
6246 34.7070
6247 1.8707
6248 10.9759
6249 20.7515
6250 18.8938
6251 7.3438
6252 17.7873
6253 16.1460
6254 1.6582
6255 33.6302
6256 7.6385
6257 8.7277
6258 1.0837
6259 7.2707
6260 25.0059
6261 22.8869
6262 0.5343
6263 49.1004
6264 0.6703
6265 0.8550
6266 1.6123
6267 7.1223
6268 1.4949
6269 15.0258
6270 0.5839
6271 36.5997
6272 3.7121
6273 0.4342
6274 5.2188
6275 2.2845
6276 17.8837
6277 4.2956
6278 2.6050
6279 3.0299
6280 24.2482
6281 7.5767
6282 32.2295
6283 0.5860
6284 0.3941
6285 3.2243
6286 3.7490
6287 18.5758
6288 6.2489
6289 11.2878
6290 40.4763
6291 6.3089
6292 18.1263
6293 27.9744
6294 5.0308
6295 9.8190
6296 1.3429
6297 2.2460
6298 18.9568
6299 20.5148
6300 0.6680
6301 0.5894
6302 17.0459
6303 4.4977
6304 2.5458
6305 13.0515
6306 1.6862
6307 2.3401
6308 3.8246
6309 6.7341
6310 21.0496
6311 3.7111
6312 32.6782
6313 8.0479
6314 3.7930
6315 4.8989
6316 80.4550
6317 4.1736
6318 6.5196
6319 21.9163
6320 0.3712
6321 4.5983
6322 15.6940
6323 10.0570
6324 8.8367
6325 2.4205
6326 3.4032
6327 2.1677
6328 31.8255
6329 2.3695
6330 6.9841
6331 4.8450
6332 34.7474
6333 1.4982
6334 0.3016
6335 5.6755
6336 6.8131
6337 51.7492
6338 21.7121
6339 2.1931
6340 0.6533
6341 3.0690
6342 3.5729
6343 25.8673
6344 1.1422
6345 13.5973
6346 42.8291
6347 7.0725
6348 8.4405
6349 1.5537
6350   NaN
6351 1.3276
6352 0.6761
6353 8.8787
6354 18.8800
6355 29.0088
6356 7.2438
6357 5.0101
6358 2.4963
6359 1.7119
6360 1.4521
6361 7.0699
6362 0.8192
6363 7.3931
6364   NaN
6365 1.6697
6366 5.6048
6367 14.0685
6368 0.6389
6369 1.5527
6370 15.8657
6371 2.7519
6372 4.7607
6373 2.3310
6374 23.0413
6375 47.4864
6376 1.4366
6377 4.7025
6378 6.9060
6379 14.1479
6380 0.8108
6381 31.2816
6382 2.6825
6383 2.4638
6384 0.6228
6385 2.0415
6386 1.1642
6387 12.4657
6388 0.4354
6389 5.0670
6390 2.5762
6391 2.0512
6392 2.2026
6393 18.0480
6394 3.3436
6395 2.7385
6396 13.7722
6397 14.1311
6398 0.1429
6399 15.8117
6400 1.2442
6401 0.3755
6402 0.6946
6403 3.1782
6404 9.2140
6405 19.6393
6406 19.9769
6407 18.8413
6408 3.6036
6409 12.4987
6410 1.7604
6411 44.2253
6412 7.1879
6413 13.8920
6414 48.5977
6415 5.6666
6416 0.3490
6417 6.9918
6418 9.4527
6419 16.2822
6420 13.4452
6421 15.3247
6422 0.6728
6423 0.8754
6424 1.9410
6425 1.6821
6426 1.5246
6427 6.1164
6428 15.6208
6429 21.8747
6430 15.9932
6431 21.3741
6432 1.1064
6433 3.7459
6434 18.7034
6435 22.5686
6436 2.4641
6437 20.6251
6438 8.7229
6439 6.6168
6440 12.0187
6441 11.7143
6442 9.0050
6443 34.2538
6444 0.6654
6445 0.7141
6446 0.6535
6447 4.4447
6448 10.6545
6449 38.8078
6450 20.6977
6451 0.7534
6452 0.3099
6453 2.7052
6454 20.0057
6455 14.2804
6456 0.6478
6457 5.9034
6458 6.1559
6459 2.3518
6460 1.4514
6461 26.4866
6462 0.6450
6463 0.9947
6464 1.9526
6465 28.6686
6466 1.4105
6467 1.0214
6468 1.1412
6469 6.8536
6470 0.3350
6471   NaN
6472 17.8646
6473 0.4549
6474 2.3086
6475 4.7672
6476 3.9635
6477 9.1723
6478 84.6951
6479 6.6068
6480 11.5242
6481 10.3333
6482 3.7139
6483 17.7709
6484 38.7372
6485 36.5962
6486 10.2520
6487 1.8011
6488 7.1453
6489 14.8976
6490 8.0032
6491 22.2388
6492 38.6640
6493 3.3595
6494 0.2888
6495 3.4212
6496 46.1985
6497 35.9824
6498 3.7587
6499 0.8123
6500 6.0277
6501 7.3850
6502 0.6449
6503 4.0063
6504 1.2701
6505 32.1400
6506 7.3369
6507 3.2843
6508 15.3263
6509 4.6065
6510 0.4450
6511 0.4310
6512 27.2230
6513 31.5373
6514 5.0726
6515 0.3186
6516 18.2573
6517 1.0181
6518 3.9443
6519 2.6970
6520 9.6465
6521 57.3310
6522 2.3093
6523 15.7080
6524 15.7208
6525 10.4241
6526 93.4657
6527 30.2690
6528 7.0898
6529 1.6099
6530 1.2536
6531 1.8643
6532 17.3298
6533 4.3069
6534 2.2147
6535 4.3290
6536 6.8214
6537 11.6589
6538 10.8933
6539 1.9517
6540 6.7914
6541 1.0077
6542 12.8331
6543 1.7570
6544 32.4579
6545 20.4109
6546 6.1103
6547 7.4133
6548 20.1234
6549 1.4415
6550 28.6965
6551 36.6919
6552 3.7703
6553 1.2461
6554 2.4769
6555 2.7143
6556 8.9642
6557 13.3484
6558 2.4657
6559 14.5361
6560 15.2290
6561 86.6772
6562 3.6905
6563 2.0114
6564 26.6670
6565 0.8808
6566 33.9146
6567 6.7447
6568 16.4229
6569 9.0321
6570 6.4379
6571 2.4364
6572 16.6822
6573 1.6027
6574 13.0788
6575 0.5098
6576 11.7746
6577 7.0595
6578 51.1566
6579 27.7281
6580 11.3982
6581 19.5897
6582 0.5283
6583 16.9715
6584 14.9581
6585 8.8402
6586 0.8765
6587 11.0089
6588 0.7217
6589 0.4875
6590 6.3633
6591 7.4754
6592 3.9474
6593 23.8056
6594 3.1792
6595 1.1457
6596 1.0238
6597 66.6613
6598 18.9291
6599 2.5502
6600 2.4430
6601 0.7570
6602 13.9801
6603 37.5075
6604 1.6245
6605 121.5219
6606 1.7770
6607 3.2164
6608 7.3445
6609 26.2167
6610 44.1951
6611 8.2347
6612 7.1468
6613 27.1603
6614 10.2153
6615 17.7018
6616 39.0477
6617 1.2135
6618 31.6706
6619 23.3159
6620 15.3222
6621 3.9771
6622 6.8955
6623 10.6113
6624 2.2816
6625 0.3481
6626 9.5096
6627   NaN
6628 0.9458
6629 5.4643
6630 4.8248
6631 8.4211
6632 0.2283
6633 14.2965
6634 17.4063
6635 5.7494
6636 9.7599
6637 0.3365
6638 5.7428
6639 5.9175
6640 4.6800
6641 7.9658
6642 9.4712
6643 12.9284
6644 13.5611
6645 23.2198
6646 20.0543
6647 3.1749
6648 0.4496
6649 5.6816
6650 31.1384
6651 6.2851
6652 29.4657
6653 0.7458
6654 4.1536
6655 5.7508
6656 9.1328
6657 15.5934
6658 11.1834
6659 6.0279
6660 8.6662
6661 33.2174
6662 1.7194
6663 8.3866
6664 62.4531
6665 7.6833
6666 4.5099
6667 11.1490
6668 10.1152
6669 5.0964
6670 16.4773
6671 1.6395
6672 0.4971
6673 15.8736
6674 99.2625
6675 13.0345
6676 48.3375
6677 30.6527
6678 2.9230
6679 6.9508
6680 34.7445
6681 0.3929
6682 0.5981
6683 0.9652
6684 17.8704
6685 23.8866
6686 29.5997
6687 6.8528
6688 33.1169
6689 4.2452
6690 0.4234
6691 2.9459
6692 17.5784
6693 22.7916
6694 24.6861
6695 1.8579
6696 16.9087
6697 19.2456
6698 2.5567
6699 3.9438
6700 8.5235
6701 6.6591
6702 1.8216
6703 2.3836
6704 10.5695
6705 3.7682
6706 7.4581
6707 23.2258
6708 0.3392
6709 3.6724
6710 9.8909
6711 3.2158
6712 1.7924
6713 16.0731
6714 3.1947
6715 2.2087
6716 2.6279
6717 0.7920
6718 3.1892
6719 18.0151
6720 5.1053
6721 1.7346
6722 6.9187
6723 5.1363
6724 0.2180
6725 15.3296
6726 30.9797
6727 0.4018
6728 2.7542
6729 61.7324
6730 12.8585
6731 4.6315
6732 0.3365
6733 0.3547
6734 5.1510
6735 1.3241
6736 8.4052
6737 1.1278
6738 18.4170
6739 0.4188
6740 13.0741
6741 19.1372
6742 8.2419
6743 2.8882
6744 0.7154
6745 1.0756
6746 18.8713
6747 20.2830
6748 27.7973
6749 25.6731
6750 4.6394
6751 0.4497
6752 1.8054
6753 3.8733
6754 6.0686
6755 0.1433
6756 0.4761
6757 16.3509
6758 9.8305
6759 41.4855
6760 4.5623
6761 1.6324
6762 0.4625
6763 2.0695
6764 18.8826
6765 2.0316
6766 4.8863
6767 13.5845
6768 0.1396
6769 42.1819
6770 0.9994
6771 11.9620
6772 1.8983
6773 27.4579
6774 2.2237
6775 21.9329
6776 2.9972
6777 17.5495
6778 2.6687
6779 3.3698
6780 21.6513
6781 14.3996
6782 1.0809
6783 8.2902
6784 1.4365
6785 4.7281
6786 12.1479
6787 18.6172
6788 0.4365
6789 2.7992
6790 1.2944
6791 36.1179
6792 10.4999
6793 2.3582
6794 16.4013
6795 2.5062
6796 1.5669
6797 20.6237
6798 41.1399
6799 5.2491
6800 1.3447
6801 65.2937
6802 89.9701
6803 2.0532
6804 6.8310
6805 0.3375
6806 2.4647
6807 5.7456
6808 2.8037
6809 0.3286
6810 22.7616
6811 13.7370
6812 0.4636
6813 26.7934
6814 7.6102
6815 14.3436
6816 8.5467
6817 16.4394
6818 32.5843
6819 11.1534
6820 19.4373
6821 18.0204
6822 25.6187
6823 22.1574
6824 35.1924
6825 21.8014
6826 9.0114
6827 6.3165
6828 3.1685
6829 7.0778
6830 33.4604
6831 45.2529
6832 2.4479
6833 2.0415
6834 0.8797
6835 1.0848
6836 0.2087
6837 0.6108
6838 4.1036
6839 0.7395
6840 2.3316
6841 5.1800
6842 21.2509
6843 2.8326
6844 4.8998
6845 0.6564
6846 2.2703
6847 5.3478
6848 5.3359
6849 10.3689
6850 3.7184
6851 3.3558
6852 12.6947
6853 22.2631
6854 0.5446
6855 1.6516
6856 10.2424
6857 14.6573
6858   NaN
6859 0.5370
6860 8.7280
6861 21.3165
6862 5.6303
6863 2.5585
6864 0.3913
6865 2.0883
6866 24.2972
6867 1.8679
6868 0.9364
6869 3.0290
6870 1.4850
6871 0.8577
6872 0.8452
6873 0.6608
6874 5.1327
6875 36.3549
6876 21.4613
6877 2.2461
6878 4.2184
6879 40.8795
6880 2.8929
6881   NaN
6882 11.1849
6883 2.6155
6884 25.4271
6885 6.6824
6886 1.7864
6887 12.0034
6888 23.0249
6889 9.5582
6890 18.1074
6891 3.2007
6892 10.8343
6893 8.2813
6894 0.8807
6895 1.9382
6896 0.7380
6897 4.5958
6898 1.5537
6899 26.4561
6900 15.4131
6901 6.4329
6902 8.7752
6903 31.5952
6904 10.5415
6905 12.9421
6906 0.7503
6907 15.5317
6908 1.8252
6909 12.5074
6910 2.0248
6911 2.1439
6912 9.4822
6913 31.4691
6914 4.8469
6915 38.5701
6916 35.3564
6917 2.3948
6918 13.2284
6919 9.6008
6920 3.6378
6921 1.9176
6922 1.0309
6923 15.0737
6924 1.0040
6925 0.5341
6926 3.1182
6927 2.7887
6928 0.1313
6929 0.8702
6930 4.0573
6931 0.9010
6932 8.4192
6933 7.6200
6934 4.0968
6935 5.6569
6936 0.6601
6937 0.4194
6938 1.5655
6939 14.8015
6940 4.6355
6941 2.2110
6942 1.6111
6943 7.7294
6944 8.7892
6945 20.0834
6946 10.3377
6947 5.6458
6948 0.7305
6949 16.9974
6950 23.7601
6951 3.2343
6952 0.9434
6953 0.3916
6954 5.8842
6955 25.4197
6956 9.9089
6957 1.0001
6958 25.3770
6959 15.9354
6960 5.9353
6961 4.4616
6962 0.9457
6963 38.4108
6964 2.6494
6965 1.3493
6966 16.7981
6967 10.4076
6968 25.6153
6969 17.3170
6970 24.1780
6971 30.2331
6972 48.2477
6973 41.8457
6974 2.4889
6975 19.3491
6976 2.1099
6977 6.2769
6978 0.8886
6979 1.6332
6980 2.0130
6981 9.4161
6982 21.7691
6983 5.2075
6984 11.2541
6985 2.9207
6986 16.2899
6987 1.7322
6988 2.0264
6989 23.9796
6990 31.1123
6991 12.2555
6992 16.5760
6993 7.6603
6994 4.1795
6995 1.1849
6996 0.6053
6997 3.6255
6998 1.1827
6999 0.7715
7000 2.0571
7001 1.2412
7002 10.7774
7003 114.0493
7004 94.7214
7005 9.3299
7006 7.6349
7007 0.6897
7008 1.0276
7009 7.4646
7010 51.0166
7011 42.8683
7012 1.4902
7013 4.3062
7014 18.0013
7015 6.1853
7016 5.0363
7017 16.5330
7018 2.0933
7019 10.3969
7020 12.9891
7021 0.1793
7022 8.4769
7023 2.7617
7024 7.3102
7025 10.3721
7026 6.4624
7027 6.1924
7028 20.9296
7029 0.4779
7030 9.5189
7031 0.5300
7032 0.9767
7033 0.8352
7034 5.9253
7035 20.1424
7036 0.8932
7037 1.0552
7038 0.4330
7039 34.7007
7040 3.4288
7041 0.6887
7042 40.0606
7043 1.1773
7044 16.0153
7045 2.4382
7046 5.8345
7047 21.3195
7048 6.9983
7049 0.4181
7050 52.5092
7051 0.5908
7052 12.3781
7053 18.9369
7054 5.6003
7055 0.3801
7056 2.0262
7057 1.7673
7058 2.0216
7059 7.9974
7060 14.8308
7061 4.7217
7062 18.2545
7063 1.1638
7064 3.4603
7065 1.1888
7066 0.3645
7067 38.1842
7068 0.8702
7069 3.8970
7070 1.1556
7071 2.3319
7072 5.0643
7073 16.9972
7074 26.2614
7075 14.4558
7076 16.6387
7077 2.6159
7078 2.1891
7079 0.3187
7080 1.0424
7081 5.4498
7082 3.4693
7083 1.5112
7084 7.1197
7085 0.1099
7086 24.7606
7087 18.8089
7088 11.5032
7089 5.4133
7090 18.7045
7091 3.0690
7092 32.8451
7093 1.8948
7094 21.2918
7095 1.8688
7096 1.6151
7097 1.2842
7098 3.0907
7099 1.0676
7100 0.6618
7101 4.4367
7102 12.4110
7103 29.4292
7104   NaN
7105 0.3026
7106 29.5622
7107 13.2508
7108 2.2535
7109 28.7364
7110 18.9517
7111 2.4519
7112 0.6401
7113 6.1439
7114   NaN
7115 10.4745
7116 5.1116
7117 3.7428
7118 3.9347
7119 0.9751
7120 7.4502
7121 2.8373
7122 0.2052
7123 3.7254
7124 3.2218
7125 6.1591
7126 2.0687
7127 0.5828
7128 0.2371
7129 26.8753
7130 0.7601
7131 0.4980
7132 11.4655
7133 7.2397
7134 7.3201
7135 4.6889
7136 2.9524
7137 29.6990
7138 7.7875
7139 4.2701
7140 28.2808
7141 6.0130
7142 59.0142
7143 1.3205
7144 2.5162
7145 2.2451
7146 3.7308
7147 0.7889
7148 1.8538
7149 7.7843
7150 5.6450
7151 7.1523
7152 1.1663
7153 0.2152
7154 13.6749
7155 0.2500
7156 0.3038
7157 33.2197
7158 2.5348
7159 2.0089
7160 49.9536
7161 27.1788
7162 0.3033
7163 5.4597
7164 8.1459
7165 6.1420
7166 0.2277
7167 0.5195
7168 5.1300
7169 2.2615
7170 0.4463
7171 8.7350
7172 1.1761
7173 1.7626
7174 3.3918
7175 2.3520
7176 4.0235
7177 38.5433
7178 2.5261
7179 2.6557
7180 9.6502
7181 32.6495
7182 38.0703
7183 3.1674
7184 6.6663
7185 0.8610
7186 5.4907
7187 7.4137
7188 11.0777
7189   NaN
7190 2.9709
7191 2.0719
7192 1.0305
7193 0.7893
7194 19.8880
7195 13.6240
7196 4.2730
7197 0.5227
7198 0.7100
7199 14.8025
7200 23.9588
7201 19.8795
7202 5.0990
7203 11.4798
7204 1.1324
7205 2.0384
7206 12.9566
7207 0.4241
7208 0.3176
7209 3.0377
7210 5.5630
7211 1.9992
7212 25.6526
7213 1.6868
7214 3.8278
7215 0.2893
7216 5.3160
7217 16.2307
7218 31.3611
7219 15.0403
7220 2.6031
7221 30.3731
7222 1.7112
7223 4.2233
7224 25.0495
7225 2.0258
7226 13.1855
7227 2.9456
7228 15.4981
7229 18.8734
7230 1.6639
7231 29.5797
7232 9.0737
7233 7.4332
7234 14.5549
7235 14.5021
7236 4.6501
7237 2.7216
7238 4.9761
7239 0.5750
7240 17.1239
7241 0.4627
7242 1.8953
7243 31.0977
7244 14.3142
7245 6.8787
7246 88.5471
7247 4.9299
7248 10.5293
7249 12.9965
7250 3.6014
7251 2.9736
7252 16.5600
7253 4.6308
7254 23.3711
7255 12.9212
7256 0.9848
7257 0.8669
7258 3.3910
7259 3.8786
7260 3.0760
7261 4.2233
7262 41.4393
7263 12.7033
7264 6.0233
7265 19.3848
7266 7.2413
7267 11.0236
7268 8.1008
7269 23.3365
7270 12.9503
7271 1.9327
7272 2.2200
7273 2.8006
7274 19.2010
7275 9.4012
7276   NaN
7277 0.8205
7278 3.3436
7279 10.6132
7280 6.3761
7281 9.0853
7282 44.7777
7283 52.2677
7284 7.8239
7285 12.6669
7286 34.0785
7287 6.3675
7288 27.8597
7289 1.3759
7290 37.4214
7291 2.8380
7292 22.5841
7293 7.3724
7294 28.3528
7295 0.3394
7296 6.8478
7297 2.3634
7298 9.4928
7299 9.1637
7300 3.0578
7301 0.1386
7302 7.2117
7303 1.2381
7304 7.6324
7305 11.4728
7306 0.9445
7307 7.1895
7308 1.7517
7309 7.5108
7310 25.7735
7311 1.4050
7312 7.6116
7313 6.1307
7314 0.5597
7315 1.7286
7316 20.6836
7317 14.8626
7318 1.0770
7319 18.3490
7320 13.9432
7321 0.4841
7322 0.1821
7323 11.9688
7324 2.7933
7325 41.6639
7326 11.6212
7327 50.0024
7328 0.2779
7329 15.2340
7330 10.2456
7331 26.2076
7332 18.3327
7333 15.0459
7334 2.2625
7335 25.9229
7336 21.1708
7337 16.6124
7338 94.4182
7339 1.6969
7340 4.8902
7341 0.5750
7342 13.4900
7343 11.8245
7344 4.7853
7345 3.2297
7346 7.7143
7347 33.5903
7348 11.7688
7349 1.0300
7350 4.4832
7351 9.7832
7352 0.5005
7353 8.5318
7354 10.0721
7355 19.7497
7356 3.7187
7357 68.5939
7358 34.1496
7359 4.0485
7360 18.0020
7361 4.3066
7362 24.9095
7363 0.8867
7364 0.3216
7365 15.3568
7366 1.2731
7367 0.2242
7368 8.2566
7369 0.2217
7370 0.3697
7371 14.2755
7372 11.5551
7373 30.2726
7374 24.5176
7375 6.0977
7376 0.6411
7377 2.3855
7378 31.6624
7379 2.8799
7380 0.6284
7381 13.2283
7382 22.6867
7383 11.4301
7384 40.9066
7385 10.7329
7386 0.8784
7387 2.3113
7388 0.4403
7389 5.4425
7390 8.5894
7391 10.6716
7392 0.7924
7393 2.0864
7394 12.7883
7395 3.3901
7396 4.2701
7397 2.2501
7398 27.1371
7399 93.4836
7400 4.7498
7401 1.3558
7402 2.3757
7403 3.0445
7404 4.8719
7405 7.1320
7406 10.1098
7407 1.0614
7408 1.3779
7409 9.6094
7410 0.6133
7411 22.1060
7412 10.0452
7413 7.6970
7414 4.0548
7415 33.0799
7416 32.5295
7417 69.7483
7418 10.1803
7419 0.5111
7420 2.6597
7421 3.7065
7422 0.4338
7423 0.3170
7424 25.2884
7425 22.1921
7426 26.5618
7427 5.9728
7428 0.1977
7429 4.3590
7430 24.9803
7431 0.4764
7432 57.1617
7433 0.3561
7434 47.5992
7435 0.8615
7436 35.2731
7437 1.7120
7438 5.2970
7439 13.3503
7440 2.8989
7441 1.9976
7442 8.3831
7443 3.1741
7444 10.3003
7445 12.7592
7446 25.5802
7447 21.3804
7448 1.6826
7449 1.4693
7450 3.2396
7451 1.9348
7452 0.8690
7453 1.4138
7454 16.8130
7455 33.8178
7456 0.7346
7457 16.6650
7458 0.4234
7459 2.5590
7460 10.6967
7461 81.0654
7462 45.4499
7463 3.6032
7464 15.2000
7465 4.4394
7466 22.2476
7467 25.1635
7468 29.0645
7469 0.7121
7470 0.5020
7471 4.4219
7472 2.7982
7473 0.8909
7474 22.8746
7475 2.2480
7476 6.0833
7477 0.7578
7478 3.2542
7479 2.4497
7480 0.8649
7481 2.9019
7482 12.4888
7483 24.9278
7484 4.1647
7485 1.2494
7486 17.0614
7487 16.0593
7488 14.2277
7489 11.1857
7490 17.4316
7491 0.8721
7492 6.8980
7493 0.8659
7494 2.3176
7495 0.8954
7496 0.7899
7497 11.1430
7498 3.8087
7499 2.0907
7500 7.9198
