2501 0.9988
2502 3.7794
2503 1.7092
2504 0.2651
2505 0.5792
2506 0.3081
2507 0.5787
2508 26.6678
2509 8.5218
2510 1.3160
2511 0.9937
2512 3.2951
2513 4.6558
2514 1.1628
2515 1.4543
2516 39.2199
2517 2.5927
2518 2.7061
2519 0.1408
2520 5.0618
2521 0.3906
2522 1.1110
2523 0.1726
2524 1.6356
2525 8.0307
2526 2.0933
2527 13.6112
2528 0.2727
2529 0.5787
2530 1.4007
2531 1.6236
2532 0.3808
2533 1.0388
2534 22.6604
2535 8.2250
2536 1.2936
2537 1.0130
2538 0.2116
2539 1.0951
2540 0.3035
2541 5.1205
2542 0.5713
2543 4.9129
2544 2.4499
2545 5.5895
2546 12.2398
2547 20.4684
2548 1.7077
2549 0.2458
2550 0.1403
2551 1.8501
2552 1.5730
2553 1.6092
2554 0.7668
2555 0.4264
2556 0.1625
2557 2.3787
2558 6.4689
2559 0.4348
2560 0.7672
2561 7.3557
2562 2.7351
2563 1.8525
2564 0.2517
2565 1.2192
2566 3.8223
2567 13.3803
2568 0.7346
2569 1.8208
2570 2.1542
2571 0.4795
2572 0.4886
2573 2.2768
2574 1.2929
2575 8.7668
2576 5.4990
2577 1.7047
2578 0.7305
2579 1.6368
2580 1.3491
2581 1.7102
2582 0.4602
2583 8.8305
2584 3.8364
2585 2.2717
2586 4.0367
2587 0.4601
2588 3.5811
2589 1.4755
2590 0.5521
2591 0.5107
2592 2.5242
2593 0.6971
2594 1.0615
2595 59.7544
2596 0.6938
2597 1.0514
2598 12.7585
2599 0.8621
2600 0.2664
2601 3.3171
2602 17.9992
2603 1.7193
2604 0.5871
2605 0.3313
2606 0.3675
2607 1.4845
2608 0.6099
2609 0.5526
2610 3.6853
2611 1.0231
2612 1.4068
2613 0.2551
2614 0.1582
2615 1.2457
2616 4.4490
2617 0.5632
2618 1.5200
2619 4.0329
2620 0.8324
2621 2.4078
2622 2.3587
2623 5.8872
2624 0.1608
2625 1.7863
2626 1.8133
2627 0.6330
2628 5.1797
2629 0.7423
2630 0.3079
2631 0.4834
2632 9.8734
2633 1.6391
2634 3.5632
2635 2.2286
2636 2.5569
2637 4.7180
2638 8.8813
2639 1.0262
2640 0.5798
2641 1.7057
2642 0.5462
2643 6.3943
2644 2.2766
2645 4.5890
2646 0.2448
2647 2.9770
2648 2.6369
2649 1.3644
2650 0.8238
2651 5.2608
2652 0.7888
2653 2.3465
2654 0.2769
2655 4.0415
2656 0.8913
2657 1.1965
2658 0.1925
2659 0.6432
2660 3.9082
2661 1.2151
2662 0.2058
2663 11.4063
2664 1.2607
2665 1.3090
2666 3.4067
2667 0.9470
2668 0.9864
2669 1.5569
2670 4.6562
2671 0.3789
2672 0.2607
2673 0.6771
2674 0.5633
2675 4.5727
2676 0.8407
2677 2.5866
2678 2.4720
2679 6.0252
2680 6.4354
2681 0.8302
2682 0.8301
2683 8.1709
2684 0.8761
2685 6.9853
2686 1.4779
2687 3.6616
2688 0.4729
2689 1.6267
2690 6.2974
2691 2.0970
2692 26.0856
2693 2.8316
2694 0.1815
2695 0.1586
2696 2.9063
2697 0.3693
2698 4.1018
2699 0.6018
2700 0.5373
2701 1.4051
2702 2.9594
2703 7.8207
2704 0.2938
2705 2.7131
2706 13.9815
2707 1.1635
2708 0.3061
2709 0.4274
2710 10.2785
2711 1.9799
2712 0.7892
2713 0.1201
2714 2.6678
2715 9.0262
2716 9.5995
2717 0.7967
2718 0.4986
2719 0.3649
2720 6.6547
2721 0.4735
2722 1.3851
2723 1.7636
2724 9.4908
2725 1.8469
2726 0.5378
2727 23.6702
2728 0.5198
2729 0.5108
2730 2.6257
2731 2.7370
2732 0.1762
2733 0.2624
2734 0.6044
2735 8.4690
2736 2.8969
2737 3.4914
2738 0.7767
2739 9.9056
2740 3.5156
2741 1.6877
2742 2.3410
2743 9.3619
2744 14.2407
2745 3.9544
2746 1.7005
2747 4.9974
2748 1.9805
2749 4.8661
2750 2.1463
2751 0.2798
2752 4.0095
2753 0.2523
2754 7.5059
2755 32.7973
2756 1.3275
2757 0.1394
2758 0.3083
2759 0.2560
2760 0.9194
2761 0.8512
2762 1.0881
2763 2.0011
2764 1.0140
2765 0.6587
2766 0.1407
2767 17.3969
2768 9.3413
2769 0.3345
2770 1.8715
2771 0.2721
2772 4.8954
2773 0.5653
2774 0.6456
2775 0.4370
2776 0.3292
2777 8.0236
2778 5.4079
2779 5.7567
2780 31.4741
2781 9.3533
2782 4.6880
2783 1.1794
2784 34.2787
2785 1.4518
2786 0.3931
2787 1.2164
2788 5.7037
2789 10.0273
2790 2.8380
2791 4.2051
2792 5.1860
2793 5.5092
2794 20.7214
2795 1.1796
2796 7.4568
2797 1.2885
2798 16.5827
2799 0.5178
2800 0.8028
2801 0.8759
2802 8.6309
2803 0.4464
2804 10.8833
2805 0.3975
2806 1.3527
2807 0.5085
2808 1.6411
2809 1.8473
2810 1.1847
2811 5.6564
2812 0.3348
2813 2.3541
2814 1.4060
2815 7.0540
2816 4.1248
2817 0.6899
2818 0.7135
2819 2.4053
2820 47.0266
2821 2.0599
2822 23.6755
2823 0.3597
2824 6.6037
2825 32.5758
2826 3.1325
2827 10.3616
2828 0.4096
2829 0.5840
2830 1.4059
2831 0.5347
2832 2.6289
2833 0.2768
2834 13.8985
2835 0.7997
2836 3.2174
2837 17.2297
2838 0.3335
2839 0.4517
2840 2.9894
2841 3.5979
2842 9.3651
2843 1.5571
2844 9.9356
2845 0.2502
2846 0.6381
2847 1.4398
2848 0.9366
2849 1.3083
2850 0.4514
2851 0.3771
2852 1.0730
2853 0.6129
2854 1.2490
2855 0.9099
2856 17.8845
2857 13.9678
2858 1.1372
2859 0.1104
2860 16.3912
2861 0.8010
2862 10.4189
2863 10.8524
2864 6.4252
2865 53.0911
2866 2.3722
2867 9.6729
2868 13.2016
2869 26.8894
2870 5.2598
2871 0.2417
2872 3.7208
2873 12.0459
2874 0.3775
2875 0.3067
2876 0.4461
2877 4.0834
2878 11.4251
2879 0.7508
2880 9.4098
2881 1.4535
2882 1.0840
2883 1.8998
2884 22.8772
2885 2.4594
2886 2.6770
2887 0.3751
2888 0.1480
2889 3.3615
2890 1.5391
2891 0.6316
2892 0.1996
2893 0.3925
2894 0.4076
2895 5.9777
2896 10.8524
2897 3.3631
2898 2.6389
2899 2.9946
2900 0.9546
2901 2.6937
2902 0.3811
2903 1.1856
2904 2.2467
2905 0.4975
2906 0.4275
2907 0.4707
2908 0.8476
2909 1.2582
2910 5.1514
2911 0.9680
2912 1.5022
2913 1.6832
2914 5.6004
2915 0.1160
2916 2.9629
2917 27.0791
2918 2.9754
2919 1.5048
2920 0.3569
2921 0.9904
2922 2.3767
2923 0.3464
2924 1.8652
2925 0.7654
2926 0.6085
2927 0.7042
2928 43.7328
2929 5.3644
2930 0.4666
2931 1.7761
2932 2.5364
2933 5.9089
2934 7.5206
2935 1.0643
2936 9.6328
2937 0.9166
2938 18.3967
2939 1.2781
2940 6.8733
2941 1.5106
2942 0.4875
2943 11.4062
2944 4.8465
2945 1.7230
2946 21.2070
2947 0.6151
2948 0.2295
2949 0.4877
2950 7.5153
2951 9.4979
2952 3.1409
2953 15.6819
2954 0.7777
2955 0.4589
2956 2.8703
2957 7.8380
2958 0.3164
2959 0.3868
2960 1.3956
2961 0.7653
2962 0.3723
2963 6.6188
2964 0.7261
2965 2.5773
2966 0.6961
2967 9.7289
2968 3.3612
2969 1.0785
2970 0.1971
2971 6.9916
2972 0.2523
2973 0.3291
2974 0.7538
2975 1.2161
2976 1.5827
2977 0.8373
2978 0.3625
2979 14.0873
2980 3.2429
2981 3.1881
2982 0.1649
2983 0.3607
2984 13.9904
2985 1.1406
2986 2.6016
2987 11.3065
2988 3.4507
2989 2.0476
2990 11.6491
2991 5.5653
2992 5.5844
2993 2.4735
2994 0.3455
2995 0.4541
2996 0.4880
2997 1.4861
2998 18.5895
2999 0.2184
3000 2.7024
3001 3.6026
3002 1.3970
3003 1.2172
3004 1.4515
3005 0.5044
3006 3.9872
3007 0.8513
3008 3.2456
3009 0.6627
3010 0.2762
3011 30.1689
3012 1.3003
3013 6.6943
3014 16.8864
3015 2.5670
3016 1.1401
3017 0.5652
3018 10.4932
3019 12.2669
3020 1.2624
3021 0.1183
3022 0.1455
3023 0.6828
3024 1.3603
3025 0.6499
3026 9.9045
3027 0.7159
3028 3.2665
3029 3.4752
3030 2.9809
3031 0.2476
3032 0.2986
3033 3.8441
3034 2.5219
3035 2.1124
3036 0.5534
3037 1.0134
3038 0.7532
3039 1.2483
3040 1.4098
3041 2.0813
3042 0.5679
3043 2.3483
3044 0.4671
3045 16.2387
3046 0.5679
3047 0.5498
3048 0.4248
3049 14.2282
3050 4.6837
3051 4.9734
3052 0.2880
3053 11.5696
3054 1.5862
3055 4.8497
3056 16.1892
3057 6.3687
3058 0.4005
3059 0.6674
3060 0.7040
3061 0.3149
3062 0.2813
3063 0.4195
3064 1.4998
3065 0.6977
3066 4.0632
3067 0.1806
3068 1.2149
3069 0.1637
3070 13.8390
3071 0.5054
3072 0.9452
3073 0.1053
3074 6.0196
3075 9.3969
3076 0.2279
3077 0.5413
3078 0.8846
3079 1.2711
3080 3.3320
3081 1.0359
3082 0.9216
3083 3.4483
3084 1.8714
3085 0.5066
3086 2.1521
3087 0.6974
3088 2.4127
3089 0.2737
3090 1.0365
3091 0.5854
3092 10.9200
3093 1.1721
3094 0.6652
3095 0.3613
3096 0.6896
3097 0.3249
3098 5.4037
3099 2.0039
3100 0.5490
3101 0.9083
3102 3.8549
3103 0.7034
3104 0.8815
3105 67.9427
3106 0.3768
3107 0.7971
3108 0.8270
3109 0.1289
3110 0.4657
3111 1.7053
3112 0.3189
3113 0.2818
3114 0.6706
3115 0.3399
3116 2.3120
3117 17.1915
3118 2.5869
3119 5.9225
3120 1.1971
3121 0.1466
3122 11.1764
3123 0.9027
3124 7.0613
3125 0.8733
3126 0.9933
3127 3.4923
3128 0.6476
3129 0.6055
3130 0.4418
3131 4.5578
3132 1.2024
3133 0.2824
3134 1.4646
3135 0.6183
3136 0.4870
3137 1.5289
3138 0.1343
3139 0.5600
3140 0.5610
3141 3.2657
3142 0.5589
3143 0.4326
3144 0.1995
3145 0.8206
3146 1.3717
3147 1.3123
3148 12.4221
3149 2.3991
3150 16.6974
3151 6.2021
3152 0.3342
3153 13.6581
3154 0.2273
3155 0.2222
3156 1.5631
3157 19.7608
3158 0.4816
3159 0.8531
3160 14.0440
3161 6.5760
3162 3.1698
3163 1.3616
3164 5.3220
3165 0.7638
3166 3.4428
3167 2.6392
3168 0.1521
3169 4.9540
3170 1.0871
3171 0.2104
3172 0.3538
3173 3.3394
3174 0.7099
3175 0.3641
3176 0.7267
3177 0.4121
3178 0.2723
3179 0.3783
3180 122.2725
3181 0.3545
3182 36.6343
3183 0.1330
3184 0.8387
3185 5.0802
3186 0.5586
3187 2.6573
3188 0.5508
3189 0.2946
3190 0.2940
3191 0.6181
3192 5.4368
3193 0.1451
3194 0.2318
3195 0.5705
3196 61.7483
3197 4.3170
3198 0.1911
3199 7.4092
3200 0.9984
3201 0.9181
3202 2.0618
3203 2.6800
3204 1.5940
3205 0.5756
3206 2.5858
3207 0.3369
3208 1.0159
3209 2.3861
3210 0.5888
3211 0.5330
3212 1.3538
3213 7.2222
3214 2.1912
3215 0.9268
3216 3.6186
3217 2.6120
3218 0.1552
3219 0.7164
3220 11.6910
3221 0.8537
3222 1.3214
3223 3.8447
3224 0.1270
3225 0.2410
3226 1.0500
3227 2.1196
3228 3.7134
3229 17.8483
3230 2.3800
3231 2.0590
3232 15.0542
3233 0.9328
3234 0.1698
3235 1.3548
3236 10.3381
3237 0.4700
3238 0.2544
3239 0.6256
3240 1.7087
3241 0.3733
3242 0.7215
3243 1.0205
3244 7.0680
3245 0.2192
3246 3.9919
3247 45.7683
3248 1.6704
3249 7.5131
3250 0.2137
3251 4.4734
3252 3.2080
3253 1.1802
3254 15.8161
3255 1.6029
3256 3.8569
3257 0.5059
3258 1.2900
3259 0.2690
3260 0.1374
3261 0.6923
3262 0.2518
3263 0.5523
3264 1.4313
3265 2.7591
3266 0.2552
3267 0.5444
3268 0.6472
3269 1.8486
3270 0.1790
3271 0.4656
3272 2.2574
3273 0.4156
3274 1.7611
3275 96.7099
3276 29.1186
3277 0.1346
3278 1.0210
3279 2.7312
3280 0.3201
3281 0.1873
3282 1.3227
3283 39.5684
3284 0.5283
3285 0.6520
3286 4.7660
3287 1.1413
3288 7.0700
3289 0.5640
3290 0.3396
3291 5.0713
3292 0.7553
3293 3.0065
3294 0.3954
3295 12.0733
3296 16.4368
3297 16.2689
3298 0.3364
3299 0.4838
3300 0.2883
3301 1.1616
3302 1.7035
3303 0.3498
3304 0.4481
3305 3.4402
3306 0.2981
3307 3.4145
3308 3.7747
3309 9.6992
3310 1.2822
3311 0.2483
3312 0.3122
3313 0.4840
3314 0.1290
3315 0.6936
3316 0.6585
3317 4.9540
3318 1.7834
3319 0.6548
3320 0.1388
3321 0.2193
3322 19.7365
3323 2.9006
3324 6.2649
3325 8.4201
3326 3.8427
3327 0.5515
3328 1.1479
3329 1.4172
3330 1.4411
3331 7.0828
3332 0.1945
3333 6.6802
3334   NaN
3335 0.1725
3336 0.3993
3337 2.2160
3338 10.0042
3339 10.1107
3340 22.2052
3341 0.3142
3342 0.3905
3343 0.6463
3344 2.9676
3345   NaN
3346 0.9302
3347 4.6494
3348 2.6866
3349 0.7737
3350 7.0025
3351 3.0216
3352 6.3956
3353 0.6586
3354 0.1432
3355 2.5004
3356 0.5278
3357 0.6744
3358 0.3560
3359 21.3458
3360 0.5453
3361 1.8864
3362 3.8460
3363 3.0337
3364 11.2273
3365 1.9025
3366 0.3140
3367 0.6843
3368 5.5156
3369 0.7497
3370 6.4545
3371 1.7142
3372 0.6649
3373 0.1237
3374 0.6012
3375 0.3632
3376 1.5087
3377 0.1438
3378 0.2549
3379 20.9709
3380 15.8285
3381 1.4652
3382 16.8720
3383 0.9341
3384 2.1281
3385 0.2289
3386 0.5386
3387 26.9062
3388 6.1691
3389 1.7173
3390 8.1531
3391 1.2722
3392 11.4888
3393 0.5368
3394 1.7055
3395 1.4508
3396 4.5190
3397 0.2490
3398 0.4126
3399 0.1679
3400 0.6371
3401 0.1519
3402 5.0980
3403 11.6742
3404 0.4629
3405 1.4139
3406 2.2553
3407 0.4619
3408 7.3566
3409 0.3888
3410 1.0344
3411 1.2957
3412 0.2518
3413 0.8150
3414 0.3388
3415 1.5043
3416 2.4189
3417 0.5510
3418 1.6974
3419 0.2814
3420 10.4000
3421 0.2225
3422 15.6756
3423 0.8008
3424 0.9266
3425 0.6862
3426 0.4534
3427 6.7585
3428 10.0512
3429 38.4452
3430 6.3826
3431 1.8529
3432 0.4195
3433 12.5149
3434 6.4512
3435 0.5683
3436 4.5359
3437 2.3992
3438 0.4548
3439 0.4201
3440 2.6160
3441 0.6521
3442 1.0353
3443 1.1821
3444 0.3332
3445 6.1876
3446 0.2712
3447 0.8095
3448 1.5248
3449 2.7788
3450 0.7702
3451 9.0003
3452 1.9937
3453 11.1385
3454 0.2692
3455 2.1867
3456 0.2852
3457 0.2842
3458 4.1460
3459 5.4635
3460 0.4006
3461 3.3023
3462 7.5086
3463 4.2135
3464 0.1798
3465 1.2537
3466 0.9083
3467 1.8203
3468 30.0945
3469 0.5123
3470 3.2122
3471 0.3786
3472 0.9491
3473 0.5606
3474 0.1237
3475 24.0910
3476 0.3152
3477 10.1465
3478 0.4700
3479 0.1331
3480 0.7563
3481 1.7869
3482 11.6046
3483 0.5182
3484 1.9906
3485 0.4513
3486 14.2362
3487 0.5903
3488 6.2639
3489 0.6061
3490 3.3431
3491 7.5090
3492 1.0023
3493 0.1427
3494 0.5827
3495 0.7753
3496 3.7937
3497 0.5080
3498 2.7185
3499 0.4447
3500 18.8296
3501 1.7594
3502 1.8573
3503 4.2623
3504 0.2034
3505 1.5597
3506 0.5778
3507 1.6602
3508 1.6818
3509 4.6589
3510 2.3899
3511 4.7457
3512 2.0639
3513 7.4358
3514 4.4292
3515 0.5640
3516 1.4536
3517 0.1441
3518 0.1465
3519 0.4827
3520 5.7241
3521 29.4492
3522 0.1668
3523 2.0524
3524 1.1028
3525 0.6840
3526 1.7373
3527 11.9983
3528 0.5912
3529 4.6325
3530 6.7970
3531 0.6689
3532 1.0122
3533 0.8200
3534 1.2157
3535 0.5868
3536 10.9019
3537 0.8208
3538 3.2673
3539 3.6136
3540 1.4582
3541 1.7101
3542 9.9886
3543 4.7228
3544 0.1375
3545 1.9920
3546 7.6826
3547 7.9380
3548 1.1413
3549 1.6194
3550 0.3465
3551 7.2996
3552 62.2788
3553 2.0136
3554 0.6262
3555 2.8998
3556 4.5525
3557 3.5544
3558 0.3126
3559 3.1170
3560 1.1888
3561 0.9839
3562 20.9820
3563 20.0524
3564 0.1831
3565 4.0653
3566 13.7216
3567 14.9852
3568 1.1531
3569 0.1758
3570 0.4949
3571 4.7939
3572 9.9446
3573 1.0359
3574 1.2369
3575 1.0954
3576 0.4206
3577 0.5948
3578 0.1302
3579 16.4615
3580 2.6888
3581 2.6827
3582 1.3776
3583 8.1460
3584 4.4437
3585 0.9437
3586 1.0448
3587 0.4544
3588 31.2986
3589 1.4413
3590 12.4841
3591 0.5655
3592 0.8005
3593 1.4218
3594 0.9979
3595 0.7043
3596 1.0013
3597 29.3188
3598 6.8659
3599 2.7013
3600 1.2235
3601 0.8127
3602 3.9755
3603 3.0805
3604 1.4473
3605 3.1258
3606 0.5163
3607 4.5864
3608 3.9613
3609 0.3356
3610   NaN
3611 1.2957
3612 0.4103
3613 8.9975
3614 0.3278
3615 3.3831
3616 0.7226
3617 10.1008
3618 6.7881
3619 18.1398
3620 3.0025
3621 2.5270
3622 32.9857
3623 3.8040
3624 19.1969
3625 7.3302
3626 1.2618
3627 0.1722
3628 0.4226
3629 0.5543
3630 0.6557
3631 4.3423
3632 94.6796
3633 0.6074
3634 0.2808
3635 3.6110
3636 1.9890
3637 0.1521
3638 0.7779
3639 0.5255
3640 1.6562
3641 3.8729
3642 1.0767
3643 0.6310
3644 13.2998
3645 1.7916
3646 0.2572
3647 3.3250
3648 1.2055
3649 2.0917
3650 3.7343
3651 29.5873
3652 1.1159
3653 2.9226
3654 16.8334
3655 0.1270
3656 0.9761
3657 31.4024
3658 4.0101
3659 0.3119
3660 0.3873
3661 3.6850
3662 1.0957
3663 4.6763
3664 8.5262
3665 0.5554
3666 0.1782
3667 23.3226
3668 1.0172
3669 0.5424
3670 16.7960
3671 4.3829
3672 1.0229
3673 0.6483
3674 0.5608
3675 1.6523
3676 0.2066
3677 0.5805
3678 24.9203
3679 30.9453
3680 4.2036
3681 0.2896
3682 0.5851
3683 0.6369
3684 0.6393
3685 4.6140
3686 25.1560
3687 0.5183
3688 9.4328
3689 0.5639
3690 0.1921
3691 0.5473
3692 0.7508
3693 2.0862
3694 1.3108
3695 3.5038
3696 1.4891
3697 0.7298
3698 1.1392
3699 0.3835
3700 0.4938
3701 1.5846
3702 0.1515
3703 0.4093
3704 0.2817
3705 0.6957
3706 0.2983
3707 5.3198
3708 5.5567
3709 3.2518
3710 0.2558
3711 1.5273
3712 9.6854
3713 9.3377
3714 3.6232
3715 7.6854
3716 0.4398
3717 0.4419
3718 27.3893
3719 0.3986
3720 13.3100
3721 0.4232
3722 2.2658
3723 0.9893
3724 0.3797
3725 0.2200
3726 11.1954
3727 23.0421
3728 2.7404
3729 0.6716
3730 28.7507
3731 3.1098
3732 0.8815
3733 2.4218
3734 0.6815
3735 0.6532
3736 0.5371
3737 5.0207
3738 0.1469
3739 0.6238
3740 0.6942
3741 10.0804
3742 2.8123
3743 1.4806
3744 0.6721
3745 3.8469
3746 2.1641
3747 6.4681
3748 0.9179
3749 0.3920
3750 3.7477
3751 0.2641
3752 0.5111
3753 1.3917
3754 26.1934
3755 0.2364
3756 3.2307
3757 1.0874
3758 4.9836
3759 2.0154
3760 19.7424
3761 1.8192
3762 2.5194
3763 6.9300
3764 25.8145
3765 10.5764
3766 2.5730
3767 8.1215
3768 0.3652
3769 3.3162
3770 4.8324
3771 0.5595
3772 18.5878
3773 1.0728
3774 0.7059
3775 1.8515
3776 0.5674
3777 3.9285
3778 6.1089
3779 3.5567
3780 0.9522
3781 22.2484
3782 4.5903
3783 3.4358
3784 0.6737
3785 17.5657
3786 0.2349
3787 0.1217
3788 0.7242
3789 0.3862
3790 7.9782
3791 0.5274
3792 0.4355
3793 1.1281
3794 0.3916
3795 5.8956
3796 44.7848
3797 0.8159
3798 2.0133
3799 17.8879
3800 0.2030
3801 11.3161
3802 6.7717
3803 2.1339
3804 0.5599
3805 1.0511
3806 2.0398
3807   NaN
3808 3.3671
3809 2.1730
3810 0.4024
3811 18.7472
3812 1.1988
3813 3.0828
3814 7.1457
3815 7.8018
3816 6.7452
3817 5.2548
3818 0.6283
3819 0.2900
3820 21.7255
3821 5.8386
3822 0.2422
3823 1.0852
3824 17.1049
3825 3.0884
3826 7.8888
3827   NaN
3828 1.0946
3829 0.3257
3830 4.3145
3831 4.1612
3832 14.2730
3833 3.9031
3834 0.5748
3835 9.5618
3836 8.4186
3837 9.4343
3838 0.7439
3839 1.1106
3840 7.0438
3841 1.1243
3842 1.5203
3843 7.0034
3844 0.3887
3845 0.3978
3846 2.1750
3847 1.1908
3848 5.1759
3849 0.7362
3850 0.6322
3851 0.8410
3852 8.2380
3853 0.7507
3854 1.1362
3855 0.2433
3856 5.0560
3857 1.0160
3858 0.1034
3859 1.0101
3860 0.2057
3861 24.6633
3862 1.2760
3863 0.5972
3864 0.3504
3865 0.6287
3866 1.1015
3867 52.6799
3868 2.0310
3869 0.7679
3870 0.3392
3871 0.8899
3872 0.7246
3873 0.1582
3874 1.5715
3875 0.3543
3876 4.0040
3877 0.7227
3878 4.7693
3879 5.6204
3880 1.0908
3881 0.3428
3882   NaN
3883 1.5522
3884 0.2314
3885 0.8734
3886 0.5047
3887 0.8905
3888 0.4788
3889 1.3628
3890 0.3479
3891 69.6296
3892 1.5786
3893 20.3282
3894 0.4925
3895 2.2470
3896 0.6744
3897 1.0386
3898 0.3619
3899 0.5628
3900 0.6610
3901 0.5183
3902 7.9346
3903 0.2264
3904 2.2967
3905 0.9200
3906 10.8432
3907 21.4034
3908 14.3507
3909 1.5990
3910 0.6109
3911 4.6847
3912 1.7796
3913 0.2657
3914 0.3678
3915 19.6162
3916 5.4680
3917 1.1678
3918 9.8705
3919 21.1949
3920 3.6104
3921 2.7102
3922 1.9436
3923 1.0936
3924 0.4868
3925 0.5946
3926 4.2513
3927 0.3546
3928 1.1158
3929 0.8997
3930 0.4411
3931 0.9225
3932 0.3827
3933 17.9475
3934 0.9181
3935 5.1207
3936 18.2320
3937 2.4179
3938 1.0892
3939 35.4326
3940 0.6019
3941 1.7871
3942 0.8978
3943 0.3203
3944 1.6062
3945 2.1302
3946 1.5110
3947 4.3738
3948 0.4405
3949 0.2579
3950 0.2787
3951 0.1774
3952 0.6724
3953 0.3985
3954 10.4046
3955 0.6857
3956 0.6712
3957 1.1434
3958 0.4248
3959 0.9948
3960 57.6845
3961 5.6437
3962 4.1873
3963 0.1374
3964 0.1050
3965 14.8235
3966 0.6219
3967 32.6242
3968 1.6683
3969 0.4234
3970 4.0040
3971 4.8101
3972 1.6716
3973 6.0954
3974 0.1922
3975 11.4844
3976 10.4433
3977 0.1254
3978 2.3789
3979 35.3057
3980 0.1601
3981 2.0077
3982 4.2903
3983 10.5796
3984 2.2821
3985 19.0051
3986 0.6807
3987 0.2314
3988 1.1808
3989 1.1617
3990 2.1835
3991 1.5942
3992 0.9281
3993 0.7771
3994 0.3673
3995 2.8424
3996 1.1859
3997 2.7471
3998 0.3455
3999 8.5308
4000 5.4854
4001 4.2736
4002 2.1529
4003 1.5927
4004 0.5765
4005 0.3694
4006 4.0122
4007 0.1414
4008 1.5732
4009 0.2829
4010 10.6224
4011 1.4721
4012 0.7650
4013 1.5408
4014 5.0528
4015 0.2296
4016 0.3845
4017 0.1415
4018 1.9777
4019 0.2735
4020 0.6903
4021 10.8877
4022 16.4281
4023 0.1297
4024 19.4950
4025 1.0722
4026 0.4373
4027 4.9388
4028 1.6985
4029 5.0580
4030 1.1730
4031 12.2025
4032 2.0617
4033 4.9337
4034 4.6849
4035 1.0526
4036 0.7706
4037 36.3367
4038 0.2096
4039 8.8247
4040 0.6747
4041 0.3948
4042 0.8563
4043 0.8110
4044 1.4716
4045 12.1208
4046 19.2523
4047 1.4192
4048 2.9074
4049 2.7064
4050 0.8824
4051 2.5459
4052 0.9015
4053 2.2344
4054 27.1768
4055 1.2002
4056 1.7112
4057 3.6895
4058 4.9494
4059 1.6890
4060 2.0856
4061 1.1642
4062 8.4575
4063 1.7991
4064 3.3060
4065 3.6963
4066 20.2356
4067 2.3119
4068 1.8057
4069 4.0504
4070 0.6312
4071 1.3043
4072 1.0981
4073 0.3923
4074 6.6243
4075 0.1587
4076 0.8481
4077 0.2309
4078 1.3327
4079 0.9520
4080 2.6024
4081 1.8577
4082 9.8107
4083 0.3267
4084 0.4098
4085 13.8986
4086 44.8797
4087 0.2229
4088 0.7148
4089 3.2922
4090 1.3233
4091 10.8212
4092 5.0676
4093 1.2809
4094 5.0363
4095 1.0009
4096 0.0993
4097 1.1855
4098 0.2174
4099 0.5448
4100 1.0304
4101 0.5140
4102 1.6597
4103 1.9864
4104 14.4338
4105 0.1982
4106 0.5752
4107 0.5320
4108 2.6446
4109 0.3394
4110 3.4280
4111 33.4822
4112 3.2073
4113 0.1152
4114 6.3388
4115 0.7442
4116 7.4677
4117 8.6593
4118 9.0652
4119 0.1950
4120 11.1648
4121 0.5868
4122 1.9728
4123 1.6845
4124 0.3467
4125 3.8200
4126 14.3768
4127 3.1740
4128 0.8678
4129 0.2989
4130 28.7785
4131 8.4930
4132 0.8781
4133 1.1998
4134 1.3976
4135 1.2880
4136 0.6659
4137 19.6431
4138 2.4411
4139 0.4204
4140 0.9557
4141 3.1959
4142 6.6814
4143 0.4293
4144 1.3684
4145 0.4615
4146 1.1464
4147 8.3534
4148 4.3584
4149 4.6504
4150 0.1103
4151 0.4240
4152 7.4647
4153 4.9736
4154 4.3591
4155 1.5608
4156 0.8744
4157 6.5245
4158 0.2266
4159 0.9351
4160 24.9665
4161 0.9148
4162 1.4584
4163 0.4865
4164 3.9179
4165 1.4798
4166 13.4212
4167 2.1166
4168 1.5254
4169 0.3991
4170 5.8860
4171 0.4485
4172 2.5581
4173 8.7103
4174 0.3703
4175 1.7037
4176 4.5227
4177 0.3223
4178 5.2711
4179 52.8917
4180 0.4179
4181 10.1816
4182 1.2670
4183 0.8131
4184 1.6005
4185 0.3834
4186 0.1971
4187 1.3842
4188 11.0294
4189 2.5271
4190 4.2976
4191 0.7567
4192 17.1763
4193 2.5021
4194 10.0258
4195 0.5233
4196 2.0770
4197 0.7109
4198 6.6040
4199 0.3035
4200 2.2349
4201 0.6672
4202 0.2464
4203 0.9852
4204 1.8419
4205 0.2096
4206 0.9477
4207 0.8894
4208 0.5358
4209 0.3821
4210 3.6555
4211 6.1221
4212 37.2162
4213 0.9528
4214 3.7757
4215 29.5360
4216 4.6303
4217 2.1536
4218 14.8023
4219 1.6445
4220 0.5048
4221 0.1205
4222 0.2593
4223 0.2303
4224 3.2748
4225 2.3309
4226 0.7778
4227 5.3032
4228 5.0472
4229 6.4948
4230 0.4061
4231 2.4779
4232 3.1194
4233 2.4836
4234 5.1791
4235 8.6633
4236 0.2102
4237 0.4757
4238 31.4507
4239   NaN
4240 0.1786
4241 0.4004
4242 0.4977
4243 3.8267
4244 1.1668
4245 1.4729
4246 8.3796
4247 8.2570
4248 3.5058
4249 5.2360
4250 0.7821
4251 4.8170
4252 0.7556
4253 2.1321
4254 0.6243
4255 11.6380
4256 4.4786
4257 1.9137
4258 0.2509
4259 0.1498
4260 1.4737
4261 3.4061
4262 7.8250
4263 21.4596
4264 0.3596
4265 21.6171
4266 2.2004
4267 0.5820
4268 3.8755
4269 25.9683
4270 0.6866
4271 0.1065
4272 0.2444
4273 18.2942
4274 1.3015
4275 0.7164
4276 1.5453
4277 0.6276
4278 16.8029
4279 15.3145
4280 0.6252
4281 0.5214
4282 0.6904
4283 0.8092
4284 2.1006
4285 45.0659
4286 1.1261
4287 7.1860
4288 2.1342
4289 1.5891
4290 2.3264
4291 0.4519
4292 5.0335
4293 2.2680
4294 3.6179
4295 0.8564
4296 0.4239
4297 0.2085
4298 0.3160
4299 12.0715
4300 0.3714
4301 8.9848
4302 0.1976
4303 0.4468
4304 18.6707
4305 17.0095
4306 0.6715
4307 1.0292
4308 8.8657
4309 0.5000
4310 1.2916
4311 3.5610
4312 1.7779
4313 4.1406
4314 24.6917
4315 6.9593
4316 1.4876
4317 7.3250
4318 2.2323
4319 0.3177
4320 0.3886
4321 7.0979
4322 0.3509
4323 7.1476
4324 0.9455
4325 0.9006
4326 0.6469
4327 0.7891
4328 1.1083
4329 3.1302
4330 31.3935
4331 3.3927
4332 6.0334
4333 0.2792
4334 1.3204
4335 7.0608
4336 22.0913
4337 0.8415
4338 3.5447
4339 0.4972
4340 0.3549
4341 8.7105
4342 0.5859
4343 2.5847
4344 18.0000
4345 0.3411
4346 10.9542
4347 0.5697
4348 10.8414
4349 13.8532
4350 22.7759
4351 0.3232
4352 0.5915
4353 7.2331
4354 5.3087
4355 14.2059
4356 0.2655
4357 0.2211
4358 0.4266
4359 0.3658
4360 0.5189
4361 1.6860
4362 0.7169
4363 13.7461
4364 10.5304
4365 17.5566
4366 6.9748
4367 3.0101
4368 1.4438
4369 0.2885
4370 12.1355
4371 1.0207
4372 14.6408
4373 4.6063
4374 1.2295
4375 3.6023
4376 1.9006
4377 0.3911
4378 0.8687
4379 0.8962
4380 1.2347
4381 0.6224
4382 0.7061
4383 0.8166
4384 0.2087
4385 1.4039
4386 1.7007
4387 13.3422
4388 0.4574
4389 0.6353
4390 0.7431
4391 1.4335
4392 3.8868
4393 0.9906
4394 7.7970
4395 4.6613
4396 1.4974
4397 0.3599
4398 0.2454
4399 0.2384
4400 0.4018
4401 0.3516
4402 0.6378
4403 2.9019
4404 3.6218
4405 4.5626
4406 0.5753
4407 0.7933
4408 0.7337
4409 0.2140
4410 0.5050
4411 0.1390
4412 30.6373
4413 3.1857
4414 2.1271
4415 2.6060
4416 4.8739
4417 0.6218
4418 1.4915
4419 0.2576
4420 0.4363
4421 0.6230
4422 0.3271
4423 2.3559
4424 9.3798
4425 1.5377
4426 1.2178
4427 0.3360
4428 0.2923
4429 19.2275
4430 0.6361
4431 36.8098
4432 0.2299
4433 2.4394
4434 0.6004
4435 0.2444
4436 0.4316
4437 4.6854
4438 2.9844
4439 0.4177
4440 18.5997
4441 1.8610
4442 8.6016
4443 0.9127
4444 29.2217
4445 1.9236
4446 0.3367
4447 2.0271
4448 0.5356
4449 1.3364
4450 0.4902
4451 0.7026
4452 8.3790
4453 1.6342
4454 7.8088
4455 0.2519
4456 0.4742
4457 0.3625
4458 1.3950
4459 6.8603
4460 0.9963
4461 5.9806
4462 16.6894
4463 0.3600
4464 0.6393
4465 0.1768
4466 0.6148
4467 1.6653
4468 0.9154
4469 0.4559
4470 2.3038
4471 8.8667
4472 2.4685
4473 8.7070
4474 0.3886
4475 1.2219
4476 10.0860
4477 2.4889
4478 2.4772
4479 5.6284
4480 0.5399
4481 0.9290
4482 0.6116
4483 16.9536
4484 36.8239
4485 3.4459
4486 3.5865
4487 9.2779
4488 12.6373
4489 0.8431
4490 9.2580
4491 1.7996
4492 6.3104
4493 1.4510
4494 0.5395
4495 1.1156
4496 1.9252
4497 0.6260
4498 0.4632
4499 0.7701
4500 3.2233
4501 5.3168
4502 0.9822
4503 0.9109
4504 0.4058
4505 6.3300
4506 13.8513
4507 13.3253
4508 0.7617
4509 1.9320
4510 1.8690
4511 1.6725
4512 0.8812
4513 27.1000
4514 0.6676
4515 0.7648
4516 0.6618
4517 0.2677
4518 1.0373
4519 2.0936
4520 0.3428
4521 4.3032
4522 0.9566
4523 0.4536
4524 1.0033
4525 2.1099
4526 2.2364
4527 4.0171
4528 0.3903
4529 33.6275
4530 1.2904
4531 0.1803
4532 0.1948
4533 0.5629
4534 5.1296
4535 27.2247
4536 7.7500
4537 4.0396
4538 3.0373
4539 0.4520
4540 2.5994
4541 0.3270
4542 0.7275
4543 0.3606
4544 3.0752
4545 2.5764
4546 0.2120
4547 0.4496
4548 0.3157
4549 0.3061
4550 0.3163
4551 2.2943
4552 0.8217
4553 0.8002
4554 1.6254
4555 1.4327
4556 1.1240
4557 1.3226
4558 7.4422
4559 5.1200
4560 3.4603
4561 0.1745
4562 1.8442
4563 0.7432
4564 0.1646
4565 0.7287
4566 0.3292
4567 5.2791
4568 9.4561
4569 0.8965
4570 1.7707
4571 17.0214
4572 0.5299
4573 3.0961
4574 19.4509
4575 10.8351
4576 0.4919
4577 0.2330
4578 0.6820
4579 13.2496
4580 0.1854
4581 3.7346
4582 4.8011
4583 1.1460
4584 5.1908
4585 0.2789
4586 4.5188
4587 0.6458
4588 3.0585
4589 7.5861
4590 1.7848
4591 11.9566
4592 13.5424
4593 9.3527
4594 2.8276
4595 0.8073
4596 3.2464
4597 19.3147
4598 1.6765
4599 14.3463
4600 1.7710
4601 26.7909
4602 0.2852
4603 0.2768
4604 0.4023
4605 0.6463
4606 3.3815
4607 1.0314
4608 0.2352
4609 0.3851
4610 0.9610
4611 28.4014
4612 6.2296
4613 2.0768
4614 0.5918
4615 0.5193
4616 0.7031
4617 4.9101
4618 10.9880
4619 1.2833
4620 0.2063
4621 1.1029
4622 1.4385
4623 5.8512
4624 12.2071
4625 1.6159
4626 0.4349
4627 13.5245
4628 0.8883
4629 0.7345
4630 0.7699
4631 8.2996
4632 0.9895
4633 1.3867
4634 0.7315
4635 0.5440
4636 3.7632
4637 5.8167
4638 0.4919
4639 1.7827
4640 58.7835
4641 0.5025
4642 6.0126
4643 11.3676
4644 1.4106
4645 1.4311
4646 1.7924
4647 0.8190
4648 0.9765
4649 5.9689
4650 1.0232
4651 3.3068
4652 0.4606
4653 22.7323
4654 40.4604
4655 12.3945
4656 0.4885
4657 0.1377
4658 0.9304
4659 4.6529
4660 0.2016
4661 1.9084
4662 0.6566
4663 1.1703
4664 3.8042
4665 3.3638
4666 0.6004
4667 5.2510
4668 0.2355
4669 0.3168
4670 3.2080
4671 1.5127
4672 0.1476
4673 1.0699
4674 1.5391
4675 1.2196
4676 1.9021
4677 0.5259
4678 0.2137
4679 14.8969
4680 0.6573
4681 1.1634
4682 4.2389
4683 5.9231
4684 2.0051
4685 0.1797
4686 1.9156
4687 0.5122
4688 0.8452
4689 0.5296
4690 0.2017
4691 0.4780
4692 3.9087
4693 0.2321
4694 1.2500
4695 2.5212
4696 0.4481
4697 0.2300
4698 0.2492
4699 2.7314
4700 3.1924
4701 0.4380
4702 2.6040
4703 3.7697
4704 11.3167
4705 2.7761
4706 0.9956
4707 16.7243
4708 9.5913
4709 0.3029
4710 1.6935
4711 0.3740
4712 34.2655
4713 4.1783
4714 0.8525
4715 16.8243
4716 7.2423
4717 20.6916
4718 0.3794
4719 0.9736
4720 5.3120
4721 6.5150
4722 11.4957
4723 0.2366
4724 1.1951
4725 11.9924
4726 0.4094
4727 4.5810
4728 0.1487
4729 1.0284
4730 0.1530
4731 0.2182
4732 0.6402
4733 1.9960
4734 0.7938
4735 8.8144
4736 3.0870
4737 0.4862
4738 0.7137
4739 2.4431
4740 3.2997
4741 7.9017
4742 35.1791
4743 0.6108
4744 0.9779
4745 0.3793
4746 0.3375
4747 22.6174
4748 6.5904
4749 1.1528
4750 5.4515
4751 0.1083
4752 0.3470
4753 6.8417
4754 1.6913
4755 0.2161
4756 0.7828
4757 3.2663
4758 0.6985
4759 0.5246
4760 22.2923
4761 0.6519
4762 10.7334
4763 4.2549
4764 2.0852
4765 1.6190
4766 0.2561
4767 0.3422
4768 4.9951
4769 4.3477
4770 2.2044
4771 16.9955
4772 0.4233
4773 1.0502
4774 1.6495
4775 8.6214
4776 1.7721
4777 5.4547
4778 1.4876
4779 0.7928
4780 0.6622
4781 2.0448
4782 2.7876
4783 0.5824
4784 0.2472
4785 4.9114
4786 0.6418
4787 5.4544
4788 3.3358
4789 3.5161
4790 0.5387
4791 3.6383
4792 11.6545
4793 2.1788
4794 6.8000
4795 16.9825
4796 0.1416
4797 1.0295
4798 1.0187
4799 1.2492
4800 4.3749
4801 8.2260
4802 2.3487
4803 3.9774
4804 1.0912
4805 2.9246
4806 1.6833
4807 0.6882
4808 1.4890
4809 0.7348
4810 18.8784
4811 2.7398
4812 4.0209
4813 2.5248
4814 8.2754
4815 0.6196
4816 2.0864
4817 4.8600
4818 5.6221
4819 0.3375
4820 0.3546
4821 0.4950
4822 11.0196
4823 0.6694
4824 0.4087
4825 1.4099
4826 0.7431
4827 10.0091
4828 6.0031
4829 1.5677
4830 0.4349
4831 0.1826
4832 0.1301
4833 1.5154
4834 0.6936
4835 2.3049
4836 5.3831
4837 0.6318
4838 3.1811
4839 0.3160
4840 0.1727
4841 0.2589
4842 1.1277
4843 0.5045
4844 0.7874
4845 9.9032
4846 7.6375
4847 0.5440
4848 2.2730
4849 0.3998
4850 0.9572
4851 36.3099
4852 0.3618
4853 1.8493
4854 0.6381
4855 13.7566
4856 1.0838
4857 0.6472
4858 24.1105
4859 0.5772
4860 0.3614
4861 3.1739
4862 22.9273
4863 1.4712
4864 4.6602
4865 36.5378
4866 1.8113
4867 0.3016
4868 1.1009
4869 0.6515
4870 0.4074
4871 0.4357
4872 4.3081
4873 1.0136
4874 2.8821
4875 0.3647
4876 1.0097
4877 7.7921
4878 0.2961
4879 0.1587
4880 0.8777
4881 1.3068
4882 11.9854
4883 0.1775
4884 0.1675
4885 1.5580
4886 0.1961
4887 1.0375
4888 4.6921
4889 1.0706
4890 1.8709
4891 4.3898
4892 2.7855
4893 0.6511
4894 0.5622
4895 2.1405
4896 0.7768
4897 1.3495
4898 6.0717
4899 3.9226
4900 5.9629
4901 0.2333
4902 0.6131
4903 2.5831
4904 0.1387
4905 0.6482
4906 0.3567
4907 8.7443
4908 7.0480
4909 1.0105
4910 4.0712
4911 1.1831
4912 6.5313
4913 1.1385
4914 2.1559
4915 0.1121
4916 0.3311
4917 0.8307
4918 1.5509
4919 0.3952
4920 11.4905
4921 0.6653
4922 4.8003
4923 4.0616
4924 1.7198
4925 2.3751
4926 13.6793
4927 0.4584
4928 12.9182
4929 20.4382
4930 10.0250
4931 5.6946
4932 0.2252
4933 4.9934
4934 1.2777
4935 0.3806
4936 9.4041
4937 0.4866
4938 3.4231
4939 0.5481
4940 2.6745
4941 4.7479
4942 0.4008
4943 6.4314
4944 0.2895
4945 44.0647
4946 0.9621
4947 0.1589
4948 2.6832
4949 2.0140
4950 2.8315
4951 5.2117
4952 9.3780
4953 19.6507
4954 0.2265
4955 10.5506
4956 1.3993
4957 4.6458
4958 0.4226
4959 0.1180
4960 1.5328
4961 26.6150
4962 0.6009
4963 0.3115
4964 0.5639
4965 8.0750
4966 6.2354
4967 6.7934
4968 0.3886
4969 1.1814
4970 0.3233
4971 0.2461
4972 11.6084
4973 7.7981
4974 1.9794
4975 13.8978
4976 0.3719
4977 1.8999
4978 7.9222
4979 0.7533
4980 19.2628
4981 1.7159
4982 1.6843
4983 19.7252
4984 4.0722
4985 8.9892
4986 5.0898
4987 0.7302
4988 12.7076
4989 4.0786
4990 0.2545
4991 0.9593
4992 0.7835
4993 9.2030
4994 0.2007
4995 0.1730
4996 0.5340
4997 2.3789
4998 4.1657
4999 1.0380
5000 12.7432
