5001 1.5658
5002 0.0739
5003 1.3702
5004 4.2935
5005 1.1814
5006 0.9214
5007 0.6700
5008 0.8055
5009 0.4141
5010 1.5229
5011 2.5692
5012 0.7420
5013 0.1335
5014 1.8249
5015 0.3467
5016 20.1022
5017 1.1634
5018 0.1771
5019 0.1827
5020 0.2194
5021 1.6984
5022 0.6473
5023 0.3850
5024 1.2265
5025 0.8908
5026 0.3095
5027 0.5329
5028 1.8201
5029 0.0741
5030 0.3657
5031 4.1835
5032 0.4695
5033 0.2134
5034 0.7580
5035 1.2245
5036 0.2155
5037 0.5397
5038 2.7343
5039 0.5109
5040 0.1291
5041 0.0902
5042 2.3459
5043 2.5883
5044 1.6537
5045 0.8384
5046 0.4326
5047 0.4098
5048 0.1764
5049 0.6967
5050 1.3902
5051 0.8355
5052 0.8031
5053 0.1356
5054 0.6353
5055 0.4912
5056 2.2389
5057 0.5837
5058 1.2517
5059 7.4310
5060 0.8619
5061 0.2925
5062 2.1630
5063 2.7195
5064 0.5056
5065 0.4709
5066 0.8553
5067 0.2050
5068 0.1160
5069 0.1738
5070 1.0000
5071 0.5729
5072 2.4107
5073 0.9754
5074 1.3410
5075 1.3483
5076 19.4806
5077 0.7517
5078 6.4686
5079 0.3799
5080 0.1455
5081 15.7592
5082 2.3156
5083 1.2579
5084 0.3192
5085 1.1164
5086 0.6143
5087 4.3919
5088 1.5173
5089 0.4099
5090 0.5829
5091 2.3989
5092 0.1289
5093 1.0874
5094 0.8311
5095 0.5301
5096 0.1736
5097 0.7063
5098 1.2969
5099 0.9411
5100 0.3295
5101 0.7217
5102 0.6520
5103 0.1921
5104 6.7297
5105 1.0316
5106 1.0673
5107 0.3323
5108 0.6249
5109 0.2000
5110 0.1979
5111 5.0470
5112 0.4002
5113 1.3380
5114 0.5319
5115 0.1072
5116 1.1651
5117 0.4142
5118 0.2275
5119 0.2329
5120 0.8610
5121 0.3960
5122 1.6319
5123 0.5579
5124 0.4348
5125 0.2057
5126 1.6817
5127 1.0770
5128 2.4131
5129 0.3358
5130 0.1487
5131 0.1117
5132 1.0455
5133 0.5282
5134 0.3505
5135 4.0458
5136 1.1828
5137 0.7525
5138 1.4721
5139 1.0614
5140 0.3451
5141 3.2811
5142 0.8427
5143 0.7780
5144 7.3892
5145 3.5596
5146 1.2215
5147 6.3256
5148 13.4805
5149 0.8143
5150 0.7681
5151 0.1439
5152 4.0964
5153 0.5152
5154 0.2575
5155 0.4962
5156 1.0176
5157 2.3769
5158 0.3367
5159 0.2874
5160 0.1462
5161 0.3394
5162 0.3313
5163 0.3435
5164 0.9653
5165 0.3163
5166 0.3192
5167 1.4818
5168 4.9006
5169 1.6562
5170 0.6779
5171 1.6982
5172 2.6269
5173 0.2384
5174 0.2088
5175 0.1576
5176 2.3540
5177 2.9339
5178 6.7118
5179 0.1965
5180 0.2239
5181 0.2389
5182 0.3820
5183 0.7937
5184 4.5788
5185 0.1739
5186 12.5626
5187 2.4079
5188 1.4496
5189 0.2252
5190 2.0005
5191 0.1599
5192 0.7055
5193 1.4004
5194 5.0905
5195 23.7670
5196 1.4128
5197 4.9302
5198 1.2991
5199 0.4580
5200 1.4356
5201 0.5687
5202 0.2419
5203 0.8259
5204 1.0944
5205 0.9341
5206 0.1115
5207 4.3143
5208 4.5345
5209 0.1348
5210 0.3148
5211 0.6382
5212 0.5256
5213 0.4624
5214 17.4778
5215 0.7188
5216 0.7073
5217 0.9658
5218 1.2522
5219 1.4619
5220 0.5447
5221 10.2550
5222 2.3869
5223 0.3580
5224 3.7549
5225 0.4190
5226 0.1620
5227 0.2532
5228 0.3252
5229 0.3211
5230 0.1863
5231 0.8319
5232 0.7224
5233 1.1274
5234 13.1747
5235 20.5095
5236 0.5983
5237 0.5465
5238 0.7443
5239 0.3028
5240 1.7693
5241 7.0132
5242 3.7300
5243 0.3043
5244 0.7882
5245 0.1645
5246 12.1456
5247 4.4363
5248 3.5263
5249 0.5466
5250 8.8678
5251 0.1635
5252 0.2776
5253 2.5841
5254 1.4722
5255 2.7770
5256 1.2625
5257 0.3860
5258 2.6763
5259 1.2200
5260 2.0170
5261 0.5509
5262 4.5678
5263 0.4248
5264 1.7579
5265 0.9405
5266 1.5765
5267 1.4508
5268 12.4217
5269 0.3196
5270 0.2814
5271 0.8691
5272 0.3173
5273 0.5601
5274 1.0931
5275 0.7479
5276 1.2936
5277 0.2620
5278 0.7337
5279 3.6260
5280 0.3883
5281 1.0274
5282 0.6130
5283 0.6219
5284 7.9507
5285 0.2472
5286 1.9437
5287 1.5510
5288 1.0574
5289 0.2964
5290 0.1171
5291 0.4144
5292 0.1741
5293 0.1692
5294 0.6377
5295 0.2618
5296 6.9987
5297 0.1872
5298 0.2087
5299 1.2241
5300 2.4053
5301 0.0991
5302 13.4386
5303 0.6469
5304 1.6721
5305 0.4009
5306 0.2743
5307 0.1622
5308 2.5256
5309 1.1638
5310 1.9265
5311 1.1364
5312 0.4131
5313 15.0223
5314 0.5848
5315 0.4314
5316 0.2675
5317 0.2316
5318 0.2430
5319 1.0637
5320 0.5135
5321 3.3829
5322 1.4029
5323 0.4439
5324 1.2875
5325 0.3668
5326 0.8987
5327 0.4881
5328 25.1758
5329 0.1082
5330 0.2078
5331 1.0962
5332 1.7850
5333 0.2218
5334 0.1573
5335 1.2386
5336 0.2421
5337 0.9622
5338 1.5406
5339 1.3152
5340 2.7829
5341 0.8495
5342 0.2020
5343 3.4052
5344 6.9022
5345 0.5513
5346 1.2724
5347 1.0123
5348 0.3335
5349 0.3953
5350 1.0505
5351 0.1284
5352 0.1556
5353 37.5469
5354 0.5716
5355 2.1713
5356 0.5472
5357 1.3499
5358 0.1714
5359 2.8290
5360 0.4355
5361 0.5681
5362 0.3075
5363 0.9794
5364 0.6739
5365 0.3382
5366 0.3311
5367 0.2683
5368 0.9111
5369 1.3405
5370 0.1168
5371 1.3519
5372 0.2574
5373 9.8321
5374 0.8671
5375 0.5800
5376 0.2298
5377 0.2696
5378 1.1265
5379 0.4067
5380 0.1764
5381 1.8317
5382 1.0057
5383 0.4158
5384 0.5334
5385 0.3309
5386 0.4614
5387 0.6152
5388 1.7497
5389 0.4891
5390 9.5177
5391 16.9979
5392 2.2129
5393 0.7951
5394 1.1194
5395 1.1466
5396 3.2534
5397 0.1735
5398 2.2714
5399 23.5710
5400 0.1793
5401 0.8286
5402 1.8421
5403 0.3546
5404 1.9201
5405 0.7209
5406 0.3426
5407 0.1000
5408 0.8853
5409 1.9532
5410 1.0549
5411 0.9023
5412 4.2355
5413 0.7773
5414 0.7243
5415 4.8973
5416 0.7551
5417 5.4775
5418 2.1659
5419 2.3794
5420 9.3993
5421 0.3981
5422 0.1355
5423 0.2128
5424 0.3668
5425 0.3205
5426 0.3087
5427 1.5266
5428 3.0966
5429 2.7884
5430 30.2778
5431 0.2982
5432 0.4413
5433 1.7783
5434 5.7189
5435 3.0670
5436 0.6776
5437 0.5379
5438 0.3637
5439 1.0573
5440 2.7189
5441 0.5819
5442 1.9262
5443 0.9179
5444 0.9791
5445 0.3880
5446 1.1394
5447 1.6047
5448 10.8868
5449 0.1737
5450 0.5098
5451 4.5132
5452 0.1849
5453 0.8122
5454 0.9520
5455 0.0919
5456 0.7288
5457 1.1460
5458 6.8566
5459 0.1358
5460 0.8194
5461 1.2112
5462 3.2046
5463 0.5417
5464 0.5054
5465 0.7246
5466 0.5671
5467 1.3159
5468 0.4504
5469 0.5522
5470 0.2607
5471 0.6725
5472 0.2163
5473 0.2399
5474 0.2206
5475 1.0708
5476 0.6593
5477 4.0402
5478 1.0759
5479 0.9141
5480 0.2944
5481 2.0543
5482 1.0000
5483 0.2953
5484 5.1126
5485 0.4515
5486 1.1247
5487 2.0342
5488 4.6379
5489 0.6749
5490 1.1773
5491 0.2113
5492 13.3335
5493 12.0910
5494 2.1683
5495 0.1744
5496 0.4300
5497 0.2236
5498 0.2058
5499 0.8762
5500 1.3591
5501 1.0559
5502 0.7400
5503 0.8291
5504 1.2577
5505 1.7236
5506 0.7765
5507 1.5237
5508 0.2088
5509 0.2828
5510 0.4674
5511 0.3523
5512 0.7300
5513 0.5106
5514 8.5646
5515 0.1317
5516 0.5461
5517 31.6962
5518 1.3437
5519 0.4938
5520 20.0996
5521 0.1216
5522 0.8328
5523 4.1260
5524 1.9012
5525 2.8745
5526 1.6483
5527 3.0802
5528 0.7796
5529 2.4245
5530 0.3666
5531 0.0976
5532 0.1474
5533 0.8114
5534 0.5740
5535 8.2797
5536 0.3408
5537 2.8942
5538 0.4274
5539 0.1850
5540 0.2656
5541 0.4652
5542 0.3719
5543 0.6667
5544 0.7796
5545 0.1741
5546 0.8054
5547 0.1777
5548 1.8130
5549 1.8428
5550 4.2439
5551 0.0964
5552 4.4941
5553 0.6353
5554 0.2464
5555 1.4485
5556 1.0906
5557 0.1118
5558 0.1221
5559 0.9702
5560 0.6438
5561 0.7942
5562 1.8070
5563 0.3051
5564 1.6273
5565 1.5100
5566 0.2300
5567 0.4299
5568 0.2194
5569 0.2004
5570 0.2510
5571 0.5607
5572 0.1723
5573 1.0057
5574 1.2614
5575 2.0270
5576 0.3326
5577 0.2633
5578 1.4980
5579 0.3211
5580 3.0004
5581 0.6664
5582 0.7886
5583 1.2706
5584 0.2169
5585 1.4472
5586 1.8208
5587 2.6533
5588 0.4250
5589 0.6656
5590 0.3941
5591 0.0834
5592 4.7191
5593 9.1127
5594 0.2355
5595 0.2548
5596 0.2013
5597 0.2361
5598 0.7749
5599 0.0822
5600 0.1751
5601 1.0761
5602 2.0502
5603 2.6745
5604 0.1222
5605 0.3027
5606 0.3772
5607 7.7554
5608 0.2723
5609 1.3671
5610 1.0425
5611 1.7492
5612 2.8230
5613 0.1895
5614 0.5634
5615 7.0896
5616 0.3528
5617 0.5986
5618 27.0819
5619 1.0338
5620 1.4101
5621 0.1905
5622 0.3748
5623 0.6935
5624 1.2282
5625 0.2819
5626 0.2585
5627 1.9917
5628 2.1344
5629 0.7586
5630 0.1666
5631 0.6851
5632 0.3515
5633 8.2956
5634 0.3355
5635 1.1244
5636 1.2418
5637 0.1047
5638 11.6947
5639 7.5840
5640 0.4784
5641 0.9175
5642 5.5186
5643 0.4520
5644 0.0842
5645 2.1627
5646 5.7523
5647 0.3728
5648 0.7473
5649 0.2094
5650 14.7734
5651 4.1519
5652 3.1680
5653 0.2131
5654 0.3723
5655 1.6609
5656 0.9266
5657 0.9217
5658 1.6110
5659 0.4312
5660 5.9659
5661 25.2249
5662 0.1415
5663 1.8520
5664 0.5291
5665 0.7030
5666 0.1040
5667 0.3430
5668 1.1718
5669 5.0532
5670 0.3993
5671 0.1849
5672 0.4123
5673 2.3892
5674 2.0135
5675 1.2904
5676 0.9548
5677 0.6424
5678 17.3964
5679 0.4962
5680 0.2545
5681 0.5185
5682 0.1272
5683 1.0736
5684 0.1052
5685 0.3700
5686 0.7179
5687 0.6305
5688 0.2042
5689 0.2373
5690 0.0870
5691 16.5094
5692 1.6340
5693 0.2367
5694   NaN
5695 0.1019
5696 2.9587
5697 0.8545
5698 0.8651
5699 1.4686
5700 1.8641
5701 0.8710
5702 0.2902
5703 0.0883
5704 0.2618
5705 0.3298
5706 1.0411
5707 1.8078
5708 1.5685
5709 0.6197
5710 27.3375
5711 0.5018
5712 0.3915
5713 0.2111
5714 0.5931
5715 0.1512
5716 31.6787
5717 1.3094
5718 2.2664
5719 1.0458
5720 0.2048
5721 0.7485
5722 1.7330
5723 0.4777
5724 0.3098
5725 0.7743
5726 0.5182
5727 0.3287
5728 1.3261
5729 3.1637
5730 0.1638
5731 0.1836
5732 0.6582
5733 0.2778
5734 1.2318
5735 1.0163
5736 3.2163
5737 0.5001
5738 0.9581
5739 1.0717
5740 1.2033
5741 0.2381
5742 0.2446
5743 0.7844
5744 3.3527
5745 5.0881
5746 1.5651
5747 0.3393
5748 4.2800
5749 0.2990
5750 0.8774
5751 0.3555
5752 0.8101
5753 9.6722
5754 0.2049
5755 0.0975
5756 0.3925
5757 0.2374
5758 4.7963
5759 0.4803
5760 0.3837
5761 0.7147
5762 0.1492
5763 2.4111
5764 0.1618
5765 0.3175
5766 2.7877
5767 2.2465
5768 0.2752
5769 3.6641
5770 0.2785
5771 0.3297
5772 0.3768
5773 0.2178
5774 2.7966
5775 0.5233
5776 0.0932
5777 2.2939
5778 0.6893
5779 0.4719
5780 3.9638
5781 1.2907
5782 2.4035
5783 0.1050
5784 2.0972
5785 0.8385
5786 0.1207
5787 0.7669
5788 1.6004
5789 0.4665
5790 0.1238
5791 0.4771
5792 1.7633
5793 7.5083
5794 0.4010
5795 1.4047
5796 0.3446
5797 0.4402
5798 2.2609
5799 2.2265
5800 7.2650
5801 1.6173
5802 1.7230
5803 0.2330
5804 0.2184
5805 1.2091
5806 0.5847
5807 0.0870
5808 0.7737
5809 0.5518
5810 0.6808
5811 0.1140
5812 0.2672
5813 0.4204
5814 0.3879
5815 1.6927
5816 2.3907
5817 0.0879
5818 0.3424
5819 0.1725
5820 0.2876
5821 0.8074
5822 1.7257
5823 19.3008
5824 0.0727
5825 0.2595
5826 2.6907
5827 1.6881
5828 1.9352
5829 0.9575
5830 1.5953
5831 0.7605
5832 3.1512
5833 0.2585
5834 0.2469
5835 0.2783
5836 0.9068
5837 8.0145
5838 0.8095
5839 3.0959
5840 1.1846
5841 1.6241
5842 0.7253
5843 0.6759
5844 5.2406
5845 0.5309
5846 1.7410
5847 0.1746
5848 0.8781
5849 0.2291
5850 0.3284
5851 0.1683
5852 1.0676
5853 3.3136
5854 0.1826
5855 0.4954
5856 1.6405
5857 0.3787
5858 0.4242
5859 0.2123
5860 0.3764
5861 2.4707
5862 5.4950
5863 0.7624
5864 0.7320
5865 2.5689
5866 0.4866
5867 0.0830
5868 0.1878
5869 0.4039
5870 13.3076
5871 0.5375
5872 0.7306
5873 1.1297
5874 0.8111
5875 0.4824
5876 0.4597
5877 0.3239
5878 0.7987
5879 3.7244
5880 0.7314
5881 0.5929
5882 0.2962
5883 1.3240
5884 3.2917
5885 0.3900
5886 1.0226
5887 0.3355
5888 1.3616
5889 1.2812
5890 1.6095
5891 0.3428
5892 0.7553
5893 0.2430
5894 1.1248
5895 3.1260
5896 0.5581
5897 14.2603
5898 0.0869
5899 3.8927
5900   NaN
5901 0.3977
5902 2.3233
5903 8.6609
5904 1.3951
5905 0.1035
5906 1.1084
5907 0.3317
5908 0.1626
5909 0.0929
5910 1.4280
5911 0.5479
5912 0.3256
5913 0.8162
5914 0.2129
5915 2.9052
5916 9.0900
5917 1.4848
5918 8.2052
5919 0.9161
5920 1.0365
5921 0.4499
5922 1.0364
5923 0.9679
5924 0.1744
5925 0.8278
5926 0.4372
5927 0.5851
5928 5.5656
5929 0.4816
5930 0.1870
5931 0.3289
5932 0.4650
5933 2.0859
5934 0.3679
5935 0.4094
5936 0.3123
5937 3.3513
5938 0.5537
5939 0.3520
5940 0.5676
5941 0.9769
5942 0.9610
5943 0.4337
5944 0.9123
5945 1.1021
5946 0.0818
5947 0.4771
5948 0.2108
5949 0.2316
5950 9.1066
5951 4.9768
5952 0.2671
5953 0.3347
5954 1.6263
5955 0.4341
5956 0.4832
5957 1.0387
5958 0.1490
5959 0.9911
5960 0.3551
5961 1.6371
5962 0.7747
5963 9.5564
5964 0.3065
5965 0.6250
5966 0.5131
5967 0.1920
5968 0.5704
5969 9.6013
5970 1.1823
5971 0.3879
5972 0.5032
5973 1.1687
5974 2.5251
5975 1.3112
5976 0.6041
5977 2.2568
5978 0.7683
5979 0.4521
5980 1.9074
5981 0.1674
5982 0.5124
5983 4.2077
5984 0.8144
5985 3.4770
5986 0.2996
5987 1.0058
5988 3.8426
5989 0.2611
5990 5.3330
5991 6.0723
5992 0.7141
5993 0.8319
5994 5.4173
5995 0.7223
5996 0.2879
5997 4.1347
5998 0.7699
5999 0.2469
6000 1.6076
6001 1.3829
6002 0.1995
6003 0.6648
6004 0.4331
6005 0.1271
6006 1.3661
6007 0.2434
6008 0.5191
6009 0.7091
6010 1.0391
6011 0.6668
6012 5.3827
6013 6.7023
6014 4.1370
6015 3.5064
6016 9.0792
6017 1.0940
6018 0.1145
6019 0.8768
6020 1.1218
6021 0.9205
6022 0.6312
6023 0.5149
6024 4.0287
6025 0.4533
6026 0.3624
6027 0.8868
6028 3.6292
6029 0.0854
6030   NaN
6031 4.8004
6032 6.2295
6033 0.6615
6034 1.8973
6035 0.2402
6036 0.6771
6037 2.3249
6038 0.4604
6039 0.2351
6040 0.3603
6041 0.3567
6042 0.1428
6043 0.4318
6044 0.4931
6045 1.8046
6046 2.2538
6047 0.5897
6048 0.1629
6049 5.8123
6050 0.9354
6051 0.5011
6052 2.9316
6053 2.1030
6054 0.2462
6055 0.0902
6056 0.9556
6057 1.5491
6058 0.2491
6059 0.1101
6060 0.2707
6061 0.0715
6062 1.1033
6063 4.7504
6064 0.5884
6065 0.8964
6066 2.1652
6067 1.4586
6068 13.1695
6069 10.7240
6070 0.2141
6071 8.3956
6072 1.5386
6073 1.0392
6074 0.5035
6075 2.0736
6076 2.0125
6077 0.5922
6078 0.3823
6079 0.4757
6080 0.6601
6081 0.3239
6082 0.8327
6083 6.1540
6084 3.0764
6085 0.3999
6086 0.3683
6087 1.6967
6088 3.5358
6089 0.2615
6090 0.3370
6091 20.8889
6092 0.4797
6093 1.0562
6094 0.1805
6095 0.2703
6096 0.1141
6097 0.1060
6098 1.3584
6099 0.2685
6100 0.9772
6101 0.8184
6102 0.9271
6103 1.5415
6104 0.2835
6105 2.6295
6106 0.5004
6107 2.6364
6108 0.3326
6109 0.3680
6110 1.0878
6111 1.3031
6112 0.2989
6113 0.7783
6114 0.3514
6115 9.5301
6116 1.7305
6117 0.9267
6118 0.8101
6119 1.7228
6120 0.2003
6121 6.9547
6122 4.9091
6123 28.4050
6124 0.9107
6125 0.1613
6126 0.4903
6127 0.7817
6128 7.4735
6129 1.2875
6130 1.0787
6131 0.5147
6132 10.8429
6133 0.7224
6134 1.1077
6135 1.2769
6136 1.0490
6137 1.6656
6138 2.7336
6139 1.5719
6140 7.5819
6141 1.6907
6142 0.4971
6143 13.4031
6144 1.1876
6145 3.0538
6146 0.8751
6147 1.3217
6148 1.5622
6149 1.3345
6150 1.2553
6151 0.9075
6152 2.1297
6153 8.7242
6154 14.7583
6155 0.7314
6156 0.5807
6157 0.3801
6158 6.6097
6159 1.7478
6160 0.3472
6161 1.8419
6162 0.6320
6163 0.2469
6164 0.7470
6165 0.2688
6166 0.6390
6167 0.2331
6168 0.9944
6169 0.1472
6170 0.2619
6171 0.2721
6172 0.1322
6173 0.3555
6174 1.4113
6175 1.4299
6176 1.0254
6177 0.2233
6178 0.5113
6179 0.1713
6180 0.1149
6181 1.4833
6182 0.5958
6183 0.2407
6184 0.6694
6185 2.4647
6186 3.8151
6187 0.2408
6188 6.8744
6189 0.6600
6190 0.1537
6191 0.2334
6192 0.9751
6193 3.0468
6194 0.3323
6195 0.4084
6196 1.1775
6197 0.0840
6198 1.2360
6199 1.6985
6200 0.3220
6201 3.0065
6202 0.6229
6203 0.8503
6204 0.5078
6205 0.2121
6206 3.8806
6207 1.5425
6208 1.0651
6209 2.1001
6210 1.7219
6211 3.6052
6212 1.1211
6213 0.3428
6214 4.8448
6215 4.6739
6216 4.5390
6217 1.9229
6218 1.6996
6219 0.0924
6220 0.6147
6221 0.3436
6222 0.1966
6223 0.1990
6224 0.7689
6225 0.2336
6226 2.1219
6227 0.7328
6228 0.7286
6229 0.3734
6230 2.2213
6231 0.6402
6232 1.0433
6233 0.5199
6234 1.1076
6235 4.6737
6236 1.3414
6237 0.2626
6238 1.0975
6239 3.2989
6240 0.3603
6241 3.2674
6242 5.5934
6243 1.7634
6244 0.4494
6245 3.4192
6246 0.2461
6247 0.9319
6248 1.2247
6249 0.1648
6250 0.5130
6251 0.9503
6252 0.6379
6253 0.1033
6254 0.9257
6255 13.6423
6256 0.5399
6257 0.1317
6258 0.2133
6259 0.5618
6260 0.4419
6261 1.2781
6262 1.5514
6263 0.1064
6264 0.3638
6265 0.3065
6266 0.7994
6267 10.4923
6268 0.9365
6269 1.6344
6270 3.5085
6271 0.7166
6272 0.3779
6273 0.3155
6274 0.3984
6275 0.9064
6276 1.2801
6277 0.3364
6278 2.3480
6279 0.4905
6280 1.5110
6281 0.8854
6282 4.7724
6283 2.0062
6284 0.3276
6285 1.6076
6286 0.2425
6287 1.6054
6288 0.6437
6289 0.3447
6290 3.9705
6291 0.4025
6292 1.2035
6293 3.0409
6294 0.3233
6295 0.9830
6296 0.6900
6297 5.7417
6298 0.7762
6299 2.4603
6300 0.6227
6301 0.1009
6302 0.2533
6303 0.4441
6304 0.8498
6305 0.2219
6306 0.8001
6307   NaN
6308 0.2725
6309 0.3468
6310 6.8624
6311 0.1959
6312 1.2842
6313 1.5705
6314 1.0704
6315 2.0174
6316 2.4774
6317 1.1786
6318 3.0124
6319 0.2406
6320 0.8277
6321 3.0324
6322 0.6619
6323 1.9724
6324 1.5047
6325 0.9853
6326 0.8042
6327 0.4124
6328 1.9505
6329 1.1994
6330 1.7326
6331 1.2707
6332 0.6743
6333 0.9841
6334 2.4366
6335 1.1858
6336 0.3335
6337 0.0927
6338 0.3559
6339 1.9064
6340 0.4974
6341 0.3919
6342 0.2268
6343 1.9733
6344 1.1088
6345 0.1838
6346 2.4389
6347 0.3855
6348 0.2479
6349 2.6174
6350 3.3985
6351 0.1702
6352 0.3368
6353 2.8882
6354 14.8335
6355 2.7410
6356 2.2134
6357 9.7074
6358 0.2109
6359 4.0568
6360 0.7155
6361 9.1430
6362 18.6712
6363 11.9102
6364 0.2217
6365 0.6488
6366 1.2817
6367 0.1475
6368 0.4364
6369 1.6378
6370 1.2230
6371 0.5920
6372 1.5904
6373 0.2984
6374 0.5773
6375 0.3296
6376 0.4674
6377 0.9104
6378 0.0958
6379 2.5605
6380 0.4054
6381 2.0097
6382 1.2028
6383 0.3751
6384 0.5651
6385 0.8598
6386 1.6462
6387 0.5892
6388 0.3185
6389 0.2245
6390 3.2065
6391 0.5807
6392 0.4759
6393 0.3948
6394 0.9454
6395 0.1727
6396 0.5394
6397 0.2185
6398 0.3727
6399 0.4083
6400 1.3758
6401 5.2800
6402 0.3362
6403 0.8292
6404 2.9288
6405 0.4821
6406 3.7479
6407 0.1213
6408 0.5825
6409 0.3701
6410 0.0635
6411 1.7406
6412 0.6412
6413 1.3359
6414 0.3899
6415 0.1714
6416 1.9989
6417 0.4433
6418 0.2153
6419 7.9447
6420 0.3253
6421 1.6983
6422 0.2600
6423 2.5951
6424 3.9866
6425 0.0957
6426 53.2303
6427 5.7776
6428 1.9022
6429 2.4678
6430 1.2077
6431 0.4717
6432 0.5517
6433 0.2779
6434 1.3281
6435 0.6853
6436 0.8985
6437 2.4162
6438 0.3427
6439 3.9233
6440 1.2750
6441 0.2154
6442 0.7815
6443 1.5419
6444 0.1652
6445 0.8408
6446 0.3570
6447 0.3689
6448 5.3173
6449 14.0682
6450 1.7588
6451 4.2185
6452 0.4169
6453 2.3455
6454 4.9606
6455 1.3585
6456 0.6246
6457 0.2032
6458 1.6073
6459 0.7076
6460 0.9525
6461 0.3685
6462 1.1241
6463 0.2013
6464 0.4430
6465 13.5220
6466 3.9890
6467 1.8427
6468 1.7833
6469 0.6243
6470 0.2788
6471 5.9200
6472 6.0374
6473 0.9064
6474 4.6932
6475 0.2515
6476 0.8067
6477 0.3990
6478 0.4083
6479 0.2722
6480 0.7997
6481 0.1628
6482 1.7052
6483 0.2398
6484 0.2468
6485 17.4593
6486 6.9734
6487 1.7870
6488 9.0024
6489 0.6329
6490 0.5018
6491 2.1331
6492 1.0359
6493 0.1841
6494 1.7101
6495 0.7129
6496 0.4014
6497 0.1453
6498 0.5764
6499 22.1562
6500 1.9659
6501 2.6218
6502 0.6378
6503 2.1445
6504 0.7754
6505 0.3469
6506 0.1397
6507 2.3265
6508 0.1970
6509 1.0133
6510 1.4834
6511 0.4348
6512 0.1867
6513 1.4446
6514 1.0596
6515 2.7444
6516 2.4520
6517 2.8136
6518 12.6433
6519 0.2010
6520 3.5401
6521 0.4263
6522 0.8594
6523 0.4774
6524 2.5492
6525 0.1279
6526 4.6398
6527 6.8977
6528 3.1077
6529 0.1366
6530 10.7969
6531 0.1872
6532 2.7062
6533 0.5321
6534 0.5104
6535 2.6443
6536 5.3756
6537 1.0643
6538 0.1956
6539 0.3165
6540 0.1951
6541 3.7478
6542 0.3715
6543 0.9078
6544 11.1987
6545 0.9740
6546 0.7975
6547 1.3935
6548 0.7571
6549 0.4095
6550 1.9905
6551 1.5280
6552 0.2457
6553 0.9400
6554 10.8286
6555 0.5929
6556 1.5310
6557 6.3940
6558 0.8769
6559 1.9274
6560 5.8222
6561 0.2994
6562 0.9308
6563 0.3278
6564 0.6805
6565 0.1714
6566 0.2839
6567 0.9441
6568 1.8008
6569 0.5593
6570 0.3950
6571 0.1150
6572 0.5617
6573 0.7640
6574 0.9505
6575 0.9767
6576 0.3560
6577 3.0204
6578 0.7843
6579 0.8721
6580 5.1840
6581 0.6552
6582 0.2477
6583 0.5868
6584 0.1668
6585 0.2282
6586 5.1528
6587 7.3513
6588 9.0118
6589 4.2742
6590 0.2317
6591 0.2315
6592 1.5299
6593 1.2093
6594 0.2144
6595 15.0790
6596 5.4936
6597 0.2463
6598 2.0467
6599 0.7179
6600 0.3747
6601 17.2594
6602 1.3652
6603 5.5388
6604 1.9055
6605 26.3716
6606 1.1131
6607 0.9303
6608 3.6413
6609 0.2306
6610 4.1095
6611 0.3352
6612 0.3720
6613 1.3890
6614 5.6210
6615 0.1108
6616 2.9211
6617 2.2356
6618 0.7610
6619 0.2237
6620 0.0866
6621 0.7147
6622 0.3269
6623 0.7355
6624 0.2405
6625 0.2590
6626 0.8542
6627 0.6416
6628 0.9656
6629 2.2937
6630 2.4442
6631 12.0930
6632 0.1787
6633 3.2734
6634 1.8260
6635 4.7030
6636 0.1471
6637 5.2607
6638 0.1656
6639 0.4088
6640 0.1336
6641 0.4154
6642 1.5319
6643 0.3403
6644 0.3608
6645 0.1586
6646 0.6820
6647 9.0660
6648 0.9188
6649 1.2119
6650 0.2264
6651 3.3891
6652 1.8088
6653 0.6870
6654 1.3947
6655 1.8376
6656 0.5215
6657 1.8842
6658 5.1078
6659 2.9518
6660 0.8977
6661 1.1940
6662 3.3111
6663 0.1709
6664 0.3227
6665 1.6155
6666 0.3476
6667 0.1972
6668 0.6895
6669 1.8422
6670 2.8066
6671 0.5381
6672 0.1837
6673 1.5652
6674 0.6496
6675 1.6571
6676 0.5250
6677 1.3736
6678 0.7794
6679 3.9821
6680 0.4878
6681 1.7301
6682 10.3454
6683 0.4348
6684 3.8017
6685 2.5897
6686 5.0083
6687 3.1599
6688 0.3288
6689 0.3199
6690 2.5553
6691 0.4575
6692 0.3312
6693 1.2007
6694 0.2160
6695 0.5474
6696 0.3404
6697 0.1982
6698 5.2276
6699 0.2371
6700 0.4245
6701 0.5905
6702 3.5210
6703 0.2960
6704 0.9526
6705 2.4681
6706 0.9440
6707 3.0189
6708 1.5192
6709 0.3683
6710 0.1768
6711 14.0387
6712 3.8566
6713 0.2870
6714 3.1593
6715 0.3153
6716 0.7382
6717 0.9665
6718 1.6960
6719 13.6143
6720 7.3351
6721 0.7978
6722 1.1888
6723 3.6663
6724 2.3167
6725 2.4922
6726 0.7116
6727 16.1338
6728 0.9297
6729 0.9043
6730 0.5715
6731 3.2586
6732 0.1839
6733 19.8647
6734 1.0761
6735 0.1985
6736 2.2344
6737 0.2610
6738 2.9059
6739 0.2276
6740 1.3652
6741 0.7651
6742 0.2447
6743 0.6108
6744 1.8947
6745 0.7728
6746 0.3791
6747 0.2532
6748 0.3840
6749 4.4717
6750 1.2919
6751 0.2399
6752 13.3948
6753 7.2597
6754 1.4436
6755 1.1401
6756 2.3515
6757 5.7577
6758 0.3417
6759 0.4112
6760 0.3192
6761 0.7987
6762 0.6765
6763 0.3619
6764 0.2079
6765 0.5442
6766 2.8099
6767 0.9894
6768 1.2906
6769 11.5973
6770 0.1693
6771 2.5466
6772 18.4846
6773 0.6444
6774 1.4573
6775 0.0819
6776 3.2979
6777 0.2224
6778 0.1757
6779 0.4728
6780 0.2248
6781 3.8660
6782 1.0264
6783 1.6205
6784 22.0374
6785 0.7909
6786 0.7256
6787 1.8524
6788 0.2228
6789 1.7771
6790 1.6050
6791 0.3158
6792 0.1753
6793 0.3464
6794 0.6783
6795 11.7394
6796 0.5511
6797 0.1567
6798 1.6302
6799 0.1487
6800 0.7650
6801 0.7043
6802 0.5879
6803 1.4397
6804 10.1153
6805 0.1888
6806 3.7523
6807 0.3595
6808 0.4618
6809 0.6271
6810 0.8520
6811 5.9808
6812 0.7732
6813 0.2999
6814 1.0220
6815 0.2032
6816 2.6174
6817 0.1970
6818 0.1836
6819 1.0457
6820 0.9573
6821 0.1073
6822 0.2640
6823 0.2522
6824 0.4827
6825 0.3375
6826 0.4924
6827 1.2057
6828 1.8535
6829 0.3275
6830 0.4497
6831 0.1217
6832 0.2378
6833 0.5896
6834 0.1232
6835 0.3373
6836 0.4782
6837 2.9624
6838 2.1026
6839 7.2124
6840 0.5167
6841 4.4098
6842 3.3307
6843 2.1898
6844 0.2081
6845 6.6718
6846 0.4062
6847 9.6399
6848 0.0698
6849 0.2892
6850 0.3767
6851 1.6051
6852 0.4023
6853 1.8644
6854 2.1061
6855 0.4170
6856 0.1758
6857 1.9878
6858 0.9875
6859 1.1302
6860 1.1127
6861 1.5362
6862 1.6388
6863 0.7845
6864 0.1912
6865 0.3276
6866 1.2707
6867 1.0306
6868 0.3397
6869 0.1661
6870 0.9726
6871 0.1790
6872 1.6542
6873 2.6470
6874 5.4032
6875 9.5350
6876 0.7216
6877 0.1405
6878 3.1294
6879 0.2610
6880 0.3406
6881 0.3592
6882 1.0878
6883 1.7356
6884 0.9662
6885 0.8342
6886 0.1812
6887 0.3483
6888 2.0489
6889 0.1637
6890 0.2771
6891 0.3481
6892 0.8096
6893 1.5905
6894 9.7677
6895 0.2541
6896 0.8417
6897 0.2245
6898 0.7852
6899 3.5326
6900 5.6948
6901 2.8087
6902 1.8939
6903 0.9263
6904 0.1602
6905 0.5130
6906 0.6997
6907 0.5800
6908 1.1326
6909 0.1902
6910 1.9586
6911 2.1416
6912 1.0806
6913 0.8476
6914 0.3694
6915 0.8903
6916 4.8729
6917 0.3426
6918 3.2234
6919 6.9179
6920 0.2899
6921 1.4548
6922 0.7106
6923 0.3315
6924 1.1772
6925 0.2905
6926 17.8395
6927 0.9488
6928 0.4443
6929 0.1256
6930 1.6141
6931 2.6922
6932 1.8712
6933 0.2777
6934 0.6355
6935 6.9559
6936 0.3461
6937 0.6770
6938 1.2351
6939 2.4217
6940 0.2400
6941 0.3917
6942 0.9387
6943 0.3100
6944 1.2377
6945 0.3092
6946 1.5576
6947 0.3774
6948 2.9609
6949 0.2906
6950 0.1449
6951 14.4101
6952 0.1556
6953 0.3691
6954 3.7674
6955 0.1489
6956 0.2050
6957 0.8670
6958 0.2118
6959 1.5583
6960 0.6979
6961 0.3139
6962 1.3638
6963 0.4618
6964 2.0855
6965 0.2588
6966 2.5031
6967 0.5151
6968 6.2305
6969 0.6772
6970 1.1720
6971 2.1823
6972 0.3726
6973 15.0583
6974 1.2694
6975 0.9391
6976 0.8361
6977 0.6342
6978 1.3226
6979 0.5278
6980 0.4225
6981 0.2548
6982 3.2900
6983 0.3359
6984 0.6549
6985 0.2520
6986 0.0926
6987 0.6293
6988 0.2008
6989 2.2809
6990 0.6692
6991 0.8537
6992 0.2263
6993 0.2995
6994 1.1215
6995 1.6627
6996 0.5745
6997 12.3440
6998 2.1265
6999 1.9688
7000 3.5059
7001 1.1986
7002 0.5996
7003 0.4600
7004 0.1991
7005 3.0149
7006 1.5291
7007 1.4399
7008 6.4533
7009 0.3975
7010 0.4328
7011 0.3008
7012 0.2564
7013 0.1798
7014 0.1841
7015 1.2620
7016 0.3624
7017 0.4973
7018 0.5135
7019 3.6142
7020 3.9361
7021 0.4154
7022 0.7208
7023 0.2442
7024 0.7121
7025 0.2885
7026 3.7752
7027 0.2758
7028 1.0675
7029 0.2238
7030 1.2676
7031 0.1970
7032 0.1408
7033 1.3524
7034 1.0795
7035 0.6511
7036 5.0109
7037 2.4278
7038 0.6343
7039 2.1197
7040 5.6554
7041 3.0568
7042 0.3964
7043 16.2352
7044 0.2496
7045 0.1221
7046 0.2353
7047 1.0861
7048 0.3180
7049 0.2168
7050 0.1148
7051 0.9113
7052 0.2399
7053 0.1931
7054 5.6546
7055 1.0193
7056 0.2220
7057 0.2726
7058 0.4359
7059 1.3814
7060 0.1014
7061 1.0621
7062 0.1970
7063 0.9227
7064 6.2739
7065 0.4924
7066 0.0733
7067 1.9626
7068 0.0666
7069 2.5104
7070 1.5732
7071 1.2526
7072 0.2416
7073 0.0788
7074 0.1107
7075 0.6074
7076 1.8629
7077 0.1455
7078 0.4877
7079 1.3122
7080 1.2648
7081 6.2556
7082 4.8302
7083 1.3429
7084 1.2823
7085 0.5057
7086 0.4195
7087 0.1166
7088 1.3771
7089 0.2369
7090 0.7540
7091 0.9307
7092 4.2703
7093 28.0488
7094 1.6193
7095 0.4261
7096 0.5050
7097 0.3743
7098 0.2203
7099 1.6135
7100 1.8624
7101 0.0937
7102 0.1876
7103 0.3448
7104 0.2315
7105 1.2467
7106 5.8079
7107 0.2358
7108 0.6371
7109 0.2810
7110 0.1354
7111 2.0513
7112 0.5714
7113 0.5919
7114 0.4689
7115 3.0637
7116 1.6984
7117 4.7347
7118 1.2968
7119 1.8736
7120 0.8066
7121 0.7448
7122 0.4904
7123 0.8837
7124 1.4265
7125 0.9738
7126 0.3180
7127 0.3168
7128 0.7415
7129 13.1166
7130 2.0204
7131 1.8674
7132 13.9658
7133 3.3640
7134 0.5079
7135 0.6752
7136 1.2426
7137 0.1327
7138 2.3548
7139 0.0952
7140 2.8644
7141 0.4042
7142 0.2196
7143 0.4201
7144 0.8859
7145 0.4650
7146 2.4550
7147 2.1598
7148 0.2786
7149 0.1971
7150 1.3241
7151 0.9501
7152 1.2910
7153 0.2280
7154 0.2074
7155 15.5073
7156 4.4131
7157 0.4278
7158 1.6470
7159 0.1399
7160 0.9435
7161 4.3185
7162 1.1242
7163 1.6920
7164 1.0988
7165 1.4274
7166 0.3567
7167 8.5794
7168 1.4182
7169 1.0863
7170 1.6384
7171 0.7792
7172 0.4312
7173 2.4083
7174 0.9321
7175 0.2959
7176 1.9796
7177 0.5009
7178 2.2810
7179 0.2712
7180 0.2046
7181 0.2109
7182 1.8225
7183 6.2534
7184 1.2900
7185 2.2795
7186 0.3447
7187 0.4546
7188 0.3955
7189 0.3753
7190 0.8803
7191 0.3329
7192 0.9073
7193 0.2424
7194 0.3652
7195 2.6487
7196 2.3478
7197 0.5550
7198 0.9593
7199 2.3002
7200 0.2239
7201 1.5451
7202 1.3623
7203 0.9709
7204 21.5679
7205 0.2969
7206 0.5883
7207 0.4531
7208 1.8901
7209 0.7709
7210 0.8907
7211 0.2036
7212 0.3477
7213 2.4619
7214 1.9123
7215 0.5038
7216 1.1638
7217 0.2982
7218 2.2806
7219 0.6406
7220 0.9265
7221 0.2499
7222 0.3811
7223 1.9026
7224 0.7251
7225 0.3278
7226 2.3176
7227 0.8277
7228 0.8535
7229 0.2432
7230 0.4086
7231 6.7910
7232 0.6156
7233 1.4313
7234 3.2593
7235 15.8502
7236 4.7668
7237 0.2309
7238 1.6228
7239 0.6351
7240 0.8616
7241 2.3859
7242 0.9541
7243 0.8395
7244 0.4618
7245 0.4024
7246 0.8385
7247 0.6793
7248 0.9943
7249 0.3891
7250 0.2437
7251 0.5920
7252 2.1990
7253 1.7704
7254 0.2711
7255 0.2701
7256 1.3935
7257 0.3257
7258 6.2082
7259 2.1594
7260   NaN
7261 0.8620
7262 3.8419
7263 0.4379
7264 2.2249
7265 7.0000
7266 1.2044
7267 0.6927
7268 0.2059
7269 0.7592
7270 7.1071
7271 0.3836
7272 3.2549
7273 0.5836
7274 0.8927
7275 0.2096
7276 9.9398
7277 0.1857
7278 0.6064
7279 0.1244
7280 0.1790
7281 0.3288
7282 0.2708
7283 17.7085
7284 3.5318
7285 0.4523
7286 0.3841
7287 4.5531
7288 1.7813
7289 0.5066
7290 1.2598
7291 0.9268
7292 2.1414
7293 3.3745
7294 0.2418
7295 0.6484
7296 0.3403
7297 0.1727
7298 0.1954
7299 0.5402
7300 0.3619
7301 0.3562
7302 0.3359
7303 6.5820
7304 0.4694
7305 3.2569
7306 0.8041
7307 8.7998
7308 2.0857
7309 3.8320
7310 2.1591
7311 0.7146
7312 0.4102
7313 1.4876
7314 0.1732
7315 1.2169
7316 0.3069
7317 0.1564
7318 1.8319
7319 0.0781
7320 2.1816
7321 0.3405
7322 0.8191
7323 0.4520
7324 0.8509
7325 6.5062
7326 0.3575
7327 0.6807
7328 0.1283
7329 2.1087
7330 3.5390
7331 3.6202
7332 0.0895
7333 0.6626
7334 0.1222
7335 0.5058
7336 1.3367
7337 1.0748
7338 0.6099
7339 1.1223
7340 0.6623
7341 0.8997
7342 9.5375
7343 0.4984
7344 0.1024
7345 1.0472
7346 1.4618
7347 0.3253
7348 0.9264
7349 0.3502
7350 0.5723
7351 1.8662
7352 1.6220
7353 2.3848
7354 0.6268
7355 3.4463
7356 0.8711
7357 2.9359
7358 1.1982
7359 0.2389
7360 0.0816
7361 2.7099
7362 1.3103
7363 12.7602
7364 2.2121
7365 0.2233
7366 0.1507
7367 0.2500
7368 2.2179
7369 1.8419
7370 0.5821
7371 2.1599
7372 0.1988
7373 1.1831
7374 1.9780
7375 0.2128
7376 0.3382
7377 0.3402
7378 4.3961
7379 1.3359
7380 3.4451
7381 5.6934
7382 0.2664
7383 0.2232
7384 3.3492
7385 4.3134
7386 0.5621
7387 1.3059
7388 0.2305
7389 0.2298
7390 0.8586
7391 9.8420
7392 0.3184
7393 0.7268
7394 2.6529
7395 0.6833
7396 0.3630
7397 7.6047
7398 1.4823
7399 0.2170
7400 0.4245
7401 0.9064
7402 22.8833
7403 0.5174
7404 1.0625
7405 12.8079
7406 7.0468
7407 2.7022
7408 0.7723
7409 0.2260
7410 4.0042
7411 0.0950
7412 0.3723
7413 0.2562
7414 1.3900
7415 0.9273
7416 0.0951
7417 0.3321
7418 0.6924
7419 1.1504
7420 1.8986
7421 2.3951
7422 1.0480
7423 4.8939
7424 5.7609
7425 0.3666
7426 0.2773
7427 30.9622
7428 0.2206
7429 0.1781
7430 1.0762
7431 0.8724
7432 0.2415
7433 1.4956
7434 0.3393
7435 2.3715
7436 0.2479
7437 2.7683
7438 0.9829
7439 0.6732
7440 3.0929
7441 0.1213
7442 0.1919
7443 0.6445
7444 0.3635
7445 0.3983
7446 0.8415
7447 0.9128
7448 0.4332
7449 2.8050
7450 0.3537
7451 2.7096
7452 0.6592
7453 14.4373
7454 1.1419
7455 0.4545
7456 0.4605
7457 3.5220
7458 4.2114
7459 3.5746
7460 0.1472
7461 0.5892
7462 0.1490
7463 0.3865
7464 0.1334
7465 1.9811
7466 0.5359
7467 1.0617
7468 0.3648
7469 1.0032
7470 3.6251
7471 0.1976
7472 2.7067
7473 1.8233
7474 0.3347
7475 7.9106
7476 0.6172
7477 0.3982
7478 0.1783
7479 1.0304
7480 1.2384
7481 0.0826
7482 0.2502
7483 0.3658
7484 3.6160
7485 0.6085
7486 0.5186
7487 0.6158
7488 0.5609
7489 0.4675
7490 0.2598
7491 0.1230
7492 0.4642
7493 0.6244
7494 1.4871
7495 0.3829
7496 0.1994
7497 0.6283
7498 1.5497
7499 4.9528
7500 0.2817
7501 2.5151
7502 1.0761
7503 0.2024
7504 0.4204
7505 0.7991
7506 1.9161
7507 0.5737
7508 1.0426
7509 9.3038
7510 0.7599
7511 1.7163
7512 1.1200
7513 0.6950
7514 0.9172
7515 1.1043
7516 0.6349
7517 0.2178
7518 0.7316
7519 0.2818
7520 1.0519
7521 3.2284
7522 0.8644
7523 0.5141
7524 0.1558
7525 0.1682
7526 0.7794
7527 33.9144
7528 0.9088
7529 0.2624
7530 0.9452
7531 1.1311
7532 1.2936
7533 32.6583
7534 0.4516
7535 1.4879
7536 0.1765
7537 0.3050
7538 1.6055
7539 1.2685
7540 5.3425
7541 11.7271
7542 1.2683
7543 3.1355
7544 0.3676
7545 0.1850
7546 0.0694
7547 2.0725
7548 3.1111
7549 1.0082
7550 1.3123
7551 1.2472
7552 2.5417
7553 0.3059
7554 0.9086
7555 0.6587
7556 9.3508
7557 0.6256
7558 0.1854
7559 0.2070
7560 1.1368
7561 0.9345
7562 2.1255
7563 3.8212
7564 1.4167
7565 0.1143
7566 0.1511
7567 1.8314
7568 1.5327
7569 0.1584
7570 0.5318
7571 0.4117
7572 0.4750
7573 4.3722
7574 1.7442
7575 0.3217
7576 15.9969
7577 0.1975
7578 0.2226
7579 0.5849
7580 0.8055
7581 0.2710
7582 0.2566
7583 1.1085
7584 1.0817
7585 3.7838
7586 0.1952
7587 0.8889
7588 0.4648
7589 0.2132
7590 16.7106
7591 5.4952
7592 1.1326
7593 0.3557
7594 0.4215
7595 0.3006
7596 3.8461
7597 0.8594
7598 1.5987
7599 0.3013
7600 7.5949
7601 0.4044
7602 0.9508
7603 0.2018
7604 0.2700
7605 0.7575
7606 0.1340
7607 1.4056
7608 0.7323
7609 0.5552
7610 2.3522
7611 3.6463
7612 5.2846
7613 0.8781
7614 0.4038
7615 2.8984
7616 5.2671
7617 0.4197
7618 0.7544
7619 0.6708
7620 0.6927
7621 0.3957
7622 4.7103
7623 0.1767
7624 1.4605
7625 0.9974
7626 2.2433
7627 4.2167
7628 2.5184
7629 0.8209
7630 0.2037
7631 0.3533
7632 0.8443
7633 0.9776
7634 0.1700
7635 1.8358
7636 0.4475
7637 2.3621
7638 0.1578
7639 0.1428
7640 0.7757
7641 0.2029
7642 7.9280
7643 1.5112
7644 0.2523
7645 0.3105
7646 0.3793
7647 0.3008
7648 0.8092
7649 2.5394
7650 0.5771
7651 0.2307
7652 0.9520
7653 0.2286
7654 0.4111
7655 0.3974
7656 2.8569
7657 0.5985
7658 0.9332
7659 0.3900
7660 2.3644
7661 0.1750
7662 0.3381
7663 1.5066
7664 11.4346
7665 7.3877
7666 0.4681
7667 0.3077
7668 0.9396
7669 5.8986
7670 0.9972
7671 6.5967
7672 1.7205
7673 0.3259
7674 7.7356
7675 6.6754
7676 0.0616
7677 2.5842
7678 0.0886
7679 1.3331
7680 0.3532
7681 0.5322
7682 1.0610
7683 0.7146
7684 7.9404
7685 0.2117
7686 1.3478
7687 0.4602
7688 1.3425
7689 0.3318
7690 0.6026
7691 0.3471
7692 0.7408
7693 0.3870
7694 0.1724
7695 10.0574
7696 0.9223
7697 1.7184
7698 0.3979
7699 0.9325
7700 0.1883
7701 0.9950
7702 0.8189
7703 3.1745
7704 0.1451
7705 1.0884
7706 0.1535
7707 0.2837
7708 0.1456
7709 1.0973
7710 1.0067
7711 0.6606
7712 9.8720
7713 3.0849
7714 0.2593
7715 8.9837
7716 3.7766
7717 0.1514
7718 0.1325
7719 0.4555
7720 11.4667
7721 0.7724
7722 4.0750
7723 0.6197
7724 0.6191
7725 0.2340
7726 3.1177
7727 0.1627
7728 0.9061
7729 0.1100
7730 1.0896
7731 3.1575
7732 3.0821
7733 0.4177
7734 0.1683
7735 3.5201
7736 25.5116
7737 0.2012
7738 0.1801
7739 2.4219
7740 1.7527
7741 0.6693
7742 1.0179
7743 0.5568
7744 0.9006
7745 1.0728
7746 2.2392
7747 0.4925
7748 2.8452
7749 3.1518
7750 0.4536
7751 0.5285
7752 4.9338
7753 1.6841
7754 0.9515
7755 1.6010
7756 0.4530
7757 1.6324
7758 0.3260
7759 1.1820
7760 0.4869
7761 0.9301
7762 0.2332
7763 0.6566
7764 15.1014
7765 0.6419
7766 0.3633
7767 2.5754
7768 0.2408
7769 1.5663
7770 1.9153
7771 0.0988
7772 2.0206
7773 3.3342
7774 0.9085
7775 0.8078
7776 1.0905
7777 1.9617
7778 1.4178
7779 0.5182
7780 0.9660
7781 0.5693
7782 3.8063
7783 1.0209
7784 0.8855
7785 2.7588
7786 0.0707
7787 5.3067
7788 1.5887
7789 3.8254
7790 0.2695
7791 7.2420
7792 0.4498
7793 1.3396
7794 0.1965
7795 0.3516
7796 1.2373
7797 0.2764
7798 1.2533
7799 4.6963
7800 0.2535
7801 0.1854
7802 1.4840
7803   NaN
7804 0.1032
7805 0.1275
7806 0.5255
7807 0.4505
7808 1.1943
7809 1.9469
7810 1.8575
7811 2.4656
7812 11.8734
7813 0.5745
7814 0.8447
7815 0.0605
7816 0.7951
7817 1.8846
7818 0.6170
7819 0.9487
7820 0.5821
7821 0.2341
7822 0.2377
7823 28.9214
7824 0.2430
7825 2.3843
7826 0.7691
7827 0.4282
7828 0.9938
7829 1.3914
7830 1.5931
7831 0.5039
7832 0.1692
7833 0.0972
7834 0.9966
7835 0.0770
7836 8.1194
7837 3.5107
7838 0.2463
7839 0.8055
7840 0.0900
7841 0.4157
7842 1.0021
7843 1.0511
7844 0.2688
7845 1.8981
7846 1.8417
7847 0.3157
7848 0.7495
7849 0.8667
7850 1.4703
7851 0.2699
7852 0.0815
7853 0.4913
7854 7.4160
7855 1.0577
7856 1.4787
7857 0.9850
7858 0.6266
7859 5.6525
7860 1.9552
7861 2.1485
7862 0.1522
7863 3.7964
7864 12.9389
7865 0.3859
7866 0.6921
7867 1.0714
7868 0.3672
7869 0.1941
7870 0.1396
7871 0.2486
7872 1.0538
7873 0.1057
7874 0.9416
7875 1.3093
7876 0.2303
7877 0.3861
7878 6.0102
7879 1.9060
7880 0.8167
7881 0.7761
7882 0.5012
7883 0.5460
7884 0.6931
7885 1.2368
7886 0.4912
7887 1.3081
7888 0.3393
7889 2.4029
7890 0.3442
7891 2.5879
7892 0.7107
7893 0.7187
7894 8.8661
7895 11.7317
7896 0.3163
7897 0.1319
7898 0.1750
7899 0.8122
7900 18.8569
7901 1.6202
7902 12.3239
7903 1.3890
7904 1.1524
7905 0.4079
7906 0.1306
7907 8.4513
7908 1.0869
7909 0.1459
7910 8.6550
7911 1.8825
7912 0.1669
7913 0.5610
7914 4.2844
7915 0.4283
7916 0.8578
7917 0.4857
7918 0.6235
7919 0.4207
7920 2.3654
7921 4.7138
7922 0.5001
7923 0.7419
7924 0.5147
7925 0.6905
7926 0.4875
7927 1.0328
7928 0.8989
7929 0.4805
7930 0.5611
7931 0.1278
7932 0.8490
7933 0.2211
7934 2.0710
7935 0.8553
7936 0.3753
7937 1.0518
7938 5.8680
7939 1.5927
7940 3.3052
7941 0.9784
7942 0.5541
7943 4.3564
7944 0.8265
7945 0.3444
7946 0.3763
7947 0.2548
7948 0.4721
7949 0.2308
7950 0.3760
7951 0.1289
7952 0.1860
7953 0.2785
7954 0.0770
7955 3.0976
7956 4.5064
7957 0.1301
7958 0.1613
7959 1.5187
7960 0.2226
7961 1.0459
7962 0.4065
7963 0.6133
7964 2.5336
7965 0.7525
7966 0.7030
7967 0.2447
7968 0.7632
7969 0.1023
7970 11.4228
7971 1.7214
7972 0.4669
7973 4.5850
7974 0.4152
7975 0.7254
7976 0.4165
7977 3.8699
7978 0.6378
7979 1.1569
7980 0.6995
7981 1.1886
7982 0.8127
7983 0.3824
7984 0.2205
7985 0.4271
7986 2.5804
7987 1.6793
7988 0.1795
7989 0.7578
7990 6.8901
7991 0.2959
7992 2.1133
7993 0.5007
7994 1.4846
7995 11.0933
7996 0.4075
7997 0.8693
7998 2.1238
7999 0.9725
8000 4.9310
8001 1.5432
8002 0.1718
8003 29.1813
8004 0.1144
8005 0.2025
8006 0.1381
8007 0.2291
8008 0.4798
8009 0.5370
8010 0.8863
8011 0.2608
8012 0.8013
8013 0.3853
8014 0.3771
8015 1.1703
8016 1.8154
8017 5.4544
8018 0.8181
8019 0.3989
8020 1.1552
8021 0.1890
8022 0.0916
8023 0.3176
8024 0.7844
8025 2.8954
8026 1.3195
8027 2.2582
8028 0.9236
8029 0.3149
8030 15.4465
8031 0.9669
8032 4.7026
8033 0.7506
8034 0.3039
8035 10.7873
8036 1.2815
8037 3.5788
8038 0.9417
8039 2.4383
8040 0.2399
8041 0.1039
8042 0.8816
8043 0.2730
8044 9.6307
8045 0.6452
8046 0.2891
8047 0.8577
8048 3.7447
8049 2.3956
8050 4.3112
8051 0.8438
8052 0.9188
8053 0.4751
8054 0.4550
8055 0.8434
8056 0.4653
8057 0.6364
8058 1.0184
8059 0.1260
8060 20.2607
8061 1.3274
8062 0.2620
8063 0.6534
8064 1.7895
8065 0.1899
8066 0.8354
8067 4.6043
8068 0.3913
8069 1.6766
8070 0.1312
8071 0.3791
8072 0.4504
8073 0.8449
8074 0.7465
8075 1.3215
8076 0.9560
8077 10.3961
8078 1.2670
8079 1.2433
8080 1.0123
8081 4.0959
8082 0.7572
8083   NaN
8084 0.4409
8085 1.1369
8086 1.2364
8087 0.4409
8088 0.3250
8089 1.2116
8090 0.5185
8091 0.1351
8092 0.2075
8093 0.9078
8094 18.0019
8095 0.6933
8096 0.3845
8097 0.2042
8098 1.8414
8099 6.6264
8100 12.5880
8101 0.8503
8102 9.1725
8103 0.1898
8104 0.3631
8105 0.5536
8106 7.8441
8107 0.3828
8108 0.9337
8109 0.8036
8110 0.1734
8111 0.1774
8112 0.6182
8113 0.8622
8114 0.3644
8115 0.6728
8116 0.1756
8117 5.6642
8118 4.3482
8119 0.6033
8120 2.5249
8121 0.7264
8122 1.6236
8123 0.3077
8124 0.6352
8125 0.3427
8126 0.0976
8127 1.5685
8128 0.9211
8129 0.3185
8130 0.4945
8131 0.6862
8132 0.1444
8133 0.1748
8134 0.3431
8135 0.5856
8136 0.1822
8137 1.1960
8138 0.4083
8139 0.3639
8140 1.0995
8141 0.8448
8142 1.0088
8143 0.4674
8144 0.6952
8145 1.7801
8146 0.2761
8147 0.2596
8148 0.1014
8149 0.5329
8150 1.3778
8151 0.2869
8152 1.0563
8153 0.4390
8154 0.3612
8155 5.2453
8156 0.9934
8157 3.1954
8158 0.0758
8159 15.2374
8160 0.6858
8161 0.7645
8162 0.3375
8163 1.3145
8164 0.4583
8165 0.1509
8166 2.2200
8167 0.1959
8168 2.0220
8169 3.8595
8170 0.2076
8171 0.3722
8172 1.2092
8173 0.3550
8174 1.4645
8175 0.9088
8176 0.3396
8177 2.1352
8178 0.1064
8179 1.6747
8180 1.5026
8181 1.2037
8182 0.4582
8183 0.1898
8184 1.0243
8185 1.7221
8186 0.6339
8187 0.5678
8188 0.4580
8189 3.7260
8190 1.8712
8191 0.4921
8192 4.2321
8193 1.1621
8194 0.4654
8195 0.2771
8196 16.0318
8197 0.5877
8198 0.5578
8199 0.5828
8200 0.5720
8201 0.1831
8202 1.0638
8203 3.1718
8204 0.5198
8205 2.5700
8206 6.9692
8207 2.7355
8208 0.7568
8209 0.7881
8210 1.1276
8211 0.8081
8212 1.9664
8213 0.3813
8214 1.0260
8215 0.2527
8216 0.2357
8217 0.1735
8218 0.1599
8219 0.9140
8220 1.6416
8221 0.8189
8222 0.3858
8223 0.9308
8224 0.8265
8225 0.4040
8226 1.4411
8227 1.6796
8228 0.3201
8229 1.2422
8230 1.7896
8231 1.3317
8232 2.4461
8233 0.1072
8234 0.2310
8235 2.2070
8236 0.5853
8237 0.3716
8238 2.9343
8239 0.4286
8240 0.3263
8241 1.1466
8242 0.3100
8243 0.5990
8244 0.1965
8245 2.1842
8246 0.0847
8247 2.8404
8248 0.8626
8249 0.2462
8250 0.5616
8251 0.1874
8252 1.2549
8253 1.6156
8254 0.2814
8255 0.3859
8256 0.4961
8257 0.6888
8258 0.9156
8259 14.6036
8260 2.4910
8261 7.4686
8262 0.4123
8263 0.9046
8264 4.0928
8265 8.9861
8266 0.3095
8267 0.0719
8268 0.8175
8269 0.8437
8270 3.3772
8271 0.3745
8272 4.8876
8273 0.4529
8274 0.9493
8275 0.5200
8276 0.5889
8277 2.0544
8278 36.8455
8279 0.3006
8280 0.5036
8281 0.8764
8282 7.2809
8283 25.6772
8284 0.8644
8285 0.6270
8286 0.1445
8287 0.9181
8288 0.3613
8289 0.2272
8290 5.7362
8291 2.6552
8292 0.9103
8293 7.4036
8294 0.7553
8295 1.3483
8296 0.5405
8297 1.1001
8298 0.3981
8299 0.2709
8300 6.2243
8301 3.1786
8302 2.4212
8303 0.7688
8304 1.4985
8305 0.8495
8306 3.1198
8307 1.0070
8308 4.7646
8309 0.4108
8310 0.2547
8311 0.1295
8312 0.3389
8313 0.6065
8314 11.2094
8315 1.2889
8316 0.1578
8317 13.6897
8318 25.9685
8319 5.2121
8320 1.9886
8321 15.1875
8322 1.3371
8323 0.2020
8324 0.6790
8325 1.5337
8326 1.5828
8327 0.3417
8328 1.2456
8329 1.2503
8330 1.4476
8331 0.2217
8332 0.7948
8333 0.2937
8334 2.7281
8335 0.3140
8336 3.4333
8337 1.3345
8338 1.2624
8339 0.3800
8340 1.7340
8341 0.4176
8342 1.9776
8343 0.5873
8344 0.9121
8345 0.4393
8346 0.1185
8347 4.6054
8348 4.4385
8349 0.1227
8350 0.1872
8351 3.1925
8352 2.4406
8353 0.5047
8354 0.2059
8355 0.4903
8356 0.3021
8357 0.1900
8358 1.7323
8359 1.8761
8360 0.2467
8361 1.1509
8362 1.0471
8363 0.9914
8364 0.4720
8365 0.2981
8366 0.3704
8367 0.4475
8368 6.7257
8369 0.4500
8370 0.5207
8371 0.5219
8372 18.4612
8373 0.2007
8374 0.6552
8375 0.3534
8376 1.6147
8377 0.0928
8378 0.4765
8379 1.7580
8380 0.6320
8381 3.3561
8382 2.5056
8383 2.1101
8384 0.0951
8385 0.2171
8386 0.2662
8387 0.4234
8388 2.5613
8389 0.9679
8390 0.2547
8391 3.0107
8392 5.5052
8393 0.1333
8394 17.0376
8395 0.3181
8396 1.3829
8397 1.0923
8398 0.6938
8399 0.2042
8400 0.4808
8401 0.2926
8402 2.3835
8403 0.1925
8404 0.2052
8405 0.6380
8406 0.3278
8407 0.7031
8408 1.8014
8409 0.1735
8410 2.3551
8411 0.3630
8412 0.1811
8413 1.3205
8414 0.6181
8415 1.6367
8416 1.5366
8417 1.7429
8418 4.2393
8419 1.1870
8420 0.1038
8421 1.5157
8422 0.4747
8423 0.1955
8424 0.1915
8425 0.2168
8426 0.4510
8427 6.2137
8428 3.8309
8429 2.1602
8430 0.2434
8431 0.6538
8432 4.7613
8433 0.3987
8434 1.4567
8435 0.7194
8436 0.3438
8437 0.2282
8438 0.2020
8439 2.2015
8440 1.1942
8441 13.1380
8442 0.7487
8443 0.5372
8444 0.2471
8445 3.7619
8446 1.6134
8447 0.1118
8448 0.2353
8449 0.7927
8450 1.6261
8451 0.4527
8452 0.6583
8453 0.7151
8454 0.5783
8455 0.4348
8456 0.0865
8457 0.5071
8458 6.1145
8459 0.2252
8460 2.6339
8461 0.4554
8462 1.9531
8463 0.1864
8464 0.8601
8465 1.8296
8466 2.1581
8467 0.5450
8468 0.6437
8469 0.4035
8470 0.2645
8471 0.2387
8472 0.2732
8473 0.6659
8474 0.2152
8475 1.1727
8476 0.7581
8477 0.2303
8478 0.5352
8479 3.0419
8480 0.3913
8481 0.4085
8482 0.0744
8483 2.8771
8484 0.1522
8485 8.7947
8486 0.8643
8487 0.3430
8488 0.2290
8489 1.0991
8490 0.3651
8491 0.2440
8492 5.2667
8493 0.6289
8494 0.3320
8495 1.1137
8496 0.6820
8497 1.8142
8498 1.0268
8499 0.7782
8500 0.2078
8501 0.4043
8502 3.7808
8503 0.4951
8504 0.6511
8505 8.1904
8506 14.9047
8507 0.2821
8508 0.1757
8509 0.8855
8510 2.0774
8511 2.2631
8512 1.3032
8513 0.4679
8514 3.9424
8515 0.0850
8516 0.2181
8517 0.4240
8518 3.6329
8519 0.2297
8520 4.7287
8521 0.7635
8522 11.7948
8523 0.3023
8524 0.0873
8525 9.4217
8526 0.0941
8527 0.3041
8528 0.6685
8529 1.3598
8530 0.5255
8531 3.1557
8532 1.9920
8533 0.2800
8534 1.3143
8535 1.3885
8536 1.3594
8537 0.1199
8538 0.0992
8539 0.8132
8540 1.0755
8541 8.8136
8542 0.4832
8543 0.6470
8544 3.5525
8545 0.4541
8546 0.5735
8547 0.8741
8548 7.6243
8549 1.4244
8550 3.7378
8551 0.4228
8552 2.7551
8553 1.0750
8554 1.3501
8555 1.3497
8556 1.6218
8557 0.4482
8558 0.6773
8559 0.6910
8560 2.1966
8561 0.8489
8562 16.3415
8563 0.2707
8564 0.2728
8565 0.0738
8566 0.2202
8567 0.6221
8568 0.5621
8569 1.2397
8570 2.5424
8571 0.9245
8572 1.5698
8573 0.2740
8574 0.1289
8575 0.1790
8576 0.1081
8577 0.2066
8578 0.1761
8579 0.3556
8580 0.7412
8581 1.9544
8582 0.2977
8583 8.1210
8584 0.3339
8585 0.1834
8586 0.8944
8587 4.2578
8588 1.8892
8589 2.3730
8590 0.2154
8591 6.2771
8592 0.0911
8593 0.8002
8594 0.4784
8595 0.2900
8596 0.5599
8597 0.2592
8598 0.7183
8599 0.8093
8600 0.1322
8601 2.9659
8602 7.0498
8603 3.4605
8604 0.2551
8605 1.3218
8606 1.0267
8607 3.0979
8608 0.1501
8609 8.0271
8610 0.1467
8611 2.1508
8612 0.2862
8613 0.3461
8614 0.6327
8615 0.4493
8616 0.5754
8617 0.9337
8618 0.2917
8619 0.6080
8620 0.9538
8621 0.9984
8622 0.1027
8623 0.8380
8624 0.6072
8625 1.2898
8626 0.7851
8627 0.5028
8628 1.3404
8629 0.3550
8630 0.6939
8631 1.8600
8632 0.9687
8633 1.2336
8634 0.1687
8635 0.2434
8636 2.1729
8637 0.3878
8638 5.4308
8639 0.4430
8640 0.3344
8641 1.5379
8642 0.3620
8643 1.4483
8644 12.4826
8645 1.2181
8646 0.3147
8647 0.2681
8648 13.3456
8649 1.3502
8650 0.2479
8651 2.0298
8652 2.0762
8653 0.2709
8654 15.6103
8655 1.7096
8656 0.1365
8657 0.9499
8658 0.8364
8659 0.2127
8660 0.8315
8661 0.3399
8662 0.3221
8663 1.2753
8664 0.6346
8665 0.1807
8666 1.3061
8667 0.1149
8668 1.7949
8669 2.0596
8670 0.4432
8671 0.1925
8672 0.7409
8673 0.7388
8674 0.8998
8675 0.1701
8676 1.2527
8677 1.3695
8678 0.4785
8679 0.3018
8680 1.2105
8681 0.7426
8682 1.1461
8683 3.4047
8684 1.3437
8685 1.5453
8686 0.6989
8687 0.2573
8688 0.2666
8689 0.2464
8690 1.5872
8691 2.6783
8692 0.1827
8693 0.2535
8694 2.1967
8695 0.3388
8696 1.3029
8697 0.1173
8698 0.5589
8699 0.1054
8700 12.6022
8701 0.7324
8702 1.3883
8703 1.4365
8704 1.8790
8705 0.9735
8706 3.4848
8707 0.4150
8708 0.2965
8709 1.1106
8710 1.2213
8711 0.4875
8712 0.2270
8713 0.1602
8714 0.4399
8715 0.1363
8716 0.3795
8717 1.9072
8718 0.2672
8719 0.5344
8720 1.6165
8721 1.2934
8722 1.0730
8723 0.1807
8724 0.8151
8725 1.3214
8726 2.4104
8727 1.2656
8728 0.2331
8729 3.0304
8730 1.0445
8731 0.7806
8732 1.1908
8733 0.2952
8734 12.8247
8735 3.0125
8736 0.3138
8737 0.5064
8738 0.0814
8739 0.1930
8740 0.5015
8741 0.4102
8742 0.9807
8743 0.6750
8744 0.7789
8745 3.2409
8746 0.7096
8747 0.6388
8748 0.0895
8749 10.2319
8750 1.1478
8751 0.5445
8752 0.1928
8753 1.7008
8754 3.7168
8755 0.3499
8756 0.8776
8757 7.2622
8758 0.4964
8759 0.3428
8760 0.2714
8761 0.4528
8762 0.2368
8763 0.2169
8764 0.2187
8765 0.7253
8766 2.8657
8767 0.4044
8768 0.1028
8769 3.2935
8770 0.4808
8771 0.4274
8772   NaN
8773 0.5235
8774 0.3448
8775 11.0022
8776 2.9811
8777 0.5179
8778 0.2166
8779 2.3422
8780 0.3921
8781 0.8342
8782 1.3922
8783 0.2381
8784 2.0637
8785 0.7896
8786 0.3396
8787 1.0341
8788 0.6096
8789 6.8030
8790 0.2848
8791 0.4920
8792 1.3290
8793 6.6143
8794 1.0410
8795 0.2870
8796 0.1707
8797 1.5077
8798 0.4677
8799 1.7117
8800 0.9748
8801 0.2066
8802 1.9436
8803 17.9248
8804 1.0407
8805 0.7363
8806 0.3002
8807 0.6688
8808 5.0510
8809 13.5718
8810 0.0801
8811 15.4681
8812 0.9946
8813 1.0447
8814 0.1674
8815 0.3120
8816 2.0468
8817 0.5555
8818 0.7259
8819 1.2778
8820 1.3400
8821 4.3360
8822 0.8303
8823 1.7611
8824 1.0515
8825 0.3222
8826 0.8048
8827 0.9225
8828 0.3112
8829 0.4718
8830 0.3579
8831 0.3872
8832 0.1882
8833 0.4673
8834 2.2017
8835 0.6849
8836 0.3222
8837 0.2629
8838 0.5397
8839 5.7099
8840 2.0648
8841 3.0163
8842 0.9297
8843 0.3828
8844 0.2759
8845 3.1248
8846 2.8529
8847 0.5827
8848 0.3371
8849 71.7260
8850 0.3302
8851 12.8715
8852 1.4909
8853 1.1703
8854 0.3956
8855 0.3476
8856 0.9519
8857 0.3589
8858 0.2341
8859 0.1532
8860 0.4562
8861 1.6507
8862 0.7617
8863 1.0453
8864 0.2884
8865 1.2540
8866 0.1105
8867 1.0615
8868 0.2658
8869 1.2485
8870 0.2821
8871 1.5445
8872 0.1658
8873 0.5788
8874 1.4811
8875 5.6139
8876 0.1484
8877 2.0946
8878 1.4052
8879 0.1567
8880 0.8878
8881 0.9511
8882 0.2828
8883 0.4073
8884 0.3436
8885 1.5496
8886 0.9814
8887 1.7544
8888 0.1289
8889 0.4522
8890 0.2613
8891 2.8531
8892 0.5265
8893 3.9317
8894 1.1398
8895 2.1716
8896 0.1913
8897 0.1284
8898 0.7448
8899 1.5410
8900 1.0812
8901 1.1921
8902 0.2850
8903 7.6032
8904 0.5656
8905 1.4248
8906 0.1278
8907 0.4312
8908 0.4143
8909 1.2881
8910 0.5458
8911 0.5554
8912 0.4201
8913 1.2472
8914 0.1929
8915 0.2257
8916 1.3654
8917 0.4113
8918 0.1759
8919 0.4502
8920 0.8816
8921 0.3507
8922 3.4092
8923 0.3472
8924 3.2390
8925 0.5451
8926 11.3324
8927 0.6012
8928 0.2026
8929 3.6351
8930 0.6147
8931 0.2548
8932 0.9930
8933 0.2710
8934 0.4147
8935 0.8090
8936 0.2612
8937 0.4527
8938 0.2184
8939 0.6868
8940 0.1704
8941 0.2498
8942 0.0752
8943 1.7578
8944 0.7312
8945 0.1520
8946 3.6179
8947 0.4851
8948 0.8863
8949 0.5728
8950 0.2933
8951 1.2429
8952 0.6600
8953 0.9167
8954 1.9911
8955 0.0733
8956 1.1320
8957 0.2531
8958 1.3589
8959 2.2265
8960 0.2093
8961 0.9540
8962 1.2896
8963 0.2843
8964 0.1981
8965 0.3209
8966 0.2467
8967 0.5590
8968 0.5486
8969 2.9698
8970 0.9307
8971 0.2719
8972 1.2180
8973 26.7977
8974 1.3098
8975 0.5149
8976 0.4389
8977 4.6745
8978 0.7968
8979 15.5139
8980 0.1417
8981 4.5670
8982 0.2910
8983 0.3655
8984 0.5014
8985 0.2067
8986 0.6031
8987 0.4158
8988 6.3179
8989 3.4033
8990 0.3080
8991 0.1118
8992 0.4845
8993 2.8179
8994 1.7547
8995 0.2698
8996 0.5706
8997 1.4485
8998 12.2334
8999 2.8308
9000 1.9914
9001 5.8458
9002 0.6776
9003 14.6867
9004 2.0790
9005 1.1785
9006 0.2908
9007 0.5507
9008 0.2662
9009 0.9217
9010 2.0803
9011 0.1011
9012 0.1792
9013 1.5649
9014 0.4311
9015 2.0070
9016 0.6603
9017 1.0162
9018 0.2829
9019 0.8934
9020 0.3445
9021 0.3509
9022 1.0319
9023 0.8366
9024 0.3622
9025 0.5398
9026 0.1047
9027 3.9793
9028 0.3906
9029 0.6274
9030 0.1737
9031 1.1318
9032 0.3457
9033 1.1708
9034 0.5097
9035 0.2324
9036 2.3096
9037 0.3725
9038 1.2391
9039 0.7799
9040 0.1269
9041 2.1980
9042 1.0395
9043 0.7834
9044 0.6249
9045 0.7219
9046 0.1948
9047 0.5251
9048 3.2140
9049 0.3879
9050 3.1808
9051 1.1587
9052 1.0909
9053 0.2690
9054 0.7270
9055 0.7764
9056 0.5074
9057 0.8073
9058 1.4831
9059 1.2696
9060 0.4530
9061 1.2704
9062 3.5836
9063 0.2138
9064 0.6424
9065 0.3804
9066 9.0434
9067 0.4701
9068 0.1814
9069 5.0909
9070 0.3636
9071 1.6984
9072 1.0211
9073 0.2438
9074 1.1065
9075 0.1370
9076 1.5276
9077 0.3610
9078 0.3243
9079 5.6802
9080 0.3237
9081 0.4148
9082 2.0453
9083 0.9285
9084 0.2476
9085 0.4802
9086 9.6697
9087 0.6899
9088 0.5723
9089 0.4810
9090 1.1660
9091 0.5108
9092 2.9170
9093 0.4620
9094 0.2525
9095 1.3422
9096 1.2355
9097 0.5137
9098 0.5437
9099 1.1021
9100 2.0196
9101 0.5450
9102 0.4727
9103 0.2471
9104 0.9572
9105 7.7100
9106 2.0649
9107 0.3824
9108 0.7859
9109 0.8085
9110 0.7109
9111 3.5900
9112 0.1262
9113 1.6496
9114 0.4189
9115 0.3645
9116 2.8596
9117 1.0015
9118 0.2559
9119 0.3664
9120 2.2129
9121 1.0774
9122 1.3984
9123 2.0971
9124 0.5603
9125 1.7194
9126 2.5960
9127 0.8482
9128 0.3544
9129 0.3770
9130 5.0812
9131 4.5332
9132 1.3491
9133 5.2692
9134 8.1851
9135 0.2157
9136 0.3110
9137 5.2117
9138 0.2947
9139 0.6335
9140 1.1400
9141 3.0073
9142 6.3244
9143 0.4488
9144 0.8559
9145 1.8560
9146 3.9079
9147 0.1912
9148 0.1717
9149 1.2350
9150 0.3427
9151 3.7043
9152 0.2325
9153 0.3128
9154 0.5412
9155 0.4263
9156 1.7983
9157 0.8956
9158 1.2249
9159 0.7237
9160 0.3060
9161 0.8294
9162 0.2525
9163 1.0566
9164 0.4882
9165 0.3417
9166 6.1877
9167 0.5885
9168 0.1754
9169 1.3654
9170 0.2272
9171 0.2099
9172 12.6998
9173 0.3184
9174 1.0086
9175 1.0629
9176 1.0994
9177 0.3530
9178 0.6534
9179 1.0378
9180 1.7454
9181 0.4940
9182 0.5585
9183 0.4677
9184 0.7537
9185 1.3136
9186 0.2372
9187 1.1109
9188 1.0461
9189 3.0367
9190 0.6141
9191 1.9297
9192 0.9750
9193 0.7681
9194 0.4625
9195 0.5791
9196 0.3931
9197 0.1888
9198 2.8125
9199 1.2328
9200 13.4396
9201 0.2258
9202 0.1455
9203 0.2403
9204 0.8244
9205 0.3029
9206 0.2450
9207 0.2105
9208 0.2993
9209 1.0315
9210 2.0242
9211 3.5561
9212 11.2812
9213 1.4378
9214 2.7103
9215 0.8897
9216 0.3334
9217 0.4891
9218 1.2792
9219 0.5208
9220 0.2338
9221 0.9748
9222 0.8727
9223 3.8469
9224 0.9889
9225 3.1052
9226 0.7709
9227 0.9192
9228 2.8104
9229 10.7600
9230 2.3623
9231 7.5518
9232 2.5792
9233 1.6934
9234 2.5892
9235 10.4558
9236 0.6956
9237 1.5495
9238 0.4726
9239 18.6675
9240 0.5197
9241 1.4394
9242 1.3869
9243 3.4580
9244 2.3803
9245 0.9690
9246 1.7449
9247 1.0125
9248 0.7887
9249 0.6675
9250 0.7552
9251 4.9447
9252 0.5499
9253 3.2896
9254 1.5526
9255 1.7234
9256 0.3805
9257 0.3233
9258 0.6195
9259 2.4930
9260 0.2273
9261 0.3911
9262 3.8437
9263 0.5789
9264 1.8487
9265 0.1365
9266 5.2230
9267 0.1625
9268 0.6238
9269 2.1774
9270 12.6869
9271 3.9628
9272 0.8979
9273 0.2604
9274 0.7425
9275 0.1528
9276 0.1400
9277 1.0619
9278 1.7506
9279 0.8215
9280 0.4064
9281 2.9265
9282 4.6764
9283 3.2572
9284 0.1759
9285 0.3000
9286 0.6687
9287 0.5355
9288 0.8093
9289 1.1466
9290 1.0788
9291 0.3314
9292 0.0713
9293 0.2009
9294 0.8283
9295 2.5195
9296 0.5286
9297 0.4977
9298 8.6573
9299 0.3901
9300 6.5989
9301 0.5303
9302 0.3265
9303 0.4520
9304 0.1884
9305 2.9625
9306 2.5639
9307 3.8139
9308 6.2274
9309 0.6656
9310 1.7604
9311 0.2213
9312 17.7806
9313 0.3807
9314 1.0939
9315 0.3453
9316 1.1762
9317 11.0326
9318 0.5039
9319 3.7302
9320 16.4814
9321 1.9295
9322 0.4447
9323 1.1661
9324 0.4866
9325 6.8665
9326 1.6458
9327 0.2566
9328 1.0146
9329 0.0847
9330 2.4444
9331 0.0993
9332 3.2981
9333 2.1703
9334 0.1315
9335 26.4420
9336 0.2085
9337 6.5065
9338 0.1084
9339 1.1213
9340 0.1809
9341 2.1252
9342 1.3089
9343 0.9142
9344 0.4013
9345 2.1890
9346 0.2573
9347 0.2799
9348 0.5071
9349 0.3019
9350 1.1336
9351 0.2095
9352 3.2711
9353 0.3700
9354 0.0898
9355 1.0568
9356 0.1363
9357 0.6843
9358 1.4215
9359 0.1214
9360 2.8865
9361 1.7384
9362 0.3520
9363 2.1378
9364 16.0940
9365 0.2762
9366 0.9413
9367 0.1949
9368 2.0794
9369 0.2937
9370 1.3156
9371 0.6748
9372 3.3324
9373 1.7565
9374 8.8177
9375 0.3688
9376 0.0857
9377 0.3185
9378 0.5060
9379 0.8871
9380 3.2650
9381 0.7976
9382 0.2126
9383 0.0936
9384 0.8725
9385 0.7474
9386 1.5460
9387 0.1979
9388 4.5519
9389 1.6261
9390 1.9144
9391 0.4423
9392 5.9559
9393 0.5683
9394 0.0713
9395 0.2794
9396 0.6166
9397 0.2147
9398 0.5341
9399 0.3419
9400 1.2377
9401 1.3796
9402 0.3399
9403 0.4062
9404 6.8265
9405 0.1056
9406 0.1974
9407 0.5658
9408 0.4525
9409 3.0184
9410 1.9486
9411 0.8282
9412 1.7729
9413 0.6570
9414 2.7056
9415 0.1345
9416 0.4718
9417 0.1874
9418 2.5277
9419 0.7642
9420 0.7219
9421 17.0285
9422 0.4678
9423 0.2578
9424 1.3278
9425 0.1567
9426 0.3689
9427 0.2327
9428 0.2541
9429 0.9044
9430 0.5746
9431 0.0889
9432 13.4046
9433 1.2498
9434 0.0855
9435 12.0020
9436 0.8347
9437 1.9568
9438 18.4759
9439 1.0670
9440 1.4605
9441 0.2963
9442 0.3209
9443 1.1034
9444 0.3730
9445 1.0372
9446   NaN
9447 2.5572
9448 0.6758
9449 6.8908
9450 2.7761
9451 11.5407
9452 0.0873
9453 1.1503
9454 0.4379
9455 0.9188
9456 2.6091
9457 0.2105
9458 0.1432
9459 0.1035
9460 0.5048
9461 1.3066
9462 0.4095
9463 0.5388
9464 4.1533
9465 1.0124
9466 1.2258
9467 0.2616
9468 0.6682
9469 0.4181
9470 0.9695
9471 5.6572
9472 1.0963
9473 4.1131
9474 0.3349
9475 1.3893
9476 1.4067
9477 1.1795
9478 0.4272
9479 1.0966
9480 0.8454
9481 0.2179
9482 1.4270
9483 0.4176
9484 1.5996
9485 0.2834
9486 1.8071
9487 4.5273
9488 1.9113
9489 0.5148
9490 0.6872
9491 0.4540
9492 1.4695
9493 1.6310
9494 0.9408
9495 0.3201
9496 0.2776
9497 0.2667
9498 1.1170
9499 0.1499
9500 1.2433
9501 1.1491
9502 6.3882
9503 19.1046
9504 0.4082
9505 0.3476
9506 0.9921
9507 27.7230
9508 1.4786
9509 9.2603
9510 0.1081
9511 0.5217
9512 0.3314
9513 0.3425
9514 0.2674
9515 0.1009
9516 0.2504
9517 0.5805
9518 1.8410
9519 0.3806
9520 0.2527
9521 0.3771
9522 0.1571
9523 0.4166
9524 5.5972
9525 0.2857
9526 1.0138
9527 0.3536
9528 6.5608
9529 0.2211
9530 4.4756
9531 4.7919
9532 2.7368
9533 0.2377
9534 3.6974
9535 0.5986
9536 0.2880
9537 0.4000
9538 0.7452
9539 1.0026
9540 0.4413
9541 0.1963
9542 0.7070
9543 0.4634
9544 0.5933
9545 4.8445
9546 0.6289
9547 0.7605
9548 0.1962
9549 0.4748
9550 12.3401
9551 15.6608
9552 1.3941
9553 2.5582
9554 0.3435
9555 1.2838
9556 3.4578
9557 1.2406
9558 16.8913
9559 0.8631
9560 1.3553
9561 1.6541
9562 13.7011
9563 0.7270
9564 0.3430
9565 2.8851
9566 0.1925
9567 0.5714
9568 1.3379
9569 0.3294
9570 0.4177
9571 1.5393
9572 0.5512
9573 14.2073
9574 1.3458
9575 1.4320
9576 0.8679
9577 1.8168
9578 0.1871
9579 1.1890
9580 0.6922
9581 0.4658
9582 0.9119
9583 0.3814
9584 1.5854
9585 0.3184
9586 1.1424
9587 5.2837
9588 0.1960
9589 11.6536
9590 7.6869
9591 1.2320
9592 0.2172
9593 2.9912
9594 3.5696
9595 0.6931
9596 0.3457
9597 0.6152
9598 0.3515
9599 0.8745
9600 0.6195
9601 0.1513
9602 1.0741
9603 12.4577
9604 1.3326
9605 1.3585
9606 2.1270
9607 0.8903
9608 3.9334
9609 11.4758
9610 0.3139
9611 0.0829
9612 4.2349
9613 2.3514
9614 0.2258
9615 1.6728
9616 0.5480
9617 8.0385
9618 0.2355
9619 1.2703
9620 0.1662
9621 0.3150
9622 1.9790
9623 2.1086
9624 0.4645
9625 1.0384
9626 1.0154
9627 0.3591
9628 1.2233
9629 0.9471
9630 0.2680
9631 0.3907
9632 3.7243
9633 4.6624
9634 0.1712
9635 0.3270
9636 2.3497
9637 0.5219
9638 0.3115
9639 1.8460
9640 0.1022
9641 0.3070
9642 0.2844
9643 0.3098
9644 2.0800
9645 0.2107
9646 0.2398
9647 3.6198
9648 0.2846
9649 1.9118
9650 1.6370
9651 0.7346
9652 1.3029
9653 1.4486
9654 5.2519
9655 0.2412
9656 0.2068
9657 3.0913
9658 0.4407
9659 1.4097
9660 5.7798
9661 0.9238
9662 0.3073
9663 0.2260
9664 0.5307
9665 3.9230
9666 0.3121
9667 0.3899
9668 0.8510
9669 3.8299
9670 0.2166
9671 0.2973
9672 0.9595
9673 0.3815
9674 2.3335
9675 0.2303
9676 0.3182
9677 0.4990
9678 1.6988
9679 0.3134
9680 0.6079
9681 0.2939
9682 0.1563
9683 1.7172
9684 0.3232
9685 0.3070
9686 1.0807
9687 0.8670
9688 0.5288
9689 0.6959
9690 1.9808
9691 0.3855
9692 0.6859
9693 0.3742
9694 1.0032
9695 0.2160
9696 0.8853
9697 1.3642
9698 1.0051
9699 3.3281
9700 0.7381
9701 0.5676
9702 0.3032
9703 0.7897
9704 0.1970
9705 1.0360
9706 0.3590
9707 22.1214
9708 13.7950
9709 1.1410
9710 0.2783
9711 0.5014
9712 0.5904
9713 0.9702
9714 1.2013
9715 0.8327
9716 0.4003
9717 0.5574
9718 0.1716
9719 0.6853
9720 0.2547
9721 5.1540
9722 0.4764
9723 3.0064
9724 1.4957
9725 1.0431
9726 0.0767
9727 2.0863
9728 0.1216
9729 1.3210
9730 0.2173
9731 4.1178
9732 0.0819
9733 9.9340
9734 3.0854
9735 0.6103
9736 0.2598
9737 0.6106
9738 0.8633
9739 0.1407
9740 0.4750
9741 0.4919
9742 0.2251
9743 0.4125
9744 14.6311
9745 0.7766
9746 1.6486
9747 30.4435
9748 0.3886
9749 0.7276
9750 0.1293
9751 1.9245
9752 13.5421
9753 4.3322
9754 0.2623
9755 0.0965
9756 12.3546
9757 0.3873
9758 1.2025
9759 0.9783
9760 0.3189
9761 1.2264
9762 0.3081
9763 0.3741
9764 1.9390
9765 6.4874
9766 0.5512
9767 1.8461
9768 0.5851
9769 0.3173
9770 0.3457
9771 1.4078
9772 1.5436
9773 14.7912
9774 1.3154
9775 0.6647
9776 0.5138
9777 3.3384
9778 1.3842
9779 0.2198
9780 1.4372
9781 1.2358
9782 0.3556
9783 0.8704
9784 1.1161
9785 1.5519
9786 0.8090
9787 0.9471
9788 1.2412
9789 3.3258
9790 0.1359
9791 0.8202
9792 2.1318
9793 3.1588
9794 0.2752
9795 0.4122
9796 1.0167
9797 3.5434
9798 0.1116
9799 2.9903
9800 0.0756
9801 0.1402
9802 0.0635
9803 1.1519
9804 0.2746
9805 0.1046
9806 0.1973
9807 0.7600
9808 3.6703
9809 0.2245
9810 0.1025
9811 1.2848
9812 0.2109
9813 8.6529
9814 0.3973
9815 11.4343
9816 1.4125
9817 5.0056
9818 1.1000
9819 0.1153
9820 1.5814
9821 1.0907
9822 0.3527
9823 13.4111
9824 1.2730
9825 1.4374
9826 0.6094
9827 0.2759
9828 0.2286
9829 0.5490
9830 1.6302
9831 0.6871
9832 0.2056
9833 0.1734
9834 1.8057
9835 0.4283
9836 2.7476
9837 0.9669
9838 0.4218
9839 1.6733
9840 0.3025
9841 0.2809
9842 0.1048
9843 0.1634
9844 0.4165
9845 0.2083
9846 2.2980
9847 0.2250
9848 0.7292
9849 0.2601
9850 0.8740
9851   NaN
9852 2.2785
9853 6.1697
9854 0.2528
9855 0.1668
9856 0.2623
9857 0.1905
9858 3.9859
9859 0.7847
9860 0.6944
9861 0.6921
9862 0.1546
9863 0.1653
9864 0.8458
9865 0.2368
9866 0.1950
9867 14.0069
9868 0.4696
9869 26.8803
9870 0.1382
9871 1.6552
9872 0.4130
9873 0.2892
9874 0.4625
9875 2.2771
9876 16.2463
9877 9.7007
9878 7.2476
9879 0.1526
9880 0.5748
9881 0.4180
9882 1.4831
9883 0.5495
9884 3.1759
9885 0.7632
9886 0.7910
9887 3.8605
9888 1.1666
9889 0.2217
9890 1.1083
9891 1.1057
9892 0.1296
9893 0.9472
9894 0.7654
9895 2.7080
9896 0.2600
9897 18.2251
9898 0.3716
9899 0.5103
9900 1.8839
9901 0.3982
9902 13.2255
9903 1.1357
9904 0.4590
9905 4.3947
9906 0.2577
9907 1.3408
9908 1.0971
9909 0.3481
9910 1.4470
9911 1.0170
9912 0.5203
9913 2.5623
9914 1.4871
9915 7.6071
9916 3.1166
9917 0.0729
9918 0.2727
9919 3.1559
9920 0.2646
9921 0.7563
9922 10.9107
9923 1.2048
9924 3.0320
9925 0.4426
9926 1.6710
9927 1.0767
9928 0.0834
9929 0.2361
9930 0.5554
9931 0.0915
9932 7.8318
9933 0.1747
9934 2.7491
9935 0.9454
9936 2.8556
9937 0.0987
9938 0.9204
9939 3.1161
9940 0.1481
9941 0.6674
9942 1.5132
9943 3.5297
9944 1.6113
9945 1.5849
9946 1.6411
9947 10.1396
9948 1.1392
9949 6.0371
9950 0.9023
9951 0.3514
9952 1.2243
9953 2.1439
9954 0.2997
9955 3.2392
9956 4.4164
9957 0.7637
9958 0.4072
9959 0.7720
9960 2.9256
9961 1.6262
9962 0.2587
9963 0.7837
9964 0.0805
9965 1.5290
9966 1.3532
9967 1.4408
9968 0.8598
9969 0.3558
9970 1.2093
9971 2.9210
9972 0.9521
9973 3.1139
9974 0.2521
9975 0.6296
9976 0.4655
9977 1.4482
9978 1.3680
9979 3.1904
9980 1.8586
9981 0.6383
9982 0.6483
9983 0.5366
9984 1.2454
9985 0.6751
9986 1.3279
9987 0.8545
9988 0.6626
9989 0.6936
9990 1.1599
9991 1.4297
9992 0.2967
9993 0.7441
9994 0.8746
9995 0.1714
9996 2.0614
9997 10.5208
9998 6.5984
9999 3.5684
10000 0.4878
