5001 0.1619
5002 0.4685
5003 1.2175
5004 1.4418
5005 10.5318
5006 4.8366
5007 1.0964
5008 10.0296
5009 6.4671
5010 0.3241
5011 5.4518
5012 0.2007
5013 1.9509
5014 1.1634
5015 12.0307
5016 0.3705
5017 0.7124
5018 7.8590
5019 23.5038
5020 16.4004
5021 5.1674
5022 0.7300
5023 2.8928
5024 29.9030
5025 16.0521
5026 2.7844
5027 1.7857
5028 5.7933
5029 9.0000
5030 3.3698
5031 1.7675
5032 6.6947
5033 0.9467
5034 1.1909
5035 6.9556
5036 0.8688
5037 19.2211
5038 0.9339
5039 0.1900
5040 2.3919
5041 29.7335
5042 2.1128
5043 1.1999
5044 2.0008
5045 2.7797
5046 1.5290
5047 0.7155
5048 0.5283
5049 2.1186
5050 1.8743
5051 8.1033
5052 0.2221
5053 22.9456
5054 10.7524
5055 2.0761
5056 9.5444
5057 1.3724
5058 10.1320
5059 2.8392
5060 3.0229
5061 0.1633
5062 4.0842
5063 4.1108
5064 2.5882
5065 0.6214
5066 0.4626
5067 4.3189
5068 26.6144
5069 1.1989
5070 4.3970
5071 0.8305
5072 11.4042
5073 0.2654
5074 2.2657
5075 2.1251
5076 3.4157
5077 0.6837
5078 5.4754
5079 13.2744
5080 1.9472
5081 9.7926
5082 3.0883
5083 14.1562
5084 0.8175
5085 1.1842
5086 2.2995
5087 1.1835
5088 12.8549
5089 1.4074
5090 0.1206
5091 0.9946
5092 4.2985
5093 3.5032
5094 1.1966
5095 0.7041
5096 14.5507
5097 0.5124
5098 2.5685
5099 23.7504
5100 0.2953
5101 2.4497
5102 10.4814
5103 0.6179
5104 5.2338
5105 0.3590
5106 0.3533
5107 4.0138
5108 3.7808
5109 1.0705
5110 0.8037
5111 0.7911
5112 0.7502
5113 6.6648
5114 2.7298
5115 2.1558
5116 3.6179
5117 4.9973
5118 1.1396
5119 1.7856
5120 0.4329
5121 34.5661
5122 0.8084
5123 2.3174
5124 5.5748
5125 1.6916
5126 2.9842
5127 11.6868
5128 2.7475
5129 0.7080
5130 0.8668
5131 1.6181
5132 0.3036
5133 12.1877
5134 2.3093
5135 0.9639
5136 1.8408
5137 0.9905
5138 0.5394
5139 6.6879
5140 4.7147
5141 0.5546
5142 0.6024
5143 5.3365
5144 7.4123
5145 1.5533
5146 1.8086
5147 3.0776
5148 1.4439
5149 3.6264
5150 0.7834
5151 1.1334
5152 0.4598
5153 13.3928
5154 4.0885
5155 0.6038
5156 0.9676
5157 0.8879
5158 0.1152
5159 2.2563
5160 1.5967
5161 5.3500
5162 0.2691
5163 1.4540
5164 1.3600
5165 8.8824
5166 3.6323
5167 8.1138
5168 3.5079
5169 5.8505
5170 1.3500
5171 1.6638
5172 6.1328
5173 13.0714
5174 0.7524
5175 11.4254
5176 0.9933
5177 2.1908
5178 3.3290
5179 0.5649
5180 1.6346
5181 3.2975
5182 23.5447
5183 6.7477
5184 21.2174
5185 0.6402
5186 2.4527
5187 0.1042
5188 1.1753
5189 4.0366
5190 11.7883
5191 10.6773
5192 2.6230
5193 1.1513
5194 0.9914
5195 0.4762
5196 10.0257
5197 10.9644
5198 4.2220
5199 2.2326
5200   NaN
5201 3.8848
5202 0.3996
5203 2.0767
5204 20.2291
5205 0.2030
5206 2.0597
5207 0.2954
5208 1.7362
5209 0.0999
5210 0.7859
5211 5.5799
5212 1.2936
5213 0.7695
5214 0.5165
5215 3.5260
5216 3.7115
5217 1.6050
5218 0.8272
5219 0.1080
5220 3.9450
5221 6.0786
5222 22.5076
5223 1.1487
5224 0.5339
5225 3.1765
5226 0.7920
5227 0.8039
5228 0.3123
5229 1.9726
5230 0.5970
5231 1.7730
5232 0.8146
5233 10.7036
5234 9.6350
5235 0.5713
5236 27.2882
5237 1.3854
5238 7.9838
5239 0.8677
5240 2.0874
5241 0.4933
5242 0.4230
5243 0.2310
5244 8.5054
5245 8.9750
5246 0.4372
5247 2.7456
5248 0.6996
5249 0.8698
5250 1.1701
5251 5.9502
5252 1.2259
5253 0.3314
5254 7.8096
5255 5.4679
5256 26.7196
5257 14.8820
5258 3.5718
5259 3.4848
5260 31.0553
5261 13.1834
5262 6.6238
5263 1.1351
5264 3.3369
5265 3.1607
5266 0.7124
5267 0.5751
5268 2.1692
5269 3.9456
5270 5.7507
5271 0.7256
5272 0.8804
5273 0.5781
5274 6.9088
5275 42.8889
5276 0.6342
5277 4.1565
5278 0.5343
5279 28.7289
5280 2.2535
5281 3.7990
5282 1.3055
5283 1.3227
5284 4.3812
5285 0.8336
5286 1.8342
5287 16.0631
5288 5.0671
5289 1.0761
5290 2.4778
5291 0.3786
5292 10.7316
5293 4.3594
5294 4.7980
5295 2.4507
5296 5.1846
5297 2.0121
5298 0.1031
5299 1.5957
5300 0.0909
5301 28.5194
5302 20.5964
5303 8.8004
5304 0.9639
5305 3.7620
5306 14.5485
5307 16.1592
5308 0.7248
5309 14.6677
5310 0.1803
5311 2.8078
5312 1.3601
5313 3.9212
5314 0.3239
5315 1.1915
5316 0.4331
5317 1.9966
5318 2.6845
5319 0.2484
5320 1.7532
5321 1.2923
5322 20.7613
5323 1.2616
5324 21.5087
5325 22.3853
5326 18.8335
5327 10.2322
5328 6.4684
5329 3.4526
5330 3.4630
5331 0.7713
5332 20.1218
5333 1.8198
5334 0.1040
5335 0.4141
5336 8.6018
5337 0.5772
5338 1.6238
5339 1.4866
5340 2.4092
5341 0.3539
5342 0.9126
5343 2.6728
5344 2.5889
5345 0.3334
5346 2.6725
5347 4.3545
5348 3.8386
5349 0.3660
5350 2.2943
5351 7.4458
5352 1.5361
5353 8.9553
5354 13.0511
5355 14.3904
5356 0.4150
5357 1.3775
5358 3.0057
5359 0.2699
5360 0.5090
5361 7.1321
5362 0.8813
5363 11.9913
5364 6.0898
5365 5.9977
5366 0.3806
5367 2.8556
5368 1.6439
5369 8.8867
5370 0.6468
5371 35.6300
5372 0.3684
5373 3.1640
5374 14.6703
5375 0.2003
5376 1.8889
5377 6.7164
5378 3.5093
5379 2.7257
5380 0.4779
5381 3.3548
5382 4.7722
5383 1.9804
5384 1.4383
5385 4.5084
5386 9.4393
5387 0.7341
5388 8.2290
5389 7.0768
5390 0.6162
5391 3.1652
5392 0.3906
5393 3.1609
5394 10.2668
5395 4.6015
5396 3.1946
5397 14.5566
5398 23.7612
5399 0.3844
5400 7.0915
5401 7.6519
5402 1.9988
5403 0.9256
5404 1.8218
5405 4.0848
5406 1.6425
5407 1.2871
5408 1.5264
5409 21.7189
5410 0.3758
5411 13.0811
5412 4.1168
5413 3.7293
5414 0.7299
5415 0.1755
5416 0.2749
5417 1.4881
5418 0.1397
5419 3.7015
5420 0.7711
5421 1.3723
5422 0.6577
5423 3.7239
5424 0.4871
5425 1.4089
5426 1.0998
5427 0.4824
5428 7.5252
5429 0.2033
5430 1.1589
5431 1.0996
5432 0.6730
5433 0.5572
5434 1.0133
5435 0.4708
5436 3.0469
5437 0.8192
5438 0.3885
5439 1.4428
5440 1.0157
5441 0.9037
5442 0.4571
5443 4.5929
5444 18.0441
5445 26.9337
5446 23.4814
5447 4.7952
5448 0.4600
5449 0.2563
5450 0.4549
5451 0.4629
5452 1.5249
5453 5.8054
5454 4.0569
5455 25.5504
5456 4.9270
5457 5.0949
5458 1.1215
5459 0.2791
5460 1.4007
5461 5.9644
5462 0.8575
5463 0.8209
5464 2.2285
5465 1.6620
5466 6.8521
5467 0.7480
5468 13.3298
5469 0.2721
5470 0.5333
5471 4.4874
5472 5.1705
5473 2.7909
5474 1.5089
5475 2.9178
5476 0.7133
5477 1.4471
5478 2.0262
5479 14.5094
5480 25.3633
5481 5.9647
5482 1.0612
5483 1.0778
5484 1.8753
5485 0.6480
5486 4.1674
5487 16.0951
5488 0.4411
5489 1.5542
5490 0.9144
5491 0.2909
5492 2.5533
5493 8.4316
5494 43.6390
5495 3.8881
5496 3.7482
5497 0.2022
5498 4.2477
5499 1.4882
5500 2.4023
5501 0.2675
5502 1.7677
5503 2.0267
5504 0.8171
5505 1.5603
5506 1.7611
5507 0.4843
5508 1.8825
5509 1.7425
5510 2.1588
5511 1.4373
5512 0.6102
5513 0.1842
5514 2.7070
5515 0.1673
5516 0.2371
5517 1.2021
5518 1.0651
5519 1.0354
5520 0.9381
5521 28.9141
5522 0.4495
5523 5.1076
5524 1.9507
5525 1.0804
5526 11.3168
5527 0.8966
5528 27.9874
5529 6.5238
5530 1.2263
5531 4.6743
5532 0.7154
5533 10.7367
5534 0.5763
5535 0.5424
5536 1.4428
5537 1.0493
5538 0.0880
5539 25.5429
5540 2.6668
5541 0.4615
5542 10.2093
5543 9.5147
5544 8.0240
5545 1.9418
5546 1.2709
5547 0.3481
5548 31.8441
5549 0.3726
5550 0.6745
5551 1.4285
5552 5.2669
5553 21.7592
5554 0.8799
5555 1.0858
5556 0.9022
5557 0.5537
5558 5.3010
5559 16.4178
5560 19.9135
5561 0.6350
5562 13.9202
5563 0.1454
5564 0.8381
5565 1.2435
5566 5.1013
5567 1.8095
5568 1.9216
5569 4.3319
5570 1.4309
5571 12.9259
5572 0.3763
5573 10.1508
5574   NaN
5575 0.3586
5576 0.7022
5577 2.6704
5578 0.5437
5579 1.2663
5580 17.2626
5581 8.2795
5582 19.3815
5583 1.5256
5584 3.8410
5585 0.5487
5586 0.2054
5587 0.3759
5588 0.6750
5589 7.8571
5590 0.4164
5591 0.4309
5592 20.2436
5593 10.8605
5594 2.0729
5595 0.5883
5596 6.7785
5597 8.1680
5598 5.9042
5599 5.9758
5600 10.1600
5601 5.5206
5602 1.0006
5603 2.2898
5604 14.7204
5605 1.3128
5606 2.6630
5607 6.9532
5608 5.1862
5609 0.2835
5610 1.1119
5611 2.5095
5612 1.2185
5613 7.0526
5614 0.8703
5615 0.7037
5616 0.5784
5617 2.4627
5618 0.1949
5619 0.8567
5620 1.4588
5621 11.0741
5622 0.6117
5623 0.3605
5624 1.0931
5625 0.3290
5626 1.5399
5627 4.1211
5628 1.3020
5629 1.6515
5630 3.1667
5631 9.5207
5632 0.1770
5633 1.2052
5634 7.2271
5635 0.3494
5636 23.0036
5637 0.2643
5638 1.6222
5639 3.9849
5640 0.6307
5641 4.5739
5642 2.7580
5643 11.0885
5644 1.6778
5645 10.8808
5646 16.0930
5647 0.6083
5648 0.8919
5649 1.1741
5650 2.9668
5651 11.9335
5652 0.5299
5653 1.3256
5654 1.8645
5655 5.7890
5656 1.3513
5657 1.0223
5658 0.4136
5659 0.7777
5660 6.9910
5661 0.5971
5662 1.1014
5663 17.6341
5664 1.2395
5665 0.7975
5666 8.1988
5667 2.1328
5668 0.9682
5669 0.6803
5670 1.3267
5671 4.7298
5672 2.6514
5673 8.1192
5674 0.7439
5675 1.8715
5676 3.3302
5677 0.2496
5678 1.3105
5679 0.3635
5680 0.8974
5681 11.9825
5682 1.0563
5683 0.9241
5684 1.1661
5685 14.1146
5686 0.2742
5687 5.8625
5688 0.2421
5689 0.1092
5690 1.3280
5691 3.2423
5692 14.5858
5693 0.1225
5694   NaN
5695 1.0239
5696 1.2296
5697 1.8479
5698 2.2427
5699 1.1939
5700 0.2564
5701 12.2438
5702 5.5530
5703 2.4438
5704 11.9316
5705 12.0653
5706 0.8942
5707 0.8657
5708 1.5563
5709 1.2887
5710 4.1373
5711 10.7601
5712 15.2407
5713 0.4025
5714 6.7969
5715 1.4279
5716 0.4192
5717 3.0685
5718 0.8161
5719 1.2243
5720 0.3474
5721 3.0828
5722 5.2859
5723 1.8060
5724 0.8314
5725 8.7151
5726 0.5871
5727 1.1404
5728 1.5578
5729 9.5583
5730 30.7824
5731 1.4503
5732 2.1944
5733 0.9377
5734 13.9216
5735 1.6013
5736 0.8621
5737 4.0237
5738 0.9116
5739 2.7641
5740 0.4755
5741 0.1576
5742 2.0789
5743   NaN
5744 0.7295
5745 0.8499
5746 10.0452
5747 1.7849
5748 2.5994
5749 2.7065
5750 26.2878
5751 1.6555
5752 0.5452
5753 0.9434
5754 6.4096
5755 1.0758
5756 0.8622
5757 17.0566
5758 1.6129
5759 0.7763
5760 9.2256
5761 4.8246
5762 0.1747
5763 2.5876
5764 0.5480
5765 3.3301
5766 2.0157
5767 1.1422
5768 0.4508
5769 25.5280
5770 4.5192
5771 1.5314
5772 3.1886
5773 0.2798
5774 1.2061
5775 15.8536
5776 6.3542
5777 1.1663
5778 0.4207
5779 0.2862
5780 1.3525
5781 7.1158
5782 1.0085
5783 0.5255
5784 0.4313
5785 17.1538
5786 0.2234
5787 2.3493
5788 14.7606
5789 2.2780
5790 1.5745
5791 0.6891
5792 8.4115
5793 0.4079
5794 8.3277
5795 3.6845
5796 2.3694
5797 0.8758
5798 1.7868
5799 1.0421
5800 1.2594
5801 2.2159
5802 7.4680
5803 1.2676
5804 0.3115
5805 8.2244
5806 1.6587
5807 0.4543
5808 2.5492
5809 0.3464
5810 0.5588
5811 31.8433
5812 2.6158
5813 0.1255
5814 3.2298
5815 1.1938
5816 1.2910
5817 0.4498
5818 2.2855
5819 3.6557
5820 18.8174
5821 0.6918
5822 0.0872
5823 1.6649
5824 1.1853
5825 1.2433
5826 6.2420
5827 0.4932
5828 7.8909
5829 0.7259
5830 21.0872
5831 0.5507
5832 5.6384
5833 9.9578
5834 3.1126
5835 2.3550
5836 1.2083
5837 11.9077
5838 16.4573
5839 6.8788
5840 2.5219
5841 5.3262
5842 1.5384
5843 0.7540
5844 5.4902
5845 0.8236
5846 0.0921
5847 1.6877
5848 2.7003
5849 1.4460
5850 1.9603
5851 24.0418
5852 2.2958
5853 1.0240
5854 1.0022
5855 0.8816
5856 4.3751
5857 23.4948
5858 14.5507
5859 0.1539
5860 22.4834
5861 20.2892
5862 4.1774
5863 6.9941
5864 0.2746
5865 5.4648
5866 1.3719
5867 9.4770
5868 26.3199
5869 10.4068
5870 1.3046
5871 15.8270
5872 3.0597
5873 3.5846
5874 1.1897
5875 16.5271
5876 0.8702
5877 6.3885
5878 1.2347
5879 11.7516
5880 30.2380
5881 0.3870
5882 1.2600
5883 0.5545
5884 0.9158
5885 3.0897
5886 6.8540
5887 1.0191
5888 2.1972
5889 3.5216
5890 3.5342
5891 0.2363
5892 0.2189
5893 0.5995
5894 0.8057
5895 0.7258
5896 0.2546
5897 1.4514
5898 9.3072
5899 11.8132
5900 3.3931
5901 49.8228
5902 3.4467
5903 1.0465
5904 0.1518
5905 0.2165
5906 4.1186
5907 0.3599
5908 2.4156
5909 6.6273
5910 21.9214
5911 0.4294
5912 2.2624
5913 0.2820
5914 11.0060
5915 2.8402
5916 19.5873
5917 1.8019
5918 8.3622
5919 6.7655
5920 5.7560
5921 1.2428
5922 2.8635
5923 15.2599
5924 0.2331
5925 0.7605
5926 1.0166
5927 19.0292
5928 0.6944
5929 5.9519
5930 1.7466
5931 8.3573
5932 21.7302
5933 9.4753
5934 3.8729
5935 0.9562
5936 29.4862
5937 0.2012
5938 9.1878
5939 26.8424
5940 1.3302
5941 1.1359
5942 1.0394
5943 0.8389
5944 4.9691
5945 2.8068
5946 22.0084
5947 1.2329
5948 2.8804
5949 2.2954
5950 4.3969
5951 1.0776
5952 0.2594
5953 1.0893
5954 12.5799
5955 5.8385
5956 0.6074
5957 4.1689
5958 1.2544
5959 1.4348
5960 0.7547
5961 13.1582
5962 7.3775
5963 3.9196
5964 0.2401
5965 1.9263
5966 2.4096
5967 11.6293
5968 18.4363
5969 0.5809
5970 1.4722
5971 22.1375
5972 0.3833
5973 0.9259
5974 2.9212
5975 1.9101
5976 3.1579
5977 0.7984
5978 13.6723
5979 0.4088
5980 7.8633
5981 14.7788
5982 4.5510
5983 2.1064
5984 1.0073
5985 1.7343
5986 0.2994
5987 1.7098
5988 0.2808
5989 1.1694
5990 0.5990
5991 1.0128
5992 4.4311
5993 3.6875
5994 4.8782
5995 1.5028
5996 0.6958
5997 0.7710
5998 14.4827
5999 3.9910
6000 21.2389
6001 23.3145
6002 14.5041
6003 0.7497
6004 3.4302
6005 1.3995
6006 0.6680
6007 0.7382
6008 15.0843
6009 0.7492
6010 0.3186
6011 2.0140
6012 2.2302
6013 1.1870
6014 1.8115
6015 0.1952
6016 0.1216
6017 0.2644
6018 11.7926
6019 5.6425
6020 1.7045
6021 2.3704
6022 1.1673
6023 2.3536
6024 0.7909
6025 3.9054
6026 2.2594
6027 3.7082
6028 36.7686
6029 4.1367
6030 0.2365
6031 1.7089
6032 1.1726
6033 0.8544
6034 2.2098
6035 1.8479
6036 3.5230
6037 0.3927
6038 0.7090
6039 6.2838
6040 11.4604
6041 25.8254
6042 3.1080
6043 0.7385
6044 5.7923
6045 1.9213
6046 0.0908
6047 0.8451
6048 0.4420
6049 0.5698
6050 2.2043
6051 0.2279
6052 5.3463
6053 1.7993
6054 1.1273
6055 8.5100
6056 3.0323
6057 0.4527
6058 15.5845
6059 0.4091
6060 10.3324
6061 0.4843
6062 0.3477
6063 0.4477
6064 21.5621
6065 4.2272
6066 21.7518
6067 8.2667
6068 1.1058
6069 0.8988
6070 0.9377
6071 6.9435
6072 0.3959
6073 9.5074
6074 5.5459
6075 1.9089
6076 3.8113
6077 2.7862
6078 0.8732
6079 3.6913
6080 4.2379
6081 1.8151
6082 5.3704
6083 0.6430
6084 2.8705
6085 2.5258
6086 1.7942
6087 1.0697
6088 1.1111
6089 1.1115
6090 1.1521
6091 8.3101
6092 3.5804
6093 0.1893
6094 0.4434
6095 14.5709
6096 2.1467
6097 1.0986
6098 3.0589
6099 0.3856
6100 3.9280
6101 10.7378
6102 10.3404
6103 2.9092
6104 1.5437
6105 8.7076
6106 0.1419
6107 0.5027
6108 3.1916
6109 12.9360
6110 1.3015
6111 1.2143
6112 5.1986
6113 3.3256
6114 19.4587
6115 9.8482
6116 2.6329
6117 0.3469
6118 4.9834
6119 0.4972
6120 0.6048
6121 14.0584
6122 2.9805
6123 1.9564
6124 1.9015
6125 3.4121
6126 2.3643
6127 0.7095
6128 11.6213
6129 2.2439
6130 1.3855
6131 1.0667
6132 13.7237
6133 0.3300
6134 4.8430
6135 15.8574
6136 1.6652
6137 2.7666
6138 16.8234
6139 5.5692
6140 1.9864
6141 2.9534
6142 4.6440
6143 0.2722
6144 1.3490
6145 2.8520
6146 2.5806
6147 1.0341
6148 1.5001
6149 0.9481
6150 1.5215
6151 0.8359
6152 0.8830
6153 2.6877
6154 1.2296
6155 0.2350
6156 2.6244
6157 4.5985
6158 0.2257
6159 0.4137
6160 13.4998
6161 6.3101
6162 0.6643
6163 20.0163
6164 5.7495
6165 2.9336
6166 2.8529
6167 19.3167
6168 15.2351
6169 8.5464
6170 1.1398
6171 0.2421
6172 3.3431
6173 1.2746
6174 0.8016
6175 0.8227
6176 7.6060
6177 1.6102
6178 10.7243
6179 0.9068
6180 8.9704
6181 1.4638
6182 0.6971
6183 11.3930
6184 3.1579
6185 0.8207
6186 1.7898
6187 0.1686
6188 8.7586
6189 11.6692
6190 0.3554
6191 0.7269
6192 1.2485
6193 2.9745
6194 6.9172
6195 2.9809
6196 0.4213
6197 0.7679
6198 0.3152
6199 0.6425
6200 0.9750
6201 0.4375
6202 0.2225
6203 0.4696
6204 0.4272
6205 2.0731
6206 23.7179
6207 3.2845
6208 7.7539
6209 1.4041
6210 1.9134
6211 25.1295
6212 15.1876
6213 0.4178
6214 1.7823
6215 0.1820
6216 0.3777
6217 29.8899
6218 0.7852
6219 2.2438
6220 14.4792
6221 4.0693
6222 0.3299
6223 4.0549
6224 0.8282
6225 1.3635
6226 6.2925
6227 8.1891
6228 2.0588
6229 0.9618
6230 5.9831
6231 2.7611
6232 3.1332
6233 0.3875
6234 0.2990
6235 2.7028
6236 1.1134
6237 9.6427
6238 4.5270
6239 26.0189
6240 18.9128
6241 1.2342
6242 5.2229
6243 3.2914
6244 0.2906
6245 0.8528
6246 23.5987
6247 12.8822
6248 1.6188
6249 10.2856
6250 4.8519
6251 0.7749
6252 2.3241
6253 4.4171
6254 29.8709
6255 1.0154
6256 0.6490
6257 0.8601
6258 13.3461
6259 11.9599
6260 1.7781
6261 0.5163
6262 0.3128
6263 1.4878
6264 24.9876
6265 0.4368
6266 8.4586
6267 1.5976
6268 2.4461
6269 0.9804
6270 3.9865
6271 6.6487
6272 1.9216
6273 0.7578
6274 0.9622
6275 0.0853
6276 1.0076
6277 3.7518
6278 13.4714
6279 2.9738
6280 1.3084
6281 0.4606
6282 3.1782
6283 5.4197
6284 0.8409
6285 0.2306
6286 0.2062
6287 1.3196
6288 2.5764
6289 4.3321
6290 5.4176
6291 0.2657
6292 0.9975
6293 0.9506
6294 1.3995
6295 1.8493
6296 1.5043
6297 0.3854
6298 5.6195
6299 0.3693
6300 0.2622
6301 1.4074
6302 14.3339
6303 0.1060
6304 9.0837
6305 1.7553
6306 11.4450
6307 5.4191
6308 2.0433
6309 0.6055
6310 6.2103
6311 2.2504
6312 0.5986
6313 0.1839
6314 0.1825
6315 3.4095
6316 1.2416
6317 2.1162
6318 5.6025
6319 0.2768
6320 0.3342
6321 12.0376
6322 1.6429
6323 5.4013
6324 7.6244
6325 2.5155
6326 3.5424
6327 0.6005
6328 0.5606
6329 0.2771
6330 3.3370
6331 10.4130
6332 2.6020
6333 2.7414
6334 0.5216
6335 0.6321
6336 26.9272
6337 12.8533
6338 0.8023
6339 5.7550
6340 3.6640
6341 3.0125
6342 0.5512
6343 0.8216
6344 0.2731
6345 0.0805
6346 2.3595
6347 7.9031
6348 0.4306
6349 1.4291
6350 0.5317
6351 0.4040
6352 1.8328
6353 0.3528
6354 4.8980
6355 1.8259
6356 0.3325
6357 0.3869
6358 17.1418
6359 1.1569
6360 0.2719
6361 0.6458
6362 6.2344
6363 15.5622
6364 0.8287
6365 0.7048
6366 11.9400
6367 2.1579
6368 0.7778
6369 0.7308
6370 4.7769
6371 0.5423
6372 8.8983
6373 0.3917
6374 8.6826
6375 0.7997
6376 13.7254
6377 4.2893
6378 22.8344
6379 0.2225
6380 2.4356
6381 0.3843
6382 1.2433
6383 1.0204
6384 27.3895
6385 3.6294
6386 1.2174
6387 0.3591
6388 6.9205
6389 11.8333
6390 0.1011
6391 0.6407
6392 0.5172
6393 0.4460
6394 7.1954
6395 31.8338
6396 1.7523
6397 0.7520
6398 11.2452
6399 0.8487
6400 2.2323
6401 2.2727
6402 1.3228
6403 1.3712
6404 1.2415
6405 2.3769
6406 0.2339
6407 1.4646
6408 13.7429
6409 0.5586
6410 17.3240
6411 0.4663
6412 0.9644
6413 2.6186
6414 1.9632
6415 0.7273
6416 14.6687
6417 1.8283
6418 0.2402
6419 2.4680
6420 1.6478
6421 0.2311
6422 9.1731
6423 2.8090
6424 0.5872
6425 3.0335
6426 2.1450
6427 1.4240
6428 0.1809
6429 0.3137
6430 0.2364
6431 5.8386
6432 6.1982
6433 1.2188
6434 21.3487
6435 0.7859
6436 1.8875
6437 7.0670
6438 0.6356
6439 1.2105
6440 1.3715
6441 7.4579
6442 1.2551
6443 0.6715
6444 0.1165
6445 1.9823
6446 6.1287
6447 3.0737
6448 0.7340
6449 5.4480
6450 0.5237
6451 0.5550
6452 0.6209
6453 2.8086
6454 32.5968
6455 1.4282
6456 1.0395
6457 3.0421
6458 13.6072
6459 0.5308
6460 3.3922
6461 1.2311
6462 0.8762
6463 0.8621
6464 1.0078
6465 1.9260
6466 0.2694
6467 22.3643
6468 1.3218
6469 1.1698
6470 0.8499
6471 2.0627
6472 0.8711
6473 0.7034
6474 1.9373
6475 15.1287
6476 7.8839
6477 0.4473
6478 1.1552
6479 6.8707
6480 1.0531
6481 0.6498
6482 15.7093
6483 11.7233
6484 0.5097
6485 1.3989
6486 1.3616
6487 15.7805
6488 0.5725
6489 1.8200
6490 0.2783
6491 1.2225
6492 4.2767
6493 7.2901
6494 13.9507
6495 3.8838
6496 2.7494
6497 0.1765
6498 0.4668
6499 6.2678
6500 5.9657
6501 1.5053
6502 13.7125
6503 9.7919
6504 2.8783
6505 1.1683
6506 1.0276
6507 1.5224
6508 16.2731
6509 2.6336
6510 1.6571
6511 26.4937
6512 0.6001
6513 1.0157
6514 11.2953
6515 3.1518
6516 11.6727
6517 2.5496
6518 0.7133
6519 2.2034
6520 1.7697
6521 0.4793
6522 7.0438
6523 1.0986
6524 0.5300
6525 23.0074
6526 9.6078
6527 2.3385
6528 0.4678
6529 1.7653
6530 0.1080
6531 2.5361
6532 0.3115
6533 0.6061
6534 12.5916
6535 1.5727
6536 21.0284
6537 7.4492
6538 0.8153
6539 0.5507
6540 11.9879
6541 0.9135
6542 1.0979
6543 0.2560
6544 1.6069
6545 0.5596
6546 2.8562
6547 12.0563
6548 0.3991
6549 1.2345
6550 0.5087
6551 5.9331
6552 0.2220
6553 5.1341
6554 5.7522
6555 22.2360
6556 15.3124
6557 1.0174
6558 16.0344
6559 1.0005
6560 0.2082
6561 6.7947
6562 20.1476
6563 13.8329
6564 11.4324
6565 13.1327
6566 3.1946
6567 0.4344
6568 1.8082
6569 1.3637
6570 26.6131
6571 5.3429
6572 0.5119
6573 0.5602
6574 25.4669
6575 1.5316
6576 0.3710
6577 7.6163
6578 6.0002
6579 1.1994
6580 3.1885
6581 47.9878
6582 2.0167
6583 1.1295
6584 3.7491
6585 11.4379
6586 2.0761
6587 26.0079
6588 15.2914
6589 0.6177
6590 13.9048
6591 7.7122
6592 2.1273
6593 3.1409
6594 0.4906
6595 0.7696
6596 0.2804
6597 12.5336
6598 0.2782
6599 0.4836
6600 1.0612
6601 2.7659
6602 1.7224
6603 0.6356
6604 2.9873
6605 9.0208
6606 0.8664
6607 0.3295
6608 0.7657
6609 3.7277
6610 0.2397
6611 0.4350
6612 0.3244
6613 4.2017
6614 3.8528
6615 18.6279
6616 2.0168
6617 4.6230
6618 0.2020
6619 1.1275
6620 0.2391
6621 0.3176
6622 0.6905
6623 6.6935
6624 0.8744
6625 0.2165
6626 0.7880
6627 0.2214
6628 37.9661
6629 7.7103
6630 0.7333
6631 0.3016
6632 1.7090
6633 14.9479
6634 2.2498
6635 0.6699
6636 0.4293
6637 0.2104
6638 1.3069
6639 19.1547
6640 0.3044
6641 10.5833
6642 4.7545
6643 9.1384
6644 0.3508
6645 0.7669
6646 0.2266
6647 0.2409
6648 1.5575
6649 10.6419
6650 4.2864
6651 0.9564
6652 1.6248
6653 0.2655
6654 0.2445
6655 1.0123
6656 1.3111
6657 0.3420
6658 27.2957
6659 1.6035
6660 1.8213
6661 3.5307
6662 13.4440
6663 14.0418
6664 6.3015
6665 2.0598
6666 1.5549
6667 0.7481
6668 15.0234
6669 1.0556
6670 0.4525
6671 17.1855
6672   NaN
6673 19.7306
6674 1.1914
6675 0.1705
6676 2.6040
6677 0.3464
6678 1.5502
6679 0.9252
6680 0.4869
6681 1.6945
6682 0.3592
6683 4.6159
6684 3.3372
6685 3.1845
6686 3.5633
6687 4.4362
6688 1.2659
6689 0.4152
6690 16.4378
6691 0.8410
6692 0.1698
6693 1.1773
6694 15.9204
6695 5.5514
6696 13.9535
6697 9.3441
6698 4.5323
6699 2.4267
6700 16.4492
6701 1.6252
6702 0.7339
6703 0.9386
6704 20.9794
6705 5.7516
6706 0.3032
6707 8.5457
6708 3.8035
6709 0.3732
6710 3.2036
6711 4.1960
6712 0.5911
6713 5.2201
6714 0.1443
6715 0.6387
6716 2.7446
6717 4.9873
6718 27.4317
6719 0.3276
6720 3.7565
6721 1.5019
6722 0.4797
6723 2.7573
6724 12.4001
6725 3.5505
6726 1.4254
6727 9.8248
6728 1.6522
6729 1.0642
6730 0.2907
6731 1.0889
6732 2.0198
6733 0.9952
6734 18.2109
6735 1.0914
6736 14.7332
6737 8.1631
6738 1.2971
6739 0.3950
6740 7.8076
6741 1.2668
6742 2.5192
6743 8.9201
6744 1.0492
6745 12.5103
6746 0.1442
6747 1.1716
6748 1.1240
6749 1.5961
6750 0.9542
6751 9.8247
6752 1.5989
6753 2.8352
6754 0.2376
6755 14.7452
6756 12.0986
6757 5.1424
6758 20.3397
6759 1.5643
6760 0.9019
6761 1.1761
6762 1.2932
6763 0.4669
6764 0.4290
6765 18.5470
6766 5.6084
6767 14.3278
6768 1.1010
6769 2.6533
6770 9.1998
6771 0.3318
6772 0.2974
6773 15.8275
6774 1.8788
6775 0.4343
6776 1.8570
6777 1.0483
6778 1.4262
6779 0.9404
6780 22.6671
6781 7.0138
6782 1.6487
6783 4.4854
6784 0.5703
6785 0.8910
6786 1.8349
6787 0.4681
6788 0.5704
6789 0.4895
6790 0.2851
6791 1.7493
6792 18.8719
6793 19.9815
6794 0.8399
6795 0.4914
6796 6.4247
6797 2.6201
6798 0.9259
6799 25.1645
6800 1.4642
6801 1.0055
6802 1.5185
6803 2.8052
6804 6.5005
6805 2.8398
6806 0.4351
6807 2.2609
6808 1.0816
6809 0.3817
6810 0.9106
6811 0.2713
6812 0.5011
6813 0.4733
6814 1.2287
6815 5.1546
6816 1.4942
6817 14.3802
6818 2.3324
6819 1.2695
6820 1.4011
6821 0.7378
6822 37.1454
6823 12.7025
6824 0.7155
6825 9.1567
6826 0.6282
6827 0.9302
6828 7.0552
6829 1.9962
6830 3.1520
6831 0.3654
6832 2.1034
6833 3.3872
6834 0.4515
6835 3.9913
6836 0.4234
6837 1.9250
6838 1.8664
6839 14.0129
6840 2.4108
6841 10.2687
6842 2.3703
6843 1.0439
6844 1.1735
6845 18.3145
6846 8.6354
6847 2.1390
6848 6.1018
6849 1.6143
6850 1.3147
6851 5.0081
6852 4.9676
6853 0.6951
6854 2.4775
6855 2.7706
6856 0.6481
6857 3.0498
6858 2.2889
6859 8.8160
6860 6.2228
6861 6.9869
6862 2.0062
6863 0.7066
6864 0.8655
6865 0.1753
6866 4.3206
6867 0.1481
6868 3.9830
6869 0.7736
6870 1.4232
6871 1.6265
6872 6.4902
6873 0.7871
6874 1.9581
6875 8.1849
6876 1.2982
6877 1.2516
6878 4.0704
6879 2.3313
6880 4.1842
6881 1.3463
6882 1.9223
6883 22.5719
6884 0.6981
6885 0.2313
6886 7.2493
6887 0.2242
6888 4.2813
6889 1.0769
6890 0.3372
6891 4.8678
6892 5.2189
6893 0.4244
6894 0.4698
6895 2.5662
6896 3.1816
6897 6.7609
6898 0.5411
6899 2.3162
6900 5.9411
6901 0.6546
6902 0.2633
6903 0.1403
6904 0.4116
6905 1.1348
6906 4.4503
6907 1.8759
6908 4.7876
6909 3.3519
6910 0.6709
6911 0.1790
6912 1.5915
6913 12.2514
6914 1.6972
6915 15.3124
6916 4.7789
6917 0.8488
6918 2.1927
6919 4.7886
6920 1.4168
6921 0.5089
6922 1.0303
6923 0.9143
6924 6.4350
6925 1.4923
6926 30.6584
6927 1.2896
6928 1.2723
6929 5.2271
6930 0.6217
6931 2.5901
6932 1.0762
6933 0.2630
6934 12.7034
6935 4.3328
6936 1.6511
6937 1.8166
6938 0.6662
6939 19.1229
6940 7.0088
6941 1.5069
6942 0.1838
6943 1.9555
6944 12.1475
6945 18.9677
6946 1.7169
6947 2.0475
6948 0.8923
6949 0.4109
6950 22.4021
6951 42.8976
6952 1.1717
6953 0.5573
6954 0.9250
6955 2.8932
6956 1.1266
6957 0.4129
6958 0.9566
6959 0.1237
6960 16.4161
6961 21.5275
6962 2.0852
6963 0.2801
6964 0.9633
6965 6.0581
6966 1.9638
6967 0.4729
6968 20.5578
6969 2.5713
6970 0.9865
6971 3.4399
6972 0.4984
6973 11.4633
6974 0.8484
6975 33.7925
6976 0.5630
6977 1.6238
6978 1.7468
6979 16.2012
6980 5.3528
6981 0.7748
6982 1.1600
6983 2.5102
6984 0.8715
6985 1.0247
6986 0.2087
6987 8.5403
6988 0.5969
6989 1.2386
6990 0.6821
6991 0.6397
6992 1.0084
6993 1.0224
6994 14.6058
6995 22.1284
6996 1.4794
6997 0.3746
6998 0.5129
6999 0.2133
7000 0.5999
7001 2.7715
7002 2.9120
7003 1.3609
7004 0.1933
7005 1.2307
7006 0.9463
7007 11.6538
7008 1.7922
7009 1.4444
7010 0.1155
7011 2.5056
7012 1.1996
7013 11.0137
7014 0.5777
7015 1.4732
7016 1.9525
7017 1.2941
7018 3.0869
7019 2.0379
7020 4.7308
7021 0.3420
7022 2.8248
7023 4.0166
7024 0.8868
7025 4.6023
7026 0.6450
7027 1.1839
7028 0.6739
7029 14.0204
7030 0.9285
7031 2.2658
7032 2.5944
7033 17.3135
7034 1.9582
7035 0.4535
7036 0.1390
7037 0.5434
7038 9.1330
7039 2.6001
7040 22.8629
7041 0.5594
7042 0.5495
7043 0.6699
7044 2.9676
7045 2.2453
7046 0.8286
7047 1.5407
7048 1.8748
7049 0.2144
7050 0.8421
7051 0.6230
7052 10.5622
7053 0.2673
7054 0.2366
7055 2.1124
7056 3.0110
7057 5.8010
7058 1.3308
7059 11.9073
7060 1.1806
7061 3.5391
7062 2.8651
7063 2.7801
7064 0.4650
7065 6.7566
7066 0.6895
7067 2.1066
7068 0.8777
7069 0.4240
7070 0.2306
7071 0.6515
7072 0.9380
7073 2.0597
7074 6.4658
7075 0.8454
7076 0.5768
7077 0.3203
7078 4.2341
7079 25.4882
7080 12.9519
7081 23.4021
7082 3.4115
7083 2.6251
7084 4.2857
7085 8.0566
7086 1.1680
7087 0.8852
7088 0.3126
7089 0.2049
7090 3.6172
7091 17.4784
7092 2.7071
7093 3.1317
7094 1.2670
7095 0.5875
7096 1.1184
7097 2.5626
7098 3.3977
7099 0.8496
7100 4.0044
7101 0.7835
7102 4.0517
7103 6.3265
7104 0.1241
7105 2.7517
7106 10.2148
7107 6.3992
7108 2.5777
7109 1.6804
7110 3.1440
7111 1.5496
7112 0.1028
7113 11.1417
7114 0.6419
7115 9.9289
7116 6.5613
7117 4.3175
7118 6.0229
7119 0.2152
7120 0.4574
7121 5.5281
7122 5.7548
7123 0.3152
7124 1.2964
7125 5.6320
7126 5.6005
7127 2.7283
7128 2.6369
7129 1.3187
7130 0.6791
7131 6.0869
7132 4.8059
7133 5.6925
7134 4.8607
7135 16.1630
7136 10.3700
7137 1.4771
7138 8.8395
7139 1.6113
7140 2.7150
7141 0.5030
7142 4.1097
7143 0.1794
7144 18.8166
7145 0.9525
7146 1.1197
7147 2.7717
7148 0.4471
7149 3.8170
7150 1.0468
7151 1.1588
7152 4.4621
7153 25.5945
7154 0.1079
7155 0.6735
7156 7.2986
7157 0.7314
7158 0.3590
7159 1.1750
7160 1.4847
7161 1.0839
7162 0.5383
7163 1.5213
7164 12.3652
7165 4.7677
7166 2.6318
7167 0.5252
7168 10.0648
7169 2.9223
7170 0.8065
7171 0.9176
7172 2.9624
7173 0.1437
7174 35.6812
7175 0.2656
7176 17.1939
7177 0.9097
7178 0.2534
7179 15.6734
7180 0.1666
7181 1.8622
7182 16.7625
7183 1.6591
7184 8.2168
7185 0.9629
7186 19.8563
7187 1.2918
7188 24.3789
7189 1.1936
7190 3.1263
7191 0.3576
7192 0.3736
7193 0.5299
7194 1.7124
7195 0.8558
7196 1.9448
7197 1.9063
7198 12.7031
7199 1.1150
7200 1.9348
7201 2.4267
7202 0.2750
7203 12.6062
7204 0.2457
7205 0.6393
7206 21.4376
7207 8.3354
7208 1.4599
7209 0.2373
7210 0.3968
7211 0.9530
7212 1.0942
7213 0.3102
7214 8.1361
7215 1.5694
7216 0.1165
7217 2.5303
7218 0.4033
7219 35.1479
7220 8.9799
7221 0.5708
7222 2.5128
7223 3.2761
7224 2.0818
7225 1.1635
7226 5.0914
7227 0.9019
7228 12.2743
7229 6.2835
7230 0.7818
7231 0.7351
7232 1.1419
7233 9.5862
7234 0.9194
7235 1.2642
7236 1.0737
7237 1.6483
7238 1.9050
7239 0.3107
7240 0.6655
7241 1.4888
7242 8.6631
7243 2.0885
7244 3.6433
7245 6.6222
7246 2.3774
7247 0.2404
7248 7.7999
7249 1.4131
7250 3.0030
7251 22.1669
7252 9.5835
7253 1.0582
7254 4.5961
7255 2.5853
7256 0.3086
7257 0.7106
7258 0.8801
7259 0.4877
7260 0.9883
7261 1.3511
7262 20.5724
7263 0.1341
7264 8.8655
7265 7.5265
7266 1.5811
7267 12.3946
7268 0.1475
7269 17.7076
7270 13.3260
7271 4.8375
7272 6.2360
7273 6.6500
7274 0.7968
7275 1.7551
7276 1.4663
7277 22.6997
7278 1.2553
7279 4.9140
7280 0.1036
7281 6.7293
7282 8.0143
7283 4.9638
7284 4.0334
7285 20.7387
7286 3.5957
7287 15.5827
7288 7.8187
7289 5.4564
7290 19.4873
7291 1.4541
7292 1.2758
7293 1.3324
7294 7.2096
7295 0.3703
7296 1.5294
7297 9.6616
7298 12.9700
7299 5.7373
7300 7.3603
7301 1.4108
7302 17.1615
7303 5.7171
7304 1.1730
7305 0.4339
7306 0.2409
7307 12.4805
7308 0.8844
7309 1.2529
7310 6.9025
7311 0.7002
7312 7.6921
7313 9.2076
7314 8.3990
7315 4.9838
7316 1.7009
7317 1.8499
7318 3.2082
7319 0.7962
7320 12.3825
7321 0.4771
7322 2.2557
7323 1.7591
7324 2.8945
7325 0.9612
7326 1.1493
7327 9.6872
7328 3.6523
7329 12.1255
7330 0.5282
7331 0.1786
7332 10.6753
7333 3.7706
7334 2.7702
7335 1.6980
7336 2.3235
7337 0.2820
7338 2.3198
7339 0.7386
7340 6.2173
7341 1.0561
7342 33.2957
7343 3.4853
7344 8.7469
7345 1.3748
7346 0.4251
7347 2.3005
7348 1.1387
7349 0.9234
7350 1.5401
7351 5.6239
7352 0.4782
7353 0.6586
7354 0.1853
7355 0.8705
7356 0.8367
7357 1.2482
7358 2.0725
7359 1.5211
7360 0.5626
7361 3.0580
7362 4.9657
7363 0.9023
7364 0.6275
7365 31.3877
7366 9.6608
7367 1.4150
7368 8.5487
7369 2.8160
7370 0.6216
7371 2.0726
7372 1.5157
7373 0.5544
7374 1.0641
7375 10.4843
7376 1.4201
7377 0.7667
7378 3.1069
7379 23.8736
7380 4.6092
7381 2.4275
7382 0.9182
7383 12.0331
7384 1.1356
7385 2.7542
7386 2.9511
7387 2.6231
7388 2.0640
7389 1.9227
7390 3.7578
7391 1.7598
7392 0.3425
7393 9.9756
7394 1.3425
7395 0.2795
7396 0.3110
7397 0.2963
7398 0.4049
7399 0.8375
7400 0.3672
7401 2.4122
7402 7.1895
7403 2.9095
7404 8.9679
7405 4.4574
7406 11.9361
7407 2.0758
7408 0.7796
7409 13.1311
7410 1.5606
7411 10.2705
7412 0.7845
7413 0.2665
7414 7.7050
7415 32.2377
7416 0.5040
7417 3.7591
7418 1.6824
7419 0.8732
7420 15.1198
7421 5.6080
7422 3.8528
7423 6.3397
7424 3.2182
7425 7.5805
7426 0.8040
7427 1.3514
7428 10.9684
7429 0.2479
7430 2.0871
7431 0.9865
7432 0.2787
7433 1.1579
7434 19.0073
7435 1.9608
7436 0.6479
7437 0.9799
7438 5.0614
7439 1.4060
7440 1.0570
7441 0.7899
7442 1.9599
7443 1.8723
7444 0.3690
7445 0.8416
7446 5.3039
7447 15.8626
7448 3.6065
7449 27.1238
7450 4.1515
7451 2.4774
7452 19.0021
7453 7.2331
7454 0.2701
7455 6.5561
7456 0.6086
7457 9.0489
7458 11.1777
7459 2.0512
7460 1.1884
7461 6.9697
7462 4.7181
7463 1.0410
7464 0.4081
7465 9.6618
7466 1.8132
7467 1.6141
7468 0.2338
7469 1.5651
7470 31.0185
7471 1.0126
7472 1.6799
7473 0.6228
7474 0.4082
7475 3.0485
7476 3.1909
7477 1.1064
7478 0.1134
7479 1.0773
7480 1.2252
7481 0.2265
7482 14.6503
7483 0.3199
7484 9.5747
7485 0.4821
7486 1.4461
7487 5.9893
7488 1.5349
7489 1.2898
7490 1.2185
7491 0.9998
7492 10.7498
7493 10.6287
7494 1.4761
7495 2.0990
7496 0.7911
7497 0.7262
7498 2.0025
7499 6.5276
7500 0.2140
7501 1.2312
7502 21.7793
7503 7.5494
7504 0.2274
7505 0.5945
7506 3.1220
7507 1.0467
7508 0.6460
7509 0.7452
7510 2.5753
7511 1.1859
7512 22.2367
7513 0.3071
7514 0.3563
7515 3.9447
7516 13.6613
7517 0.9094
7518 15.3430
7519 19.6500
7520 1.3821
7521 0.2413
7522 1.6545
7523 0.4988
7524 0.6583
7525 0.3006
7526 1.6175
7527 0.4998
7528 9.7052
7529 2.4492
7530 1.0329
7531 1.1308
7532 1.6816
7533 0.9390
7534 2.0811
7535 3.6038
7536 0.7121
7537 2.7040
7538 1.0824
7539 21.0246
7540 0.8873
7541 13.2584
7542 0.7485
7543 6.7910
7544 6.6233
7545 0.3500
7546 1.2104
7547 0.7560
7548 14.2466
7549 0.4679
7550 3.5062
7551 0.2775
7552 1.0860
7553 4.4603
7554 15.7599
7555 0.1771
7556 11.7037
7557 6.4137
7558 3.4527
7559 0.2164
7560 2.2712
7561 0.1662
7562 1.1006
7563 1.0201
7564 0.2991
7565 3.0443
7566 1.1761
7567 4.8168
7568 20.9604
7569 6.0867
7570 0.8337
7571 0.2522
7572 7.0465
7573 1.3388
7574 13.1316
7575 18.2254
7576 5.1388
7577 25.5508
7578 1.5910
7579 0.3431
7580 0.0905
7581 5.4907
7582 1.9948
7583 1.9399
7584 1.1263
7585 20.3699
7586 5.3966
7587 0.4079
7588 3.0106
7589 1.1362
7590 2.3493
7591 2.2567
7592 0.6855
7593 1.7485
7594 2.6430
7595 0.6199
7596 0.3610
7597 1.5061
7598 18.3203
7599 0.2903
7600 5.1012
7601 0.4188
7602 0.8119
7603 0.5707
7604 0.6896
7605 0.8196
7606 0.1951
7607 0.6024
7608 1.9177
7609 7.4263
7610 6.6611
7611 17.2457
7612 7.3499
7613 2.3696
7614 0.4597
7615 0.3566
7616 0.9821
7617 15.6685
7618 0.7089
7619 0.9637
7620 0.1155
7621 1.9731
7622 2.8976
7623 3.3289
7624 9.1595
7625 1.1477
7626 1.4459
7627 11.4858
7628 5.4776
7629 4.9469
7630 0.2347
7631 2.2484
7632 14.4883
7633 0.1701
7634 0.3144
7635 32.7313
7636 16.0804
7637 6.9263
7638 4.8684
7639 2.2920
7640 8.8879
7641 1.0207
7642 8.3657
7643 4.8073
7644 3.2627
7645 0.3064
7646 0.9933
7647 6.5150
7648 0.4214
7649 4.3260
7650 0.1908
7651 0.9452
7652 1.4680
7653 5.1794
7654 0.3931
7655 4.6310
7656 19.1682
7657 17.5156
7658 1.4576
7659 1.3652
7660 12.7712
7661 3.8038
7662 0.8520
7663 1.5669
7664 0.5744
7665 12.8124
7666 5.1782
7667 0.1966
7668 4.4356
7669 2.7806
7670 0.4318
7671 2.1686
7672 7.2033
7673 0.3484
7674 0.3451
7675 8.1576
7676 14.4873
7677 1.6337
7678 9.6885
7679 2.2317
7680 30.4638
7681 2.3808
7682 2.0956
7683 1.4234
7684 1.4860
7685 5.9718
7686 0.5040
7687 1.1821
7688 13.9845
7689 1.4378
7690 4.0580
7691 0.4157
7692 0.5926
7693 19.0153
7694 0.5817
7695 17.0063
7696 0.4267
7697 8.4228
7698 0.4267
7699 9.1187
7700 0.9495
7701 2.1683
7702 0.3836
7703 20.0131
7704 14.8631
7705 2.0682
7706 0.5548
7707 0.9526
7708 7.3692
7709 1.9257
7710 17.6699
7711 1.0002
7712 13.1583
7713 0.8946
7714 4.3383
7715 0.6559
7716 0.9739
7717 0.5639
7718 1.3051
7719 4.7552
7720 0.6835
7721 14.6019
7722 3.1803
7723 4.3702
7724 9.2828
7725 0.9486
7726 0.2169
7727 0.7997
7728 2.0370
7729 6.4114
7730 4.2453
7731 2.4908
7732 0.1663
7733 1.0897
7734 16.1803
7735 0.6832
7736 1.1195
7737 0.7874
7738 10.9236
7739 1.2101
7740 1.1641
7741 0.3919
7742 0.9840
7743 5.1957
7744 3.3093
7745 14.7757
7746 2.9993
7747 0.1956
7748 6.9935
7749 0.4124
7750 0.3169
7751 0.8312
7752 2.1474
7753 1.2369
7754 1.4419
7755 1.0578
7756 1.4831
7757 1.6442
7758 1.0910
7759 0.7206
7760 2.9370
7761 0.1793
7762 8.8247
7763 12.0592
7764 4.7591
7765 2.7096
7766 6.5117
7767 1.1654
7768 15.0120
7769 1.0636
7770 2.1702
7771 5.3146
7772 0.6363
7773 0.8564
7774 8.4259
7775 5.1935
7776 12.3399
7777 0.1361
7778 2.8770
7779 2.7389
7780 0.2389
7781 0.3181
7782 1.5308
7783 0.5487
7784 6.3161
7785 6.7935
7786 9.0882
7787 2.5170
7788 0.2349
7789 0.4733
7790 1.4618
7791 9.8435
7792 25.5452
7793 1.2243
7794 6.3540
7795 0.2692
7796 0.5418
7797 0.4548
7798 13.8209
7799 17.8748
7800 24.0546
7801 3.0654
7802 8.3319
7803 0.9784
7804 0.4667
7805 10.2181
7806 3.7506
7807 12.7825
7808 0.9878
7809 1.5671
7810 0.1077
7811 0.1441
7812 9.3291
7813 0.7969
7814 10.4983
7815 0.3138
7816 0.5091
7817 1.1604
7818 18.4664
7819 2.1452
7820 1.8279
7821 0.1714
7822 2.5071
7823 0.6426
7824 3.3721
7825 0.3398
7826 25.9079
7827 2.6578
7828 9.7440
7829 4.3139
7830 8.7624
7831 0.4067
7832 2.3112
7833 5.6631
7834 0.3700
7835 13.7660
7836 0.0866
7837 0.2895
7838 0.1926
7839 1.2326
7840 4.5035
7841 1.8061
7842 1.3079
7843 8.8961
7844 0.3068
7845 5.4927
7846 1.7465
7847 0.4120
7848 0.9903
7849 0.5910
7850 2.4386
7851 1.2324
7852 0.3963
7853 1.0465
7854 0.3832
7855 0.7203
7856 0.9470
7857 0.5354
7858 9.5045
7859 2.0161
7860 21.0873
7861 0.7761
7862 0.1384
7863 6.5513
7864 4.6621
7865 1.1028
7866 4.6130
7867 1.0761
7868 4.1699
7869 1.3393
7870 0.5243
7871 0.3759
7872 0.2645
7873 1.8086
7874 1.9647
7875 4.8520
7876 4.4604
7877 3.4682
7878 4.0913
7879 1.8951
7880 0.2116
7881 3.0681
7882 1.0647
7883 0.3334
7884 1.2081
7885 4.9064
7886 0.3055
7887 7.6090
7888 0.7100
7889 1.5099
7890 3.0599
7891 4.0220
7892 24.8359
7893 1.5990
7894 30.9209
7895 0.1875
7896 0.3340
7897 1.5996
7898 9.5500
7899 0.1930
7900 0.2879
7901 0.3991
7902 2.6534
7903 25.8162
7904 1.4970
7905 1.8392
7906 0.2610
7907 2.3116
7908 0.9860
7909 3.7890
7910 24.8149
7911 9.1643
7912 7.2488
7913 0.4709
7914 3.3043
7915 2.6276
7916 0.9725
7917 20.8982
7918 24.2601
7919 0.2824
7920 21.7836
7921 0.8858
7922 0.3387
7923 0.9114
7924 0.6504
7925 1.2952
7926 0.1545
7927 2.3525
7928 3.6322
7929 2.3122
7930 20.0826
7931 0.3454
7932 0.2045
7933 2.1755
7934 0.9985
7935 15.5352
7936 14.9325
7937 12.4776
7938 6.3424
7939 0.9276
7940 0.3805
7941 0.4704
7942 14.1629
7943 2.3616
7944 8.1173
7945 1.0664
7946 1.5280
7947 0.5219
7948 0.4573
7949 1.1490
7950 0.4183
7951 7.2304
7952 3.9589
7953 14.4703
7954 1.4174
7955 11.8114
7956 7.9042
7957 0.8044
7958 1.2646
7959 12.0996
7960 6.9089
7961 1.0305
7962 2.0394
7963 1.9320
7964 5.9865
7965 0.2034
7966 1.7352
7967 2.1201
7968 4.4344
7969 4.1073
7970 35.4263
7971 10.7449
7972 2.8813
7973 1.4934
7974 0.2858
7975 0.1766
7976 16.9282
7977 25.5285
7978 0.4397
7979 3.4570
7980 3.7287
7981 4.3559
7982 0.5242
7983 0.7807
7984 1.1901
7985 0.8050
7986 3.3207
7987 1.3125
7988 0.0955
7989 7.1935
7990 25.5973
7991 0.1043
7992 1.8294
7993 0.2750
7994 1.1095
7995 27.6163
7996 0.5706
7997 0.2038
7998 0.2659
7999 1.1685
8000 0.6728
8001 4.2005
8002 22.8001
8003 2.6061
8004 9.5711
8005 0.6897
8006 1.1303
8007 0.3634
8008 2.9176
8009 2.6550
8010 2.5516
8011 4.4552
8012 1.4548
8013 6.6490
8014 1.0711
8015 0.7636
8016 1.1065
8017 2.5574
8018 6.1082
8019 2.3885
8020 1.3532
8021 1.6105
8022 26.1960
8023 7.3030
8024 0.7399
8025 15.8157
8026 1.7045
8027 30.6126
8028 10.2436
8029 3.0919
8030 1.5210
8031 7.8172
8032 0.4388
8033 1.3970
8034 8.3093
8035 1.2142
8036 0.3532
8037 1.2430
8038 3.8583
8039 3.9973
8040 16.6206
8041 8.4386
8042 1.6950
8043 1.1611
8044 1.9868
8045 1.4797
8046 2.5414
8047 0.3597
8048 1.3381
8049 0.1955
8050 5.3594
8051 13.2126
8052 1.6599
8053 5.8350
8054 24.2618
8055 3.7178
8056 0.9211
8057 0.2743
8058 0.5186
8059 1.8332
8060 7.3231
8061 3.5653
8062 1.8488
8063 3.1007
8064 4.0317
8065 0.2738
8066 5.8155
8067 11.3000
8068 0.0986
8069 1.4233
8070 3.3478
8071 0.7589
8072 9.0524
8073 9.5578
8074 1.2625
8075 9.5200
8076 0.8993
8077 4.0727
8078 1.7559
8079 1.8444
8080 15.1076
8081 1.8588
8082 4.5529
8083 15.1110
8084 5.5736
8085 2.0102
8086 0.2704
8087   NaN
8088 1.0190
8089 2.0744
8090 9.2778
8091 4.5812
8092 3.1114
8093 0.2515
8094 8.1128
8095 1.7429
8096 0.3630
8097 3.7712
8098 2.9067
8099 6.3560
8100 3.6050
8101 0.5492
8102 1.4028
8103 0.6483
8104 10.0742
8105 1.3803
8106 5.1160
8107 1.5853
8108 1.6032
8109 0.2357
8110 0.9845
8111 0.9115
8112 15.3642
8113 2.4587
8114 1.2894
8115 0.3298
8116 0.6816
8117 1.2850
8118 1.1806
8119 0.6827
8120 4.6508
8121 2.6969
8122 0.6596
8123 0.7413
8124 0.8108
8125 8.8991
8126 1.9079
8127 23.3784
8128 15.4517
8129 0.4748
8130 1.5985
8131 0.1067
8132 0.6000
8133 0.3265
8134 1.4401
8135 2.1155
8136 0.7838
8137 4.5744
8138 5.6286
8139 0.6774
8140 0.8513
8141 0.9494
8142 6.2242
8143 4.0242
8144 0.9699
8145 1.2396
8146 1.2786
8147 0.2395
8148 0.1405
8149 0.1979
8150 0.4769
8151 1.5579
8152 0.3294
8153 1.4692
8154 10.9286
8155 0.4092
8156 0.5611
8157 0.3682
8158 15.2568
8159 0.3987
8160 0.1342
8161 1.5710
8162 1.3160
8163 0.4057
8164 2.3339
8165 2.0464
8166 1.1958
8167 1.6392
8168 18.0229
8169 1.5826
8170 7.6233
8171 0.2923
8172 7.4050
8173 0.1610
8174 1.8614
8175 0.4756
8176 9.1257
8177 1.6605
8178 10.4211
8179 1.3566
8180 1.9959
8181 2.2105
8182 11.1191
8183 0.3969
8184 2.8755
8185 0.6210
8186 0.7760
8187 13.9667
8188 4.5055
8189 0.5148
8190 0.8232
8191 1.0143
8192 1.4394
8193 0.4738
8194 0.9872
8195 0.3888
8196 1.2975
8197 1.1059
8198 0.3376
8199 0.7244
8200 0.8196
8201 0.4028
8202 0.9870
8203 9.6093
8204 0.3915
8205 0.2185
8206 9.5812
8207 0.2360
8208 3.7551
8209 16.9249
8210 6.2144
8211 1.8148
8212 2.4884
8213 26.8393
8214 1.4119
8215 1.5747
8216 0.5357
8217 5.1527
8218 1.0005
8219 1.1797
8220 0.8687
8221 7.6790
8222 1.7841
8223 6.1091
8224 25.8156
8225 0.1998
8226 12.5850
8227 0.3549
8228 0.1827
8229   NaN
8230 3.2960
8231 10.2814
8232 0.9784
8233 1.3051
8234 2.0870
8235 1.8098
8236 6.7183
8237 3.0007
8238 0.3154
8239 0.8313
8240 0.9235
8241 1.5014
8242 16.4621
8243 15.2842
8244 0.4443
8245 0.2565
8246 0.6482
8247 5.8052
8248 0.4206
8249 2.7850
8250 1.9008
8251 0.1567
8252 0.4759
8253 2.4832
8254 1.3679
8255 6.6093
8256 0.2355
8257 0.6117
8258 2.6152
8259 6.9078
8260 0.2263
8261 7.3281
8262 0.6933
8263 0.5505
8264 2.1249
8265 0.1771
8266 6.9370
8267 0.4280
8268 15.6730
8269 3.4197
8270 0.7487
8271 4.7762
8272 1.8108
8273 1.1269
8274 1.8043
8275 0.5902
8276 11.4597
8277 1.0187
8278 2.0065
8279 2.1899
8280 0.8333
8281 2.5645
8282 8.3629
8283 0.3494
8284 0.2474
8285 20.1373
8286 1.2925
8287 0.7063
8288 0.1517
8289 5.0226
8290 0.7348
8291 4.6461
8292 0.6846
8293 1.5602
8294 0.3922
8295 2.5352
8296 0.3672
8297 0.5200
8298 2.1973
8299 5.3917
8300 11.7426
8301 0.1698
8302 0.1898
8303 1.1081
8304 5.1848
8305 0.8916
8306 1.5850
8307 3.0972
8308 7.1134
8309   NaN
8310 2.0306
8311 0.8721
8312 0.4165
8313 1.4208
8314 2.4371
8315 21.6166
8316 3.2146
8317 3.2662
8318 0.2879
8319 16.0218
8320 1.5889
8321 4.3772
8322 10.1237
8323 0.7022
8324 0.2978
8325 2.8848
8326 0.8100
8327 13.0058
8328 0.9513
8329 4.1780
8330 0.7845
8331 0.6045
8332 17.5460
8333 0.3763
8334 5.7191
8335 7.8385
8336 0.8771
8337 0.5097
8338 1.1429
8339 0.9418
8340 0.5571
8341 7.5159
8342 5.1798
8343 2.7154
8344 6.4841
8345 0.4216
8346 0.4949
8347 0.6106
8348 1.3783
8349 21.3911
8350 4.9308
8351 0.9871
8352 0.3949
8353 0.4503
8354 0.3721
8355 0.2795
8356 7.0230
8357 4.1465
8358 7.7956
8359 1.4747
8360 0.2708
8361 5.9308
8362 11.7971
8363 1.2589
8364 4.7271
8365 7.0207
8366 0.6685
8367 2.0263
8368 0.8651
8369 27.6071
8370 0.1944
8371 5.3098
8372 1.7094
8373   NaN
8374 9.2753
8375 2.4869
8376 2.8513
8377 0.5595
8378 1.1636
8379 9.3369
8380 0.2273
8381 3.5899
8382 0.6791
8383 4.2794
8384 0.3354
8385 0.3719
8386 1.3574
8387 0.3344
8388 14.2652
8389 0.9854
8390 33.0474
8391 1.0931
8392 7.1985
8393 2.1967
8394 22.4992
8395 0.8140
8396 0.4928
8397 1.0084
8398 0.2874
8399 22.3578
8400 1.6399
8401 0.5264
8402 0.7033
8403 1.2660
8404 1.2359
8405 0.9960
8406 0.3613
8407 6.6432
8408 2.8589
8409 24.6077
8410 0.2158
8411 10.7012
8412 3.4248
8413 16.0118
8414 0.3481
8415 3.1663
8416 3.0265
8417 1.6656
8418 1.8958
8419 2.9145
8420 0.8424
8421 1.3556
8422 2.3869
8423 0.5869
8424 6.2200
8425 0.3431
8426 1.9330
8427 1.4174
8428 6.8873
8429 4.4763
8430 20.9733
8431 1.6476
8432 3.6185
8433 2.3554
8434 1.2772
8435 0.3576
8436 0.9734
8437 4.4567
8438 5.6709
8439 1.2086
8440 0.5523
8441 0.7169
8442 1.7079
8443 7.6645
8444 1.3745
8445 0.7206
8446 0.2515
8447 3.2364
8448 13.3357
8449 8.8241
8450 24.9913
8451 2.3357
8452 5.1439
8453 0.7654
8454 0.6809
8455 3.1207
8456 1.6097
8457 3.2692
8458 28.1676
8459 2.4816
8460 7.8587
8461 1.2174
8462 1.1016
8463 0.7335
8464 4.1938
8465 8.9043
8466 0.1264
8467 0.2840
8468 4.6115
8469 0.4743
8470 11.8396
8471 1.8467
8472 0.2347
8473 9.6336
8474 19.1858
8475 13.3088
8476 3.9610
8477 0.7718
8478 6.0674
8479 0.8392
8480 1.4195
8481 1.4490
8482 1.3822
8483 0.3902
8484 0.7732
8485 0.2520
8486 3.0230
8487 3.6214
8488 15.4612
8489 0.1812
8490 12.3489
8491 0.6458
8492 1.0321
8493 0.1324
8494 0.3008
8495 0.5737
8496 3.8317
8497 1.3649
8498 14.9004
8499 0.3772
8500 0.3476
8501 0.2415
8502 1.0444
8503 0.6012
8504 1.0356
8505 1.9846
8506 7.1511
8507 0.2698
8508 19.0719
8509 0.2717
8510 4.4083
8511 2.0510
8512 6.3933
8513 1.4276
8514 3.3286
8515 2.5551
8516 2.7692
8517 8.4117
8518 3.5095
8519 0.4568
8520 8.9830
8521 0.5782
8522 0.1600
8523 1.2263
8524 1.3138
8525 0.3688
8526 1.6657
8527 3.3916
8528 1.5008
8529 1.0803
8530 1.0523
8531 7.3155
8532 5.6576
8533 0.3589
8534 32.2525
8535 4.4227
8536 5.4871
8537 13.4650
8538 0.6255
8539 3.5874
8540 24.5871
8541 2.9385
8542 19.7416
8543 0.2251
8544 9.0418
8545 4.2478
8546 10.0117
8547 1.1449
8548 1.1288
8549 1.0644
8550 1.4248
8551 3.3672
8552 8.3203
8553 1.3192
8554 3.4894
8555 25.1764
8556 0.1875
8557 2.2596
8558 0.6365
8559 3.9071
8560 4.3440
8561 0.8467
8562 1.0952
8563 3.9807
8564 3.2925
8565 0.9418
8566 0.3372
8567 1.7046
8568 0.3929
8569 9.0795
8570 1.5789
8571 0.9713
8572 0.9774
8573 15.3432
8574 1.1673
8575 0.7909
8576 0.7451
8577 1.9119
8578 1.5773
8579 16.3237
8580 15.4446
8581 0.7823
8582 5.6503
8583 0.8952
8584 3.1949
8585 22.3657
8586 0.8196
8587 0.2191
8588 9.6179
8589 5.1286
8590 10.4735
8591 15.4182
8592 3.7749
8593 6.9687
8594 0.3107
8595 2.5325
8596 2.5335
8597 0.7937
8598 1.8013
8599 17.6467
8600 6.0436
8601 7.6581
8602 17.0741
8603 1.2196
8604 12.5832
8605 24.3186
8606 0.6018
8607 3.2506
8608 1.2479
8609 0.2884
8610 12.2875
8611 0.3232
8612 0.4354
8613 2.6511
8614 1.8926
8615 11.2732
8616 1.4355
8617   NaN
8618 0.7074
8619 0.3070
8620 1.1524
8621 0.7830
8622 0.7887
8623 1.9098
8624 1.0438
8625 15.4131
8626 3.8314
8627 1.0917
8628 15.7685
8629 0.9393
8630 1.1498
8631 0.9095
8632 0.8483
8633 1.0312
8634 2.9052
8635 7.7327
8636 19.2185
8637 0.9218
8638 0.5786
8639 0.9657
8640 1.5417
8641 1.0709
8642 2.3865
8643 0.5925
8644 1.6363
8645 1.8413
8646 8.5139
8647 0.7353
8648 6.7572
8649 0.9136
8650 1.3143
8651 1.9213
8652 8.4888
8653 4.0432
8654 1.5828
8655 1.3907
8656 0.9128
8657 17.1125
8658 5.4941
8659 4.8852
8660 1.3522
8661 10.6471
8662 0.1059
8663 0.7537
8664 0.9257
8665 0.7245
8666 0.2953
8667 5.3274
8668 28.5291
8669 0.8323
8670 0.3018
8671 0.4674
8672 17.3642
8673 3.6619
8674 1.4876
8675 2.1690
8676 0.6204
8677 6.9772
8678 1.0439
8679 0.3669
8680 2.4658
8681 2.3130
8682 1.1175
8683 1.8484
8684 0.3345
8685 0.5938
8686 1.4844
8687 0.7010
8688 2.4482
8689 6.3879
8690 1.9758
8691 0.9617
8692 0.6791
8693 1.5552
8694 14.9203
8695 4.6775
8696 10.2626
8697 3.9917
8698 5.8756
8699 5.9817
8700 0.5063
8701 1.4382
8702 2.0418
8703 0.3563
8704 1.6170
8705 0.9070
8706 2.7191
8707 1.6549
8708 21.0947
8709 5.8342
8710 0.1924
8711 6.2530
8712 1.3905
8713 0.5859
8714 0.5860
8715 1.8168
8716 16.0555
8717 0.2326
8718 0.7362
8719 6.3773
8720 0.3684
8721 0.1414
8722 4.6288
8723 15.8493
8724 0.7563
8725 1.1892
8726 0.6107
8727 0.4155
8728 5.8641
8729 11.0448
8730 3.8397
8731 0.2182
8732 0.2983
8733 0.8789
8734 0.4221
8735 0.7736
8736 1.0043
8737 0.1840
8738 2.3014
8739 3.6868
8740 23.9354
8741 0.6612
8742 1.0805
8743 2.4682
8744 13.3442
8745 0.2254
8746 2.2835
8747 13.4751
8748 1.5460
8749 0.8017
8750 3.8147
8751 13.9549
8752 2.4915
8753 7.8274
8754 8.2512
8755 0.3065
8756 2.2685
8757 2.9627
8758 0.3427
8759 0.4129
8760 1.9465
8761 1.7423
8762 1.1100
8763 6.2171
8764 0.3157
8765 0.3771
8766 9.3433
8767 0.5854
8768 27.9850
8769 3.1539
8770 13.9380
8771 4.1871
8772 4.8954
8773 7.2541
8774 0.9811
8775 0.8187
8776 4.9239
8777 0.1563
8778 0.3603
8779 8.4707
8780 5.1638
8781 0.5197
8782 0.4702
8783 13.1319
8784 1.9368
8785 1.0504
8786 16.1207
8787 1.4243
8788 1.0681
8789 0.3014
8790 0.9420
8791 0.1862
8792 0.2114
8793 0.5181
8794 1.1451
8795 6.4161
8796 2.3348
8797 14.3806
8798 0.4344
8799 13.4955
8800 0.2071
8801 0.3914
8802 0.2574
8803 22.0530
8804 1.4534
8805 0.8217
8806 15.0657
8807 0.1143
8808 3.0303
8809 1.5855
8810 2.1271
8811 2.6433
8812 0.5646
8813 0.4099
8814 5.1319
8815 1.5303
8816 0.1089
8817 2.9280
8818 1.3205
8819 10.8037
8820 3.0844
8821 0.7721
8822 0.3055
8823 0.5716
8824 0.4744
8825 3.5488
8826 0.4145
8827 0.5350
8828 5.6065
8829 8.1836
8830 4.8076
8831 2.7444
8832 7.5454
8833 3.2368
8834 17.0051
8835 0.4944
8836 14.4456
8837 5.6416
8838 1.2832
8839 4.4118
8840 0.6028
8841 0.9910
8842 6.0790
8843 3.8161
8844 6.4460
8845 16.0873
8846 4.8744
8847 0.5603
8848 2.0848
8849 3.5499
8850 0.9021
8851 0.7948
8852 3.6032
8853 0.2202
8854 0.5585
8855 2.4416
8856 25.4004
8857 6.3119
8858 1.0769
8859 8.2302
8860 12.4889
8861 0.4166
8862 12.8458
8863 16.9968
8864 30.2639
8865 2.5710
8866 0.4780
8867 11.1927
8868 0.2406
8869 0.3293
8870 23.9719
8871 0.5774
8872 0.5131
8873 2.2187
8874 0.4273
8875 6.0000
8876 0.2474
8877 0.9549
8878 0.3814
8879 8.4987
8880 0.5556
8881 3.1888
8882 0.3710
8883 11.0146
8884 7.3936
8885 5.8630
8886 5.8718
8887 0.3422
8888 2.5368
8889 9.1167
8890 0.5970
8891 0.8188
8892 0.7185
8893 26.7972
8894 0.4674
8895 6.7651
8896 1.1381
8897 11.7958
8898 3.6661
8899 18.9937
8900 0.5645
8901 1.3316
8902 0.4409
8903 7.6663
8904 1.8338
8905 3.9278
8906 1.0312
8907 8.5755
8908 2.0354
8909 4.2854
8910 1.8122
8911 20.5594
8912 0.9773
8913 1.9484
8914 9.6758
8915 0.2030
8916 7.9319
8917 1.8228
8918 0.4084
8919 4.4195
8920 4.8615
8921 0.1837
8922 0.9085
8923 2.7541
8924 14.2058
8925 0.3011
8926 0.7373
8927 6.1848
8928 1.3191
8929 29.8364
8930 0.8598
8931 3.8576
8932 7.4924
8933 0.4619
8934 15.7902
8935 2.1303
8936 4.4073
8937 5.3746
8938 0.3877
8939 0.1487
8940 3.7150
8941 1.5755
8942 0.7211
8943 7.8935
8944 1.4193
8945 1.1939
8946 3.0507
8947 0.4335
8948 28.6543
8949 0.8709
8950 8.1160
8951 7.4614
8952 0.4965
8953 2.0654
8954   NaN
8955 4.3565
8956 14.2208
8957   NaN
8958 12.2947
8959 2.7694
8960 0.4205
8961 1.9925
8962 0.7378
8963 1.2214
8964 3.9461
8965 18.2031
8966 1.7814
8967 0.8615
8968 0.9576
8969 2.9865
8970 0.2727
8971 1.9041
8972 0.3691
8973 1.1693
8974 3.7897
8975 0.5485
8976 5.6115
8977 0.3034
8978 3.0583
8979 9.2118
8980 2.2849
8981 0.5049
8982 3.9628
8983 1.8056
8984 1.5593
8985 4.8598
8986 4.4904
8987 12.7210
8988 2.8124
8989 1.1228
8990 1.3770
8991 0.3268
8992 7.4493
8993 2.1959
8994 3.8137
8995 9.8935
8996 2.4808
8997 0.2605
8998 8.9782
8999 0.7506
9000 0.2964
9001 6.9565
9002 0.4500
9003 1.8654
9004 11.7901
9005 28.8316
9006 18.4613
9007 1.1463
9008 9.0362
9009 1.2587
9010 0.8002
9011 1.3115
9012 0.9917
9013 9.7599
9014 10.8573
9015 0.2426
9016 6.8367
9017 4.3031
9018 1.4019
9019 0.3943
9020 0.6770
9021 5.8320
9022 0.7884
9023 2.6689
9024 0.3841
9025 2.5028
9026 9.1170
9027 0.7909
9028 1.7606
9029 0.7312
9030 0.2223
9031 1.5254
9032 1.4607
9033 1.6198
9034 1.4328
9035 1.3927
9036 4.4068
9037 12.6004
9038 15.9450
9039 6.2564
9040 0.2180
9041 10.1116
9042 1.6430
9043 2.0911
9044 1.3508
9045 4.7345
9046 8.3798
9047 21.6878
9048 0.8861
9049 0.8895
9050 1.2364
9051 0.5567
9052 5.7661
9053 13.2040
9054 0.1420
9055 0.6282
9056 1.9184
9057 1.1197
9058 1.1240
9059 5.9112
9060 6.0110
9061 0.2940
9062 7.7414
9063 7.2139
9064 0.8489
9065 11.3091
9066 4.7409
9067 6.3479
9068 1.5639
9069 3.9685
9070 0.7307
9071 3.6122
9072 1.1456
9073 0.3490
9074 1.2460
9075 4.2077
9076 3.6878
9077 0.3490
9078 5.6217
9079 0.2257
9080 0.5739
9081 1.2116
9082 0.3298
9083 6.1015
9084 17.2588
9085 0.2879
9086 4.3028
9087 1.5312
9088 0.6051
9089 0.3648
9090 1.1230
9091 0.3285
9092 1.1334
9093 1.2850
9094 6.0898
9095 1.5286
9096 15.2398
9097 0.2259
9098 2.8042
9099 4.9112
9100 0.8531
9101 5.1991
9102 0.5487
9103 2.8200
9104 1.2232
9105 1.1867
9106 11.5697
9107 7.1353
9108 0.3287
9109 1.7344
9110 0.6983
9111 1.9560
9112 0.2341
9113 0.6529
9114 3.5439
9115 0.9007
9116 0.1855
9117 23.0002
9118 3.7320
9119 1.2781
9120 1.9848
9121 29.0708
9122 4.1629
9123 4.2279
9124 4.1070
9125 0.9060
9126 0.3968
9127 16.8640
9128 3.1417
9129 1.6885
9130 12.5536
9131 15.7847
9132 3.1189
9133 0.8480
9134 0.9113
9135 20.6966
9136 0.3542
9137 22.4064
9138 0.4299
9139 0.1679
9140 2.0874
9141 1.2059
9142 0.8743
9143 0.4673
9144 0.6497
9145 0.9927
9146 1.7516
9147 0.9695
9148 1.3141
9149 2.4662
9150 8.3782
9151 0.3386
9152 0.3055
9153 1.9607
9154 7.6386
9155 0.7674
9156 1.3108
9157 1.2970
9158 23.8631
9159 0.7339
9160 1.1255
9161 0.4229
9162 12.0969
9163 40.0050
9164 2.4335
9165 0.9398
9166 8.7858
9167 2.2577
9168 0.2212
9169 26.3962
9170 11.0023
9171 0.5791
9172 2.3580
9173 0.3201
9174 1.9678
9175 2.8660
9176 2.2261
9177 0.2428
9178 0.4027
9179 1.3892
9180 3.5702
9181 0.7289
9182 6.3121
9183 10.2547
9184 0.8538
9185 1.1084
9186 0.9875
9187 1.7276
9188 2.1807
9189 12.7423
9190 2.1419
9191 0.1409
9192 0.9202
9193 2.6121
9194 1.3954
9195 2.7392
9196 6.6558
9197 0.3337
9198 5.7687
9199 2.9409
9200 16.2286
9201 3.0441
9202 0.4162
9203 8.8082
9204 1.8043
9205 0.0887
9206 2.6177
9207 0.5950
9208 5.4250
9209 1.2728
9210 0.6839
9211 0.2169
9212 0.0879
9213 3.6325
9214 1.0564
9215 0.9455
9216 9.6147
9217 5.6854
9218 0.9947
9219 10.4282
9220 0.1520
9221 25.8640
9222 7.9179
9223 2.4077
9224 1.4170
9225 1.1494
9226 3.4608
9227 8.7553
9228 1.9680
9229 1.7493
9230 7.8153
9231 8.5548
9232 0.3648
9233 2.3160
9234 1.8143
9235 2.8508
9236 2.2077
9237 0.1411
9238 0.8339
9239 1.5940
9240 1.9627
9241 0.3862
9242 1.3370
9243 2.6530
9244 1.7027
9245 3.4417
9246 1.5711
9247 0.1545
9248 21.8831
9249 3.1963
9250 3.3409
9251 0.8680
9252 1.1018
9253 0.9853
9254 20.5966
9255 3.0126
9256 37.0049
9257 16.7193
9258 11.1359
9259 2.2579
9260 6.5482
9261 16.9667
9262 4.3292
9263 0.3533
9264 2.3123
9265 2.2388
9266 21.3875
9267 0.4174
9268 1.6278
9269 15.1140
9270 18.9967
9271 0.5370
9272 1.3148
9273 4.9014
9274 2.4158
9275 4.5813
9276 0.4073
9277 0.4686
9278 9.0616
9279 0.2964
9280 2.0674
9281 0.2812
9282 1.5946
9283 0.2975
9284 7.2844
9285 0.3341
9286 2.3353
9287 1.6253
9288 0.5478
9289 1.0698
9290 15.0181
9291 0.1536
9292 0.4764
9293 1.2410
9294 30.0912
9295 1.9274
9296 2.2322
9297 10.8246
9298 2.5297
9299 3.9416
9300 1.1856
9301 2.0804
9302 18.0508
9303 0.3866
9304 0.4056
9305 5.5428
9306 0.8171
9307 0.9090
9308 11.4235
9309 7.0986
9310 14.3526
9311 2.7846
9312 13.0948
9313 0.6786
9314 1.4604
9315 1.0159
9316 0.2927
9317 1.6527
9318 21.1355
9319 1.0436
9320 2.0518
9321 11.7549
9322 0.9747
9323 6.8998
9324 1.5168
9325 0.8553
9326 3.4344
9327 12.5424
9328 0.1593
9329 6.8426
9330 1.4786
9331 0.6661
9332 4.4698
9333 0.6560
9334 15.6110
9335 11.0479
9336 1.2260
9337 13.9356
9338 0.2357
9339 0.4365
9340 1.6064
9341 6.0284
9342 34.5552
9343 1.9697
9344 9.5822
9345 7.2592
9346 1.6888
9347 1.5633
9348 1.7074
9349 9.6288
9350 12.5215
9351 0.4351
9352 2.1850
9353 1.4307
9354 11.8876
9355 4.7351
9356 0.2783
9357 2.1345
9358 2.7693
9359 0.3408
9360 3.6796
9361 1.3250
9362 0.1783
9363 1.0493
9364 1.4487
9365 1.7798
9366 14.1940
9367 2.7450
9368 3.6818
9369 1.6273
9370 2.0878
9371 1.4116
9372 4.8582
9373 0.3218
9374 15.6675
9375 4.6597
9376 0.9016
9377 8.5706
9378 27.5328
9379 0.3881
9380 2.9653
9381 1.3460
9382 0.7040
9383 0.5613
9384 2.0623
9385 1.0830
9386 1.3044
9387 6.0479
9388 20.4341
9389 0.9472
9390 1.8137
9391 4.3419
9392 1.3926
9393   NaN
9394 21.6027
9395 7.6152
9396 12.8357
9397 1.0397
9398 0.1885
9399 2.5514
9400 0.2036
9401 0.1177
9402 21.7507
9403 1.1674
9404 7.8625
9405 1.8956
9406 0.8437
9407 3.3903
9408 2.6081
9409 1.2718
9410 2.6100
9411 1.1694
9412 2.6649
9413 1.6051
9414 0.2179
9415 4.5488
9416 3.6281
9417 12.3355
9418 0.6375
9419 2.0090
9420 0.5964
9421 0.5198
9422 15.2843
9423 16.1301
9424 1.4558
9425 13.4640
9426 4.6805
9427 2.0021
9428 13.5325
9429   NaN
9430 0.6276
9431 2.8483
9432 0.1724
9433 3.7011
9434 16.5102
9435 3.9117
9436 0.5917
9437 0.9624
9438 11.4136
9439 13.7722
9440 0.3311
9441 0.3427
9442 0.6331
9443 5.0929
9444 16.0942
9445 0.9441
9446 1.0661
9447 0.3593
9448 1.2133
9449 0.3730
9450 0.3118
9451 0.8100
9452 5.3744
9453 13.0248
9454 0.6080
9455 0.3134
9456 4.7227
9457 3.1559
9458 2.4680
9459 0.5406
9460 1.9334
9461 0.4364
9462 0.8705
9463 0.5292
9464 6.9673
9465 6.4737
9466 6.8360
9467 0.9022
9468 6.3580
9469 5.9532
9470 1.4861
9471 18.4243
9472 0.5561
9473 0.7315
9474 0.8871
9475 0.2610
9476 0.9294
9477 1.7262
9478 4.6497
9479 1.7291
9480 0.9120
9481 0.4852
9482 1.7128
9483 4.3098
9484 0.2748
9485 0.2330
9486 0.9049
9487 0.8107
9488 1.1489
9489 17.6799
9490 2.6309
9491 0.1375
9492 1.2172
9493 0.1867
9494 1.8045
9495 0.5795
9496 13.2470
9497 1.1537
9498 1.4364
9499 0.6491
9500 8.4637
9501 6.3490
9502 0.3230
9503 0.3592
9504 1.3980
9505 1.0477
9506 12.4108
9507 1.0563
9508 0.5026
9509 4.2638
9510 11.3279
9511 27.4272
9512 6.0961
9513 0.5362
9514 4.8726
9515 26.4750
9516 1.3882
9517 2.2591
9518 0.8073
9519 7.8606
9520 0.7588
9521 0.1746
9522 8.1913
9523 7.6551
9524 6.5338
9525 6.3483
9526 13.1411
9527 22.6958
9528 0.8102
9529 2.2150
9530 1.6676
9531 5.8411
9532 5.6785
9533 3.0941
9534 3.0865
9535 3.0733
9536 5.5820
9537 4.1206
9538 9.4239
9539 0.9122
9540 2.1465
9541 13.5410
9542 2.0078
9543 11.6247
9544 1.3384
9545 2.8532
9546 3.1012
9547 15.2973
9548 2.9803
9549 1.0448
9550 0.1298
9551 0.7127
9552 0.2252
9553   NaN
9554 1.2811
9555 1.3644
9556 0.0963
9557 24.2721
9558 3.1329
9559 0.2482
9560 3.0420
9561 0.3394
9562 6.8760
9563 0.6594
9564 1.3767
9565 2.9068
9566 4.8987
9567 1.3926
9568 1.2310
9569 0.1335
9570 10.8692
9571 9.9655
9572 0.3815
9573 0.9170
9574 1.4678
9575 0.4634
9576 0.9285
9577 1.9914
9578 23.7947
9579   NaN
9580 4.1423
9581 1.5612
9582 8.2456
9583 0.4797
9584 0.8703
9585 0.6692
9586 0.6608
9587 0.8474
9588 9.2608
9589 0.6315
9590 22.1383
9591 3.9193
9592 13.7286
9593 5.7571
9594 2.4918
9595 0.2462
9596 6.6029
9597 14.9232
9598 0.4345
9599 6.0272
9600 1.3114
9601 0.8785
9602 1.9088
9603 0.0979
9604 0.6559
9605 0.3830
9606 13.5055
9607 23.7042
9608 1.3703
9609 1.5530
9610 1.7690
9611 10.9701
9612 4.1297
9613 15.2704
9614 26.2194
9615 3.1425
9616 5.9229
9617 10.5232
9618 1.4895
9619 1.6404
9620 2.7383
9621 3.4554
9622 23.2067
9623 9.7175
9624 1.8959
9625 0.8067
9626 6.9669
9627 1.8742
9628 0.1740
9629 24.1818
9630 2.2640
9631 0.1449
9632 2.5310
9633 7.3416
9634 0.7955
9635 4.8154
9636 0.9209
9637 3.7002
9638 0.9794
9639 1.1130
9640 1.5348
9641 0.1249
9642 0.6100
9643 0.3994
9644 8.3092
9645 0.1500
9646 0.7653
9647 13.3315
9648 1.0008
9649 0.5901
9650 29.0722
9651 5.4863
9652 33.2938
9653 0.4055
9654 1.1587
9655 7.9371
9656 1.0318
9657 3.5376
9658 0.8052
9659 1.0195
9660 2.0298
9661 1.9730
9662 0.2073
9663 1.3913
9664 0.5535
9665 1.4438
9666 5.8036
9667 0.3836
9668 4.9819
9669 0.2125
9670 1.6543
9671 0.8346
9672 1.8471
9673 22.6638
9674 4.0765
9675 0.5367
9676 0.3012
9677 17.8942
9678 1.1150
9679 1.2729
9680 0.3174
9681 0.3356
9682 0.7276
9683 10.0695
9684 0.3517
9685 0.6588
9686 1.4024
9687 0.7335
9688 26.7888
9689 0.1619
9690 1.9591
9691 2.1297
9692 0.6023
9693 0.7644
9694 8.7853
9695 2.8002
9696 0.5603
9697 8.0790
9698 0.6149
9699 25.0548
9700 17.0018
9701 0.7624
9702 4.7661
9703 0.3746
9704 0.9192
9705 5.6379
9706 1.0389
9707 9.9366
9708 1.2240
9709 16.5170
9710 1.6295
9711 1.8286
9712 0.8892
9713 0.5866
9714 0.8839
9715 4.5428
9716 16.3486
9717 1.0361
9718 2.6847
9719 13.0781
9720 3.6234
9721 6.7974
9722 11.9409
9723 3.8775
9724 4.3968
9725 1.2161
9726 0.7927
9727 1.3765
9728 1.3385
9729 5.7195
9730 2.8593
9731 2.6667
9732 2.5120
9733   NaN
9734 5.1788
9735 0.3758
9736 1.6048
9737 2.1667
9738 2.6376
9739 1.6526
9740 0.9355
9741 0.1891
9742 2.7206
9743 3.8563
9744 19.5159
9745 0.7996
9746 1.7468
9747 1.7028
9748 7.9729
9749 1.0630
9750 0.2330
9751 12.7216
9752 0.3172
9753 0.2351
9754 1.9097
9755 0.9943
9756 2.0645
9757 0.2765
9758 1.0529
9759 0.3377
9760 3.9369
9761 1.4018
9762 1.2053
9763 0.2398
9764 10.6834
9765 9.9723
9766 2.7940
9767 1.0938
9768 43.0664
9769 4.3396
9770 0.7832
9771 0.4377
9772 0.5353
9773 0.8420
9774 2.5652
9775 12.6233
9776 6.8290
9777 0.9017
9778 1.8432
9779 0.9967
9780 0.4624
9781 3.5228
9782 3.9495
9783 5.5294
9784 0.4148
9785 0.6954
9786 7.0044
9787 17.5115
9788 1.5484
9789 0.5592
9790 0.1372
9791 1.9830
9792 16.0805
9793 22.2773
9794 10.9205
9795 2.6211
9796 11.5408
9797 26.7570
9798 1.9538
9799 3.2589
9800 1.1027
9801 0.1807
9802 1.2498
9803 9.7671
9804 5.5347
9805 1.6692
9806 0.1116
9807 3.7892
9808 17.2582
9809 5.0631
9810 1.9656
9811 0.0968
9812 0.8127
9813 4.3566
9814 1.6244
9815 12.0844
9816 3.4549
9817 2.1795
9818 1.7828
9819 1.8984
9820 27.6594
9821 9.0650
9822 6.8250
9823 3.5675
9824 1.8793
9825 0.8245
9826 7.3354
9827 2.7029
9828 0.8275
9829 0.4790
9830 5.6184
9831 4.5015
9832 9.2603
9833 4.0027
9834 1.5412
9835 2.0435
9836 0.9856
9837 1.6950
9838 7.3514
9839 0.7642
9840 1.7237
9841 0.5846
9842 7.4868
9843 22.8202
9844 2.8726
9845 4.6875
9846 0.2364
9847 4.8245
9848 0.6514
9849 5.8567
9850 1.2939
9851 1.3331
9852 0.6441
9853 1.0917
9854 3.8522
9855 0.3639
9856 0.5502
9857 1.0491
9858 14.2720
9859 32.4452
9860 0.3396
9861 0.6851
9862 1.2174
9863 0.9288
9864 1.8834
9865 3.2878
9866 4.5403
9867 0.3216
9868 2.3031
9869 1.9832
9870 1.8439
9871 1.2629
9872 5.8529
9873 2.0775
9874 0.6604
9875 25.0471
9876 0.2705
9877 14.9836
9878 2.5169
9879 0.1778
9880 4.6896
9881 2.9731
9882 16.6942
9883 14.9281
9884 3.2168
9885 0.4537
9886 34.0313
9887 2.0583
9888 0.3909
9889 5.3454
9890 0.8334
9891 1.1094
9892 12.1843
9893 13.4923
9894 1.1030
9895 3.3102
9896 1.7155
9897 1.0651
9898 18.6333
9899 2.1736
9900 0.1468
9901 1.6319
9902 3.5333
9903 0.8876
9904 1.3887
9905 0.1799
9906 0.4461
9907 1.3149
9908 1.4168
9909 0.2966
9910 2.5227
9911 0.2771
9912 5.5929
9913 12.5069
9914 3.2821
9915 1.0877
9916 0.8080
9917 0.7666
9918 4.6453
9919 1.6146
9920 0.2747
9921 0.3476
9922 11.0756
9923 4.3780
9924 20.5188
9925 0.9984
9926 5.3692
9927 0.5666
9928 4.7125
9929 0.5772
9930 2.7690
9931 2.6915
9932 8.9117
9933 0.8416
9934 1.7560
9935 1.1582
9936 3.4033
9937 16.7760
9938 1.0265
9939 0.5608
9940 5.9449
9941 0.1755
9942 4.7160
9943 1.1248
9944 2.7266
9945 6.0234
9946 1.0031
9947 39.2386
9948 1.0300
9949 1.9600
9950 3.8322
9951 0.8539
9952 0.4060
9953 1.1595
9954 2.3067
9955 1.7332
9956 1.8895
9957 1.0983
9958 0.8691
9959 9.3001
9960 3.1902
9961 0.4739
9962 18.6028
9963 0.1935
9964 4.3277
9965 1.6798
9966 0.3572
9967 0.4725
9968 29.5810
9969 0.3205
9970 1.1630
9971 1.0692
9972 0.7125
9973 0.2569
9974 1.8411
9975 2.1698
9976 5.6111
9977 15.3014
9978 0.5614
9979 5.1904
9980 14.7523
9981 18.7322
9982 23.6557
9983 4.0066
9984 1.0185
9985 1.3893
9986 0.4390
9987 0.5284
9988 2.4404
9989 4.1403
9990 0.8641
9991 2.2951
9992 12.3362
9993 18.8903
9994 15.3752
9995 1.0935
9996 4.2713
9997 26.4631
9998 0.2560
9999 10.1832
10000 0.2921
