2501 14.4952
2502 3.4915
2503 0.1948
2504 6.4849
2505 0.3570
2506 0.1475
2507 0.1866
2508 0.1730
2509 2.2351
2510 0.2644
2511 12.1782
2512 1.0278
2513 0.1689
2514 1.0093
2515 0.4480
2516 28.1643
2517 0.4538
2518 4.7751
2519 1.9947
2520 0.6683
2521 0.2765
2522 0.9784
2523 1.7621
2524 0.3537
2525 0.5166
2526 0.2812
2527 5.3934
2528 1.1855
2529 0.7495
2530 7.6941
2531 0.2056
2532 0.5226
2533 0.1524
2534 0.2902
2535 2.2696
2536 0.6493
2537 0.5030
2538 0.3589
2539 0.4509
2540 0.2302
2541 1.9896
2542 2.0765
2543 0.2790
2544 1.1152
2545 0.1851
2546 0.3153
2547 8.3282
2548 0.3061
2549 0.8117
2550 0.5679
2551 0.2297
2552 1.6248
2553 0.2292
2554 0.4579
2555 0.6748
2556 0.3560
2557 3.9381
2558 0.2066
2559 0.6736
2560 0.2705
2561 4.6346
2562 2.4158
2563 0.1934
2564 4.1211
2565 0.3400
2566 0.7694
2567 0.3671
2568 0.7303
2569 0.5832
2570 0.5562
2571 1.3207
2572 0.1579
2573 4.9718
2574 1.0546
2575 2.1814
2576 0.0882
2577 0.6249
2578 0.2462
2579 0.9389
2580 0.5749
2581 0.3309
2582 0.5742
2583 0.6701
2584 0.3746
2585 15.3073
2586 0.1160
2587 0.3826
2588 0.5383
2589 0.6261
2590 0.5330
2591 0.9336
2592 11.1914
2593 1.3420
2594 0.1691
2595 0.2688
2596 0.1428
2597 4.8201
2598 1.5987
2599 2.0951
2600 0.7615
2601 0.2491
2602 0.4000
2603 0.9523
2604 0.1195
2605 0.3511
2606 0.4023
2607 1.7876
2608 0.3859
2609 2.8426
2610 0.2743
2611 0.6206
2612 0.6109
2613 5.3837
2614 1.0867
2615 0.5953
2616 0.5097
2617 0.7423
2618 0.3842
2619 0.4791
2620 0.4975
2621 7.8936
2622 0.4647
2623 0.4086
2624 0.1575
2625 1.0496
2626 1.6575
2627 0.5524
2628 0.7883
2629 1.1100
2630 0.1738
2631 1.1107
2632 0.2215
2633 0.4621
2634 1.4933
2635 0.1852
2636 0.1164
2637 11.6970
2638 2.4693
2639 0.1582
2640 0.1582
2641 0.9881
2642 3.6806
2643 0.1700
2644 0.5454
2645 1.5689
2646 0.3958
2647 0.5475
2648 1.5664
2649 1.5705
2650 0.2211
2651 2.2869
2652 0.3246
2653 0.3667
2654 0.6421
2655 2.5058
2656 0.5570
2657 0.3815
2658 11.4006
2659 4.2118
2660 1.2878
2661 5.3110
2662 0.4961
2663 1.9299
2664 0.8622
2665 0.2665
2666 0.4285
2667 0.4660
2668 1.7988
2669 1.9385
2670 0.5256
2671 0.1858
2672 0.2407
2673 1.6299
2674 0.6659
2675 0.1896
2676 0.2627
2677 0.2701
2678 0.6792
2679 0.2736
2680 1.6446
2681 0.7889
2682 0.6767
2683 0.6762
2684 0.3551
2685 3.3340
2686 0.7936
2687 0.4302
2688 1.2848
2689 0.9638
2690 0.9734
2691 0.4862
2692 0.2809
2693 0.8151
2694 0.2821
2695 0.3411
2696 2.2445
2697 0.1432
2698 0.6778
2699 0.2137
2700 10.0365
2701 1.0451
2702 0.2743
2703 0.4030
2704 0.2833
2705 0.5189
2706 2.6439
2707 0.1375
2708 5.2862
2709 1.1865
2710 0.3199
2711 1.2346
2712 0.2569
2713 1.7869
2714 0.3779
2715 0.1735
2716 0.1311
2717 0.2333
2718 0.1278
2719 1.2590
2720 0.5441
2721 0.4409
2722 0.4969
2723 0.1017
2724 0.6953
2725 0.3679
2726 0.5385
2727 8.4974
2728 0.5291
2729 0.6659
2730 0.4894
2731 0.8391
2732 4.8466
2733 0.1621
2734 1.5029
2735 0.1810
2736 1.3941
2737 2.3268
2738 1.2487
2739 0.1981
2740 0.3256
2741 0.2722
2742 0.3725
2743 0.4321
2744 0.3502
2745 4.3748
2746 3.4402
2747 0.4812
2748 7.4816
2749 1.5064
2750 0.2477
2751 0.9384
2752 0.1206
2753 1.8535
2754 0.1367
2755 0.3156
2756 0.3659
2757 1.9099
2758 0.1053
2759 2.6380
2760 1.0528
2761 0.7028
2762 0.2461
2763 0.3361
2764 0.4201
2765 0.1865
2766 0.6671
2767 3.8121
2768 0.3152
2769 1.8455
2770 1.1783
2771 4.6759
2772 0.9096
2773 0.1974
2774 0.3440
2775 0.3726
2776 1.5908
2777 0.3757
2778 0.7675
2779 0.4671
2780 0.2293
2781 11.3231
2782 0.4433
2783 0.3670
2784 0.3834
2785 0.5230
2786 0.5796
2787 0.7188
2788 0.3547
2789 0.4675
2790 0.3174
2791 0.5178
2792 0.6043
2793 0.4276
2794 1.8154
2795 1.7942
2796 1.4329
2797 0.2071
2798 5.4008
2799 0.1355
2800 0.3636
2801 1.2063
2802 0.4747
2803 2.8953
2804 0.1543
2805 0.3369
2806 1.4187
2807 0.4440
2808 1.3234
2809 0.7299
2810 1.4153
2811 0.1909
2812 0.2610
2813 0.3587
2814 0.2615
2815 0.2870
2816 0.6072
2817 0.5688
2818 0.7925
2819 3.4400
2820 0.6345
2821 0.2229
2822 0.1750
2823 1.9267
2824 1.5714
2825 0.7391
2826 0.3537
2827 1.1927
2828 0.2907
2829 0.8416
2830 0.3056
2831 0.7763
2832 0.3203
2833 13.0031
2834 0.7308
2835 0.7182
2836 3.7010
2837 0.9903
2838 0.5587
2839 8.0122
2840 1.1434
2841 0.3361
2842 0.5619
2843 27.8544
2844 1.6022
2845 0.3241
2846 4.4928
2847 2.4816
2848 0.3552
2849 0.3397
2850 1.8698
2851 0.4887
2852 0.6399
2853 0.1723
2854 18.3976
2855 0.3101
2856 2.2639
2857 0.3103
2858 0.4248
2859 0.1789
2860 0.4822
2861 0.7139
2862 0.3337
2863 11.4336
2864 1.4480
2865 0.1891
2866 0.4100
2867 8.4107
2868 0.5796
2869 18.3284
2870 34.1343
2871 0.3154
2872 2.6933
2873 4.5379
2874 0.3949
2875 0.6449
2876 0.2263
2877 0.3446
2878 1.4711
2879 0.5013
2880 1.2410
2881 7.8287
2882 1.5641
2883 2.0396
2884 1.6702
2885 0.2551
2886 0.9581
2887 0.8517
2888 0.4639
2889 0.5150
2890 27.7338
2891 0.4190
2892 1.1175
2893 2.0854
2894 0.4812
2895 1.6604
2896 0.7155
2897 1.0110
2898 3.4791
2899 1.1002
2900 0.2679
2901 1.3156
2902 1.9897
2903 0.6632
2904 3.6267
2905 1.0502
2906 0.7624
2907 1.6392
2908 0.1877
2909 0.4702
2910 0.2277
2911 0.7704
2912 0.6447
2913 2.2279
2914 0.1435
2915 0.7394
2916 1.4592
2917 0.1726
2918 0.1715
2919 0.1727
2920 0.4746
2921 0.1233
2922 0.3651
2923 0.2063
2924 0.0872
2925 6.9556
2926 1.1943
2927 0.9017
2928 0.8984
2929 0.5326
2930 4.1606
2931 1.4855
2932 1.6331
2933 0.2426
2934 0.7305
2935 0.8957
2936 3.2111
2937 19.0920
2938 1.0376
2939 0.2718
2940 2.7158
2941 0.2973
2942 0.3402
2943 0.2874
2944 0.2529
2945 0.1224
2946 0.3362
2947 0.2197
2948 0.5522
2949 0.2030
2950 1.7288
2951 0.2571
2952 0.5107
2953 0.3781
2954 0.2247
2955 2.0051
2956 0.1765
2957 0.4220
2958 1.3157
2959 0.5536
2960 0.9806
2961 0.3046
2962 5.1434
2963 1.0004
2964 0.3782
2965 2.0500
2966 0.2921
2967 6.1848
2968 0.3901
2969 1.0586
2970 0.4296
2971 0.3401
2972 19.0865
2973 0.5232
2974 0.3536
2975 0.5622
2976 1.6072
2977 0.7892
2978 2.7049
2979 0.8107
2980 1.3986
2981 1.7100
2982 0.7415
2983 0.2039
2984 0.6117
2985 0.9820
2986 1.0118
2987 0.9717
2988 0.5747
2989 0.6528
2990 4.9961
2991 2.0472
2992 1.3372
2993 0.1876
2994 2.9448
2995 1.3886
2996 0.5450
2997 0.2669
2998 3.2582
2999 1.2116
3000 5.4135
3001 0.4889
3002 5.1502
3003 0.1918
3004 0.5298
3005 2.7255
3006 0.1231
3007 0.5083
3008 2.0407
3009 0.8497
3010 8.7623
3011 1.3223
3012 0.5119
3013 0.4619
3014 0.6576
3015 0.3093
3016 1.0119
3017 3.7762
3018 1.2162
3019 0.3019
3020 2.0148
3021 0.4102
3022 0.3296
3023 0.9773
3024 4.6539
3025 0.2769
3026 0.2990
3027 0.6746
3028 0.1235
3029 0.1216
3030 0.8714
3031 1.8014
3032 0.4561
3033 0.8098
3034 0.9453
3035 1.9865
3036 0.5692
3037 1.2005
3038 0.3998
3039 0.5566
3040 0.0961
3041 0.1876
3042 0.9109
3043 0.9812
3044 0.6303
3045 0.7852
3046 5.6883
3047 0.9210
3048 2.1560
3049 9.8926
3050 1.2165
3051 8.8588
3052 0.3511
3053 0.7964
3054 0.5685
3055 0.1251
3056 5.1512
3057 0.9982
3058 0.1407
3059 1.7754
3060 1.7277
3061 1.3175
3062 4.7279
3063 0.2120
3064 0.4568
3065 0.5518
3066 0.4464
3067 5.9705
3068 0.2953
3069 1.5541
3070 0.1200
3071 0.4419
3072 3.2114
3073 0.1694
3074 1.4914
3075 0.2306
3076 1.1103
3077 1.8971
3078 0.4392
3079 0.1117
3080 0.6604
3081 1.9312
3082 1.2850
3083 0.2627
3084 0.9788
3085 7.7271
3086 2.9113
3087 0.6639
3088 0.8624
3089 0.1472
3090 0.7542
3091 2.7111
3092 3.4366
3093 0.1664
3094 0.3702
3095 0.2524
3096 0.4577
3097 0.4121
3098 0.5338
3099 0.1528
3100 0.2802
3101 1.3652
3102 0.1570
3103 0.4389
3104 0.3763
3105 0.1916
3106 0.7573
3107 0.2404
3108 1.6398
3109 0.4074
3110 0.5297
3111 0.9170
3112 0.3644
3113 13.4921
3114 0.8416
3115 1.1263
3116 0.4457
3117 0.2290
3118 0.8342
3119 1.4196
3120 19.9941
3121 3.1217
3122 0.2977
3123 0.1530
3124 0.6439
3125 5.7663
3126 0.1806
3127 0.7343
3128 1.4857
3129 0.1331
3130 0.9309
3131 0.5841
3132 0.1886
3133 0.1623
3134 1.8214
3135 0.1417
3136 2.1502
3137 1.0656
3138 0.4059
3139 0.6062
3140 0.1893
3141 0.3611
3142 0.4344
3143 0.3944
3144 6.4442
3145 0.6147
3146 0.6328
3147 0.7356
3148 2.4739
3149 0.4322
3150 0.3109
3151 1.6691
3152 1.6945
3153 0.5466
3154 1.1088
3155 4.8382
3156 0.6927
3157 0.1407
3158 0.1581
3159 0.5973
3160 0.2709
3161 0.3482
3162 6.0521
3163 3.9570
3164 0.4438
3165 0.1310
3166 0.4773
3167 1.5036
3168 2.6150
3169 0.2717
3170 0.3247
3171 1.6985
3172 0.5936
3173 1.6280
3174 0.1058
3175 5.3217
3176 0.3720
3177 2.0356
3178 2.4162
3179 1.3950
3180 2.2775
3181 0.8150
3182 0.1462
3183 0.2276
3184 0.3300
3185 7.6433
3186 0.6735
3187 0.1909
3188 1.3663
3189 0.3918
3190 1.6090
3191 0.5411
3192 1.7501
3193 0.5054
3194 0.3620
3195 1.6425
3196 1.0438
3197 0.7191
3198 1.6183
3199 0.4781
3200 1.9828
3201 0.3092
3202 3.6123
3203 0.2904
3204 0.4269
3205 0.8397
3206 7.5105
3207 0.2436
3208 0.3856
3209 0.3871
3210 1.2825
3211 1.3786
3212 0.6654
3213 0.3918
3214 0.3672
3215 0.2983
3216 0.3505
3217 0.7159
3218 0.2639
3219 2.9423
3220 0.3431
3221 1.6296
3222 0.4017
3223 0.6627
3224 0.2352
3225 1.8535
3226 0.1424
3227 0.3803
3228 0.8727
3229 0.4127
3230 0.1889
3231 2.1403
3232 2.1358
3233 0.7700
3234 0.3270
3235 4.2973
3236 3.0205
3237 0.2473
3238 0.6970
3239 0.6156
3240 6.8846
3241 10.4550
3242 0.5241
3243 0.4555
3244 0.2249
3245 0.1582
3246 5.6267
3247 0.9618
3248 0.4248
3249 0.5035
3250 0.1525
3251 0.1432
3252 0.5017
3253 1.7914
3254 1.0249
3255 0.3431
3256 0.1761
3257 3.8080
3258 0.6582
3259 0.4851
3260 0.8272
3261 7.3905
3262 0.2331
3263 3.7969
3264 1.2178
3265 0.2732
3266 34.4072
3267 0.2976
3268 2.7027
3269 0.2587
3270 0.4242
3271 0.8762
3272 4.3373
3273 0.3797
3274 0.4259
3275 0.5519
3276 1.0921
3277 2.6017
3278 0.7699
3279 0.3100
3280 2.0486
3281 0.2877
3282 1.6490
3283 2.2569
3284 0.3120
3285 0.1421
3286 0.4390
3287 5.7561
3288 4.9889
3289 0.2853
3290 1.0460
3291 0.1027
3292 0.1435
3293 0.3797
3294 1.3014
3295 1.7614
3296 0.8517
3297 13.0974
3298 0.6534
3299 0.2117
3300 0.7302
3301 0.1235
3302 1.0770
3303 0.2248
3304 17.5516
3305 0.3475
3306 0.4137
3307 0.4960
3308 19.6901
3309 0.1258
3310 10.0131
3311 0.6345
3312 0.2458
3313 0.2495
3314 0.5063
3315 1.9684
3316 0.1742
3317 2.7980
3318 0.6884
3319 1.4567
3320 1.0497
3321 0.2771
3322 0.3428
3323 5.7770
3324 0.2421
3325 0.4248
3326 0.3591
3327 0.2832
3328 2.5109
3329 14.2833
3330 1.8950
3331 0.7384
3332 0.2427
3333 0.3276
3334 0.4518
3335 0.4816
3336 0.4898
3337 0.2534
3338 2.6922
3339 0.4393
3340 0.8526
3341 0.8579
3342 0.6559
3343 0.5831
3344 0.1337
3345 0.8355
3346 1.1725
3347 0.6874
3348 0.5610
3349 0.1312
3350 0.1277
3351 0.3939
3352 0.1956
3353 3.6696
3354 1.9032
3355 1.0175
3356 1.6895
3357 3.5258
3358 0.4713
3359 0.4208
3360 0.8671
3361 6.3300
3362 0.3969
3363 2.9986
3364 0.1984
3365 0.1403
3366 0.9693
3367 0.4707
3368 0.9571
3369 0.3776
3370 2.8264
3371 0.8855
3372 3.6897
3373 0.9832
3374 0.2458
3375 0.1352
3376 0.4670
3377 1.5179
3378 0.6858
3379 0.3437
3380 0.6396
3381 0.3689
3382 0.8840
3383 0.6449
3384 0.6023
3385 0.1792
3386 7.6761
3387 1.0425
3388 0.2914
3389 1.2476
3390 2.2562
3391 0.2653
3392 14.6082
3393 0.1915
3394 0.1449
3395 0.7522
3396 0.9135
3397 0.6581
3398 2.5005
3399 1.9039
3400 0.5412
3401 0.5405
3402 0.5180
3403 0.3503
3404 0.1707
3405 2.1003
3406 0.1676
3407 2.3899
3408 0.2118
3409 0.4038
3410 0.1991
3411 0.5081
3412 0.3308
3413 0.3582
3414 1.0510
3415 0.2024
3416 1.4015
3417 0.3290
3418 3.6104
3419 1.0527
3420 2.1678
3421 1.1672
3422 0.1539
3423 2.1794
3424 0.3595
3425 0.2543
3426 0.1558
3427 0.1768
3428 2.0609
3429 0.5673
3430 9.4503
3431 0.3087
3432 0.7981
3433 4.1660
3434 0.1540
3435 0.4940
3436 0.9226
3437 7.8964
3438 0.4564
3439 7.7018
3440 0.2802
3441 0.3820
3442 2.2697
3443 3.7225
3444 1.0357
3445 0.2825
3446 3.1612
3447 0.6319
3448 1.9224
3449 0.8149
3450 0.3292
3451 0.2719
3452 0.1932
3453 0.3751
3454 0.1409
3455 1.6825
3456 5.7387
3457 0.6071
3458 0.1219
3459 0.9803
3460 1.3104
3461 1.8052
3462 3.6652
3463 4.0700
3464 1.2612
3465 0.1615
3466 0.7096
3467 0.3092
3468 0.4454
3469 0.2583
3470 0.3280
3471 0.4735
3472 0.7483
3473 2.3972
3474 0.4632
3475 1.1884
3476 2.0493
3477 1.5958
3478 0.7944
3479 0.2150
3480 0.4476
3481 0.4862
3482 1.1315
3483 0.7858
3484 0.3839
3485 0.5221
3486 1.3248
3487 1.0573
3488 1.1626
3489 1.1823
3490 0.3250
3491 0.2620
3492 0.6676
3493 0.7472
3494 0.1723
3495 0.1998
3496 0.1819
3497 1.2617
3498 1.8337
3499 1.1891
3500 0.4348
3501 0.2008
3502 0.1052
3503 0.3059
3504 0.1430
3505 13.8104
3506 0.8478
3507 1.3136
3508 1.0083
3509 0.4429
3510 1.4450
3511 1.4348
3512 2.3254
3513 0.4868
3514 8.2764
3515 0.1493
3516 0.2827
3517 0.1596
3518 1.1541
3519 0.5032
3520 1.8562
3521 1.4106
3522 4.6259
3523 0.4072
3524 0.4984
3525 0.4566
3526 5.5928
3527 0.5983
3528 0.4526
3529 0.1733
3530 1.8212
3531 0.3711
3532 1.0019
3533 7.7078
3534 0.6210
3535 0.2145
3536 0.1364
3537 1.1473
3538 1.1752
3539 0.1397
3540 0.5864
3541 0.1102
3542 0.3968
3543 0.7465
3544 1.9606
3545 0.4828
3546 0.2711
3547 0.3263
3548 1.1561
3549 0.9499
3550 2.4665
3551 0.7347
3552   NaN
3553 0.2451
3554 1.6183
3555 0.5940
3556 0.8341
3557 0.8277
3558 0.2504
3559 0.8631
3560 7.6890
3561 1.6551
3562 1.1920
3563 0.5532
3564 0.3677
3565 0.9635
3566 0.3669
3567 0.1805
3568 0.4676
3569 0.5107
3570 0.6064
3571 0.5161
3572 0.9923
3573 0.4032
3574 0.5468
3575 0.5328
3576 0.2754
3577 0.5153
3578 0.2507
3579 0.4792
3580 0.4445
3581 1.8030
3582 1.2843
3583 2.4904
3584 0.2875
3585 3.4633
3586 1.0442
3587 0.3454
3588 0.1265
3589 0.5957
3590 0.2634
3591 2.5717
3592 0.4646
3593 0.7647
3594 1.0012
3595 0.1338
3596 0.1698
3597 0.1175
3598 0.3990
3599 3.5565
3600 8.5870
3601 0.1261
3602 0.1290
3603 0.1374
3604 0.2058
3605 0.2252
3606 0.4120
3607 0.2621
3608 0.5950
3609 2.4196
3610 1.2899
3611 0.9414
3612 0.8997
3613 0.6936
3614 0.3460
3615 1.3049
3616 0.6325
3617 2.1789
3618 2.6849
3619 0.6378
3620 1.5443
3621 0.2020
3622 1.1604
3623 0.5362
3624 0.4478
3625 0.3975
3626 0.6781
3627 0.1794
3628 0.1244
3629 0.4996
3630 0.8398
3631 0.4303
3632 0.4498
3633 13.4095
3634 0.3627
3635 0.3997
3636 1.2764
3637 0.4623
3638 0.7833
3639 1.4347
3640 0.1236
3641 2.7201
3642 0.5435
3643 0.1362
3644 0.6751
3645 0.4926
3646 0.4393
3647 0.3637
3648 0.2687
3649 4.2805
3650 0.2572
3651 0.4834
3652 0.2849
3653 0.3074
3654 0.1398
3655 0.1563
3656 0.1771
3657 0.6384
3658 0.9877
3659 10.3546
3660 1.2574
3661 0.3111
3662 1.1781
3663 2.5380
3664 0.2314
3665 2.1831
3666 0.1010
3667 0.3670
3668 0.1554
3669 0.4442
3670 0.2996
3671 1.2707
3672 9.7390
3673 1.9426
3674 0.1219
3675 0.1269
3676 1.8629
3677 0.3372
3678 0.1937
3679 0.0838
3680 0.2280
3681 0.3974
3682 6.4962
3683 0.2153
3684 0.5326
3685 0.5275
3686 0.5802
3687 0.7283
3688 1.3967
3689 2.6049
3690 2.8904
3691 1.1141
3692 0.5033
3693 0.5571
3694 0.5918
3695 27.3816
3696 4.1802
3697 0.7252
3698 0.2822
3699 0.2964
3700 0.3755
3701 2.1343
3702 2.9538
3703 0.6080
3704 0.5919
3705 0.6127
3706 0.8986
3707   NaN
3708 0.7748
3709 0.4530
3710 1.9278
3711 1.0639
3712 1.6324
3713 0.3318
3714 0.3617
3715 0.4081
3716 0.1381
3717 0.8585
3718 0.7021
3719 4.3259
3720 1.1325
3721 1.0842
3722 0.1140
3723 1.7856
3724 1.1255
3725 1.4453
3726 1.5144
3727 0.3390
3728 0.1900
3729 1.2793
3730 3.8119
3731 0.1935
3732 0.4605
3733 0.8038
3734 0.3940
3735 0.1434
3736 0.4762
3737 0.5442
3738 0.3444
3739 0.3614
3740 0.2035
3741 1.5118
3742 0.4074
3743 0.8073
3744 0.1992
3745 0.3556
3746 0.3956
3747 8.8365
3748 0.2440
3749 0.1408
3750 3.9720
3751 5.4312
3752 0.8842
3753 0.9684
3754 0.2941
3755 10.8721
3756 1.3868
3757 0.5900
3758 2.0421
3759 0.6459
3760 0.8356
3761 1.6078
3762 0.3147
3763 0.1745
3764 2.9032
3765 0.6567
3766 0.3080
3767 0.5786
3768 0.6300
3769 0.9259
3770 0.6087
3771 0.4030
3772 0.5449
3773 0.3409
3774 2.8764
3775 5.7850
3776 1.1666
3777 0.3686
3778 0.2007
3779 3.7537
3780 0.3980
3781 0.0959
3782 1.2631
3783 0.4295
3784 0.3870
3785 1.2089
3786 0.2855
3787 0.4257
3788 4.4485
3789 0.1729
3790 0.6678
3791 2.9595
3792 1.4554
3793 2.0921
3794 0.1634
3795 0.1880
3796 0.3162
3797 0.7900
3798 0.3494
3799 1.0657
3800 0.1435
3801 0.1713
3802 2.6469
3803 0.4945
3804 0.1788
3805 0.1394
3806 0.4189
3807 0.3857
3808 1.1812
3809 0.7617
3810 0.6518
3811 0.4116
3812 0.9133
3813 0.3154
3814 0.1716
3815 0.6053
3816 13.9442
3817 0.6346
3818 0.4051
3819 3.6484
3820 0.3781
3821 0.4112
3822 7.5347
3823 1.6396
3824 1.6215
3825 0.3502
3826 0.2898
3827 0.3628
3828 0.4289
3829 0.7244
3830 0.2203
3831 0.9006
3832 0.2647
3833 0.1611
3834 0.2893
3835 0.5498
3836 1.2124
3837 2.5822
3838 0.5550
3839 0.2917
3840 1.9826
3841 0.1735
3842 0.1362
3843 0.1871
3844 0.6665
3845 0.5469
3846 0.1686
3847 0.4628
3848 0.3289
3849 0.4405
3850 3.1965
3851 8.0215
3852 0.3953
3853 0.6084
3854 0.1852
3855 0.5603
3856 1.3716
3857 0.4715
3858 10.6353
3859 2.5147
3860 0.6037
3861 0.3012
3862 0.4401
3863 0.6913
3864 15.8402
3865 1.5009
3866 1.3264
3867 0.3988
3868 0.9048
3869 1.7541
3870 0.2470
3871 0.1073
3872 0.6136
3873 0.4484
3874 3.4294
3875 0.2764
3876 0.6548
3877 0.1171
3878 0.4253
3879 0.3295
3880 2.2501
3881 0.2843
3882 0.2164
3883 0.7768
3884 0.1858
3885 0.1995
3886 0.6301
3887 0.2863
3888 0.1314
3889 0.9995
3890 0.3373
3891   NaN
3892 0.1080
3893 1.7943
3894 0.9125
3895 0.4363
3896 0.2754
3897 0.6132
3898 0.2514
3899 1.5462
3900 0.7929
3901 1.2518
3902 1.8736
3903 7.6303
3904 1.8693
3905 0.2624
3906 0.3270
3907 0.8373
3908 0.3839
3909 0.2034
3910 0.1429
3911 0.1428
3912 6.6383
3913 0.7263
3914 0.2713
3915 4.4287
3916 0.2932
3917 1.9927
3918 0.4088
3919 0.3329
3920 0.3269
3921 0.3379
3922 0.2326
3923 0.5074
3924 0.3695
3925 0.8697
3926 0.4481
3927 2.1777
3928 5.3818
3929 0.5119
3930 0.9160
3931 9.2197
3932 0.1127
3933 1.2294
3934 0.2432
3935 0.4035
3936 3.9211
3937 0.8685
3938 6.0397
3939 0.3935
3940 0.2055
3941 0.8196
3942 1.4716
3943 0.5454
3944 0.3777
3945 0.3172
3946 0.6074
3947 1.0323
3948 2.8420
3949 0.7354
3950 1.4723
3951 0.2786
3952 0.1612
3953 0.6178
3954 0.1388
3955 0.3060
3956 0.2720
3957 1.1111
3958 3.6687
3959 0.3529
3960 0.1303
3961 0.1481
3962 1.4682
3963 4.3526
3964 0.1812
3965 0.1890
3966 0.8206
3967 1.4708
3968 0.5152
3969 0.5324
3970 3.8239
3971 0.9075
3972 0.4143
3973 0.4335
3974 0.8606
3975 0.1965
3976 0.3325
3977 0.1343
3978 0.5264
3979 0.3145
3980 3.2918
3981 6.3351
3982 1.0358
3983 1.2227
3984 2.7979
3985 0.9331
3986 0.4153
3987 0.1631
3988 0.4315
3989 1.2853
3990 0.3373
3991 0.7181
3992 0.8276
3993 0.4861
3994 1.7267
3995 0.5700
3996 0.1584
3997 0.1721
3998 0.1230
3999 0.3092
4000 0.7617
4001 2.3697
4002 0.6367
4003 0.7489
4004 0.9119
4005 0.4099
4006 0.5445
4007 0.9644
4008 0.9913
4009 0.2113
4010 2.8294
4011 1.2765
4012 1.5382
4013 1.5357
4014 0.6365
4015 3.7324
4016 0.2808
4017 8.0726
4018 2.2240
4019 0.7884
4020 2.4692
4021 3.9685
4022 0.4892
4023 1.4416
4024 0.4287
4025 0.1282
4026 0.6582
4027 0.4395
4028 0.1021
4029 0.6089
4030 0.3861
4031 2.6590
4032 0.5087
4033 0.3796
4034 0.3412
4035 0.5106
4036 0.9354
4037 1.4154
4038 0.7328
4039 0.2641
4040 1.3279
4041 0.9018
4042 0.4677
4043 0.4073
4044 0.2426
4045 0.6404
4046 1.0998
4047 15.0796
4048 0.8426
4049 0.2093
4050 0.1912
4051 0.8155
4052 3.2459
4053 0.6103
4054 0.3535
4055 0.5556
4056 0.6067
4057 1.1748
4058 0.5783
4059 0.1751
4060 0.4791
4061 0.3221
4062 0.1465
4063 1.6326
4064 0.9572
4065 1.0376
4066 0.9388
4067 1.1022
4068 0.6604
4069 0.3895
4070 0.9385
4071 2.7067
4072 0.1556
4073 0.4198
4074 0.2050
4075 0.3402
4076 0.5694
4077 2.0411
4078 0.1437
4079 0.1520
4080 0.8361
4081 0.7658
4082 0.2868
4083 0.3718
4084 6.9355
4085 0.4235
4086 0.8171
4087 0.3424
4088 0.7212
4089 0.3466
4090 4.4180
4091 0.3625
4092 0.6337
4093 1.8671
4094 0.1880
4095 0.8095
4096 0.3022
4097 0.1835
4098 5.0174
4099 0.3875
4100 1.4996
4101 0.4461
4102 1.2725
4103 0.8033
4104 0.2515
4105 0.3352
4106 1.0789
4107 0.5189
4108 0.2680
4109 0.5497
4110 0.4489
4111 0.5198
4112 0.1275
4113 2.2717
4114 0.2178
4115 0.4499
4116 0.2461
4117 0.1947
4118 0.7482
4119 0.2231
4120 2.5122
4121 0.2102
4122 0.1222
4123 1.2003
4124 2.8069
4125 0.2669
4126 0.4473
4127 1.4335
4128 0.1333
4129 0.6696
4130 0.2307
4131 0.3121
4132 0.2782
4133 0.5408
4134 0.6158
4135 0.4612
4136 0.1095
4137 0.3942
4138 0.1680
4139 0.2089
4140 0.3667
4141 0.6809
4142 0.2335
4143 1.0672
4144 0.6084
4145 2.7076
4146 0.7717
4147 0.7948
4148 0.1650
4149 0.8270
4150 0.6764
4151 0.1483
4152 0.5449
4153 0.1589
4154 0.5693
4155 0.1503
4156 1.6279
4157 4.8583
4158 1.8896
4159 3.8187
4160 1.1732
4161 0.9082
4162 0.2589
4163 0.5709
4164 0.1395
4165 0.3180
4166 0.4106
4167 1.0355
4168 3.5251
4169 0.2129
4170 0.2175
4171 0.2223
4172 0.8609
4173 0.6260
4174 0.3700
4175 0.4828
4176 0.9290
4177 1.0033
4178 0.3372
4179 5.7327
4180 0.2728
4181 0.5762
4182 0.4556
4183 0.5336
4184 2.2219
4185 0.2088
4186 2.6120
4187 0.6027
4188 0.2982
4189 0.2207
4190 0.5270
4191 1.1689
4192 0.3968
4193 3.4106
4194 0.4689
4195 0.2902
4196 0.4781
4197 0.7896
4198 0.1327
4199 1.3732
4200 1.2147
4201 5.5659
4202 0.3891
4203 1.5702
4204 0.1922
4205 3.9379
4206 0.4208
4207 0.6116
4208 0.3369
4209 0.3590
4210 0.4033
4211 0.3385
4212 0.9332
4213 1.2852
4214 3.0847
4215 1.5453
4216 0.1964
4217 0.0958
4218 1.7149
4219 0.2083
4220 0.7287
4221 0.6061
4222 0.2818
4223 0.6396
4224 0.2988
4225 0.4483
4226 0.3034
4227 2.7192
4228 3.0338
4229 0.9932
4230 0.9098
4231 0.7514
4232 2.4659
4233 0.5430
4234 0.9106
4235 0.4254
4236 0.4200
4237 0.6502
4238 0.4044
4239 0.7857
4240 0.2182
4241 0.6943
4242 1.2051
4243 0.4726
4244 0.3148
4245 0.4159
4246 0.5713
4247 0.6875
4248 0.2433
4249 0.8008
4250 3.2687
4251 0.5484
4252 0.2548
4253 0.2073
4254 1.5197
4255 0.3151
4256 0.2648
4257 1.8682
4258 0.2670
4259 0.3766
4260 1.7284
4261 0.2202
4262 0.1780
4263 0.3516
4264 0.3393
4265 0.3448
4266 0.8451
4267 0.4554
4268 0.7100
4269 0.6833
4270 0.1990
4271 0.3312
4272 1.1390
4273 0.2731
4274 0.7628
4275 1.5819
4276 0.5365
4277 0.2819
4278 2.7817
4279 0.1733
4280 0.5701
4281 3.8455
4282 0.5554
4283 0.2229
4284 0.7312
4285 9.4001
4286 0.5980
4287 1.9217
4288 0.4929
4289 0.3219
4290 0.7354
4291 0.1387
4292 0.5337
4293 1.1558
4294 0.5937
4295 0.2804
4296 4.3721
4297 0.3926
4298 0.2686
4299 0.1840
4300 0.6120
4301 1.0608
4302 2.7024
4303 0.1998
4304 0.4138
4305 1.5156
4306 1.3038
4307 0.2079
4308 0.2348
4309 1.4543
4310 0.5012
4311 10.2661
4312 0.1411
4313 1.4621
4314 1.7385
4315 0.2441
4316 0.4057
4317 0.9408
4318 0.9536
4319 0.4065
4320 3.1313
4321 0.3226
4322 0.1810
4323 0.1711
4324 1.5877
4325 0.5006
4326 0.7612
4327 0.3098
4328 0.5016
4329 0.1801
4330 21.3598
4331 0.0973
4332 0.8828
4333 0.4983
4334 0.4467
4335 0.1484
4336 0.1650
4337 0.3112
4338 0.4184
4339 0.2745
4340 1.1214
4341 0.3659
4342 0.6989
4343 1.3596
4344 34.6757
4345 0.6123
4346 0.4413
4347 2.1483
4348 0.5899
4349 0.3584
4350 0.2458
4351 0.4974
4352 0.3117
4353 0.5509
4354 0.2372
4355 1.1103
4356 0.1597
4357 0.1689
4358 0.9612
4359 0.1946
4360 0.5063
4361 0.4791
4362 2.4532
4363 3.9123
4364 1.2165
4365 0.4870
4366 0.6966
4367 0.7252
4368 2.0967
4369 1.0241
4370 4.4235
4371 0.4069
4372 0.3011
4373 4.6685
4374 2.0856
4375 0.2248
4376 1.5490
4377 4.5409
4378 3.6688
4379 0.6901
4380 7.6548
4381 0.4452
4382 2.1787
4383 0.1959
4384 0.6783
4385 0.7379
4386 0.5063
4387 2.6703
4388 0.4896
4389 0.8281
4390 0.3517
4391 1.2883
4392 1.5953
4393 0.4429
4394 0.4537
4395 0.5610
4396 0.3884
4397 0.1885
4398 0.3125
4399 2.1590
4400 8.5494
4401 0.7136
4402 0.7643
4403 1.0802
4404 0.1451
4405 1.0249
4406 0.5148
4407 1.1346
4408 1.3659
4409 0.9459
4410 0.4442
4411 1.1712
4412 6.9847
4413 0.4010
4414 1.9598
4415 4.5306
4416 1.2352
4417 0.1759
4418 0.1411
4419 1.8366
4420 0.8112
4421 2.7953
4422 0.9184
4423 21.4607
4424 0.3383
4425 1.1748
4426 0.4082
4427 0.5133
4428 0.8473
4429 0.3188
4430 2.2434
4431 0.5925
4432 0.3584
4433 0.7357
4434 1.3347
4435 0.3280
4436 0.9300
4437 0.2958
4438 10.0520
4439 2.5618
4440 0.2693
4441 1.9964
4442 0.9105
4443 0.2824
4444 3.4203
4445 1.4698
4446 0.8180
4447 2.9785
4448 0.2046
4449 0.4103
4450 1.2466
4451 0.3858
4452 0.4867
4453 0.5613
4454 3.0171
4455 0.2068
4456 0.2289
4457 0.8979
4458 1.2166
4459 0.1641
4460 1.9623
4461 2.3378
4462 0.7824
4463 18.6408
4464 0.1243
4465 5.9235
4466 8.7511
4467 11.5347
4468 0.2844
4469 0.7395
4470 2.5404
4471 0.4958
4472 0.4441
4473 0.2005
4474 0.6391
4475 2.6961
4476 12.6680
4477 0.2159
4478 0.1621
4479 0.9949
4480 0.2006
4481 0.7832
4482 14.4255
4483 3.9693
4484 0.8913
4485 1.4639
4486 0.0948
4487 2.6558
4488 0.4354
4489 0.4903
4490 0.4648
4491 0.3490
4492 0.4231
4493 0.1590
4494 1.1667
4495 0.4137
4496 0.4373
4497 0.3345
4498 1.1050
4499 0.6248
4500 1.2524
4501 4.5106
4502 0.2364
4503 2.0922
4504 0.9179
4505 0.5224
4506 0.9118
4507 0.2261
4508 0.3644
4509 0.4185
4510 3.6445
4511 0.7485
4512 0.2924
4513 0.4368
4514 0.5944
4515 7.2873
4516 0.5790
4517 0.9138
4518 0.2344
4519 0.3444
4520 0.2253
4521 1.4091
4522 0.2282
4523 0.0993
4524 1.0828
4525 0.3482
4526 0.5051
4527 1.5314
4528 17.0235
4529 0.8241
4530 3.9967
4531 0.3280
4532 2.1213
4533 0.6980
4534 0.1639
4535 0.9834
4536 0.6487
4537 0.5085
4538 1.6215
4539 1.7322
4540 1.8522
4541 0.2929
4542 23.8832
4543 0.1619
4544 0.7176
4545 0.1365
4546 1.6842
4547 0.7139
4548 0.1727
4549 0.5398
4550 0.3442
4551 0.7325
4552 2.0699
4553 1.2284
4554 0.8455
4555 8.5026
4556 3.4392
4557 0.2767
4558 0.1963
4559 1.8110
4560 4.5817
4561 0.3954
4562 18.7856
4563 0.4072
4564 2.3348
4565 1.0304
4566 0.1730
4567 1.5019
4568 0.7155
4569 0.7535
4570 0.3515
4571 0.5738
4572 0.5072
4573 1.2882
4574 14.0898
4575 0.0971
4576 4.6148
4577 0.6468
4578 0.5715
4579 0.1499
4580 0.3163
4581 1.2686
4582 0.6272
4583 0.1593
4584 2.2003
4585 0.1272
4586 0.1981
4587 0.2695
4588 3.8275
4589 0.1783
4590 0.3669
4591 5.8219
4592 0.6582
4593 1.0698
4594 1.3847
4595 0.1881
4596 0.1754
4597 0.8901
4598 1.1084
4599 3.8217
4600 15.1382
4601 0.6183
4602 0.7788
4603 0.1343
4604 0.2649
4605 0.5781
4606 0.1424
4607 21.9581
4608 0.8379
4609 0.6079
4610 0.3766
4611 0.7881
4612 7.8704
4613 0.6712
4614 0.3056
4615 0.3108
4616 0.9809
4617 1.1275
4618 0.1488
4619 0.2984
4620 1.5955
4621 0.4794
4622 1.4518
4623 2.5074
4624 0.3604
4625 0.7622
4626 0.5365
4627 3.1215
4628 0.1345
4629 0.2843
4630 2.2793
4631 0.1280
4632 0.5780
4633 1.0585
4634 0.5170
4635 0.4190
4636 0.1987
4637 1.5001
4638 0.1113
4639 2.8665
4640 0.3729
4641 0.3619
4642 0.2855
4643 0.3192
4644 0.6960
4645 2.9169
4646 5.9864
4647 0.5610
4648 0.9405
4649 0.3535
4650 3.0506
4651 0.3591
4652 3.3111
4653 0.4416
4654 0.4981
4655 8.3212
4656 0.5084
4657 0.4364
4658 3.1047
4659 2.6949
4660 0.7192
4661 3.1514
4662 2.1082
4663 0.1471
4664 0.8495
4665 0.4184
4666 0.3947
4667 0.4009
4668 0.6486
4669 0.4863
4670 0.1542
4671 0.2767
4672 0.5058
4673 2.6040
4674 4.1506
4675 0.6023
4676 1.2447
4677 0.1622
4678 0.9947
4679 0.4403
4680 2.4546
4681 2.1630
4682 0.5856
4683 0.2882
4684 3.9340
4685 0.2159
4686 0.3023
4687 0.3946
4688 1.8987
4689 0.4736
4690 0.4312
4691 0.1590
4692 1.3546
4693 15.4773
4694 0.3673
4695 1.0901
4696 1.0898
4697 0.3908
4698 0.4692
4699 8.5772
4700 1.3948
4701 3.4323
4702 0.3104
4703 0.1671
4704 0.4937
4705 0.1471
4706 0.7409
4707 0.6327
4708 0.1433
4709 0.4991
4710 1.1975
4711 0.4783
4712 2.5273
4713 0.8719
4714 0.1707
4715 0.2105
4716 1.1821
4717 0.2767
4718 1.0019
4719 1.1790
4720 0.4593
4721 0.2495
4722 1.6626
4723 1.0122
4724 0.1975
4725 0.2609
4726 2.4343
4727 4.0229
4728 0.8481
4729 0.1360
4730 1.3909
4731 0.1389
4732 0.3932
4733 0.1350
4734 1.0333
4735 0.6803
4736 1.0769
4737 0.2139
4738 0.1702
4739 0.2434
4740 0.5939
4741 0.9423
4742 11.3102
4743 1.3261
4744 1.3884
4745 0.2248
4746 1.2630
4747 0.2271
4748 0.2971
4749 1.3096
4750 1.1945
4751 2.3703
4752 0.1348
4753 1.1264
4754 0.1363
4755 5.0426
4756 0.3970
4757 2.2764
4758 0.9194
4759 7.0456
4760 5.5966
4761 9.7947
4762 0.2622
4763 0.2304
4764 0.2849
4765 1.6561
4766 2.8884
4767 3.0114
4768 0.2144
4769 0.2220
4770 0.2708
4771 0.1724
4772 0.9142
4773 0.5280
4774 0.2274
4775 0.1332
4776 0.0960
4777 0.7475
4778 1.7211
4779 0.6758
4780 0.2670
4781 1.1951
4782 0.3066
4783 1.2228
4784 0.2053
4785 0.9763
4786 1.1560
4787 0.2327
4788 0.2477
4789 0.3505
4790 2.2089
4791 0.5670
4792 0.1912
4793 0.7219
4794 0.1554
4795 1.1123
4796 0.7955
4797 0.3300
4798 0.2626
4799 0.3901
4800 0.6138
4801 0.6685
4802 2.2941
4803 1.0696
4804 0.5169
4805 0.4538
4806 1.7447
4807 0.4396
4808 1.0021
4809 0.6112
4810 0.1550
4811 2.7973
4812 0.1111
4813 0.2088
4814 0.7204
4815 0.6567
4816 0.6811
4817 0.1599
4818 0.6295
4819 1.3689
4820 5.1172
4821 0.6520
4822 0.1795
4823 0.8337
4824 4.4479
4825 0.3475
4826 0.3171
4827 2.4981
4828 0.5431
4829 0.3055
4830 2.6783
4831 4.4395
4832 0.3444
4833 0.4904
4834 1.2138
4835 0.4667
4836 0.3293
4837 0.8382
4838 0.8658
4839 0.6967
4840 0.2924
4841 2.5764
4842 5.0840
4843 0.3232
4844 0.8023
4845 0.4958
4846 0.3898
4847 0.2285
4848 0.7592
4849 15.8662
4850 1.2185
4851 0.1561
4852 1.2916
4853 2.0773
4854 0.2439
4855 0.5570
4856 1.2082
4857 0.1377
4858 0.8479
4859 3.5227
4860 0.2741
4861 0.5102
4862 0.1209
4863 0.3529
4864 0.4839
4865 12.2926
4866 2.2438
4867 1.4499
4868 2.8964
4869 1.9842
4870 0.3323
4871 1.4659
4872 0.3213
4873 0.6475
4874 0.5320
4875 0.3030
4876 0.6284
4877 0.5529
4878 0.1196
4879 0.6083
4880 0.9483
4881 0.4529
4882 1.0675
4883 6.2685
4884 0.1269
4885 0.2942
4886 0.1813
4887 0.5156
4888 0.7920
4889 0.3317
4890 0.2115
4891 0.5171
4892 3.4169
4893 0.5054
4894 0.2389
4895 0.9480
4896 0.1331
4897 1.6632
4898 0.2261
4899 0.4572
4900 0.1113
4901 0.8150
4902 0.5967
4903 1.3345
4904 0.1536
4905 0.3779
4906 0.7592
4907 0.1724
4908 0.9807
4909 4.3290
4910 1.1661
4911 4.3172
4912 0.4726
4913 0.3162
4914 0.3059
4915 0.4045
4916 0.9473
4917 0.1611
4918 2.0027
4919 0.3109
4920 0.4436
4921 2.8157
4922 1.8558
4923 2.4402
4924 0.8001
4925 0.1745
4926 0.7280
4927 0.1456
4928 0.2430
4929 0.1478
4930 3.2901
4931 0.2395
4932 3.2164
4933 0.8193
4934 0.1280
4935 1.0536
4936 1.7263
4937 0.2556
4938 0.8642
4939 0.3458
4940 9.1761
4941 0.5893
4942 1.2578
4943 0.2503
4944 0.4345
4945 0.9573
4946 0.1339
4947 0.4861
4948 0.6210
4949 0.1943
4950 0.2212
4951 1.8412
4952 7.2876
4953 0.6346
4954 1.8428
4955 0.2690
4956 0.1862
4957 0.3292
4958 0.5369
4959 1.7124
4960 0.7607
4961 0.2403
4962 0.3739
4963 1.8494
4964 21.8736
4965 0.6692
4966 0.1952
4967 0.3653
4968 2.1301
4969 2.0778
4970 0.3403
4971 0.8860
4972 0.2026
4973 3.2821
4974   NaN
4975 8.2083
4976 0.1649
4977 0.3636
4978 0.1842
4979 0.5924
4980 1.0177
4981 0.0943
4982 0.6959
4983 1.0593
4984 0.4593
4985 0.8746
4986 0.1879
4987 3.2550
4988 0.3409
4989 1.2288
4990 4.5538
4991 0.4159
4992 1.0011
4993 0.8430
4994 3.1419
4995 0.7803
4996 0.1368
4997 0.9257
4998 0.8734
4999 0.3078
5000 6.1983
