   1 0.1019
   2 0.2422
   3 0.3382
   4 9.1553
   5 0.2696
   6 0.1693
   7 0.4677
   8 0.2478
   9 0.5873
  10 0.2335
  11 0.0858
  12 0.7345
  13 1.8301
  14 0.6750
  15 0.1694
  16 0.2332
  17 0.2888
  18 0.9514
  19 1.1516
  20 1.4842
  21 0.5788
  22 0.4760
  23 0.2985
  24 0.6561
  25 0.2313
  26 0.2570
  27 0.1999
  28 0.3046
  29 10.7977
  30 0.4232
  31 0.8216
  32 0.1126
  33 0.1569
  34 0.0871
  35   NaN
  36 0.6223
  37 27.3034
  38 0.4292
  39 0.1372
  40 0.2919
  41 0.3115
  42 0.2354
  43 0.5523
  44 2.3572
  45 0.4327
  46 0.6958
  47 0.1083
  48 0.1741
  49 0.0606
  50 0.2872
  51 0.1498
  52 0.1778
  53 0.2934
  54 1.1649
  55 0.3503
  56 0.1439
  57 0.1942
  58 0.9557
  59 0.8896
  60 0.2247
  61 1.2388
  62 0.7849
  63 0.3453
  64 0.2365
  65 1.0660
  66 0.6816
  67 0.4660
  68 0.4125
  69 0.2593
  70 0.1525
  71 0.2427
  72 0.3773
  73 0.1600
  74 3.2400
  75 0.2100
  76 0.3297
  77 0.1948
  78 0.2222
  79 1.8947
  80 1.2030
  81 3.5693
  82 1.2761
  83 0.0741
  84 0.5369
  85 2.4594
  86 0.2964
  87 0.9178
  88 0.2823
  89 0.2934
  90 0.1501
  91 0.2464
  92 0.2194
  93 0.0753
  94 0.4382
  95 0.8916
  96 0.2070
  97 0.4508
  98 0.1272
  99 0.8433
 100 0.4598
 101 0.7844
 102 0.2409
 103 0.0665
 104 0.4581
 105 0.3132
 106 1.0243
 107 0.3524
 108 0.2152
 109 0.4157
 110 0.3705
 111 0.6562
 112 0.5841
 113 0.2907
 114 0.3362
 115 0.7266
 116 0.0921
 117 0.6084
 118 0.2208
 119 1.4908
 120 0.2123
 121 0.3473
 122 0.5857
 123 0.2499
 124 0.1674
 125 0.2578
 126 0.1129
 127 0.0639
 128 0.1749
 129 0.2734
 130 0.2577
 131 0.3286
 132 0.3222
 133 0.9406
 134 0.2538
 135 0.7309
 136 0.3297
 137 0.0813
 138 0.8452
 139 0.0819
 140 0.5886
 141 0.4439
 142 0.1063
 143 0.2234
 144 0.1485
 145 1.1664
 146 0.2077
 147 0.3897
 148 0.2426
 149 2.3457
 150 0.1200
 151 0.4067
 152 1.2534
 153 0.1443
 154 0.2265
 155 0.7873
 156 3.4988
 157 0.2708
 158 2.5152
 159 0.5324
 160 0.4415
 161 0.1229
 162 0.1000
 163 0.2566
 164 2.0710
 165 0.3778
 166 0.3714
 167 4.3813
 168 0.7429
 169 1.1007
 170 2.3018
 171 1.7946
 172 0.2892
 173 1.9302
 174 0.1795
 175 0.4008
 176 0.4472
 177 0.0937
 178 0.1954
 179 0.8796
 180 1.2594
 181 0.3231
 182 0.2981
 183 0.2012
 184 0.9319
 185 1.4247
 186 1.3394
 187 0.1793
 188 0.2123
 189 0.7725
 190 0.8048
 191 0.2041
 192 0.1245
 193 0.5974
 194 0.2015
 195 0.1254
 196 0.2460
 197 0.8330
 198 0.6757
 199 0.2325
 200 0.2207
 201 0.8512
 202 0.1130
 203 0.6657
 204 0.9997
 205 0.1423
 206 0.2477
 207 0.2689
 208 5.5538
 209 0.2449
 210 0.4306
 211 0.1492
 212 0.2036
 213 0.4212
 214 0.4100
 215 0.1617
 216 8.9712
 217 1.1185
 218 0.1831
 219 0.1051
 220 1.1354
 221 0.2666
 222 0.2191
 223 0.2513
 224 0.2624
 225 0.1460
 226 0.1134
 227 1.1103
 228 1.2148
 229 0.3763
 230 0.1699
 231 0.7945
 232 0.1403
 233 0.3342
 234 0.4507
 235 0.2242
 236 0.4210
 237 0.1555
 238 0.2968
 239 2.7998
 240 0.3210
 241 0.3456
 242 5.5794
 243 0.2434
 244 0.9729
 245 0.2242
 246 0.2410
 247 0.3546
 248 0.3360
 249 1.1047
 250 0.5999
 251 1.5577
 252 1.7918
 253 0.4127
 254 0.2373
 255 0.8211
 256 0.2379
 257 0.4931
 258 0.2421
 259 0.5884
 260 0.3382
 261 0.0761
 262 0.1461
 263 0.1907
 264 3.1645
 265 0.3364
 266 3.1523
 267 0.2320
 268 1.9493
 269 0.8474
 270 0.3269
 271 0.6957
 272 0.5528
 273 1.4119
 274 0.1539
 275 3.2121
 276 0.1998
 277 0.2780
 278 0.4442
 279 0.0772
 280 0.3625
 281 0.9871
 282 0.3400
 283 7.7861
 284 0.8269
 285 0.2159
 286 0.9072
 287 0.3258
 288 0.5612
 289 1.0841
 290 0.5637
 291 0.7352
 292 0.5525
 293 2.8003
 294 0.0953
 295 0.6012
 296 0.2030
 297 0.4906
 298 0.3526
 299 0.5693
 300 0.3349
 301 0.2420
 302 0.7425
 303 0.0930
 304 0.3191
 305 0.4446
 306 0.6857
 307 0.7372
 308 4.1841
 309 0.4190
 310 0.0882
 311 0.9106
 312 0.2730
 313 0.8881
 314 0.1922
 315 0.2765
 316 0.2688
 317 0.5472
 318 1.1168
 319 0.5758
 320 0.6755
 321 0.3529
 322 0.2004
 323 0.3930
 324 2.1236
 325 2.3325
 326 1.3670
 327 0.2970
 328 0.5118
 329 0.2976
 330 0.9611
 331 0.2026
 332 0.2286
 333 0.0895
 334 0.2033
 335 0.2189
 336 1.8032
 337 6.0408
 338 1.0494
 339 2.4124
 340 0.2131
 341 0.5713
 342 0.2616
 343 1.5386
 344 1.5832
 345 0.6231
 346 0.4683
 347 0.3868
 348 0.1838
 349 1.7131
 350 0.2248
 351 0.1653
 352 0.8096
 353 2.1417
 354 0.1623
 355 0.1762
 356 0.2693
 357 0.1041
 358 0.1840
 359 0.5356
 360 0.1996
 361 0.2578
 362 0.4005
 363 0.4204
 364 0.9039
 365 0.2036
 366 0.3832
 367 1.6456
 368 0.3421
 369 0.2871
 370 0.1587
 371 2.5409
 372 1.1404
 373 0.1580
 374 0.6051
 375 0.2015
 376 8.1028
 377 0.1796
 378 2.1984
 379 0.1854
 380 0.1000
 381 0.7132
 382 0.2418
 383 0.8518
 384 0.4784
 385 0.4195
 386 1.8721
 387 0.7156
 388 0.1687
 389 0.5731
 390 0.3916
 391 0.0941
 392 1.4848
 393 0.8102
 394 0.4885
 395 0.1667
 396 0.6376
 397 0.5170
 398 2.6085
 399 0.9234
 400 0.1223
 401 0.9622
 402 0.0898
 403 0.4958
 404 0.0744
 405 0.0776
 406 5.0652
 407 0.4335
 408 0.3314
 409 0.5724
 410 2.8011
 411 0.3037
 412 0.0960
 413 0.6385
 414 0.9837
 415 0.3362
 416 0.3595
 417 0.6230
 418 1.7373
 419 0.1649
 420 0.1156
 421 0.7736
 422 0.7433
 423 1.0367
 424 0.3667
 425 0.3230
 426 0.1565
 427 0.1295
 428 0.8225
 429 0.7216
 430 0.1535
 431 0.1422
 432 0.3177
 433 1.2790
 434 0.8245
 435 0.5316
 436 0.5476
 437 0.2088
 438 0.1095
 439 0.6961
 440 0.2772
 441 0.3637
 442 0.9361
 443 1.9379
 444 0.3744
 445 4.2311
 446 0.2126
 447 1.2211
 448 0.1076
 449 1.1127
 450 2.8682
 451 0.6205
 452 0.2273
 453 3.0721
 454 0.2804
 455 1.3497
 456 0.7151
 457 1.7380
 458 1.1366
 459 0.8764
 460 0.3380
 461 0.8697
 462 0.2349
 463 0.2205
 464 0.7123
 465 4.6947
 466 0.5936
 467 0.3067
 468 1.2361
 469 0.4970
 470 1.2175
 471 0.2922
 472 0.5195
 473 0.4780
 474 0.4260
 475 1.1823
 476 1.3596
 477 0.3098
 478 0.9978
 479 0.3135
 480 1.0038
 481 0.6478
 482 0.1763
 483 2.2647
 484 0.9770
 485 3.1861
 486 0.2754
 487 0.2756
 488 1.0626
 489 0.3136
 490 0.4244
 491 0.6798
 492 0.1913
 493 0.1309
 494 0.1653
 495 0.6754
 496 0.3342
 497 0.2605
 498 0.7742
 499 0.2909
 500 0.1875
 501 0.2345
 502 0.1408
 503 0.1650
 504 1.9669
 505 0.3143
 506 0.7026
 507 0.5252
 508 0.0812
 509 0.6812
 510 0.6567
 511 0.1195
 512 0.5094
 513 2.1772
 514 0.8750
 515 0.2856
 516 0.9469
 517 0.9759
 518 0.1793
 519 1.8216
 520 0.5274
 521 0.3183
 522 0.1815
 523 0.6724
 524 0.1910
 525 0.5278
 526 0.2996
 527 0.2781
 528 0.8777
 529 0.3091
 530 0.3392
 531 15.4550
 532 1.4261
 533 2.3843
 534 0.1635
 535 2.2562
 536 0.0920
 537 1.0450
 538 0.1843
 539 0.2525
 540 0.2099
 541 1.6746
 542 0.5122
 543 2.0454
 544 0.2269
 545 0.2856
 546 0.2991
 547 0.1744
 548 0.9755
 549 0.6120
 550 0.8610
 551 0.4730
 552 0.7182
 553 0.1020
 554 0.3667
 555 0.1036
 556 0.1140
 557 0.4892
 558 0.3418
 559 0.1740
 560 0.2393
 561 0.2784
 562 0.1106
 563 4.5381
 564 0.7011
 565 4.9496
 566 0.8139
 567 0.1346
 568 0.3240
 569 1.0044
 570 0.0686
 571 0.1525
 572 0.2324
 573 0.9011
 574 0.2324
 575 0.2028
 576 0.2808
 577 0.3155
 578 0.2594
 579 0.3322
 580 0.4327
 581 1.0213
 582 0.6000
 583 0.4653
 584 0.9713
 585 0.6651
 586 0.2026
 587 0.7064
 588 0.6460
 589 0.1809
 590 0.4036
 591 0.1484
 592 1.0167
 593 0.2213
 594 0.2057
 595 0.0603
 596 1.0166
 597 0.7026
 598 0.7143
 599 0.4576
 600 0.4790
 601 0.2075
 602 0.9380
 603 0.6833
 604 1.0190
 605 0.5886
 606 0.5848
 607 0.4226
 608 0.2038
 609 0.3380
 610 3.4193
 611 0.5111
 612 0.1093
 613 0.0675
 614 0.0956
 615 0.1892
 616 2.4599
 617 0.1711
 618 0.1402
 619 2.0519
 620 0.8052
 621 0.1671
 622 0.3653
 623 0.1397
 624 1.7983
 625 0.2727
 626 0.1857
 627 0.3433
 628 0.3486
 629 1.3156
 630 0.1103
 631 0.1342
 632 0.3356
 633 2.0780
 634   NaN
 635 0.4741
 636 0.2144
 637 0.1899
 638 0.3575
 639 3.3435
 640 0.1997
 641 0.2969
 642 0.1313
 643 0.3483
 644 0.2055
 645 1.6719
 646 0.2071
 647 0.2928
 648 0.4005
 649 0.0877
 650 10.5745
 651 5.1988
 652 0.5404
 653 0.1802
 654 0.6791
 655 0.3069
 656 0.3074
 657 1.2658
 658 0.2562
 659 0.3442
 660 0.7542
 661 0.1745
 662 0.2741
 663 2.1519
 664 0.2253
 665 0.2165
 666 0.7633
 667 0.1037
 668 0.4938
 669 0.3195
 670 2.7713
 671 0.4627
 672 0.3225
 673 0.2849
 674 0.8177
 675 0.3054
 676 0.2689
 677 1.7746
 678 1.0873
 679 0.4278
 680 0.2074
 681 0.7074
 682 0.5892
 683 0.8049
 684 0.6207
 685 0.0893
 686 0.0672
 687 0.1106
 688 0.3003
 689 2.0481
 690 1.3342
 691 0.3853
 692 0.1015
 693 0.2034
 694 2.8045
 695 0.9707
 696 0.6268
 697 0.3653
 698 0.2374
 699 0.2757
 700 2.9079
 701 0.9166
 702 0.2788
 703 0.6830
 704 1.0453
 705 0.8639
 706 0.2147
 707 0.6599
 708 0.4476
 709 1.2924
 710 0.5219
 711 0.3197
 712 1.3426
 713 0.4197
 714 0.0819
 715 0.2042
 716 13.2188
 717 0.4533
 718 1.3110
 719 0.6045
 720 0.7247
 721 0.0862
 722 0.1709
 723 0.1000
 724 0.1175
 725 0.1417
 726 0.2380
 727 0.3218
 728 0.1630
 729 1.9850
 730 0.6671
 731 1.0048
 732 0.3828
 733 1.0789
 734 0.9118
 735 0.5247
 736 0.8884
 737 0.3968
 738 0.7914
 739 0.2660
 740 0.8643
 741 1.0720
 742 5.6342
 743 0.2286
 744 0.0995
 745 0.2293
 746 1.1212
 747 0.3879
 748 1.0419
 749 0.2665
 750 0.2846
 751 12.0465
 752 0.0855
 753 0.3792
 754 0.5101
 755 1.4700
 756 0.2674
 757 2.9901
 758 0.0872
 759 1.4907
 760 0.1972
 761 0.5131
 762 0.2719
 763 3.4793
 764 2.2741
 765 0.5515
 766 0.3032
 767 0.2247
 768 0.1774
 769 0.6755
 770 0.4060
 771 0.2704
 772 0.1985
 773 0.2512
 774 0.6320
 775 6.8901
 776 0.2041
 777 5.0150
 778 0.1868
 779 6.5683
 780 0.3051
 781 0.1858
 782 6.5291
 783 1.3556
 784 0.3113
 785 0.1593
 786 1.5007
 787 0.8657
 788 0.6503
 789 1.7201
 790 0.0693
 791 1.0103
 792 0.2382
 793 0.1951
 794 2.1127
 795 1.4489
 796 0.2516
 797 0.5384
 798 0.4217
 799 0.2407
 800 0.3929
 801 0.1694
 802 0.1312
 803 0.6315
 804 0.2414
 805 0.6554
 806 0.4631
 807 0.1702
 808 0.2936
 809 0.7189
 810 0.1199
 811 0.1509
 812 0.8688
 813 0.7841
 814 1.4299
 815 0.1708
 816 0.1807
 817 2.4727
 818 0.0964
 819 1.0526
 820 0.2095
 821 0.1159
 822 0.1500
 823 0.4388
 824 0.3194
 825 0.2790
 826 1.6637
 827 0.4527
 828 18.4013
 829 0.1578
 830 1.1556
 831 2.1397
 832 0.8455
 833 0.3712
 834 0.3484
 835 0.2451
 836 0.5559
 837 0.8103
 838 0.3020
 839 0.3101
 840 0.5990
 841 0.8211
 842 0.6959
 843 0.1740
 844 0.2656
 845 0.1391
 846 0.3142
 847 14.0474
 848 1.7194
 849 1.0436
 850 0.5629
 851 0.3520
 852 1.2124
 853 0.2391
 854 0.1111
 855 0.2054
 856 1.0015
 857 0.2351
 858 0.5598
 859 0.8189
 860 0.2035
 861 0.0948
 862 0.3223
 863 0.3160
 864 0.9752
 865 0.1017
 866 0.5617
 867 0.1156
 868 0.1977
 869 0.2988
 870 0.3449
 871 0.2119
 872 0.6022
 873 0.5386
 874 0.8974
 875 0.9604
 876 0.6991
 877 0.6699
 878 0.2747
 879 1.1699
 880 0.2105
 881 0.2327
 882 0.6947
 883 4.2254
 884 0.3357
 885 0.1370
 886 1.1028
 887 0.2013
 888 0.1060
 889 0.9320
 890 0.3313
 891 0.1030
 892 0.2455
 893 0.5188
 894 0.8069
 895 0.1547
 896 3.2732
 897 0.1445
 898 0.1201
 899 0.3159
 900 0.1556
 901 0.7290
 902 0.3019
 903 1.5253
 904 0.3594
 905 0.0881
 906 0.3519
 907 1.5890
 908 0.2705
 909 1.3693
 910 0.2863
 911 0.2112
 912 0.0881
 913 2.3393
 914 0.0851
 915 0.3741
 916 0.8970
 917 0.4502
 918 0.4860
 919 0.1431
 920 0.3605
 921 0.2222
 922 0.3591
 923 0.0819
 924 2.1198
 925 0.2525
 926 0.4374
 927 0.2326
 928 0.2254
 929 0.4086
 930 0.5220
 931 0.2176
 932 0.9804
 933 0.1850
 934 1.5053
 935 0.2050
 936 0.3336
 937 0.3303
 938 0.0877
 939 1.3209
 940 0.9952
 941 0.1751
 942 1.5760
 943 0.2377
 944 0.2835
 945 0.2809
 946 0.5056
 947 1.1080
 948 0.1567
 949 0.1188
 950 0.3750
 951 0.6611
 952 0.2058
 953 0.1536
 954 0.2364
 955 0.9206
 956 0.1552
 957 6.4244
 958 1.9562
 959 0.2271
 960 0.3023
 961 0.2584
 962 0.1004
 963 0.3431
 964 0.5849
 965 0.2471
 966 0.1103
 967 1.0364
 968 2.0160
 969 0.4104
 970 0.2399
 971 0.2362
 972 0.1969
 973 1.0668
 974 0.9954
 975 0.8652
 976 0.1899
 977 0.1374
 978 0.2885
 979 0.1893
 980 0.3544
 981 0.8110
 982 0.3658
 983 5.4449
 984 0.2050
 985 0.3171
 986 0.2016
 987 0.1611
 988 0.6225
 989 0.8131
 990 2.5007
 991 0.1975
 992 0.1504
 993 0.2713
 994 0.6485
 995 0.1638
 996 0.8215
 997 1.6399
 998 1.1724
 999 0.2099
1000 0.4798
1001 0.4690
1002 0.2753
1003 0.6476
1004 0.1550
1005 0.0764
1006 0.5434
1007 0.7511
1008 0.2816
1009 0.2523
1010 1.0092
1011 0.9026
1012 0.2019
1013 1.0356
1014 1.1480
1015 0.2953
1016 0.6461
1017 0.1765
1018 0.5331
1019 1.0463
1020 0.7983
1021 0.1965
1022 0.4891
1023 5.3117
1024 0.3417
1025 0.3702
1026 0.5762
1027 0.1930
1028 1.0725
1029 2.2688
1030 0.2674
1031 1.6924
1032 0.9743
1033 0.1579
1034 0.5763
1035 0.7846
1036 0.1900
1037 0.5136
1038 0.4669
1039 0.6061
1040 0.3975
1041 0.3629
1042 0.4876
1043 0.5193
1044 0.5334
1045 1.2059
1046 1.9219
1047 1.0388
1048 0.6363
1049 1.8355
1050 0.1836
1051 0.5066
1052 0.2137
1053 0.2463
1054 0.1781
1055 0.6895
1056 0.7644
1057 0.2696
1058 0.3921
1059 0.1331
1060 1.0751
1061 0.7509
1062 0.3814
1063 0.3352
1064 0.4394
1065 0.2063
1066 0.0949
1067 0.9493
1068 0.8743
1069 0.5713
1070 0.4046
1071 1.0094
1072 0.4690
1073 1.0273
1074 4.0635
1075 0.4168
1076 3.0260
1077 0.0713
1078 1.1307
1079 0.5598
1080 0.6282
1081 0.1184
1082 0.5862
1083 2.1778
1084 0.3343
1085 1.0524
1086 0.4665
1087 0.5897
1088 0.6759
1089 0.7803
1090 0.2299
1091 1.1859
1092 0.1111
1093 0.2430
1094 0.6307
1095 0.3153
1096 0.1315
1097 0.0892
1098 0.1373
1099 0.3698
1100 0.7487
1101 1.1044
1102 0.6995
1103 0.2880
1104 11.1751
1105 0.2509
1106 0.2417
1107 0.9197
1108 1.0927
1109 0.8055
1110 1.1371
1111 0.1573
1112 0.6503
1113 0.4174
1114 0.5074
1115 0.3032
1116 1.1863
1117 0.1011
1118 0.9269
1119 0.8499
1120 0.4677
1121 0.4856
1122 0.3242
1123 0.2248
1124 0.0876
1125 0.1777
1126 0.1972
1127 0.3895
1128 0.1713
1129 0.4817
1130 0.6786
1131 0.4283
1132 0.7321
1133 0.1922
1134 1.6133
1135 0.0786
1136 5.3873
1137 0.3035
1138 1.1864
1139 0.6961
1140 0.3060
1141 0.1732
1142 0.3343
1143 0.3845
1144 0.2691
1145 0.1754
1146 0.2041
1147 0.0815
1148 0.7729
1149 1.0091
1150 0.7713
1151 0.2520
1152 0.7580
1153 0.3882
1154 0.6618
1155 0.1074
1156 0.1851
1157 0.1163
1158 0.1911
1159 0.7919
1160 0.1977
1161 0.6689
1162 0.4870
1163 0.4913
1164 1.8029
1165 0.2116
1166 0.7888
1167 0.2538
1168 0.0645
1169 0.3490
1170 0.2216
1171 0.4758
1172 0.1736
1173 0.3490
1174 0.9775
1175 0.2441
1176 0.1765
1177 0.3601
1178 0.1761
1179 0.1844
1180 0.2307
1181 1.0178
1182 0.1177
1183 0.2181
1184 0.3066
1185 1.1213
1186 1.1057
1187 0.4800
1188 0.3037
1189 0.1758
1190 0.2842
1191 0.2970
1192 0.3522
1193 0.9054
1194 1.2708
1195 0.2743
1196 0.2451
1197 0.9150
1198 2.4348
1199 0.4832
1200 0.2791
1201 0.8548
1202 0.8508
1203 0.2108
1204 0.2078
1205 0.0735
1206 0.2747
1207 0.7639
1208 0.3427
1209 0.2577
1210 0.6368
1211 0.1721
1212 0.8859
1213 0.3578
1214 0.5127
1215 2.0525
1216 3.0507
1217 0.2269
1218 0.3261
1219 0.4788
1220 0.5160
1221 0.2746
1222 0.6302
1223 1.3144
1224 0.4548
1225 0.3817
1226 0.9639
1227 0.1239
1228 0.2215
1229 0.3048
1230 3.7755
1231 1.0826
1232 0.6744
1233 0.0909
1234 0.1689
1235 1.5307
1236 0.3644
1237 1.4583
1238 0.2186
1239 0.2721
1240 2.2799
1241 0.3905
1242 0.2142
1243 0.2356
1244 6.4055
1245 0.2219
1246 0.4291
1247 6.1903
1248 0.8623
1249 0.4184
1250 0.1424
1251 0.2278
1252 2.8325
1253 0.4524
1254 0.8774
1255 0.0755
1256 0.6018
1257 0.5135
1258 0.3546
1259 0.2850
1260 1.9822
1261 1.3659
1262 0.1900
1263 0.2397
1264 4.4260
1265 1.7743
1266 0.5358
1267 0.4289
1268 0.4334
1269 0.0906
1270 5.3035
1271 2.4597
1272 0.7512
1273 0.2443
1274 0.6959
1275 3.9535
1276 0.8192
1277 0.5871
1278 0.3804
1279 0.4633
1280 0.4617
1281 0.5893
1282 0.2189
1283 0.1540
1284 0.5889
1285 0.2398
1286 0.3414
1287 0.1034
1288 1.1767
1289 0.1796
1290 0.2081
1291 6.3209
1292 0.3946
1293 0.1748
1294 0.9852
1295 0.4560
1296 0.1616
1297 0.6029
1298 0.1153
1299 0.5531
1300 0.3824
1301 0.1917
1302 0.5330
1303 0.3791
1304 1.6186
1305 1.1197
1306 1.1576
1307 0.6689
1308 0.6542
1309 0.2618
1310 4.8670
1311 0.0811
1312 0.2165
1313 1.1543
1314 1.1110
1315 0.2135
1316 0.9130
1317 0.1417
1318 1.0753
1319 0.1531
1320 0.2221
1321 0.5043
1322 0.0712
1323 0.6544
1324 0.1704
1325 0.2409
1326 0.3278
1327 0.6743
1328 1.2230
1329 0.1255
1330 0.1013
1331 2.4873
1332 2.1493
1333 0.2502
1334 0.4364
1335 0.2428
1336 0.3873
1337 0.7331
1338 1.5197
1339 0.2091
1340 0.3080
1341 0.0986
1342 0.3129
1343 0.0939
1344 0.1462
1345 0.3128
1346 0.2315
1347 0.7165
1348 0.5157
1349 0.2168
1350 1.4171
1351 0.1005
1352 0.5103
1353 0.1264
1354 0.1163
1355 0.3803
1356 3.5701
1357 0.2035
1358 0.3395
1359 0.8402
1360 0.1797
1361 0.5695
1362 2.6824
1363 0.6572
1364 0.4721
1365 0.3368
1366 2.1108
1367 0.2989
1368 3.6078
1369 0.9304
1370 0.3309
1371 0.0949
1372 1.3875
1373 0.4234
1374 1.1020
1375 0.0899
1376 0.2819
1377 0.1293
1378 1.1923
1379 0.3677
1380 0.3514
1381 2.6745
1382 0.3734
1383 0.1444
1384 0.4788
1385 2.6437
1386 0.5491
1387 0.1482
1388 0.2390
1389 1.0127
1390 0.2480
1391 0.1704
1392 0.9368
1393 0.1237
1394 0.3007
1395 0.5097
1396 0.2676
1397 0.2379
1398 0.2403
1399 0.2853
1400 0.8956
1401 0.5083
1402 0.1621
1403 0.6140
1404 1.0524
1405 0.2850
1406 1.8071
1407 0.1116
1408 0.7704
1409 1.4653
1410 0.5710
1411 0.2017
1412 0.1565
1413 0.2985
1414 1.9537
1415 0.0849
1416 6.3992
1417 0.3267
1418 0.2827
1419 0.1056
1420 1.5328
1421 0.1906
1422 0.4469
1423 2.2164
1424 3.6988
1425 1.3414
1426 0.4651
1427 0.2821
1428 0.9327
1429 0.2108
1430 0.3442
1431 0.7673
1432 0.0911
1433 0.9170
1434 0.6990
1435 4.4396
1436 0.0602
1437 0.3332
1438 1.0525
1439 2.0444
1440 0.8788
1441 0.4265
1442 0.9654
1443 0.5248
1444 0.9117
1445 0.3151
1446 0.7238
1447 0.2770
1448 0.2123
1449 1.1130
1450 2.8181
1451 1.0901
1452 0.9019
1453 0.3616
1454 1.8859
1455 0.3803
1456 0.3411
1457 0.5523
1458 1.0716
1459 0.5455
1460 2.0119
1461 0.5293
1462 0.2978
1463 0.2607
1464 0.1717
1465 0.8384
1466 0.1677
1467 0.3166
1468 0.3414
1469 0.1392
1470 0.1284
1471 1.1636
1472 0.1899
1473 0.5580
1474 0.8690
1475 0.0818
1476 0.6327
1477 1.3588
1478 0.9450
1479 0.3818
1480 0.9385
1481 2.0203
1482 0.9106
1483 1.0539
1484 0.2044
1485 0.0854
1486 0.3816
1487 0.3249
1488 2.8760
1489 0.7904
1490 0.4362
1491 0.4977
1492 0.0976
1493 2.3982
1494 0.2495
1495 0.2885
1496 0.1193
1497 0.1812
1498 2.3085
1499 0.4172
1500 3.4643
1501 0.1918
1502 2.9890
1503 0.5232
1504 0.4595
1505 1.9866
1506 0.2037
1507 0.2140
1508 0.9938
1509 0.7926
1510 16.0539
1511 0.1810
1512 2.3366
1513 0.3805
1514 0.2951
1515 0.3258
1516 0.1757
1517 0.1278
1518 0.2735
1519 0.3031
1520 3.0855
1521 0.5127
1522 1.6215
1523 0.7897
1524 0.3716
1525 0.6890
1526 0.1189
1527 3.6332
1528 0.8525
1529 0.4649
1530 0.2047
1531 0.0885
1532 1.1935
1533 0.1406
1534 0.3901
1535 0.1257
1536 0.4710
1537 0.6221
1538 0.2671
1539 0.2227
1540 0.6733
1541 0.0884
1542 0.1577
1543 0.3307
1544 0.0931
1545 0.2304
1546 0.7232
1547 0.1363
1548 1.1519
1549 0.1708
1550 0.6076
1551 1.2511
1552 0.1343
1553 0.0782
1554 0.6957
1555 0.1470
1556 0.2061
1557 0.2170
1558 0.4277
1559 0.2530
1560 1.1834
1561 1.3495
1562 0.4737
1563 2.3765
1564 0.2116
1565 0.3028
1566 0.3002
1567 0.1574
1568 0.1548
1569 2.4207
1570 0.7898
1571 0.1850
1572 0.5559
1573 0.1723
1574 0.3332
1575 0.2544
1576 0.2711
1577 0.2705
1578 1.9308
1579 6.2872
1580 0.0908
1581 2.9409
1582 0.1202
1583 0.0842
1584 0.1557
1585 0.3891
1586 3.7085
1587 0.8489
1588 0.5161
1589 0.2987
1590 0.0785
1591 0.1808
1592 0.2381
1593 0.2926
1594 0.1737
1595 0.2635
1596 4.0686
1597 0.4109
1598 1.8026
1599 0.7962
1600 0.1456
1601 0.4297
1602 0.1859
1603 0.0821
1604 0.2298
1605 0.0936
1606 3.6216
1607 0.4231
1608 0.2788
1609 0.1139
1610 0.2724
1611 0.4289
1612 0.3561
1613 0.8247
1614 0.6967
1615 0.1141
1616 0.1237
1617 0.3285
1618 0.2674
1619 0.2875
1620 0.9754
1621 0.4579
1622 0.2966
1623 0.2701
1624 0.1977
1625 1.2135
1626 0.4891
1627 0.3576
1628 0.1617
1629 2.5929
1630 0.5849
1631 0.5173
1632 0.3242
1633 0.6653
1634 1.0650
1635 0.1742
1636 0.2450
1637 3.1914
1638 0.8712
1639 0.1105
1640 0.4107
1641 0.6563
1642 0.1791
1643 1.4367
1644 1.0999
1645 0.0952
1646 0.1022
1647 0.2497
1648 0.7710
1649 1.4907
1650 0.2595
1651 0.5237
1652 0.6733
1653 0.1776
1654 0.8488
1655 0.3285
1656 0.1160
1657 0.1447
1658 0.5421
1659 1.3150
1660 0.2960
1661 0.4776
1662 0.3689
1663 0.3668
1664 3.6970
1665 1.2204
1666 1.5520
1667 0.2316
1668 2.4720
1669 0.2019
1670 0.1079
1671 0.2486
1672 0.1952
1673 1.6743
1674 1.7522
1675 1.6989
1676 0.1307
1677 0.9748
1678 0.2993
1679 0.5815
1680 0.2040
1681 0.1606
1682 1.6393
1683 1.8424
1684 0.2769
1685 0.1684
1686 0.2942
1687 0.0982
1688 0.5129
1689 0.4938
1690 1.0575
1691 0.2073
1692 1.3012
1693 0.2640
1694 0.2079
1695 1.6495
1696 0.3203
1697 5.0505
1698 0.2378
1699 0.3127
1700 0.1333
1701 0.2732
1702 0.1955
1703 0.1226
1704 0.9247
1705 0.2667
1706 0.6495
1707 0.4071
1708 0.7818
1709 0.1667
1710 0.1407
1711 2.7191
1712 0.1906
1713 0.1422
1714 0.3107
1715 3.3897
1716 0.1309
1717 5.6992
1718 0.2430
1719 1.2330
1720 0.1672
1721 2.0714
1722 1.7929
1723 0.1729
1724 0.1868
1725 0.4196
1726 1.5730
1727 5.1573
1728 0.4875
1729 0.2577
1730 0.7501
1731 0.2225
1732 0.2964
1733 1.1224
1734 0.3676
1735 1.0833
1736 2.2616
1737 1.2912
1738 3.7730
1739 0.8598
1740 0.2216
1741 0.1222
1742 0.2248
1743 0.3395
1744 0.1803
1745 0.4867
1746 1.9557
1747 0.1347
1748 0.4489
1749 0.9207
1750 0.3007
1751 0.1252
1752 2.5765
1753 0.0835
1754 0.4686
1755 0.7982
1756 0.1633
1757 0.0890
1758 0.9034
1759 1.0666
1760 0.4489
1761 0.0819
1762 0.1499
1763 0.2962
1764 0.4153
1765 0.6985
1766 0.4676
1767 0.3681
1768 0.2236
1769 0.1078
1770 0.4210
1771 0.4408
1772 1.5109
1773 0.2822
1774 1.6989
1775 0.3702
1776 0.1329
1777 0.2601
1778 0.5326
1779 0.1085
1780 0.1591
1781 0.5700
1782 0.5019
1783 1.4471
1784 0.8650
1785 0.6908
1786 0.2741
1787 0.2934
1788 0.6927
1789 0.0950
1790 0.6132
1791 7.2877
1792 0.4201
1793 0.1234
1794 5.2534
1795 0.1344
1796 0.0984
1797 0.3819
1798 1.3669
1799 1.0293
1800 0.6025
1801 0.2759
1802 0.2261
1803 0.5092
1804 0.0972
1805 1.3969
1806 3.4788
1807 0.2596
1808 0.1881
1809 0.3322
1810 0.7071
1811 2.0688
1812 1.3663
1813 0.6777
1814 0.2102
1815 1.1223
1816 0.3647
1817 0.5312
1818 0.3189
1819 0.2312
1820 0.2258
1821 0.2533
1822 0.6140
1823 0.0857
1824 0.1789
1825 0.7085
1826 0.0959
1827 0.1805
1828 1.0910
1829 0.1609
1830 1.7819
1831 0.2340
1832 0.1129
1833 0.1258
1834 0.1487
1835 0.0712
1836 0.6759
1837 1.3060
1838 0.2130
1839 0.1558
1840 0.5770
1841 1.2358
1842 0.3700
1843 3.0492
1844 0.1259
1845 0.8144
1846 0.3915
1847 1.1342
1848 0.4289
1849 0.3631
1850 0.2819
1851 1.3116
1852 0.4523
1853 0.6723
1854 0.3136
1855 0.2075
1856 1.9178
1857 1.3454
1858 0.5019
1859 0.0871
1860 12.6788
1861 0.1390
1862 0.5423
1863 0.2954
1864 0.7256
1865 0.1039
1866 0.3927
1867 0.6953
1868 0.5101
1869 0.2040
1870 0.6677
1871 2.5276
1872 0.7487
1873 0.3174
1874 0.1879
1875 1.3009
1876 0.3446
1877 0.2890
1878 0.0753
1879 0.9083
1880 1.4421
1881 0.1951
1882 0.1502
1883 0.3090
1884 0.8364
1885 0.3465
1886 0.1641
1887 0.1290
1888 0.2243
1889 0.1181
1890 0.5966
1891 0.0801
1892 0.0666
1893 0.5740
1894 0.7827
1895 3.1556
1896 4.8163
1897 0.3376
1898 0.1958
1899 0.1052
1900 0.1115
1901 0.3135
1902 0.0694
1903 0.2359
1904 0.1793
1905 0.1584
1906 0.8755
1907 0.2270
1908 0.9414
1909 1.3388
1910 0.1509
1911 2.4662
1912 0.7671
1913 0.3765
1914 0.6510
1915 0.2848
1916 3.0065
1917 0.6084
1918 0.7303
1919 3.1438
1920 0.4757
1921 1.0872
1922 2.7175
1923 0.5578
1924 0.0827
1925 0.5097
1926 0.4954
1927 0.1597
1928 1.2336
1929 0.0636
1930 0.2923
1931 0.5220
1932 0.4922
1933 0.4015
1934 1.1680
1935 0.3200
1936 2.2960
1937 0.1117
1938 4.9916
1939 0.4563
1940 0.6724
1941 0.0652
1942 0.1190
1943 1.8927
1944 0.1136
1945 0.2732
1946 0.0836
1947 0.2350
1948 0.1866
1949 0.0884
1950 0.0728
1951 1.7634
1952 0.1175
1953 0.1770
1954 0.1186
1955 0.5364
1956 2.2325
1957 1.0549
1958 1.0702
1959 0.7620
1960 0.2228
1961 0.2063
1962 2.4734
1963 0.7805
1964 0.1081
1965 0.1627
1966 0.0877
1967 0.4068
1968 0.1147
1969 0.5543
1970 0.3295
1971 0.5879
1972 0.1188
1973 0.3962
1974 0.1779
1975 0.2404
1976 1.6531
1977 0.2738
1978 0.2608
1979 2.7780
1980 4.5977
1981 0.5343
1982 0.1414
1983 0.2118
1984 0.3712
1985 0.5619
1986 0.5609
1987 0.3775
1988 0.2324
1989 5.7955
1990 0.2393
1991 0.3220
1992 0.9529
1993 1.2208
1994 0.5847
1995 0.2647
1996 0.8419
1997 1.2187
1998 0.8045
1999 0.4080
2000 0.9890
2001 0.2292
2002 0.4719
2003 0.3340
2004 0.4968
2005 0.8514
2006 0.3978
2007 0.7031
2008 0.2506
2009 3.7087
2010 0.1916
2011 0.2355
2012 0.3040
2013 0.9496
2014 0.5504
2015 0.2724
2016 0.1842
2017 0.3281
2018 0.0884
2019 2.5743
2020 1.1026
2021 0.4730
2022 0.4262
2023 2.0447
2024 0.2441
2025 0.4871
2026 1.2207
2027 0.9612
2028 0.6153
2029 0.3886
2030 0.7407
2031 0.1006
2032 0.5409
2033 1.7672
2034 0.7299
2035 0.6541
2036 0.3611
2037 0.1662
2038 0.4056
2039 0.4742
2040 0.4023
2041 0.2697
2042 1.4960
2043 0.6380
2044 0.0967
2045 0.2514
2046 0.5157
2047 0.6781
2048 0.4148
2049 2.2938
2050 2.2080
2051 0.9453
2052 2.2951
2053 0.3726
2054 0.4580
2055 0.1947
2056 0.2649
2057 0.4644
2058 0.5108
2059 0.1585
2060 0.4228
2061 3.5324
2062 0.2864
2063 0.9586
2064 0.1017
2065 0.2568
2066 0.0991
2067 0.2626
2068 0.3217
2069 1.7481
2070 0.1140
2071 2.9422
2072 1.9326
2073 1.2181
2074 0.3628
2075 0.0738
2076 0.3915
2077 0.5750
2078 1.9903
2079 0.4645
2080 0.2058
2081 1.7423
2082 0.0946
2083 0.3559
2084 1.6461
2085 1.4142
2086 0.0821
2087 0.1561
2088 0.1907
2089 0.2735
2090 0.2038
2091 0.1961
2092 0.1742
2093 1.7085
2094 9.0240
2095 0.4600
2096 0.5547
2097 0.0704
2098 0.1869
2099 0.1445
2100 0.2945
2101 0.1798
2102 0.4412
2103 0.2036
2104 0.2027
2105 0.1868
2106 0.2754
2107 3.4157
2108 0.1576
2109 0.1507
2110 0.3510
2111 1.4179
2112 0.1535
2113 0.4365
2114 0.3818
2115 0.4286
2116 0.6598
2117 1.2395
2118 0.2916
2119 1.3684
2120 0.0814
2121 3.0357
2122 1.4000
2123 0.2731
2124 0.4460
2125 0.5698
2126 0.3471
2127 0.1255
2128 0.2153
2129 0.1899
2130 1.3253
2131 0.2309
2132 0.7819
2133 0.1862
2134 0.6901
2135 0.0920
2136 0.2470
2137 0.3762
2138 0.3075
2139 0.3670
2140 1.2937
2141 0.4316
2142 0.2139
2143 0.6148
2144 0.2964
2145 2.0709
2146 2.5248
2147 0.1620
2148 0.1806
2149 0.1072
2150 0.0890
2151 0.1196
2152 0.7549
2153 0.2733
2154 0.3681
2155 0.4772
2156 0.2559
2157 0.3892
2158 0.1711
2159 1.2494
2160 0.1838
2161 1.0185
2162 0.5444
2163 0.2335
2164 0.6755
2165 3.0965
2166 0.3652
2167 0.4204
2168 0.3949
2169 0.2034
2170 0.3383
2171 1.2112
2172 0.4225
2173 0.9123
2174 0.3147
2175 0.6143
2176 1.1870
2177 1.0079
2178 0.3184
2179 0.8313
2180 0.1757
2181 0.2167
2182 1.3437
2183 0.5296
2184 0.2844
2185 0.1802
2186 0.1313
2187 1.4078
2188 0.1899
2189 0.7488
2190 1.2090
2191 1.0882
2192 0.9965
2193 1.1256
2194 0.1009
2195 1.0646
2196 1.4730
2197 0.3330
2198 0.1080
2199 0.4015
2200 0.5218
2201 0.2762
2202 0.4882
2203 0.6288
2204 0.2760
2205 0.4277
2206 0.1724
2207 0.1581
2208 0.2520
2209 0.1229
2210 0.1119
2211 0.1080
2212 0.3814
2213 0.6350
2214 0.1532
2215 0.5680
2216 3.0189
2217 0.4992
2218 1.7536
2219 0.2456
2220 0.1702
2221 0.4940
2222 0.2256
2223 0.8493
2224 3.6507
2225 8.1216
2226 0.2385
2227 0.3307
2228 0.5006
2229 0.1939
2230 1.1437
2231 0.7252
2232 0.1379
2233 0.1325
2234 0.1431
2235 0.2151
2236 0.1092
2237 1.5604
2238 0.2109
2239 6.5530
2240 0.0772
2241 0.4140
2242 0.3796
2243 0.7335
2244 0.5529
2245 0.1062
2246 0.3566
2247 0.7946
2248 0.3657
2249 8.6490
2250 1.1348
2251 1.8703
2252 0.2851
2253 1.9073
2254 0.2996
2255 0.1382
2256 0.9016
2257 0.4333
2258 0.1270
2259 1.8866
2260 0.9825
2261 0.9322
2262 0.9745
2263 0.4551
2264 0.7918
2265 0.6245
2266 0.0771
2267 0.1071
2268 0.8770
2269 1.3200
2270 0.2223
2271 3.0545
2272 0.0730
2273 0.2688
2274 0.6114
2275 0.2380
2276 0.8874
2277 0.3394
2278 0.3592
2279 0.5117
2280 1.3010
2281 0.2498
2282 0.1674
2283 0.9654
2284 0.4272
2285 7.6687
2286 0.8177
2287 2.0692
2288 0.1913
2289 0.1084
2290 0.2714
2291 0.2858
2292 0.5171
2293 1.8946
2294 0.7298
2295 0.1983
2296 0.4198
2297 0.3389
2298 0.3417
2299 4.1531
2300 1.2645
2301 0.6159
2302 0.9596
2303 0.6138
2304 1.6123
2305 0.0912
2306 0.6244
2307 0.0899
2308 0.3826
2309 1.1085
2310 0.1378
2311 0.1668
2312 0.9575
2313 0.1713
2314 0.8811
2315 1.2483
2316 0.1719
2317 0.1673
2318 2.1348
2319 0.4002
2320 0.5404
2321 0.1281
2322 0.1943
2323 0.3989
2324 1.9703
2325 0.3856
2326 0.1383
2327 0.2150
2328 0.1409
2329 0.1163
2330 0.4548
2331 0.1005
2332 0.2039
2333 3.4987
2334 0.6569
2335 0.7955
2336 2.0695
2337 0.4592
2338 1.0357
2339 0.5750
2340 0.1077
2341 0.2783
2342 0.3706
2343 0.4362
2344 0.3159
2345 0.4742
2346 1.7661
2347 0.2541
2348 2.2088
2349 0.1630
2350 5.3877
2351 0.2804
2352 0.5328
2353 0.1938
2354 0.6335
2355 7.0984
2356 0.2517
2357 0.4127
2358 0.3909
2359 2.2609
2360 0.2260
2361 2.2739
2362 1.0484
2363 0.6870
2364 0.1868
2365 0.7299
2366 0.4160
2367 1.8914
2368 0.6730
2369 0.1246
2370 0.0758
2371 0.5561
2372 0.4421
2373 0.0885
2374 0.8268
2375 2.5026
2376 0.2598
2377 0.8114
2378 0.1063
2379 1.0061
2380 0.0959
2381 0.8334
2382 0.7251
2383 0.0883
2384 0.2255
2385 0.1880
2386 0.1121
2387 0.2885
2388 0.5492
2389 1.3239
2390 0.0941
2391 0.2682
2392 0.3799
2393 0.1135
2394 0.8502
2395 0.1796
2396 0.1227
2397 1.0316
2398 0.1734
2399 0.1600
2400 0.0925
2401 0.1683
2402 0.1445
2403 0.3499
2404 1.1306
2405 0.2342
2406 0.1502
2407 0.7641
2408 0.6639
2409 0.2117
2410 0.4612
2411 0.5052
2412 1.0190
2413 0.1894
2414 0.5641
2415 0.4526
2416 0.7118
2417 0.1555
2418 0.2221
2419 0.4007
2420 0.1966
2421 0.7362
2422 1.2311
2423 0.3304
2424 0.6782
2425 0.4821
2426 7.7548
2427 0.3886
2428 0.1544
2429 5.2916
2430 0.1330
2431 0.1654
2432 0.2071
2433 0.2819
2434 0.0903
2435 0.3677
2436 0.7039
2437 2.6392
2438 0.4539
2439 0.4673
2440 0.7689
2441 2.6910
2442 1.0839
2443 0.9817
2444 0.3970
2445 0.3857
2446 0.7955
2447 0.1748
2448 1.2017
2449 1.2240
2450 0.1039
2451 0.2013
2452 0.6160
2453 0.4135
2454 0.3097
2455 0.3812
2456 1.7115
2457 0.1726
2458 0.1346
2459 0.2127
2460 0.9436
2461 1.1019
2462 0.4937
2463 0.7965
2464 0.2990
2465 0.8879
2466 3.2411
2467 0.1937
2468 0.2256
2469 0.1211
2470 0.9706
2471 0.0921
2472 0.1809
2473 5.2860
2474 1.5032
2475 7.0913
2476 0.9333
2477 0.2971
2478 2.7821
2479 1.1742
2480 0.2860
2481 0.9640
2482 0.5978
2483 2.7642
2484 0.3304
2485 0.1938
2486 0.1888
2487 0.1651
2488 2.5590
2489 0.2610
2490 0.2709
2491 0.2156
2492 1.3820
2493 0.2659
2494 1.0930
2495 0.3343
2496 1.5104
2497 0.2924
2498 0.3753
2499 0.0981
2500 0.2144
2501 1.7350
2502 0.3774
2503 0.1634
2504 0.4958
2505 0.4838
2506 2.4290
2507 0.7954
2508 1.5212
2509 0.4789
2510 0.3662
2511 0.5641
2512 0.7559
2513 0.3234
2514 0.2285
2515 0.1630
2516 0.0704
2517 0.1193
2518 0.1152
2519 0.4062
2520 1.4695
2521 2.9088
2522 0.6682
2523 0.1635
2524 0.5858
2525 0.6975
2526 0.1543
2527 2.3004
2528 0.8865
2529 0.0561
2530 0.0654
2531 0.0878
2532 0.4596
2533 0.5475
2534 0.1772
2535 0.9253
2536 0.9188
2537 0.2799
2538 0.3936
2539 0.1381
2540 0.3804
2541 1.3242
2542 1.3421
2543 0.3976
2544 0.1088
2545 0.3846
2546 3.1014
2547 0.9830
2548 0.4484
2549 1.3677
2550 0.4305
2551 0.8135
2552 0.2521
2553 0.1189
2554 0.1339
2555 2.3103
2556 2.9547
2557 0.2066
2558 0.2540
2559 5.2467
2560 0.0934
2561 0.1909
2562 0.5027
2563 0.7940
2564 0.1239
2565 0.2908
2566 1.0328
2567 0.1997
2568 0.1714
2569 0.1241
2570 0.0925
2571 0.7347
2572 0.2144
2573 0.2277
2574 0.1545
2575 0.4244
2576 0.2716
2577 0.3812
2578 0.3849
2579 0.0848
2580 0.5400
2581 3.2930
2582 0.4727
2583 0.2712
2584 0.8801
2585 0.4076
2586 1.0419
2587 0.1947
2588 0.0715
2589 0.3708
2590 0.2691
2591 0.2668
2592 0.3795
2593 0.9994
2594 0.3878
2595 0.1731
2596 1.5484
2597 0.3101
2598 3.7604
2599 0.2967
2600 0.5969
2601 0.2482
2602 0.4546
2603 0.5571
2604 0.2131
2605 0.6732
2606 0.2702
2607 0.1967
2608 0.1256
2609 1.6113
2610 0.9940
2611 0.2610
2612 0.2215
2613 1.1489
2614 0.5669
2615 0.1443
2616 1.4608
2617 16.2031
2618 0.9428
2619 1.2262
2620 0.0929
2621 0.4529
2622 0.3458
2623 0.1212
2624 1.3231
2625 0.1606
2626 0.2911
2627 0.1666
2628 0.2499
2629 0.5658
2630 0.3992
2631 0.4973
2632 0.2004
2633 0.0744
2634 0.1928
2635 0.1250
2636 0.3543
2637 0.2794
2638 2.9925
2639 0.6221
2640 7.6279
2641 1.3319
2642 0.2413
2643 0.5340
2644 0.9504
2645 0.8677
2646 0.2133
2647 0.0929
2648 0.9466
2649 0.1306
2650 0.5107
2651 1.4647
2652 0.7323
2653 0.0915
2654 0.1013
2655 1.3480
2656 0.1145
2657 0.1224
2658 0.3624
2659 0.8549
2660 0.9636
2661 0.3774
2662 0.6741
2663 1.1850
2664 0.7012
2665 0.6391
2666 0.2738
2667 0.5937
2668 1.4239
2669 0.2729
2670 0.0767
2671 0.8836
2672 1.2187
2673 0.4390
2674 0.2770
2675 0.2260
2676 0.4969
2677 0.2970
2678 0.3977
2679 1.2328
2680 0.2447
2681 0.2109
2682 0.1444
2683 0.0762
2684 31.7541
2685 0.2466
2686 0.3281
2687 0.2108
2688 0.2326
2689 0.2149
2690 0.3817
2691 0.4896
2692 0.1907
2693 0.1221
2694 0.1717
2695 0.2258
2696 0.6808
2697 0.3689
2698 0.7889
2699 1.6345
2700 0.2377
2701 0.3354
2702 0.2322
2703 0.4568
2704 0.1748
2705 0.2745
2706 0.7216
2707 0.1622
2708 0.2901
2709 0.3108
2710 0.2864
2711 0.3657
2712 0.5693
2713 1.2922
2714 0.1900
2715 0.8076
2716 0.1390
2717 0.0928
2718 2.6619
2719 0.8479
2720 0.1170
2721 1.7816
2722 0.8547
2723 0.3576
2724 0.1961
2725 0.1815
2726 0.1934
2727 0.3634
2728 0.3751
2729 0.1160
2730 0.2973
2731 0.1352
2732 0.5154
2733 0.1937
2734 0.3658
2735 0.1041
2736 1.4673
2737 0.9780
2738 0.9861
2739 0.4805
2740 0.1738
2741 0.1956
2742 0.6405
2743 0.4304
2744 0.3945
2745 0.1713
2746 0.2783
2747 0.2151
2748 0.1429
2749 0.1671
2750 4.9251
2751 0.9280
2752 0.2720
2753 0.6411
2754 4.4690
2755 0.3660
2756 0.1401
2757 0.9969
2758 0.2898
2759 0.3715
2760 5.4009
2761 0.1851
2762 0.3935
2763 0.1797
2764 0.1464
2765 0.2764
2766 0.5990
2767 0.4113
2768 2.0731
2769 0.8547
2770 0.3598
2771 5.1775
2772 0.4701
2773 2.2255
2774 0.4293
2775 1.3181
2776 1.3826
2777 0.2434
2778 0.1337
2779 7.0947
2780 0.4041
2781 0.1849
2782 9.6967
2783 1.0357
2784 0.5915
2785 0.1633
2786 1.5319
2787 7.2615
2788 0.1269
2789 0.2176
2790 2.5701
2791 0.4035
2792 0.2457
2793 0.3607
2794 0.3737
2795 0.3400
2796 4.1918
2797 0.3042
2798 0.3971
2799 0.1941
2800 0.3509
2801 0.1620
2802 0.1077
2803 0.3399
2804 0.0888
2805 0.9881
2806 0.3790
2807 1.3040
2808 0.6762
2809 0.5146
2810 0.4025
2811 0.1640
2812 0.1515
2813 0.7452
2814 0.1827
2815 0.5953
2816 0.0944
2817 0.3677
2818 0.2418
2819 2.0344
2820 0.0647
2821 0.1267
2822 0.3720
2823 0.4414
2824 0.2081
2825 0.6192
2826 0.2518
2827 0.2496
2828 0.1401
2829 0.1251
2830 0.3707
2831 0.4426
2832 1.2885
2833 1.9350
2834 0.2680
2835 0.2960
2836 0.2359
2837 0.7096
2838 1.0338
2839 0.1998
2840 0.2140
2841 0.1114
2842 0.1675
2843 0.2271
2844 3.3375
2845 0.3409
2846 0.1792
2847 0.6718
2848 1.1540
2849 0.5220
2850 0.2905
2851 0.2945
2852 0.0927
2853 0.5782
2854 0.1089
2855 0.3866
2856 0.2226
2857 0.1946
2858 0.6460
2859 0.5469
2860 0.1942
2861 0.2238
2862 0.8425
2863 0.3350
2864 0.1830
2865 0.3659
2866 0.0769
2867 0.2606
2868 0.8184
2869 0.1287
2870 0.4481
2871 0.3091
2872 2.1820
2873 0.6240
2874 0.3024
2875 1.0120
2876 0.4197
2877 0.7242
2878 0.4594
2879 0.1118
2880 0.8605
2881 0.3472
2882 0.1628
2883 0.3358
2884 0.2796
2885 0.7989
2886 0.6264
2887 0.1781
2888 0.7715
2889 0.1615
2890 0.2509
2891 4.9149
2892 0.2432
2893 0.7992
2894 0.3757
2895 0.5277
2896 0.1334
2897 0.2276
2898 1.3149
2899 1.9428
2900 1.1928
2901 0.4268
2902 0.2142
2903 0.0974
2904 1.0839
2905 2.1865
2906 0.5882
2907 0.0794
2908 2.9698
2909 0.5650
2910 0.1583
2911 0.0794
2912 0.2022
2913 0.4893
2914 0.4873
2915 1.7775
2916 0.3284
2917 0.1685
2918 0.5475
2919 3.4178
2920 0.3547
2921 0.1050
2922 0.4453
2923 0.3177
2924 0.6883
2925 0.1014
2926 0.3313
2927 0.2918
2928 0.8206
2929 0.0975
2930 0.4362
2931 2.1621
2932 0.3414
2933 0.1473
2934 0.1819
2935 7.5577
2936 0.3792
2937 0.0697
2938 0.3331
2939 0.5029
2940 1.1688
2941 0.3979
2942 0.0932
2943 1.4327
2944 1.6413
2945 0.5408
2946   NaN
2947 0.1160
2948 0.1545
2949 0.3703
2950 0.3589
2951 0.3334
2952 0.6948
2953 0.3466
2954 0.8715
2955 0.2482
2956 0.1759
2957 0.4013
2958 0.1037
2959 1.7265
2960 0.1241
2961 0.2393
2962 0.8265
2963 0.4711
2964 0.0856
2965 0.2060
2966 0.7420
2967 0.4838
2968 3.6671
2969 0.1442
2970 0.6016
2971 0.5342
2972 0.4257
2973 0.2376
2974 0.4545
2975 0.2986
2976 0.2035
2977 0.4525
2978 1.3906
2979 0.2573
2980 0.3986
2981 0.8233
2982 0.1532
2983 0.5838
2984 0.1508
2985 0.0694
2986 0.9256
2987 1.1637
2988 0.8048
2989 2.1043
2990 0.1241
2991 0.3791
2992 0.7967
2993 0.3213
2994 0.1407
2995 0.2553
2996 0.3866
2997 0.6445
2998 0.1502
2999 0.2082
3000 0.8048
3001 0.4462
3002 0.2103
3003 0.2158
3004 0.3427
3005 0.5326
3006 0.8634
3007 1.5606
3008 0.2495
3009 0.5506
3010 0.3604
3011 0.2776
3012 0.8793
3013 0.4733
3014 0.5309
3015 1.1415
3016 0.6864
3017 0.8190
3018 0.5766
3019 0.3384
3020 0.4052
3021 0.8243
3022 0.7292
3023 0.2942
3024 0.7583
3025 0.3294
3026 0.2713
3027 0.0679
3028 0.2089
3029 0.0977
3030 0.1618
3031 0.3326
3032 0.1267
3033 1.5898
3034 1.1214
3035 0.2099
3036 1.7208
3037 0.0958
3038 0.8716
3039 0.1765
3040 0.2830
3041 0.1495
3042 0.1028
3043 0.3232
3044 1.3603
3045 0.0870
3046 0.3657
3047 2.1046
3048 0.1852
3049 0.7298
3050 0.2833
3051 0.2287
3052 0.1130
3053 0.1043
3054 3.1347
3055 0.9453
3056 0.1117
3057 0.6372
3058 2.4406
3059 1.1243
3060 0.2237
3061 0.1111
3062 1.2207
3063 1.0745
3064 1.4949
3065 0.5552
3066 0.3589
3067 0.3971
3068 0.8288
3069 0.3965
3070 2.3849
3071 0.6342
3072 0.7986
3073 0.2138
3074 0.3941
3075 0.5158
3076 0.2423
3077 1.2802
3078 1.6945
3079 0.5307
3080 0.0927
3081 0.1862
3082 0.5179
3083 0.3111
3084 0.1726
3085 1.3992
3086 0.1490
3087 0.3944
3088 0.0784
3089 3.1985
3090 0.1475
3091 0.1360
3092 0.1304
3093 0.3835
3094 0.1927
3095 0.0730
3096 0.3281
3097 0.2082
3098 0.4988
3099 0.1653
3100 0.3686
3101 0.9625
3102 0.1040
3103 0.0826
3104 3.6434
3105 0.0679
3106 0.7408
3107 0.2157
3108 7.6718
3109 0.6603
3110 0.6179
3111 0.6990
3112 0.0949
3113 0.1747
3114 0.1988
3115 0.1971
3116 0.2227
3117 0.6644
3118 0.2796
3119 0.1976
3120 0.2486
3121 0.2866
3122 0.4261
3123 0.2213
3124 0.6661
3125 0.6498
3126 1.2514
3127 0.3611
3128 0.1249
3129 0.1413
3130 1.1726
3131 0.1837
3132 1.1249
3133 0.1044
3134 0.1532
3135 0.4066
3136 0.1685
3137 1.0276
3138 0.3369
3139 3.4020
3140 1.2260
3141 0.7799
3142 3.8012
3143 0.1999
3144 0.1418
3145 0.8468
3146 0.0868
3147 0.2760
3148 0.2868
3149 0.6226
3150 0.2597
3151 5.0107
3152 0.1864
3153 0.4861
3154 1.9293
3155 0.6707
3156 0.3111
3157 0.1773
3158 1.4100
3159 0.3742
3160 0.0980
3161 0.5024
3162 0.1582
3163 0.2295
3164 1.2177
3165 1.6364
3166 0.0617
3167 0.2291
3168 0.5646
3169 0.6298
3170 0.9904
3171 0.0905
3172 0.0846
3173 0.2558
3174 0.2240
3175 0.1344
3176 0.8305
3177 0.1054
3178 0.1755
3179 0.6885
3180 1.0277
3181 0.1540
3182 0.5035
3183 0.1600
3184 0.5698
3185 0.3181
3186 0.2240
3187 0.4050
3188 0.3824
3189 0.4033
3190 0.5152
3191 0.1542
3192 1.1164
3193 0.4418
3194 1.1589
3195 0.2383
3196 0.2069
3197 1.0789
3198 0.8051
3199 0.1459
3200 0.2915
3201 0.5766
3202 4.5307
3203 0.4610
3204 0.2243
3205 0.9282
3206 0.4513
3207 0.6493
3208 1.0861
3209 0.1922
3210 0.2717
3211 5.1593
3212 0.1688
3213 0.6147
3214 0.1677
3215 0.3248
3216 0.2290
3217 0.4161
3218 0.1710
3219 0.9161
3220 0.3998
3221 0.4949
3222 0.2070
3223 0.2343
3224 0.5072
3225 0.5752
3226 0.0747
3227 0.2683
3228 0.4990
3229 0.4297
3230 0.5395
3231 0.7962
3232 0.0865
3233 0.3270
3234 0.2661
3235 0.1752
3236 3.3423
3237 0.4648
3238 0.2025
3239 0.1995
3240 3.1428
3241 0.6635
3242 0.3075
3243 0.2906
3244 0.1375
3245 4.9995
3246 0.4387
3247 0.3074
3248 0.3317
3249 0.2608
3250 0.1304
3251 1.4371
3252 0.7457
3253 5.5672
3254 0.2805
3255 0.3563
3256 0.5844
3257 0.6126
3258 1.0619
3259 0.7573
3260 0.0922
3261 0.1793
3262 0.9589
3263 0.6244
3264 0.4848
3265 0.1856
3266 0.2480
3267 0.1866
3268 1.0208
3269 1.1728
3270 0.4395
3271 2.8484
3272 0.0949
3273 0.9783
3274 0.1355
3275 0.2648
3276 0.6989
3277 0.2460
3278 1.1629
3279 0.3026
3280 0.3461
3281 0.4314
3282 5.4944
3283 0.4018
3284 1.2098
3285 0.1158
3286 0.5271
3287 2.0710
3288 0.1671
3289 0.2089
3290 1.5264
3291 0.1622
3292 0.7703
3293 0.3653
3294 0.5225
3295 0.6864
3296 0.8768
3297 1.7078
3298 0.2698
3299 0.1904
3300 0.3138
3301 0.8701
3302 1.2997
3303 0.3113
3304 0.0849
3305 0.5646
3306 0.1728
3307 0.2219
3308 0.4178
3309 0.2206
3310 0.2057
3311 1.7385
3312 0.2733
3313 0.1581
3314 0.1170
3315 0.6619
3316 0.7890
3317 0.3265
3318 0.2746
3319 0.6331
3320 0.2133
3321 0.1035
3322 0.2965
3323 0.2281
3324 0.9769
3325 0.1553
3326 0.6612
3327 1.3696
3328 1.7740
3329 3.1662
3330 0.2624
3331 0.6236
3332 0.2113
3333 0.2760
3334 0.1247
3335 0.0813
3336 0.1036
3337 0.5518
3338 0.4506
3339 1.1162
3340 0.3199
3341 0.0752
3342 0.2964
3343 2.0271
3344 0.1136
3345 0.4653
3346 1.2743
3347 0.0940
3348 0.9066
3349 0.6341
3350 0.9607
3351 0.0960
3352 0.2937
3353 0.2742
3354 0.3603
3355 0.3616
3356 0.3172
3357 0.5809
3358 1.2637
3359 0.4615
3360 2.0998
3361 0.2403
3362 1.6645
3363 0.3624
3364 0.2305
3365 0.3062
3366 3.1143
3367 0.7598
3368 0.5254
3369 0.2058
3370 0.2018
3371 0.3249
3372 0.1912
3373 0.2283
3374 2.0987
3375 1.0401
3376 3.6488
3377 0.9943
3378 0.1225
3379 0.2771
3380 1.3805
3381 0.5180
3382 0.3625
3383 0.5737
3384 0.4119
3385 0.2761
3386 0.1225
3387 0.2675
3388 0.1172
3389 0.6065
3390 0.1102
3391 0.2508
3392 0.1442
3393 0.1394
3394 0.1389
3395 0.5497
3396 0.3611
3397 0.4414
3398 0.2268
3399 0.2386
3400 0.6684
3401 0.5256
3402 0.1681
3403 0.2660
3404 0.2670
3405 0.2929
3406 0.1307
3407 0.1720
3408 0.6786
3409 0.6328
3410 0.0580
3411 1.1858
3412 0.5920
3413 0.3879
3414 1.6474
3415 0.2577
3416 6.3876
3417 0.9591
3418 0.4932
3419 4.3198
3420 0.1070
3421 0.1693
3422 0.4837
3423 1.4315
3424 0.2938
3425 0.2996
3426 1.2537
3427 3.9508
3428 0.3556
3429 1.1987
3430 0.1372
3431 1.2523
3432 0.1330
3433 0.0960
3434 0.2251
3435 0.3759
3436 0.9399
3437 0.3429
3438 0.6860
3439 1.0742
3440 0.2019
3441 1.7160
3442 0.2782
3443 4.9170
3444 0.2650
3445 0.1322
3446 2.2025
3447 0.1482
3448 0.2529
3449 0.6610
3450 0.4637
3451 0.2036
3452 3.1589
3453 2.3319
3454 0.7068
3455 0.2388
3456 1.2793
3457 0.1995
3458 1.2220
3459 0.0883
3460 1.2168
3461 0.1615
3462 0.3096
3463 0.1293
3464 0.1841
3465 0.4168
3466 0.1557
3467 0.2480
3468 0.1508
3469 1.7872
3470 0.6492
3471 5.4986
3472 0.2387
3473 1.1032
3474 13.0443
3475 1.1183
3476 0.3044
3477 0.3453
3478 0.1582
3479 0.2317
3480 0.2495
3481 1.2425
3482 0.3909
3483 1.1744
3484 0.2422
3485 0.1850
3486 0.2375
3487 0.2733
3488 0.7131
3489 0.3791
3490 1.2131
3491 0.2327
3492 1.5657
3493 0.8479
3494 1.8455
3495 2.7500
3496 0.5108
3497 0.1791
3498 0.1069
3499 0.8285
3500 0.9392
3501 0.1553
3502 0.4081
3503 0.2587
3504 2.0986
3505 1.3252
3506 0.5437
3507 0.2575
3508 0.7631
3509 3.1216
3510 0.6836
3511 0.1777
3512 0.2465
3513 0.3381
3514 1.2289
3515 0.3162
3516 1.2005
3517 0.2200
3518 1.4844
3519 1.3824
3520 0.1594
3521 0.0934
3522 0.9194
3523 0.1772
3524 0.2661
3525   NaN
3526 0.9437
3527 0.2678
3528 0.8376
3529 1.0728
3530 0.1070
3531 0.1085
3532 1.4900
3533 0.0905
3534 0.3381
3535 0.3935
3536 0.5919
3537 1.5131
3538 13.9591
3539 0.3746
3540 0.6343
3541 0.6476
3542 0.2513
3543 0.5059
3544 0.1777
3545 1.8382
3546 0.0965
3547 0.6172
3548 0.2266
3549 0.7935
3550 0.5328
3551 0.5442
3552 0.1525
3553 0.2217
3554 0.6928
3555 0.3135
3556 1.0859
3557 0.4412
3558 0.5496
3559 0.2770
3560 2.5994
3561 0.2012
3562 0.4335
3563 0.5835
3564 0.3108
3565 0.7047
3566 0.2460
3567 1.0053
3568 0.2551
3569 7.5341
3570 0.4295
3571 0.3478
3572 0.5514
3573 0.2271
3574 0.4870
3575 0.3134
3576 0.0865
3577 0.6999
3578 0.1647
3579 0.9426
3580 0.2775
3581 0.3439
3582 2.2454
3583 0.8851
3584 0.1932
3585 0.3313
3586 0.2176
3587 1.7492
3588 0.2159
3589 1.7754
3590 0.1821
3591 0.4668
3592 0.6235
3593 0.3200
3594 0.4338
3595 0.2653
3596 1.0598
3597 2.1684
3598 0.2369
3599 3.9587
3600 0.3733
3601 0.1550
3602 0.9686
3603 0.8476
3604 0.2790
3605 0.1729
3606 0.5333
3607 0.1613
3608 0.6314
3609 0.5060
3610 0.1012
3611 0.2908
3612 0.3768
3613 0.1392
3614 0.5351
3615 0.4060
3616 0.1087
3617 0.3725
3618 0.2249
3619 0.1515
3620 0.9220
3621 0.5545
3622 2.3328
3623 0.6553
3624 0.8678
3625 1.0555
3626 0.1812
3627 0.2931
3628 0.1162
3629 0.3082
3630 0.2658
3631 1.0249
3632 1.0956
3633 0.1380
3634 0.0890
3635 0.6072
3636 0.3416
3637 0.4853
3638 0.4344
3639 0.8670
3640 0.5840
3641 2.1591
3642 0.2899
3643 1.1105
3644 0.9716
3645 0.1890
3646 1.0915
3647 0.1250
3648 0.1912
3649 0.6233
3650 0.2303
3651 0.1878
3652 0.1498
3653 0.1232
3654 0.8667
3655 0.1917
3656 2.0360
3657 0.1095
3658 0.0863
3659 2.0544
3660 0.9336
3661 1.2603
3662 0.1051
3663 0.2266
3664 0.4605
3665 0.5315
3666 0.3517
3667 0.1950
3668 0.1588
3669 0.2041
3670 0.1588
3671 1.4798
3672 0.4878
3673 0.2865
3674 1.8497
3675 0.1229
3676 0.1622
3677 1.2589
3678 0.0927
3679 0.3957
3680 0.3160
3681 0.1699
3682 0.1122
3683 0.4309
3684 0.2772
3685 0.2666
3686 0.4020
3687 0.2980
3688 1.1605
3689 1.3802
3690 0.2508
3691 0.9615
3692 0.3070
3693 2.0605
3694 0.9837
3695 0.2123
3696 0.1515
3697 0.0838
3698 0.2837
3699 0.3766
3700 0.5924
3701 0.2877
3702 1.0701
3703 1.0999
3704 0.1702
3705 0.5156
3706 2.5308
3707 0.6490
3708 1.3548
3709 0.2034
3710 1.1257
3711 0.2846
3712 0.8981
3713 0.1258
3714 7.9716
3715 0.5450
3716 0.1861
3717 1.6373
3718 0.7105
3719 0.0927
3720 0.6591
3721 0.2369
3722 0.2289
3723 0.4474
3724 1.1783
3725 0.0883
3726 0.3517
3727 0.0675
3728 1.3717
3729 0.4882
3730 0.8823
3731 0.8397
3732 0.4473
3733 0.1319
3734 0.8759
3735 0.0789
3736 0.4872
3737 0.1283
3738 0.2896
3739 0.1059
3740 0.0749
3741 0.1792
3742 0.0862
3743 0.3363
3744 0.4458
3745 0.3370
3746 1.4578
3747 10.6121
3748 0.2685
3749 1.5715
3750 0.1941
3751 0.0862
3752 4.8508
3753 0.3888
3754 0.3073
3755 0.5202
3756 0.3958
3757 0.2697
3758 0.6316
3759 0.9409
3760 0.2539
3761 1.6292
3762 0.2577
3763 0.1519
3764 0.5077
3765 0.2113
3766 0.8997
3767 2.2058
3768 0.8435
3769 0.1502
3770 0.4008
3771 0.3353
3772 0.8948
3773 0.3336
3774 0.3678
3775 0.1542
3776 2.1098
3777 0.0768
3778 0.3353
3779 0.2279
3780 0.3587
3781 0.2723
3782 4.0554
3783 0.2193
3784 0.3384
3785 0.1105
3786 1.0223
3787 0.4391
3788 0.9715
3789 0.2329
3790 0.5239
3791 0.1242
3792 0.1500
3793 0.2223
3794 0.4403
3795 0.7270
3796 0.0809
3797 0.5556
3798 0.2212
3799 0.1088
3800 0.4473
3801 0.1931
3802 0.1792
3803 0.5608
3804 0.2964
3805 0.4564
3806 0.1343
3807 0.7881
3808 12.7094
3809 0.3719
3810 1.0366
3811 0.5454
3812 0.2142
3813 0.4592
3814 0.8197
3815 1.7210
3816 0.8489
3817 1.4892
3818 0.5180
3819 0.7324
3820 0.3399
3821 0.3039
3822 0.3280
3823 1.0596
3824 0.2014
3825 0.4363
3826 0.3496
3827 0.0783
3828 0.1015
3829 0.1787
3830 0.1789
3831 0.9449
3832 0.1208
3833 1.4733
3834 0.4775
3835 0.3977
3836 1.1714
3837 0.3483
3838 0.7554
3839 0.9222
3840 0.0953
3841 0.1379
3842 0.6668
3843 0.1217
3844 0.2134
3845 0.8992
3846 0.1603
3847 2.0547
3848 0.1149
3849 0.6789
3850 5.8727
3851 0.5747
3852 0.6920
3853 0.2770
3854 2.5559
3855 1.3634
3856 0.7114
3857 0.2767
3858 0.6400
3859 0.2136
3860 0.1927
3861 1.5868
3862 0.1772
3863 0.9567
3864 0.2497
3865 0.4290
3866 0.2071
3867 0.4386
3868 0.2749
3869 0.4271
3870 0.4597
3871 0.1692
3872 0.7688
3873 0.8250
3874 0.3180
3875 1.1142
3876 0.2060
3877 1.2447
3878 1.3725
3879 0.0745
3880 0.5933
3881 0.0997
3882 0.2333
3883 0.8968
3884 0.0722
3885 0.9608
3886 0.2322
3887 0.3539
3888 0.2692
3889 0.6461
3890 0.1648
3891 0.1560
3892 0.6235
3893 0.7245
3894 0.3556
3895 1.0351
3896 1.2432
3897 0.3656
3898 0.2479
3899 1.6107
3900 0.5540
3901 0.7644
3902 0.4338
3903 0.4430
3904 0.5918
3905 0.1614
3906 1.6189
3907 0.1170
3908 0.1022
3909 0.1190
3910 1.6974
3911 0.5101
3912 0.9976
3913 0.2211
3914 0.3737
3915 0.1228
3916 0.2697
3917 0.5738
3918 1.0734
3919 0.6793
3920 0.1751
3921 0.2059
3922 0.2110
3923 0.2516
3924 0.1081
3925 1.9448
3926 0.0858
3927 1.0441
3928 0.6655
3929 0.2471
3930 0.6608
3931 0.6294
3932 0.4002
3933 5.5233
3934 0.3945
3935 0.0688
3936 0.9389
3937 1.6572
3938 0.0789
3939 1.0590
3940 0.2604
3941 0.1942
3942 0.7842
3943 0.1883
3944 0.0937
3945 0.2786
3946 0.3880
3947 0.6432
3948 0.9582
3949 0.1432
3950 0.7377
3951 0.2878
3952 0.3711
3953 0.3382
3954 0.1619
3955 1.7403
3956 0.5782
3957 0.2565
3958 0.7182
3959 0.4016
3960 0.7870
3961 0.2687
3962 0.1388
3963 0.4345
3964 0.8885
3965 0.2666
3966 0.2078
3967 0.3003
3968 0.8981
3969 0.6744
3970 0.0893
3971 0.3100
3972 1.0817
3973 0.2210
3974 0.9218
3975 0.1890
3976 0.4897
3977 0.0862
3978 1.2654
3979 1.4482
3980 0.9099
3981 0.3572
3982 0.2467
3983 0.0677
3984 0.5449
3985 1.0906
3986 0.3930
3987 0.3082
3988 0.2804
3989 2.8981
3990 2.1765
3991 0.2812
3992 0.9806
3993 0.9835
3994 0.7400
3995 0.0887
3996 1.1655
3997 1.2397
3998 1.1138
3999 0.2759
4000 0.7633
4001 2.1550
4002 0.3158
4003 0.3792
4004 0.1487
4005 0.2067
4006 0.4775
4007 0.9641
4008 0.2778
4009 2.3960
4010 0.1865
4011 0.2549
4012 0.1820
4013 0.9253
4014 0.0750
4015 0.6670
4016 0.4386
4017 0.8437
4018 0.7790
4019 0.6851
4020 0.4050
4021 0.2531
4022 0.2583
4023 0.2562
4024 1.0137
4025 0.6673
4026 0.6140
4027 0.4894
4028 0.3334
4029 0.0740
4030 0.3127
4031 1.6590
4032 0.1549
4033 1.1162
4034 0.5338
4035 0.2317
4036 0.5971
4037 0.8275
4038 0.0962
4039 0.8788
4040 0.0923
4041 0.2682
4042 4.9739
4043 1.9781
4044 0.3185
4045 0.5888
4046 0.3820
4047 2.1831
4048 0.8643
4049 0.3197
4050 0.1551
4051 0.1891
4052 0.0606
4053 0.1100
4054 0.1618
4055 0.1775
4056 0.2762
4057 0.2403
4058 0.3605
4059 1.0773
4060 0.9207
4061 0.1424
4062 0.2725
4063 0.0972
4064 0.1854
4065 0.0895
4066 0.0777
4067 0.6119
4068 1.5279
4069 6.4769
4070 1.0428
4071 1.9283
4072 0.2075
4073 1.7935
4074 0.2984
4075 0.2151
4076 0.1630
4077 0.2935
4078 0.9268
4079 0.3740
4080 0.2088
4081 0.5482
4082 0.5948
4083 0.3559
4084 0.2317
4085 0.1838
4086 0.2428
4087 7.2902
4088 5.7012
4089 0.4517
4090 2.4052
4091 0.9202
4092 0.1162
4093 1.7119
4094 0.6954
4095 0.1569
4096 1.6519
4097 0.2467
4098 0.5899
4099 0.4494
4100 0.6315
4101 0.1627
4102 0.1191
4103 0.1644
4104 3.5651
4105 0.1618
4106 2.0122
4107 0.0924
4108 0.3839
4109 0.1223
4110 0.3762
4111 0.2417
4112 0.1002
4113 1.2485
4114 0.1001
4115 0.3265
4116 0.6296
4117 0.1530
4118 0.4152
4119 0.3710
4120 0.1867
4121 4.5099
4122 0.8181
4123 0.6088
4124 0.2464
4125 0.4797
4126 0.7286
4127 0.2674
4128 1.2782
4129 1.1034
4130 0.4657
4131 0.0773
4132 0.1662
4133 0.1212
4134 0.5955
4135 1.1264
4136 0.5683
4137 1.4100
4138 0.2744
4139 0.3171
4140 0.6491
4141 0.5456
4142 0.4989
4143 0.5463
4144 0.2058
4145 1.3108
4146 0.6177
4147 0.4084
4148 0.3104
4149 13.2162
4150 0.2386
4151 0.0979
4152 1.0448
4153 0.4610
4154 0.5119
4155 0.8757
4156 2.3988
4157 1.8547
4158 0.1246
4159 0.2595
4160 0.3501
4161 0.2559
4162 5.0429
4163 0.4620
4164 0.8524
4165 0.1812
4166 0.1985
4167 1.5530
4168 0.5539
4169 0.3817
4170 0.6937
4171 0.3683
4172 0.8754
4173 0.4224
4174 0.4000
4175 0.1598
4176 0.1299
4177 0.2773
4178 0.4924
4179 1.2679
4180 0.6123
4181 0.0860
4182 0.2639
4183 0.2003
4184 0.1601
4185 0.1948
4186 1.5005
4187 0.2218
4188 0.2962
4189 1.7083
4190 0.4072
4191 0.3667
4192 0.0907
4193 0.1881
4194 0.4361
4195 0.4350
4196 0.2976
4197 0.3448
4198 0.0726
4199 0.3459
4200 0.4904
4201 1.9670
4202 0.9240
4203 0.3383
4204 0.0853
4205 0.3684
4206 0.3018
4207 0.7530
4208 0.4909
4209 0.3161
4210 0.5981
4211 0.6729
4212 1.6331
4213 0.2139
4214 0.5213
4215 0.4410
4216 0.1791
4217 1.0517
4218 0.2803
4219 0.7074
4220 0.2729
4221 0.2124
4222 1.8112
4223 0.1281
4224 0.6417
4225 0.0744
4226 0.4693
4227 0.1936
4228 0.2232
4229 0.1397
4230 0.9709
4231 1.1584
4232 1.0771
4233 0.2859
4234 0.1735
4235 0.4120
4236 0.3663
4237 0.2812
4238 0.1621
4239 2.4340
4240 2.5706
4241 1.8318
4242 1.0510
4243 0.2691
4244 0.2250
4245 0.1744
4246 0.4917
4247 0.1606
4248 0.1813
4249 0.3425
4250 0.2575
4251 0.6881
4252 4.5562
4253 0.3076
4254 0.3389
4255 0.3029
4256 0.1579
4257 0.1796
4258 0.2188
4259 0.1942
4260 0.6804
4261 1.1213
4262 1.4506
4263 0.0846
4264 0.4710
4265 0.2792
4266 0.1586
4267 0.2008
4268 0.2057
4269 0.3393
4270 0.4229
4271 1.0984
4272 0.3973
4273 0.1120
4274 0.1521
4275 0.1819
4276 0.2144
4277 0.2286
4278 3.5200
4279 1.2107
4280 0.1310
4281 0.3673
4282 0.1539
4283 0.1929
4284 1.4772
4285 0.4005
4286 0.1058
4287 0.1833
4288 0.1521
4289 0.0966
4290 0.4887
4291 0.3105
4292 0.2284
4293 0.1932
4294 0.1954
4295 1.1622
4296 0.1923
4297 0.3965
4298 0.2615
4299 0.2119
4300 0.3790
4301 0.2684
4302 0.2792
4303 0.1345
4304 1.6369
4305 0.7918
4306 0.3432
4307 0.6618
4308 0.2178
4309 0.3754
4310 0.5019
4311 0.9586
4312 0.7204
4313 0.2233
4314 0.1975
4315 1.4053
4316 0.2289
4317 0.2951
4318 0.9988
4319 0.2018
4320 0.4074
4321 0.8287
4322 0.2572
4323 0.7738
4324 0.1110
4325 0.6578
4326 0.2768
4327 1.1960
4328 0.2578
4329 0.1930
4330 1.8136
4331 0.1423
4332 0.7361
4333 0.2654
4334 0.1481
4335 0.2573
4336 0.4070
4337 0.3458
4338 0.1895
4339 0.9516
4340 1.5324
4341 0.2703
4342 0.6291
4343 0.7197
4344 0.8679
4345 0.3902
4346 0.8165
4347 0.5506
4348 0.6543
4349 0.2527
4350 0.1483
4351 0.3851
4352 2.0315
4353 0.3546
4354 0.4964
4355 0.1510
4356 0.2153
4357 0.2546
4358 0.2535
4359 0.2681
4360 0.4962
4361 0.1946
4362 1.2670
4363 0.7932
4364 0.3201
4365 0.2158
4366 0.5175
4367 0.2066
4368 0.9653
4369 0.1662
4370 0.6978
4371 0.2143
4372 0.1036
4373 1.2544
4374 0.4045
4375 0.4621
4376 0.0982
4377 1.3007
4378 0.3291
4379 0.4787
4380 1.0934
4381 0.1759
4382 0.2582
4383 0.8853
4384 1.2817
4385 0.4046
4386 0.3051
4387 0.1830
4388 0.4346
4389 1.2901
4390 0.2266
4391 0.7035
4392 0.5157
4393 0.1815
4394 0.3347
4395 0.9691
4396 0.1491
4397 0.1905
4398 0.2709
4399 0.1412
4400 0.2567
4401 0.2513
4402 0.4522
4403 0.3085
4404 2.6974
4405 1.1886
4406 0.2581
4407 0.0996
4408 1.0873
4409 0.4018
4410 0.0896
4411 0.7639
4412 0.3329
4413 0.3690
4414 0.1479
4415 0.3060
4416 0.2847
4417 0.7368
4418 0.6103
4419 0.3310
4420 0.6393
4421 1.2157
4422 0.1314
4423 0.1396
4424 0.1365
4425 0.1341
4426 0.9775
4427 0.4138
4428 0.1832
4429 0.8258
4430 2.5882
4431 0.5666
4432 0.1435
4433 0.2333
4434 1.0559
4435 0.1238
4436 0.3050
4437 1.2052
4438 4.5211
4439 0.3423
4440 1.2463
4441 0.4811
4442 0.6203
4443 0.7653
4444 0.3389
4445 1.2831
4446 0.2228
4447 0.5322
4448 0.4024
4449 0.3748
4450 0.3416
4451 0.5563
4452 0.6854
4453 0.5042
4454 0.1458
4455 0.2091
4456 1.9751
4457 0.3131
4458 1.0804
4459 0.2282
4460 0.4104
4461 0.1407
4462 0.9656
4463 0.6277
4464 2.8699
4465 0.4422
4466 0.9272
4467 0.2337
4468 0.8657
4469 0.4150
4470 0.2252
4471 1.0749
4472 0.8080
4473 0.6554
4474 1.1752
4475 0.8419
4476 0.4368
4477 0.2334
4478 0.9708
4479 0.2769
4480 0.1788
4481 0.3481
4482 0.5507
4483 0.0967
4484 0.4152
4485 0.2206
4486 0.0918
4487 0.1002
4488 2.3929
4489 0.3697
4490 1.2680
4491 1.3050
4492 0.1409
4493 0.5598
4494 0.3787
4495 0.2739
4496 0.1569
4497 0.3390
4498 0.0911
4499 3.7216
4500 0.1838
4501 0.1399
4502 0.1103
4503 0.3839
4504 1.7394
4505 0.7350
4506 0.5077
4507 0.6602
4508 0.2190
4509 0.2053
4510 0.2009
4511 0.4171
4512 0.4082
4513 1.8962
4514 1.1984
4515 1.5096
4516 0.2239
4517 0.6024
4518 1.4506
4519 0.2769
4520 0.1422
4521 0.0935
4522 0.1861
4523 0.2302
4524 6.2138
4525 0.2764
4526 0.4051
4527 0.3342
4528 0.1473
4529 0.4706
4530 0.3760
4531 0.1564
4532 0.6946
4533 0.7744
4534 0.4216
4535 0.9205
4536 0.0750
4537 1.0367
4538 3.9689
4539 0.3046
4540 0.3241
4541 1.2616
4542 0.1425
4543 2.4850
4544 0.2277
4545 0.1728
4546 1.0288
4547 0.2631
4548 0.1230
4549 1.5631
4550 0.2148
4551 1.4081
4552 0.2120
4553 0.1528
4554 0.7667
4555 0.2757
4556 0.1646
4557 0.3944
4558 1.0618
4559 1.4681
4560 0.1060
4561 0.4219
4562 0.4401
4563 0.7000
4564 0.7196
4565 2.4506
4566 0.6956
4567 0.2281
4568 0.4093
4569 0.3747
4570 1.1593
4571 0.0820
4572 1.1408
4573 0.4378
4574 0.9190
4575 0.6439
4576 0.4679
4577 0.2320
4578 0.7425
4579 0.2011
4580 0.3660
4581 0.2200
4582 0.8638
4583 0.3208
4584 0.2799
4585 0.2733
4586 0.2564
4587 0.1393
4588 1.5152
4589 1.6077
4590 3.7953
4591 0.5118
4592 0.5270
4593 0.1067
4594 0.1364
4595 0.8121
4596 0.3893
4597 0.1663
4598 0.1831
4599 0.3182
4600 0.7647
4601 1.5809
4602 0.2586
4603 0.1756
4604 0.2586
4605 0.6420
4606 0.5305
4607 0.3274
4608 0.8344
4609 0.2081
4610 0.0907
4611 0.5202
4612 0.1008
4613 0.7300
4614 1.0921
4615 0.2434
4616 0.8917
4617 0.0966
4618 0.3261
4619 0.0957
4620 0.2272
4621 0.0990
4622 0.3630
4623 0.3126
4624 0.3818
4625 0.5986
4626 0.2165
4627 0.3537
4628 0.5436
4629 0.5735
4630 0.3813
4631 1.4302
4632 0.2924
4633 0.8553
4634 0.2324
4635 0.3675
4636 0.1380
4637 1.2454
4638 0.1294
4639 0.1365
4640 2.4163
4641 0.3370
4642 0.7400
4643 0.1747
4644 0.3490
4645 0.3830
4646 0.2895
4647 0.8760
4648 0.4977
4649 0.2102
4650 0.3411
4651 0.3640
4652 0.5957
4653 0.6602
4654 0.3293
4655 5.7401
4656 1.0459
4657 21.3763
4658 1.8609
4659   NaN
4660 0.3859
4661 0.1563
4662 0.0997
4663 0.2896
4664 0.3776
4665 0.9684
4666 0.1978
4667 0.1455
4668 0.1511
4669 0.9960
4670 0.0931
4671 0.1955
4672 0.3853
4673 0.2434
4674 0.2388
4675 3.6193
4676 0.9867
4677 0.1979
4678 0.2155
4679 0.1998
4680 0.3520
4681 0.1373
4682 0.4305
4683 0.4340
4684 1.2387
4685 0.8393
4686 0.2184
4687 0.0992
4688 0.2640
4689 0.1944
4690 0.1495
4691 0.5329
4692 0.5250
4693 0.4760
4694 0.3298
4695 0.1911
4696 0.3179
4697 4.2123
4698 1.4824
4699 1.2434
4700 0.9015
4701 0.4100
4702 1.2524
4703 0.2339
4704 0.2272
4705 0.2219
4706 0.2863
4707 0.2825
4708 2.7185
4709 0.3578
4710 1.1742
4711 0.1040
4712 0.2193
4713 1.2716
4714 0.8566
4715 0.1985
4716 1.2086
4717 0.4394
4718 0.4561
4719 0.0888
4720 0.4498
4721 0.3677
4722 1.2898
4723 0.2457
4724 0.9632
4725 0.3362
4726 0.5393
4727 0.4854
4728 0.6858
4729 0.7910
4730 0.3276
4731 0.3445
4732 0.4584
4733 0.1138
4734 0.1702
4735 0.2047
4736 0.1746
4737 0.2152
4738 3.1230
4739 0.3161
4740 0.5097
4741 0.2030
4742 0.1586
4743 0.5894
4744 1.9538
4745 1.4029
4746 0.1770
4747 3.7344
4748 0.1122
4749 0.3134
4750 2.1257
4751 0.3232
4752 1.9813
4753 0.1048
4754 2.1853
4755 0.3408
4756 0.6293
4757 0.1198
4758 0.3026
4759 0.1987
4760 0.2627
4761 1.2452
4762 0.5754
4763 0.3303
4764 0.9451
4765 0.2057
4766 0.3135
4767 0.0875
4768 0.4483
4769 0.3866
4770 0.1486
4771 0.2085
4772 2.0013
4773 0.2161
4774 0.2486
4775 0.4485
4776 0.2107
4777 0.1781
4778 0.2010
4779 0.2772
4780 1.5745
4781 0.2375
4782 0.1952
4783 0.1513
4784 0.2209
4785 0.0859
4786 0.3565
4787 0.2624
4788 0.3418
4789 0.5121
4790 0.2147
4791 0.4617
4792 0.2205
4793 0.0978
4794 0.3020
4795 0.6698
4796 0.3600
4797 0.0932
4798 0.4638
4799 0.3963
4800 0.2639
4801 1.0031
4802 0.1672
4803 0.0992
4804 0.3340
4805 0.2634
4806 0.8179
4807 0.3031
4808 0.4754
4809 0.0775
4810 0.4139
4811 0.1879
4812 1.0356
4813 0.3673
4814 0.1465
4815 0.7844
4816 1.0987
4817 1.5473
4818 0.4535
4819 0.2536
4820 0.3800
4821 17.2861
4822 0.3047
4823 0.2561
4824 0.4177
4825 1.1207
4826 0.5473
4827 0.3988
4828 0.9990
4829 0.1906
4830 0.1022
4831 0.2874
4832 0.5320
4833 0.3273
4834 0.1122
4835 0.1546
4836 0.2752
4837 0.4284
4838 0.8781
4839 0.3256
4840 1.2352
4841 0.3394
4842 1.1113
4843 0.3670
4844 0.1788
4845 0.3900
4846 0.2294
4847 0.9907
4848 2.0196
4849 0.3285
4850 0.5181
4851 1.1547
4852 0.2694
4853 0.9179
4854 0.9454
4855 0.8596
4856 0.3616
4857 0.3851
4858 1.7222
4859 0.2193
4860 0.7676
4861 0.2182
4862 0.9212
4863 0.2700
4864 0.8233
4865 0.1834
4866 1.7674
4867 0.1447
4868 0.8106
4869 0.2721
4870 0.8270
4871 0.7460
4872 0.8449
4873 0.5035
4874 0.2004
4875 0.1617
4876 2.9351
4877 1.3619
4878 0.5852
4879 0.2031
4880 2.3939
4881 1.8560
4882 0.2124
4883 0.3302
4884 1.7365
4885 0.2233
4886 0.2846
4887 0.2864
4888 2.5823
4889 0.3905
4890 0.4485
4891 0.2837
4892 1.3733
4893 0.2972
4894 0.2645
4895 2.6445
4896 0.1470
4897 0.4672
4898 0.5192
4899 0.4454
4900 0.5544
4901 1.0786
4902 0.5349
4903 0.3867
4904 0.5996
4905 0.3332
4906 0.4241
4907 0.7698
4908 1.6605
4909 0.3560
4910 1.0749
4911 0.2721
4912 0.9676
4913 2.1716
4914 0.2363
4915 0.4577
4916 0.2946
4917 0.1060
4918 0.5119
4919 0.1252
4920 0.3115
4921 0.9578
4922 1.5119
4923 0.3477
4924 1.5941
4925 3.3309
4926 0.4257
4927 1.5556
4928 0.5007
4929 0.2033
4930 0.6092
4931 0.2584
4932 0.2695
4933 0.4485
4934 0.4317
4935 0.1611
4936 0.3225
4937 0.4007
4938 0.3013
4939 1.9902
4940 0.3347
4941 0.3065
4942 0.2577
4943 0.1160
4944 0.6063
4945 1.5979
4946 0.1403
4947 0.5284
4948 0.1761
4949 1.2865
4950 0.9107
4951 0.7311
4952 4.3125
4953 0.0778
4954 0.4865
4955 0.0956
4956 0.3806
4957 1.0668
4958 0.1894
4959 0.4769
4960 0.8549
4961 0.1362
4962 1.2914
4963 1.2013
4964 0.2455
4965 0.3963
4966 0.2469
4967 0.2318
4968 11.1330
4969 0.7003
4970 6.1015
4971 0.2954
4972 0.1086
4973 2.2307
4974 0.2181
4975 0.2072
4976 0.3675
4977 0.4042
4978 0.7252
4979 0.5202
4980 0.0964
4981 0.3942
4982 0.1720
4983 0.3946
4984 0.7902
4985 0.1623
4986 0.3465
4987 0.7945
4988 0.0719
4989 0.2232
4990 0.2399
4991 0.1117
4992 0.2711
4993 0.3152
4994 0.4435
4995 0.2281
4996 0.3125
4997 0.3711
4998 0.5896
4999 0.1834
5000 2.7478
