   1 4.1127
   2 6.4813
   3 11.8051
   4 1.3060
   5 1.7550
   6 0.7310
   7 1.1935
   8 0.3644
   9 1.0700
  10 1.5559
  11 1.7831
  12 2.8863
  13 29.0713
  14 2.4839
  15 0.6717
  16 8.6682
  17 17.9446
  18 2.8953
  19 0.3618
  20 8.5468
  21 5.0681
  22 4.5624
  23 7.5017
  24 1.6867
  25 0.1796
  26 0.2297
  27 0.2730
  28 0.8742
  29 0.2689
  30 5.6161
  31 2.0144
  32 6.8316
  33 6.9664
  34 6.5203
  35 0.6185
  36 14.1055
  37 1.2065
  38 1.4624
  39 3.5172
  40 0.2484
  41 1.0725
  42 1.7957
  43 3.1441
  44 14.8260
  45 2.0844
  46 1.6015
  47 5.6747
  48 26.8394
  49 0.5291
  50 3.5546
  51 0.3389
  52 1.7702
  53 18.3817
  54 5.5216
  55 18.8688
  56 0.5896
  57 0.6877
  58 8.2801
  59 2.2648
  60 1.7040
  61 2.3885
  62 6.1288
  63 2.1385
  64 3.3327
  65 0.3539
  66 15.7037
  67 3.0542
  68 4.8419
  69 0.8434
  70 3.6646
  71 0.5808
  72 0.1047
  73 0.4880
  74 18.0159
  75 0.4105
  76 1.4818
  77 1.3721
  78 1.5783
  79 0.1737
  80 17.8930
  81 0.3352
  82 1.5861
  83 0.3527
  84 4.8512
  85 0.8645
  86 0.0752
  87 0.1662
  88 0.4280
  89 2.3191
  90 3.9291
  91 1.3480
  92 2.0927
  93 3.3723
  94 3.2527
  95 21.6123
  96 2.6893
  97 1.6881
  98 25.0485
  99 1.4007
 100 0.3144
 101 1.3861
 102 6.9648
 103 7.8788
 104 5.7621
 105 0.4235
 106 0.5153
 107 0.3352
 108 0.2741
 109 2.4071
 110 0.9750
 111 4.0339
 112 0.3087
 113 1.5061
 114 3.6663
 115 2.1314
 116 11.1946
 117 25.7022
 118 1.5355
 119 28.9631
 120 0.7686
 121 16.6449
 122 7.9580
 123 1.5245
 124 5.6963
 125 9.8976
 126 1.0436
 127 0.1817
 128 0.3059
 129 7.6815
 130 0.2236
 131 0.9960
 132 1.2135
 133 0.4561
 134 1.4767
 135 0.3698
 136 0.1800
 137 2.4526
 138 0.9546
 139 3.3785
 140 22.0519
 141 34.4924
 142 0.5633
 143 2.3127
 144 26.6256
 145 0.5834
 146 0.4350
 147 0.1202
 148 3.7529
 149 39.6614
 150 0.3366
 151 8.0011
 152 28.7473
 153 1.8035
 154 8.2958
 155 1.9701
 156 0.3293
 157 5.8077
 158 2.6412
 159 7.7458
 160 0.5613
 161 4.0295
 162 0.8184
 163 11.0045
 164 4.2679
 165 6.3116
 166 0.7026
 167 2.8533
 168 1.8638
 169 1.0629
 170 12.1978
 171 7.2491
 172 0.4888
 173 1.0154
 174 0.6801
 175 2.6872
 176 8.1651
 177 1.1904
 178 0.5554
 179 1.9311
 180 0.0813
 181 2.5509
 182 1.2614
 183 3.9323
 184 4.7860
 185 1.5940
 186 0.6549
 187 4.3312
 188 1.1718
 189 30.8483
 190 1.1111
 191 12.1269
 192 0.4027
 193 0.5584
 194 8.5040
 195 2.1960
 196 2.0183
 197 3.1809
 198 4.8801
 199 0.4414
 200 8.0188
 201 0.7963
 202 0.7656
 203 1.6866
 204 0.9661
 205 9.0390
 206 17.2859
 207 2.0843
 208 20.3234
 209 11.7252
 210 0.8404
 211 0.1752
 212 3.3124
 213 2.4398
 214 1.2364
 215 1.2419
 216 11.8163
 217 3.2199
 218 1.7096
 219 2.4850
 220 5.6633
 221 0.5305
 222 0.9607
 223 4.0927
 224 0.6305
 225 0.6548
 226 0.6842
 227 1.7849
 228 1.2210
 229 24.9869
 230 17.5814
 231 0.7221
 232 1.0503
 233 1.3307
 234 0.3965
 235 16.8021
 236 6.0332
 237 4.2009
 238 0.6718
 239 2.1651
 240 8.1723
 241 1.2089
 242 1.4681
 243 2.6308
 244 0.6146
 245 10.5003
 246 1.4394
 247 1.9775
 248 0.2896
 249 1.1406
 250 11.9284
 251 0.5998
 252 5.4109
 253 0.2007
 254 1.0164
 255 1.3809
 256 2.1076
 257 0.8708
 258 0.9181
 259 1.7833
 260 0.4728
 261 0.2342
 262 6.3080
 263 18.7167
 264 6.6112
 265 20.5997
 266 1.3631
 267 4.6867
 268 0.4577
 269 1.7995
 270 5.0774
 271 13.9253
 272 0.3848
 273 1.7906
 274 8.7552
 275 1.4460
 276 12.2659
 277 14.5425
 278 1.3584
 279 2.9055
 280 1.8225
 281 0.4351
 282 2.7776
 283 1.6896
 284 6.0487
 285 0.1842
 286 0.2559
 287 1.9983
 288 2.2976
 289 24.1351
 290 9.5047
 291 8.2229
 292 2.0458
 293 1.2048
 294 1.0429
 295 1.8363
 296 2.5104
 297 1.2962
 298 2.4032
 299 3.5650
 300 0.4937
 301 1.1753
 302 0.5016
 303 7.0061
 304 15.6647
 305 0.4528
 306 10.0395
 307 13.9788
 308 0.3059
 309 1.0361
 310 0.9555
 311 13.2420
 312 9.4039
 313 3.0543
 314 0.7839
 315 29.1366
 316 1.0248
 317 16.3470
 318 0.3022
 319 8.0903
 320 1.5505
 321 4.0701
 322 2.4639
 323 6.4585
 324 3.0214
 325   NaN
 326 0.5786
 327 1.3279
 328 0.4052
 329 1.7574
 330 1.0218
 331 0.9780
 332 0.1046
 333 11.8795
 334 2.9652
 335 0.1724
 336 4.5208
 337 1.9633
 338 0.9566
 339 0.6552
 340 3.5582
 341 13.7178
 342 2.1583
 343 15.9845
 344 0.0778
 345 0.3768
 346 1.7216
 347 11.7042
 348 10.1364
 349 16.2629
 350 1.0870
 351 2.1348
 352 2.0380
 353 1.8671
 354 0.2915
 355 4.8439
 356 9.4351
 357 0.5948
 358 19.3189
 359 11.2292
 360 0.1954
 361 3.4116
 362 0.6914
 363 0.8387
 364 1.7135
 365 1.1167
 366 0.1385
 367 2.1771
 368 9.0780
 369 1.6866
 370 0.2423
 371 5.9489
 372 0.9434
 373 0.4361
 374 1.1806
 375 0.3496
 376 1.0034
 377 2.1363
 378 0.1813
 379 2.7212
 380 0.2975
 381 31.3228
 382 6.7121
 383 4.1467
 384 23.8262
 385 1.0509
 386 25.9289
 387 0.3027
 388 0.1995
 389 1.6561
 390 13.1280
 391 0.7445
 392 14.2396
 393 3.8385
 394 0.2708
 395 0.5393
 396 2.3215
 397 0.3077
 398 1.7383
 399 0.8053
 400 4.3151
 401 1.3381
 402 0.5179
 403 1.3572
 404 42.7425
 405 3.1227
 406 1.3838
 407 33.7725
 408 18.2911
 409 2.3824
 410 4.2381
 411 0.3318
 412 0.9952
 413 8.5191
 414 2.6847
 415 3.2793
 416 2.8600
 417 0.5235
 418 0.7256
 419 0.9283
 420 3.3357
 421 8.7971
 422 0.3142
 423 0.4046
 424 0.4074
 425 5.6830
 426 2.9297
 427 0.2500
 428 5.3885
 429 0.8081
 430 2.3923
 431 0.3332
 432 3.4487
 433 0.9955
 434 0.2228
 435 0.9819
 436 1.1727
 437 12.2004
 438 0.1802
 439 1.3115
 440 23.0978
 441 2.0764
 442 15.3346
 443 1.2239
 444 27.5256
 445 1.6081
 446 1.0078
 447 3.4181
 448 0.5055
 449 0.1423
 450 1.3023
 451 5.5385
 452 0.4960
 453 0.3932
 454 2.2005
 455 0.6681
 456 0.7788
 457 2.0739
 458 2.0133
 459 6.7355
 460 1.6402
 461 0.5115
 462 31.2193
 463 7.0231
 464 1.8907
 465 0.9300
 466 17.2412
 467 2.1537
 468 6.0749
 469 3.6096
 470 4.2097
 471 1.3003
 472 0.3851
 473 8.9839
 474 8.4553
 475 7.3876
 476 1.0805
 477 1.1546
 478 1.6155
 479 1.3331
 480 1.5524
 481 5.8921
 482 1.3347
 483 0.3359
 484 1.9966
 485 0.1890
 486 0.2991
 487 0.4068
 488 0.4164
 489 17.7988
 490 3.0282
 491 7.6723
 492 0.1661
 493 3.3018
 494 1.8799
 495 2.7698
 496 0.6673
 497 0.4998
 498 3.5588
 499 0.8569
 500 0.2550
 501 18.8961
 502 5.7743
 503 1.0694
 504 5.4980
 505 0.9082
 506 3.2746
 507 2.0934
 508 0.7142
 509 2.5907
 510 13.0202
 511 0.5619
 512 1.1459
 513 0.7126
 514 1.9341
 515 19.1385
 516 0.1923
 517 24.9094
 518 1.7773
 519 1.7765
 520 0.8615
 521 0.6319
 522 0.1621
 523 1.0049
 524 0.5922
 525 0.4084
 526 0.6088
 527 1.2273
 528 0.3639
 529 1.6707
 530 1.5162
 531 4.8985
 532 1.1491
 533 0.2400
 534 1.1849
 535 1.8262
 536 0.8964
 537 17.0929
 538 13.1636
 539 1.9429
 540 3.4412
 541 3.9566
 542 1.3738
 543 11.7043
 544 1.9465
 545 2.5974
 546 3.1394
 547 16.8150
 548 7.5539
 549 0.9102
 550 0.4338
 551 14.3426
 552 10.0725
 553 9.4879
 554 6.9779
 555 0.1973
 556 30.9224
 557 2.3505
 558 9.7697
 559 1.2362
 560 3.2063
 561 1.5741
 562 20.2203
 563 2.6661
 564 3.4719
 565 3.1602
 566 2.0109
 567 5.5386
 568 0.0738
 569 29.8469
 570 0.5751
 571 0.4133
 572 0.2583
 573 0.8717
 574 1.2176
 575 7.5204
 576 15.7554
 577 4.3641
 578 1.6598
 579 2.1697
 580 1.6366
 581 2.3500
 582 1.0318
 583 6.3022
 584 1.4374
 585 2.1374
 586 0.2432
 587 1.1611
 588 1.4839
 589 0.5740
 590 1.0765
 591 0.2729
 592 11.4407
 593 5.1046
 594 1.2795
 595 8.5616
 596 0.5674
 597 0.6148
 598 0.9429
 599 0.3208
 600 0.4770
 601 6.1159
 602 0.5437
 603 20.5245
 604 37.1049
 605 5.2740
 606 7.0892
 607 5.6432
 608 0.5045
 609 3.4582
 610 0.7935
 611 13.0191
 612 0.2865
 613 0.5577
 614 1.8783
 615 25.0575
 616 0.8809
 617 1.3950
 618 0.9721
 619 0.0757
 620 1.4480
 621 1.9111
 622 4.7444
 623 1.8666
 624 0.2202
 625 10.2963
 626 0.9087
 627 0.2471
 628 0.8423
 629 1.7461
 630 0.3444
 631 0.7439
 632 0.3476
 633 10.8138
 634 6.6648
 635 10.8087
 636 0.2910
 637 0.4811
 638 0.5246
 639 5.5998
 640 6.5869
 641 0.3909
 642 2.1871
 643 0.6444
 644 3.6076
 645 0.1195
 646 0.4322
 647 0.2621
 648 1.7173
 649 7.0608
 650 2.3366
 651 4.2046
 652 1.0810
 653 12.6205
 654 4.5801
 655 1.1369
 656 1.1757
 657 0.4589
 658 29.3565
 659 2.5396
 660 1.8829
 661 1.0230
 662 4.4704
 663 16.4972
 664 6.8729
 665 8.9886
 666 2.9839
 667 0.6500
 668 0.7352
 669 14.1456
 670 0.6321
 671 12.5968
 672 2.0539
 673 1.1770
 674 0.4159
 675 1.7287
 676 1.2809
 677 2.2196
 678 0.3434
 679 0.5892
 680 35.6797
 681 0.4128
 682 23.5245
 683 14.0162
 684 7.2185
 685 0.9685
 686 0.5624
 687 4.0237
 688 0.3303
 689 6.4058
 690 3.5003
 691 0.8603
 692 0.9233
 693 1.6022
 694 5.4452
 695 19.8912
 696 0.6006
 697 3.5484
 698 0.1457
 699 3.6832
 700 1.6512
 701 0.2157
 702 0.5332
 703 0.7305
 704 0.5673
 705 0.3145
 706 1.1204
 707 0.5522
 708 12.9158
 709 7.5152
 710 0.4065
 711 0.4450
 712 0.8004
 713 6.7648
 714 12.9250
 715 2.9865
 716 12.4301
 717 1.9286
 718 1.2608
 719 5.9671
 720 2.1474
 721 1.8115
 722 3.0428
 723 1.1516
 724 1.6283
 725 8.4589
 726 1.2633
 727 12.1528
 728 0.4891
 729 0.3898
 730 0.5066
 731 14.3631
 732 0.7679
 733 3.2587
 734 0.1689
 735 1.1997
 736 11.6716
 737 5.8330
 738 1.1920
 739 2.0238
 740 1.2102
 741 0.4022
 742 1.1273
 743 9.6069
 744 0.5746
 745 0.6949
 746 1.5424
 747 23.0899
 748 2.5712
 749 1.6557
 750 18.5908
 751 13.9896
 752 19.2045
 753 9.4134
 754 7.2481
 755 0.2345
 756 0.8282
 757 3.1442
 758 2.8813
 759 40.8514
 760 0.6803
 761 1.1213
 762 0.4586
 763 1.2123
 764 0.8287
 765 0.4553
 766 3.9675
 767 0.5330
 768 0.9738
 769 7.8037
 770 0.1859
 771 5.5674
 772 18.4330
 773 0.4724
 774 3.8692
 775 10.9886
 776 2.2199
 777 0.3992
 778 3.6107
 779 3.2713
 780 0.4610
 781 0.3310
 782 5.1817
 783 0.6892
 784 2.4405
 785 0.2976
 786 0.7185
 787 0.2310
 788 1.6049
 789 1.1621
 790 0.4341
 791 1.5210
 792 17.1889
 793 16.6782
 794 0.2942
 795 4.1967
 796 0.2134
 797 0.3218
 798 1.8446
 799 1.5921
 800 1.6708
 801 4.3558
 802 1.0305
 803 0.5547
 804 8.9624
 805 4.4368
 806 9.9487
 807 8.3310
 808 5.4119
 809 7.2455
 810 1.3516
 811 4.1120
 812 0.3972
 813 39.7373
 814 4.5968
 815 14.4498
 816 2.9877
 817 6.6958
 818   NaN
 819 14.0887
 820 0.7377
 821 10.7403
 822 12.0979
 823 0.2795
 824 0.1110
 825 17.1145
 826 9.3633
 827 11.0231
 828 6.5444
 829 20.0197
 830 0.1677
 831 3.1856
 832 14.6586
 833 3.6590
 834 10.1378
 835 0.5345
 836 2.3347
 837 1.1676
 838 19.5710
 839 0.0935
 840 0.8205
 841 13.5180
 842 1.6290
 843 0.4786
 844 16.5884
 845 0.7518
 846 1.2423
 847 0.6883
 848 23.1210
 849 1.4628
 850 12.3448
 851 0.1691
 852 0.3788
 853 0.0690
 854 1.8219
 855 26.2822
 856 0.7444
 857 1.2349
 858 4.5057
 859 4.9564
 860 9.8986
 861 2.0684
 862 10.6825
 863 0.2777
 864 0.3406
 865 1.2206
 866 3.1990
 867 5.1017
 868 4.0437
 869 4.2441
 870 8.4180
 871 33.8398
 872 1.9518
 873 1.7033
 874 1.2797
 875 2.7500
 876 1.1009
 877 3.7785
 878 0.2335
 879 13.0580
 880 0.8253
 881 0.9599
 882 1.0063
 883 0.0870
 884 0.2082
 885 10.5204
 886 4.7272
 887 1.0284
 888 1.0758
 889 5.1929
 890 10.0814
 891 0.2612
 892 1.1231
 893 31.5587
 894 0.7645
 895 4.3425
 896 1.4392
 897 1.5374
 898 1.5161
 899 5.2551
 900 1.9226
 901 3.6529
 902 6.0758
 903 0.7192
 904 1.8024
 905 9.0030
 906 3.7035
 907 0.7700
 908 24.9736
 909 1.0846
 910 4.3355
 911 1.9305
 912 1.7000
 913 5.8049
 914 43.9740
 915 1.6128
 916 1.0647
 917 12.8558
 918 0.8924
 919 1.4362
 920 22.0429
 921 3.2879
 922 13.2435
 923 1.4497
 924 0.3862
 925 1.6532
 926 3.8418
 927 2.2886
 928 1.4743
 929 0.8833
 930 1.7152
 931 19.3201
 932 0.5035
 933 6.3765
 934 0.5658
 935 0.7332
 936 0.6509
 937 15.1965
 938 4.2855
 939 1.4025
 940 2.3787
 941 3.1384
 942 0.5126
 943 0.6305
 944 0.3301
 945 1.3479
 946 1.5419
 947 0.9652
 948 1.5482
 949 1.2306
 950 0.4019
 951 1.5448
 952 0.2411
 953 1.4134
 954 4.1853
 955 7.6448
 956 13.0187
 957 0.8529
 958 5.1243
 959 0.4492
 960 0.5614
 961 0.1852
 962 4.2509
 963 2.3316
 964 0.1911
 965 0.3528
 966 3.7654
 967 1.5350
 968 2.1130
 969 0.1714
 970 0.6190
 971 0.4031
 972 4.0472
 973 0.6701
 974 0.4524
 975 0.5107
 976 7.5165
 977 1.2302
 978 10.9584
 979 19.5637
 980 1.0475
 981 26.5846
 982 3.6561
 983 0.5751
 984 1.1550
 985 16.9386
 986 2.9870
 987 0.3806
 988 4.1597
 989 11.0377
 990 0.6426
 991 0.2554
 992 9.6398
 993 3.9992
 994 9.3928
 995 5.2939
 996 1.0001
 997 31.0268
 998 0.8088
 999 10.8901
1000 1.3433
1001 2.4450
1002 4.7994
1003 0.4816
1004 1.0394
1005 0.5979
1006 3.0705
1007 1.8041
1008 0.8209
1009 0.8784
1010 2.4721
1011 1.1142
1012 1.4443
1013 0.3896
1014 1.0190
1015 4.3188
1016 4.1717
1017 0.8044
1018 11.4083
1019 17.5079
1020 0.4114
1021 3.7749
1022 1.2350
1023 5.7742
1024 6.7024
1025 0.0996
1026 1.6320
1027 5.2815
1028 3.9322
1029 0.1265
1030 1.3399
1031 4.0302
1032 0.2068
1033 0.9341
1034 3.3680
1035 0.3153
1036 2.8031
1037 1.4212
1038 0.3387
1039 0.9859
1040 0.8704
1041 1.5398
1042 0.4128
1043 6.8095
1044 2.1217
1045 2.1978
1046 0.6274
1047 1.4999
1048 0.2687
1049 1.6982
1050 2.1212
1051 2.0938
1052 0.4946
1053 0.7464
1054 1.5987
1055 2.1062
1056 4.2605
1057 9.3318
1058 0.4371
1059 0.5081
1060 0.3175
1061 1.2356
1062 1.5371
1063 27.1412
1064 0.3052
1065 0.8560
1066 4.4669
1067 0.2045
1068 6.7445
1069 1.7384
1070 2.1224
1071 3.0853
1072 5.4579
1073 1.7197
1074 0.7578
1075 0.6209
1076 5.2258
1077 8.9856
1078 3.9859
1079 0.8687
1080 0.3115
1081 19.5794
1082 7.2697
1083 2.7363
1084 3.4759
1085 18.6511
1086 16.7478
1087 0.1637
1088 1.0018
1089 0.1037
1090 2.3416
1091 1.0253
1092 0.3202
1093 0.4096
1094 0.2493
1095 9.0797
1096 23.9853
1097 1.4220
1098 1.0158
1099 5.4957
1100 1.1120
1101 1.0980
1102 0.5908
1103 1.0961
1104 3.0498
1105 0.2133
1106 1.0405
1107 5.4581
1108 0.8623
1109 5.5419
1110 3.0725
1111 0.3005
1112 0.5279
1113 6.1956
1114 1.8747
1115 1.2448
1116 2.0730
1117 2.2199
1118 17.5765
1119 10.3470
1120 1.7461
1121 1.5137
1122 8.3338
1123 16.7652
1124 1.1223
1125 6.8545
1126 1.6009
1127 4.8008
1128 0.2289
1129 9.2951
1130 0.5404
1131 9.1837
1132 1.3918
1133 0.3114
1134 0.2677
1135 1.4856
1136 0.2499
1137 11.6038
1138 4.6217
1139 1.7824
1140 8.3080
1141 0.9168
1142 0.1604
1143 3.2621
1144 0.3108
1145 7.7981
1146 1.9676
1147   NaN
1148 1.1092
1149 1.1261
1150 1.9632
1151 3.9090
1152 6.5187
1153 2.0866
1154 6.2204
1155 1.7509
1156 2.6580
1157 1.0989
1158 3.9381
1159 1.1987
1160 6.9596
1161 1.1905
1162 2.4766
1163 1.9529
1164 0.5491
1165 21.6349
1166 0.2739
1167 1.1804
1168 1.1860
1169 3.5609
1170 22.6018
1171 2.1297
1172 22.7703
1173 1.7039
1174 0.0982
1175 0.6387
1176 0.4034
1177 11.6219
1178 0.7414
1179 1.3605
1180 1.0745
1181 0.2968
1182 5.4265
1183 1.2338
1184 23.2891
1185 3.5761
1186 0.8216
1187 1.9628
1188 1.0682
1189   NaN
1190 1.2459
1191 0.4518
1192 0.2913
1193 12.8950
1194 2.5481
1195 21.6110
1196 0.8964
1197 1.7135
1198 14.1052
1199 0.7847
1200 2.4157
1201 11.7699
1202 10.5337
1203 2.0381
1204 18.4209
1205 2.1906
1206 1.3463
1207 4.3756
1208 1.7558
1209 3.6319
1210 1.1327
1211 0.3305
1212 0.6521
1213 7.3302
1214 3.9732
1215 0.5256
1216 10.8944
1217 14.5277
1218 1.2296
1219 1.8070
1220 8.3223
1221 6.1380
1222 0.4590
1223 0.2958
1224 3.1977
1225 1.2175
1226 1.7997
1227 1.2792
1228 0.4184
1229 25.7288
1230 6.4443
1231 0.3225
1232 18.9866
1233 0.2338
1234 0.8166
1235 33.0105
1236 9.9045
1237 1.2489
1238 2.4127
1239 5.9729
1240 0.7813
1241 5.1484
1242 0.3221
1243 1.7620
1244 0.9411
1245 0.7130
1246 0.9385
1247 9.6579
1248 6.1623
1249 0.8941
1250 0.8045
1251 12.1054
1252 4.8523
1253 21.1143
1254 3.8136
1255 3.0134
1256 0.6074
1257 1.9017
1258 0.5456
1259 10.1354
1260 0.4010
1261 9.9506
1262 5.2888
1263 13.0336
1264 13.9927
1265 0.3432
1266 5.6811
1267 1.0021
1268 3.5896
1269 1.9532
1270 1.2037
1271 13.4327
1272 0.9522
1273 5.0415
1274 3.2243
1275 0.4700
1276 4.3209
1277 1.3243
1278 1.7757
1279 24.0363
1280 1.0322
1281 3.1196
1282 11.1414
1283 1.5601
1284 1.4842
1285 0.6868
1286 0.3357
1287 1.7667
1288 11.0455
1289 18.9183
1290 0.1766
1291 1.0298
1292 4.1996
1293 1.0347
1294 0.8424
1295 0.8965
1296 0.4003
1297 1.0171
1298 5.1990
1299 0.4817
1300 1.1295
1301 3.1625
1302 5.8047
1303 0.1882
1304 2.5786
1305 12.9033
1306 2.2041
1307 2.6809
1308 0.3699
1309 0.5450
1310 1.5839
1311 5.3620
1312 2.1946
1313 0.6487
1314 4.6139
1315 0.9375
1316 0.3333
1317 3.7650
1318 0.6713
1319 1.6780
1320 3.5635
1321 7.0396
1322 0.4844
1323 0.4695
1324 16.0121
1325 1.2391
1326 0.1171
1327 0.3274
1328 0.5314
1329 0.4502
1330 2.8825
1331 0.7419
1332 0.5021
1333 12.7155
1334 0.9395
1335 8.2897
1336 1.0261
1337 3.6146
1338 2.9459
1339 0.4144
1340 4.8302
1341 2.6403
1342 1.0056
1343 0.5397
1344 1.6750
1345 13.0839
1346 1.0133
1347 2.3898
1348 9.0823
1349 0.4326
1350 10.2031
1351 19.5453
1352 1.3951
1353 1.3291
1354 0.9729
1355 6.9192
1356 2.3157
1357 8.5154
1358 1.1272
1359 0.6985
1360 16.1694
1361 0.6354
1362 5.1501
1363 27.8420
1364 0.4134
1365 0.5054
1366 19.4258
1367 3.8393
1368 0.3770
1369 6.7541
1370 0.0964
1371 11.0767
1372 7.9312
1373 1.2063
1374 3.8266
1375 1.0529
1376 2.0553
1377 2.6104
1378 0.8598
1379 20.3760
1380 2.3174
1381 1.9810
1382 10.2167
1383 4.2073
1384 27.9811
1385 7.5738
1386 0.4372
1387 1.8428
1388 6.2882
1389 0.2578
1390 15.9644
1391 4.5702
1392 1.2337
1393 0.3455
1394 18.0098
1395 0.3843
1396 13.6277
1397 15.5807
1398 0.5689
1399 3.1872
1400 0.5564
1401 0.9778
1402 0.7021
1403 26.0286
1404 0.2287
1405 0.2858
1406 2.9806
1407 1.1811
1408 1.4438
1409 1.2497
1410 5.7073
1411 7.8386
1412 2.5509
1413 0.4605
1414 1.8903
1415 0.9572
1416 1.1965
1417 0.2345
1418 1.2331
1419 11.3329
1420 2.4717
1421 12.4548
1422 1.6404
1423 5.5666
1424 1.8047
1425 0.3378
1426 1.3233
1427 3.1578
1428 12.0195
1429 12.8513
1430 13.5833
1431 17.8708
1432 5.1664
1433 1.4537
1434 3.0591
1435 8.0603
1436 0.4198
1437 9.7935
1438 2.2380
1439 24.9611
1440 0.1458
1441 2.8359
1442 0.6258
1443 5.0469
1444 2.8038
1445 4.0446
1446 0.7756
1447 1.1995
1448 0.7979
1449 13.3890
1450 0.3439
1451 3.6845
1452 5.5572
1453 0.9348
1454 5.7836
1455 5.4536
1456 14.8558
1457 4.8027
1458 0.6502
1459 0.1421
1460 0.4689
1461 3.1134
1462 0.3592
1463 2.9980
1464 0.7097
1465 2.3345
1466 6.9505
1467 0.2225
1468 0.8102
1469 11.0003
1470 5.2175
1471 0.6986
1472 1.2964
1473 0.3043
1474 1.8582
1475 1.6171
1476 14.2463
1477 2.7910
1478 2.3396
1479 21.3430
1480 0.8252
1481 4.3071
1482 0.9013
1483 2.5401
1484 0.4977
1485 0.8105
1486 0.9396
1487 7.6701
1488 0.3981
1489 3.3882
1490 2.2362
1491 1.3016
1492 4.7488
1493 0.9567
1494 6.1153
1495 0.4391
1496 1.2562
1497 1.6674
1498 0.8785
1499 8.8897
1500 8.1669
1501 1.2557
1502 3.3428
1503 2.7808
1504 1.0351
1505 17.0872
1506 4.7995
1507 0.7799
1508 2.5897
1509 0.6280
1510 1.5430
1511 5.4869
1512 13.9310
1513 0.3687
1514 1.1359
1515 2.4840
1516 1.3564
1517 0.5692
1518 6.3599
1519 11.5008
1520 3.2421
1521 37.0040
1522 2.8684
1523 20.5058
1524 0.4864
1525 5.2324
1526 2.4873
1527 2.5968
1528 18.0584
1529 31.0085
1530 5.0551
1531 5.4545
1532 3.4186
1533 0.6272
1534 3.2565
1535 3.2459
1536 3.0720
1537 10.2256
1538 0.1939
1539 1.6397
1540 1.6140
1541 3.0568
1542 3.2519
1543 2.4192
1544 3.0286
1545 0.4808
1546 2.7723
1547 13.5067
1548 1.1052
1549 18.0971
1550 6.6758
1551 7.5947
1552 1.3196
1553 1.9641
1554 0.7907
1555 8.2032
1556 1.9510
1557 5.9277
1558 17.1469
1559 7.5752
1560 6.9800
1561 0.4761
1562 0.4817
1563 8.8462
1564 0.1214
1565 0.2957
1566 0.5322
1567 5.1417
1568 0.1666
1569 2.3020
1570 0.1894
1571   NaN
1572 0.8203
1573 1.5132
1574 4.2802
1575 3.1373
1576 0.4234
1577 3.1270
1578 1.3885
1579 1.8606
1580 4.6964
1581 3.4697
1582 2.5824
1583 0.6643
1584 2.6367
1585 9.7974
1586 0.7792
1587 5.6076
1588 0.6641
1589 2.9599
1590 2.2792
1591 1.1609
1592 2.1616
1593 2.3088
1594 21.9818
1595 1.8322
1596 9.3184
1597 0.9178
1598 2.2247
1599 8.6528
1600 1.2675
1601 1.0419
1602 16.5454
1603 0.4418
1604 0.9853
1605 2.7017
1606 18.6618
1607 8.1590
1608 1.5809
1609 0.8281
1610 0.3775
1611 2.9381
1612 0.2498
1613 2.2171
1614 3.0506
1615 2.1637
1616 0.8379
1617 0.2009
1618 1.2067
1619 20.1945
1620 0.8809
1621 0.5799
1622 0.2362
1623 0.2518
1624 15.1672
1625 2.1632
1626 0.2032
1627 14.3073
1628 3.5046
1629 2.4443
1630 1.5527
1631   NaN
1632 0.9229
1633 1.3313
1634 0.1788
1635 0.6887
1636 24.8697
1637 4.3446
1638 3.0610
1639 2.0546
1640 10.9131
1641 12.1237
1642 0.0821
1643 2.1371
1644 0.1803
1645 1.0478
1646 18.7490
1647 2.0544
1648 2.7686
1649 0.7384
1650 1.7306
1651 1.2653
1652 5.8057
1653 2.4487
1654 1.7569
1655 1.8518
1656 27.8058
1657 17.7451
1658 2.5454
1659 2.3107
1660 0.3976
1661 2.3070
1662 0.7993
1663 1.2746
1664 5.6917
1665 1.1615
1666 6.4500
1667 21.5550
1668 0.6720
1669 11.7288
1670 0.8959
1671 2.4240
1672 2.7522
1673 0.6935
1674 1.3153
1675 0.9143
1676 0.2604
1677 11.8092
1678 27.4573
1679 3.8550
1680 1.9113
1681 1.0311
1682 2.8422
1683 14.4044
1684 3.2221
1685 12.4762
1686 0.1000
1687 0.1539
1688 1.1111
1689 2.3069
1690 2.0355
1691 0.3182
1692 0.9714
1693 0.5088
1694 0.8817
1695 8.9829
1696 3.3108
1697 0.3115
1698 4.6613
1699 19.5797
1700 1.5412
1701 2.4305
1702 0.5697
1703 8.2604
1704 0.5968
1705 11.7435
1706 0.9023
1707 0.3234
1708 0.2404
1709 0.8956
1710 0.4573
1711 1.0683
1712 18.1904
1713 0.5464
1714 27.9901
1715   NaN
1716 0.4349
1717 7.0075
1718 0.6972
1719 0.9635
1720 0.1962
1721 1.3062
1722 6.3950
1723 0.3307
1724 15.4080
1725 39.3628
1726 1.2989
1727 1.5116
1728 20.1808
1729 9.5779
1730 3.6398
1731 4.3802
1732 1.3675
1733 3.0044
1734 19.4176
1735 4.4153
1736 14.5490
1737 0.3235
1738 5.8045
1739 0.3930
1740 0.3738
1741 0.7681
1742 4.7150
1743 0.2254
1744 1.2319
1745 0.1258
1746 1.0752
1747 5.5033
1748 6.7331
1749 0.4371
1750 39.8086
1751 1.3116
1752 0.1728
1753 1.1330
1754 6.1192
1755 8.9812
1756 1.4515
1757 1.5340
1758 6.3744
1759 1.3525
1760 5.5345
1761 0.2425
1762 0.7924
1763 0.8429
1764 10.6747
1765 6.2789
1766 0.8602
1767 30.4635
1768 1.3783
1769 5.3241
1770 0.3476
1771 1.8320
1772 0.5237
1773 2.9302
1774 0.9719
1775 0.2178
1776 2.8057
1777 14.8734
1778 2.0185
1779 0.5608
1780 1.4059
1781 1.8002
1782 8.2884
1783 0.4229
1784 0.8889
1785 0.4487
1786 2.0178
1787 0.4412
1788 0.9143
1789 0.2477
1790 15.1205
1791 1.0626
1792 0.3100
1793 1.7364
1794 3.2346
1795 53.4533
1796 13.1050
1797 2.3292
1798 1.0471
1799 1.5798
1800 1.0663
1801 0.8006
1802 0.5880
1803 0.1756
1804 1.3798
1805 1.7187
1806 5.5964
1807 24.3020
1808 0.4739
1809 3.2495
1810 0.3111
1811 3.7809
1812 0.1259
1813 0.3324
1814 11.5384
1815 26.0710
1816 3.8314
1817 1.8165
1818 2.4489
1819 0.3946
1820 26.2965
1821 2.0753
1822 2.6720
1823 10.5864
1824 1.2331
1825 0.2883
1826 1.1332
1827 10.8753
1828 3.5512
1829 0.4180
1830 3.2635
1831 2.2008
1832 0.6269
1833 2.3126
1834 1.8205
1835 1.5275
1836 1.3922
1837 0.3127
1838 2.1026
1839 0.8175
1840 4.2814
1841 0.3019
1842 0.4009
1843 0.7289
1844 16.0954
1845 0.3650
1846 1.1406
1847 7.1691
1848 13.4695
1849 17.3172
1850 16.8396
1851 3.2560
1852 3.0198
1853 11.8229
1854 0.3694
1855 2.4705
1856 12.6656
1857 2.4721
1858 5.9618
1859 0.7527
1860 1.2695
1861 1.0153
1862 0.6035
1863 0.6917
1864 1.4940
1865 0.4447
1866 24.0155
1867 2.7650
1868 4.0392
1869 0.5470
1870 0.8484
1871 14.1973
1872 0.5724
1873 2.3502
1874 2.4061
1875 20.9906
1876 24.6200
1877 1.2212
1878 2.6932
1879 0.9349
1880 0.3763
1881 23.7928
1882 0.2003
1883 3.9000
1884 0.6553
1885 13.5465
1886 2.0259
1887 7.2251
1888 2.6491
1889 0.5951
1890 1.6573
1891 5.6818
1892 0.1827
1893 1.3873
1894 3.7516
1895 3.9858
1896 7.9670
1897 0.4564
1898 0.2681
1899 3.3075
1900 1.0736
1901 2.4558
1902 4.8477
1903 0.3155
1904 0.7345
1905 1.2137
1906 0.6663
1907 1.1882
1908 4.8189
1909 10.1759
1910 0.4991
1911 0.5922
1912 10.1526
1913 6.4538
1914 0.4145
1915 1.2995
1916 13.5175
1917 1.2048
1918 0.6602
1919 0.3655
1920 0.7656
1921 1.0833
1922 3.1618
1923 5.3674
1924 1.2342
1925 1.9296
1926 5.5339
1927 16.4587
1928 7.9764
1929 5.3413
1930 11.5893
1931 11.4251
1932 0.3763
1933 0.5092
1934 10.2897
1935 1.8838
1936 5.7642
1937 23.6607
1938 2.9421
1939 0.4387
1940 1.7573
1941 1.6665
1942 2.5458
1943 3.3338
1944 3.9813
1945 0.6252
1946 0.9366
1947 0.3030
1948 0.5277
1949 2.4418
1950 0.9167
1951 0.5052
1952 0.4462
1953 6.4628
1954 2.5321
1955 0.5212
1956 17.2550
1957 1.0707
1958 0.9004
1959 0.8798
1960 0.3365
1961 0.2159
1962 7.1740
1963 4.3314
1964 4.6269
1965 9.8843
1966 0.9990
1967 0.9723
1968 1.4490
1969 1.1386
1970 1.2002
1971 0.4813
1972 0.4309
1973 3.6143
1974 0.3212
1975 16.9147
1976 0.7561
1977 0.6523
1978 1.4487
1979 1.3006
1980 12.5789
1981 1.4515
1982 11.6263
1983 0.7116
1984 5.8978
1985   NaN
1986 3.5413
1987 1.5172
1988 0.3037
1989 3.4634
1990 0.7258
1991 2.7655
1992 1.3543
1993 9.0236
1994 6.2856
1995 0.5627
1996 13.0798
1997 2.7731
1998 1.0031
1999 1.5358
2000 5.1632
2001 1.6773
2002 23.9303
2003 0.7078
2004 1.7296
2005 1.3005
2006 0.9278
2007 0.6044
2008 2.9657
2009 1.2381
2010 4.2520
2011 1.0177
2012 19.7314
2013 5.1207
2014 6.5759
2015 14.7279
2016 1.5106
2017 1.9773
2018 3.7162
2019 9.5422
2020 27.9373
2021 0.5594
2022 25.1039
2023 1.0923
2024 2.2343
2025 2.3403
2026 2.5528
2027 0.7274
2028 2.7588
2029 4.2096
2030 2.2027
2031 0.2708
2032 10.3055
2033 0.2558
2034 16.4325
2035 9.0127
2036 9.2823
2037 0.1644
2038 1.8029
2039 18.4783
2040 0.5231
2041 0.3947
2042 20.4585
2043   NaN
2044 1.5706
2045 8.2484
2046 2.5111
2047 1.0092
2048 0.3632
2049 0.1334
2050 1.6177
2051 3.6161
2052 4.4335
2053 0.5821
2054 2.3301
2055 0.9431
2056 1.0315
2057 30.1009
2058 2.4449
2059 3.4208
2060 0.6556
2061 1.1442
2062 1.0425
2063 1.1098
2064 0.8631
2065 0.5931
2066 9.6444
2067 10.8300
2068 0.4424
2069 14.9861
2070 0.1049
2071 0.2958
2072 1.1766
2073 0.5822
2074 29.8405
2075 4.1548
2076 2.5324
2077 0.3172
2078 1.1443
2079 0.1185
2080 4.9459
2081 0.6649
2082 1.0074
2083 1.1443
2084 1.5117
2085 1.5812
2086 0.8553
2087 27.7359
2088 4.6988
2089 6.6155
2090 19.5951
2091 1.1863
2092 0.8890
2093 7.5017
2094 0.7020
2095 0.6179
2096 2.8725
2097 3.1914
2098 3.5719
2099 27.8558
2100 0.7245
2101 0.8144
2102 15.5765
2103 16.8061
2104 1.2378
2105 0.3580
2106 1.1759
2107 0.9313
2108 11.1853
2109 0.5199
2110 2.0925
2111 0.9425
2112 0.8487
2113 0.8640
2114 0.8598
2115 5.8794
2116 0.8425
2117 2.9233
2118 0.4148
2119 3.3682
2120 0.3476
2121 14.9354
2122 16.1999
2123 0.8250
2124 2.7790
2125 0.0897
2126 0.5497
2127 7.9752
2128 3.0715
2129 8.0416
2130 0.2616
2131 19.2786
2132 4.5763
2133 1.2374
2134 1.0140
2135 1.7958
2136 18.0799
2137 1.5516
2138 6.8837
2139 4.2000
2140 6.0236
2141 0.3350
2142 18.2508
2143 1.5788
2144 0.3231
2145 1.7211
2146 1.8485
2147 0.2106
2148 0.6059
2149 10.8406
2150 16.6085
2151 0.4836
2152 0.0855
2153 0.1444
2154 26.0455
2155 12.8172
2156 0.8944
2157 1.7740
2158 0.6547
2159 7.3475
2160 20.7971
2161 0.1479
2162 17.2236
2163 0.3679
2164 2.1038
2165 6.4090
2166 7.5202
2167 4.1813
2168 0.7701
2169 3.2892
2170 3.8844
2171 9.3800
2172 10.0452
2173 2.9280
2174 0.3814
2175 24.0486
2176 1.2896
2177 0.9113
2178 2.0478
2179 4.0432
2180 7.3930
2181 5.6680
2182 27.2342
2183 0.8939
2184 13.5715
2185 0.0624
2186 2.1681
2187 0.1529
2188 14.8270
2189 0.6336
2190 1.6246
2191 1.3702
2192 12.6218
2193 1.8901
2194 1.3559
2195 16.6088
2196 0.5780
2197 15.1157
2198 22.7122
2199 1.8377
2200 16.3719
2201 0.2980
2202 10.2002
2203 1.3659
2204 1.9014
2205 18.8744
2206 3.4065
2207 1.0110
2208 3.4244
2209 21.9517
2210 1.2771
2211 0.1874
2212 1.3652
2213 1.6100
2214 0.1542
2215 1.7420
2216 2.1503
2217 1.0766
2218 12.6792
2219 6.5303
2220 7.2535
2221 18.5067
2222 1.5524
2223 1.4449
2224 1.3574
2225 1.4409
2226 4.0235
2227 28.8060
2228 22.1653
2229 1.6428
2230 0.7123
2231 3.6931
2232 13.4356
2233 9.3120
2234 2.7902
2235 0.1429
2236 2.5178
2237 15.8304
2238 22.3030
2239 0.8445
2240 2.5396
2241 3.2638
2242 25.2727
2243 9.4109
2244 1.8186
2245 1.3792
2246 0.3543
2247 0.4675
2248 0.4235
2249 0.1989
2250 1.8304
2251 7.9207
2252 5.0870
2253 0.4443
2254 21.5392
2255 1.0567
2256 0.2665
2257 1.1725
2258 2.1551
2259 4.6062
2260 2.1313
2261 0.4605
2262 0.8213
2263 31.0179
2264 18.6406
2265 0.5634
2266 0.5259
2267 1.0889
2268 7.0632
2269 0.2363
2270 8.7252
2271 0.8174
2272 0.7430
2273 6.3001
2274 1.4300
2275 3.6147
2276 0.9670
2277 4.8117
2278 8.1776
2279 2.1921
2280 1.3033
2281 0.2925
2282 13.5208
2283 11.3997
2284 4.7023
2285 1.4727
2286 6.2819
2287 0.5883
2288 0.4205
2289 0.8477
2290 8.0153
2291 5.8322
2292 3.6332
2293 0.7825
2294 9.5100
2295 0.2034
2296 1.2350
2297 1.4739
2298 0.3988
2299 1.3938
2300 2.5346
2301 2.3141
2302 10.4127
2303 10.1102
2304 3.6556
2305 0.8868
2306 0.4040
2307 1.8271
2308 26.5431
2309 1.6474
2310 3.8741
2311 1.9868
2312 0.8742
2313 14.6421
2314 5.7056
2315 0.8957
2316 5.0206
2317 6.9452
2318 10.1768
2319 2.6000
2320 1.6688
2321 0.2489
2322 0.9069
2323 0.3292
2324 0.3181
2325 0.8204
2326 1.5190
2327 19.7302
2328 0.9705
2329 3.4419
2330 1.3468
2331 0.2312
2332 1.6499
2333 0.7171
2334 0.2252
2335 3.3477
2336 21.2016
2337 10.3112
2338 4.8295
2339 2.4948
2340 2.2121
2341 8.1425
2342 0.9728
2343 14.9147
2344 0.8507
2345 9.9646
2346 0.2853
2347 12.3231
2348 8.7265
2349 0.2432
2350 0.8379
2351 2.7643
2352 5.4839
2353 0.8856
2354 0.9262
2355 5.5164
2356 4.9892
2357 0.6769
2358 1.0769
2359 1.0004
2360 4.1324
2361 3.7871
2362 1.3512
2363 5.5840
2364 1.7943
2365 0.8543
2366 9.6279
2367 2.0258
2368 3.3559
2369 1.4473
2370 1.0953
2371 6.3784
2372 7.2390
2373 1.1166
2374 0.2044
2375 13.8497
2376 1.9335
2377 1.2626
2378 0.1879
2379 4.0636
2380 1.7400
2381 4.4087
2382 11.9027
2383 2.1796
2384 0.2050
2385 0.5815
2386 2.7724
2387 2.0551
2388 0.6568
2389 3.2311
2390 3.0543
2391 0.4781
2392 17.7262
2393 1.5848
2394 2.4313
2395 1.4062
2396 5.8197
2397 0.2459
2398 1.6398
2399 2.6636
2400 2.8364
2401 9.3327
2402 12.8698
2403 1.7661
2404 0.3510
2405 21.2237
2406 1.3509
2407 1.3517
2408 3.5097
2409 5.2070
2410 8.2819
2411 1.2139
2412 0.5601
2413 9.6914
2414 0.6847
2415 11.0382
2416 2.2991
2417 11.0085
2418 1.8334
2419 0.2763
2420 4.6584
2421 26.5042
2422 0.9643
2423 13.8960
2424 0.4863
2425 0.4938
2426 0.1876
2427 17.4842
2428 1.5418
2429 0.0742
2430 13.7102
2431 4.3777
2432 0.7015
2433 16.2351
2434 2.8236
2435 0.3813
2436 1.1695
2437 1.0677
2438 3.2047
2439 0.3390
2440 1.1061
2441 8.8057
2442 0.4918
2443 0.8973
2444 1.0479
2445 0.6574
2446 0.5996
2447 0.4228
2448 1.3678
2449 0.1635
2450 0.5746
2451 5.4000
2452 2.3985
2453 10.0953
2454 1.3679
2455 2.9499
2456 5.8675
2457 0.0742
2458 2.2528
2459 2.0570
2460 0.4171
2461 10.2260
2462 0.9982
2463 1.7857
2464 1.9102
2465 1.6831
2466 0.1780
2467 0.5723
2468 0.8874
2469 1.6966
2470 0.3660
2471 0.2598
2472 9.2426
2473 10.6442
2474 1.4930
2475 0.3003
2476 0.8252
2477 0.3766
2478 1.1905
2479 2.2160
2480 32.4163
2481 1.3507
2482 1.4636
2483 0.6647
2484 1.6146
2485 0.3430
2486 0.2678
2487 0.7224
2488 3.8466
2489 1.9005
2490 0.2405
2491 0.3675
2492 1.7076
2493 10.5632
2494 25.4590
2495 0.4098
2496 1.7270
2497 0.1121
2498 21.0176
2499 0.9564
2500 0.5527
2501 2.1408
2502 5.5975
2503 0.5412
2504 13.8744
2505 8.5966
2506 2.6899
2507 0.4131
2508 0.4894
2509 9.1917
2510 0.6967
2511 1.1233
2512 2.1281
2513 2.9949
2514 1.2647
2515 5.3509
2516 0.4296
2517 0.6462
2518 8.6345
2519 0.5839
2520 2.7505
2521 4.0691
2522 3.7563
2523 1.2831
2524 2.3205
2525 0.3020
2526 9.1110
2527 12.6347
2528 0.7328
2529 3.3927
2530 14.7017
2531 2.9717
2532 1.7112
2533 7.5724
2534 0.2009
2535 0.3409
2536 0.9572
2537 1.1752
2538 5.3130
2539 0.7232
2540 23.3974
2541 0.4468
2542 2.2377
2543 0.8762
2544 1.3025
2545 2.7980
2546 1.3818
2547 12.8367
2548 0.4875
2549 0.9523
2550 3.8038
2551 0.1355
2552 7.0698
2553 0.1926
2554 12.4137
2555 6.4325
2556 3.1758
2557 11.2330
2558 1.5957
2559 4.2428
2560 2.6153
2561 2.6979
2562 0.1862
2563 12.7862
2564 0.7672
2565 1.3860
2566 16.5943
2567 0.3103
2568 6.1971
2569 2.0585
2570 20.1250
2571 1.6893
2572 0.4376
2573 0.8074
2574 0.4196
2575 0.7025
2576 3.3448
2577 4.2142
2578 0.4033
2579 6.4361
2580 1.0608
2581 6.2794
2582 11.6335
2583 0.3665
2584 4.0224
2585 4.8542
2586 5.4653
2587 5.8520
2588 24.7871
2589 1.9037
2590 3.0998
2591 0.6130
2592 2.1624
2593 3.8873
2594 2.5276
2595 3.3040
2596 6.9097
2597 18.5633
2598 5.5602
2599 0.7333
2600 0.4303
2601 0.2547
2602 9.5466
2603 10.0147
2604 41.4257
2605 2.8271
2606 2.2399
2607 11.8344
2608 0.2353
2609 2.8744
2610 0.2780
2611 19.9097
2612 0.3683
2613 0.5708
2614 33.0686
2615 1.2512
2616 1.2934
2617 0.6505
2618 0.7284
2619 1.9385
2620 0.8998
2621 0.7986
2622 0.4083
2623 4.6611
2624 1.3069
2625 3.8140
2626 10.7940
2627 4.7135
2628 1.5540
2629 2.0814
2630 1.1581
2631 1.4318
2632 0.6259
2633 0.3878
2634 2.9143
2635 0.7356
2636 21.5617
2637 0.2264
2638 1.5698
2639 1.7164
2640 0.8424
2641 1.0780
2642 4.1368
2643 10.6579
2644 6.1913
2645 3.2959
2646 19.7203
2647 17.2549
2648 11.8245
2649 24.0094
2650 4.2885
2651 37.2078
2652 0.8522
2653 0.9322
2654 3.1251
2655 4.0542
2656 5.3505
2657 24.1041
2658 0.6873
2659 0.9941
2660 5.7222
2661 17.8938
2662 0.2176
2663 3.6249
2664 3.8985
2665 5.2048
2666 0.8136
2667 1.1186
2668 3.3889
2669 2.7221
2670 0.6830
2671 0.8688
2672 15.1461
2673 2.5651
2674 3.3983
2675 0.6174
2676 29.3768
2677 1.0400
2678 7.6432
2679 0.8745
2680 0.8814
2681 2.3973
2682 2.0670
2683 4.9847
2684 2.1893
2685 9.7877
2686 2.1457
2687 2.9497
2688 12.5691
2689 1.5901
2690 1.3355
2691 0.3591
2692 0.8550
2693 24.3445
2694 0.4091
2695 1.7628
2696 0.5304
2697 0.7349
2698 3.8055
2699 1.1854
2700 0.5589
2701 4.6179
2702 5.4312
2703 0.1613
2704 0.2261
2705 8.9389
2706 8.4852
2707 0.2716
2708 7.4160
2709 3.6442
2710 2.3769
2711 14.2739
2712 0.3921
2713 0.7891
2714 0.1423
2715 4.9719
2716 0.8599
2717 25.1535
2718 0.4436
2719 1.5008
2720 14.0619
2721 0.1433
2722 1.0779
2723 5.0814
2724 3.7103
2725 1.2637
2726 0.2787
2727 8.3177
2728 1.0979
2729 9.1763
2730 1.4091
2731 7.1740
2732 2.2794
2733 1.2532
2734 5.8220
2735 11.2682
2736 18.5648
2737 2.4616
2738 8.4113
2739 26.7688
2740 4.6173
2741 0.5644
2742 10.0123
2743 0.7726
2744 4.1830
2745 12.1086
2746 0.8032
2747 1.7879
2748 0.4313
2749 0.2567
2750 16.4347
2751 15.3743
2752 0.4191
2753 0.4688
2754 3.9946
2755 5.5514
2756 11.0556
2757 0.8822
2758 1.6566
2759 6.0515
2760 0.2521
2761 0.3118
2762 8.7938
2763 2.8374
2764 0.4390
2765 9.9480
2766 15.2343
2767 19.1339
2768 7.7350
2769 4.4613
2770 0.9239
2771 1.5228
2772 4.7038
2773 1.1466
2774 1.0439
2775 0.4246
2776 0.8982
2777 1.0378
2778 0.4432
2779 0.2575
2780 1.3765
2781 0.8944
2782 10.9964
2783 0.1383
2784 5.7538
2785 2.3034
2786 4.3974
2787 2.3684
2788 0.3954
2789 1.0242
2790 0.7564
2791 0.7182
2792 8.7037
2793 0.6250
2794 3.6710
2795 1.4585
2796 2.5148
2797 0.7688
2798 5.1716
2799 0.6145
2800 0.3283
2801 3.1523
2802 7.1760
2803 21.0575
2804 1.5957
2805 0.9986
2806 0.7227
2807 0.3199
2808 0.6845
2809 1.2327
2810 9.5704
2811 1.6833
2812 1.2680
2813 1.5022
2814 10.2560
2815 1.8557
2816 0.3242
2817 1.2881
2818 3.9364
2819 1.4350
2820 1.8528
2821 1.0366
2822 0.2083
2823 9.5136
2824 2.0597
2825 19.3004
2826 0.4730
2827 1.1475
2828 1.0806
2829 1.4307
2830 2.5997
2831 10.5543
2832 1.7517
2833 8.8014
2834 9.3053
2835 27.4304
2836 0.1299
2837 0.8508
2838 0.5343
2839 0.3493
2840 12.2573
2841 0.3282
2842 1.2551
2843 3.4502
2844 0.9326
2845 2.9950
2846 15.7210
2847 0.8978
2848 0.6578
2849 2.6168
2850 1.4643
2851 0.3994
2852 1.6130
2853 9.0282
2854 1.1937
2855 1.8555
2856 6.0200
2857 0.5046
2858 15.0946
2859 3.4179
2860 13.4373
2861 1.9390
2862 0.4206
2863 0.7441
2864 0.5465
2865 0.7815
2866 0.4388
2867 1.0328
2868 3.2507
2869 6.4254
2870 12.2742
2871 4.1099
2872 1.7800
2873 2.0658
2874 0.4315
2875 12.0712
2876 18.0731
2877 0.2159
2878 0.2293
2879 8.6897
2880 0.6038
2881 0.2680
2882 1.3273
2883 7.9574
2884 0.8278
2885 2.9518
2886 30.1346
2887 0.7982
2888 0.9983
2889 1.3821
2890 2.7613
2891 11.1881
2892 26.9826
2893 1.1883
2894 0.9758
2895 0.4421
2896 11.5595
2897 1.6613
2898 0.4307
2899 2.9446
2900 2.1739
2901 3.0596
2902 1.2668
2903 7.3426
2904 0.3643
2905 1.3232
2906 0.7600
2907 13.3355
2908 0.8612
2909 0.5938
2910 1.8226
2911 11.2019
2912 21.4161
2913 3.8233
2914 11.9418
2915 15.2831
2916 4.6579
2917 0.9392
2918 0.3871
2919 4.5408
2920 0.5312
2921 0.3749
2922 0.9654
2923   NaN
2924 4.9128
2925 0.4182
2926 5.4279
2927 1.6879
2928 0.1210
2929 12.6087
2930 22.0179
2931 0.3524
2932 1.1251
2933 0.5698
2934 0.5354
2935 1.9451
2936 0.4531
2937 0.4585
2938 6.4457
2939 27.2871
2940 12.1518
2941 5.8373
2942 1.9463
2943 24.6086
2944 10.5956
2945 1.4342
2946 7.6579
2947 4.5532
2948 3.5397
2949 0.6034
2950 3.7022
2951 5.5797
2952 1.0253
2953 1.6133
2954 1.4261
2955 0.5312
2956 0.7867
2957 20.1372
2958 1.1200
2959 11.8309
2960 15.3023
2961 2.9666
2962 11.5775
2963 0.4072
2964 7.5530
2965 0.8628
2966 5.6981
2967 2.0279
2968 2.7506
2969 1.2080
2970 1.6395
2971 1.4725
2972 2.2649
2973 7.5305
2974 0.8304
2975 0.6452
2976 0.5191
2977 2.5060
2978 4.8788
2979 1.2940
2980 2.8747
2981 0.0933
2982 0.4095
2983 0.4551
2984 25.6489
2985 0.3183
2986 0.5114
2987 2.8630
2988 2.5767
2989 0.9139
2990 21.1283
2991 0.2405
2992 0.3133
2993 0.7520
2994 5.6356
2995 4.6364
2996 0.7858
2997 6.5414
2998 0.3662
2999 16.3897
3000 12.8051
3001 0.7378
3002 6.1760
3003 1.3398
3004 24.7243
3005 0.2953
3006 0.5784
3007 1.8044
3008 0.5913
3009 0.2442
3010 19.1741
3011 0.4811
3012 0.4209
3013 1.0643
3014 2.6629
3015 0.1436
3016 1.8298
3017 10.9556
3018 1.0538
3019 3.3557
3020 0.8836
3021 0.7588
3022 0.6265
3023 0.4972
3024 1.5267
3025 0.4277
3026 3.6083
3027 9.9127
3028 5.4368
3029 1.2497
3030 9.7932
3031 1.4264
3032 2.3801
3033 2.3889
3034 11.1500
3035 8.0847
3036 4.0760
3037 0.6349
3038 26.0397
3039 0.1753
3040 1.6573
3041 12.8405
3042 1.2037
3043 4.0787
3044 6.2851
3045 0.8668
3046 2.5639
3047 2.0406
3048 2.1785
3049 6.3505
3050 6.3483
3051 1.9618
3052 1.7513
3053 3.4059
3054 0.2103
3055 1.7261
3056 3.0524
3057 0.3398
3058 1.2681
3059 0.4088
3060 0.8431
3061 0.3570
3062 8.3278
3063 3.2500
3064 37.6799
3065 11.7814
3066 2.1462
3067 6.0123
3068 5.3455
3069 1.2452
3070 0.6742
3071 2.6176
3072 0.3067
3073 1.5161
3074 32.0551
3075 0.5986
3076 12.0338
3077 7.3357
3078 4.4172
3079 0.3114
3080 5.3192
3081 1.7812
3082 1.4451
3083 7.0422
3084 0.2669
3085 19.1964
3086 14.7573
3087 0.5602
3088 0.8426
3089 1.8491
3090 0.3686
3091 1.7989
3092 0.4997
3093 0.9966
3094 13.9526
3095 4.6939
3096 9.1575
3097 0.9114
3098 1.9008
3099 5.4040
3100 3.4793
3101 1.6393
3102 0.4697
3103 0.8267
3104 2.8823
3105 1.8909
3106 0.1508
3107 5.1996
3108 3.0689
3109 1.3581
3110 5.3608
3111 0.5495
3112 1.2749
3113 26.9786
3114 1.1566
3115 1.1548
3116 1.0918
3117 0.3263
3118 4.3947
3119 1.2243
3120 2.0107
3121 13.9449
3122 1.7351
3123 1.6908
3124 2.2857
3125 28.1411
3126 24.8855
3127 0.3821
3128 0.2515
3129 1.2949
3130 2.0420
3131 1.8138
3132 0.6002
3133 24.6213
3134 8.9534
3135 0.5250
3136 0.4442
3137 2.9171
3138 1.6645
3139 2.8273
3140 6.6034
3141 4.4682
3142 1.5620
3143 41.8817
3144 5.4244
3145 0.4957
3146 11.1501
3147 0.3577
3148 0.2513
3149 6.3914
3150 24.6228
3151 0.4194
3152 1.6315
3153 1.3702
3154 3.5209
3155 3.8199
3156 1.6724
3157 8.4411
3158 6.0933
3159 2.6438
3160 1.6853
3161 22.0025
3162 6.5987
3163 1.6545
3164 0.7471
3165 7.1284
3166 0.3333
3167 0.6931
3168 5.4030
3169 0.4430
3170 0.8234
3171 0.5471
3172 0.7280
3173 23.5799
3174 1.7654
3175 5.4203
3176 5.3511
3177 1.6357
3178 0.1521
3179 0.4544
3180 1.9932
3181 1.7329
3182 3.8097
3183 0.8779
3184 0.5702
3185 1.0749
3186 6.7382
3187 5.3670
3188 0.9121
3189 5.1751
3190 0.9645
3191 0.2258
3192 0.5365
3193 0.5783
3194 2.7954
3195 1.0155
3196 0.3541
3197 3.2873
3198 13.9529
3199 0.4578
3200 7.9619
3201 18.1366
3202 1.2220
3203 0.8509
3204 11.8916
3205 1.2960
3206 1.1599
3207 1.2000
3208 0.8887
3209 9.8689
3210 0.7769
3211 0.3268
3212 3.3771
3213 0.2580
3214 5.7678
3215 0.6220
3216 2.0048
3217 2.1066
3218 1.8627
3219 2.5856
3220 2.4394
3221 1.7485
3222 0.3433
3223 0.1529
3224 3.8069
3225 0.4043
3226 16.2585
3227 1.0197
3228 5.6280
3229 1.1343
3230 5.3832
3231 0.2336
3232 23.5398
3233 5.3751
3234 0.7756
3235 0.6446
3236 7.1582
3237 1.0201
3238 0.2031
3239 4.0917
3240 2.8652
3241 1.3605
3242 40.6984
3243 0.7834
3244 2.2568
3245 6.4091
3246 8.3977
3247 4.9100
3248 13.6697
3249 0.8309
3250 8.8266
3251 20.6750
3252 35.0947
3253 0.4779
3254 0.7305
3255 0.4740
3256 0.9675
3257 2.1577
3258 11.0075
3259 33.8285
3260 9.2604
3261 1.2127
3262 10.8912
3263 1.6505
3264 1.2274
3265 0.7592
3266 0.3226
3267 0.1948
3268 0.2865
3269 1.0024
3270 6.1692
3271 1.3191
3272 1.5622
3273 1.5988
3274 1.4877
3275 40.1742
3276 0.4978
3277 3.2404
3278 0.1626
3279 5.3674
3280 0.2414
3281 2.4126
3282 50.9363
3283 3.4175
3284 0.6925
3285 0.6256
3286 7.0357
3287 0.3515
3288 0.5844
3289 8.3219
3290 12.8755
3291 7.4256
3292 34.9437
3293 3.9522
3294 0.8330
3295 2.6518
3296 13.6137
3297 0.1995
3298 6.9699
3299 0.8168
3300 1.3394
3301 1.7179
3302 18.2228
3303 1.9366
3304 1.5215
3305 2.4013
3306 0.6008
3307 1.3182
3308 0.8925
3309 0.7964
3310 1.2019
3311 5.8924
3312 0.9678
3313 3.4001
3314 0.8073
3315 0.3845
3316 7.5330
3317 1.0578
3318 25.9290
3319 18.4021
3320 0.9634
3321 0.7594
3322 20.1919
3323 0.3014
3324 1.0212
3325 0.4375
3326 3.6199
3327 8.6007
3328 9.1406
3329 9.2079
3330 0.3601
3331 3.4084
3332 1.5932
3333 0.5014
3334 1.9384
3335 13.1599
3336 15.1558
3337 0.7294
3338 0.5799
3339 3.9511
3340 3.2843
3341 5.4953
3342 0.4038
3343 0.6735
3344 1.6758
3345 0.5217
3346 28.0475
3347 9.0507
3348 1.1827
3349 11.7468
3350 3.0371
3351 8.5544
3352 0.1678
3353 6.2463
3354 0.5411
3355 7.6120
3356 1.0678
3357 0.1910
3358 1.5034
3359 0.7817
3360 4.4592
3361 2.7797
3362 2.4203
3363 2.0544
3364 3.2250
3365 1.8062
3366 0.5638
3367 0.6584
3368 13.4739
3369 0.2652
3370 0.2313
3371 0.2858
3372 1.9469
3373 1.6751
3374 5.7209
3375 2.5372
3376 0.4110
3377 0.1664
3378 0.6785
3379 0.3374
3380 0.7704
3381 0.8900
3382 0.5157
3383 5.2989
3384 0.9777
3385 1.3335
3386 1.6922
3387 7.2482
3388 1.5379
3389 3.1851
3390 13.9199
3391 3.9906
3392 2.0045
3393 1.3338
3394 18.5218
3395 11.2401
3396 9.7562
3397 0.4996
3398 1.8213
3399 4.5558
3400 10.7761
3401 12.7714
3402 1.4608
3403 4.4472
3404 15.5367
3405 1.8607
3406 2.7795
3407 9.5813
3408 1.5461
3409 1.3007
3410 0.2261
3411 1.4831
3412 2.9714
3413 4.6544
3414 0.3485
3415 0.5660
3416 0.4131
3417 0.4346
3418 3.0101
3419 3.1178
3420 1.3681
3421 0.7159
3422 5.2296
3423 0.2265
3424 0.1299
3425 0.3854
3426 17.5787
3427 14.6053
3428 5.1002
3429 1.4909
3430 0.2820
3431 3.8750
3432 1.2668
3433 6.7992
3434 0.4153
3435 15.3648
3436 4.0875
3437 18.1607
3438 31.9166
3439 1.2149
3440 2.7686
3441 1.0673
3442 0.9950
3443 0.6588
3444 0.3366
3445 4.4645
3446 11.1187
3447 0.1798
3448 4.3030
3449 9.4008
3450 15.8347
3451 3.4713
3452 15.8931
3453 13.7061
3454 0.9308
3455 0.6812
3456 0.9526
3457 1.8873
3458 1.6199
3459 0.3242
3460 0.3171
3461 18.6743
3462 1.0554
3463 0.5161
3464 2.9513
3465 0.2563
3466 1.9526
3467 2.4304
3468 0.6622
3469 0.8215
3470 18.4722
3471 1.6695
3472 0.9626
3473 0.3807
3474 27.3769
3475 6.4186
3476 0.8994
3477 3.1024
3478 4.9270
3479 7.8717
3480 2.9209
3481 2.5240
3482 0.0843
3483 2.9105
3484 1.3019
3485 1.0065
3486 22.4915
3487 0.8814
3488 30.3105
3489 0.5844
3490 1.6777
3491 2.1724
3492 2.0290
3493 0.3571
3494 3.4391
3495 3.2405
3496 0.4566
3497 3.5859
3498 0.2783
3499 15.4154
3500 5.4120
3501 16.4970
3502 2.1525
3503 15.8277
3504 0.9401
3505 0.2382
3506 1.9409
3507 1.4512
3508 0.2519
3509 3.5624
3510 1.5093
3511 2.4549
3512 18.0748
3513 1.4203
3514 2.5584
3515 18.7438
3516 0.8621
3517 0.2937
3518 1.0584
3519 0.4384
3520 24.0625
3521 1.6037
3522 0.2605
3523 10.8294
3524 1.4174
3525 9.3665
3526 0.4479
3527 2.5272
3528 5.2259
3529 0.4965
3530 3.0122
3531 2.3887
3532 31.0719
3533 0.3731
3534 1.2260
3535 1.1370
3536 1.2323
3537 15.2322
3538 2.9472
3539 0.6897
3540 0.7666
3541 16.3927
3542 1.5539
3543 0.2382
3544 2.9396
3545 20.3271
3546 0.7555
3547   NaN
3548 0.1790
3549 1.1572
3550 6.6377
3551 7.1721
3552 6.8249
3553 2.7730
3554 2.3527
3555 1.4555
3556 0.4291
3557 3.7991
3558 0.4623
3559 5.4602
3560 1.2055
3561 7.5987
3562 4.2779
3563 11.4466
3564 5.6077
3565 0.6581
3566 2.5488
3567 1.4692
3568 2.2231
3569 8.5018
3570 4.2728
3571 0.7215
3572 18.0778
3573 1.2547
3574 1.1872
3575 1.7614
3576 1.4185
3577 3.0035
3578 20.0453
3579 13.4895
3580 4.8396
3581 0.1746
3582 14.3063
3583 4.3443
3584 2.2286
3585   NaN
3586 0.7766
3587 5.8397
3588 8.7622
3589 3.2497
3590 4.6623
3591 0.5748
3592 7.1362
3593 8.3261
3594 10.4236
3595 0.3799
3596   NaN
3597 1.2574
3598 5.8670
3599 5.9015
3600 0.0875
3601 1.5997
3602 0.2546
3603 0.8493
3604 0.4523
3605 1.7671
3606 12.3501
3607 6.2647
3608 0.4050
3609 7.5962
3610 4.9913
3611 0.2014
3612 8.0264
3613 5.8121
3614 11.5839
3615 1.2116
3616 0.4178
3617 0.4415
3618 16.5421
3619 15.8504
3620 2.4483
3621 0.4823
3622 0.6286
3623 0.1826
3624 0.1793
3625 12.9812
3626 9.3719
3627 1.7699
3628 4.9226
3629 1.1337
3630 2.8247
3631 2.4877
3632 0.8907
3633 13.0009
3634 1.9330
3635 10.4033
3636 1.6368
3637 11.3674
3638 0.7419
3639 0.7884
3640 1.0249
3641 25.0186
3642 0.9850
3643 5.8540
3644 6.7436
3645 7.1631
3646 0.9682
3647 1.6846
3648 2.0628
3649 1.0774
3650 0.3314
3651 1.2719
3652 0.6300
3653 0.6078
3654 2.0307
3655 4.4594
3656 3.3682
3657 6.6815
3658 0.9630
3659 17.9965
3660 1.3883
3661 4.1654
3662 2.8894
3663 14.2984
3664 1.5022
3665 0.2254
3666 2.2261
3667 0.9849
3668 7.2928
3669 1.5460
3670 0.2360
3671 4.3709
3672 10.8774
3673 2.2072
3674 6.9822
3675 0.3285
3676 8.4030
3677 1.0835
3678 2.9136
3679 5.8266
3680 49.5505
3681 0.7785
3682 1.0697
3683 1.1654
3684 11.3327
3685 0.4281
3686 34.9352
3687 0.1678
3688 2.2605
3689 0.5431
3690 0.4392
3691 1.4805
3692 0.4929
3693 1.5852
3694 4.8204
3695 0.3946
3696 0.7015
3697 12.1115
3698 2.3884
3699 4.6563
3700 1.7851
3701 0.2514
3702 0.1321
3703 3.5842
3704 0.5468
3705 0.7367
3706 4.5588
3707 1.3075
3708 1.2619
3709 25.1935
3710 0.3445
3711 8.2216
3712 16.6098
3713 0.6133
3714 9.6350
3715 1.8039
3716 1.6202
3717 0.7594
3718 5.2964
3719 1.5211
3720 0.2915
3721 0.9472
3722 3.4308
3723 1.5232
3724 4.0746
3725 15.4791
3726 7.9228
3727 16.4333
3728 3.7050
3729 2.5786
3730 2.0870
3731 6.3134
3732 0.3732
3733 1.6664
3734 13.9074
3735 0.1196
3736 8.8876
3737 11.1289
3738 1.7519
3739 2.9313
3740 1.9993
3741 0.9483
3742 17.7519
3743 0.4756
3744 0.8971
3745 0.9951
3746 0.4198
3747 3.5663
3748 0.9241
3749 0.7421
3750 3.8116
3751 0.5940
3752 5.6791
3753 1.6654
3754 0.6177
3755 0.8636
3756 1.3513
3757 1.3560
3758 2.8539
3759 41.0056
3760 16.8031
3761 29.0924
3762 2.8163
3763 21.0792
3764 2.1155
3765 0.8127
3766 0.2290
3767 0.3920
3768 7.4598
3769 0.1980
3770   NaN
3771 0.9448
3772 1.4156
3773 0.7633
3774 36.0331
3775 25.2721
3776 23.9454
3777 1.7830
3778 2.7770
3779 1.2745
3780 0.9957
3781 5.3653
3782 18.1921
3783 2.5046
3784 0.6091
3785 2.6100
3786 0.2569
3787 0.2995
3788 0.3845
3789 2.2374
3790 9.8553
3791 6.5895
3792 3.9687
3793 7.8528
3794 11.7243
3795 0.7910
3796 4.4105
3797 5.5410
3798 3.7132
3799 0.9084
3800 1.3451
3801 5.1090
3802 0.1754
3803 0.3861
3804 14.6140
3805 9.4590
3806 0.0833
3807 25.2392
3808 13.4644
3809 20.6126
3810 3.8069
3811 0.7400
3812 2.5708
3813 2.0236
3814 1.5501
3815 1.2210
3816 0.5706
3817 12.9126
3818 0.1856
3819 10.1244
3820 0.9614
3821 0.6769
3822 0.7617
3823 4.0530
3824 6.5821
3825 0.4499
3826 11.2952
3827 5.0788
3828 11.4487
3829 8.0826
3830 1.2639
3831 3.9958
3832 6.4917
3833 0.2227
3834 0.3661
3835 5.2374
3836 38.2012
3837 9.8700
3838 0.3310
3839 2.3742
3840 7.8246
3841 1.4770
3842 1.8655
3843 1.1641
3844 0.9772
3845 1.0732
3846 3.7532
3847 26.5962
3848 1.9528
3849 1.7611
3850 1.4817
3851 1.4063
3852 9.9388
3853 6.3611
3854 9.4520
3855 0.3367
3856 9.4761
3857 1.5079
3858 1.2585
3859 23.5584
3860 2.3775
3861 3.8421
3862 9.9257
3863 1.2057
3864 2.8575
3865 2.3052
3866 12.2555
3867 0.3077
3868 2.3628
3869 5.7459
3870 1.1664
3871 9.2458
3872 1.2742
3873 1.5320
3874 2.6279
3875 1.7166
3876 3.4702
3877 1.8271
3878 6.1697
3879 2.8436
3880 20.8201
3881 5.0906
3882 1.1185
3883 11.9827
3884 0.8022
3885 0.0948
3886 5.0015
3887 0.1621
3888 11.6463
3889 8.3034
3890 2.2766
3891 0.2049
3892 0.9406
3893 4.8272
3894 0.3565
3895 0.9272
3896 2.9210
3897 0.6389
3898 12.3219
3899 29.8419
3900 0.9499
3901 0.8174
3902 5.3257
3903 5.3146
3904 0.4283
3905 0.7292
3906 1.3256
3907 1.7375
3908 0.2832
3909 1.8978
3910 0.9883
3911 1.5525
3912 2.1501
3913 0.5302
3914 1.8465
3915 0.2689
3916 2.9283
3917 0.9413
3918 1.9700
3919 15.7206
3920 0.2000
3921 1.0655
3922 0.4843
3923 3.6697
3924 1.5589
3925 1.1771
3926 0.6354
3927 5.2409
3928 1.3141
3929 9.6522
3930 12.4908
3931 3.4456
3932 0.2615
3933 0.9697
3934 18.0070
3935 0.8989
3936 0.5081
3937 0.6197
3938 2.0534
3939 55.9301
3940 0.7244
3941 0.1335
3942 20.8934
3943 15.7386
3944 3.5977
3945 0.4913
3946 0.7662
3947 17.5505
3948 0.6595
3949 11.0224
3950 3.4745
3951 0.2969
3952 16.5459
3953 5.5686
3954 0.9921
3955 2.4399
3956 1.2784
3957 1.6691
3958 15.6300
3959 11.6750
3960 2.8253
3961 1.5454
3962 2.9867
3963 5.9073
3964 2.8455
3965 0.7428
3966 4.9255
3967 0.6484
3968 5.6016
3969 0.8048
3970 1.6769
3971 30.8438
3972 3.8852
3973 1.7603
3974 6.3641
3975 10.8497
3976 1.6750
3977 3.6542
3978 2.2069
3979 1.0198
3980 28.6365
3981 31.1696
3982 0.3791
3983   NaN
3984 0.3811
3985 1.5270
3986 3.7158
3987 0.3751
3988 1.9098
3989 3.6685
3990 21.1106
3991 1.4230
3992 0.2374
3993 22.5077
3994 3.8357
3995 0.5142
3996 3.9646
3997 11.1396
3998 22.4860
3999 2.4755
4000 0.4625
4001 0.2273
4002 2.9282
4003 6.2664
4004 20.7084
4005 0.5877
4006 1.3663
4007 0.5494
4008 6.2150
4009 0.1493
4010 2.3162
4011 0.7649
4012 0.4007
4013 47.5710
4014 2.9459
4015 1.5239
4016 5.3658
4017 0.3758
4018 6.4214
4019 2.2565
4020 10.1344
4021 0.9147
4022 5.0599
4023 11.1719
4024 0.3617
4025 1.6987
4026 17.1458
4027 8.0491
4028 1.0685
4029 10.0791
4030 16.7211
4031 0.4430
4032 0.6371
4033 2.5270
4034 0.6754
4035 1.6065
4036 22.8776
4037 1.3244
4038 1.9523
4039 0.0743
4040 1.0027
4041 0.4554
4042 1.3144
4043 1.2525
4044 6.5262
4045 1.9204
4046 16.9905
4047 2.4947
4048 2.1266
4049 1.5983
4050 1.3805
4051 1.5227
4052 36.9342
4053 3.2552
4054 6.4840
4055 0.2045
4056 2.0694
4057 0.7244
4058 10.3313
4059 0.0950
4060 747.5356
4061 1.9160
4062 2.5656
4063 0.8837
4064 2.5475
4065 0.3420
4066 3.5786
4067 1.3569
4068 13.0687
4069 0.9391
4070 0.2016
4071 1.0520
4072 2.2065
4073 0.7963
4074 0.3044
4075 0.8896
4076 14.9257
4077 18.1153
4078 1.3687
4079 0.7528
4080 2.5188
4081 3.4663
4082 3.6746
4083 19.6448
4084 0.7653
4085 0.3752
4086 12.8414
4087 1.5194
4088 8.6034
4089 10.9404
4090 3.2115
4091 3.3071
4092 0.7658
4093 12.2638
4094 0.5294
4095 9.3487
4096 10.2909
4097 0.8261
4098 0.2794
4099 12.4396
4100 1.3798
4101 5.3171
4102 1.3311
4103 0.8066
4104 4.2134
4105 5.4280
4106 1.0572
4107 5.5991
4108 12.8888
4109 2.9120
4110 5.5793
4111 0.4685
4112 0.8268
4113 3.4918
4114 4.5651
4115 1.3213
4116 1.3342
4117 0.7163
4118 0.5424
4119 0.5363
4120 26.9147
4121 0.6024
4122 0.3085
4123 16.2576
4124 23.5015
4125 13.2665
4126 7.6587
4127 7.9384
4128 1.4436
4129 0.4131
4130 0.2798
4131 0.9219
4132 2.9249
4133 1.8555
4134 1.1591
4135 0.4806
4136 0.5254
4137 2.0944
4138 0.6887
4139 2.8373
4140 10.0897
4141 5.5896
4142 0.2933
4143 0.8741
4144 2.6467
4145 5.9241
4146 3.6636
4147 4.6359
4148 2.5712
4149 0.8042
4150 18.2437
4151 0.3487
4152 10.7255
4153 2.1021
4154 3.1741
4155 0.9836
4156 50.2508
4157 0.4408
4158 9.0412
4159 0.1409
4160 2.0442
4161 0.7295
4162 2.4586
4163 4.8714
4164 17.4499
4165 33.2497
4166 17.5259
4167 1.2439
4168 3.5823
4169 1.6125
4170 6.2708
4171 0.5181
4172 2.8988
4173 2.2911
4174 27.6571
4175 4.4174
4176 16.1266
4177 1.2486
4178 1.1532
4179 0.1900
4180 1.5671
4181 7.6517
4182 0.5143
4183 40.3704
4184 0.9201
4185 17.5563
4186 1.0024
4187 19.2810
4188 0.3042
4189 14.8736
4190 0.7578
4191 5.5169
4192 18.6104
4193 0.1596
4194 1.5926
4195 0.5064
4196 1.9507
4197 1.6301
4198 6.5452
4199 1.4239
4200 2.2512
4201 0.3936
4202 2.4707
4203 0.6879
4204 18.9764
4205 17.5533
4206 6.5546
4207 0.4283
4208 1.6907
4209 1.2164
4210 29.8219
4211 1.0195
4212 0.2317
4213 7.4315
4214 10.1088
4215 3.5269
4216 0.8440
4217 2.7584
4218 3.3224
4219 8.8882
4220 2.0003
4221 2.7064
4222 0.6182
4223 4.2840
4224 3.5841
4225 1.0876
4226 7.7300
4227 0.4073
4228 2.9903
4229 1.2684
4230 0.3356
4231 0.4177
4232 0.3682
4233 18.4194
4234 3.6093
4235 5.7901
4236 1.5663
4237 13.5173
4238 2.9157
4239 15.7977
4240 4.9292
4241 10.8283
4242 0.2787
4243 0.2349
4244 0.4555
4245 21.5045
4246 0.1652
4247 2.0014
4248 1.0467
4249 0.5961
4250 7.5957
4251 0.4699
4252 0.2540
4253 0.9180
4254 5.6316
4255 14.7947
4256 13.3735
4257 29.8486
4258 8.9493
4259 2.8597
4260 2.4876
4261 0.2294
4262 1.3360
4263 2.4189
4264 3.6710
4265 12.9670
4266 1.5957
4267 2.0838
4268 1.0340
4269 0.3071
4270 0.9565
4271 10.2639
4272 7.4670
4273 16.3850
4274 1.5414
4275 1.4422
4276 20.5950
4277 1.9833
4278 7.4836
4279 39.5220
4280 0.3940
4281 0.7142
4282 0.3892
4283 13.6271
4284 8.2444
4285 1.7848
4286 0.8392
4287 1.1654
4288 0.7970
4289 15.0540
4290 1.2892
4291 4.5204
4292 5.7063
4293 4.3294
4294 6.7743
4295 24.2504
4296 5.2162
4297 14.2958
4298 0.4740
4299 16.8093
4300 11.4721
4301 2.1487
4302 1.0532
4303 1.6537
4304 1.6117
4305 6.8612
4306 1.3298
4307 0.1660
4308 0.2466
4309 0.3072
4310 0.3012
4311 3.4252
4312 0.8415
4313 1.0125
4314 3.4795
4315 19.7701
4316 0.7441
4317 4.6094
4318 0.8479
4319 1.0784
4320 0.8718
4321 1.0355
4322 0.2919
4323 10.0580
4324 0.9926
4325 0.9555
4326 2.9552
4327 0.1727
4328 0.6878
4329 0.2366
4330 0.5118
4331 12.4094
4332 4.6665
4333 8.4899
4334 17.5213
4335 2.7635
4336 0.8180
4337 2.8156
4338 0.2979
4339 11.7008
4340 5.5100
4341 0.2132
4342 8.6150
4343 3.1506
4344 24.0649
4345 0.3144
4346 1.4632
4347 10.2623
4348 1.6385
4349 11.5308
4350 1.1056
4351 0.5317
4352 3.8580
4353 4.9974
4354 0.8960
4355 14.5344
4356 1.2395
4357 13.0579
4358 1.1223
4359 0.8371
4360 10.0332
4361 2.0381
4362 0.6775
4363 19.2089
4364 0.3312
4365 0.4019
4366 1.6795
4367 0.1911
4368 2.3155
4369 0.2379
4370 0.2123
4371 1.3532
4372 15.7752
4373 13.7192
4374 26.9967
4375 14.5141
4376 1.1711
4377 2.0077
4378 0.7009
4379 0.5968
4380 0.3761
4381 12.0659
4382 1.9671
4383 0.1588
4384 5.9510
4385 2.0441
4386 12.5936
4387 3.7228
4388 20.8507
4389 4.1178
4390 0.3274
4391 1.1900
4392 1.2153
4393 3.6885
4394 11.2687
4395 0.5618
4396 8.2053
4397 2.7354
4398 7.5923
4399 0.8727
4400 0.6094
4401 0.2129
4402 1.0887
4403 0.2388
4404 32.7864
4405 25.8512
4406 15.9653
4407 0.3686
4408 0.8724
4409 0.2907
4410 1.4086
4411 1.5148
4412 11.8665
4413 15.3850
4414 12.6467
4415 0.8340
4416 27.2693
4417 6.6538
4418 3.2832
4419 13.5095
4420 3.2085
4421 11.0603
4422 0.8680
4423 0.7063
4424 5.6751
4425 6.9613
4426 2.1451
4427 0.0998
4428 10.9544
4429 1.1583
4430 2.6739
4431 15.0228
4432 0.5235
4433 0.1833
4434 6.1774
4435 0.3516
4436 8.9451
4437 5.3596
4438 0.1693
4439 0.3588
4440 3.4232
4441 0.6792
4442 0.3115
4443 17.8761
4444 1.9211
4445 3.2894
4446 0.7293
4447 1.5343
4448 9.7952
4449 0.3726
4450 2.9181
4451 2.2147
4452 2.6851
4453 13.4719
4454 2.0386
4455 0.3672
4456 0.6322
4457 0.2674
4458 2.9802
4459 1.5915
4460 26.7737
4461 12.2011
4462 1.2304
4463 25.6921
4464 21.3351
4465 1.2070
4466 2.6762
4467 1.8696
4468 1.3494
4469 11.4883
4470 9.1897
4471 1.5617
4472 1.7750
4473 0.9844
4474 6.9316
4475 7.6225
4476 0.1898
4477 15.0527
4478 3.9646
4479 0.7793
4480 0.4009
4481 1.1218
4482 2.6077
4483 0.9555
4484 4.7622
4485 1.1676
4486 2.9598
4487 1.7048
4488 0.1746
4489 2.6833
4490 0.2180
4491 0.2111
4492 1.6725
4493 1.4055
4494 0.2237
4495 0.0941
4496 11.5513
4497 0.6830
4498 3.1333
4499 0.4611
4500 1.5345
4501 2.8435
4502 0.1513
4503 4.2157
4504 20.6781
4505 3.1233
4506 0.5057
4507 0.1031
4508 20.6447
4509 1.9196
4510 1.2954
4511 0.9625
4512 5.6727
4513 1.2541
4514 20.5791
4515 4.0899
4516 3.2504
4517 11.2613
4518 3.0425
4519 1.3166
4520 0.5641
4521 17.2713
4522 0.7035
4523 24.0028
4524 1.5050
4525 2.4545
4526 3.6404
4527 15.6651
4528 0.7562
4529 0.1650
4530 1.3586
4531 0.9084
4532 0.1172
4533 0.5406
4534 33.1049
4535 1.2313
4536 0.6551
4537 0.0969
4538 1.4710
4539 0.2161
4540 7.2943
4541 3.2752
4542 1.3522
4543 0.1386
4544 0.9358
4545 0.5720
4546 0.9268
4547 2.0558
4548 1.6525
4549 5.4719
4550 1.9503
4551 4.0638
4552 0.6688
4553 0.9590
4554 0.3588
4555 5.2069
4556 4.2678
4557 5.2244
4558 12.6968
4559 3.3324
4560 19.9374
4561 0.3913
4562 0.4157
4563 0.0829
4564 2.6802
4565 5.6891
4566 14.9166
4567 5.5906
4568 1.0001
4569 4.0752
4570 30.5297
4571 1.0913
4572 10.1181
4573 11.5886
4574 6.8086
4575 2.2153
4576 0.6811
4577 30.3080
4578 2.0889
4579 3.2567
4580 0.5645
4581 0.4721
4582 1.9455
4583 1.5764
4584 32.0242
4585 1.4765
4586 19.9091
4587 2.3706
4588 0.3725
4589 8.2772
4590 3.3186
4591 27.0787
4592 4.8441
4593 0.1715
4594 4.3332
4595 3.3846
4596 9.8328
4597 11.0150
4598 2.0255
4599 0.7462
4600 13.7343
4601 4.8840
4602 0.5912
4603 0.1734
4604 12.5186
4605 0.5674
4606 2.0216
4607 2.6659
4608 0.5428
4609 5.6468
4610 17.2945
4611 0.7981
4612 13.4268
4613 9.6849
4614 1.8887
4615 2.3248
4616 2.4963
4617 0.7574
4618 6.2893
4619 5.8305
4620 8.5601
4621 0.3496
4622 0.8123
4623 3.1274
4624 0.3382
4625 12.0048
4626 0.3750
4627 0.3603
4628 0.1723
4629 3.1739
4630 1.3350
4631 2.4284
4632 1.1315
4633 1.2503
4634 10.3000
4635 1.0305
4636 1.7043
4637 3.5892
4638 10.8809
4639 2.5635
4640 11.0672
4641 8.6443
4642 1.4587
4643 20.8287
4644 0.4867
4645 4.3287
4646 2.2039
4647 18.3287
4648 12.5567
4649 2.5552
4650 0.3253
4651 1.1482
4652 1.8955
4653 3.1520
4654 3.8199
4655 0.5683
4656 0.5664
4657 0.1931
4658 1.2417
4659 0.1556
4660 15.2777
4661 1.2041
4662 0.4498
4663 6.5564
4664 9.7867
4665 0.9266
4666 5.2488
4667 26.0878
4668 4.8669
4669 1.0302
4670 19.6941
4671 0.9500
4672 2.6958
4673 0.7024
4674 2.8285
4675 1.5389
4676 0.4095
4677 1.2946
4678 0.5950
4679 4.5668
4680 0.9627
4681 0.2191
4682 15.8622
4683 1.0224
4684 0.6305
4685 14.5858
4686 0.2406
4687 0.8221
4688 3.9198
4689 14.3184
4690 10.9505
4691 1.0417
4692 0.9885
4693 0.4535
4694 0.3074
4695 14.8523
4696 8.8136
4697 3.7487
4698 0.4954
4699 2.0075
4700 9.4319
4701 0.4718
4702 1.7598
4703 3.0191
4704 1.5951
4705 0.3702
4706 0.1612
4707 0.7091
4708 0.2827
4709 2.5328
4710 0.2498
4711 1.8974
4712 28.2194
4713 0.4550
4714 0.4946
4715 9.4506
4716 0.4326
4717 0.1863
4718 0.8704
4719 1.2042
4720 0.4884
4721 0.4790
4722 0.8675
4723 2.3975
4724 8.9948
4725 0.6049
4726 0.4045
4727 1.1121
4728 7.1777
4729 6.8620
4730 0.2014
4731 0.4468
4732 2.0568
4733 27.0429
4734 11.5846
4735 0.9553
4736 3.7767
4737 17.6777
4738 1.7067
4739 25.3961
4740 0.6941
4741 0.3588
4742 4.1019
4743 0.2717
4744 0.4661
4745 9.7198
4746 4.3481
4747 0.5968
4748 6.5190
4749 16.1402
4750 11.9303
4751 3.6158
4752 0.5944
4753 0.2454
4754 3.9647
4755 25.3781
4756 1.9667
4757 0.3765
4758 0.4811
4759 14.5657
4760 9.8805
4761 1.5257
4762 9.1778
4763 7.3204
4764 4.0240
4765 1.2632
4766 1.7072
4767 0.8141
4768 1.9981
4769 0.4316
4770 2.9807
4771 22.7292
4772 0.5720
4773 3.4668
4774 0.5606
4775 3.7288
4776 1.6728
4777 1.6209
4778 16.3126
4779 0.4143
4780 5.6027
4781 0.5636
4782 3.6527
4783 5.6917
4784 0.8238
4785 1.9753
4786 8.0088
4787 1.3210
4788 7.6804
4789 0.2753
4790 0.9057
4791 0.4227
4792 5.8149
4793 4.8569
4794 1.7972
4795 1.9293
4796 3.5116
4797 3.8827
4798 0.9259
4799 1.5605
4800 6.5401
4801 2.5998
4802 1.7458
4803 0.2125
4804 1.8852
4805 0.8500
4806 0.3965
4807 0.8139
4808 14.1291
4809 0.6522
4810 5.0320
4811 1.6636
4812 4.0879
4813 0.7749
4814 1.3067
4815 0.4138
4816 2.1291
4817 18.1011
4818 17.0294
4819 0.8859
4820 4.4095
4821 0.2233
4822 5.5684
4823 0.4537
4824 1.9087
4825 5.3933
4826 5.4471
4827 1.0754
4828 2.4869
4829 0.2259
4830 0.7361
4831 0.8796
4832 0.3500
4833 3.8278
4834 0.3758
4835 0.4587
4836 5.1659
4837 0.1455
4838 5.7159
4839 7.0017
4840 0.4443
4841 1.5449
4842 5.0924
4843 0.5136
4844 14.9985
4845 1.1371
4846 19.6719
4847 1.7094
4848 20.9752
4849 1.4500
4850 0.3745
4851 18.3336
4852 0.3286
4853 0.7371
4854 9.7520
4855 25.9653
4856 4.0327
4857 15.3439
4858 9.2055
4859 3.1621
4860 0.8041
4861 0.7126
4862 8.6897
4863 1.1588
4864 3.4868
4865 14.4822
4866 1.0994
4867 18.6909
4868 0.4266
4869 1.2529
4870 0.3429
4871 1.8710
4872 0.1457
4873 1.7591
4874 0.3350
4875 3.3679
4876 0.4810
4877 0.5282
4878 2.7926
4879 2.8907
4880 1.2587
4881 3.2100
4882 0.9487
4883 7.9234
4884 0.4721
4885 1.5714
4886 0.4339
4887 1.4947
4888 4.3880
4889 0.4525
4890 0.4437
4891 0.5886
4892 3.3266
4893 0.8416
4894 1.1821
4895 4.3575
4896 4.2820
4897 0.6423
4898 6.4139
4899 15.8983
4900 0.4955
4901 1.3759
4902 4.0332
4903 0.2031
4904 1.3618
4905 9.9337
4906 0.5859
4907 2.6649
4908 6.0608
4909 1.5622
4910 10.9096
4911 21.4340
4912 0.2098
4913 0.3317
4914 4.1650
4915 1.0155
4916 3.0457
4917 7.9062
4918 0.3093
4919 27.6616
4920 3.2683
4921 12.4148
4922 4.5223
4923 4.5603
4924 9.2743
4925 0.3891
4926 4.5034
4927 1.0929
4928 0.1882
4929 4.5099
4930 3.9633
4931 7.2675
4932 0.9237
4933 3.1724
4934 16.3548
4935 0.6472
4936 0.2436
4937 0.4225
4938 1.8199
4939 1.5626
4940 3.9955
4941 15.4923
4942 0.8504
4943 0.3611
4944 0.3012
4945 1.7300
4946 13.6048
4947 0.7703
4948 2.0319
4949 11.1754
4950 3.0664
4951 30.3230
4952 0.7878
4953 0.7260
4954 3.9992
4955 3.8269
4956 5.0406
4957 0.4028
4958 0.6476
4959 2.1610
4960 2.0408
4961 1.5495
4962 28.4788
4963 5.3094
4964 1.2831
4965 0.6740
4966 10.3687
4967 0.2445
4968 10.5166
4969 0.2771
4970 2.8074
4971 2.2231
4972 20.6542
4973 7.7463
4974 1.1842
4975 3.9886
4976 4.4565
4977 13.7219
4978 1.4470
4979 8.4622
4980 2.0174
4981 0.2342
4982 6.0271
4983 10.6964
4984 0.3361
4985 3.5425
4986 6.8862
4987 3.7110
4988 2.9795
4989 17.3664
4990 11.0402
4991 7.6514
4992 1.2659
4993 34.9338
4994 0.5480
4995 1.4251
4996 0.6103
4997 12.0371
4998 0.4954
4999 0.4048
5000 1.9557
