2501 0.3270
2502 0.1737
2503 0.2546
2504 0.2101
2505 0.4336
2506 0.3263
2507 5.6513
2508 0.7507
2509 1.0030
2510 0.3172
2511 27.9134
2512 0.4359
2513 0.2656
2514 3.2117
2515   NaN
2516 1.1761
2517 2.5166
2518 0.7498
2519 0.6017
2520 1.3572
2521 0.1806
2522 1.0413
2523 1.1745
2524 0.1643
2525 0.1972
2526 0.2261
2527 0.1347
2528 11.2235
2529 0.4554
2530 3.5694
2531 0.1408
2532 0.2468
2533 0.2945
2534 0.4234
2535 0.1226
2536 0.7745
2537 0.2060
2538 2.0171
2539 0.4030
2540 0.4541
2541 0.3543
2542 0.1174
2543 0.1488
2544 5.2995
2545 1.8366
2546 0.2327
2547 0.1711
2548 0.3640
2549 0.0842
2550 0.1334
2551 0.2540
2552 0.1878
2553 0.4600
2554 0.5775
2555 0.6127
2556 0.1120
2557 0.1203
2558 19.8398
2559 3.7270
2560 0.1344
2561 0.4059
2562 8.6366
2563 0.3059
2564 15.0320
2565 1.6826
2566 0.7497
2567 1.7740
2568 1.7701
2569 0.3207
2570 0.2642
2571 0.3250
2572 0.1491
2573 0.5032
2574 0.1345
2575 0.4427
2576 1.2672
2577 1.3472
2578 0.1648
2579 4.6355
2580 0.5464
2581 9.1510
2582 0.1331
2583 0.2231
2584 0.5005
2585 0.5736
2586 0.3084
2587 6.3134
2588 0.3544
2589 0.0882
2590 0.1166
2591 0.2032
2592 1.1771
2593 0.2240
2594 0.1831
2595 0.4625
2596 0.1798
2597 0.4106
2598 0.1411
2599 0.1328
2600 0.1776
2601 0.6003
2602 0.7717
2603 1.5204
2604 0.9003
2605 3.3293
2606 0.9275
2607 0.2031
2608 1.5990
2609 0.3489
2610 13.5520
2611 0.4394
2612 0.6949
2613 0.9287
2614 0.1538
2615 0.3757
2616 0.1899
2617 0.4987
2618 0.7403
2619 0.4430
2620 0.6933
2621 0.2202
2622 3.2707
2623 1.0715
2624 1.0522
2625 0.7492
2626 0.7832
2627 13.4608
2628 0.7250
2629 7.1080
2630 6.7199
2631 1.2957
2632 0.3062
2633 0.1216
2634 0.2522
2635 0.6201
2636 2.3006
2637 0.4998
2638 0.1913
2639 2.1228
2640 0.0940
2641 0.3066
2642 0.3621
2643 0.4474
2644 1.8697
2645 0.2065
2646 8.1220
2647 0.3053
2648 0.1821
2649 0.1308
2650 0.2530
2651 0.5363
2652 0.4563
2653 0.5313
2654 5.9940
2655 0.4336
2656 0.1598
2657 0.3917
2658 0.1386
2659 0.2841
2660 0.9377
2661 3.2489
2662 0.2257
2663 0.2839
2664 0.2387
2665 0.4198
2666 5.8368
2667 24.7212
2668 3.7061
2669 1.5089
2670 3.1862
2671 1.5631
2672 0.6362
2673 0.6514
2674 0.5697
2675 0.2376
2676 0.3157
2677 0.1368
2678 4.8207
2679 5.2148
2680 1.9749
2681 1.7468
2682 0.8391
2683 14.0704
2684 0.8959
2685 1.2830
2686 0.5921
2687 0.2004
2688 3.9469
2689 0.3009
2690 0.3803
2691 0.1105
2692 0.1382
2693 1.9421
2694 1.0371
2695 0.0867
2696 1.8522
2697 0.1021
2698 8.3834
2699 0.6290
2700 0.6120
2701 0.5573
2702 0.5068
2703 0.8810
2704 5.8451
2705 0.2933
2706 12.3515
2707 0.1688
2708 0.2389
2709 0.1343
2710 26.6222
2711 6.5333
2712 28.4283
2713 0.1283
2714 0.2641
2715 0.6753
2716 0.1334
2717 0.7165
2718 0.1586
2719 0.3311
2720 0.2071
2721 1.3499
2722 0.3045
2723 0.1449
2724 0.3759
2725 0.6695
2726 0.4315
2727 0.4781
2728 0.5800
2729 0.4703
2730 0.6746
2731 2.2750
2732 0.3542
2733 0.4401
2734 5.8441
2735 3.3598
2736 0.5198
2737 0.4180
2738 0.2630
2739 0.2198
2740 7.5214
2741 0.0854
2742 0.1043
2743 7.0612
2744 0.2383
2745 8.5016
2746 0.5420
2747 0.3070
2748 0.2727
2749 0.4225
2750 2.2906
2751 0.5775
2752 3.7586
2753 0.3982
2754 21.0643
2755 0.5768
2756 0.2426
2757 1.5969
2758 0.8484
2759 0.8221
2760 1.4179
2761 0.0986
2762 0.2070
2763 0.1899
2764 0.1176
2765 0.3930
2766 0.1631
2767 0.3926
2768 0.1639
2769 1.8084
2770 0.2227
2771 0.1426
2772   NaN
2773 0.8382
2774 2.7527
2775 0.2008
2776 0.1291
2777 0.2100
2778 1.9866
2779 0.1692
2780 0.3606
2781 0.6526
2782 0.4906
2783 1.1808
2784 0.3863
2785 0.5095
2786 0.4155
2787 4.1625
2788 0.6213
2789 0.3418
2790 0.2763
2791 0.1795
2792 0.3700
2793 0.1679
2794 2.6238
2795 6.0133
2796 0.1448
2797 0.4291
2798 0.7354
2799 7.9373
2800 0.2416
2801 0.1811
2802 0.1653
2803 0.8557
2804 0.2222
2805 0.1842
2806 0.3501
2807 0.9265
2808 2.9756
2809 0.2466
2810 0.0872
2811 0.5324
2812 2.8720
2813 0.9267
2814 0.1744
2815 6.6539
2816 0.3876
2817 0.2830
2818 0.7574
2819 0.9637
2820 0.1446
2821 0.1239
2822 0.1739
2823 0.1628
2824 0.6158
2825 0.3361
2826 0.1015
2827 0.1962
2828 0.1821
2829 1.6194
2830 0.8646
2831 0.1745
2832 0.8174
2833 0.1175
2834 0.1123
2835 0.2056
2836 0.3494
2837 0.3100
2838 0.2912
2839 0.6333
2840 0.9078
2841 0.0731
2842 0.3530
2843 1.5684
2844 1.0635
2845 1.6725
2846 0.5334
2847 0.1124
2848 0.1370
2849   NaN
2850 2.2426
2851 17.5071
2852 0.7163
2853 1.1258
2854 0.2465
2855 0.2156
2856 0.3199
2857 0.1003
2858 0.2297
2859 0.3427
2860 0.3378
2861 0.1652
2862 0.1458
2863 0.2045
2864 0.3949
2865 0.2337
2866 0.3226
2867 0.8005
2868 14.6825
2869 0.6005
2870 0.2520
2871 2.8823
2872 1.1797
2873 7.8554
2874 0.3504
2875 0.6025
2876 4.5812
2877 0.6182
2878 0.1770
2879 0.2397
2880 0.4457
2881 0.3507
2882 2.9357
2883 0.4174
2884 0.3218
2885 1.8750
2886 0.5736
2887 1.0028
2888 2.4594
2889 0.9590
2890 4.5820
2891 0.1223
2892 0.7500
2893 0.1723
2894 0.0940
2895 1.9521
2896 0.1255
2897 5.9981
2898 1.3844
2899 0.3043
2900 13.5301
2901 0.1072
2902 0.4418
2903 0.9407
2904 0.2384
2905 0.2339
2906 0.1314
2907 0.1271
2908 0.0830
2909 0.9180
2910 0.2617
2911 0.4286
2912 0.1077
2913 0.6485
2914 0.7554
2915 0.3182
2916 0.2147
2917 0.0793
2918 0.2783
2919 1.8765
2920 19.8348
2921 0.0629
2922 0.3504
2923 2.6245
2924 0.5032
2925 0.2227
2926 0.9263
2927 0.3260
2928 0.1491
2929 2.3798
2930 0.2475
2931 0.2467
2932 1.1718
2933 5.1616
2934 0.1329
2935 0.2636
2936 0.3898
2937 0.4846
2938 3.1772
2939 6.9009
2940 0.3117
2941 0.0901
2942 4.8961
2943 4.8060
2944 0.5283
2945 2.1280
2946 0.1311
2947 0.3841
2948 3.4230
2949 0.5295
2950 0.0846
2951 1.3576
2952 0.4855
2953 7.8475
2954 0.1655
2955 0.2234
2956 0.3258
2957 0.6532
2958 14.0327
2959 1.9046
2960 0.1756
2961 0.1608
2962 0.2260
2963 0.4596
2964 0.1172
2965 1.9132
2966 4.6014
2967 0.8836
2968 0.1945
2969 0.7133
2970 0.3415
2971 0.1779
2972 18.1019
2973 0.0601
2974 1.5710
2975 0.5187
2976 0.2128
2977 3.8401
2978 0.2482
2979 0.3041
2980 0.5149
2981 0.3125
2982 0.1116
2983 0.2990
2984 0.1597
2985 1.1113
2986 0.1934
2987 0.4378
2988 1.5454
2989 0.6363
2990 1.2933
2991 1.2027
2992 1.3642
2993 0.1110
2994 0.9345
2995 0.1233
2996 0.4219
2997 0.1616
2998 0.9018
2999 0.5131
3000 0.4483
3001 0.7686
3002 11.5268
3003 0.1026
3004 0.5449
3005 0.1783
3006 0.2291
3007 1.1780
3008 4.8394
3009 0.6611
3010 0.3073
3011 5.2982
3012 0.5514
3013 0.5186
3014 3.5999
3015 0.5847
3016 0.1105
3017 0.2316
3018 0.1325
3019 0.2993
3020 12.5624
3021 5.3625
3022 0.2038
3023 0.1742
3024 1.2244
3025 0.5979
3026 1.1069
3027 4.5520
3028 1.0001
3029 0.2356
3030 0.8869
3031 0.6249
3032 0.5915
3033 4.8973
3034 0.2024
3035 0.6924
3036 0.2182
3037 9.6182
3038 6.9255
3039 0.1594
3040 0.3334
3041 0.4949
3042 4.4962
3043 0.6273
3044 0.7513
3045 2.3233
3046 0.2104
3047 0.3719
3048 0.4806
3049 0.7663
3050 3.5325
3051 0.1895
3052 0.2702
3053 5.1004
3054 0.1004
3055 0.1586
3056 0.5483
3057 0.7274
3058 0.1189
3059 1.2264
3060 1.8802
3061 0.5328
3062 4.4116
3063 0.0699
3064 0.4747
3065 0.1390
3066 0.1734
3067 0.2343
3068 0.4375
3069 0.1543
3070 0.0960
3071 23.4172
3072 4.0604
3073 0.1970
3074 1.9556
3075 0.2260
3076 0.2782
3077 0.6029
3078 10.2217
3079 0.4662
3080 0.1211
3081 0.2874
3082 1.4196
3083 0.0953
3084 2.0739
3085 2.5199
3086 0.3402
3087 0.3583
3088 4.0357
3089 0.3682
3090 0.1762
3091 0.1760
3092 0.1333
3093 4.8158
3094 2.3125
3095 0.6629
3096 0.1553
3097 0.3115
3098 0.5430
3099 0.1296
3100 0.2101
3101 0.1691
3102 8.5625
3103 0.1631
3104 2.6529
3105 0.1163
3106 0.4501
3107 0.4036
3108 0.1967
3109 1.5895
3110 0.7707
3111 2.9315
3112 0.2123
3113 7.1021
3114 0.2590
3115 2.7625
3116 4.1679
3117 0.1323
3118 0.2367
3119 0.3423
3120 0.1576
3121 0.2331
3122 6.8941
3123 0.7525
3124 0.2823
3125 0.4376
3126 0.9266
3127 2.6446
3128 0.1003
3129 0.1849
3130 1.9145
3131 0.1753
3132 0.1906
3133 0.3190
3134 0.2155
3135 0.1326
3136 0.2343
3137 0.2285
3138 0.1210
3139 0.6809
3140 0.1379
3141 10.5410
3142 0.3909
3143 0.1968
3144 0.1713
3145 1.6648
3146 0.5608
3147 0.6163
3148 6.4480
3149 0.1050
3150 0.1578
3151 0.0686
3152 0.0907
3153 0.6666
3154 0.2482
3155 6.0139
3156 0.5864
3157 3.5391
3158 0.4547
3159 2.5008
3160 0.3444
3161 0.7582
3162 0.1913
3163 0.1367
3164 0.0955
3165 0.3962
3166 0.8385
3167 0.3989
3168 0.2284
3169 13.2275
3170 8.7236
3171 3.7610
3172 0.4936
3173 0.1771
3174 0.1734
3175 1.4313
3176 0.3677
3177 0.3772
3178 0.6476
3179 0.0786
3180 0.4637
3181 0.3267
3182 1.2201
3183 0.2225
3184 0.2564
3185 0.3457
3186 1.8384
3187 0.2676
3188 0.4523
3189 5.9792
3190 2.1214
3191 0.5345
3192 0.4580
3193 3.5494
3194 0.0944
3195 3.3707
3196 0.7828
3197 2.3344
3198 0.1812
3199 0.6859
3200 0.3120
3201 0.6170
3202 0.1877
3203 0.8204
3204 0.1878
3205 9.4657
3206 5.8334
3207 0.2467
3208 0.0614
3209 0.4786
3210 0.1286
3211 2.3823
3212 0.1879
3213 6.7957
3214 1.1508
3215 1.7224
3216 0.6165
3217 2.0156
3218 1.3376
3219 15.3133
3220 7.5439
3221 0.9544
3222 0.2749
3223 0.1830
3224   NaN
3225 1.8986
3226 0.4492
3227 0.1673
3228 0.1727
3229 0.7369
3230 0.1222
3231 4.6974
3232 0.1792
3233 0.1967
3234 0.2496
3235 0.4660
3236 0.4961
3237 19.3538
3238 14.0875
3239 0.8405
3240 6.8135
3241 1.8375
3242 0.6291
3243 0.6027
3244 0.2447
3245 0.4254
3246 0.8592
3247 0.1381
3248 0.3256
3249 0.8908
3250 0.7867
3251 0.5281
3252 1.0824
3253 2.1162
3254 0.4615
3255 0.4028
3256 0.0826
3257 0.1310
3258 0.1786
3259 0.1626
3260 0.0775
3261 0.2805
3262 0.2020
3263 14.9445
3264 2.2660
3265 0.6032
3266 1.3238
3267 0.6500
3268 0.1130
3269 0.0863
3270 0.3414
3271 0.4796
3272 16.6098
3273 0.4218
3274 2.5740
3275 3.7438
3276 2.7684
3277 2.0063
3278 0.2933
3279 1.2128
3280 0.6481
3281 1.2168
3282 2.2228
3283 0.0649
3284 1.4959
3285 0.6912
3286 0.2750
3287 0.8092
3288 0.1436
3289 11.4988
3290 0.1198
3291 17.4244
3292 0.1308
3293 4.9930
3294 0.6892
3295 0.0989
3296 0.6278
3297 0.1997
3298 2.7254
3299 1.0265
3300 18.4817
3301 1.8429
3302 0.1532
3303 0.4282
3304 0.4752
3305 0.3214
3306 0.1832
3307 0.5010
3308 0.9294
3309 0.4549
3310 1.2027
3311 6.2795
3312 0.4615
3313 0.7967
3314 0.3190
3315 1.8226
3316 0.3057
3317 6.7032
3318   NaN
3319 0.3458
3320 0.4967
3321 0.3711
3322 1.7911
3323 1.5362
3324 2.8090
3325 0.8374
3326 0.2472
3327 0.8148
3328 1.5776
3329 0.1051
3330 0.6321
3331 0.2762
3332 0.2333
3333 4.0432
3334 0.1674
3335 0.9600
3336 0.0786
3337 0.4122
3338 2.4620
3339 1.0629
3340 0.5021
3341 0.6163
3342 0.2753
3343 0.4698
3344 1.4640
3345 0.1919
3346 0.1366
3347 0.7487
3348 52.9874
3349 0.6576
3350 35.1954
3351 0.6258
3352 1.2715
3353 0.7733
3354 0.6750
3355 2.3237
3356 0.1135
3357 0.1913
3358 0.7821
3359 0.2206
3360 0.9382
3361 2.6839
3362 0.1283
3363 0.5522
3364 0.2470
3365 0.1412
3366 1.5838
3367 0.0866
3368 0.1542
3369 0.2637
3370 0.1267
3371 0.3683
3372   NaN
3373 0.8925
3374 0.8867
3375 0.2459
3376 0.5286
3377 0.1695
3378 0.2761
3379 4.4685
3380 0.5029
3381 0.3372
3382 0.1103
3383 4.3475
3384 0.3449
3385 0.1663
3386 0.1081
3387 0.7403
3388 0.2488
3389 0.3114
3390 13.2524
3391 0.3128
3392 6.4536
3393 4.5884
3394 0.6282
3395 0.3737
3396 0.5940
3397 0.2238
3398 0.3807
3399 0.6481
3400 13.4326
3401 0.1534
3402 4.6491
3403 0.1218
3404 0.1561
3405 0.1526
3406 4.3064
3407 0.0729
3408 0.2422
3409 1.5431
3410 1.9884
3411 1.5574
3412 0.4878
3413 0.1312
3414 0.1264
3415 0.3844
3416 2.5208
3417 1.3695
3418 0.2821
3419 22.1827
3420 3.1972
3421 1.1870
3422 0.0813
3423 0.2308
3424 0.8710
3425 1.3217
3426 4.7648
3427 0.6701
3428 15.0269
3429 2.9013
3430 0.3073
3431 0.2554
3432 0.4175
3433 0.2182
3434 0.5623
3435 2.9604
3436 4.8403
3437 0.5607
3438 20.9471
3439 0.1323
3440 0.2476
3441 5.2226
3442 0.1292
3443 0.1614
3444 0.5787
3445 0.1280
3446 0.1407
3447 0.0958
3448 0.1589
3449 0.4051
3450 0.1947
3451 0.6854
3452 0.2173
3453 3.8416
3454 0.3968
3455 0.6167
3456 0.3016
3457 0.1658
3458 0.0621
3459 0.4711
3460 0.2172
3461 0.1819
3462 8.9331
3463 3.7477
3464 0.1393
3465 4.1919
3466 0.6825
3467 0.1752
3468 1.3148
3469 0.2273
3470 0.1003
3471 0.9926
3472 1.8378
3473 0.4744
3474 0.2700
3475 0.1058
3476 0.0890
3477 0.6560
3478 0.3924
3479 0.2656
3480 0.2312
3481 1.8357
3482 0.1333
3483 1.9632
3484 0.9744
3485 0.2598
3486 1.4216
3487 0.1289
3488 0.3947
3489 1.3080
3490 0.1877
3491 0.5382
3492 0.7629
3493 5.0001
3494 0.4018
3495 2.0868
3496 0.0947
3497 0.3364
3498 0.3577
3499   NaN
3500 1.6704
3501 0.1814
3502 0.0819
3503 1.1251
3504 2.3748
3505 0.1063
3506 0.4451
3507 0.7764
3508 1.1291
3509 0.1550
3510 0.7829
3511 1.0530
3512 0.3063
3513 0.5990
3514 0.3057
3515 0.1045
3516 0.1714
3517 0.7022
3518 3.6975
3519 0.6324
3520 1.4723
3521 0.2994
3522 0.2262
3523 4.5502
3524 0.1042
3525 0.2242
3526 1.0439
3527 0.2010
3528 0.5252
3529 0.0912
3530 1.3078
3531 0.1692
3532 0.0737
3533 0.1792
3534 0.2073
3535 1.8645
3536 0.5295
3537 0.2161
3538 2.7557
3539 0.2617
3540 2.4233
3541 0.5047
3542 0.6391
3543 0.1993
3544 0.1004
3545 0.3110
3546 0.4497
3547 0.1495
3548 1.1381
3549 0.1940
3550 0.2051
3551 0.2876
3552 0.2329
3553 0.0923
3554 0.2116
3555 5.1202
3556 1.0504
3557 0.2182
3558 0.4451
3559 1.8153
3560 0.3568
3561 0.1827
3562 0.0856
3563 0.2451
3564 2.6237
3565 3.4551
3566 4.8747
3567 0.1175
3568 0.1727
3569 2.6460
3570 0.7025
3571 0.4155
3572 0.1560
3573 0.3499
3574 0.4410
3575 0.1646
3576 0.1800
3577 0.5278
3578 0.3433
3579 3.5776
3580 0.0808
3581 0.3990
3582 0.2656
3583 2.8652
3584 0.1187
3585 3.4128
3586 3.4972
3587 4.5131
3588 0.4814
3589 3.4317
3590 0.3393
3591 2.0805
3592 0.5202
3593 0.0621
3594 1.7784
3595 0.1584
3596 0.5462
3597 0.0848
3598 0.2687
3599 1.4854
3600 0.1014
3601 0.2768
3602 0.6714
3603 0.3709
3604 0.3395
3605 0.1420
3606 0.4687
3607 0.2713
3608 0.1815
3609 0.4943
3610 0.8300
3611 0.1898
3612 9.1870
3613 0.2122
3614 13.5723
3615 0.1961
3616 0.3537
3617 0.1994
3618 1.2375
3619 0.9867
3620 3.6756
3621 1.0035
3622 0.2343
3623 0.3152
3624 0.3874
3625 0.1028
3626 0.7814
3627 0.6007
3628 0.1969
3629 2.6668
3630 0.1130
3631 0.1414
3632 0.5948
3633 0.6648
3634 1.8612
3635 3.0578
3636 0.7194
3637 0.4959
3638 0.2074
3639 0.9159
3640 0.1269
3641 0.0865
3642 0.2591
3643 0.2208
3644 0.8050
3645 1.3696
3646 0.1828
3647 0.4214
3648 0.7647
3649 0.7010
3650 1.0056
3651 1.2884
3652 0.1119
3653 0.0757
3654 0.6465
3655 0.2475
3656 0.2762
3657 0.8544
3658 0.0741
3659 0.2699
3660 5.6477
3661 3.5680
3662 0.2141
3663 1.0628
3664 9.2149
3665 1.1623
3666 2.3050
3667 0.4550
3668 0.3470
3669 0.1117
3670 0.5216
3671 0.6839
3672 0.2197
3673 0.3462
3674 0.2995
3675 0.9956
3676 5.0647
3677 0.1988
3678 0.4443
3679 0.2567
3680 0.7122
3681 0.2996
3682 0.1267
3683 1.7613
3684 0.2715
3685 0.1704
3686 15.3344
3687 3.1701
3688 0.7584
3689 0.1740
3690 2.0261
3691 0.1391
3692 2.3796
3693 1.6753
3694 1.3065
3695 0.7181
3696 2.1657
3697 0.4603
3698 0.4264
3699 0.2275
3700 0.5308
3701 0.4794
3702 10.6397
3703 0.2668
3704 4.0088
3705 0.1593
3706 0.2638
3707 0.7809
3708 0.1319
3709 0.5125
3710 0.4506
3711 0.6572
3712 0.5023
3713 0.6797
3714 0.4864
3715 0.2829
3716 0.1675
3717 0.1229
3718 0.1511
3719 0.4764
3720 0.3219
3721 0.1372
3722 12.5885
3723 0.2551
3724 0.4937
3725 4.6016
3726 0.7534
3727 3.0963
3728 0.5356
3729 1.9941
3730 0.2926
3731 0.7355
3732 0.2814
3733 0.2054
3734 0.4745
3735 0.2071
3736 0.1390
3737 1.0790
3738 0.1036
3739 0.3974
3740 0.2893
3741 0.1928
3742 0.1068
3743 0.4359
3744 0.2150
3745 0.0944
3746 0.4619
3747 0.8833
3748 1.1794
3749 1.7750
3750 0.3570
3751 1.9899
3752 1.6787
3753 0.8826
3754 0.1048
3755 33.1241
3756 0.1444
3757 0.1805
3758 0.4968
3759 0.2138
3760 0.7577
3761 3.5961
3762 0.1950
3763 2.1172
3764 0.5203
3765 1.6818
3766 0.1546
3767 0.2608
3768 0.4102
3769 0.1580
3770 0.0842
3771 0.2455
3772 0.3712
3773 0.8384
3774 0.5699
3775 0.6325
3776 33.3269
3777 0.3015
3778 0.5766
3779 0.4730
3780 0.2773
3781 0.1205
3782 0.0706
3783 0.2023
3784 5.2981
3785 0.6162
3786 7.0598
3787 2.3922
3788 0.4439
3789 1.1725
3790 0.0968
3791 0.2039
3792 0.3242
3793 18.8998
3794 0.5985
3795 1.6219
3796 3.8803
3797 0.5416
3798 0.4100
3799 0.0703
3800 0.1472
3801 1.3028
3802 0.3350
3803 0.1267
3804 1.9932
3805 0.4997
3806 0.3240
3807 0.3318
3808 0.6315
3809 0.1838
3810 0.3606
3811 4.1605
3812 2.3918
3813 0.2400
3814 0.2400
3815 2.5246
3816 0.8211
3817 0.1076
3818 0.1519
3819 17.8880
3820 0.3455
3821 0.1984
3822 0.3207
3823 0.3162
3824 0.1708
3825 0.2993
3826 0.1744
3827 1.4393
3828 3.6452
3829 0.3218
3830 0.6011
3831 0.7580
3832 0.1963
3833 0.1624
3834 1.3923
3835 0.0762
3836 0.6819
3837 5.2736
3838 0.1263
3839 0.5622
3840 0.1097
3841 0.9396
3842 0.4952
3843 0.4849
3844 0.0987
3845 1.2660
3846 0.1620
3847 0.0999
3848 0.1242
3849 0.2639
3850 0.4890
3851 0.1475
3852 0.1598
3853 0.1395
3854 0.9794
3855 6.5695
3856 0.3453
3857 0.4131
3858 0.2261
3859 0.8578
3860 0.1951
3861 0.2392
3862 0.1582
3863 3.7540
3864 1.4108
3865 0.2237
3866 0.0938
3867 0.1761
3868 1.2229
3869 0.7044
3870 0.6158
3871 1.4022
3872 0.1296
3873 0.5443
3874 1.9574
3875 0.1727
3876 0.2816
3877 0.0660
3878 0.3238
3879 0.7091
3880 0.4204
3881 0.1913
3882 0.9959
3883 2.7990
3884 6.3724
3885 14.8341
3886 0.2649
3887 0.6270
3888 0.8369
3889 8.7260
3890 0.4111
3891 11.4449
3892 0.2453
3893 0.2007
3894 0.7877
3895 0.5298
3896 0.5316
3897 1.4991
3898 3.7547
3899 0.2016
3900 0.5245
3901 2.5071
3902 0.2386
3903 0.1323
3904 0.2003
3905 1.5990
3906 1.9175
3907 0.3189
3908 0.1726
3909 12.1544
3910 0.1606
3911 0.2170
3912 3.6096
3913 1.1653
3914 0.3531
3915 0.2670
3916 0.4218
3917 0.3715
3918 0.4041
3919 0.0699
3920 1.5497
3921 5.9636
3922 2.5592
3923 1.5798
3924 0.4240
3925 0.1172
3926 0.1659
3927 0.1625
3928 0.1538
3929 0.2154
3930 3.7912
3931 0.4441
3932 1.5678
3933 0.1035
3934 3.8092
3935 0.2237
3936 0.2338
3937 1.2185
3938 0.1496
3939 0.1936
3940 0.5549
3941 0.1165
3942 0.4308
3943 1.6654
3944 0.7393
3945 0.2058
3946 0.8876
3947 0.3685
3948 0.5412
3949 18.7430
3950 8.0815
3951 0.4148
3952 0.5425
3953 0.7836
3954 4.7588
3955 9.9262
3956 0.6580
3957 3.2987
3958 0.2701
3959 0.0697
3960 1.8695
3961 1.9764
3962 20.6013
3963 0.2410
3964 6.0360
3965 0.4089
3966 1.0122
3967 1.8261
3968 0.1241
3969 0.2055
3970 0.3980
3971 0.0950
3972 1.3843
3973 1.4278
3974 0.3341
3975 2.4960
3976 0.1529
3977 0.0918
3978 1.0278
3979 0.1934
3980 4.6009
3981 4.5567
3982 0.7259
3983 0.1830
3984 17.4692
3985 0.0856
3986 0.9387
3987 0.5051
3988 1.8827
3989 0.3837
3990 0.2127
3991 0.4476
3992 0.4083
3993 0.1523
3994 0.1413
3995 6.7491
3996 0.5413
3997 0.4992
3998 1.4607
3999 1.8842
4000 1.4917
4001 0.1654
4002 1.2505
4003 8.6337
4004 0.2214
4005 0.1428
4006 0.5326
4007 1.4168
4008 0.7979
4009 0.1191
4010 0.0973
4011 0.9883
4012 8.1622
4013 0.1963
4014 0.1587
4015 6.1283
4016 0.5080
4017 1.5794
4018 0.7826
4019   NaN
4020 5.5791
4021 0.0977
4022 0.1099
4023 6.8160
4024 0.3032
4025 0.3628
4026 13.4311
4027 0.5233
4028 0.1579
4029 0.2048
4030 0.3550
4031 19.9639
4032 4.5842
4033 0.1070
4034 0.2326
4035 49.7359
4036 0.0632
4037 0.3465
4038 0.0913
4039 0.6344
4040 0.2138
4041 0.3373
4042 0.4479
4043 2.0284
4044 3.0221
4045 0.2194
4046 0.5307
4047 0.1704
4048 0.1473
4049 0.1521
4050 1.2303
4051 1.3007
4052 10.9081
4053 4.2171
4054 0.1180
4055 0.1398
4056 0.5801
4057 0.2444
4058 0.1136
4059 1.7364
4060 10.8154
4061 0.1696
4062 0.7750
4063 0.1645
4064 0.1180
4065 1.2782
4066 0.7124
4067 0.2354
4068 0.9665
4069 6.0205
4070 1.2254
4071 1.8524
4072 0.1098
4073 0.6398
4074 0.4219
4075 6.6790
4076 5.0737
4077 0.1020
4078 0.4246
4079 0.1744
4080 0.1501
4081 5.4750
4082 0.9089
4083 0.1957
4084 0.6627
4085 0.4475
4086 0.0734
4087 0.0867
4088 0.5974
4089 0.2324
4090 0.0973
4091 1.9690
4092 1.6785
4093 8.9910
4094 0.1098
4095 6.1742
4096 0.3692
4097 2.6285
4098 8.3587
4099 0.6939
4100 0.2370
4101 0.2988
4102 0.9359
4103 0.4501
4104 1.3777
4105 3.4781
4106 0.1975
4107 0.5121
4108 0.6387
4109 5.8838
4110 0.3221
4111 0.0759
4112 0.1216
4113 0.4182
4114 0.1969
4115 0.1468
4116 1.0449
4117 0.2974
4118 1.3773
4119 0.1425
4120 0.5298
4121 0.0867
4122 0.1213
4123 0.1482
4124 0.0933
4125 0.2952
4126 1.8848
4127 0.3372
4128 0.8005
4129 0.2948
4130 6.5191
4131 0.9599
4132 0.1795
4133 0.2622
4134 2.0719
4135 0.1681
4136 0.5945
4137 0.0988
4138 0.5243
4139 0.1400
4140 0.4115
4141 2.4984
4142 0.1121
4143 0.4071
4144 0.1077
4145 0.7900
4146 0.4942
4147 0.0949
4148 1.9148
4149 0.6751
4150 0.2393
4151 0.2420
4152 0.3164
4153 0.5545
4154 0.3463
4155 0.1401
4156 0.3354
4157 13.3485
4158 0.3975
4159 0.9861
4160 0.6143
4161 0.1599
4162 0.1832
4163 2.3860
4164 0.1415
4165 0.0943
4166 0.1093
4167 2.1897
4168 1.6740
4169 0.6338
4170 14.5453
4171 2.9365
4172 2.2302
4173 0.0761
4174 0.2833
4175 3.1424
4176 0.1964
4177 3.2270
4178 0.2543
4179 0.2948
4180 0.2189
4181 0.1605
4182 0.2610
4183 0.7360
4184 4.7971
4185 1.7581
4186 0.1053
4187 0.2192
4188 0.0940
4189 1.8153
4190 0.8098
4191 0.3759
4192 5.9717
4193 0.1316
4194 0.1674
4195 0.1844
4196 0.2834
4197 1.2398
4198 0.1783
4199 0.9028
4200 0.1497
4201 0.4743
4202 0.8937
4203 5.6051
4204 0.7130
4205 35.5216
4206 0.1715
4207 0.9785
4208 0.6946
4209 1.9771
4210 1.1670
4211 0.5151
4212 0.3025
4213 0.8981
4214 5.1480
4215 0.3268
4216 0.3299
4217 1.5656
4218 0.2754
4219 0.4399
4220 20.5468
4221 0.1206
4222 0.3210
4223 3.3566
4224 0.3721
4225 0.2340
4226 0.6882
4227 2.1364
4228 7.1873
4229 0.1410
4230 0.3891
4231 0.7886
4232 0.3627
4233 0.8582
4234 0.3810
4235 0.1019
4236 10.6559
4237 0.3195
4238 8.0414
4239 0.2038
4240 0.1926
4241 0.4714
4242 0.7464
4243 1.1777
4244 0.3918
4245 0.0705
4246 0.4868
4247 5.2395
4248 11.9973
4249 0.1579
4250 0.4974
4251 0.4763
4252 0.1990
4253 0.3838
4254 0.1618
4255 0.2964
4256 0.1796
4257 0.1605
4258 0.0692
4259 0.1962
4260 7.8591
4261 2.3549
4262 1.3272
4263 0.1497
4264 0.1897
4265 2.3268
4266 0.3966
4267 0.2770
4268 0.2683
4269 0.2839
4270 0.3060
4271 0.8931
4272 0.5067
4273 0.2839
4274 0.1166
4275 7.4494
4276 0.7833
4277 0.3864
4278 0.3063
4279 0.8758
4280 1.0692
4281 0.1409
4282 0.6075
4283 0.3305
4284 0.1064
4285 0.2143
4286 0.0814
4287 0.7049
4288 0.2002
4289 0.5468
4290 1.1888
4291 5.7083
4292 10.6960
4293 0.1570
4294 1.4269
4295 1.4087
4296 0.3457
4297 0.2025
4298 0.3974
4299 1.7181
4300 0.1571
4301 0.1067
4302 0.5934
4303 0.2171
4304 6.9306
4305 0.2164
4306 19.1815
4307 4.6551
4308 0.5516
4309 0.1302
4310 0.2810
4311 0.0968
4312 0.3281
4313 0.3491
4314 0.1395
4315 1.0194
4316 0.3084
4317 0.1451
4318 0.4121
4319 0.4138
4320 0.6959
4321 0.2541
4322 0.3650
4323 0.6917
4324 0.1933
4325 0.1557
4326 3.5653
4327 0.3351
4328 0.7996
4329 10.7509
4330 31.8543
4331 0.1992
4332 3.2151
4333 0.7782
4334 0.5394
4335 0.2294
4336 9.4166
4337 1.4113
4338 0.1196
4339 13.8861
4340 0.1185
4341 1.0100
4342 0.5019
4343 0.1340
4344 0.1916
4345 1.7221
4346 3.5956
4347 0.5613
4348 0.2487
4349 12.1462
4350 0.5785
4351 0.5485
4352 0.3561
4353 0.6076
4354 0.2986
4355 0.7482
4356 0.2141
4357 1.4184
4358 0.2056
4359 0.1888
4360 0.6880
4361 4.0295
4362 11.2765
4363 0.1922
4364 0.0920
4365 0.1589
4366 0.3114
4367 8.4869
4368 0.3388
4369 0.1479
4370 1.1604
4371 0.1233
4372 0.3981
4373 0.1910
4374 1.0441
4375 0.3233
4376 0.0962
4377 0.2815
4378 0.2255
4379 0.2769
4380 1.0744
4381 0.2914
4382 0.6748
4383 3.2645
4384 0.6380
4385 0.2060
4386 0.6458
4387 0.1657
4388 4.5316
4389 11.0463
4390 0.2942
4391 0.9796
4392 0.1387
4393 0.1099
4394 0.1276
4395 0.1869
4396 0.0733
4397 0.1403
4398 5.6753
4399 0.3634
4400 0.5590
4401 1.0587
4402 3.2043
4403 0.3834
4404 5.7191
4405 0.1225
4406 2.0977
4407 0.4188
4408 0.5611
4409 0.9452
4410 0.2538
4411 0.5857
4412 8.6528
4413 6.7684
4414 0.6132
4415 20.8514
4416 0.6886
4417 0.2165
4418 0.1923
4419 0.3006
4420 0.2044
4421 0.1390
4422 0.1251
4423 1.2085
4424 0.0954
4425 2.8186
4426 0.8021
4427 1.9147
4428 2.4043
4429 0.0845
4430 4.1343
4431 0.4046
4432 0.2379
4433 0.0880
4434 0.2470
4435 0.3485
4436 4.2942
4437 4.8059
4438 0.1896
4439 0.6201
4440 0.1317
4441 2.7993
4442 0.5217
4443 0.2452
4444 0.4341
4445 0.4977
4446 14.5092
4447 0.1416
4448 0.0985
4449 0.4529
4450 0.1440
4451 0.1310
4452   NaN
4453 1.0280
4454 0.2437
4455 0.8278
4456 0.6720
4457 2.4080
4458 3.2038
4459 4.2887
4460 0.3055
4461 0.2563
4462 1.5023
4463 0.4785
4464 1.1940
4465 0.4074
4466 0.1759
4467   NaN
4468 0.4075
4469 0.1470
4470 1.6132
4471 1.2443
4472 0.1203
4473 0.5433
4474 0.6600
4475 7.7180
4476 4.7901
4477 0.7651
4478 0.6244
4479 0.2587
4480 0.2408
4481 0.2602
4482 0.4247
4483 0.2174
4484 0.5413
4485 0.1485
4486 0.1764
4487 5.0418
4488 1.3388
4489 10.5273
4490 0.1314
4491 0.3390
4492 0.1789
4493 0.6616
4494 0.6034
4495 0.0944
4496 0.0828
4497 0.2752
4498 0.1697
4499 0.9317
4500 0.2400
4501 1.1029
4502 1.5276
4503 23.9533
4504 0.6497
4505 1.0410
4506 0.1313
4507 0.1538
4508 0.6339
4509 1.2719
4510 0.4266
4511 0.0732
4512 0.4597
4513 19.0917
4514 0.3316
4515 0.1342
4516 0.1761
4517 0.2774
4518 3.0384
4519 0.2703
4520 1.0810
4521 0.4495
4522 0.1398
4523 0.3012
4524 18.2938
4525 0.1476
4526 0.0719
4527 0.5510
4528 0.1677
4529 8.4278
4530 1.8626
4531 0.1237
4532 2.0294
4533 0.6394
4534 2.3356
4535 0.1022
4536 0.3189
4537 0.2712
4538 3.3900
4539 1.1403
4540 6.7196
4541 0.1517
4542 0.4451
4543 10.4341
4544 1.6281
4545 0.2700
4546 0.4202
4547 0.2873
4548 9.9716
4549 0.1863
4550 0.3195
4551 8.6911
4552 4.1183
4553 0.5619
4554 1.1022
4555 0.2893
4556 0.6977
4557 0.2262
4558 0.2258
4559 0.2226
4560 0.1423
4561 0.1787
4562 0.1053
4563 0.1684
4564   NaN
4565 0.1531
4566 1.9723
4567 0.4212
4568 0.2351
4569 3.2470
4570 0.1667
4571 0.2698
4572 2.4574
4573 0.0763
4574 0.2095
4575 0.1808
4576 15.2922
4577 0.1162
4578 0.3797
4579 0.3426
4580 0.6761
4581 0.2198
4582 0.9209
4583 0.2308
4584 1.1114
4585 0.5587
4586 0.4061
4587 0.8710
4588 0.1185
4589 0.3323
4590 0.0724
4591 0.2419
4592 2.3615
4593 0.2443
4594 0.3499
4595 0.5810
4596 2.9405
4597 0.2200
4598 0.8661
4599 0.1371
4600 0.1740
4601 0.2159
4602 0.1761
4603 0.2467
4604 0.5073
4605 0.5207
4606 0.8595
4607 0.1655
4608 0.7016
4609 3.0152
4610 0.2753
4611 7.4102
4612 0.5688
4613 0.2782
4614 0.1476
4615 0.4345
4616 0.5950
4617 0.3100
4618 0.0757
4619 3.5101
4620 0.8819
4621 0.8658
4622 0.7010
4623 1.5637
4624 1.0493
4625 10.1630
4626 0.1221
4627 4.8600
4628 0.0939
4629 0.1953
4630 0.2515
4631 0.9142
4632 0.3997
4633 0.3586
4634 0.5688
4635 1.0815
4636 0.4660
4637 0.6704
4638 5.0522
4639 0.9741
4640 0.6097
4641 0.3536
4642 0.2694
4643 0.1332
4644 4.6637
4645 1.7350
4646 5.1990
4647 0.3723
4648 2.8734
4649 0.7878
4650 2.1682
4651 0.1464
4652 1.3598
4653 0.1989
4654 0.2699
4655 38.2268
4656 1.3908
4657 0.5389
4658 0.7524
4659 1.7435
4660 3.6393
4661 1.4153
4662 0.5420
4663 22.4222
4664 0.1962
4665 7.4903
4666 0.2143
4667 0.9681
4668 0.0971
4669 0.1193
4670 7.5759
4671 0.1811
4672 1.1143
4673 0.7512
4674 0.4587
4675 0.3211
4676 0.3934
4677 1.5403
4678 0.7888
4679 0.7492
4680 1.4185
4681 0.1242
4682 0.2266
4683 0.1229
4684 0.0928
4685 7.0252
4686 0.1918
4687 0.0992
4688 1.6822
4689 0.1240
4690 0.3694
4691 0.3477
4692 0.3539
4693 0.5601
4694 1.7126
4695 3.4129
4696 0.2602
4697 0.7114
4698 8.3147
4699 1.8710
4700 0.0890
4701 0.1296
4702 1.9361
4703 0.9942
4704 0.3230
4705 0.2822
4706 0.1987
4707 0.0875
4708 0.0821
4709 1.0802
4710 0.5481
4711 0.9281
4712 0.1453
4713 11.5211
4714 0.1469
4715 0.2808
4716 0.7782
4717 1.8365
4718 8.0638
4719 0.1541
4720 0.2084
4721   NaN
4722 0.2643
4723 0.0917
4724 2.8383
4725 0.8620
4726 0.3866
4727 2.9523
4728 0.7323
4729 0.2975
4730 1.8299
4731 1.2810
4732 0.1877
4733 0.7575
4734 0.3858
4735 0.4637
4736 0.2375
4737 9.6610
4738 0.3937
4739 0.3381
4740 2.2185
4741 0.6558
4742 1.8130
4743 4.3023
4744 0.1314
4745 2.4114
4746 0.4283
4747 0.4087
4748 0.0644
4749 0.8024
4750 1.0612
4751 0.3878
4752 0.3339
4753 0.1921
4754 0.1688
4755 0.7895
4756 1.5206
4757 0.1317
4758 0.4783
4759 0.1606
4760 3.1211
4761 1.6752
4762 6.9612
4763 0.1203
4764 7.6780
4765 0.3559
4766 1.4736
4767 11.2502
4768 0.1024
4769 0.1715
4770 0.6303
4771 0.2300
4772 0.8163
4773 1.3602
4774 3.6579
4775 0.7410
4776 0.2701
4777 0.0776
4778 20.0110
4779 0.5787
4780 1.0864
4781 0.1151
4782 0.1465
4783 1.0382
4784 1.0764
4785 5.3422
4786 1.3939
4787 0.0641
4788 0.1802
4789 0.3556
4790 1.2202
4791 2.1039
4792 31.8391
4793 0.7022
4794 0.3049
4795 0.1230
4796 2.9403
4797 1.4903
4798 1.7265
4799 0.4427
4800 2.8874
4801 0.1090
4802 0.4382
4803 0.6683
4804 0.3892
4805 0.6945
4806 0.3457
4807 0.1505
4808 0.1136
4809 2.9399
4810 20.8436
4811 1.3405
4812 0.5491
4813 0.4119
4814 9.6173
4815 0.2921
4816 0.2273
4817 0.2548
4818 0.7066
4819 1.0361
4820 0.9602
4821 0.1344
4822 0.3259
4823 0.6443
4824 0.2239
4825 5.6630
4826 0.3559
4827 9.6217
4828 3.0010
4829 0.2598
4830 0.4099
4831 0.2377
4832 2.2164
4833 0.6180
4834 0.7603
4835 1.8174
4836 0.5770
4837 0.8252
4838 0.1360
4839 0.0899
4840 0.4018
4841 4.8516
4842 6.1291
4843 2.2535
4844 0.5288
4845 0.5394
4846 0.2799
4847 0.7289
4848 1.2539
4849 0.7523
4850 0.1344
4851 0.1513
4852 0.2988
4853 0.4941
4854 0.7117
4855 0.1031
4856 0.2098
4857 0.1644
4858 3.2552
4859 1.2740
4860 0.0992
4861 0.2310
4862 1.0681
4863 0.2273
4864 20.1248
4865 1.4256
4866 3.2758
4867 0.3154
4868 0.1646
4869 1.4369
4870 0.1495
4871 1.6107
4872 0.7121
4873 1.9695
4874 9.8100
4875 1.7268
4876 0.0907
4877 2.2215
4878 0.1774
4879 0.1900
4880 0.3183
4881 0.0951
4882 0.1792
4883 0.2237
4884 1.2488
4885 3.3820
4886 0.1950
4887 0.5822
4888 0.2441
4889 0.1777
4890 1.8268
4891 0.3919
4892 0.0947
4893 0.3069
4894 0.3502
4895 0.1499
4896 0.1951
4897 2.1294
4898 0.3652
4899 0.1695
4900 0.3867
4901 0.6416
4902 0.4198
4903 0.1391
4904 0.1592
4905 2.1175
4906 0.1941
4907 0.2162
4908 1.0964
4909 4.2007
4910 0.8510
4911 0.4678
4912 1.4905
4913 0.2762
4914 11.3721
4915 4.1205
4916 3.3212
4917 1.9262
4918 5.9367
4919 0.2956
4920 0.2678
4921 0.2657
4922 0.0597
4923 4.1926
4924 0.1089
4925 1.0536
4926 0.2776
4927 0.0940
4928 0.6500
4929 31.9098
4930 0.2577
4931 0.2833
4932 0.5857
4933 4.4965
4934 0.3436
4935 9.4980
4936 0.1318
4937 0.2086
4938 9.7728
4939 1.5997
4940 0.9147
4941 6.0608
4942 0.5388
4943 3.0360
4944 0.1442
4945 3.9747
4946 0.1744
4947 0.1878
4948 3.0504
4949 0.1915
4950 1.0856
4951 8.3144
4952 0.5232
4953 1.8976
4954 0.4852
4955 0.4110
4956 0.1870
4957 0.2349
4958 0.1210
4959 1.3358
4960 0.2165
4961 9.2395
4962 0.0764
4963 0.6199
4964 0.1431
4965 0.1031
4966 0.0924
4967 0.0680
4968 1.1711
4969 0.1028
4970 0.4856
4971 0.1657
4972 0.5121
4973 0.1800
4974 0.4395
4975 0.4619
4976 0.2269
4977 0.3008
4978 1.0314
4979 0.2589
4980 0.2738
4981 0.3036
4982 0.9211
4983 0.3727
4984 0.0891
4985 0.2084
4986 0.2555
4987 0.4715
4988 0.2448
4989 0.5710
4990 0.7588
4991 2.8876
4992 0.1466
4993 20.2986
4994 0.2991
4995 1.8648
4996 0.8462
4997 0.2955
4998 0.1231
4999 1.4634
5000 0.2500
