7501 0.4074
7502 1.5643
7503 0.8485
7504 0.1993
7505 2.2770
7506 4.8434
7507 0.4139
7508 0.5378
7509 6.7957
7510 1.0995
7511 1.1078
7512 2.0688
7513 1.5539
7514 0.9622
7515 0.5145
7516 1.3579
7517 0.5906
7518 0.5352
7519 0.1887
7520 2.5147
7521 0.3046
7522 0.5286
7523 4.8306
7524 0.1666
7525 1.0413
7526 0.5475
7527 1.2191
7528 0.5853
7529 1.4456
7530 0.6308
7531 0.2288
7532 0.4505
7533 1.2860
7534 0.8424
7535 0.7535
7536 0.1694
7537 0.1433
7538 0.5741
7539 1.2242
7540 0.3927
7541 2.7427
7542 0.6103
7543 0.6702
7544 2.1594
7545 0.6244
7546 0.1568
7547 0.2753
7548 0.1642
7549 4.2953
7550 0.5129
7551 0.5749
7552 0.3498
7553 1.1671
7554 0.1409
7555 0.3003
7556 0.2880
7557 13.4603
7558 0.9079
7559 0.4308
7560 0.3311
7561 0.1277
7562 0.7149
7563 0.4243
7564 0.4825
7565 0.2636
7566 0.4543
7567 0.2389
7568 0.3606
7569 0.6264
7570 1.3790
7571 0.4588
7572 0.2103
7573 0.1964
7574 0.2357
7575 0.1290
7576 3.0712
7577 0.8699
7578 0.3910
7579 2.7028
7580 0.2553
7581 1.3948
7582 0.7044
7583 0.3247
7584 1.7945
7585 1.5698
7586 1.4955
7587 5.3720
7588 4.2654
7589 0.2854
7590 6.0812
7591 0.1786
7592 0.2117
7593 0.6848
7594 0.1028
7595 4.8841
7596 0.1629
7597 0.4931
7598 0.1920
7599 3.4895
7600 0.7031
7601 0.4362
7602 0.1344
7603 0.1225
7604 0.9830
7605 0.7061
7606 0.3742
7607 0.4291
7608 0.2232
7609 0.7459
7610 0.4246
7611 0.3960
7612 3.8837
7613 0.1435
7614 19.7361
7615 6.5559
7616 0.5409
7617 0.9454
7618 3.2410
7619 0.2441
7620 0.6203
7621 0.7170
7622 0.1272
7623 0.7228
7624 0.4565
7625 0.3646
7626 1.7464
7627 0.7469
7628 0.7425
7629 0.6603
7630 0.7857
7631 0.4994
7632 0.1475
7633 0.4551
7634 0.1189
7635 0.9382
7636 4.1816
7637 0.5534
7638 1.6805
7639 0.1506
7640 0.6498
7641 0.2935
7642 0.2367
7643 13.3361
7644 0.3344
7645 0.4406
7646 0.7025
7647 1.0477
7648 0.4442
7649 0.1358
7650 0.1531
7651 1.9216
7652 1.2236
7653 1.8498
7654 0.7336
7655 3.1153
7656 0.5731
7657 14.1860
7658 0.4561
7659 0.5252
7660 0.1950
7661 0.2372
7662 0.1544
7663 0.8914
7664 0.8505
7665 0.6697
7666 1.6622
7667 1.0464
7668 8.8929
7669 0.1893
7670 8.6011
7671 0.7440
7672 0.4118
7673 0.2288
7674 0.1315
7675 0.1335
7676 0.5625
7677 0.3034
7678 20.5214
7679 0.5978
7680 0.3800
7681 0.1398
7682 2.6315
7683 0.5858
7684 0.7370
7685 0.3134
7686 0.2968
7687 0.2212
7688 2.6789
7689 0.6274
7690 1.4601
7691 1.2791
7692 0.2314
7693 0.3042
7694 0.8946
7695 4.4564
7696 0.0974
7697 0.9120
7698 2.6152
7699 0.4424
7700 2.1211
7701 0.2404
7702 0.5458
7703 0.5350
7704 0.5366
7705 0.8850
7706 0.5097
7707 1.2040
7708 1.5144
7709 0.3449
7710 0.3182
7711 0.2007
7712 0.5959
7713 1.4693
7714 2.5959
7715   NaN
7716 0.6259
7717 0.7729
7718 1.4992
7719 0.8011
7720 0.1840
7721 0.2973
7722 0.5559
7723 0.1848
7724 0.8738
7725 0.1709
7726 3.3639
7727 0.7656
7728 2.0033
7729 0.3590
7730 6.6673
7731 1.6896
7732 0.2273
7733 0.7497
7734 0.1470
7735 0.4761
7736 9.0501
7737 0.2685
7738 0.8088
7739 6.8820
7740 5.4074
7741 1.1038
7742 0.2012
7743 0.5119
7744 0.2476
7745 0.1102
7746 0.2752
7747 0.1360
7748 0.4816
7749 0.8308
7750 0.7027
7751 0.2766
7752 1.0412
7753 0.2283
7754 0.5205
7755 1.1972
7756 0.2086
7757 0.1366
7758 0.1588
7759 0.1130
7760 2.6434
7761 0.9943
7762 0.6934
7763 0.2860
7764 0.4307
7765 0.1313
7766 0.3627
7767 1.4826
7768 1.1391
7769 0.1255
7770 8.8935
7771 0.3906
7772 1.3573
7773 0.4768
7774 0.1104
7775 0.1959
7776 5.0110
7777 2.5400
7778 0.9817
7779 2.9772
7780 0.0994
7781 0.4550
7782 1.0285
7783 0.1832
7784 0.6001
7785 1.9771
7786 6.7273
7787 0.1189
7788 4.4082
7789 0.4398
7790 11.5347
7791 0.5465
7792 0.7116
7793 0.5429
7794 0.5212
7795 0.2559
7796 1.1030
7797 0.1196
7798 9.2276
7799 0.5000
7800 0.3902
7801 0.2625
7802 0.6524
7803 0.2928
7804 0.5078
7805 0.9709
7806 0.4444
7807 0.2939
7808 0.4477
7809 0.1161
7810 0.3834
7811 0.7187
7812 1.0192
7813 1.9616
7814 1.2433
7815 7.5075
7816 0.7495
7817 0.2230
7818 0.7978
7819 0.1508
7820 0.7562
7821 3.1091
7822 0.4279
7823 3.2318
7824 0.1851
7825 0.7139
7826 1.8853
7827 0.1839
7828 0.3331
7829 0.4121
7830 0.3840
7831 3.7646
7832 0.2974
7833 0.8172
7834 4.2220
7835 0.7229
7836 2.2319
7837 0.1380
7838 0.3455
7839 0.7245
7840 0.3059
7841 0.3555
7842 0.8482
7843 0.2160
7844 0.4450
7845 0.1870
7846 1.1420
7847 0.3651
7848 1.6046
7849 0.5866
7850 0.4644
7851 0.1163
7852 1.1348
7853 3.6965
7854 0.8228
7855 0.9367
7856 0.1500
7857 7.0220
7858 0.3640
7859 1.2494
7860 0.6047
7861 0.3469
7862 0.5538
7863 0.9368
7864 0.6222
7865 0.8695
7866 0.2243
7867 0.6213
7868 0.2900
7869 0.4847
7870 6.3999
7871   NaN
7872 0.7596
7873 9.8398
7874 0.3551
7875 0.8992
7876 1.7832
7877 0.5066
7878 0.5135
7879 0.8161
7880 0.1999
7881 0.5889
7882 0.1196
7883 1.0453
7884 0.3139
7885 0.3019
7886 0.4418
7887 0.5745
7888 0.2092
7889 1.8328
7890 0.8353
7891 0.8114
7892 0.1965
7893 1.9472
7894 0.2951
7895 0.8650
7896 0.9364
7897 0.0969
7898 8.3295
7899 0.4238
7900 0.3465
7901 0.1104
7902 0.3868
7903 0.8670
7904 0.4263
7905 1.0438
7906 0.3960
7907 0.2502
7908 3.2845
7909 0.1748
7910 0.4120
7911 0.4976
7912 0.3188
7913 0.8174
7914 0.2034
7915 0.3773
7916 0.7982
7917 0.8418
7918 2.4633
7919 8.5026
7920 0.9554
7921 1.8613
7922 1.2008
7923 0.3680
7924 1.6408
7925 0.1648
7926 2.1592
7927 0.1796
7928 0.1955
7929 0.8031
7930 3.6812
7931 4.1049
7932 1.3941
7933 0.3318
7934 4.2969
7935 0.6609
7936 0.3572
7937 0.5013
7938 1.5544
7939 1.8500
7940 0.3710
7941 0.3744
7942 0.5400
7943 0.3530
7944 1.4375
7945 0.6078
7946 0.1369
7947 0.4777
7948 1.4566
7949 0.6305
7950 0.4071
7951 4.2156
7952 0.7157
7953 5.1181
7954 0.6161
7955 0.5863
7956 0.7817
7957 0.8970
7958 0.6008
7959 1.6152
7960 0.3927
7961 0.4466
7962 0.4205
7963 0.2513
7964 3.3729
7965 4.3973
7966 0.3099
7967 0.1643
7968 0.1375
7969 0.4274
7970 1.3874
7971 0.1963
7972 0.8434
7973 0.1673
7974 0.4616
7975 0.1636
7976 1.3737
7977 0.3944
7978 0.2918
7979 0.1362
7980 0.2361
7981 1.8935
7982 0.1500
7983 0.7604
7984 0.7466
7985 0.4858
7986 0.1570
7987 0.2205
7988 0.3878
7989 3.2262
7990 1.2020
7991 0.6299
7992 0.4733
7993 0.8550
7994 8.8733
7995 0.3972
7996 0.5545
7997 0.1636
7998 3.5431
7999 0.4333
8000 0.3469
8001 0.3027
8002 0.1228
8003 0.1780
8004 0.8917
8005 0.4228
8006 0.3344
8007 0.2187
8008 0.1439
8009 0.3000
8010 0.3986
8011 0.8405
8012 0.2745
8013 0.2581
8014 0.5462
8015 0.1722
8016 1.5012
8017 0.6385
8018 0.3215
8019 0.3000
8020 0.2034
8021 0.1929
8022 0.1242
8023 0.4216
8024 1.0751
8025 0.3520
8026 1.6228
8027 0.2901
8028 5.3789
8029 0.8246
8030 2.1756
8031 0.9001
8032 0.4830
8033 0.7359
8034 0.3875
8035 0.1688
8036 0.9467
8037 0.6062
8038 2.1125
8039 0.3741
8040 1.1987
8041 0.2668
8042 0.2679
8043 1.4039
8044 0.5230
8045 0.8006
8046 0.5177
8047 0.5159
8048 1.0783
8049 0.5371
8050 14.2445
8051   NaN
8052 0.9688
8053 0.4560
8054 0.2699
8055 11.8114
8056 3.7374
8057 2.2847
8058 0.2307
8059 0.6733
8060 14.5479
8061 0.1197
8062 0.2435
8063 1.3850
8064 0.3063
8065 1.1720
8066 1.4599
8067 1.1864
8068 0.6061
8069 0.3954
8070 0.2460
8071 2.8266
8072 2.9112
8073 1.1827
8074 0.1386
8075 0.4786
8076 0.4302
8077 2.1435
8078 0.6475
8079 0.2984
8080 0.5856
8081 0.7489
8082 0.3536
8083 0.3844
8084 0.3073
8085 0.4926
8086 0.3092
8087 0.3638
8088 1.0129
8089 0.6920
8090 0.2920
8091 0.1659
8092 2.8259
8093 1.9103
8094 10.6595
8095 1.5420
8096 0.1473
8097 0.5695
8098 0.1679
8099 0.5475
8100 1.0034
8101 0.5823
8102 0.4778
8103 0.3958
8104 0.2993
8105 0.3348
8106 0.3028
8107 0.5589
8108 4.1304
8109 2.8526
8110 0.3050
8111 0.9559
8112 0.3719
8113 0.4315
8114 2.8464
8115 2.7904
8116 0.6791
8117 0.5428
8118 0.3654
8119 0.8138
8120 2.8200
8121 0.1247
8122 0.7208
8123 0.4885
8124 0.8085
8125 0.8096
8126 0.3703
8127 1.0046
8128 0.3994
8129 1.1966
8130 0.7126
8131 0.1429
8132 0.6534
8133 5.9427
8134 0.2980
8135 0.6917
8136 0.6949
8137 0.4718
8138 0.3289
8139 0.5194
8140 0.6298
8141 0.1260
8142 0.2531
8143 0.3852
8144 2.6151
8145 0.1257
8146 1.3612
8147 0.3311
8148 0.1398
8149 4.7533
8150 0.3701
8151 3.9866
8152 0.3944
8153 0.2267
8154 1.5644
8155 0.1627
8156 3.4638
8157 1.4404
8158 7.3986
8159 0.1604
8160 0.9947
8161 0.4894
8162 0.1123
8163 2.1041
8164 0.1812
8165 0.7389
8166 0.2191
8167 1.0218
8168 0.2431
8169 1.6686
8170 3.1027
8171 2.6494
8172 0.6047
8173 2.2572
8174 0.6100
8175 0.3166
8176 0.1318
8177 1.2753
8178 5.7108
8179 0.6538
8180 0.1762
8181 0.1507
8182 0.4984
8183 1.3484
8184 0.3287
8185 2.3373
8186 1.3987
8187 1.9958
8188 4.0911
8189 1.9489
8190 0.3536
8191 0.5790
8192 16.3833
8193 9.0267
8194 0.2198
8195 1.1615
8196 1.2791
8197 0.5325
8198 0.7857
8199 0.2786
8200 0.7473
8201 0.1486
8202 1.3083
8203 4.2817
8204 0.1551
8205 0.7137
8206 2.6430
8207 0.1583
8208 0.9784
8209 0.6784
8210 0.1325
8211 0.4765
8212 3.5562
8213 3.7461
8214 1.1417
8215 0.8097
8216 1.1359
8217 0.1978
8218 1.4147
8219 1.1350
8220 1.0836
8221 0.4422
8222 0.3058
8223 0.9484
8224 0.5908
8225 0.5811
8226 0.1381
8227 0.4004
8228 0.2463
8229 5.0103
8230 0.1608
8231 0.2154
8232 1.8257
8233 0.5985
8234 1.7808
8235 0.3845
8236 0.8912
8237 1.0061
8238 3.2543
8239 0.3735
8240 0.5313
8241 8.8247
8242 0.3935
8243 4.2924
8244 0.3175
8245 0.5728
8246 0.5215
8247 0.1596
8248 0.1114
8249 0.1673
8250 0.5558
8251 5.9935
8252 0.4607
8253 0.1893
8254 1.2817
8255 0.1585
8256 1.1797
8257 0.4227
8258 1.3562
8259 6.6623
8260 0.8965
8261 4.3844
8262 0.7764
8263 1.2272
8264 0.3586
8265 0.2539
8266 0.3219
8267 0.1383
8268 1.7101
8269 0.1795
8270 0.1278
8271 0.5942
8272 0.1572
8273 8.1511
8274 0.1940
8275 0.5243
8276 1.6461
8277 13.1265
8278 0.1504
8279 0.5009
8280 0.1321
8281 0.4205
8282 0.9949
8283 0.5790
8284 1.6649
8285 1.7507
8286 3.2029
8287 1.7093
8288 0.2833
8289 6.3189
8290 0.3824
8291 3.0794
8292 0.6489
8293 0.7088
8294 0.1929
8295 0.1361
8296 0.3752
8297 0.1358
8298 0.5763
8299 1.4829
8300 0.3972
8301 1.0909
8302 0.4306
8303 0.6626
8304 0.4391
8305 0.1575
8306 0.6196
8307 0.8419
8308 0.3514
8309 1.1892
8310 0.3967
8311 1.8481
8312 0.6923
8313 0.3981
8314 0.0926
8315 0.3133
8316 0.4905
8317 0.8262
8318 0.1940
8319 1.9800
8320 0.2668
8321 0.1296
8322 0.5875
8323 0.9125
8324 0.3407
8325 0.4580
8326 0.5089
8327 0.9533
8328 0.9006
8329 2.6340
8330 18.8908
8331 0.7655
8332 0.6545
8333 6.7044
8334 50.9091
8335 0.4182
8336 0.1845
8337 3.5946
8338 0.3307
8339 1.0607
8340 5.2653
8341 0.2940
8342 0.6948
8343 0.1164
8344 0.9295
8345 0.7698
8346 0.5200
8347 0.1380
8348 0.1408
8349 6.9838
8350 0.1810
8351 15.0647
8352 0.3186
8353 4.7675
8354 1.1059
8355 0.1931
8356 0.9731
8357 1.4391
8358 3.2536
8359 0.7237
8360 0.2528
8361 0.1679
8362 0.5896
8363 0.7137
8364 0.4474
8365 0.3390
8366 0.1628
8367 0.1240
8368 0.7562
8369 0.1555
8370 0.6559
8371 0.6684
8372 0.6999
8373 0.4771
8374 0.9895
8375 0.2376
8376 0.5771
8377 0.4846
8378 0.1751
8379 0.2907
8380 0.6989
8381 0.3102
8382 0.2810
8383 0.1433
8384 1.8514
8385 1.5275
8386 0.3804
8387 0.1960
8388 0.4225
8389 0.8444
8390 1.2551
8391 3.8139
8392 0.6591
8393 0.5464
8394 0.4073
8395 0.7846
8396 0.2646
8397 2.1483
8398 0.2448
8399 0.5388
8400 0.3214
8401 0.3452
8402 0.4984
8403 0.2637
8404 1.6337
8405 0.4291
8406 4.0665
8407 0.4196
8408 0.2498
8409 0.7005
8410 0.9978
8411 0.2955
8412 1.5632
8413 0.6766
8414 0.4736
8415 0.3271
8416 0.1927
8417 0.1130
8418 0.3320
8419 0.5663
8420 1.9780
8421 1.3767
8422 1.8387
8423 0.2279
8424 0.3490
8425 0.5297
8426 0.6784
8427 0.2998
8428 0.3488
8429 0.4645
8430 1.1124
8431 0.3829
8432 0.2270
8433 0.1880
8434 2.3120
8435 0.9404
8436 6.8814
8437 1.0633
8438 2.3356
8439 0.1509
8440 0.1613
8441 1.3041
8442 0.4628
8443 0.6616
8444 1.3625
8445 1.2528
8446 1.3031
8447 11.7255
8448 2.1585
8449 0.3812
8450 1.1706
8451 0.6547
8452 4.0538
8453 1.8870
8454 0.4066
8455 0.2962
8456 0.1877
8457 0.3051
8458 2.0621
8459 0.1115
8460 1.5464
8461 0.2672
8462 0.1472
8463 3.8692
8464 1.1033
8465 0.2367
8466 0.3042
8467 0.4586
8468 1.5763
8469 0.6845
8470 0.7608
8471 0.1842
8472 0.9182
8473 0.4715
8474 5.3490
8475 3.7537
8476 3.5811
8477 0.1432
8478 0.5100
8479 0.9243
8480 1.5869
8481 0.4047
8482 1.4115
8483 0.8641
8484 0.3109
8485 0.2999
8486 0.2322
8487 0.2678
8488 8.3342
8489 0.6414
8490 0.9425
8491 7.2209
8492 1.9132
8493 0.9326
8494 0.2091
8495 0.2104
8496 1.9050
8497 0.3085
8498 1.2186
8499 0.5292
8500 0.4555
8501 0.9747
8502 3.6670
8503 0.3275
8504 0.1247
8505 0.4750
8506 8.1671
8507 1.0269
8508 3.2985
8509 1.6941
8510 4.4019
8511 0.3567
8512 0.6891
8513 0.5955
8514 0.3412
8515 2.5909
8516 1.3297
8517 0.4360
8518 0.3905
8519 0.3381
8520 10.3518
8521 0.6433
8522 0.4277
8523 0.2236
8524 0.5900
8525 2.0450
8526 0.9228
8527 0.4143
8528 1.4097
8529 0.1881
8530 1.7882
8531 0.3959
8532 0.1758
8533 0.5803
8534 0.8178
8535 0.7973
8536 0.1204
8537 1.4005
8538 1.4285
8539 0.8143
8540 5.2698
8541 0.7047
8542 0.2240
8543 0.6851
8544 0.2566
8545 0.5090
8546 0.2471
8547 1.5275
8548 0.4403
8549 0.2314
8550 0.6734
8551 0.4721
8552 0.5944
8553 0.2886
8554 1.4674
8555 1.0777
8556 2.8034
8557 0.1188
8558 1.5788
8559 0.5571
8560 1.6555
8561 0.4018
8562 3.2276
8563 0.6988
8564 0.3947
8565 1.2227
8566 0.5004
8567 1.3189
8568 0.5422
8569 0.5081
8570 1.5554
8571 0.2476
8572 0.2740
8573 0.4697
8574 3.5722
8575 17.4314
8576 0.5180
8577 0.5834
8578 0.4392
8579 0.6769
8580 0.4196
8581 0.5635
8582 0.6275
8583 0.1297
8584 3.6292
8585 0.4119
8586 0.4296
8587 2.1213
8588 0.1687
8589 0.5208
8590 12.0462
8591 8.7108
8592 2.0158
8593 0.1402
8594 0.1687
8595 0.6800
8596 5.0226
8597 0.4015
8598 0.7673
8599 0.2810
8600 0.4776
8601 1.1401
8602 0.4833
8603 0.4140
8604 2.4135
8605 0.6344
8606 3.3321
8607 0.1492
8608 1.1390
8609 0.2091
8610 0.1850
8611 0.7990
8612 0.2498
8613 0.5003
8614 0.1726
8615 0.3986
8616 6.8662
8617 4.1423
8618 12.6975
8619 0.9235
8620 0.6417
8621 0.4776
8622 0.6588
8623 0.5846
8624 0.8190
8625 0.3892
8626 0.1814
8627 0.1362
8628 0.2178
8629 0.1957
8630 2.3646
8631 0.3357
8632 0.3409
8633 0.2073
8634 2.8213
8635 4.0002
8636 3.9034
8637 2.5239
8638 0.2722
8639 0.4646
8640 0.1841
8641 1.0698
8642 0.4534
8643 0.3351
8644 0.3557
8645 4.0706
8646 6.2912
8647 0.4688
8648 0.5321
8649 0.4195
8650 2.9661
8651 0.7495
8652 3.7993
8653 0.2929
8654 1.7118
8655 0.3462
8656 0.2902
8657 0.5148
8658 1.2099
8659 0.3402
8660 0.1490
8661 1.0157
8662 0.1307
8663 1.1549
8664 0.2691
8665 3.9896
8666 0.7297
8667 1.3875
8668 0.5017
8669 0.3436
8670 0.2663
8671 0.9236
8672 0.9042
8673 0.1712
8674 0.6185
8675 0.5645
8676 1.7886
8677 1.2674
8678 11.9316
8679 0.4631
8680 0.1601
8681 0.2503
8682 0.6434
8683 0.8207
8684 3.9624
8685 0.6616
8686 1.8171
8687 0.6214
8688 0.7526
8689 0.4813
8690 2.0540
8691 0.5511
8692 0.7470
8693 0.1402
8694 0.7637
8695 0.6265
8696 0.1552
8697 1.5136
8698 5.0945
8699 0.6587
8700 2.0467
8701 3.1784
8702 0.1768
8703 0.2633
8704 0.3808
8705 0.4510
8706 0.1448
8707 0.1418
8708 2.1062
8709 0.2554
8710 0.4396
8711 0.7051
8712 0.1288
8713 0.4027
8714 0.1458
8715 0.6127
8716 0.4238
8717 1.2934
8718 1.5059
8719 4.0477
8720 7.0634
8721 0.4593
8722 1.1443
8723 0.4319
8724 1.5222
8725 0.3143
8726 0.5798
8727 1.0766
8728 0.1287
8729 0.6707
8730 1.0231
8731 1.5208
8732 1.5093
8733 0.3815
8734 0.2737
8735 0.5929
8736 0.5829
8737 1.0748
8738 0.6056
8739 0.3274
8740 0.3933
8741 0.3909
8742 0.3292
8743 9.3337
8744 0.2242
8745 0.2882
8746 1.1425
8747 0.2382
8748 0.3501
8749 1.1013
8750 3.1501
8751 0.1519
8752 3.0105
8753 0.4712
8754 1.4938
8755 0.4300
8756 0.2306
8757 0.3415
8758 0.4078
8759 0.1694
8760 0.2934
8761 0.1830
8762 1.3696
8763 0.3018
8764 0.2894
8765 4.5761
8766 1.1167
8767 0.3968
8768 5.8329
8769 0.4936
8770 0.8249
8771 0.3262
8772 0.9700
8773 0.6624
8774 0.5009
8775 0.6452
8776 0.1429
8777 0.4783
8778 0.1927
8779 0.2744
8780 1.1061
8781 0.2936
8782 1.0087
8783 0.7369
8784 0.2360
8785 0.4018
8786 0.3454
8787 0.5583
8788 4.2109
8789 1.4917
8790 0.4137
8791 0.6358
8792 0.2802
8793 0.6432
8794 0.3354
8795 0.2420
8796 5.6349
8797 1.3240
8798 0.1464
8799 1.9433
8800 0.4023
8801 0.7877
8802 0.3949
8803 2.2428
8804 0.1533
8805 0.1813
8806 0.1898
8807 0.1256
8808 0.7774
8809 0.1629
8810 0.1750
8811 0.6787
8812 0.4487
8813 0.6872
8814 0.2251
8815 0.9372
8816 4.2592
8817 3.3271
8818 0.6858
8819 0.1307
8820 0.7346
8821 0.5581
8822 3.7360
8823 13.7377
8824 3.9045
8825 0.4444
8826 0.2704
8827 0.3722
8828 0.4690
8829 0.4888
8830 12.2380
8831 1.6582
8832 3.6307
8833 0.4389
8834 0.4258
8835 1.6569
8836 0.4467
8837 0.5388
8838 0.2233
8839 5.0474
8840 1.0246
8841 0.2364
8842 0.6870
8843 1.7748
8844 0.4305
8845 0.4819
8846 0.8107
8847 0.1337
8848 1.4017
8849 2.7633
8850 0.3560
8851 0.3981
8852 3.8246
8853 0.1492
8854 0.3911
8855 0.1803
8856 0.1660
8857 0.8167
8858 1.4383
8859 0.7732
8860 2.8501
8861 0.2610
8862 1.1628
8863 0.2936
8864 1.3489
8865 1.1163
8866 3.1121
8867 3.0371
8868 1.6495
8869 0.4236
8870 0.5993
8871 1.2507
8872 1.6095
8873 0.4694
8874 0.3848
8875 0.7676
8876 0.6038
8877 0.7734
8878 0.1941
8879 0.1252
8880 0.7594
8881 0.1957
8882 0.1967
8883 0.3008
8884 0.4014
8885 0.1249
8886 0.4322
8887 0.5731
8888 0.2394
8889 0.1024
8890 6.5165
8891 1.6751
8892 1.0803
8893 0.3748
8894 5.3337
8895 0.2627
8896 2.7392
8897 0.4940
8898 0.2528
8899 1.6487
8900 0.2499
8901 0.2103
8902 5.0738
8903 0.5749
8904 0.6935
8905 2.5489
8906 0.4721
8907 23.3052
8908 0.7774
8909 0.1470
8910 0.2811
8911 4.9843
8912 0.3714
8913 0.2092
8914 1.7979
8915 0.8342
8916 0.3524
8917 0.0899
8918 0.5127
8919 0.1585
8920 0.3358
8921 1.3628
8922 1.9259
8923 0.1893
8924 1.7780
8925 0.3881
8926 3.0009
8927 0.3500
8928 0.1080
8929 0.2331
8930 0.2657
8931 1.1325
8932 0.4916
8933 1.4714
8934 0.4549
8935 0.2298
8936 0.3100
8937 0.1785
8938 0.3259
8939 2.4482
8940 0.5967
8941 0.2180
8942 1.4530
8943 0.6182
8944 0.2319
8945 0.6521
8946 1.6634
8947 0.5086
8948 1.0280
8949 0.2963
8950 0.8752
8951 0.2504
8952 0.1702
8953 0.3114
8954 0.5312
8955 0.5388
8956 1.0820
8957 3.0262
8958 0.2313
8959 1.5471
8960 0.4993
8961 1.2409
8962 1.5658
8963 0.3120
8964 1.4625
8965 0.8032
8966 0.1583
8967 1.1238
8968 0.3236
8969 6.0572
8970 0.4513
8971 0.5545
8972 0.5024
8973 0.5370
8974 3.3428
8975 0.9950
8976 0.7133
8977 1.7514
8978 0.3625
8979 1.2386
8980 0.3483
8981 0.5256
8982 0.5010
8983 2.5595
8984 7.9373
8985 0.1300
8986 3.0100
8987 0.4619
8988 1.9463
8989 0.1373
8990 0.5292
8991 1.0672
8992 1.2986
8993 0.1915
8994 0.3770
8995 1.3233
8996 3.3657
8997 0.3631
8998 0.5438
8999 0.6198
9000 0.7018
9001 1.0070
9002 0.6483
9003 0.9313
9004 10.7636
9005 0.8992
9006 0.1711
9007 0.3110
9008 0.3550
9009 0.2263
9010 0.6367
9011 0.6187
9012 1.7686
9013 0.8651
9014 3.3578
9015 5.9328
9016 0.5667
9017 0.3288
9018 0.8112
9019 0.1978
9020 0.1961
9021 0.3297
9022 0.8237
9023 0.3158
9024 1.6926
9025 0.1983
9026 1.3549
9027 1.2570
9028 0.2554
9029 0.4427
9030 1.7082
9031 3.1254
9032 0.2800
9033 1.3821
9034 0.1319
9035 0.2384
9036 1.0886
9037 0.4867
9038 0.1116
9039 3.2158
9040 0.2378
9041 0.1494
9042 0.3839
9043 0.2773
9044 5.4847
9045 2.7193
9046 0.7438
9047 1.1454
9048 0.6861
9049 0.9635
9050 0.2270
9051 1.4877
9052 5.7679
9053 0.6370
9054 3.0515
9055 0.4344
9056 0.6706
9057 0.1765
9058 1.2048
9059 0.4611
9060 0.3548
9061 0.1264
9062 0.1645
9063 0.2914
9064 11.6691
9065 0.2206
9066 0.7320
9067 0.2393
9068 0.1860
9069 0.4860
9070 1.1020
9071 6.1889
9072 0.2318
9073 0.6717
9074 0.9738
9075 0.4121
9076 0.1636
9077 0.7704
9078 0.5579
9079 0.2898
9080 1.1685
9081 0.0928
9082 1.3309
9083 0.3338
9084 0.5761
9085 3.0562
9086 0.4901
9087 0.5529
9088 1.0038
9089 0.4437
9090 0.4333
9091 0.0991
9092 0.1620
9093 0.7244
9094 0.1416
9095 0.3784
9096 0.6014
9097 2.1137
9098 0.2593
9099 0.5589
9100 0.1261
9101 0.3589
9102 0.5897
9103 2.8270
9104 0.4063
9105 16.7751
9106 2.3273
9107 0.6146
9108 0.2765
9109 4.2877
9110 1.4595
9111 0.3602
9112 0.3390
9113 0.5951
9114 0.3011
9115 3.3728
9116 0.1976
9117 0.5312
9118 1.3106
9119 0.2976
9120 0.7660
9121 2.7083
9122 0.1625
9123 2.6337
9124 0.3648
9125 0.1725
9126 1.0575
9127 0.1913
9128 9.4411
9129 0.8699
9130 0.3983
9131 0.2653
9132 1.4215
9133 0.4636
9134 0.2304
9135 1.7812
9136 0.1223
9137 0.7981
9138 0.1649
9139 5.5503
9140 2.5054
9141 0.7209
9142 0.4810
9143 0.2909
9144 2.5849
9145 0.3230
9146 8.4622
9147 0.3315
9148 0.4045
9149 0.9587
9150 0.2267
9151 0.8297
9152 10.6556
9153 0.9354
9154 0.1286
9155 0.2934
9156 1.7813
9157 0.1497
9158 0.7479
9159 0.5026
9160 0.6054
9161 0.5076
9162 0.7775
9163 0.2799
9164 1.2878
9165 0.2448
9166 0.8989
9167 0.8788
9168 0.2024
9169 0.2986
9170 0.8389
9171 4.2966
9172 0.2995
9173 16.2861
9174 0.2814
9175 1.6389
9176 0.6087
9177 0.4814
9178 1.6893
9179 0.2155
9180 0.6948
9181 0.8349
9182 3.1010
9183 0.7516
9184 0.7862
9185 0.6242
9186 0.2085
9187 0.6430
9188 0.1638
9189 1.1659
9190 0.4170
9191 10.3656
9192 0.1185
9193 0.5041
9194 0.4697
9195 0.6943
9196 0.3214
9197 0.4449
9198 0.6292
9199 0.6694
9200 0.3466
9201 0.9112
9202 0.2122
9203 0.9889
9204 0.6770
9205 11.6981
9206 2.0006
9207 1.8045
9208 1.8271
9209 0.4930
9210 0.5551
9211 0.1642
9212 0.1639
9213 0.2081
9214 1.3538
9215 0.4020
9216 0.1911
9217 0.4891
9218 1.9128
9219 0.3214
9220 0.3561
9221 0.5135
9222 1.4561
9223 0.4058
9224 0.6295
9225 0.1270
9226 0.4979
9227 0.3782
9228 2.0914
9229 0.2165
9230 0.0963
9231 0.2982
9232 1.7794
9233 0.1463
9234 0.5504
9235 0.4300
9236 0.6431
9237 0.4103
9238 1.0763
9239 0.5355
9240 0.8632
9241 0.2351
9242 0.3602
9243 0.1363
9244 1.7929
9245 1.8172
9246 4.3178
9247 0.9851
9248 0.8396
9249 1.1173
9250 0.3957
9251 0.9019
9252 0.4659
9253 0.1202
9254 0.2982
9255 0.2722
9256 0.4336
9257 0.3485
9258 0.3935
9259 0.4096
9260 0.8249
9261 1.1162
9262 0.2827
9263 0.6532
9264 0.4878
9265 0.3286
9266 0.3774
9267 0.4389
9268 2.7433
9269 0.3240
9270 0.4609
9271 0.1852
9272 0.1744
9273 0.3963
9274 0.5566
9275 0.2460
9276 0.5457
9277 0.3025
9278 0.4723
9279 1.4281
9280 0.5103
9281 3.5134
9282 1.1647
9283 0.2126
9284 0.1772
9285 0.6540
9286 1.8150
9287 0.2277
9288 0.5378
9289 0.8228
9290 0.3330
9291 0.4226
9292 0.5662
9293 2.1635
9294 0.1233
9295 0.8583
9296 0.2468
9297 1.5278
9298 0.5607
9299 1.1283
9300 0.3327
9301 1.0235
9302 1.8307
9303 2.1297
9304 0.4293
9305 1.5019
9306 0.2567
9307 2.2692
9308 0.2373
9309 0.2074
9310 0.6577
9311 1.0834
9312 2.6464
9313 1.3348
9314 0.8916
9315 0.3741
9316 0.8053
9317 0.2857
9318 1.6445
9319 0.3140
9320 0.2085
9321 4.0622
9322 1.2333
9323 0.3718
9324 0.5134
9325 0.4187
9326 0.8491
9327 0.5641
9328 0.6467
9329 0.7322
9330 1.3605
9331 0.2879
9332 0.5386
9333 0.7080
9334 0.2693
9335 0.5416
9336 0.3659
9337 0.6272
9338 0.8785
9339 0.3984
9340 0.7294
9341 0.2503
9342 0.8242
9343 1.7640
9344 1.3125
9345 3.6916
9346 1.3167
9347 6.3107
9348 0.3603
9349 0.2493
9350 1.0103
9351 0.3136
9352 2.6439
9353 0.3683
9354 0.2435
9355 0.3141
9356 0.3223
9357 3.9618
9358 0.1251
9359 0.5805
9360 0.3471
9361 0.4966
9362 0.1521
9363 0.7177
9364 1.0055
9365 9.6934
9366 0.1686
9367 0.4140
9368 1.9905
9369 0.2579
9370 0.2129
9371 0.2311
9372 1.3689
9373 0.1221
9374 0.2837
9375 0.6551
9376 0.4638
9377 0.4250
9378 0.5418
9379 0.8538
9380 0.1947
9381 1.0956
9382 1.1396
9383 0.3437
9384 1.4574
9385 0.3197
9386 0.5012
9387 1.1531
9388 1.4226
9389 0.7568
9390 0.1402
9391 0.7601
9392 0.3509
9393 0.7797
9394 0.4713
9395 0.6803
9396 0.5045
9397 0.2957
9398 1.4912
9399 0.5681
9400 1.1581
9401 0.3170
9402 0.8580
9403 0.5560
9404 0.9073
9405 0.4669
9406 0.1227
9407 0.7135
9408 0.8000
9409 4.9544
9410 0.3235
9411 0.4230
9412 0.2283
9413 0.3044
9414 0.2276
9415 0.3361
9416 0.2134
9417 1.3080
9418   NaN
9419 0.4315
9420 0.5295
9421 10.5555
9422 0.4911
9423 0.8577
9424 5.0236
9425 0.2198
9426 1.7700
9427 1.8768
9428 8.5366
9429 0.1461
9430 0.6622
9431 0.2467
9432 0.8055
9433 0.4594
9434 2.3725
9435 3.6948
9436 0.3970
9437 0.4053
9438 0.2861
9439 3.1405
9440 0.3854
9441 2.1464
9442 1.3751
9443 3.6228
9444 1.1502
9445 0.2887
9446 0.1257
9447 0.9848
9448 1.7170
9449 0.4260
9450 2.5480
9451 0.1916
9452 0.6247
9453 0.1416
9454 6.7131
9455 2.0091
9456 0.5611
9457 0.2719
9458 1.0394
9459 0.3772
9460 3.7220
9461 4.1452
9462 0.6809
9463 0.2236
9464 0.3639
9465 0.3947
9466 0.3059
9467 1.2455
9468 0.6634
9469 2.2151
9470 0.9677
9471 0.1998
9472 0.3804
9473 0.3161
9474 0.1157
9475 0.6239
9476 0.1244
9477 1.0303
9478 0.4681
9479 0.9080
9480 0.6469
9481 0.1030
9482 0.4577
9483 0.3239
9484 1.5462
9485 0.1143
9486 0.7990
9487 0.3150
9488 0.5671
9489 0.3797
9490 0.2148
9491 1.2174
9492 0.0937
9493 0.9713
9494 1.0167
9495 1.7502
9496 0.2753
9497 2.8298
9498 0.4941
9499 0.2893
9500 0.2219
9501 0.3448
9502 0.2118
9503 0.3644
9504 2.8462
9505 1.0889
9506 3.9822
9507 0.3690
9508 0.4067
9509 1.5559
9510 0.8076
9511 0.3880
9512 0.3431
9513 0.6583
9514 3.4351
9515 1.6042
9516 0.4073
9517 4.0578
9518 1.6821
9519 1.2926
9520 0.3461
9521 0.4545
9522 1.6936
9523 0.2250
9524 1.2820
9525 0.4033
9526 0.9507
9527 1.2396
9528 0.2044
9529 0.1567
9530 1.2966
9531 1.6558
9532 2.2768
9533 1.4217
9534 0.9851
9535 0.5219
9536 0.6684
9537 1.2637
9538 0.2177
9539 0.7361
9540 0.3505
9541 0.6901
9542 0.2962
9543 0.3371
9544 1.0418
9545 0.5511
9546 0.3809
9547 1.6151
9548 0.7910
9549 0.3677
9550 0.6099
9551 5.4473
9552 1.6074
9553 1.1491
9554 0.4225
9555 0.2048
9556 1.9727
9557 0.1298
9558 0.4207
9559 0.9670
9560 0.3601
9561 0.3368
9562 0.3806
9563 1.6554
9564 0.6193
9565 0.7667
9566 0.8290
9567 1.1158
9568 0.5025
9569 0.3615
9570 0.3986
9571 0.1919
9572 0.3112
9573 0.1815
9574 0.1844
9575 2.8858
9576 0.8839
9577 0.6306
9578 0.2531
9579 0.8710
9580 0.9902
9581 17.4629
9582 1.7622
9583 0.2157
9584 1.0384
9585 0.2009
9586 1.1631
9587 0.6717
9588 1.2237
9589 3.5879
9590 2.1728
9591 1.7416
9592 0.1187
9593 0.1679
9594 1.9927
9595 0.5029
9596   NaN
9597 0.2821
9598 0.3741
9599 0.2578
9600 0.8959
9601 0.1140
9602 0.2198
9603 0.8041
9604 3.0790
9605 0.6522
9606 1.3895
9607 0.1223
9608 0.7003
9609 1.7103
9610 0.2285
9611 0.1915
9612 0.3265
9613 2.6670
9614 0.5091
9615 0.4745
9616 1.0305
9617 0.3291
9618 0.4001
9619 0.2609
9620 0.4113
9621 0.9280
9622 2.9707
9623 0.5786
9624 2.6557
9625 2.1669
9626 1.7534
9627 0.9411
9628 2.6971
9629 0.6249
9630 0.1683
9631 0.1267
9632 0.1636
9633 0.1173
9634 5.1252
9635 0.6735
9636 3.3040
9637 0.1926
9638 4.4547
9639 0.2054
9640 0.2147
9641 1.7355
9642 0.6000
9643 1.1118
9644 0.6832
9645 0.2858
9646 0.8548
9647 0.2091
9648 0.8412
9649 0.3496
9650 0.6934
9651 1.8922
9652 0.3009
9653 0.8405
9654 0.3280
9655 0.7543
9656 0.7047
9657 0.7844
9658 0.2247
9659 0.3208
9660 0.1109
9661 0.4323
9662 1.2206
9663 1.4010
9664 0.9756
9665 0.1132
9666 0.4083
9667 3.5707
9668 0.5711
9669 1.2601
9670 0.8081
9671 0.3804
9672 0.4153
9673 0.9694
9674 2.5116
9675 0.7514
9676 0.9386
9677 0.1346
9678 1.2698
9679 9.7893
9680 3.2794
9681 0.2059
9682 1.1126
9683 0.1860
9684 2.0881
9685 1.9579
9686 0.8669
9687 0.2185
9688 0.5528
9689 3.6666
9690 0.6528
9691 3.5304
9692 0.4672
9693 1.3017
9694 0.7425
9695 0.2442
9696 0.2692
9697 1.9536
9698 0.2142
9699 1.8480
9700 15.2690
9701 0.3578
9702 1.7131
9703 0.3668
9704 0.1682
9705 0.1842
9706 1.9929
9707 1.3291
9708 0.1423
9709 2.4453
9710 0.1571
9711 2.6133
9712 0.5810
9713 3.1989
9714 0.4534
9715 0.1646
9716 0.6046
9717 2.3949
9718 1.0007
9719 0.6247
9720 6.9746
9721 0.1361
9722 0.3304
9723 0.7323
9724 1.7835
9725 0.2992
9726 0.9661
9727 0.7085
9728 3.5775
9729 1.5362
9730 0.3582
9731 18.5038
9732 0.2516
9733 0.2324
9734 1.8864
9735 0.6092
9736 0.3942
9737 0.6936
9738 0.5262
9739 0.1351
9740 0.1639
9741 2.3802
9742 0.1474
9743 2.1878
9744 0.9194
9745 1.2430
9746 3.6109
9747 2.0829
9748 0.3777
9749 0.3925
9750 0.3939
9751 2.5678
9752 0.4259
9753 0.1509
9754 0.2215
9755 0.3006
9756 4.3419
9757 0.1697
9758 1.5676
9759 0.8436
9760 0.2588
9761 0.2924
9762 0.4788
9763 0.5652
9764 7.9382
9765 0.6349
9766 1.1300
9767 0.6998
9768 0.3488
9769 6.8885
9770 0.7270
9771 0.5213
9772 4.9075
9773 1.1086
9774 0.9410
9775 0.2651
9776 1.7260
9777 0.2843
9778 0.9993
9779 0.3170
9780 0.2472
9781 4.1396
9782 0.4453
9783 0.2061
9784 0.3800
9785 2.3702
9786 0.5048
9787 2.2235
9788 4.6078
9789 0.8609
9790 0.4658
9791 0.2645
9792 0.2152
9793 7.4691
9794 1.0063
9795 0.5331
9796 1.0935
9797 0.2118
9798 0.6843
9799 0.2896
9800 0.3678
9801 0.3352
9802 0.2659
9803 0.6961
9804 1.0603
9805 0.8190
9806 0.5102
9807 0.3666
9808 0.9516
9809 0.7816
9810 0.3685
9811 0.1455
9812 0.3866
9813 0.1333
9814 1.2558
9815 10.1035
9816 0.4863
9817 0.9726
9818 0.1315
9819 1.3540
9820 0.9351
9821 0.1175
9822 0.7543
9823 0.4103
9824 0.1321
9825 0.3912
9826 0.3605
9827 0.4040
9828   NaN
9829 0.8538
9830 0.4164
9831 0.5524
9832 0.5429
9833 0.1676
9834 5.4026
9835 1.1574
9836 0.4144
9837 6.3242
9838 1.8986
9839 1.8460
9840 0.5709
9841 0.6496
9842 0.5172
9843 0.1094
9844 3.5655
9845 0.2566
9846 0.2711
9847 0.2837
9848 1.6201
9849 5.7734
9850 5.3513
9851 1.2569
9852 0.4071
9853 2.6498
9854 0.2552
9855 0.1604
9856 0.5116
9857 0.6876
9858 1.4693
9859 0.1347
9860 0.4066
9861 0.4625
9862 0.1742
9863 4.3801
9864 0.2689
9865 0.5259
9866 0.3685
9867 0.5594
9868 0.2135
9869 0.1386
9870 0.6424
9871 0.2381
9872 0.8007
9873 0.1960
9874 4.9444
9875 0.1662
9876 0.2432
9877 0.8859
9878 0.4497
9879 0.3295
9880 0.5357
9881 0.6160
9882 0.3508
9883 1.2714
9884 0.3746
9885 0.1498
9886 0.4392
9887 0.1174
9888 0.3263
9889 0.3634
9890 0.5654
9891 0.2990
9892 0.4506
9893 10.6955
9894 0.1567
9895 0.2362
9896 0.6366
9897 0.7162
9898 4.5729
9899 0.4945
9900 0.1259
9901 8.4097
9902 0.3655
9903 1.6307
9904 0.2193
9905 0.4413
9906 0.7464
9907 0.9053
9908 0.2037
9909 1.3663
9910 11.3378
9911 1.2741
9912 1.4560
9913 0.3285
9914 0.8685
9915 2.5749
9916 0.4832
9917 0.5206
9918 0.9769
9919 0.5140
9920 0.6357
9921 0.1988
9922 0.1506
9923 0.1535
9924 13.0779
9925 0.9666
9926 0.4607
9927 0.1664
9928 0.9036
9929 0.3901
9930 0.5969
9931 1.4733
9932 7.3041
9933 0.4113
9934 1.4244
9935 0.9886
9936 0.2037
9937 0.1802
9938 0.3487
9939 0.4526
9940 2.3215
9941 0.4958
9942 21.4984
9943 0.3250
9944 1.2126
9945 0.1702
9946 0.2057
9947 0.3572
9948 4.1939
9949 1.1196
9950 0.7614
9951 0.3501
9952 0.9293
9953 6.4991
9954 1.4461
9955 0.3240
9956 1.7153
9957 1.3685
9958 0.2290
9959 0.4143
9960 3.4876
9961 1.3857
9962 0.8495
9963 0.2309
9964 0.4533
9965 0.9343
9966 0.4104
9967 0.6854
9968 0.8707
9969 0.1531
9970 15.2317
9971 1.3312
9972 0.7130
9973 0.3822
9974 0.5763
9975 2.2992
9976 0.5535
9977 0.4901
9978 0.7093
9979 0.7027
9980 0.6397
9981 0.5671
9982 1.4428
9983 0.8100
9984 0.6500
9985 0.4792
9986 0.3561
9987 2.6925
9988 0.6723
9989 1.9727
9990 3.8463
9991 0.3238
9992 2.5308
9993 0.9416
9994 0.4950
9995 0.1362
9996 1.5992
9997 0.2575
9998 0.5279
9999 0.2367
10000 0.6031
