5001   NaN
5002 20.1754
5003 1.6934
5004 2.1593
5005 7.1749
5006 29.8827
5007 11.7387
5008 31.5235
5009 7.8993
5010 3.9638
5011   NaN
5012 18.8204
5013 18.3005
5014 13.8477
5015 17.9101
5016 25.1941
5017 36.9205
5018 49.2089
5019 0.1080
5020 8.2125
5021 46.5043
5022 3.5708
5023 10.6201
5024 24.0345
5025 25.6703
5026 2.9296
5027 34.1710
5028 5.0222
5029 7.6865
5030 6.4753
5031 4.4241
5032 14.0644
5033   NaN
5034 26.2927
5035   NaN
5036 22.0664
5037 33.9900
5038 0.1613
5039 0.2448
5040 10.1999
5041 8.3753
5042 6.4538
5043 0.8787
5044 2.1990
5045 18.9319
5046 2.9727
5047 17.9587
5048 3.3899
5049   NaN
5050 12.0586
5051 9.8030
5052 14.2073
5053 9.6455
5054 14.3279
5055   NaN
5056 14.9034
5057 8.9236
5058 3.1779
5059 21.1708
5060 19.9707
5061 15.1797
5062 0.6922
5063 49.8252
5064 27.1376
5065 4.0074
5066 14.1679
5067 13.3630
5068 0.9182
5069 0.5836
5070 2.7836
5071 27.9687
5072 18.0158
5073 13.4568
5074 10.1380
5075 4.4776
5076 11.7614
5077 28.2222
5078 21.4963
5079 53.2453
5080 3.4568
5081 27.5301
5082 2.4122
5083 9.8335
5084 34.9957
5085 5.3788
5086 44.3660
5087 22.5570
5088 36.1716
5089 18.4067
5090   NaN
5091 2.8814
5092   NaN
5093 13.6085
5094   NaN
5095 14.4570
5096 2.5610
5097 21.6819
5098 16.4899
5099 11.3137
5100 41.1501
5101 3.9732
5102 8.8827
5103 2.8144
5104 5.9733
5105 31.8924
5106 21.3521
5107 5.8155
5108 14.5886
5109 29.6300
5110 7.3548
5111 5.2029
5112 48.1458
5113 15.8802
5114 23.6344
5115 18.7792
5116 4.8281
5117 48.2086
5118 15.4785
5119 13.6525
5120 0.5169
5121 45.0279
5122   NaN
5123 12.0058
5124 4.2839
5125 2.4963
5126 46.6617
5127 18.9206
5128 0.9734
5129 2.5797
5130 18.9224
5131 37.6329
5132   NaN
5133 5.6343
5134 33.2656
5135 31.4772
5136 12.4632
5137 3.6410
5138 6.9343
5139 18.7378
5140 12.1357
5141 5.6114
5142 51.4887
5143 13.7885
5144 3.5837
5145 27.0080
5146 27.0264
5147 21.8921
5148   NaN
5149 19.4099
5150 12.2249
5151 0.3778
5152 10.4396
5153   NaN
5154 15.2303
5155 17.5825
5156 12.9835
5157 35.9171
5158   NaN
5159 20.8777
5160 3.7026
5161 4.5709
5162 40.3419
5163 27.2410
5164 18.8790
5165 0.5823
5166 50.3068
5167 0.2738
5168 0.8924
5169 7.8997
5170 4.0852
5171   NaN
5172 32.6088
5173 6.3107
5174 0.4531
5175 0.4120
5176 1.2990
5177 22.2412
5178 51.8657
5179 16.8103
5180 2.5292
5181 13.3646
5182 49.6071
5183 33.1763
5184 5.5324
5185 5.5688
5186 1.5912
5187 54.0821
5188 7.8701
5189 18.9518
5190 4.8764
5191 8.7668
5192 9.4550
5193 3.7677
5194 5.6002
5195 0.7312
5196 30.2350
5197 15.0692
5198   NaN
5199 19.6326
5200 9.4557
5201 8.2629
5202 22.6480
5203 25.4404
5204 0.8111
5205 2.3749
5206 11.9194
5207 19.6063
5208 35.4090
5209 3.3507
5210   NaN
5211 55.2118
5212 27.8066
5213 37.8339
5214 28.1950
5215 11.4831
5216 4.7961
5217 16.9979
5218 17.0412
5219 15.9436
5220 12.6388
5221 3.5479
5222 2.7601
5223 7.5940
5224 26.0376
5225 12.8179
5226 4.3684
5227 5.8542
5228 15.0625
5229 6.0589
5230 24.6243
5231 22.1187
5232 1.0850
5233 2.8839
5234 1.2439
5235 3.8520
5236 3.1151
5237 8.8615
5238 1.2988
5239 2.2605
5240 4.9347
5241 58.8940
5242 44.1057
5243 6.7644
5244 20.0529
5245   NaN
5246 61.2930
5247 0.6689
5248 32.5924
5249 49.7229
5250 17.2935
5251 4.7281
5252 1.8125
5253 0.5543
5254 26.3887
5255 19.5173
5256 25.9486
5257 4.6978
5258 10.2326
5259 45.4759
5260 6.4478
5261 22.8318
5262 37.5951
5263 4.9363
5264 24.5600
5265   NaN
5266 32.1042
5267 14.4165
5268   NaN
5269 28.6666
5270 21.1211
5271 3.7325
5272 0.9041
5273 15.8552
5274 0.3484
5275 2.9690
5276 3.0070
5277 31.5768
5278 6.5513
5279 0.6459
5280 14.3666
5281 4.3159
5282 8.7695
5283 14.0565
5284 10.4829
5285 17.9732
5286 31.9344
5287 5.9021
5288 9.8447
5289   NaN
5290 2.7157
5291   NaN
5292 3.1515
5293 20.9560
5294 6.3070
5295   NaN
5296 3.2486
5297 7.2964
5298 11.3262
5299 61.3439
5300 11.1410
5301 26.4698
5302 15.4018
5303 3.4856
5304 25.7771
5305 28.1230
5306 3.2806
5307 10.4880
5308 4.2785
5309 9.9737
5310 7.6707
5311 5.4915
5312 1.9658
5313 1.9416
5314 9.8053
5315 24.8809
5316   NaN
5317 21.2270
5318 18.7432
5319 5.7208
5320   NaN
5321 5.4598
5322 9.8791
5323 14.9274
5324 3.1093
5325 2.9255
5326 29.4106
5327 16.8464
5328 7.6695
5329 0.1540
5330 9.9710
5331 14.2423
5332   NaN
5333 0.2680
5334 0.7581
5335 10.1857
5336 13.4899
5337 6.1455
5338 0.1114
5339 49.7931
5340 0.9179
5341 2.4385
5342 28.8335
5343 26.7244
5344 39.2866
5345 1.6127
5346 28.3008
5347 3.4644
5348 12.2609
5349 2.6373
5350 46.2529
5351 15.8444
5352 20.7226
5353 14.7850
5354   NaN
5355 5.2995
5356 43.0481
5357 36.1744
5358 0.5928
5359 4.2903
5360 8.9564
5361 14.1335
5362 3.5077
5363 18.8176
5364 28.4085
5365 23.1344
5366 30.5424
5367 0.0976
5368 14.1436
5369 48.3134
5370 3.1611
5371 2.7597
5372 14.4634
5373 0.5040
5374 18.6219
5375 51.3860
5376 12.0994
5377 45.4082
5378 1.1251
5379 34.6037
5380 7.9017
5381 1.4706
5382 13.7524
5383 12.6498
5384 36.7660
5385 9.9920
5386 11.5443
5387 10.9614
5388 10.4432
5389 11.5822
5390 21.0012
5391 6.9398
5392 5.7584
5393 7.4620
5394 0.3051
5395 8.5040
5396 11.3728
5397 0.5039
5398 3.8451
5399 1.7408
5400 14.6218
5401 15.6920
5402 4.9251
5403 0.1570
5404 6.8638
5405 4.1068
5406 21.0434
5407 21.2703
5408 10.3101
5409 26.1578
5410 0.1764
5411 10.0920
5412 4.6221
5413 14.4512
5414 0.3442
5415 7.8455
5416 1.1847
5417 5.5909
5418 2.5846
5419 10.9073
5420 3.2431
5421 39.9265
5422 46.4015
5423 18.1635
5424 28.9235
5425 7.0100
5426 2.7675
5427 12.3266
5428 2.8212
5429 5.6523
5430 12.7184
5431 9.8160
5432 36.5056
5433 28.1241
5434 1.6455
5435 6.2011
5436 0.6986
5437 16.0983
5438 43.8967
5439   NaN
5440 1.6591
5441 44.8235
5442 4.4671
5443 5.0677
5444 1.0420
5445   NaN
5446 40.4802
5447 6.1577
5448 24.1060
5449 30.8990
5450 23.9619
5451 1.7487
5452 12.6917
5453 6.8784
5454 18.3463
5455   NaN
5456 34.8587
5457 20.0874
5458 33.5310
5459 35.2262
5460 17.3806
5461 54.3863
5462 38.9001
5463 1.6571
5464 49.9985
5465 5.3689
5466 15.3005
5467 1.3177
5468 4.3495
5469 33.2151
5470   NaN
5471 25.3623
5472 1.8012
5473 3.6554
5474 4.4228
5475 3.5956
5476 15.8633
5477 0.3614
5478 3.2183
5479 12.2284
5480 60.3008
5481 3.1855
5482 31.1943
5483 0.4701
5484 21.6381
5485   NaN
5486 28.4163
5487 11.2754
5488 0.4820
5489   NaN
5490 11.5435
5491 9.7108
5492 14.6381
5493 23.3480
5494 29.5830
5495 9.1072
5496 30.1134
5497   NaN
5498 8.4494
5499 34.4458
5500   NaN
5501 0.3784
5502   NaN
5503 16.3875
5504 32.1916
5505 4.9861
5506 40.3416
5507 3.9069
5508 27.8363
5509 9.1509
5510 13.5510
5511 1.7117
5512 0.1097
5513 7.3407
5514 14.5041
5515 18.0427
5516 23.3772
5517 0.2829
5518 10.3712
5519   NaN
5520 6.9015
5521 8.7969
5522 22.5066
5523 4.4883
5524 42.3754
5525 2.8085
5526 7.3590
5527 0.0676
5528 3.2756
5529 1.0917
5530 31.2066
5531 19.4745
5532 2.7866
5533 11.1167
5534 72.0199
5535 12.9028
5536 25.3750
5537 9.5280
5538 1.5759
5539 58.6659
5540 3.0608
5541 48.4265
5542 31.7781
5543 6.7321
5544 12.7883
5545 27.6035
5546 25.5740
5547 5.7054
5548 29.7119
5549 48.0770
5550 5.5759
5551 3.1018
5552   NaN
5553 36.1189
5554 50.0316
5555 1.5443
5556 9.9779
5557 12.8954
5558 10.1286
5559 13.0274
5560 29.6649
5561 4.6667
5562 7.8878
5563 0.4442
5564 16.0172
5565 1.4783
5566 30.2317
5567 10.9841
5568 8.6735
5569 0.1185
5570 1.8989
5571 19.2247
5572 9.2398
5573 18.9732
5574 8.6736
5575 3.5163
5576 34.8591
5577 24.5959
5578 9.8350
5579   NaN
5580 35.3089
5581 30.3564
5582 5.9034
5583 2.9682
5584 0.1479
5585 2.7570
5586 2.6671
5587 14.1596
5588 4.5377
5589 0.2349
5590 16.7125
5591 8.8061
5592 6.1435
5593 20.7631
5594 0.8659
5595 20.6179
5596 0.4053
5597 0.9709
5598 8.3389
5599 17.1287
5600 22.8522
5601 36.7961
5602 2.2859
5603 14.5999
5604 31.3535
5605 2.3096
5606 32.1193
5607 0.5896
5608 0.6269
5609 13.6177
5610 0.8293
5611 3.0502
5612 11.7993
5613 16.3567
5614 16.1129
5615 1.9146
5616 34.8000
5617 23.1275
5618 8.0089
5619 9.5724
5620 8.7351
5621 5.4825
5622 13.6203
5623 31.4215
5624 5.3441
5625 20.2591
5626 2.2121
5627 23.6931
5628 30.9833
5629 1.9672
5630 16.1046
5631 38.5852
5632 0.3423
5633 29.5282
5634 9.6563
5635 4.3115
5636 8.9473
5637 16.0378
5638 1.4107
5639 9.7381
5640 6.2800
5641 2.5036
5642 3.5967
5643 10.6778
5644 11.7908
5645 21.5190
5646 51.7879
5647 25.4452
5648 4.7511
5649 32.1362
5650 41.0218
5651 8.3366
5652 28.9908
5653 12.6415
5654   NaN
5655 17.5131
5656 3.0626
5657 40.5809
5658 3.8682
5659 32.7076
5660 19.8512
5661 5.7077
5662 0.4680
5663 10.0565
5664   NaN
5665 3.0494
5666 42.4352
5667 2.3135
5668 9.1068
5669 1.0414
5670 4.4415
5671 24.3402
5672 41.4383
5673 8.7354
5674 58.0487
5675 0.4631
5676 2.0632
5677   NaN
5678 21.4211
5679 5.5354
5680 35.7200
5681 29.3974
5682 11.8750
5683 57.2739
5684 0.1763
5685 11.3021
5686 28.5823
5687 65.1724
5688 44.8562
5689 49.5066
5690 10.2415
5691 19.8509
5692 53.7510
5693 0.6083
5694 1.8255
5695 29.8574
5696 1.9911
5697 2.3603
5698 23.0454
5699 21.4691
5700 30.0882
5701 2.8866
5702 57.6291
5703 13.4332
5704 3.9496
5705 6.7879
5706 0.2522
5707 7.1290
5708 7.8432
5709 9.7819
5710 1.4015
5711 17.5848
5712   NaN
5713 4.0613
5714 36.3154
5715 10.7491
5716 31.0366
5717 27.1081
5718 1.9218
5719 5.1703
5720   NaN
5721 15.2611
5722 1.7409
5723   NaN
5724 4.6147
5725 25.8966
5726 30.3613
5727 30.0620
5728 2.9164
5729 0.1391
5730 11.3496
5731 25.4440
5732 10.6100
5733 2.4404
5734 0.3139
5735 0.4454
5736 27.1311
5737 7.6987
5738 7.8028
5739 9.0283
5740 4.1256
5741 19.8476
5742 4.2846
5743 18.9835
5744 6.5771
5745 3.0884
5746 2.4540
5747 2.8548
5748 3.9373
5749 27.5072
5750 28.3298
5751 30.7396
5752 9.3240
5753 4.8979
5754 11.9659
5755 2.8242
5756   NaN
5757 14.7780
5758 0.3141
5759 4.2477
5760 10.9301
5761 1.1190
5762 32.6264
5763 0.7946
5764 42.6262
5765 24.0647
5766 0.4462
5767 6.3294
5768 0.9340
5769 6.0584
5770 11.9908
5771 11.2869
5772 0.6740
5773 60.3868
5774 5.4242
5775 5.4712
5776 16.0451
5777 46.7608
5778 7.5256
5779 1.0466
5780   NaN
5781 7.3552
5782 10.7490
5783 3.0311
5784 1.2295
5785 3.4024
5786 1.8487
5787 9.5815
5788 2.1072
5789 31.6135
5790 17.2161
5791 2.7110
5792 7.1789
5793 26.8138
5794 6.6788
5795 1.9419
5796 1.3237
5797 16.6638
5798   NaN
5799 20.5019
5800 10.1141
5801 1.1114
5802 3.4849
5803 12.0028
5804 23.5607
5805 0.2880
5806 12.5783
5807 26.6060
5808 3.3350
5809   NaN
5810 0.3138
5811 13.5514
5812 15.0562
5813 7.0157
5814 41.9541
5815 13.7364
5816 31.0830
5817 0.7250
5818 4.9466
5819 12.9210
5820 14.1740
5821 2.8947
5822 16.7459
5823 19.7169
5824 9.7470
5825 2.5602
5826 0.5530
5827 27.0623
5828 4.1880
5829 34.9828
5830 3.8884
5831 11.6106
5832 53.4050
5833 0.5336
5834 13.3240
5835 3.9705
5836 10.1313
5837 17.6509
5838 6.3898
5839 60.0903
5840 10.6679
5841 1.8534
5842   NaN
5843 9.9474
5844 30.2098
5845 0.4275
5846 20.1524
5847 17.6610
5848 3.1885
5849 2.6531
5850 40.7121
5851 4.4125
5852 5.1234
5853 9.5512
5854 42.4860
5855 1.0543
5856 16.4038
5857 36.5607
5858 4.1559
5859 2.5539
5860 39.1569
5861 42.0495
5862 26.9910
5863 6.1423
5864 3.4914
5865 7.2711
5866 0.6347
5867 22.9087
5868 6.5694
5869 12.2144
5870 20.9314
5871 16.3439
5872 3.5964
5873 38.4014
5874 36.8770
5875 4.2131
5876 21.1122
5877 26.2767
5878 4.2316
5879 6.3990
5880 2.5495
5881 2.7035
5882 0.3828
5883 4.9377
5884 18.8227
5885 15.1941
5886 5.7302
5887   NaN
5888 19.3539
5889   NaN
5890 12.3035
5891 1.5877
5892 3.8857
5893 15.9467
5894 2.5749
5895 5.6446
5896 11.6665
5897   NaN
5898 29.2435
5899 0.8334
5900 13.0231
5901 2.9169
5902 6.7467
5903 11.7390
5904 14.6089
5905 3.3360
5906 69.5838
5907 19.7674
5908 0.7330
5909 30.4846
5910 3.5837
5911 70.4772
5912 3.9831
5913 21.2842
5914 27.2465
5915 4.1985
5916 5.2996
5917 29.3906
5918   NaN
5919 6.5680
5920 20.0534
5921 1.2245
5922 10.7966
5923 1.1240
5924 4.8402
5925 18.4746
5926 19.0117
5927 14.5492
5928 0.1427
5929 17.1259
5930 37.5401
5931 34.1515
5932 20.8012
5933 6.1725
5934 0.4836
5935 11.6231
5936 20.6884
5937 3.2858
5938 26.3735
5939 23.7894
5940 18.1414
5941 1.5220
5942 6.0322
5943 14.8424
5944 7.3847
5945 44.4243
5946 3.8047
5947 8.7627
5948 6.8217
5949 42.3173
5950 1.9436
5951 20.6864
5952 13.7079
5953 45.7633
5954 5.1305
5955 13.5971
5956 2.5210
5957 8.2552
5958 26.0511
5959 48.3143
5960 7.6441
5961 6.4149
5962 41.3941
5963 32.3770
5964 33.8544
5965 6.5019
5966 25.1945
5967 16.8102
5968 38.3887
5969 1.9697
5970 6.8817
5971 8.4322
5972 0.4837
5973 23.6284
5974 13.1745
5975 7.2154
5976 41.7398
5977 7.9249
5978 40.5947
5979 10.4455
5980 0.2007
5981 2.2704
5982 37.5434
5983 30.0412
5984 35.6979
5985   NaN
5986 17.6786
5987 17.5822
5988 12.3160
5989   NaN
5990 33.0863
5991 15.4037
5992 8.9343
5993 21.2965
5994 1.4126
5995 2.7768
5996 4.8318
5997 2.9949
5998 52.9695
5999 0.2898
6000 10.0739
6001 48.5757
6002 13.7238
6003 26.3280
6004 6.9510
6005 26.1636
6006 30.6805
6007 2.0395
6008 5.8571
6009 0.9059
6010 12.4106
6011 13.6104
6012 42.5541
6013 50.9221
6014 9.2098
6015 19.1943
6016 4.2130
6017 4.4626
6018   NaN
6019 12.2874
6020 2.6198
6021 15.4566
6022 13.4688
6023 16.7144
6024 19.3886
6025 1.6760
6026 1.0608
6027 6.3810
6028 42.8078
6029 15.4371
6030 14.7102
6031 18.8501
6032 9.5783
6033 35.5723
6034 11.7749
6035 29.8015
6036 27.5023
6037 36.8688
6038 35.8129
6039 1.2322
6040   NaN
6041 14.4678
6042 15.0023
6043 18.3559
6044 6.3995
6045 30.4912
6046 17.5418
6047 23.9047
6048 60.6291
6049   NaN
6050 40.9389
6051 24.4860
6052 8.7098
6053 4.4275
6054 159.1657
6055 8.9809
6056 6.5172
6057 9.2559
6058 31.1171
6059 2.8607
6060 14.5973
6061 15.4271
6062 65.6466
6063 2.7838
6064 11.6677
6065 11.1803
6066 19.5695
6067 17.0752
6068 49.4307
6069 0.8041
6070 15.7371
6071 24.2095
6072 21.7342
6073 20.7839
6074 23.0849
6075 4.1713
6076 27.8962
6077   NaN
6078 26.8054
6079 22.1788
6080 37.6193
6081 18.5393
6082 3.3005
6083 43.0675
6084 6.1007
6085 33.2117
6086 9.4548
6087   NaN
6088 1.7041
6089 27.4749
6090 44.2986
6091 0.1218
6092 5.5027
6093 3.7926
6094 0.8540
6095 17.0756
6096 0.1810
6097 30.9958
6098 24.2680
6099 4.2633
6100 37.5630
6101 22.9911
6102 14.7794
6103 0.7364
6104 16.9674
6105 9.4955
6106 2.1903
6107 0.4353
6108 2.5607
6109 9.7857
6110 38.2981
6111 1.5379
6112 17.1427
6113 8.7847
6114 17.5101
6115 12.5984
6116 53.9423
6117 6.2322
6118 31.9552
6119 20.9074
6120 23.8689
6121 3.0220
6122 0.4923
6123 43.9326
6124 0.9370
6125 6.8181
6126 1.5277
6127 9.7655
6128 6.1417
6129 8.0253
6130 6.4735
6131 0.3234
6132 3.1950
6133 28.1450
6134 22.2668
6135 19.2572
6136 6.7840
6137 7.3129
6138 16.2799
6139 15.9936
6140 12.8494
6141 23.8345
6142 25.1425
6143 0.3855
6144 14.5957
6145 45.9960
6146 13.7220
6147 0.6564
6148 7.7929
6149 8.4729
6150 19.3907
6151 4.3253
6152 41.4339
6153   NaN
6154 20.2361
6155 0.3867
6156 38.4473
6157 2.6350
6158 19.8242
6159 13.7143
6160 51.9684
6161   NaN
6162 0.2791
6163 28.9345
6164 18.0338
6165 4.6852
6166 4.6838
6167 2.5608
6168 22.4003
6169 0.8081
6170 11.1645
6171 36.2467
6172 6.3174
6173 3.9739
6174 25.4359
6175 4.1581
6176 27.3736
6177 3.6049
6178 0.8972
6179 12.7190
6180 17.5372
6181 0.1192
6182 4.6471
6183 4.3525
6184 5.6430
6185 4.8716
6186 13.3645
6187 21.0647
6188 5.1374
6189 16.6553
6190 11.3595
6191 11.4139
6192 0.1225
6193 12.7098
6194 26.3405
6195 1.1112
6196 3.1209
6197 38.4981
6198 3.8789
6199 8.0184
6200   NaN
6201   NaN
6202 45.6962
6203 25.2603
6204   NaN
6205 11.1832
6206 1.3238
6207 11.0109
6208 19.7050
6209 8.6601
6210 11.0475
6211 0.2096
6212 1.0607
6213 7.0158
6214 61.5349
6215 28.5073
6216 5.5194
6217 25.0712
6218 52.6934
6219 7.9758
6220 4.9107
6221 4.5335
6222 25.2992
6223 3.9060
6224 15.0899
6225 0.6112
6226 14.8655
6227 32.6071
6228 0.4330
6229 11.3676
6230 0.1605
6231 17.0327
6232 0.2598
6233   NaN
6234   NaN
6235 21.4556
6236 1.6988
6237 1.8873
6238 1.7432
6239 2.5500
6240 17.4384
6241 10.7159
6242 33.7620
6243 5.2737
6244 0.7549
6245 14.4103
6246 42.7697
6247 9.7364
6248 3.0358
6249 453.7593
6250 6.4487
6251 2.6974
6252 18.4821
6253 28.3683
6254 6.9784
6255 11.6472
6256 2.0272
6257 12.5166
6258 16.5762
6259 12.4819
6260 12.1396
6261 3.8110
6262 8.5158
6263 24.0071
6264   NaN
6265 9.6166
6266 15.5541
6267 1.2248
6268 18.5905
6269 6.4926
6270 8.5100
6271 14.8350
6272 35.9798
6273 11.0295
6274 8.7567
6275 9.9045
6276 24.6550
6277 16.8982
6278 23.3641
6279 12.3868
6280 10.0733
6281 21.6767
6282 2.4014
6283 39.1960
6284 5.4915
6285 18.0975
6286 6.0660
6287 4.7841
6288 24.7081
6289 17.8675
6290 13.0119
6291 6.6033
6292 23.1519
6293 15.2711
6294 10.1690
6295 7.7960
6296 21.1660
6297 1.0308
6298 11.1012
6299 9.5187
6300 6.5237
6301 9.3042
6302 24.3391
6303 15.3045
6304 7.2247
6305   NaN
6306 2.4772
6307 15.9823
6308 6.3794
6309 17.8862
6310 8.1536
6311 37.9525
6312 26.2762
6313 6.0440
6314 7.1862
6315 6.0880
6316 5.7352
6317 0.5668
6318 21.8624
6319 1.3756
6320 14.7173
6321   NaN
6322 6.9435
6323 3.1192
6324 2.2990
6325 3.9500
6326 14.0395
6327 8.7810
6328 45.5015
6329 7.7397
6330 0.9989
6331 41.3004
6332 1.8066
6333 11.7065
6334 33.5103
6335 4.2435
6336 62.6897
6337 10.9250
6338 18.7269
6339 1.4258
6340 17.8831
6341 30.8682
6342 2.9968
6343 16.0337
6344 24.1377
6345 5.9681
6346 11.3647
6347 7.7144
6348 12.7451
6349 6.8620
6350 1.0878
6351 19.4747
6352 30.0785
6353 24.4817
6354 6.3885
6355 47.8005
6356 9.9138
6357 17.7477
6358 5.5312
6359 36.5673
6360 179.5849
6361 51.1029
6362 11.2676
6363 1.5652
6364 15.7066
6365 1.4170
6366 5.1646
6367 38.5902
6368 5.4524
6369 18.2636
6370 24.0714
6371 26.5980
6372 7.4014
6373 23.0338
6374 33.1555
6375 16.6472
6376 11.1797
6377 12.9286
6378 15.4522
6379 5.7523
6380 18.7540
6381 6.1957
6382 22.1114
6383 31.2810
6384   NaN
6385 33.1606
6386 23.7581
6387 13.6746
6388 29.7992
6389 10.2823
6390 1.1649
6391 0.4499
6392 33.3258
6393 3.8647
6394 7.3358
6395 15.2803
6396 0.6736
6397 15.6363
6398 0.1274
6399   NaN
6400 10.6598
6401 3.2379
6402 25.7431
6403 7.5576
6404 10.8419
6405 4.5714
6406 7.8858
6407 44.7599
6408 29.8054
6409 25.7713
6410 21.9390
6411 0.9473
6412 13.6629
6413 0.6371
6414 2.3878
6415 27.5102
6416 13.1063
6417 5.8580
6418 25.1341
6419 146.0829
6420 35.7226
6421 0.9709
6422 54.1493
6423 5.4223
6424 21.6132
6425 20.3355
6426 1.1813
6427 3.8333
6428 48.2363
6429 41.1124
6430 18.7131
6431 31.2630
6432   NaN
6433 11.3956
6434 20.4384
6435 33.2211
6436 30.3871
6437 16.1028
6438 1.8646
6439 0.9004
6440 19.6362
6441 6.3154
6442 9.1292
6443 38.3749
6444 2.6107
6445 12.7356
6446 8.1683
6447 5.5089
6448 18.9177
6449 23.6770
6450   NaN
6451 13.8641
6452 21.7568
6453 2.6932
6454 3.1068
6455 51.3931
6456 41.5249
6457 40.3970
6458 1.4733
6459 4.0378
6460 30.2110
6461 9.1141
6462 0.8767
6463 0.1008
6464 11.9227
6465 1.7003
6466 58.3935
6467 14.5962
6468 9.5402
6469 4.7137
6470 3.0408
6471 27.6249
6472 30.0861
6473 12.2956
6474 59.2562
6475 36.4167
6476 0.8938
6477 21.8214
6478 3.5235
6479 2.8838
6480 21.3835
6481 0.5690
6482 10.1097
6483 26.2517
6484 4.8935
6485 35.8081
6486 1.2346
6487 3.8309
6488 28.4453
6489 21.4542
6490 8.3245
6491 13.0440
6492 47.8957
6493 28.0935
6494 15.9588
6495 6.9651
6496 4.7120
6497 53.5703
6498 16.0588
6499 1.6585
6500 7.8230
6501 23.6185
6502 14.3464
6503 4.5295
6504 0.8799
6505 8.8203
6506 3.5487
6507 29.1799
6508 3.7122
6509 14.9092
6510 12.7369
6511 6.4092
6512 0.9128
6513 5.4121
6514 5.1315
6515 1.1719
6516   NaN
6517 16.5810
6518 17.6589
6519 6.4806
6520 19.7505
6521 15.0409
6522 39.5274
6523 19.0824
6524 3.1620
6525   NaN
6526 3.7405
6527 9.6747
6528 12.9381
6529 2.4490
6530 7.9739
6531   NaN
6532 36.0083
6533 32.2934
6534 3.3990
6535 13.4558
6536 10.3480
6537 14.1672
6538   NaN
6539 6.1752
6540 5.0182
6541 10.8408
6542 51.2944
6543 14.9490
6544 35.6184
6545 25.9225
6546 17.0791
6547 14.2264
6548 0.8622
6549 29.9249
6550 2.9591
6551 13.2937
6552 3.9802
6553 21.1246
6554 23.7710
6555 14.4483
6556 4.9862
6557 15.3649
6558 7.2774
6559 21.4455
6560 0.1362
6561 69.7341
6562 17.0608
6563 0.6249
6564 25.2287
6565 6.6869
6566   NaN
6567 1.3728
6568 11.7260
6569 0.5468
6570 0.6203
6571 22.8655
6572 28.2185
6573 4.4279
6574 0.7121
6575   NaN
6576 2.6757
6577 1.5723
6578 21.8273
6579 6.9423
6580   NaN
6581 17.1533
6582 45.7770
6583 11.8802
6584 23.5158
6585 41.0930
6586 7.4995
6587 51.3091
6588   NaN
6589 11.6496
6590 1.9424
6591 4.7877
6592 48.4275
6593 18.4812
6594 27.8846
6595 9.3533
6596 8.2275
6597 34.6442
6598 11.7620
6599 30.8375
6600 18.1646
6601 5.6808
6602 2.2135
6603 24.5222
6604 3.9691
6605 18.3037
6606 3.1731
6607 23.5863
6608 18.2692
6609 3.6519
6610 16.1047
6611 17.6680
6612 0.5247
6613 0.6480
6614 5.1601
6615 10.5900
6616 6.8378
6617 29.8513
6618 18.1844
6619 2.8830
6620 11.8177
6621 26.8484
6622 18.7888
6623 38.2569
6624 0.9416
6625 17.1443
6626 23.4704
6627 6.8385
6628 25.3922
6629 9.0945
6630 16.8241
6631 4.0246
6632 3.1314
6633 19.9500
6634 0.6415
6635 20.6503
6636 38.9063
6637 26.0596
6638 5.2822
6639 0.7094
6640 6.0336
6641 19.4966
6642 12.8020
6643 14.8081
6644 1.6819
6645 30.2022
6646 0.1922
6647 10.2316
6648 3.0549
6649 5.0520
6650 23.1994
6651 19.8447
6652 24.2465
6653 6.0685
6654 18.4807
6655 1.4662
6656 5.5605
6657 37.0181
6658 56.1483
6659 0.2190
6660 11.1110
6661 3.7751
6662 9.1624
6663 45.9959
6664 6.1248
6665 9.2645
6666 6.3832
6667 37.5320
6668 1.2704
6669 2.3469
6670 4.2942
6671 3.0750
6672 3.7141
6673 2.2552
6674 10.9044
6675 34.7069
6676 9.0865
6677 0.1910
6678   NaN
6679 9.6661
6680 13.5191
6681 22.9761
6682   NaN
6683 23.9621
6684 8.6397
6685 4.8320
6686 28.0990
6687 46.6096
6688 1.8336
6689 1.4117
6690 16.0229
6691 2.8519
6692 12.8917
6693 4.5407
6694 33.7651
6695 33.0501
6696 16.2834
6697 12.5541
6698 0.7764
6699 1.9241
6700 8.7774
6701 21.0779
6702 25.9634
6703 4.0614
6704 6.8136
6705 19.9953
6706 7.9823
6707 8.9568
6708 0.3870
6709 20.7578
6710 19.9397
6711 25.5681
6712 1.0588
6713 6.7274
6714 3.7156
6715 9.0185
6716   NaN
6717 13.2858
6718 7.3288
6719 31.7049
6720 1.6109
6721 14.0412
6722 35.3599
6723 2.6584
6724 9.2241
6725 72.8724
6726 36.0066
6727 22.6540
6728 3.9284
6729 21.6871
6730 0.2299
6731 4.6592
6732 25.8333
6733 6.1786
6734 8.1909
6735   NaN
6736 20.6907
6737 0.5951
6738 12.7900
6739 13.1547
6740 65.1485
6741 8.2398
6742 26.6151
6743 10.4525
6744 5.8315
6745 5.9279
6746 28.7381
6747 34.1830
6748 13.7928
6749 26.5514
6750 43.0368
6751 49.3659
6752 32.9412
6753 30.2333
6754 21.1157
6755 11.0812
6756 40.0094
6757 2.4624
6758 41.7642
6759 35.8784
6760 31.0463
6761 5.3216
6762 6.5753
6763 24.5890
6764 2.8503
6765 24.3633
6766 20.5018
6767   NaN
6768 24.2800
6769 2.2711
6770 21.1555
6771 0.2092
6772 2.6636
6773 9.7248
6774 15.5306
6775 64.7762
6776 11.2546
6777 20.3713
6778 3.7689
6779 53.7884
6780 42.3975
6781 1.1119
6782 40.7747
6783 3.2173
6784 11.3009
6785   NaN
6786 5.9302
6787 7.0650
6788 0.6121
6789 3.8445
6790 2.1562
6791 7.3251
6792 20.6215
6793 5.6526
6794 3.7866
6795 32.9987
6796 55.6337
6797 22.6612
6798   NaN
6799 18.5714
6800 8.9823
6801 7.3593
6802 34.6239
6803 6.7786
6804 27.7170
6805 3.5168
6806 19.0668
6807 12.1650
6808 7.6555
6809 1.0197
6810 14.9816
6811 8.2144
6812 6.6750
6813 0.1383
6814 6.0368
6815 22.0293
6816 20.1819
6817 22.4929
6818 8.2897
6819 0.1921
6820 1.9995
6821 26.7253
6822 19.8639
6823 8.0200
6824 0.1428
6825 11.1156
6826 21.0402
6827 15.6735
6828 2.3160
6829 12.2400
6830 13.0145
6831 6.9428
6832 20.1995
6833 29.0470
6834 23.1375
6835 1.8540
6836 10.2776
6837 8.6134
6838 17.6745
6839 8.4767
6840 8.5287
6841 42.0178
6842 31.3292
6843   NaN
6844 5.2244
6845 3.8103
6846 18.2207
6847 14.4456
6848 9.9850
6849 35.2544
6850 5.8777
6851 5.1513
6852 32.2509
6853 54.1801
6854 41.9266
6855 27.6552
6856 0.5205
6857 2.4661
6858 31.2661
6859 2.3558
6860 14.5960
6861 7.2285
6862 20.3303
6863 0.9686
6864 10.0578
6865 61.5879
6866 0.7538
6867 16.9864
6868 5.3316
6869 2.4107
6870 7.0027
6871 9.3084
6872 68.6830
6873 7.3407
6874 18.4483
6875 0.9598
6876 19.6745
6877 17.2626
6878 1.6456
6879 63.1745
6880 23.8856
6881 13.9325
6882 32.2939
6883 29.8539
6884 18.5450
6885 14.0800
6886 8.6321
6887 15.1916
6888 19.5843
6889 4.6636
6890 0.8033
6891 14.9591
6892 6.2042
6893 1.8199
6894 29.1805
6895   NaN
6896 21.9625
6897 15.5728
6898 2.0690
6899 3.5344
6900 13.7165
6901 3.2682
6902 24.1790
6903 0.7265
6904 18.2017
6905 18.3217
6906 32.8152
6907 4.2099
6908 15.1982
6909 0.6341
6910 1.2178
6911 0.9201
6912 34.9631
6913 26.9736
6914 4.7660
6915   NaN
6916 23.6762
6917 25.6042
6918 26.7487
6919 26.5320
6920 51.1581
6921 62.3775
6922 6.0251
6923 17.8666
6924 41.3390
6925 33.0943
6926 0.5339
6927 41.0901
6928 29.8328
6929 23.3356
6930 6.9429
6931 5.3590
6932 10.8842
6933 15.4394
6934 27.1382
6935 15.5018
6936 38.3246
6937 4.9672
6938 15.9128
6939 51.6575
6940 20.4010
6941 3.9056
6942 11.2513
6943 31.6367
6944 50.7702
6945   NaN
6946 1.8961
6947 24.4835
6948 43.4747
6949 10.8066
6950 32.4552
6951 27.5936
6952 9.3720
6953 12.0159
6954   NaN
6955 29.7861
6956 11.3321
6957 18.9804
6958 21.0315
6959 14.1998
6960 8.3328
6961 1.8206
6962 15.6535
6963 44.1279
6964 33.6102
6965 18.2687
6966 4.9636
6967 13.5551
6968 9.7550
6969 4.4945
6970 7.7125
6971   NaN
6972 16.9267
6973 1.2242
6974 30.9844
6975 4.1683
6976 15.6182
6977 42.9636
6978 13.2686
6979 29.8003
6980 46.0879
6981 25.1091
6982 13.5405
6983 14.6687
6984   NaN
6985 3.9067
6986 0.8408
6987 52.0713
6988 9.2723
6989 17.7860
6990 1.9622
6991 7.5827
6992 24.0589
6993 27.6238
6994 19.3296
6995 1.5541
6996 9.3471
6997 3.2092
6998 13.6012
6999 7.3677
7000 8.7429
7001 6.3572
7002 1.9094
7003 14.5500
7004 25.5142
7005 0.3545
7006   NaN
7007 3.3627
7008   NaN
7009 48.9633
7010 5.5760
7011 0.8248
7012 14.8439
7013 14.0489
7014 53.4874
7015 3.0334
7016 30.6294
7017 20.9965
7018 6.6214
7019 43.3393
7020 57.5052
7021 0.7412
7022 26.8464
7023 2.1584
7024 36.9203
7025   NaN
7026 27.0598
7027 11.6102
7028 9.6904
7029 0.1838
7030 1.6904
7031 0.8603
7032 15.9463
7033 21.7543
7034 2.0513
7035 19.4500
7036 0.4827
7037 5.0771
7038 20.1726
7039 18.2213
7040 0.7495
7041 9.6822
7042 58.0941
7043 10.0983
7044 13.6050
7045 0.8990
7046   NaN
7047 22.3177
7048 11.2431
7049 9.5550
7050 9.4211
7051 11.5553
7052 4.8621
7053 17.6647
7054   NaN
7055 17.6307
7056 4.2146
7057 45.5773
7058 3.7870
7059 10.2018
7060 0.6532
7061 4.7622
7062 21.2716
7063 0.1972
7064 5.2041
7065 16.3741
7066 4.0850
7067 1.6216
7068 6.1203
7069 8.4003
7070 13.2167
7071 0.4379
7072 6.9996
7073 14.5335
7074 3.9444
7075 2.3556
7076 5.5172
7077 1.7847
7078 22.2979
7079 1.4651
7080 1.3997
7081 26.2889
7082   NaN
7083 5.8881
7084 1.9338
7085 78.8960
7086 23.1549
7087 57.9193
7088 50.7142
7089 17.5121
7090 4.1717
7091 13.1706
7092 10.4394
7093 4.1702
7094 0.4352
7095 15.1760
7096 0.3856
7097 19.7230
7098 19.8309
7099 0.9213
7100 0.4583
7101 18.9788
7102 17.4165
7103 30.8559
7104 14.9612
7105 10.1357
7106 5.3515
7107   NaN
7108 30.6840
7109 7.1683
7110 23.2789
7111 8.3021
7112 27.1619
7113 6.5836
7114 0.3605
7115 13.3678
7116 8.2958
7117 49.3244
7118 28.3384
7119 0.6296
7120 14.3738
7121   NaN
7122   NaN
7123 10.6447
7124   NaN
7125 3.6115
7126 47.4639
7127 6.5810
7128 41.7935
7129   NaN
7130 2.7052
7131 2.1647
7132 0.6184
7133 28.4615
7134 4.4452
7135 39.5192
7136 2.1172
7137 32.5123
7138 1.9707
7139 3.1444
7140 8.7806
7141 1.0265
7142 0.9790
7143 9.0817
7144 5.0572
7145 4.5524
7146 11.5663
7147 19.8410
7148   NaN
7149 20.3721
7150 11.7322
7151 7.2416
7152 2.5725
7153 0.2893
7154 1.4965
7155 8.9188
7156 5.4763
7157 55.5175
7158 33.6569
7159 5.4908
7160 5.8982
7161 6.8623
7162 40.9870
7163 55.1514
7164 5.8661
7165 0.7549
7166 9.8730
7167 6.1321
7168 0.3417
7169 5.2262
7170 37.5416
7171 18.1158
7172   NaN
7173 30.0488
7174 22.2308
7175 15.0837
7176 11.6635
7177 1.2841
7178 8.2225
7179 18.3747
7180 1.1738
7181 39.2154
7182 24.4843
7183 10.2304
7184 1.4747
7185 9.2551
7186 18.9981
7187   NaN
7188 13.7177
7189 0.5893
7190 172.7692
7191   NaN
7192   NaN
7193 4.1759
7194 0.7427
7195 7.7402
7196 6.3066
7197 0.9871
7198 23.0729
7199 45.3264
7200 51.3225
7201 29.1192
7202 30.8037
7203 10.6843
7204 40.2521
7205 2.8290
7206 2.2243
7207 8.1242
7208 1.6407
7209 10.2883
7210 13.6846
7211 33.9607
7212 34.0485
7213 27.3608
7214 8.3452
7215 13.1863
7216 7.0969
7217 0.2176
7218 1.4527
7219   NaN
7220 22.3699
7221 38.5536
7222 9.5258
7223 4.9880
7224 25.4261
7225 30.2834
7226 56.9003
7227 21.8088
7228 3.0521
7229 8.0257
7230 10.1029
7231 8.8874
7232 11.3688
7233 13.7210
7234   NaN
7235 12.0454
7236 23.8702
7237 37.7388
7238 4.6866
7239 1.4572
7240 6.3459
7241 30.6559
7242 49.3334
7243 12.7059
7244 8.8477
7245 24.5005
7246 14.7216
7247 1.8448
7248 9.4664
7249 28.7122
7250 9.5752
7251 4.2283
7252 0.8851
7253 34.7308
7254 35.1094
7255 6.3879
7256 27.8482
7257 12.0693
7258 18.2535
7259 0.7733
7260 2.5812
7261 14.3430
7262 33.1335
7263 6.8275
7264   NaN
7265 1.6904
7266 27.3602
7267 18.3462
7268 18.0048
7269 15.4423
7270 34.2394
7271 25.9833
7272   NaN
7273 18.3980
7274 3.5531
7275 15.4558
7276 1.0548
7277 6.8649
7278 31.3790
7279 21.1013
7280 16.1252
7281 17.6763
7282 7.6424
7283 10.5087
7284 8.9992
7285 11.2405
7286 8.2021
7287 1.3900
7288 4.6266
7289 15.9762
7290 16.3597
7291 12.0850
7292 4.9391
7293 4.2871
7294 47.4190
7295 28.3699
7296 11.7771
7297 58.9408
7298 23.2335
7299 42.8312
7300 18.5899
7301 53.6952
7302 10.9998
7303 0.9479
7304 33.6127
7305 3.3929
7306 48.9407
7307 13.2729
7308 32.0105
7309 19.2744
7310 5.1653
7311   NaN
7312 11.9870
7313 0.6228
7314 13.9359
7315 24.9279
7316 22.0660
7317   NaN
7318 40.1042
7319 6.6624
7320 8.4708
7321 0.1595
7322 3.2138
7323 30.7897
7324 2.6159
7325 38.7314
7326 48.5231
7327 14.7428
7328 6.0188
7329 61.3170
7330 20.3398
7331 19.3287
7332 6.9819
7333 15.8409
7334 36.1190
7335 4.1612
7336 5.8134
7337 19.0688
7338 9.0000
7339 34.6988
7340 2.9273
7341 0.1913
7342 7.2542
7343 0.2069
7344 12.8688
7345 4.0044
7346 0.2822
7347 42.8967
7348 20.3064
7349 57.6517
7350 22.3854
7351 24.6116
7352 18.9354
7353 3.0324
7354 0.3027
7355 14.4797
7356 1.0473
7357 166.9697
7358 3.6420
7359 25.4379
7360 17.2024
7361 13.2175
7362 6.3594
7363 45.0026
7364 4.3993
7365 26.8870
7366 4.8485
7367   NaN
7368 29.4225
7369 14.5496
7370 3.5357
7371 21.5573
7372 12.5445
7373 18.3406
7374 13.2553
7375 0.6300
7376 0.1283
7377 13.0947
7378   NaN
7379 23.7335
7380 0.7949
7381 0.4883
7382 7.0446
7383 5.5528
7384 30.1003
7385 45.9917
7386 17.6443
7387   NaN
7388 18.0852
7389 0.3345
7390 13.6379
7391 44.0658
7392 10.1162
7393 33.5920
7394 25.8522
7395 0.6298
7396 21.3560
7397 14.8648
7398 11.2762
7399 18.8792
7400 10.0421
7401 21.9374
7402 25.8859
7403   NaN
7404 7.2355
7405 6.3266
7406 10.5117
7407 12.2496
7408 2.9387
7409 21.9429
7410 3.9773
7411   NaN
7412 32.4299
7413 9.1762
7414 6.6981
7415 6.2009
7416 35.7650
7417 29.4522
7418 7.1737
7419 4.2033
7420   NaN
7421 24.5623
7422 8.1512
7423 34.5976
7424 9.1170
7425 1.4779
7426 21.8793
7427 16.4654
7428 10.1208
7429 13.9562
7430 3.2236
7431 24.9201
7432 20.2160
7433 3.0171
7434 16.2228
7435   NaN
7436 10.5193
7437 14.5552
7438 22.2525
7439 5.3861
7440 35.9051
7441 2.1362
7442 15.0375
7443 13.5639
7444 30.8508
7445 3.4252
7446 3.7535
7447 7.1014
7448 2.1529
7449 25.0333
7450 68.7527
7451 4.9655
7452 6.4295
7453   NaN
7454 7.8271
7455 31.4431
7456 5.3049
7457 29.1301
7458 18.0273
7459 4.0538
7460 27.5107
7461 17.2092
7462 1.0395
7463 33.7636
7464 4.7327
7465   NaN
7466 27.1478
7467 5.4798
7468 25.3470
7469 2.7207
7470 36.7778
7471 6.2591
7472 14.3052
7473   NaN
7474   NaN
7475 16.5551
7476 19.7644
7477 2.0375
7478 10.4008
7479 21.9503
7480 35.0918
7481 5.8722
7482 2.4615
7483 18.3534
7484 24.2693
7485 16.9410
7486 1.8702
7487 38.6906
7488 19.3223
7489 1.6626
7490 4.6118
7491 18.6699
7492 30.1442
7493 0.9306
7494 9.4105
7495 39.1400
7496 2.6690
7497 28.7095
7498 17.0038
7499 4.6625
7500 34.1499
7501   NaN
7502 33.1340
7503   NaN
7504 22.8357
7505 0.3435
7506 8.0579
7507 0.9684
7508 4.9250
7509 19.3753
7510 42.8220
7511 6.6581
7512 23.7678
7513 37.5020
7514 23.7616
7515 26.0473
7516 3.8468
7517 0.6163
7518 25.4713
7519 0.7393
7520 13.0817
7521 22.4454
7522 2.1083
7523 7.0449
7524 9.7700
7525   NaN
7526 8.3047
7527 5.0334
7528 5.0704
7529   NaN
7530 10.6202
7531   NaN
7532 28.2393
7533 15.7152
7534 24.4848
7535 14.0893
7536 13.5452
7537 8.0828
7538 28.6066
7539 46.9024
7540 1.1898
7541 2.1166
7542 25.3906
7543 4.0848
7544 8.1426
7545 3.1460
7546 23.3936
7547 23.0041
7548 35.5696
7549 27.4630
7550 11.5908
7551 20.0065
7552 7.1663
7553 3.8007
7554 32.1685
7555 7.3330
7556 1.3796
7557 3.7240
7558 3.7732
7559 13.3792
7560 24.9404
7561 3.7277
7562 10.3070
7563 34.0578
7564 11.7600
7565 1.5143
7566 0.8960
7567 5.1057
7568 32.7495
7569 8.4562
7570 34.7269
7571 9.8459
7572   NaN
7573 10.2018
7574 16.1662
7575 13.8857
7576 18.4318
7577 40.0229
7578 26.5260
7579 13.5830
7580 9.4378
7581 2.2471
7582 9.7488
7583 28.3390
7584 9.1486
7585 5.5439
7586 20.5229
7587 1.4673
7588 3.3588
7589 2.5165
7590 1.3161
7591 4.6605
7592 38.1588
7593 5.9090
7594 13.9474
7595 5.3071
7596 2.9974
7597 16.1818
7598 8.9088
7599 4.0222
7600 3.9657
7601   NaN
7602 18.4374
7603 26.3025
7604 18.9570
7605 23.6241
7606 22.5770
7607 40.5839
7608 34.0619
7609 7.9455
7610 6.3965
7611 17.2274
7612 17.3008
7613 4.1385
7614 9.5839
7615 20.0402
7616   NaN
7617 6.7138
7618 16.0504
7619 35.8009
7620 44.4429
7621 37.9722
7622 42.5412
7623   NaN
7624 5.0585
7625 3.5725
7626 7.6835
7627 10.8549
7628 16.5860
7629 3.6241
7630 5.0767
7631 10.3602
7632   NaN
7633 5.3767
7634 13.9754
7635 15.1675
7636 1.8010
7637 6.5983
7638 14.3607
7639 11.7223
7640 23.8334
7641 19.9284
7642 4.6793
7643 19.5242
7644 32.6018
7645 18.8634
7646 10.0520
7647 4.8350
7648   NaN
7649 24.0720
7650 5.8287
7651 39.7159
7652 4.2694
7653 0.4618
7654 7.8082
7655 34.7155
7656 5.3637
7657 2.6490
7658 26.7906
7659 17.0551
7660 23.9567
7661 3.9851
7662 0.1631
7663   NaN
7664 29.1644
7665 17.8485
7666 2.5717
7667 7.0749
7668 43.9771
7669 2.0993
7670 4.9157
7671 3.8056
7672 5.7136
7673 22.1680
7674 61.8219
7675 44.6165
7676 5.7963
7677 0.6359
7678 28.0832
7679 5.7473
7680 17.3140
7681 6.0175
7682 16.1885
7683 28.5675
7684 11.1167
7685 18.3791
7686 56.0085
7687 8.4238
7688 1.4190
7689   NaN
7690 2.2968
7691 0.1634
7692 17.5252
7693 33.9316
7694 0.6832
7695 1.9323
7696 26.9957
7697 8.5575
7698 12.0043
7699 7.0748
7700 10.6487
7701 38.0514
7702 3.3582
7703 60.2428
7704 1.6572
7705 14.2828
7706 29.5949
7707 1.8037
7708 24.0971
7709 0.1852
7710 28.9015
7711 10.1015
7712 3.2668
7713 24.9785
7714 7.6989
7715 15.7398
7716 27.3872
7717 3.8478
7718 8.2679
7719 32.1537
7720 58.3834
7721 33.4411
7722 22.8054
7723 22.0565
7724 11.2324
7725 3.1889
7726 42.5086
7727 2.3563
7728   NaN
7729 54.4737
7730 23.7101
7731 25.4770
7732 23.1478
7733 2.0322
7734 12.4424
7735 28.3456
7736 5.2438
7737 28.7560
7738 6.7391
7739   NaN
7740 9.3158
7741 3.9103
7742 1.8470
7743 7.0901
7744 8.4011
7745 6.4592
7746 7.9232
7747 9.7322
7748 3.5832
7749 15.9629
7750 57.5764
7751 22.7952
7752 4.5305
7753 7.7377
7754 0.0725
7755 15.9081
7756 3.8915
7757 11.8235
7758 0.6382
7759 0.9062
7760 28.1408
7761 9.9756
7762 11.3503
7763 0.1531
7764 9.6011
7765 19.3936
7766 7.7912
7767 37.5682
7768 6.2579
7769 4.1558
7770 16.9423
7771 26.2486
7772 1.5884
7773 3.9540
7774 10.1998
7775 11.5082
7776 3.5827
7777 18.7164
7778 36.5836
7779 17.5305
7780 1.9490
7781 2.4491
7782 8.4408
7783 0.0890
7784 36.4717
7785 37.2571
7786 4.1482
7787 6.1500
7788 1.0670
7789 27.0341
7790 16.2290
7791 1.3905
7792 24.3681
7793   NaN
7794 25.8006
7795 1.9498
7796 8.7265
7797 21.8118
7798 12.3519
7799 9.3585
7800 45.7850
7801 10.4825
7802 49.1561
7803 6.7287
7804 10.4431
7805 2.1270
7806 2.7083
7807 0.6191
7808 29.3213
7809 16.9268
7810 0.8839
7811 17.7516
7812 12.7808
7813 9.8236
7814 13.3550
7815 49.6413
7816 3.5772
7817 17.4873
7818 9.2437
7819 10.4747
7820 32.0506
7821 3.3414
7822 57.9604
7823 55.8074
7824 3.9860
7825 50.2938
7826 42.9399
7827 14.9437
7828 3.7753
7829 10.9607
7830 31.1189
7831 0.9785
7832 2.0050
7833 14.0570
7834   NaN
7835 9.0785
7836 29.6090
7837 0.2857
7838 26.5822
7839 14.5686
7840 11.7134
7841 19.2502
7842 6.8569
7843 21.1363
7844 8.3338
7845 2.7518
7846 6.1244
7847 10.8321
7848 2.8535
7849   NaN
7850 51.6351
7851 18.7846
7852 23.3305
7853 18.8555
7854 7.3130
7855 46.3208
7856 37.3890
7857 15.3272
7858 3.0361
7859 0.4275
7860 35.3005
7861 31.0078
7862 2.9548
7863   NaN
7864 20.2405
7865 6.7809
7866 8.9965
7867 53.2586
7868 44.0767
7869 21.3872
7870 2.6957
7871 5.5560
7872 10.7960
7873 11.9370
7874 9.3467
7875 25.7838
7876 3.2978
7877 4.7728
7878 17.8797
7879 3.0892
7880 34.3766
7881 60.8590
7882 7.9532
7883 2.3624
7884 25.2723
7885 15.2348
7886 1.8762
7887 6.3423
7888 14.1579
7889 3.2558
7890 38.1574
7891 18.8248
7892 9.5217
7893 38.1670
7894 4.2421
7895   NaN
7896 14.6598
7897 5.5386
7898 7.1608
7899 3.1358
7900   NaN
7901 8.4706
7902 4.3349
7903 26.0900
7904 46.4121
7905 12.5646
7906 8.8794
7907 31.6066
7908 3.6736
7909 74.2572
7910 17.0337
7911 4.9279
7912 17.1216
7913 2.5476
7914 15.7080
7915 9.9028
7916 16.1951
7917 1.2442
7918 8.7462
7919 1.4104
7920 0.7812
7921 16.3857
7922 0.1310
7923   NaN
7924 21.2406
7925   NaN
7926 6.0747
7927 7.0990
7928 19.1768
7929 34.9871
7930 14.8232
7931 12.9220
7932 73.8648
7933 2.1083
7934 10.0609
7935 18.8324
7936 2.1682
7937 11.5104
7938 0.5043
7939 12.7935
7940 1.7086
7941 0.5090
7942 35.6741
7943   NaN
7944 3.9056
7945 26.2611
7946 11.7330
7947 0.5142
7948 25.5618
7949 41.4511
7950 4.4824
7951 4.0762
7952 4.0221
7953 26.5566
7954 57.2526
7955 0.7013
7956 0.6958
7957 41.8040
7958 33.3535
7959 19.3944
7960 20.1351
7961 5.3184
7962 9.2659
7963 34.9935
7964 39.7999
7965 11.2672
7966 14.5615
7967 15.4059
7968 30.1654
7969 33.6726
7970 28.1061
7971 3.1035
7972 0.9650
7973   NaN
7974 26.8068
7975 4.2609
7976 20.0087
7977 42.9220
7978 18.2432
7979 16.9469
7980 7.9417
7981 0.3946
7982 4.9875
7983 4.7165
7984   NaN
7985 19.0280
7986 0.7471
7987 10.1642
7988 23.6241
7989 31.1443
7990 5.5129
7991 5.6472
7992 13.4465
7993 21.9775
7994 24.5694
7995 0.5224
7996 16.6327
7997 0.5881
7998 9.0297
7999 24.0217
8000 30.8053
8001 11.9559
8002 5.7028
8003 22.6690
8004 56.2011
8005 20.5614
8006 8.2180
8007 5.4848
8008 6.4443
8009 2.7436
8010 28.7223
8011 25.6281
8012 15.6354
8013 18.2724
8014 4.8253
8015 16.4849
8016 35.1117
8017 17.3040
8018 1.4893
8019 20.8139
8020 36.9254
8021 21.5687
8022 14.5501
8023 17.8687
8024 1.7582
8025 14.9851
8026 8.8723
8027 43.8021
8028 12.3016
8029 4.4748
8030 0.3526
8031 8.4936
8032 21.1882
8033 25.9703
8034 47.7450
8035 9.3105
8036 6.0376
8037 8.7066
8038 24.0797
8039 1.2213
8040 20.9783
8041   NaN
8042 33.1687
8043 3.6684
8044 19.2891
8045 41.3291
8046 20.5070
8047 57.9180
8048 10.0475
8049 21.5676
8050 0.3872
8051 1.1437
8052 3.5581
8053 24.1284
8054 16.0822
8055 6.1574
8056 44.1104
8057 1.5589
8058 5.9981
8059 3.7413
8060 12.8510
8061 5.7707
8062 31.4431
8063 25.4780
8064   NaN
8065 12.3349
8066 0.6509
8067 18.2979
8068 11.6064
8069 16.1444
8070 21.6942
8071 17.4490
8072 4.1722
8073 1.8047
8074 5.1793
8075 2.1696
8076 0.1341
8077 5.2132
8078 35.2998
8079 2.2180
8080 8.4518
8081 8.9889
8082 7.5913
8083 46.1952
8084 5.7979
8085 36.1649
8086 12.0439
8087 46.9234
8088 17.1258
8089 35.0965
8090 1.4585
8091 54.7918
8092 18.3223
8093 0.5091
8094 0.8607
8095 9.8567
8096 6.3485
8097 3.7648
8098 51.8326
8099 11.2624
8100 19.2240
8101 10.7395
8102 6.4709
8103 0.1868
8104 19.5067
8105 39.8610
8106 8.4488
8107 9.0675
8108 22.2773
8109 1.1636
8110 28.2523
8111 23.1399
8112 6.0010
8113 51.1353
8114 7.1163
8115 5.1315
8116 33.3833
8117 54.0297
8118 13.2214
8119 1.0627
8120 23.6839
8121 4.8227
8122 18.4054
8123 18.8775
8124 2.8125
8125 6.9002
8126 20.4893
8127 42.4235
8128 0.9410
8129 55.2410
8130 7.8252
8131 12.4160
8132 7.5626
8133 45.3992
8134 41.9398
8135 3.4879
8136 3.7358
8137 69.8324
8138 37.1926
8139 0.1035
8140 1.4486
8141 4.4420
8142 10.6067
8143 21.6824
8144 1.1488
8145 5.7529
8146 1.1799
8147 15.4548
8148 11.6919
8149 15.0972
8150 39.7180
8151 3.0387
8152 3.4366
8153 10.1598
8154 3.0799
8155 17.4438
8156 0.9721
8157 57.9066
8158 8.5709
8159   NaN
8160 29.9182
8161 49.1700
8162 4.4027
8163 2.6909
8164 23.9801
8165   NaN
8166 3.3945
8167 30.5676
8168 1.5778
8169 4.3490
8170 20.4166
8171 26.4443
8172 8.6948
8173 6.8415
8174 1.5151
8175 23.5347
8176 0.7424
8177   NaN
8178 9.7522
8179 4.9085
8180 24.3832
8181 7.3158
8182 23.2118
8183 10.6868
8184 8.8524
8185 10.1393
8186 57.0995
8187 19.0383
8188 14.8552
8189 9.8548
8190 24.3842
8191 10.2877
8192 28.8722
8193 6.0951
8194 19.5052
8195 36.1545
8196 23.1098
8197 13.3609
8198 0.2958
8199 23.6815
8200 9.1746
8201 21.3972
8202 19.9345
8203 13.1518
8204 7.8355
8205 40.6319
8206 31.3870
8207 66.5789
8208 27.7332
8209 3.9750
8210 27.8893
8211   NaN
8212 2.2726
8213 2.9040
8214 16.1837
8215 0.5710
8216 23.5171
8217 13.7705
8218 13.4479
8219 2.1552
8220 6.8406
8221 1.1935
8222 5.9726
8223 54.9518
8224 3.5063
8225 19.9921
8226 26.8501
8227 3.3693
8228 52.8540
8229 41.8006
8230 1.7552
8231 26.2632
8232 28.4595
8233   NaN
8234 7.1289
8235 6.2460
8236 7.5115
8237 17.5766
8238 14.8900
8239 11.6841
8240 0.9730
8241 1.6641
8242 0.3233
8243 39.2902
8244 24.9341
8245 23.9467
8246   NaN
8247 5.6848
8248 14.7204
8249 23.5291
8250 6.4695
8251 27.5757
8252 24.2319
8253 5.5764
8254 11.0547
8255 0.4957
8256 6.2441
8257   NaN
8258 4.4216
8259   NaN
8260 9.5578
8261   NaN
8262 49.2735
8263 5.0019
8264 5.8184
8265 64.5295
8266 1.7356
8267 1.0341
8268 17.5546
8269 9.9056
8270 0.5861
8271 1.8943
8272 13.2634
8273 6.0209
8274 0.8501
8275 3.9656
8276 7.7970
8277 50.7938
8278 19.4868
8279 15.1980
8280 18.8331
8281 0.1395
8282 0.2856
8283 4.0437
8284 1.0861
8285 8.4939
8286 53.9504
8287 5.8560
8288 35.2286
8289 11.6774
8290 11.2783
8291 2.0200
8292 38.3170
8293 8.2746
8294 40.3354
8295 16.3483
8296 13.8676
8297 0.4793
8298   NaN
8299 5.3279
8300 0.6492
8301 1.7066
8302 15.7808
8303 7.2078
8304 19.1960
8305 0.6192
8306 0.2613
8307 6.7531
8308 9.3203
8309 36.0415
8310 6.2362
8311 0.6279
8312 11.8046
8313 25.9591
8314 7.8070
8315 2.2556
8316 28.4759
8317 6.2913
8318 20.0178
8319 2.9665
8320 9.0699
8321 0.8055
8322 4.9530
8323 25.3664
8324 18.6559
8325 5.5186
8326 61.6603
8327 4.0474
8328 2.3000
8329 11.8011
8330 26.7650
8331 20.7074
8332 101.6988
8333 30.8526
8334 51.5937
8335 4.4121
8336 15.9219
8337 10.1530
8338 1.4962
8339 3.3677
8340   NaN
8341 11.7350
8342 6.0875
8343 4.6472
8344 27.3490
8345 10.4854
8346 23.4969
8347 5.2197
8348 16.7428
8349 20.2650
8350 0.9886
8351 7.5383
8352 71.0579
8353 13.6876
8354 2.9885
8355 6.2817
8356 0.3774
8357 18.2404
8358 61.7642
8359 25.0631
8360 6.1607
8361   NaN
8362 22.6214
8363 22.1064
8364 19.8327
8365 4.1825
8366 3.9796
8367 9.0095
8368 3.5733
8369 11.0505
8370 53.5801
8371 12.9111
8372 5.4087
8373 19.2100
8374 1.8755
8375 45.3513
8376 3.8266
8377 32.3025
8378 0.8134
8379 6.0566
8380 36.0489
8381 9.7018
8382 31.2170
8383 29.1252
8384 3.6649
8385 6.1187
8386 14.4049
8387 33.4275
8388 52.3305
8389 18.1434
8390   NaN
8391 6.3346
8392 20.2014
8393 0.2628
8394 1.8881
8395 6.4398
8396 34.2497
8397 7.6143
8398   NaN
8399 34.8148
8400 23.6485
8401 12.0557
8402 18.7129
8403   NaN
8404 4.9701
8405 12.2635
8406 6.5059
8407 4.9355
8408 2.9526
8409 0.6298
8410 28.5731
8411 1.4529
8412 1.1393
8413 33.7341
8414 30.4990
8415 4.7964
8416 41.9960
8417 7.3010
8418 22.6618
8419 7.8371
8420 0.5237
8421 13.3671
8422 7.9590
8423 21.3186
8424 17.7866
8425 6.5300
8426 4.8691
8427 13.5401
8428 5.7205
8429 0.7557
8430 2.3834
8431 12.5951
8432 14.5624
8433 6.1632
8434 35.1050
8435 29.3733
8436 58.3164
8437 10.8485
8438 12.1884
8439 35.1934
8440 29.5873
8441 15.4768
8442 3.8719
8443   NaN
8444 24.1949
8445 2.5233
8446 45.6870
8447 12.2952
8448 31.3441
8449 16.7252
8450 32.1271
8451 7.6878
8452 5.9611
8453 1.3665
8454 23.7309
8455 23.2450
8456 7.6961
8457 18.3838
8458 29.1460
8459 48.6866
8460 1.4777
8461 52.6707
8462 11.3651
8463 13.9957
8464 8.7213
8465 7.0777
8466 12.2368
8467 5.7347
8468 20.6086
8469 12.3695
8470 0.5866
8471 4.5315
8472 22.5023
8473 34.5137
8474 59.9091
8475 16.2512
8476 7.3152
8477 27.1361
8478 2.4501
8479   NaN
8480 3.3260
8481 1.6116
8482 6.8795
8483 42.7391
8484 7.5166
8485   NaN
8486 25.4635
8487   NaN
8488 14.1262
8489 9.6465
8490   NaN
8491 27.6895
8492   NaN
8493 11.8721
8494 1.0646
8495 6.0980
8496 26.6153
8497 0.4627
8498 25.3683
8499 0.5236
8500 6.7463
8501 19.2473
8502 6.9811
8503   NaN
8504 1.2294
8505 7.0163
8506 19.6271
8507 2.1363
8508 11.2932
8509 3.9721
8510 77.5315
8511 5.9274
8512 9.8128
8513 1.8624
8514 0.2731
8515 15.9215
8516 28.1823
8517 4.5391
8518 34.2785
8519 8.6561
8520 15.6020
8521 9.0748
8522   NaN
8523 35.5489
8524 11.2704
8525 19.6776
8526 3.8699
8527 23.8765
8528 0.5756
8529 23.5847
8530   NaN
8531 7.9888
8532 2.8000
8533 2.4312
8534 5.7795
8535 1.2789
8536 5.8671
8537 28.1026
8538 4.6719
8539 0.5945
8540 46.1537
8541 14.8233
8542 5.9043
8543 8.5948
8544 15.8273
8545 19.0971
8546 25.4367
8547 4.3221
8548 10.9158
8549 26.6467
8550 5.0517
8551 0.8375
8552 20.3304
8553 12.1349
8554 7.7508
8555 16.4662
8556 22.4569
8557 3.4854
8558 29.1457
8559 1.0906
8560 8.1350
8561 3.5986
8562 14.9965
8563 0.2328
8564 0.1879
8565 11.9820
8566 8.9185
8567 21.6608
8568 1.2139
8569 18.4853
8570   NaN
8571 24.0258
8572 30.1250
8573 2.1477
8574 3.0094
8575 90.9323
8576 4.1092
8577 6.3072
8578 11.7234
8579 2.1462
8580 1.3502
8581 17.2997
8582 9.2961
8583 0.6574
8584   NaN
8585 24.3091
8586 34.4441
8587 12.9521
8588 68.1713
8589 16.7145
8590 4.9475
8591 4.6855
8592 4.4537
8593 22.4883
8594 26.7458
8595 16.0146
8596 26.8234
8597 19.7977
8598 0.7873
8599 6.8103
8600 3.6632
8601 22.7519
8602 2.9085
8603 34.7135
8604 28.0173
8605 6.6459
8606 6.2679
8607 24.8817
8608 47.3735
8609 4.5957
8610 43.5907
8611 3.3558
8612 33.9254
8613 14.5390
8614 15.3997
8615 12.3985
8616 10.4350
8617 25.7174
8618 6.0662
8619 11.4749
8620 8.6998
8621 6.8439
8622 25.6063
8623 6.5122
8624 1.6046
8625 6.8564
8626 17.2790
8627 18.9520
8628 36.6629
8629 40.1563
8630 0.5547
8631 6.2503
8632 10.8851
8633 3.5979
8634 34.1446
8635   NaN
8636 9.9027
8637 65.4193
8638 39.5390
8639 3.9765
8640 12.2699
8641 10.8321
8642 1.9721
8643 2.5042
8644 24.3636
8645 0.3893
8646 7.9693
8647 0.4630
8648 18.1208
8649 46.8248
8650   NaN
8651 7.9253
8652 21.5562
8653 24.8189
8654 6.4072
8655 2.6959
8656 1.5470
8657 1.8131
8658 14.6760
8659 1.9108
8660 38.3155
8661 26.5401
8662 14.3519
8663 76.3680
8664 17.3953
8665 30.3395
8666 43.5535
8667 8.0141
8668 11.3611
8669 40.4307
8670 14.6252
8671 1.1302
8672 1.3938
8673 4.1043
8674 69.0345
8675 7.3635
8676 30.0816
8677 16.0732
8678 0.6934
8679 4.6753
8680 0.6767
8681 6.8986
8682 0.3703
8683 1.1997
8684 4.6354
8685 40.4541
8686 10.9481
8687 25.1743
8688 2.8316
8689 4.8298
8690 31.3352
8691 15.9462
8692   NaN
8693 30.1421
8694   NaN
8695 3.9280
8696 2.8334
8697 39.5425
8698 16.6021
8699 4.6826
8700   NaN
8701 6.7467
8702 12.6060
8703 11.4507
8704 1.5211
8705 21.2769
8706 30.6185
8707 21.7335
8708   NaN
8709 4.1450
8710 1.1622
8711 1.3667
8712 38.6073
8713 21.2084
8714 1.6940
8715 23.6218
8716 3.8388
8717 69.4757
8718 7.1587
8719 4.5864
8720 2.7727
8721 0.7974
8722 46.4541
8723 4.5221
8724 21.4441
8725 27.1914
8726 16.7996
8727 31.5704
8728 13.0694
8729 20.5335
8730 38.1218
8731 8.8858
8732 21.6173
8733 22.8029
8734 51.8295
8735 29.2502
8736 0.4502
8737 0.2239
8738 2.4618
8739 23.0284
8740 28.4671
8741 6.9418
8742 22.7353
8743 10.6503
8744   NaN
8745 2.9399
8746 3.0695
8747 6.4289
8748 2.2866
8749 12.4888
8750 0.6566
8751 12.0675
8752 2.1012
8753 2.3118
8754 6.0746
8755 3.7332
8756 12.4701
8757 28.0161
8758 12.2728
8759 74.6880
8760 5.5401
8761 0.3116
8762 2.3702
8763 0.3502
8764 16.8832
8765 9.6993
8766   NaN
8767 3.5021
8768 7.6471
8769 38.9779
8770 39.3619
8771 13.0348
8772 7.5395
8773 12.4681
8774 5.7894
8775 61.9121
8776 24.0135
8777 2.0872
8778 15.3447
8779 3.5807
8780 4.3510
8781 25.5480
8782 5.6132
8783 7.3949
8784 0.3416
8785 0.2399
8786 3.2343
8787 2.1294
8788 11.5575
8789 12.2367
8790 29.8822
8791 7.0956
8792 24.3434
8793 1.0853
8794 37.5459
8795 24.1117
8796 40.5847
8797 28.7764
8798 6.7322
8799 5.8645
8800 5.0403
8801 18.4659
8802 35.5825
8803 13.1359
8804 21.9884
8805 28.2019
8806 78.4924
8807 2.8226
8808 10.4983
8809 10.5106
8810 12.8497
8811 0.9665
8812 43.8601
8813 5.1706
8814 13.9176
8815 29.8103
8816 13.9137
8817   NaN
8818 1.6491
8819 12.2224
8820 0.3244
8821 15.4361
8822 10.3953
8823 13.4974
8824 18.4305
8825 18.5379
8826 6.6869
8827 19.8998
8828 22.6454
8829 12.2188
8830 29.1124
8831 0.5400
8832 27.0881
8833 10.3510
8834 17.3033
8835 28.7821
8836 9.9017
8837 0.5275
8838 4.3069
8839 1.8782
8840 2.0545
8841 47.6333
8842 26.6739
8843 1.0605
8844 7.3279
8845 19.9916
8846   NaN
8847 10.4008
8848 9.8749
8849 24.7553
8850 38.8127
8851 11.2097
8852 7.3280
8853 42.0635
8854 10.2477
8855 8.1275
8856 12.1376
8857 65.0989
8858 30.9627
8859 3.6522
8860 1.3580
8861 0.4471
8862 1.1543
8863 5.3306
8864 12.4675
8865 17.0037
8866 22.2186
8867 27.2415
8868 1.3646
8869 1.9130
8870 4.5872
8871 45.3349
8872 1.8865
8873 2.5157
8874 1.3798
8875 20.2217
8876 22.2218
8877 8.1988
8878 0.2196
8879 23.3627
8880 12.8957
8881 35.1599
8882 0.1944
8883   NaN
8884 20.9846
8885 6.4891
8886 18.6200
8887 7.6187
8888 5.7275
8889 24.0186
8890 10.8368
8891 0.1279
8892 15.4124
8893 22.5511
8894 10.6354
8895 3.4025
8896 4.1070
8897 13.8950
8898 4.2000
8899 0.1611
8900 2.3004
8901 15.2444
8902 15.3218
8903 17.2701
8904 3.0548
8905   NaN
8906 5.3719
8907 20.7920
8908 9.8752
8909 47.4753
8910   NaN
8911 35.5223
8912 5.3400
8913 2.9063
8914 0.3316
8915 14.4989
8916 15.4447
8917 4.4730
8918 3.5339
8919 1.6274
8920 9.9550
8921 3.2420
8922 8.3881
8923   NaN
8924   NaN
8925 31.1679
8926 27.5832
8927 2.1819
8928   NaN
8929 20.2602
8930 0.2550
8931 9.5140
8932 6.2219
8933 10.5966
8934 21.2482
8935 5.2301
8936   NaN
8937 24.0481
8938 55.0763
8939 41.4295
8940 4.0255
8941 23.4449
8942 6.3357
8943 3.5883
8944 4.8185
8945 14.9909
8946 0.9144
8947 30.7679
8948 22.9438
8949 21.8489
8950 46.0880
8951 12.5101
8952 21.7808
8953 18.9665
8954 6.0171
8955 25.1404
8956 10.0375
8957 19.9905
8958 5.1624
8959 11.6259
8960 1.7629
8961 2.9133
8962 4.7067
8963 19.7154
8964 1.3126
8965 52.5587
8966 24.6459
8967 2.1274
8968 0.3535
8969 15.8399
8970 24.1290
8971 45.0332
8972 2.2501
8973 36.2023
8974 19.8822
8975 14.5715
8976 5.1863
8977 3.0079
8978   NaN
8979 16.3254
8980 8.8791
8981 2.7212
8982 28.9136
8983 43.3556
8984 41.5197
8985 5.2437
8986 28.7917
8987 0.1209
8988 10.8638
8989 2.6142
8990 1.5511
8991 24.0636
8992   NaN
8993 36.9461
8994 0.3646
8995 19.3194
8996 3.0925
8997 5.3794
8998 0.6566
8999 32.1637
9000 9.3879
9001 25.1177
9002 12.6151
9003 1.1378
9004 15.7440
9005 35.4614
9006 16.6625
9007 19.1485
9008 43.9706
9009 17.7927
9010 35.3365
9011 0.1684
9012 25.1812
9013 5.5173
9014 2.0219
9015 3.6687
9016 22.1338
9017 3.2925
9018 32.9869
9019 25.2781
9020   NaN
9021 18.5467
9022 18.1345
9023 8.8961
9024 30.4946
9025 4.5848
9026 14.3142
9027 6.8243
9028 33.5778
9029 5.5338
9030 6.7513
9031 7.8353
9032 0.4206
9033 7.1044
9034 0.2499
9035 19.5988
9036 28.9436
9037 1.4977
9038 5.5675
9039 27.2279
9040 4.2831
9041 23.1845
9042 27.6295
9043 0.2701
9044 0.5589
9045 0.8257
9046 1.7014
9047 25.2731
9048 17.1691
9049 38.8120
9050   NaN
9051 16.1697
9052   NaN
9053 38.2729
9054 1.8333
9055 5.0762
9056 10.8065
9057 9.5697
9058   NaN
9059 3.1678
9060 5.3582
9061 16.8712
9062 9.6638
9063 6.6194
9064 4.9865
9065 2.6989
9066 10.9253
9067 1.9098
9068 0.8894
9069 13.7733
9070 12.6994
9071 1.3109
9072 7.6531
9073 16.8747
9074 8.9290
9075   NaN
9076 1.3345
9077 6.4842
9078 16.0364
9079 1.8550
9080 24.4929
9081   NaN
9082 11.1734
9083 3.3424
9084 27.3296
9085 31.2777
9086 7.5788
9087 5.0972
9088 2.2907
9089 11.5571
9090 13.7824
9091 30.3701
9092 8.5309
9093 0.1447
9094 35.5859
9095 7.1881
9096   NaN
9097 7.8824
9098 4.5479
9099 27.2660
9100   NaN
9101 38.6348
9102 6.4933
9103 8.8962
9104 4.7133
9105 48.7025
9106 11.4873
9107 14.1112
9108 5.5781
9109 0.2727
9110 25.4048
9111 8.6016
9112 44.2253
9113 18.1969
9114 9.8080
9115 11.5632
9116 24.0342
9117 38.8626
9118 0.3124
9119 4.0096
9120 1.1396
9121 33.5514
9122 39.9095
9123 7.9354
9124 2.1443
9125 17.4858
9126 48.7828
9127 6.5846
9128 5.5938
9129 16.3685
9130 45.5697
9131 8.1293
9132 67.0227
9133 9.8711
9134 10.5900
9135 29.2060
9136 0.7268
9137 5.0374
9138 17.8857
9139 1.9232
9140 13.9463
9141 6.9261
9142 64.9067
9143 1.9616
9144 9.3219
9145 11.5337
9146 32.5640
9147 33.8817
9148 34.6138
9149   NaN
9150 9.2838
9151 20.6947
9152 30.2653
9153 10.2600
9154 16.0586
9155 4.1544
9156 36.8051
9157 19.8790
9158 31.6527
9159 6.4729
9160 25.0290
9161 18.9070
9162 8.7651
9163 24.4466
9164 1.6679
9165 15.8032
9166 39.7241
9167 0.1339
9168 21.7636
9169 3.1238
9170 9.7766
9171 2.9767
9172 28.8612
9173 2.1154
9174 14.4016
9175 4.1665
9176 3.0206
9177 20.1555
9178 1.6801
9179 15.3777
9180 8.3629
9181 20.1619
9182 4.2779
9183 29.0695
9184 34.5593
9185 9.3028
9186 12.3343
9187 1.6713
9188   NaN
9189 15.6448
9190 3.6354
9191 23.4491
9192 7.2957
9193 15.2129
9194 0.2111
9195 27.9144
9196 9.8116
9197 56.9613
9198 9.0307
9199 3.4643
9200 18.9921
9201 58.5270
9202 15.9335
9203 22.4327
9204   NaN
9205 0.4090
9206 53.1121
9207 22.2609
9208 42.5002
9209 1.2071
9210 11.4287
9211 17.8428
9212 28.4638
9213 5.5767
9214 0.2208
9215 39.7228
9216 4.2173
9217 45.2237
9218 17.1773
9219 21.2833
9220 1.5075
9221 8.9908
9222 5.7648
9223 36.8846
9224 8.0543
9225 4.3842
9226 6.9764
9227 5.4429
9228 5.3542
9229 1.2697
9230 2.1719
9231 43.0067
9232 21.8702
9233 1.8463
9234 1.9676
9235 7.2216
9236 4.2223
9237 23.0342
9238 0.3241
9239 21.1693
9240 15.9908
9241 36.8724
9242 20.6756
9243 2.5953
9244 6.1859
9245 55.2675
9246 0.8474
9247 5.9359
9248 9.0412
9249 17.2261
9250 8.0725
9251   NaN
9252 17.9906
9253 36.4865
9254 10.3647
9255 32.1457
9256 18.4456
9257 0.3441
9258 1.6322
9259 14.9293
9260 15.8987
9261 10.5426
9262 7.1616
9263   NaN
9264 61.2776
9265 7.3423
9266 14.3899
9267 17.4376
9268 11.1060
9269 1.6595
9270 58.8477
9271 8.5254
9272 18.1320
9273 2.6398
9274 9.3996
9275 2.9269
9276 5.5891
9277 32.5721
9278 3.9049
9279 4.3985
9280 23.2063
9281 22.8612
9282 46.9050
9283 9.7697
9284 14.8322
9285 59.1003
9286 27.4238
9287 12.9800
9288 11.3801
9289 1.1477
9290 4.2079
9291 15.6059
9292 34.1336
9293 35.1952
9294 5.2143
9295 39.0962
9296 23.6021
9297 9.1777
9298   NaN
9299 1.7793
9300 21.7789
9301 3.5792
9302 21.3805
9303   NaN
9304 1.2150
9305 2.4913
9306 38.2068
9307 2.4090
9308 36.0978
9309 56.4603
9310 6.7155
9311 37.3930
9312   NaN
9313 13.1788
9314 20.2743
9315 10.0099
9316 14.1970
9317 3.7575
9318 14.2034
9319   NaN
9320 35.0784
9321 2.8843
9322 16.8560
9323 0.9347
9324 12.2939
9325 8.1192
9326 7.7374
9327 25.4405
9328 14.5878
9329 0.9580
9330 1.1364
9331 9.5177
9332 45.4883
9333 32.7136
9334 2.3336
9335 15.7624
9336 11.5952
9337 5.5582
9338 22.9473
9339   NaN
9340 45.8276
9341 3.9647
9342 16.6144
9343 10.3334
9344 6.0762
9345 55.0096
9346 56.9758
9347 0.6849
9348 18.6851
9349 1.4982
9350 2.7069
9351 4.6423
9352 1.2268
9353 7.0608
9354 4.1290
9355 6.9540
9356 16.0830
9357 22.6592
9358 19.6519
9359 20.3360
9360 17.7744
9361 55.2333
9362 0.1625
9363 19.3405
9364 0.5846
9365 1.9368
9366 0.2249
9367 6.0754
9368 30.0182
9369 2.3622
9370 5.1907
9371 6.7877
9372 2.0301
9373 24.9400
9374 3.7718
9375 51.8361
9376 14.5554
9377 0.2136
9378 0.2788
9379 45.8331
9380 1.2082
9381   NaN
9382 2.0894
9383 4.5444
9384 58.1922
9385 0.8210
9386 27.7885
9387 22.2174
9388 42.5564
9389 33.9035
9390 7.7040
9391 35.4351
9392 25.0362
9393 19.3248
9394 26.3930
9395   NaN
9396 13.4266
9397 11.0084
9398 5.2577
9399 35.1195
9400 17.6878
9401 7.5576
9402 5.6517
9403 7.8355
9404 13.2850
9405 4.4216
9406 1.6066
9407 1.0839
9408 2.9569
9409 5.6648
9410 12.9214
9411 3.1160
9412 16.0560
9413 24.4430
9414 21.7723
9415 7.6532
9416 1.7432
9417 12.7289
9418 5.0425
9419 55.0605
9420 6.5718
9421 11.4742
9422 2.6339
9423 4.8319
9424 7.7055
9425 38.8187
9426   NaN
9427 15.3212
9428 10.6814
9429 33.7422
9430 11.5795
9431 16.2490
9432 0.6864
9433   NaN
9434 1.2800
9435 34.3552
9436 19.9128
9437 58.8028
9438 9.6011
9439 13.5287
9440 18.6585
9441 30.2144
9442 26.3151
9443 6.6528
9444 23.4938
9445 3.7068
9446 0.1471
9447 34.0625
9448 41.5596
9449 5.2817
9450 13.8434
9451 6.6354
9452 19.7529
9453 83.5763
9454 12.7167
9455 7.1364
9456 3.7497
9457 8.6845
9458 12.9994
9459 25.6246
9460 14.8106
9461 1.9782
9462 2.0359
9463 12.6195
9464 34.7901
9465   NaN
9466 3.5586
9467 23.3333
9468 4.4496
9469 14.4968
9470 2.5663
9471   NaN
9472 1.2955
9473 2.8075
9474 1.6883
9475 5.8150
9476 25.6268
9477 9.1677
9478 18.8149
9479 8.4266
9480 4.3413
9481   NaN
9482 4.4112
9483 3.6337
9484 16.6513
9485 23.5167
9486 22.9515
9487 4.9194
9488 0.9111
9489 16.4386
9490 11.5895
9491 21.8166
9492   NaN
9493 7.0785
9494 19.9622
9495 13.4675
9496 7.6850
9497 30.7823
9498 32.9571
9499 7.0250
9500 11.9386
9501 55.8115
9502 7.5514
9503 18.5848
9504   NaN
9505 11.9852
9506 12.2533
9507 2.3750
9508 0.8002
9509 60.6141
9510 27.8756
9511 40.6378
9512 4.3410
9513 1.5744
9514 1.9761
9515 27.8062
9516 18.2417
9517 9.9473
9518 4.6384
9519 8.2014
9520 0.7874
9521 1.6752
9522 0.2025
9523 37.6153
9524 23.6345
9525 11.0709
9526 0.5044
9527 18.3783
9528 1.1472
9529 27.5261
9530 9.8797
9531 3.3620
9532 18.2883
9533 9.1692
9534 8.8068
9535 0.5331
9536 1.3759
9537 7.9576
9538 0.5345
9539 39.0522
9540 5.6534
9541 30.8484
9542 1.6215
9543 4.6498
9544 23.6414
9545 4.7992
9546 3.4510
9547 24.3410
9548 5.5012
9549 2.5821
9550 27.7386
9551 5.4255
9552 13.4999
9553 1.9159
9554 0.4430
9555 19.0427
9556 14.7124
9557 25.1032
9558 5.9018
9559   NaN
9560 4.4281
9561 4.6287
9562 39.5447
9563 9.6099
9564 11.9207
9565 20.7876
9566 10.3819
9567 4.6629
9568 5.6148
9569 2.5237
9570 5.5819
9571 13.5003
9572 27.3861
9573 41.2385
9574 2.2256
9575 2.4697
9576 14.8368
9577 24.1715
9578 22.3954
9579   NaN
9580 1.8186
9581 17.3474
9582 16.9331
9583 30.6136
9584 34.6710
9585 29.0939
9586 8.7271
9587 1.2067
9588 46.2107
9589 3.3641
9590 1.7937
9591 36.2856
9592 10.5898
9593 33.4341
9594 11.0917
9595 1.5176
9596 26.3770
9597 34.7867
9598 18.7531
9599 21.8562
9600 4.6050
9601 4.6080
9602 28.3493
9603 0.8153
9604 7.1325
9605 2.1962
9606 6.7590
9607 13.3015
9608 42.2857
9609 10.4637
9610 9.6412
9611 4.0005
9612 21.4408
9613 1.0244
9614 1.1515
9615 5.0168
9616   NaN
9617 3.3236
9618 10.1089
9619 3.5296
9620 62.9342
9621 17.8825
9622 10.1670
9623 16.9858
9624 1.7667
9625 1.6078
9626 9.5519
9627 42.6555
9628 19.5567
9629 11.6707
9630   NaN
9631 9.2558
9632 13.5102
9633 41.4080
9634 7.8548
9635 22.6325
9636 7.5274
9637 21.3766
9638 56.6995
9639 31.0406
9640 2.5680
9641 4.4319
9642 3.1005
9643 31.4781
9644 11.3945
9645 3.9860
9646   NaN
9647 12.3638
9648 37.5425
9649 1.0836
9650 33.3010
9651 7.2143
9652 39.0907
9653 0.4769
9654 4.9974
9655 18.7878
9656   NaN
9657 27.2008
9658 3.9589
9659 0.5168
9660 8.6801
9661 24.2520
9662 6.3620
9663 0.6399
9664 34.4868
9665 3.3287
9666 0.9705
9667 39.0098
9668 1.4457
9669 0.4511
9670 3.3466
9671 17.4286
9672 3.5785
9673   NaN
9674   NaN
9675 35.9373
9676 2.8537
9677 4.5925
9678 13.7792
9679 50.7937
9680 1.4290
9681 0.9291
9682 14.0280
9683 2.5308
9684   NaN
9685 11.4629
9686 10.2240
9687 20.7606
9688 7.6479
9689 43.4074
9690 25.6066
9691   NaN
9692 26.6099
9693 6.1521
9694 17.8000
9695 18.7952
9696 10.9545
9697 25.3523
9698 14.6083
9699 5.8837
9700 5.9154
9701 27.6330
9702 17.2827
9703 15.2417
9704 66.0522
9705 59.6655
9706   NaN
9707 25.3338
9708 4.7333
9709   NaN
9710 24.3854
9711 3.5257
9712 19.4991
9713 31.7091
9714 1.6482
9715 10.7015
9716 6.9493
9717 0.5539
9718 19.8396
9719 9.5074
9720 56.7233
9721 1.8138
9722 5.7595
9723 20.8490
9724 10.5349
9725 14.5275
9726 9.3983
9727 9.1302
9728 47.7667
9729 7.9901
9730 68.9753
9731 0.8734
9732 16.3454
9733 9.1620
9734 15.0610
9735 11.0582
9736   NaN
9737 26.5154
9738 34.7675
9739 29.8688
9740 4.3756
9741 2.0472
9742 6.8891
9743 67.0137
9744 11.6331
9745 14.8752
9746 0.1751
9747 41.8894
9748 53.0874
9749 4.7705
9750 26.6573
9751 29.3034
9752 6.6223
9753 1.2124
9754 13.7234
9755 0.3560
9756 1.0577
9757   NaN
9758 31.9231
9759 36.3648
9760 5.8823
9761 14.0132
9762 2.6506
9763 17.8246
9764 1.3510
9765 8.1832
9766 20.6314
9767 9.3722
9768 8.3831
9769 16.3032
9770 10.0559
9771 11.6805
9772 16.9442
9773   NaN
9774   NaN
9775 3.1048
9776 5.7189
9777 30.7089
9778 46.3323
9779 37.3025
9780 9.7608
9781 1.7153
9782 11.6229
9783 6.1020
9784 0.4295
9785 10.8169
9786 21.6784
9787 11.4875
9788 3.1361
9789 0.7171
9790 4.3715
9791 21.5551
9792 6.6179
9793 22.1591
9794 109.5449
9795 15.2198
9796 26.5223
9797 2.8878
9798 6.3677
9799 16.9941
9800   NaN
9801 13.0084
9802 0.2168
9803 22.7532
9804 14.2229
9805 6.2454
9806 28.4382
9807 13.9293
9808 11.1732
9809 16.8630
9810 6.1840
9811 4.8929
9812 21.8566
9813 6.0749
9814 3.1600
9815 6.7179
9816 3.5067
9817 10.2691
9818 17.3509
9819 34.0669
9820 34.8423
9821 9.1126
9822 12.2020
9823 14.1731
9824 7.3736
9825 22.3089
9826 4.1533
9827 2.4279
9828 16.5050
9829 37.8056
9830 6.1197
9831 5.1109
9832 13.6511
9833 1.9445
9834 12.5996
9835 6.1106
9836 3.0526
9837 17.8770
9838 103.7394
9839 21.2158
9840 10.2635
9841 1.1372
9842 1.7622
9843 19.9910
9844 26.4249
9845 0.0630
9846 2.1068
9847 24.7169
9848 0.3512
9849 20.2258
9850 1.8809
9851 0.6701
9852 22.2162
9853 29.0049
9854 30.3293
9855 5.4164
9856 44.1722
9857 13.6787
9858 9.0799
9859 31.9298
9860 35.2244
9861 0.2790
9862 13.0106
9863   NaN
9864 10.6376
9865 33.5290
9866 1.0465
9867 34.2215
9868 7.4287
9869 46.1346
9870 3.5609
9871 1.1049
9872 8.3907
9873 14.9067
9874 10.2509
9875 17.6305
9876 17.2727
9877 38.5900
9878 7.5182
9879 27.9638
9880 39.6145
9881 8.9164
9882 4.3917
9883 13.0178
9884 2.6846
9885 8.2928
9886 30.0624
9887 2.6696
9888 7.9853
9889 12.5012
9890 11.6995
9891 9.1500
9892 18.8724
9893 28.8760
9894 2.5891
9895 13.6445
9896 13.2703
9897 11.5203
9898 1.2557
9899 3.8669
9900 19.7483
9901 19.2204
9902 30.6169
9903 52.4058
9904 0.6721
9905 3.2814
9906 0.7889
9907   NaN
9908 14.3801
9909 8.9047
9910 75.3142
9911 0.5497
9912 26.6702
9913 0.7233
9914 14.4187
9915 11.3331
9916 4.1964
9917 1.9971
9918 14.1358
9919 23.1949
9920 11.2171
9921 9.2928
9922 0.4131
9923 0.5417
9924 9.0187
9925 10.6258
9926 0.7397
9927 0.4404
9928 40.7710
9929 4.4250
9930 12.3131
9931 13.2072
9932 11.0460
9933 3.6899
9934 1.3987
9935 10.3169
9936 10.7444
9937 24.6632
9938 19.3259
9939 28.7820
9940 0.1052
9941 24.8075
9942 9.5036
9943 3.2653
9944 50.2938
9945 0.2556
9946 10.4607
9947 5.6087
9948 1.5196
9949 9.6357
9950 30.5030
9951 79.3240
9952 17.8173
9953 54.6720
9954 14.0849
9955 0.1160
9956 13.9021
9957 5.0699
9958 5.1166
9959 40.9074
9960 6.2708
9961 0.6095
9962 13.4508
9963 7.2890
9964 0.2530
9965 6.9062
9966 4.0229
9967 42.2380
9968   NaN
9969   NaN
9970 7.0168
9971 26.9378
9972 1.8774
9973   NaN
9974 29.2490
9975 1.6751
9976 19.7039
9977 2.0987
9978 1.3363
9979 5.2352
9980 28.6135
9981 28.0276
9982 21.5627
9983 25.2437
9984 6.4508
9985 5.5484
9986 34.9895
9987 26.7377
9988 1.9193
9989 4.8368
9990 16.1209
9991 3.3828
9992 3.9685
9993 126.7192
9994 45.2415
9995 27.5539
9996 11.2014
9997 21.3273
9998 6.5139
9999 11.6949
10000 44.8944
