7001 0.1976
7002 0.8732
7003 2.2596
7004 2.6614
7005 19.6271
7006 0.3583
7007 0.5774
7008 16.9603
7009   NaN
7010 29.7937
7011 2.3729
7012 1.9911
7013 0.4573
7014 10.4269
7015 25.5265
7016 0.3963
7017 11.8142
7018 1.3222
7019 40.9987
7020 10.8019
7021 0.5544
7022 52.3725
7023 2.1257
7024 6.6470
7025 15.8282
7026 0.1932
7027 5.6201
7028 5.9715
7029 0.1548
7030 0.5895
7031 16.7492
7032 0.9893
7033 0.1775
7034 0.2462
7035 0.1955
7036 31.0708
7037 2.8610
7038 6.8980
7039 0.8560
7040 0.1041
7041 27.1642
7042 2.5532
7043 7.0967
7044 6.5578
7045 4.1483
7046 0.1796
7047 36.0564
7048 0.2546
7049 0.1230
7050 0.8480
7051 6.3801
7052 0.1883
7053 2.9102
7054 2.8596
7055 1.8231
7056 4.2863
7057 0.8394
7058 0.1385
7059 15.9753
7060 0.3256
7061 1.5658
7062 10.2528
7063 3.2567
7064 5.4789
7065 2.4213
7066 3.8140
7067 1.2314
7068 26.7372
7069 6.8075
7070 1.5612
7071 3.9250
7072 7.2081
7073 0.9479
7074 0.6319
7075 8.4706
7076 0.5657
7077 7.2964
7078 2.0660
7079 1.5682
7080 0.1403
7081 49.3105
7082 23.2435
7083 43.8999
7084 0.1968
7085 0.6070
7086 0.5533
7087 0.5540
7088 17.7963
7089 1.3187
7090 1.6524
7091 4.2240
7092 1.9641
7093 7.7586
7094 4.7849
7095 5.1140
7096 4.5016
7097 0.3115
7098 4.8762
7099 9.1330
7100 7.0056
7101 38.3092
7102 0.9521
7103 26.7698
7104 10.0542
7105 5.1803
7106 2.9374
7107 3.2075
7108 1.2179
7109 1.8578
7110 4.3461
7111 7.4388
7112 2.2026
7113 11.9632
7114 8.8802
7115 2.9613
7116 1.9678
7117 0.7751
7118 1.9904
7119 1.8842
7120 19.7318
7121 0.2334
7122 0.2736
7123 18.6115
7124 0.5726
7125 6.5092
7126 0.2188
7127 13.6237
7128 7.4226
7129 14.5928
7130 0.1990
7131 6.3710
7132 1.2585
7133 1.7852
7134 11.9652
7135 0.9923
7136 14.3149
7137 9.7756
7138 0.7459
7139 26.1434
7140 0.1111
7141 11.1064
7142 3.9344
7143 1.5083
7144 31.3677
7145 3.8138
7146 1.7283
7147 0.4115
7148 9.7512
7149 22.1873
7150 1.6904
7151 1.2569
7152 7.5017
7153 38.2515
7154 0.5811
7155 0.1169
7156 21.1502
7157 0.2854
7158 2.1248
7159 16.0069
7160 0.6022
7161 8.5089
7162 0.1790
7163 0.1726
7164 4.7044
7165 0.9117
7166 7.0896
7167 3.7461
7168 2.3166
7169 18.7951
7170 2.4143
7171 13.5591
7172 12.1779
7173 3.0675
7174 0.9606
7175 3.2073
7176 3.3974
7177 15.2356
7178 9.8463
7179 16.4935
7180 10.5255
7181 11.2812
7182 2.8565
7183 4.1246
7184 1.6422
7185 6.8216
7186 12.7452
7187 16.4812
7188 1.5966
7189 1.0813
7190 0.5376
7191 4.6433
7192 14.8055
7193 24.5889
7194 11.0603
7195 27.9300
7196 0.1533
7197 0.6666
7198 38.3681
7199 2.0654
7200 9.3720
7201 0.5456
7202 3.5591
7203 0.2156
7204 1.3481
7205 6.5845
7206 5.0733
7207 2.7972
7208 9.4233
7209 8.2896
7210 1.3918
7211 17.7094
7212 0.4813
7213 21.9422
7214 23.9513
7215 4.8773
7216 9.1352
7217 8.1516
7218 20.5580
7219 4.1566
7220 0.2366
7221 0.2046
7222 1.1338
7223 0.2213
7224 1.9529
7225 20.6916
7226 6.9907
7227 4.4669
7228 1.3261
7229 3.5004
7230 2.4441
7231 6.4728
7232 0.3562
7233 3.6506
7234 0.7153
7235 0.2816
7236 24.2265
7237 1.8213
7238 9.2780
7239 0.5578
7240 2.3260
7241 0.6081
7242 1.2216
7243 7.1576
7244 29.7928
7245 2.6353
7246 7.2886
7247 7.1925
7248 2.4419
7249 0.5651
7250 0.3970
7251 2.7630
7252 2.8401
7253 1.5597
7254 20.9532
7255 6.4364
7256 0.5783
7257 0.4076
7258 0.8070
7259 0.9839
7260 9.0529
7261 2.4286
7262 13.8856
7263 1.2976
7264 0.1138
7265 5.9964
7266 0.2392
7267 6.0780
7268 0.8789
7269 0.3029
7270 5.2004
7271 0.3562
7272 7.0066
7273 2.9167
7274 2.4814
7275   NaN
7276 20.4020
7277 0.2111
7278 0.7600
7279 0.6072
7280 2.9488
7281 0.3804
7282 4.1636
7283 8.8426
7284 0.7997
7285 0.5670
7286 1.7583
7287 1.4545
7288 2.6066
7289 22.9751
7290 0.2205
7291 8.3902
7292 8.9770
7293 2.7036
7294 0.7901
7295 6.7987
7296 0.9018
7297 4.7985
7298 1.2255
7299 17.4320
7300 1.3504
7301 28.5692
7302 0.4938
7303 1.5663
7304 2.3228
7305 0.1672
7306 0.6877
7307 4.2213
7308 3.2861
7309 1.1207
7310 11.0054
7311 3.7802
7312 0.7062
7313 6.6271
7314 9.2989
7315 16.1012
7316 0.8190
7317 7.5600
7318 4.4933
7319 4.5698
7320 0.1474
7321 11.1606
7322 0.9609
7323 0.1798
7324 14.9386
7325 9.8951
7326 9.1473
7327 11.8333
7328 0.1491
7329 23.8237
7330 2.3613
7331 7.6627
7332 38.3513
7333 6.0744
7334 0.4901
7335 0.2277
7336 9.7874
7337 0.5903
7338 6.5119
7339 16.0277
7340 1.1095
7341 30.3392
7342 3.7525
7343 7.2880
7344 35.4360
7345 17.5355
7346 3.9294
7347 0.0626
7348 1.4725
7349 7.2424
7350 0.1449
7351 1.2364
7352 4.3993
7353 0.4792
7354 1.0324
7355 0.1043
7356 28.0222
7357 0.0653
7358 1.5750
7359 0.4643
7360 7.2548
7361 0.8003
7362 5.3941
7363 55.9102
7364 3.3173
7365 5.4122
7366 3.2329
7367 6.1558
7368 0.3358
7369 19.7767
7370 18.0274
7371 1.3846
7372 54.8851
7373 1.0473
7374 3.2783
7375 1.5272
7376 6.4137
7377 41.7395
7378 5.6673
7379 0.2363
7380 5.8031
7381 2.3125
7382 4.5008
7383 10.4847
7384 19.3774
7385 1.1334
7386 0.9921
7387 0.4696
7388 7.0066
7389 5.9713
7390 0.2025
7391 20.0596
7392 0.2672
7393 15.4978
7394 9.5253
7395 0.5001
7396 8.9917
7397 1.7658
7398 0.2564
7399 5.2391
7400 0.5199
7401 1.1974
7402 13.7811
7403 3.9811
7404 13.1836
7405 0.6515
7406 6.5698
7407 2.2255
7408 0.9461
7409 0.4260
7410   NaN
7411 1.0874
7412 10.8356
7413 0.1270
7414 1.7169
7415 0.1144
7416 21.8250
7417 0.0652
7418 2.1004
7419 0.7496
7420 0.7820
7421 21.3756
7422 2.4779
7423 0.1704
7424 0.4136
7425 1.0783
7426 3.3664
7427 0.9853
7428 0.6252
7429 6.0091
7430 17.4221
7431 16.0549
7432 0.2934
7433 3.2306
7434 4.3641
7435 0.2084
7436 0.4352
7437 1.1766
7438 0.5892
7439 13.6214
7440 2.1478
7441 0.2834
7442 12.9989
7443 5.8699
7444 0.6378
7445 3.5212
7446 8.8141
7447 3.7383
7448 5.2002
7449 17.9958
7450 0.7770
7451 0.1689
7452 2.1680
7453 7.8926
7454 11.8498
7455 0.3990
7456 0.2580
7457 1.0180
7458 0.0897
7459 0.2645
7460 11.1544
7461 0.3363
7462 1.6526
7463 0.6057
7464 6.2810
7465 0.2441
7466 1.9650
7467 0.7392
7468 2.2841
7469 7.3501
7470 12.2525
7471 1.0378
7472 6.4833
7473 2.9515
7474 0.2459
7475 0.4038
7476 0.8763
7477 1.4583
7478 1.4425
7479 26.1486
7480 18.9460
7481 0.1904
7482 15.3913
7483 1.1280
7484 4.5309
7485 9.2360
7486 1.6112
7487 4.0102
7488 0.2703
7489 13.4645
7490 0.6370
7491 1.2259
7492 3.8854
7493 2.2259
7494 3.3103
7495 4.9131
7496 0.9188
7497 0.6583
7498 2.4283
7499 4.7903
7500 0.6678
7501 1.3251
7502 3.0575
7503 6.5545
7504 4.4751
7505 0.2182
7506 28.4036
7507 1.1773
7508 2.3349
7509 22.0558
7510 1.5559
7511 18.4068
7512 0.3531
7513 17.6700
7514 0.8199
7515 6.4639
7516 9.4502
7517 0.7413
7518 2.9219
7519 7.4692
7520 2.1727
7521 1.5791
7522 0.1324
7523 1.7296
7524 0.1560
7525 0.9666
7526 1.8326
7527 0.1017
7528 0.2324
7529 0.5800
7530 5.9475
7531 8.8763
7532 1.8067
7533 9.0566
7534 0.4405
7535 18.4011
7536 2.0998
7537 0.1251
7538 17.3674
7539 6.4061
7540 16.5274
7541 0.2438
7542 3.4271
7543 0.1449
7544 0.2576
7545 18.6798
7546 10.8507
7547 3.0566
7548 2.6359
7549   NaN
7550 0.2515
7551 3.9911
7552 0.3722
7553 20.5885
7554 1.2533
7555 1.3043
7556 1.1609
7557 0.7651
7558 0.1976
7559 0.7203
7560 4.4650
7561 6.4009
7562 1.3533
7563 0.3413
7564 0.7319
7565 0.2818
7566 0.3298
7567 1.2370
7568 1.0071
7569 1.9604
7570 0.3859
7571 0.1265
7572 29.5973
7573 5.2417
7574 0.4956
7575 10.0336
7576 0.9794
7577 7.7887
7578 2.8501
7579 3.2533
7580 25.6952
7581 3.1062
7582 0.0986
7583 29.6110
7584 21.8034
7585 2.9677
7586 0.9514
7587   NaN
7588 0.6050
7589 6.4529
7590 24.0070
7591 21.0293
7592 2.0204
7593 1.1679
7594 5.8365
7595 1.9795
7596 3.6868
7597 0.5484
7598 4.2348
7599 5.0485
7600 55.7991
7601 0.6371
7602 4.7012
7603 1.6701
7604 4.6796
7605 1.0584
7606 21.4019
7607 7.0782
7608 2.3939
7609 0.3341
7610 1.7016
7611 12.6832
7612 21.8175
7613 3.8172
7614 17.1831
7615 13.2880
7616 0.1743
7617 19.1118
7618 1.2488
7619 0.8028
7620   NaN
7621 0.8150
7622 0.2703
7623 0.7031
7624 6.9683
7625 0.7001
7626 0.9861
7627 1.8946
7628 0.5534
7629 0.3771
7630 9.0432
7631 3.7521
7632 1.8469
7633 0.4671
7634 0.5682
7635 0.4618
7636 0.1967
7637 0.7457
7638 5.3723
7639 0.8847
7640 2.6719
7641 2.7281
7642 4.5073
7643 1.6435
7644 0.1763
7645 0.1104
7646 9.0220
7647 1.8941
7648 6.4479
7649 1.0938
7650 6.2503
7651 16.8268
7652 0.2100
7653 41.7649
7654 0.1000
7655 0.4909
7656 0.2445
7657 2.2205
7658 0.8190
7659 0.1464
7660 22.3454
7661 0.3108
7662 10.2567
7663 21.6659
7664 2.6538
7665 0.1415
7666 18.2110
7667 3.7198
7668 7.0562
7669 1.2048
7670 11.4906
7671 19.8007
7672 6.5662
7673 1.0552
7674 0.4169
7675 17.6896
7676 0.0816
7677 6.0690
7678 43.0891
7679 1.9158
7680 5.7466
7681 0.3383
7682 2.6087
7683 0.7995
7684 13.1833
7685 2.5277
7686 14.2117
7687 2.6062
7688 3.7619
7689 2.9940
7690 4.7936
7691 4.4258
7692 0.3785
7693 5.1775
7694 60.6810
7695 0.7719
7696 2.2615
7697 0.8677
7698 0.2255
7699 0.3447
7700 0.3828
7701 0.3457
7702 2.0273
7703 4.7054
7704 18.1251
7705 1.6594
7706 0.3846
7707 0.3008
7708 1.0080
7709 0.8226
7710 0.0850
7711 11.6328
7712 25.8323
7713 12.9844
7714 1.6306
7715   NaN
7716 11.1698
7717 0.9332
7718 11.6705
7719 0.1873
7720 0.3962
7721 14.1507
7722 2.4215
7723 0.1799
7724 3.5425
7725 11.7651
7726 2.6319
7727 1.3180
7728 8.6470
7729 19.9184
7730 42.1819
7731 0.0940
7732 0.4457
7733 0.4907
7734 0.3350
7735 7.0844
7736 41.6105
7737 31.8399
7738 1.7498
7739 3.8901
7740 18.1197
7741 6.8367
7742 0.9257
7743 27.4433
7744 0.4932
7745 0.6480
7746 1.3528
7747 0.6115
7748 0.3405
7749 16.3127
7750 2.8658
7751 4.1812
7752 8.0504
7753 0.6705
7754 3.3503
7755 4.2894
7756 0.1481
7757 0.5724
7758 0.1574
7759 0.3783
7760 0.7200
7761 13.6894
7762 0.9360
7763 0.5079
7764 1.9173
7765 2.8992
7766 2.8279
7767 11.1558
7768 8.6670
7769 15.1836
7770 2.0563
7771 4.3586
7772   NaN
7773 0.0645
7774 1.1225
7775 3.9005
7776 1.2372
7777 3.5484
7778 27.8151
7779 4.0052
7780 30.7419
7781 0.2611
7782 0.2771
7783 0.1915
7784 1.1105
7785 6.5589
7786 6.1494
7787 9.1508
7788 12.4196
7789 14.4421
7790   NaN
7791 7.7672
7792 2.2213
7793 1.4080
7794 2.8301
7795 18.8112
7796 5.2046
7797 25.3265
7798 0.5130
7799 8.5691
7800 0.2744
7801 0.2381
7802 7.4459
7803 0.2500
7804 9.1161
7805 1.0944
7806 1.2553
7807 4.2165
7808 0.0981
7809 7.8821
7810 11.0012
7811 3.6752
7812 0.2135
7813 2.3165
7814 1.7023
7815 11.9515
7816 3.6732
7817 4.5584
7818 0.1278
7819 10.2225
7820 35.6702
7821 5.2269
7822 0.2119
7823 0.6379
7824 0.9519
7825 7.4895
7826 3.2005
7827 0.1511
7828 2.0394
7829 5.7367
7830 10.5810
7831 1.6806
7832 7.7546
7833 0.7534
7834 15.2290
7835 3.6787
7836 1.5862
7837 12.1521
7838 2.3775
7839 42.6199
7840 0.4582
7841 21.7024
7842 0.4429
7843 19.2392
7844 9.7267
7845 3.3860
7846 0.7693
7847 3.8461
7848 0.6365
7849 0.1090
7850 0.3584
7851 23.8590
7852 43.0698
7853 1.5955
7854 4.1853
7855 0.2367
7856 2.2316
7857 24.8724
7858 0.7754
7859 6.3000
7860 3.4600
7861 5.3988
7862 0.5915
7863 7.3172
7864 3.8825
7865 8.7960
7866 8.0623
7867 11.2783
7868 0.3542
7869 3.2562
7870 0.4558
7871 8.6145
7872 29.7511
7873 13.7435
7874 13.0125
7875 1.0404
7876 0.1676
7877 0.7958
7878 0.0774
7879 107.5316
7880 5.2751
7881 0.5695
7882 0.5162
7883 17.8889
7884 5.3398
7885 8.8223
7886 14.0842
7887 0.2631
7888 0.3882
7889 3.2747
7890 0.3888
7891 4.9439
7892 0.2073
7893 1.6054
7894 8.8565
7895 3.6273
7896 0.6243
7897 11.1490
7898 6.1536
7899 3.0910
7900   NaN
7901 4.7511
7902 3.3097
7903 5.6474
7904 9.3585
7905 6.6920
7906 0.5471
7907 0.2055
7908 0.3693
7909 18.1150
7910 7.9875
7911 0.7083
7912 9.1280
7913 3.0213
7914 10.2048
7915 1.4892
7916 1.2078
7917 11.2842
7918 11.8317
7919 1.6130
7920 2.4563
7921 2.3462
7922 0.6279
7923 20.7509
7924 3.7231
7925 18.7224
7926 7.8949
7927 4.3320
7928 0.3908
7929 4.4376
7930 0.5175
7931 0.1174
7932 3.9267
7933 2.0057
7934 0.1099
7935 4.7280
7936 27.8304
7937 6.6525
7938 0.6498
7939 27.3792
7940 1.2584
7941 16.2615
7942 2.0218
7943 0.5330
7944 0.3958
7945 1.3694
7946 0.1913
7947 0.4055
7948 29.2343
7949 1.3641
7950 2.2345
7951 0.6854
7952 1.3303
7953 0.3049
7954 2.0734
7955 8.5768
7956 23.2000
7957 0.2495
7958 0.6475
7959 0.3650
7960 3.5834
7961 11.7229
7962 4.1032
7963 0.1720
7964 3.8391
7965 0.5129
7966 1.5398
7967 20.1227
7968 0.6985
7969 4.9780
7970 19.7050
7971 2.1350
7972 8.2293
7973 0.2025
7974 6.6882
7975 0.4210
7976 0.1832
7977 5.9409
7978 2.5475
7979 0.3560
7980 1.5744
7981 0.3247
7982 0.6973
7983 3.6763
7984 43.7591
7985 0.4207
7986 6.4665
7987 1.8865
7988 8.6168
7989 0.3010
7990 1.1968
7991 7.3963
7992 0.3652
7993 0.6378
7994 2.8142
7995 4.4514
7996 15.1561
7997 0.3746
7998 10.2182
7999 7.1508
8000 3.3511
8001 5.8251
8002 4.7620
8003 2.9354
8004 2.3974
8005 0.3941
8006 0.7884
8007 7.6255
8008 1.9255
8009 21.9459
8010 0.5118
8011 30.9919
8012 0.2775
8013 0.0757
8014 11.9013
8015 61.8387
8016 7.1639
8017 5.5230
8018 4.9758
8019 3.1463
8020 0.5994
8021 2.6561
8022 0.2183
8023 10.7962
8024 0.1217
8025 0.1348
8026 31.5754
8027 21.7413
8028 0.5954
8029 0.6561
8030 17.7818
8031 0.7179
8032 12.4257
8033 1.0223
8034 4.2322
8035 2.2744
8036 0.6064
8037 0.1791
8038 1.7893
8039 0.3552
8040 4.6083
8041 6.7003
8042 13.6920
8043   NaN
8044 2.1723
8045 7.6701
8046 11.2602
8047 0.7029
8048 45.1761
8049 1.4893
8050 19.1895
8051 1.8007
8052 25.9187
8053 1.8099
8054 0.2002
8055 14.8369
8056 11.0581
8057 2.3226
8058 4.8017
8059 0.2033
8060 0.8442
8061 0.8266
8062 16.6890
8063 17.6935
8064 9.4709
8065 1.5021
8066 0.5433
8067 1.0351
8068 18.6141
8069 2.5667
8070 17.1720
8071 2.8555
8072 7.1908
8073 5.6197
8074 1.5668
8075 0.0952
8076 0.3962
8077 6.2902
8078 0.4148
8079 0.6251
8080 8.5420
8081 0.2147
8082 2.4071
8083 4.9272
8084 1.4075
8085 3.4073
8086 4.7910
8087 3.6750
8088 0.5920
8089 0.4730
8090 31.4258
8091 0.3978
8092 23.4931
8093 9.3682
8094 3.0614
8095 0.1837
8096 4.0229
8097 15.2540
8098 0.1460
8099 2.1105
8100 5.8981
8101 5.6070
8102 2.7949
8103 10.1216
8104 2.4647
8105 6.2162
8106 6.1377
8107 0.3913
8108 5.8184
8109 0.5111
8110 0.3617
8111 3.3568
8112 26.2692
8113 24.0733
8114 1.5915
8115 11.7540
8116   NaN
8117 3.5768
8118 0.9915
8119 27.1881
8120 4.0020
8121 18.2693
8122 21.9690
8123 18.9268
8124 0.6579
8125 0.9017
8126 3.6549
8127 7.3632
8128 0.6982
8129 23.3883
8130 0.1211
8131 0.7155
8132 0.5460
8133 19.1917
8134 2.0149
8135 0.2737
8136 1.2774
8137 22.0268
8138 7.7577
8139 0.0833
8140 4.3076
8141 0.5530
8142 1.4893
8143 4.2974
8144 4.3107
8145 0.4699
8146 7.6186
8147 13.4018
8148 15.9863
8149 3.3590
8150 26.0502
8151 0.7744
8152 1.9696
8153 49.8265
8154 1.3016
8155 0.4355
8156 28.6924
8157 0.2177
8158 1.5162
8159 30.5941
8160 0.3001
8161 0.9669
8162 0.2671
8163 0.5770
8164 0.8073
8165 17.7067
8166   NaN
8167 0.2905
8168 32.4623
8169 6.8115
8170 7.9189
8171 1.1897
8172 14.8103
8173 44.4552
8174 1.1585
8175 0.2409
8176 17.2800
8177 0.3277
8178 4.6919
8179 8.9362
8180 20.5442
8181 0.6987
8182 0.1569
8183 0.1392
8184 26.5332
8185 3.7587
8186 13.1574
8187 4.6523
8188 0.1570
8189 0.9036
8190 6.6310
8191 0.2006
8192 0.6699
8193 42.0215
8194 9.1650
8195 1.1628
8196 0.0777
8197 0.1939
8198 0.1783
8199 3.6137
8200 3.2629
8201 1.5443
8202 7.0054
8203 3.4876
8204 0.2994
8205 0.8323
8206 1.3019
8207 2.9657
8208 4.1938
8209 4.6603
8210 15.9276
8211 0.1942
8212 0.2235
8213 0.1683
8214 1.8132
8215 20.5827
8216 1.1676
8217 2.5354
8218 5.7244
8219 7.0192
8220 1.0276
8221 2.0276
8222 0.1778
8223 26.0996
8224 11.2994
8225 2.3523
8226 5.0001
8227 6.5092
8228 26.2573
8229 8.8796
8230 1.0489
8231 1.1679
8232 54.0100
8233 8.4249
8234 0.7886
8235 7.0042
8236 0.8144
8237 21.8657
8238 5.5955
8239 0.7066
8240 4.9361
8241 0.7970
8242 0.4582
8243 21.6806
8244 0.3323
8245 0.3249
8246 0.3890
8247 5.0380
8248 14.5571
8249   NaN
8250 1.2082
8251 0.2414
8252 2.1540
8253 0.2792
8254 26.7736
8255 3.4320
8256 0.6509
8257 7.6067
8258 0.3799
8259 6.3459
8260 0.6975
8261 7.3936
8262 1.8788
8263 0.8845
8264 7.0343
8265 2.0629
8266 0.4648
8267 15.7773
8268 48.1237
8269 0.6312
8270 1.1010
8271 0.6635
8272 0.1204
8273 7.0441
8274 0.5858
8275 3.5041
8276 13.2891
8277 4.9451
8278 2.1058
8279 6.6151
8280 3.6652
8281 3.0213
8282 4.4864
8283 3.2524
8284 12.1281
8285 0.2289
8286 2.4869
8287 3.5578
8288 5.6111
8289 8.2001
8290 0.8337
8291 0.1470
8292 2.2722
8293 33.0742
8294 31.0932
8295 32.5268
8296 4.5480
8297 0.1661
8298 0.5340
8299 23.3900
8300 1.5445
8301 14.7297
8302 2.3918
8303 4.4562
8304 3.7567
8305 13.4469
8306 11.4604
8307 1.3340
8308 49.0817
8309 8.3742
8310 1.3159
8311 6.6402
8312 8.1221
8313 0.7240
8314 11.5523
8315 5.1026
8316 0.5705
8317 0.5954
8318 0.6742
8319 9.7498
8320 5.0703
8321 0.1200
8322 0.1398
8323 0.1362
8324 0.8569
8325 10.9269
8326 0.8390
8327 0.3368
8328 6.0276
8329 0.7803
8330 8.4202
8331 0.2348
8332 0.1514
8333 3.0606
8334 0.8162
8335 28.0228
8336 0.3312
8337 4.9377
8338 1.2115
8339 0.8511
8340 3.4079
8341 2.2421
8342 2.3007
8343 2.7094
8344 0.2562
8345 0.3281
8346 1.5894
8347 0.7170
8348 0.2660
8349 0.3855
8350 15.6772
8351 2.1834
8352 6.5084
8353 34.0377
8354 3.3428
8355 0.1795
8356 3.8129
8357 1.0541
8358 0.4246
8359 8.7183
8360 0.2845
8361 3.5858
8362 0.0675
8363 26.6957
8364 0.2899
8365 23.6310
8366 1.6590
8367 19.0654
8368 1.0677
8369 11.6036
8370 2.3560
8371 0.2907
8372 0.6343
8373 0.9986
8374 0.6502
8375 0.0661
8376 1.4787
8377 5.7429
8378 3.3388
8379 0.2930
8380 0.1826
8381 1.1488
8382 1.8341
8383 3.3313
8384 3.1959
8385 2.1631
8386 6.3063
8387 0.4078
8388 0.2615
8389 1.6959
8390 13.5686
8391 40.6912
8392 0.9188
8393 2.1258
8394 1.6916
8395 5.3184
8396 0.3436
8397 1.4135
8398 0.9042
8399 0.4674
8400 6.5579
8401 8.2124
8402 0.3212
8403 0.5420
8404 0.3867
8405 8.2046
8406 10.7826
8407 20.2511
8408 9.7158
8409 3.3603
8410 0.4832
8411 10.2590
8412 0.5179
8413 8.8099
8414 6.4181
8415 11.5508
8416 3.9069
8417 0.4904
8418 20.6584
8419 0.6367
8420 8.3648
8421 0.3241
8422 12.5355
8423 4.1934
8424 0.7817
8425   NaN
8426 0.5746
8427 2.1916
8428 2.0710
8429 16.3920
8430 20.3947
8431 3.9050
8432 29.5918
8433 12.2505
8434 22.3050
8435 0.6292
8436 14.0379
8437 1.2277
8438 6.3452
8439 16.8603
8440 1.1759
8441 1.3474
8442 21.4702
8443 0.3898
8444 3.4494
8445 34.1723
8446 0.1714
8447 2.9851
8448 6.9296
8449 17.5991
8450 0.1433
8451 3.8057
8452 11.6694
8453 1.5186
8454 3.8273
8455 3.1755
8456 1.0379
8457 5.9327
8458 5.0580
8459 12.3450
8460 0.4918
8461 0.1313
8462 0.1582
8463 3.2557
8464 14.1701
8465 1.2805
8466 6.5019
8467 1.0335
8468 0.1552
8469 10.0217
8470 7.3950
8471 6.1725
8472 3.7617
8473 6.7142
8474 18.5593
8475 6.9302
8476 2.8021
8477 2.3581
8478 0.3873
8479 1.0934
8480 1.0337
8481 4.2559
8482 38.4175
8483 1.9842
8484 0.1196
8485 6.6245
8486 7.6133
8487 19.8394
8488 0.9670
8489 0.1341
8490 11.4129
8491 3.9315
8492 48.1328
8493 10.7255
8494 2.6847
8495 13.9862
8496 0.2699
8497 7.6602
8498 4.5643
8499 2.4103
8500 7.3596
8501 1.0616
8502 1.9295
8503 23.2691
8504 11.2807
8505 4.4238
8506 22.5605
8507 7.5456
8508 0.0798
8509 2.6496
8510 0.2060
8511 0.2131
8512 18.5210
8513 18.8452
8514 2.0339
8515 3.6761
8516 1.0282
8517 2.3843
8518 1.1341
8519 25.8343
8520 12.1306
8521 8.8072
8522 0.3670
8523 5.7048
8524 1.5498
8525 0.0924
8526 0.4282
8527 0.1481
8528 26.3766
8529 57.5607
8530 5.1039
8531 0.2400
8532 0.4450
8533 6.6158
8534 10.9015
8535 0.5858
8536 5.4239
8537 1.0121
8538 6.6963
8539 0.2469
8540 11.7427
8541 2.0657
8542 0.2391
8543 0.4734
8544 0.4173
8545 0.2004
8546 0.5431
8547 0.1945
8548 0.3763
8549 5.2975
8550 1.1242
8551 0.6429
8552 5.7453
8553 20.6815
8554 12.9903
8555 2.7880
8556 3.3918
8557 0.6064
8558 0.8856
8559 1.3602
8560 18.1114
8561 0.1073
8562 21.4718
8563 2.4219
8564 18.2939
8565 2.5564
8566 1.3372
8567 6.7878
8568 28.4262
8569 7.9121
8570 7.3063
8571 0.1224
8572 1.0752
8573 2.5137
8574 0.6568
8575 0.1407
8576 1.3950
8577 1.5060
8578 0.7547
8579 20.1812
8580 0.2065
8581 0.4911
8582 4.8844
8583 14.1169
8584 0.4077
8585 15.9242
8586 0.1901
8587 21.5710
8588 4.3725
8589 17.0123
8590 9.8467
8591 2.7460
8592 31.5231
8593 0.1994
8594 9.1451
8595 1.0034
8596 4.0804
8597 1.2736
8598 11.3275
8599 0.5465
8600 3.6018
8601 6.3693
8602 9.1691
8603 3.3417
8604 31.9538
8605 2.8766
8606 4.4746
8607 0.1544
8608 13.8552
8609 2.4468
8610 20.2853
8611 17.1352
8612 0.9200
8613 1.2270
8614 11.1794
8615 2.4438
8616 3.4057
8617 1.1767
8618 3.9719
8619 41.0598
8620 0.9278
8621 0.8496
8622 10.0976
8623 0.4319
8624 4.2264
8625 26.9670
8626 0.7186
8627 0.7705
8628 0.2807
8629 12.9586
8630 3.5380
8631 0.4455
8632 1.8102
8633 5.9736
8634 8.5159
8635 4.6566
8636 14.2626
8637 1.2174
8638 17.6237
8639 36.6681
8640 5.4951
8641 5.9840
8642 2.6632
8643 26.7584
8644 7.3432
8645 3.3509
8646 15.0387
8647 10.3942
8648 0.0589
8649 27.6156
8650 5.3114
8651 23.1445
8652 3.6675
8653 2.4587
8654 0.3714
8655 0.1688
8656 8.8241
8657 10.9033
8658 0.6264
8659 0.1877
8660 4.8737
8661 0.6965
8662 1.1161
8663 1.3463
8664 0.9168
8665 1.3115
8666 1.0546
8667 0.1171
8668 5.1616
8669 0.4172
8670 5.5865
8671 10.9438
8672 11.1286
8673 1.3601
8674 3.8153
8675 1.5222
8676 5.4925
8677 1.7619
8678 1.9733
8679 1.1847
8680 31.5674
8681 6.6864
8682 2.3647
8683 0.1824
8684 0.7755
8685 3.6647
8686 3.4171
8687 26.6756
8688 0.6658
8689 0.5009
8690 0.2451
8691 8.0032
8692 0.2243
8693 3.2935
8694 0.3267
8695 0.7072
8696 12.3968
8697 1.1106
8698 1.2685
8699 3.4509
8700 0.2041
8701 0.9086
8702 0.4833
8703 0.4786
8704 4.0254
8705 12.6870
8706 62.0963
8707 1.9293
8708 11.9185
8709 2.5290
8710 16.2511
8711 16.6553
8712 15.4886
8713 4.0069
8714 1.4311
8715 12.0918
8716 0.3351
8717 8.0850
8718 1.0476
8719 6.1625
8720 19.1395
8721 0.5799
8722 1.9158
8723 0.3152
8724 0.2183
8725 7.6599
8726 4.3709
8727 9.9268
8728 0.0652
8729 1.9177
8730 3.4748
8731 8.3337
8732 1.0790
8733 1.2400
8734 12.8884
8735 0.2250
8736 0.8000
8737 11.5543
8738 1.4793
8739 8.5305
8740 0.1469
8741 0.9090
8742 5.2938
8743 0.5139
8744 0.2994
8745 0.8815
8746 39.0662
8747 0.5522
8748 5.0045
8749 16.5487
8750 2.6009
8751 2.6284
8752 0.5625
8753 0.7582
8754 0.6978
8755 0.9520
8756 0.7819
8757 5.4693
8758 2.7379
8759 5.0218
8760 3.8849
8761 0.6451
8762 0.7678
8763 3.8314
8764 8.8867
8765 2.2344
8766 28.2486
8767 1.0880
8768 1.9103
8769 18.6507
8770 1.1317
8771 14.3743
8772 0.1654
8773 12.7530
8774 3.4976
8775 7.0386
8776 0.1477
8777 8.9157
8778 1.1296
8779 1.3301
8780 58.3507
8781 1.6499
8782 0.6018
8783 1.9327
8784 0.9543
8785 0.7849
8786 0.1239
8787 0.3304
8788 2.1070
8789 29.8676
8790 4.2127
8791 14.0659
8792 0.9482
8793 2.3320
8794 19.8811
8795 10.1861
8796 3.2650
8797 51.9728
8798 0.9334
8799 0.7076
8800 0.4206
8801 22.9620
8802 0.5557
8803 4.8237
8804 4.0848
8805 6.1190
8806 0.5412
8807 8.3861
8808 0.6581
8809 1.4751
8810 8.9389
8811 0.3382
8812 0.1793
8813 0.1223
8814 0.2083
8815 1.5205
8816 1.2737
8817 1.8960
8818 3.7495
8819 0.3512
8820 9.1415
8821 3.5035
8822 4.4755
8823 7.2382
8824 0.7454
8825 0.3797
8826 0.9465
8827 4.2347
8828 2.5521
8829 0.8463
8830 32.2521
8831 0.2692
8832 1.5302
8833 0.1461
8834 1.8786
8835 0.1675
8836 0.1462
8837 10.9759
8838 17.0766
8839 0.4208
8840 0.1162
8841 19.4169
8842 38.8633
8843 0.2256
8844 12.6151
8845 3.3138
8846 0.1472
8847 0.6241
8848 2.3432
8849 1.0401
8850 0.7574
8851 0.2145
8852 5.8503
8853 0.8271
8854 3.2663
8855 3.3791
8856 0.8638
8857 26.2489
8858 0.9444
8859 5.5978
8860 0.1681
8861 1.1848
8862 26.4462
8863 0.2487
8864 0.2041
8865 1.4623
8866 4.3952
8867 1.3289
8868 0.0983
8869 0.2137
8870 19.6299
8871 44.6385
8872 26.9850
8873 0.1275
8874 0.8269
8875 0.3140
8876 29.0243
8877 0.7348
8878 22.9676
8879 4.9394
8880 21.0203
8881 8.7771
8882 0.3324
8883 12.8158
8884 1.9811
8885 0.3671
8886 23.6684
8887   NaN
8888 6.5709
8889 2.1644
8890 1.3964
8891 20.6730
8892 5.2753
8893 5.6271
8894 1.4760
8895 0.2070
8896 0.1124
8897 0.5667
8898 0.2318
8899 1.6167
8900   NaN
8901 8.9535
8902 0.3854
8903 0.7202
8904 21.9391
8905 3.5366
8906 5.7430
8907 0.6946
8908 5.6964
8909 6.9458
8910 2.8490
8911 7.1440
8912 14.2277
8913 8.0904
8914 0.2580
8915 0.2902
8916 2.5925
8917 0.1316
8918 8.5434
8919 4.4584
8920 18.2656
8921 0.2938
8922 0.2784
8923 1.2555
8924 4.1592
8925 1.2294
8926 3.2853
8927 7.4550
8928 5.4151
8929 2.3711
8930 16.4529
8931 29.3998
8932 0.6106
8933 0.3355
8934 21.0793
8935 3.2006
8936 0.2908
8937 5.4127
8938 2.9530
8939 1.4277
8940 4.0128
8941 6.5353
8942 10.4109
8943 0.8384
8944 1.8727
8945 0.9949
8946 5.6233
8947 1.4657
8948 2.7207
8949 1.2120
8950 5.1135
8951 1.5617
8952 0.8650
8953 9.3900
8954 3.6498
8955 0.2216
8956 4.5063
8957 0.5068
8958 3.8185
8959 0.7793
8960 12.7991
8961 12.0284
8962 53.1239
8963 9.8569
8964 12.4173
8965 6.6265
8966 1.5503
8967 0.7365
8968 4.2674
8969 11.5522
8970 0.2391
8971 0.1821
8972 0.7525
8973 0.2754
8974 1.8517
8975 0.3452
8976 1.5382
8977 2.0465
8978 0.1470
8979 0.0819
8980 0.5939
8981 48.7593
8982 0.3929
8983 9.2591
8984 0.4778
8985 0.6763
8986 28.6168
8987 0.9596
8988 0.3137
8989 16.1581
8990 0.9314
8991 0.6576
8992 0.2628
8993 0.2681
8994 0.5362
8995 53.2581
8996 9.8104
8997 30.6385
8998 0.3044
8999 9.2944
9000 0.8795
9001 0.2634
9002 0.8107
9003 46.2660
9004 4.0511
9005 2.0840
9006 13.3924
9007 6.6492
9008 3.8735
9009 2.4108
9010 9.1616
9011 0.6967
9012 1.8407
9013 0.4155
9014 15.9094
9015 8.9885
9016 0.4016
9017 26.4182
9018 19.6217
9019 0.7324
9020 34.9068
9021 4.2438
9022 1.5298
9023 0.7683
9024 0.2070
9025 0.1076
9026 15.2902
9027 2.6801
9028 0.8118
9029 0.2763
9030 1.3189
9031 0.8456
9032 0.1073
9033 16.8462
9034 1.9306
9035 19.3821
9036 9.9370
9037 5.0290
9038 2.9072
9039 10.5577
9040 0.4126
9041 1.1915
9042 29.2703
9043 49.1539
9044 1.9499
9045 0.2909
9046 0.6278
9047 3.1147
9048 0.3514
9049 11.1928
9050 0.2614
9051 0.8040
9052 22.0753
9053 0.6894
9054 0.3058
9055 0.1626
9056 0.2600
9057 11.5843
9058 8.0874
9059 17.5191
9060 0.3524
9061 1.0555
9062 3.5872
9063 10.1263
9064 3.7168
9065 2.7943
9066 0.1936
9067 21.4009
9068 1.4576
9069 15.8374
9070 6.5722
9071 0.2436
9072 5.3283
9073 0.3050
9074 0.3449
9075 0.2943
9076 18.2342
9077 0.6065
9078 4.7302
9079 0.8830
9080 18.2781
9081 0.1788
9082 21.8335
9083 17.4733
9084 2.9807
9085 32.6105
9086 0.5387
9087 1.3509
9088 0.4646
9089 1.3757
9090 0.6767
9091 1.3371
9092 2.4034
9093 3.5219
9094 0.4491
9095 1.6562
9096 0.3451
9097 3.6859
9098 2.1865
9099 4.6859
9100 3.7772
9101 10.3868
9102 5.1533
9103 10.5874
9104 1.2643
9105 0.2867
9106 2.3142
9107 0.5638
9108 15.6836
9109 10.1019
9110 0.1447
9111 3.2801
9112 22.7881
9113 0.8381
9114 0.1116
9115 18.6922
9116 10.1984
9117 0.5431
9118 0.3031
9119 14.9330
9120 1.7074
9121 23.0931
9122 0.4869
9123 2.6926
9124 5.8762
9125 48.0027
9126 0.0798
9127 23.8860
9128 0.5612
9129 0.2272
9130 0.1567
9131 33.1697
9132 12.1650
9133 1.0041
9134 16.3380
9135 57.3842
9136 0.2557
9137 35.6807
9138 13.3752
9139 1.8416
9140 0.4428
9141 10.3091
9142 7.4124
9143 0.3862
9144 15.9778
9145 1.2033
9146 2.1829
9147 3.0676
9148 6.1119
9149 0.1529
9150 0.5765
9151 20.4445
9152 17.4699
9153 1.3853
9154 3.0132
9155 0.4194
9156 8.5963
9157 0.9049
9158 2.8265
9159 18.2614
9160 9.1745
9161 0.3637
9162 24.2044
9163 17.0652
9164 36.8206
9165   NaN
9166 0.1150
9167 1.5304
9168 16.4688
9169 41.9012
9170 3.7137
9171 24.3658
9172 2.9161
9173 13.7700
9174 17.2232
9175 1.9530
9176 0.2688
9177 0.0899
9178 0.2971
9179 0.3310
9180 6.0209
9181 8.1304
9182 0.2078
9183 4.5460
9184 0.2565
9185 0.2385
9186 4.8144
9187 21.1247
9188 0.5111
9189 3.9740
9190 0.1039
9191 5.1844
9192 0.7375
9193 1.0878
9194 3.0754
9195 0.4508
9196 12.5604
9197 0.4027
9198 0.2104
9199 1.0432
9200 6.7230
9201 7.5952
9202 1.9664
9203 6.7491
9204 0.9266
9205 0.8676
9206 0.1725
9207 0.2982
9208 0.2262
9209 0.6198
9210 20.2561
9211   NaN
9212 1.1662
9213 0.4865
9214 6.2158
9215 0.7061
9216 5.0940
9217 1.6741
9218 36.1891
9219 9.6555
9220 0.3705
9221 2.4540
9222 0.7936
9223 0.3759
9224 6.7657
9225 38.8156
9226 1.2364
9227 28.1050
9228 0.2296
9229 4.9647
9230 7.0103
9231 0.1562
9232 5.0491
9233 0.2209
9234 4.5091
9235 0.2199
9236 1.7044
9237 0.1359
9238 23.1355
9239 1.3934
9240 10.8125
9241 0.2638
9242 3.8842
9243 1.2631
9244 4.4038
9245 0.3378
9246 1.8606
9247 1.7967
9248 9.5819
9249 24.8814
9250 2.9987
9251 1.7417
9252 0.5936
9253 3.3759
9254 0.7682
9255 2.5099
9256 0.7835
9257 0.1927
9258 0.1273
9259 1.2871
9260 2.2493
9261 0.5719
9262 3.0045
9263 1.9380
9264 0.1005
9265 3.5630
9266 0.1409
9267 0.9151
9268 2.5312
9269 3.9393
9270 0.5209
9271 1.6647
9272 21.6374
9273 8.9602
9274 8.3125
9275 0.0960
9276 0.2308
9277 18.6442
9278   NaN
9279 22.2579
9280 8.7984
9281 10.0153
9282 6.4327
9283 0.4832
9284 1.3908
9285 0.7029
9286 0.1510
9287 0.8565
9288 26.6924
9289 0.2920
9290 0.2117
9291 1.0738
9292 3.5472
9293 3.8278
9294 9.2352
9295 7.6175
9296 12.8199
9297 0.6364
9298 9.0829
9299 4.0301
9300 0.1617
9301 2.2823
9302 18.8202
9303 18.0932
9304 6.5244
9305 2.9818
9306 7.8629
9307 6.2905
9308 0.8828
9309 22.8438
9310 0.6866
9311 5.9927
9312 1.2453
9313 2.8355
9314 2.4275
9315 5.1374
9316 19.5501
9317 15.2067
9318 36.3049
9319 0.1012
9320 5.0188
9321 0.2285
9322 3.1163
9323 0.1336
9324 2.7032
9325 37.7581
9326 1.7327
9327 1.7424
9328 21.3885
9329 11.5235
9330 20.1901
9331 5.3986
9332 1.2961
9333 1.1415
9334 2.1484
9335 3.1064
9336 1.0358
9337 0.1289
9338 1.2710
9339 1.1723
9340 7.1231
9341 0.9337
9342 0.1387
9343 5.4852
9344 4.0598
9345 0.3625
9346 1.9038
9347 0.3399
9348 2.7157
9349 4.0845
9350 5.2746
9351 1.5874
9352 0.2977
9353 2.2413
9354 0.4786
9355 0.4588
9356 10.3409
9357 0.7548
9358 0.3861
9359 5.0821
9360 37.2777
9361 0.3852
9362 0.4920
9363 4.5550
9364 0.5421
9365 2.0693
9366 0.2070
9367 0.2746
9368 0.8905
9369 5.1762
9370 0.1266
9371 8.6981
9372 0.4705
9373 11.9705
9374 13.1699
9375 2.1417
9376 3.9819
9377 12.8993
9378 0.4145
9379 29.8823
9380 6.4409
9381 0.6324
9382 0.7567
9383 39.6141
9384 1.3066
9385 14.8344
9386 4.8020
9387 7.9968
9388 0.4114
9389 6.0739
9390 21.4364
9391 0.1901
9392 4.9862
9393 0.4876
9394 10.8631
9395 15.8095
9396 1.4285
9397 0.1853
9398 6.8349
9399 2.1358
9400 0.9384
9401 2.9745
9402 1.7392
9403 2.0664
9404 1.5825
9405 6.3515
9406 9.3979
9407 1.8913
9408 0.1263
9409 9.6327
9410 2.2034
9411 1.3516
9412 0.1254
9413 4.4715
9414 19.8594
9415 6.8464
9416 39.3645
9417 1.8138
9418 0.4542
9419 4.7123
9420 9.0121
9421 2.7094
9422 7.3816
9423 7.5373
9424 4.8822
9425 0.3009
9426 3.6363
9427 5.4869
9428 0.3431
9429 0.3180
9430 18.8325
9431 7.1274
9432 0.0760
9433 1.0961
9434 2.4352
9435 0.2802
9436 4.0807
9437 0.9139
9438 14.2419
9439 0.4138
9440 0.4299
9441 10.0050
9442 0.3712
9443 25.6198
9444 0.6942
9445 0.4064
9446 0.3004
9447 3.7199
9448 0.2919
9449 10.0650
9450 8.5653
9451 3.6649
9452 1.8819
9453 2.4186
9454 32.3306
9455 0.6504
9456 12.0643
9457 0.1539
9458 2.2393
9459 21.5562
9460 0.7122
9461 5.9481
9462 7.7634
9463 13.7080
9464 5.3683
9465 1.0779
9466 0.1858
9467 0.8140
9468 13.1527
9469 11.9308
9470 7.0475
9471 11.3187
9472 0.6596
9473 1.6154
9474 0.1833
9475 6.1213
9476 0.1178
9477 0.1464
9478 2.4796
9479 17.4660
9480 35.0765
9481 0.9398
9482 0.1752
9483 2.1973
9484 0.5425
9485 0.5167
9486 1.2450
9487   NaN
9488 1.8043
9489 0.9476
9490 4.1428
9491 0.7917
9492 8.4723
9493 0.3179
9494 1.9395
9495 1.1830
9496 5.0219
9497 1.1108
9498 17.2037
9499 9.6780
9500 6.6188
9501 15.2416
9502 1.2634
9503 3.9594
9504 19.2672
9505 0.2905
9506 19.0680
9507 0.5320
9508 8.1875
9509 1.7213
9510 2.3477
9511 25.6267
9512 0.1125
9513 0.9812
9514 0.1450
9515 5.7853
9516 5.9769
9517 0.1687
9518 1.3728
9519 1.4069
9520 3.7183
9521 3.8870
9522 2.1471
9523 2.8859
9524 0.6748
9525 15.8349
9526 1.3053
9527 11.0961
9528 2.4715
9529 0.1625
9530 1.0066
9531 10.9755
9532 6.4146
9533 31.0571
9534 9.2673
9535 1.2114
9536 0.1884
9537 2.6782
9538 9.0561
9539 2.7004
9540 0.3012
9541 25.1377
9542 11.9048
9543 0.6561
9544 8.1054
9545 0.4498
9546 8.9340
9547 25.1250
9548 1.5056
9549 0.5392
9550 2.0840
9551 0.8871
9552 0.4120
9553 27.8698
9554 3.8911
9555 1.0859
9556 0.6797
9557 52.6613
9558 17.3327
9559 0.1458
9560 0.7034
9561 29.1873
9562 1.4702
9563 1.0793
9564 18.8397
9565 24.0412
9566 0.1132
9567 39.9791
9568 21.8926
9569 0.5495
9570 3.0575
9571 0.1794
9572 0.4565
9573 10.8751
9574 1.7204
9575 2.3762
9576 13.9509
9577 40.2134
9578 4.6667
9579 4.5506
9580 13.7494
9581 7.9667
9582 17.7234
9583 7.8642
9584 0.2567
9585 1.3288
9586 0.4882
9587 2.4238
9588 15.8766
9589 15.7119
9590 0.3227
9591 0.0968
9592 9.0674
9593 6.1787
9594 0.2249
9595 0.8600
9596 2.3977
9597 11.8057
9598 7.2931
9599 3.0797
9600 1.1513
9601 0.2490
9602 0.8884
9603 15.6564
9604 0.0677
9605 9.0642
9606 11.8869
9607 5.5649
9608 23.6366
9609 33.5347
9610 5.3887
9611 0.4841
9612 10.7701
9613 1.4507
9614 0.1314
9615 0.5998
9616 0.1888
9617 1.0863
9618 0.7064
9619 0.9481
9620 0.3965
9621 3.4335
9622 0.7225
9623 26.6933
9624 7.5047
9625 0.4820
9626 7.7340
9627 2.1347
9628 0.0606
9629 0.4457
9630 0.1503
9631 19.5886
9632 28.3049
9633 11.6846
9634 16.0444
9635 11.1157
9636 0.2485
9637 12.9542
9638 0.5320
9639 0.4514
9640 21.4639
9641 2.2808
9642 3.4719
9643 14.3271
9644 1.9737
9645 10.0222
9646 8.9448
9647 11.9964
9648 11.9750
9649 0.3883
9650 0.3688
9651 0.5997
9652 2.8753
9653 6.9391
9654 3.4824
9655 0.3880
9656 0.8960
9657 0.1056
9658 13.6048
9659 12.0382
9660 11.6410
9661 6.6176
9662 0.2395
9663 5.3060
9664 0.2071
9665 15.3379
9666 3.8208
9667 0.3433
9668 1.8560
9669 2.7843
9670 1.2711
9671 14.7498
9672 1.3927
9673 0.3086
9674 8.9103
9675   NaN
9676 36.5012
9677 2.4682
9678 0.2914
9679 5.6915
9680 16.9049
9681 3.6242
9682 0.2639
9683 4.8540
9684 13.6119
9685 6.7155
9686 0.3906
9687 6.3597
9688 1.3208
9689 4.8384
9690 4.2079
9691 5.9713
9692 19.1832
9693 2.1698
9694 2.3341
9695 34.0369
9696 16.2819
9697 8.3373
9698 1.3234
9699 0.2684
9700 5.5338
9701 3.9209
9702 0.2382
9703 4.6053
9704 2.7594
9705 10.0876
9706 1.2759
9707 15.4792
9708 0.1567
9709 0.3749
9710 16.5612
9711 3.9025
9712 0.0788
9713 0.2324
9714 18.4115
9715 5.3281
9716 18.0540
9717 23.0929
9718 0.2311
9719 1.0495
9720 1.1145
9721 0.5650
9722 0.1512
9723 26.2245
9724 0.2928
9725 2.0808
9726 2.0439
9727 1.8586
9728 9.2726
9729 0.4338
9730 0.9619
9731 0.1287
9732 0.9909
9733 6.4637
9734 0.4171
9735 0.1192
9736 9.3763
9737 2.0197
9738 1.3708
9739 1.3034
9740 7.5270
9741 14.5898
9742 0.1947
9743 15.8423
9744 11.8474
9745 31.6797
9746 4.1304
9747 0.2313
9748 23.4039
9749 5.4229
9750 3.7350
9751 4.3910
9752 1.6820
9753 0.6553
9754 2.6072
9755 2.1798
9756 6.8534
9757 17.2308
9758 3.2606
9759 9.0618
9760 4.1188
9761 2.6360
9762 9.9570
9763 0.5052
9764 10.6476
9765 15.6593
9766 4.8787
9767 0.1655
9768 1.8020
9769 7.5883
9770 4.3435
9771 2.5430
9772 15.6766
9773 1.2106
9774 0.2874
9775 18.3864
9776 0.1837
9777 1.6768
9778 6.4174
9779 8.0542
9780 2.0154
9781 2.1626
9782 1.3681
9783 1.8568
9784 18.7062
9785 0.1330
9786 1.5993
9787 0.4521
9788 19.3617
9789 14.8276
9790 10.4767
9791 1.0093
9792 10.6134
9793 1.4891
9794 0.3012
9795 0.0782
9796 0.5367
9797 0.1959
9798 1.9778
9799 47.5965
9800 26.8589
9801 6.2944
9802 0.1810
9803 53.8302
9804 0.3836
9805 36.2536
9806 0.2316
9807 4.1023
9808 0.4838
9809 0.6693
9810 0.8493
9811 0.2399
9812 1.7893
9813 9.3110
9814 0.1507
9815 7.9731
9816 1.5349
9817 0.2515
9818 5.5144
9819 0.5409
9820 5.0372
9821 0.4713
9822 0.1801
9823 0.4333
9824 38.9704
9825 1.0858
9826 23.7928
9827 3.5473
9828 6.7678
9829 6.7924
9830 1.7348
9831 5.3071
9832 0.5265
9833 11.0941
9834 3.4249
9835 0.1144
9836 11.5961
9837 19.1673
9838 0.9881
9839 11.5541
9840 40.1731
9841 0.6278
9842 5.2227
9843 11.7177
9844 3.3260
9845 0.1919
9846 5.7789
9847 3.4274
9848 2.2228
9849 1.4547
9850 2.4828
9851 1.3137
9852 1.3372
9853 6.7909
9854 16.6471
9855 32.1722
9856 0.1604
9857 0.5148
9858 6.0590
9859 40.3724
9860 24.0370
9861 14.4720
9862 5.2229
9863 0.4043
9864 0.1360
9865 3.7337
9866 0.2713
9867 0.9757
9868 0.5080
9869 5.0625
9870 2.3333
9871 0.1360
9872 5.0659
9873 1.3261
9874 0.2537
9875 2.9928
9876 5.1721
9877 0.7744
9878 0.1916
9879 8.2378
9880 1.3060
9881 1.1637
9882 0.2259
9883 45.5711
9884 8.4630
9885 0.5148
9886 1.0688
9887 0.0874
9888 3.4766
9889 7.4796
9890 2.1349
9891 0.5602
9892 2.9842
9893 12.5772
9894 0.1755
9895 13.3615
9896 1.8398
9897 2.0582
9898 7.7353
9899 10.8043
9900 6.0528
9901 0.7807
9902 2.1007
9903 41.7763
9904 0.1214
9905 0.1834
9906 5.3944
9907 21.8327
9908 2.4921
9909 4.5468
9910 9.5782
9911 2.1604
9912 2.8456
9913 26.5371
9914 2.0872
9915 11.7312
9916 15.4987
9917 1.1370
9918 8.4546
9919 8.8624
9920 10.2065
9921 1.4008
9922 0.6281
9923 1.7867
9924   NaN
9925 0.1024
9926 1.9958
9927 0.4263
9928 1.7793
9929 26.8067
9930 11.8610
9931 7.0881
9932 7.9542
9933 25.2129
9934 3.1343
9935 9.0926
9936 30.4943
9937 5.9808
9938 15.9726
9939 27.4776
9940 40.9829
9941 0.5913
9942 3.6992
9943 8.3040
9944 1.9722
9945 7.1956
9946 0.3616
9947 29.9531
9948 2.9851
9949 3.0449
9950 0.7203
9951 4.2262
9952 29.4760
9953 5.0165
9954 0.1881
9955 1.8249
9956 0.4422
9957 4.5839
9958 1.1447
9959 2.0757
9960 0.9839
9961 5.5341
9962 11.1354
9963 4.2683
9964 0.3063
9965 0.3269
9966 4.4451
9967 20.7988
9968 1.1301
9969 2.1629
9970 8.4756
9971 0.1404
9972 10.7798
9973 14.4196
9974 1.4484
9975 0.7608
9976 0.4130
9977 1.5756
9978 1.6600
9979 0.2085
9980 18.6023
9981 3.5573
9982 9.1186
9983 1.5391
9984 3.2429
9985 8.4208
9986 5.1076
9987 0.0881
9988 0.8908
9989 0.1043
9990 3.4781
9991 15.4430
9992 1.0188
9993 37.0851
9994 2.6470
9995 7.6447
9996 9.8732
9997 2.0268
9998 1.0717
9999 2.9847
10000 3.8634
