   1 1.2978
   2 1.2897
   3 1.5507
   4 0.4998
   5 1.4201
   6 0.3389
   7 0.9784
   8 1.1121
   9 0.9319
  10 0.0618
  11 0.3437
  12 1.0514
  13 0.1320
  14 0.8582
  15 0.4142
  16 0.7834
  17 2.4003
  18 0.4497
  19 0.2858
  20 0.8480
  21 0.5599
  22 14.1447
  23 2.0998
  24 0.2585
  25 0.4060
  26 1.4772
  27 4.4591
  28 0.4878
  29 0.4298
  30 0.6830
  31 0.4930
  32 5.9781
  33 0.4745
  34 1.7363
  35 0.1937
  36 0.9803
  37 0.6602
  38 0.4243
  39 1.1893
  40 0.6768
  41 0.4335
  42 0.3967
  43 0.5171
  44 0.7592
  45 0.2876
  46 2.6243
  47 5.6546
  48 2.1297
  49 0.4947
  50 0.2728
  51 5.6055
  52 4.8005
  53 3.8171
  54 2.9708
  55 0.3641
  56 1.1959
  57 0.4224
  58 5.0662
  59 0.1726
  60 0.2184
  61 1.2379
  62 10.9795
  63 1.5763
  64 1.0002
  65 0.1952
  66 0.6258
  67 0.7827
  68 0.1072
  69 0.3713
  70 1.4737
  71 0.1394
  72 1.6495
  73 1.4015
  74 1.3156
  75 4.2149
  76 4.0256
  77 0.9400
  78 13.3955
  79 0.1258
  80 1.4697
  81 0.2434
  82 0.1796
  83 0.1199
  84 13.7273
  85 0.2855
  86 3.3797
  87 4.5382
  88 0.5163
  89 4.6427
  90 0.1417
  91 2.0365
  92 3.1173
  93 0.5790
  94 0.4417
  95 0.6501
  96 1.3565
  97 1.2948
  98 0.9055
  99 0.8153
 100 0.1739
 101 5.0980
 102 0.8110
 103 0.2400
 104 0.8891
 105 0.3569
 106 6.7081
 107 0.0722
 108 3.4009
 109 0.7463
 110 0.0959
 111 0.2651
 112 1.9213
 113 0.4804
 114 1.3467
 115 0.7908
 116 0.5451
 117 3.1785
 118 4.2292
 119 1.5561
 120 0.5499
 121 2.5103
 122 0.6857
 123 0.9706
 124 1.1111
 125 0.0679
 126 0.3554
 127 0.1668
 128 1.4341
 129 0.0941
 130 0.5815
 131 2.0778
 132 0.8947
 133 5.0158
 134 1.2190
 135 0.8989
 136 0.1986
 137 0.5601
 138 0.8434
 139 1.2103
 140 0.4033
 141 0.0960
 142 0.3715
 143 0.3211
 144 5.8330
 145 1.6893
 146 1.2943
 147 3.0341
 148 2.3158
 149 0.0993
 150 2.0431
 151 2.0249
 152 0.9441
 153 1.2719
 154 0.8026
 155 2.3451
 156 0.3693
 157 0.2967
 158 0.2255
 159 0.7946
 160 0.5195
 161 2.2625
 162 1.8231
 163 1.8135
 164 0.3923
 165 0.3351
 166 0.2754
 167 0.4505
 168 0.2864
 169 2.7289
 170 4.3388
 171 4.2510
 172 0.6103
 173 0.3602
 174 0.7812
 175 0.3138
 176 0.9260
 177 0.9976
 178 0.6431
 179 0.2110
 180 1.5730
 181 3.9440
 182 1.5601
 183 0.3152
 184 0.1852
 185 0.2165
 186 6.3120
 187 0.1736
 188 8.8861
 189 1.6743
 190 1.3929
 191 0.4238
 192 1.0427
 193 0.5165
 194 2.3432
 195 0.1802
 196 0.8506
 197 5.3619
 198 0.2172
 199 0.6054
 200 0.1591
 201 0.4043
 202 0.2110
 203 0.6306
 204 0.8646
 205 0.7448
 206 0.2398
 207 0.3044
 208 0.6471
 209 0.2018
 210 0.4093
 211 0.7519
 212 0.1415
 213 0.2171
 214 4.3305
 215 7.4820
 216 1.3269
 217 0.5982
 218 1.1631
 219 1.0404
 220 0.9629
 221 0.4412
 222 0.2180
 223 2.4572
 224 23.0055
 225 0.4001
 226 1.9784
 227 1.6933
 228 1.1730
 229 0.1903
 230 1.2585
 231 0.2888
 232 1.1622
 233 1.0767
 234 2.2029
 235 1.9750
 236 2.9445
 237 0.4523
 238 0.1622
 239 0.2473
 240 0.4615
 241 0.8767
 242 1.3947
 243 2.1392
 244 0.2585
 245 0.5364
 246 0.7246
 247 0.5230
 248 0.4600
 249 1.0118
 250 0.7655
 251 0.2980
 252 0.1401
 253 0.2957
 254 2.5994
 255 2.9514
 256 0.2466
 257 1.0902
 258 0.0937
 259 0.2438
 260 0.7238
 261 1.4042
 262 10.5703
 263 0.2264
 264 0.8352
 265 0.5677
 266 1.3290
 267 0.8172
 268 1.1433
 269 0.5726
 270 0.4579
 271 1.1860
 272 3.2149
 273 0.3796
 274 0.0984
 275 1.1665
 276 0.2084
 277 1.2562
 278 0.4215
 279 1.8278
 280 0.6722
 281 0.5662
 282 1.2257
 283 0.9952
 284 0.5976
 285 0.5522
 286 0.3086
 287 0.0933
 288 0.0972
 289 1.0773
 290 0.1727
 291 4.6143
 292 0.4407
 293 0.1944
 294 1.3057
 295 0.5978
 296 0.0759
 297 0.1769
 298 1.1327
 299 6.8039
 300 0.2168
 301 1.1767
 302 0.2897
 303 0.7587
 304 0.8009
 305 1.0667
 306 5.4477
 307 0.2548
 308 1.0773
 309 0.3065
 310 0.5111
 311 0.7211
 312 1.2691
 313 0.5725
 314 0.1471
 315 1.3503
 316 0.3094
 317 0.2294
 318 0.2332
 319 0.7862
 320 0.1581
 321 0.2993
 322 0.2908
 323 0.7071
 324 1.0676
 325 1.5204
 326 0.2399
 327 0.2700
 328 0.8070
 329 2.0613
 330 0.4989
 331 0.1818
 332 0.1125
 333 0.6057
 334 0.6493
 335 0.2214
 336 0.2666
 337 1.4959
 338 0.2893
 339 0.2272
 340 1.7728
 341 0.1967
 342 0.0928
 343 1.0269
 344 1.0970
 345 0.3455
 346 0.9397
 347 0.2124
 348 6.1187
 349 2.6459
 350 0.1389
 351 0.9409
 352 8.1336
 353 0.6308
 354 5.5953
 355 0.6922
 356 1.7211
 357 0.8612
 358 0.3473
 359 5.9641
 360 4.6083
 361 0.8636
 362 0.5795
 363 0.6921
 364 0.2144
 365 0.3491
 366 1.0355
 367 2.2977
 368 2.3403
 369 0.6721
 370 0.9195
 371 0.3412
 372 11.3260
 373 0.6754
 374 1.7348
 375 1.1400
 376 0.7528
 377 1.5882
 378 0.4667
 379 0.1250
 380 0.5216
 381 0.1349
 382 0.7623
 383 0.9678
 384 0.3349
 385 1.1138
 386 1.3536
 387 2.4596
 388 0.2454
 389 0.7105
 390 1.9007
 391 0.6156
 392 1.3996
 393 0.1533
 394 0.2456
 395 1.1673
 396 4.5588
 397 0.2653
 398 2.8439
 399 0.4768
 400 0.4240
 401 1.0888
 402 0.4787
 403 0.3411
 404   NaN
 405 0.5774
 406 1.5959
 407 0.4010
 408 2.9994
 409 3.1913
 410 0.3038
 411 23.1969
 412 1.4376
 413 0.3825
 414 2.4579
 415 7.2376
 416 0.6508
 417 3.0098
 418 0.5602
 419 0.2591
 420 0.4008
 421 3.6267
 422 1.3256
 423 5.3133
 424 1.2181
 425 0.2927
 426 1.1754
 427 1.8200
 428 3.8480
 429 0.5116
 430 0.1755
 431 0.7802
 432 1.1412
 433 0.8142
 434 0.8711
 435 1.0703
 436 6.2552
 437 0.5287
 438 1.5691
 439 0.2832
 440 0.1777
 441 0.8027
 442 32.9509
 443 0.3319
 444 0.7077
 445 1.1848
 446 0.8159
 447 0.5925
 448 7.0640
 449 0.2004
 450 0.1636
 451 1.6507
 452 2.4896
 453 0.3876
 454 0.2280
 455 1.5890
 456 0.0805
 457 0.3272
 458 0.3180
 459 2.0867
 460 0.6851
 461 0.1763
 462 0.3632
 463 12.4253
 464 1.1219
 465 1.6349
 466 0.8795
 467 1.2830
 468 1.3441
 469 1.4621
 470 5.4667
 471 18.5126
 472 4.5990
 473 7.0035
 474 3.3587
 475 0.8737
 476 1.1420
 477 0.5027
 478 0.1119
 479 1.4684
 480 1.4503
 481 0.7827
 482 2.3361
 483 0.5033
 484 0.6660
 485 0.9613
 486 5.0373
 487 0.2608
 488 0.3521
 489 0.1128
 490 0.8794
 491 0.3632
 492 4.5393
 493 0.1568
 494 0.2675
 495 1.0798
 496 0.1425
 497 0.5107
 498 0.4780
 499 0.6590
 500 15.5525
 501 1.3636
 502 0.5409
 503 0.1079
 504 1.3019
 505 1.1109
 506 0.6443
 507 1.9197
 508 1.4677
 509 1.5676
 510 0.8778
 511 0.7350
 512 3.2787
 513 0.5560
 514 1.1238
 515 3.4922
 516 1.2792
 517 0.1484
 518 1.2010
 519 0.3243
 520 0.2509
 521 1.1828
 522 0.6716
 523 0.4268
 524 0.0761
 525 0.2255
 526 0.1206
 527 0.2433
 528 0.1808
 529 1.3394
 530 0.8415
 531 0.2465
 532 1.5716
 533 2.1155
 534 0.7583
 535 0.1481
 536 1.1490
 537 0.1535
 538 0.6971
 539 0.7741
 540 0.7246
 541 0.7618
 542 0.1177
 543 0.6133
 544 19.1144
 545 6.9934
 546 1.4927
 547 1.0693
 548 0.4690
 549 1.3086
 550 0.3541
 551 0.3982
 552 2.4940
 553 6.4840
 554 0.7602
 555 2.6951
 556 1.2391
 557 0.9691
 558 0.7173
 559 0.3567
 560 0.5870
 561 0.6667
 562 0.4211
 563 0.6033
 564 0.3032
 565 2.8330
 566 0.2137
 567 0.1389
 568 0.6107
 569 1.2818
 570 0.2708
 571 0.1440
 572 1.0502
 573 6.5140
 574 0.6728
 575 0.5857
 576 0.3298
 577 0.2082
 578 0.5094
 579 1.8630
 580 0.5724
 581 0.3270
 582 1.5331
 583 0.1830
 584 0.2830
 585 0.3947
 586 0.1084
 587 0.3556
 588 1.3052
 589 1.0119
 590 0.4713
 591 0.8244
 592 1.2032
 593 0.3223
 594 0.1673
 595 5.3761
 596 0.9054
 597 1.9056
 598 1.0079
 599 0.2042
 600 0.3286
 601 0.3334
 602 1.8369
 603 1.1869
 604 0.1953
 605 1.2535
 606   NaN
 607 1.4338
 608 1.0057
 609 2.6718
 610 0.7482
 611 0.5208
 612 0.1747
 613 0.3304
 614 1.7448
 615 0.1109
 616 0.4996
 617 0.3474
 618 0.2135
 619 10.8474
 620 0.8459
 621 0.0986
 622 0.9434
 623 2.0450
 624 0.3253
 625 1.2099
 626 0.9904
 627 0.4126
 628 0.4672
 629 1.0796
 630 2.7945
 631 0.2469
 632 0.3121
 633 0.5221
 634 5.8234
 635 0.3038
 636 0.8096
 637 0.7554
 638 0.9378
 639 0.2443
 640 0.2077
 641 0.1683
 642 2.1683
 643 0.3660
 644 5.2770
 645 0.5955
 646 2.1166
 647 0.8112
 648 1.8740
 649 0.5346
 650 0.3441
 651 2.0901
 652 2.7903
 653 0.0623
 654 3.0166
 655 3.3557
 656 0.6995
 657 6.4312
 658 4.0212
 659 0.1581
 660 0.3370
 661 0.3066
 662 4.4107
 663 0.3877
 664 0.1785
 665 1.0613
 666 3.2737
 667 0.8868
 668 1.5875
 669 0.5749
 670 0.1130
 671 0.7309
 672 0.2104
 673 1.4334
 674 13.4497
 675 1.6627
 676 0.8906
 677 2.2388
 678 0.4122
 679 0.0770
 680 0.0779
 681 25.4710
 682 0.4890
 683 0.5156
 684 0.1843
 685 0.5072
 686 11.4945
 687 0.1831
 688 0.4718
 689 8.8592
 690 0.1919
 691 0.8582
 692 0.2123
 693 0.1481
 694 0.0936
 695 0.2870
 696 0.9744
 697 2.3933
 698 0.1971
 699 0.4531
 700 1.0192
 701 0.4315
 702 5.3539
 703 0.7503
 704 0.5727
 705 0.4291
 706 0.3006
 707 0.1785
 708 1.1043
 709 0.4624
 710 1.0325
 711 2.9957
 712 4.2372
 713 0.7341
 714 1.6983
 715 0.8917
 716 10.9916
 717 0.4596
 718 2.0227
 719 0.7007
 720 0.1436
 721 0.3256
 722 0.2835
 723 20.9057
 724 0.6967
 725 3.3385
 726 3.7352
 727 5.1820
 728 0.5921
 729 0.1952
 730 1.1131
 731 0.3839
 732 0.5774
 733 0.2194
 734 0.2244
 735 0.2970
 736 0.8009
 737 2.3122
 738 4.0638
 739 0.4197
 740 0.1630
 741 0.2186
 742 0.3423
 743 0.5997
 744 0.8253
 745 1.1040
 746 2.3431
 747 2.3715
 748 0.1791
 749 1.7668
 750 2.6405
 751 0.5446
 752 1.1158
 753 4.7170
 754 23.2786
 755 0.3757
 756 0.2938
 757 1.5028
 758 0.1857
 759 3.2006
 760 0.6952
 761 0.8057
 762 0.5398
 763 0.1776
 764 3.7412
 765 0.9378
 766 1.4136
 767 5.2939
 768 0.3123
 769 0.7913
 770 4.0543
 771 3.8192
 772 5.9866
 773 0.6982
 774 0.4868
 775 0.3530
 776 0.5619
 777 1.6038
 778 0.3118
 779 0.2071
 780 0.8628
 781 0.4047
 782 10.5121
 783 2.0006
 784 2.4773
 785 1.1719
 786 0.5674
 787 0.8228
 788 0.4605
 789 0.5742
 790 1.2164
 791 1.0792
 792 0.7725
 793 1.2282
 794 1.8230
 795 0.2407
 796 0.2607
 797 1.0961
 798 0.4580
 799 0.3421
 800 0.0911
 801 0.3587
 802 1.0381
 803 0.3776
 804 0.3259
 805 1.4059
 806 0.2897
 807 0.7482
 808 1.7215
 809 3.2391
 810 1.5922
 811 0.9203
 812 0.3973
 813 3.0771
 814 0.3145
 815 1.3455
 816 0.4449
 817 0.6024
 818 1.3044
 819 0.4254
 820 0.2261
 821 2.3009
 822 1.5777
 823 1.3541
 824 1.0792
 825 0.1537
 826 0.1667
 827 0.3781
 828 0.5252
 829 0.3048
 830 0.6839
 831 0.9125
 832 0.0975
 833 0.3241
 834 0.7493
 835 3.0161
 836 0.2868
 837 0.2186
 838 0.9864
 839 1.6586
 840 0.7931
 841 1.7027
 842 0.5749
 843 1.2583
 844 0.9054
 845 1.3506
 846 0.3258
 847 2.0085
 848 5.6205
 849 1.2142
 850 1.5607
 851 0.2694
 852 1.3537
 853 0.6367
 854 2.7547
 855 0.2198
 856 0.6104
 857 11.4640
 858 21.4464
 859 16.0863
 860 0.8829
 861 7.9894
 862 8.8311
 863 3.5346
 864 0.4612
 865 0.8501
 866 1.3734
 867 1.6077
 868 0.5238
 869 1.6829
 870 0.9692
 871 3.9058
 872 6.9350
 873 1.4605
 874 0.4084
 875 0.1416
 876 0.6854
 877 2.1649
 878 1.2386
 879 0.1962
 880 1.0439
 881 0.6228
 882 0.6666
 883 0.4865
 884 1.9008
 885 0.1234
 886 0.1616
 887 1.0317
 888 0.9019
 889 0.1001
 890 1.0132
 891 1.6353
 892 0.6852
 893 0.6761
 894 0.8512
 895 0.3436
 896 0.1917
 897 7.6569
 898 0.8922
 899 0.3046
 900 5.5394
 901 0.1136
 902 0.3065
 903 0.1487
 904 0.2338
 905 0.9681
 906 2.1818
 907 0.4196
 908 0.2831
 909 0.2578
 910 2.5321
 911 0.8041
 912 2.7485
 913 0.9506
 914 0.2493
 915 1.1419
 916 2.0835
 917 0.1142
 918 0.7613
 919 0.5784
 920 0.3112
 921 0.3586
 922 4.0088
 923 1.6672
 924 0.1876
 925 0.2286
 926 0.2344
 927 0.3580
 928 0.3629
 929 0.5512
 930 0.9770
 931 0.8921
 932 2.1572
 933 1.1523
 934 0.4429
 935 0.2319
 936 0.3400
 937 1.0996
 938 3.5424
 939 0.7234
 940 1.1575
 941 0.5448
 942 0.7894
 943 0.1737
 944 2.0520
 945 0.8052
 946 1.7756
 947 0.2052
 948 2.2872
 949 0.5725
 950 1.3320
 951 0.4666
 952 0.2783
 953 0.2470
 954 0.2524
 955 1.8259
 956 10.5319
 957 0.0878
 958 0.4335
 959 2.0113
 960 4.3047
 961 0.6553
 962 3.5192
 963 1.2424
 964 0.2832
 965 0.5444
 966 3.0139
 967 1.9483
 968 0.1886
 969 4.3345
 970 0.9163
 971 0.0911
 972 0.2528
 973 9.6938
 974 0.1908
 975 2.7344
 976 0.3755
 977 0.3591
 978 0.9726
 979 0.6333
 980 1.1569
 981 1.1614
 982 0.1612
 983 4.8512
 984 0.1577
 985 6.9500
 986 1.5143
 987 2.6961
 988 0.2115
 989 0.1864
 990 2.6657
 991 0.2903
 992 9.3634
 993 0.7608
 994 0.3340
 995 0.2935
 996 0.0993
 997 3.3969
 998 0.5683
 999 8.9186
1000 0.9188
1001 1.5710
1002 2.1802
1003 11.7569
1004 2.2203
1005 0.7592
1006 15.5009
1007 0.2633
1008 0.7158
1009 0.3843
1010 0.3021
1011 10.0141
1012 0.4654
1013 0.7271
1014 0.3599
1015 6.5434
1016 0.5341
1017 1.8040
1018 0.6634
1019 0.1887
1020 0.3264
1021 2.5017
1022 0.2556
1023 1.0518
1024 0.3642
1025 0.7654
1026 0.0628
1027 4.9779
1028 0.1510
1029 0.2752
1030 0.5567
1031 0.5960
1032 3.1822
1033 0.1929
1034 2.0550
1035 0.8346
1036 1.3268
1037 0.7043
1038 0.1925
1039 1.5650
1040 0.3859
1041 0.1673
1042 0.4082
1043 0.3778
1044 0.6680
1045 0.2625
1046 0.7807
1047 0.3379
1048 0.4435
1049 0.1759
1050 0.1712
1051 11.0887
1052 0.2769
1053 2.5116
1054 1.4565
1055 0.1829
1056 0.3341
1057 1.4070
1058 0.2075
1059 1.7476
1060 0.1985
1061 0.1326
1062 0.2797
1063 1.0900
1064 1.3710
1065 0.1709
1066 0.5206
1067 0.2756
1068 2.0474
1069 2.1926
1070 0.1681
1071 0.1896
1072 1.7381
1073 0.1956
1074 0.4609
1075 3.5982
1076 0.9118
1077 0.3977
1078 0.5422
1079 0.2698
1080 0.3233
1081 0.7295
1082 0.2730
1083 0.2718
1084 0.5791
1085 0.9947
1086 0.9043
1087 5.0053
1088 1.9441
1089 0.4553
1090 0.4417
1091 0.3394
1092 0.7978
1093 2.7429
1094 2.4511
1095 0.4253
1096 0.7052
1097 0.1233
1098 0.1770
1099 0.3977
1100 0.1972
1101 0.2831
1102 0.6970
1103 0.3327
1104 0.3503
1105 1.1232
1106 0.3233
1107 0.1204
1108 0.1818
1109 0.2547
1110 0.6830
1111 3.0855
1112 0.1672
1113 2.7678
1114 0.5882
1115 0.8292
1116 0.6879
1117 0.3856
1118 6.3244
1119 1.6422
1120 6.8231
1121 3.0772
1122 5.4926
1123 0.1188
1124 1.2993
1125 0.1696
1126 0.1862
1127 1.4488
1128 0.2259
1129 2.0531
1130 0.4402
1131 0.8487
1132 0.3640
1133 0.6799
1134 0.5840
1135 6.2281
1136 0.6169
1137 1.0907
1138 0.1349
1139 0.4476
1140 0.2340
1141 2.5565
1142 0.2149
1143 0.4903
1144 0.6111
1145 1.3123
1146 0.0987
1147 1.6796
1148 1.6822
1149 0.4302
1150 1.0293
1151 1.6631
1152 0.4323
1153 0.0925
1154 2.2279
1155 8.7497
1156 0.3066
1157 1.6974
1158 0.3693
1159 0.4895
1160 0.6631
1161 0.7156
1162 0.4691
1163 1.3222
1164 0.8568
1165 1.4241
1166 0.2352
1167 0.2508
1168 0.1736
1169 1.2209
1170 1.3441
1171 0.2181
1172 0.5844
1173 0.0934
1174 0.8311
1175 0.1579
1176 1.0606
1177 3.3697
1178 2.6645
1179 1.6687
1180 0.5835
1181 5.9283
1182 1.5805
1183 1.8354
1184 1.0198
1185 0.8283
1186 3.2407
1187 0.6086
1188 1.3997
1189 0.2583
1190 1.3687
1191 0.2304
1192 3.5920
1193 2.8068
1194 0.9315
1195 1.4437
1196 0.2481
1197 8.5905
1198 0.1824
1199 0.3738
1200 0.5712
1201 0.3574
1202 0.1534
1203 2.3349
1204 4.2689
1205 0.4866
1206 0.1049
1207 0.5539
1208 0.5582
1209 5.4617
1210 1.4444
1211 0.4208
1212 0.9922
1213 2.8331
1214 1.1241
1215 3.3235
1216 0.8789
1217 1.4549
1218 0.3013
1219 1.2472
1220 0.2711
1221 2.5753
1222 0.9801
1223 0.3345
1224 4.7642
1225 0.0910
1226 2.0557
1227 0.0783
1228 0.1712
1229 0.3624
1230 0.6272
1231 0.6479
1232 0.4446
1233 1.6343
1234 5.9867
1235 0.9182
1236 1.0392
1237 0.1470
1238 1.7816
1239 4.6532
1240 1.2371
1241 0.1747
1242 20.5230
1243 1.7982
1244 4.2658
1245 0.5154
1246 1.7787
1247 1.8854
1248 0.2022
1249 2.9601
1250 0.3477
1251 1.2657
1252 4.4961
1253 6.1957
1254 0.2307
1255 0.2801
1256 15.9714
1257 0.7050
1258 0.2847
1259 0.3227
1260 0.1097
1261 15.2721
1262 0.3631
1263 1.2145
1264 18.3736
1265 0.4167
1266 7.8488
1267 0.4153
1268 3.8997
1269 0.3638
1270 1.8590
1271 0.7450
1272 0.3731
1273 1.2145
1274 4.9431
1275 0.1572
1276 0.3796
1277 0.3178
1278 0.5665
1279 2.1317
1280 0.2666
1281 0.3672
1282 1.1668
1283 0.6033
1284 0.5730
1285 0.2850
1286 0.2291
1287 1.2070
1288 0.7005
1289 1.4151
1290 0.6217
1291 6.1174
1292 20.3297
1293 1.7178
1294 0.1379
1295 0.1658
1296 0.6820
1297 0.1351
1298 0.1872
1299 2.7964
1300 1.6025
1301 0.7376
1302 1.4121
1303 2.3942
1304 0.7773
1305 4.8185
1306 6.7368
1307 0.2564
1308 0.1654
1309 0.2901
1310 2.3218
1311 0.6004
1312 0.2415
1313 2.0017
1314 0.2571
1315 0.8639
1316 1.0467
1317 0.1873
1318 1.3930
1319 0.4714
1320 0.2526
1321 0.3143
1322 0.3922
1323 3.5376
1324 0.4094
1325 2.0877
1326 0.3469
1327 10.1547
1328 0.3896
1329 0.2278
1330 2.0064
1331 0.1685
1332 0.6113
1333 0.1147
1334 16.7887
1335 1.2848
1336 1.1950
1337 0.5693
1338 0.4400
1339 0.6540
1340 0.8315
1341 0.1582
1342 0.4240
1343 0.9860
1344 5.5772
1345 0.8541
1346 2.5926
1347 12.1599
1348 0.5190
1349 3.8945
1350 0.2114
1351 0.0863
1352 0.6741
1353 0.7027
1354 4.4217
1355 0.1499
1356 0.3986
1357 0.6146
1358 0.5567
1359 0.2266
1360 0.1220
1361 1.9598
1362 0.7796
1363 2.8100
1364 0.6918
1365 0.4080
1366 1.0763
1367 1.5046
1368 0.9991
1369 0.2521
1370 0.8895
1371 0.5090
1372 3.2476
1373 0.4010
1374 0.5590
1375 8.1595
1376 1.0206
1377 0.6136
1378 0.2174
1379 0.1848
1380 0.2928
1381 0.5215
1382 0.5372
1383 0.9571
1384 2.9492
1385 0.3971
1386 0.3965
1387 6.9193
1388 0.6593
1389 0.1079
1390 0.1305
1391 2.0009
1392 0.7616
1393 0.2921
1394 0.9176
1395 0.4047
1396 0.3887
1397 1.7101
1398 0.9558
1399 0.6434
1400 1.4764
1401 4.9117
1402 0.5860
1403 1.3658
1404 4.6886
1405 2.1718
1406 0.2115
1407 1.6369
1408 0.3713
1409 0.5133
1410 0.5699
1411 1.3781
1412 0.1091
1413 0.6115
1414 0.2824
1415 1.0713
1416 0.4732
1417 0.6414
1418 8.2324
1419 3.2740
1420 2.2288
1421 1.2327
1422 0.2240
1423 1.1197
1424 0.7596
1425 0.3726
1426 0.0945
1427 0.5145
1428 7.3469
1429 0.4257
1430 23.8172
1431 0.1998
1432 0.8992
1433 2.4579
1434 0.3365
1435 0.5964
1436 1.5980
1437 7.2333
1438 2.5521
1439 0.6515
1440 0.2988
1441 4.2892
1442 0.1046
1443 0.3079
1444 1.1457
1445 1.6315
1446 1.1349
1447 12.2223
1448 7.7059
1449 1.9912
1450 0.3663
1451 0.1883
1452 1.3274
1453 0.4184
1454 0.2864
1455 0.9024
1456 0.3711
1457 0.2463
1458 0.4079
1459 0.4448
1460 2.0402
1461 0.4287
1462 0.9735
1463 0.3869
1464 1.1043
1465 0.1002
1466 0.1022
1467 10.0922
1468 21.4269
1469 0.8794
1470 0.4416
1471 0.8488
1472 0.1897
1473 0.4979
1474 0.7379
1475 0.5474
1476 0.1934
1477 1.0233
1478 1.0901
1479 1.2635
1480 0.3166
1481 16.0455
1482 1.3412
1483 0.8419
1484 4.9691
1485 1.6502
1486 0.1103
1487 1.1902
1488 0.1356
1489 0.6108
1490 0.2451
1491 0.3884
1492 0.1103
1493 1.5504
1494 11.6107
1495 0.2836
1496 1.4710
1497 1.1911
1498 0.3562
1499 1.3402
1500 0.6727
1501 0.4896
1502 0.2866
1503 0.5859
1504 0.2000
1505 2.2420
1506 2.0593
1507 0.3775
1508 0.3395
1509 0.3799
1510 0.6372
1511 0.3365
1512 0.1856
1513 1.1080
1514 4.7698
1515 1.0234
1516 0.6216
1517 0.7913
1518 0.4774
1519 0.5166
1520 0.2305
1521 6.5340
1522 0.6513
1523 0.1138
1524 5.0486
1525 1.8717
1526 3.6507
1527 1.0375
1528 0.6810
1529 2.8600
1530 0.2173
1531 6.2517
1532 0.9209
1533 0.3282
1534 0.8318
1535 0.9320
1536 1.2744
1537 0.6659
1538 0.8517
1539 0.2525
1540 1.2007
1541 0.2234
1542 9.4811
1543 1.2809
1544 12.8707
1545 0.4991
1546 0.8180
1547 0.7862
1548 3.4276
1549 0.2048
1550 0.6294
1551 14.7780
1552 0.7319
1553 0.6921
1554 0.3993
1555 5.1406
1556 3.6325
1557 1.6116
1558 0.1750
1559 0.4320
1560 1.2029
1561 0.8420
1562 0.5374
1563 0.7608
1564 0.7895
1565 0.3771
1566 0.4443
1567 2.8169
1568 1.6360
1569 0.1534
1570 0.7384
1571 0.3514
1572 1.4617
1573 0.4114
1574 0.9551
1575 0.4495
1576 0.6822
1577 1.5990
1578 0.7348
1579 0.3790
1580 0.3096
1581 1.0050
1582 0.9230
1583 0.4015
1584 0.1572
1585 0.7773
1586 1.3251
1587 1.0668
1588 7.1462
1589 1.0394
1590 0.5392
1591 0.8166
1592 0.8306
1593 0.1051
1594 0.2454
1595 2.3214
1596 0.8794
1597 5.1636
1598 0.3072
1599 1.0393
1600 0.0969
1601 0.8842
1602 4.6330
1603 0.4934
1604 2.4610
1605 0.2702
1606 2.6013
1607 0.5056
1608 0.2581
1609 0.7032
1610 2.2068
1611 0.6755
1612 1.1782
1613 0.2003
1614 0.9223
1615 0.6301
1616 1.5786
1617 3.5619
1618 1.5392
1619 0.6349
1620 10.3829
1621 1.1046
1622 2.3220
1623 0.5344
1624 14.7077
1625 0.2465
1626 0.1568
1627 0.6796
1628 0.3007
1629 0.3413
1630 0.7749
1631 0.9031
1632 0.1653
1633 2.0261
1634 1.0236
1635 0.5290
1636 0.0855
1637 2.3013
1638 0.7909
1639 0.4861
1640 10.9966
1641 0.2067
1642 6.8981
1643 5.3493
1644 0.2069
1645 0.5547
1646 0.9367
1647 0.9691
1648 0.2203
1649 1.2896
1650 0.4981
1651 0.2518
1652 0.2408
1653 1.2066
1654 1.5376
1655 7.6124
1656 0.7691
1657 0.4827
1658 0.7552
1659 1.1159
1660 0.4127
1661 0.5263
1662 0.3199
1663 7.1667
1664 0.7667
1665 1.9537
1666 1.5231
1667 1.3311
1668 0.6495
1669 1.5709
1670 0.3358
1671 0.5203
1672 5.4873
1673 0.0912
1674 0.1414
1675 0.5661
1676 2.0824
1677 1.5213
1678 0.3595
1679 0.2296
1680 0.7998
1681 3.4670
1682 1.1521
1683 1.0179
1684 0.7879
1685 2.2459
1686 0.4995
1687 0.4071
1688 1.4464
1689 0.5252
1690 0.3945
1691 0.3093
1692 2.3183
1693 5.3972
1694 0.2206
1695 1.5683
1696 0.3270
1697 2.4459
1698 3.7179
1699 2.5933
1700 1.2695
1701 1.7666
1702 6.2215
1703 0.3441
1704 0.4707
1705 0.6913
1706 0.6395
1707 0.3386
1708 0.9941
1709 0.2107
1710 2.2065
1711 0.3258
1712 3.6184
1713 0.6299
1714 0.2640
1715 2.7848
1716 0.9432
1717 0.3491
1718 0.2500
1719 0.1847
1720 0.3298
1721 0.1426
1722 1.5196
1723 2.9808
1724 1.2698
1725 0.6936
1726 0.1104
1727 2.1569
1728 1.2904
1729 0.1993
1730 2.5283
1731 0.5742
1732 0.1609
1733 0.4185
1734 0.1988
1735 0.5075
1736 1.3251
1737 1.9105
1738 0.7257
1739 0.1227
1740 0.3782
1741 4.7026
1742 0.9465
1743 1.0040
1744 0.3115
1745 8.1674
1746 31.6859
1747 0.3169
1748 14.7986
1749 1.4316
1750 1.0858
1751 1.1679
1752 1.8921
1753 0.3413
1754 4.7334
1755 0.4563
1756 0.9364
1757 1.3678
1758 0.2980
1759 0.2279
1760 1.3908
1761 0.6072
1762 0.3303
1763 1.0146
1764 0.1453
1765 0.2251
1766 1.3772
1767 0.8227
1768 0.8435
1769 0.6378
1770 0.4810
1771 0.2680
1772 1.1236
1773 1.4401
1774 0.3443
1775 0.2660
1776 1.3473
1777 1.5732
1778 0.8078
1779 1.0451
1780 0.1418
1781 1.5250
1782 3.9608
1783 1.0203
1784 0.9699
1785 1.5980
1786 0.3323
1787 1.7979
1788 0.1004
1789 1.2106
1790 8.1955
1791 2.2306
1792 0.6625
1793 0.9397
1794 0.8881
1795 1.1196
1796 0.3283
1797 0.4137
1798 0.4043
1799 0.3542
1800 0.1713
1801 0.1192
1802 8.5115
1803 4.1154
1804 1.0767
1805 0.6183
1806 0.2135
1807 4.3175
1808 0.1901
1809 0.2620
1810 0.5309
1811 0.3128
1812 0.2551
1813 0.1709
1814 7.9066
1815 0.0728
1816 1.3878
1817 0.5569
1818 3.9520
1819 3.8178
1820 2.2460
1821 2.1726
1822 0.1049
1823 1.3567
1824 5.2857
1825 0.3709
1826 0.3972
1827 1.4505
1828 3.2740
1829 9.2899
1830 0.2878
1831 0.2469
1832 0.3348
1833 0.3690
1834 1.2486
1835 0.9135
1836 0.7161
1837 0.4167
1838 4.2804
1839 0.1345
1840 0.9411
1841 0.3621
1842 0.3914
1843 0.5028
1844 2.1787
1845 0.9683
1846 0.3503
1847 0.8520
1848 1.1470
1849 0.3114
1850 2.1192
1851 2.9206
1852 2.0764
1853 0.7845
1854 1.7174
1855 2.0351
1856 0.4416
1857 0.7858
1858 0.9086
1859 0.5954
1860 0.1455
1861 1.4847
1862 0.5268
1863 7.4180
1864 2.6394
1865 0.8626
1866 0.0753
1867 0.3430
1868 0.2635
1869 0.2518
1870 0.6232
1871 6.5293
1872 0.1492
1873 28.3490
1874 0.5862
1875 1.6478
1876 0.6451
1877 0.8680
1878 0.7510
1879 3.5800
1880 2.4842
1881 0.3151
1882 0.2507
1883 0.3113
1884 0.0705
1885 0.0862
1886 3.0972
1887 2.0531
1888 2.6337
1889 3.9709
1890 1.5904
1891 1.9590
1892 1.1764
1893 3.5207
1894 0.7842
1895 0.3502
1896 2.2913
1897 0.4859
1898 3.2000
1899 2.9314
1900 3.3934
1901 0.6890
1902 0.0923
1903 0.6439
1904 0.1156
1905 1.4005
1906 0.8969
1907 1.3200
1908 0.7504
1909 0.3067
1910 0.1899
1911 0.1247
1912 0.1262
1913 0.5049
1914 20.3556
1915 5.0658
1916 0.1295
1917 0.9239
1918 0.8406
1919 16.0680
1920 1.8673
1921 0.5687
1922 3.3042
1923 0.5388
1924 1.7725
1925 0.9919
1926 2.8212
1927 0.1125
1928 0.5383
1929 0.1673
1930 0.1987
1931 0.2904
1932 0.1756
1933 1.3808
1934 0.1484
1935 1.3880
1936 0.3189
1937 0.8919
1938 0.7488
1939 3.8597
1940 14.2908
1941 0.8108
1942 0.4987
1943 0.7409
1944 0.9069
1945 6.0083
1946 1.8153
1947 0.0829
1948 1.3229
1949 0.5640
1950 0.4041
1951 0.4601
1952 2.0004
1953 0.4840
1954 0.1726
1955 0.2950
1956 0.5576
1957 1.0118
1958 0.3449
1959 0.2021
1960 4.7805
1961 0.4765
1962 0.2653
1963 6.8976
1964 0.1752
1965 1.3479
1966 1.3973
1967 0.9495
1968 0.5175
1969 0.1288
1970 0.2333
1971 1.9715
1972 25.1387
1973 0.6922
1974 0.1849
1975 1.0722
1976 0.0840
1977 0.4200
1978 0.3047
1979 0.1955
1980 2.1640
1981 0.2907
1982 1.4311
1983 0.4497
1984 3.9029
1985 0.1771
1986 0.1382
1987 4.6103
1988 13.4306
1989 0.1490
1990 0.4069
1991 1.1180
1992 7.7627
1993 0.1644
1994 0.6124
1995 0.1382
1996 0.5089
1997 0.2270
1998 0.2943
1999 1.4203
2000 4.9261
2001 1.5803
2002 0.8077
2003 0.7813
2004 1.0534
2005 0.3923
2006 12.6927
2007 4.0125
2008 1.2646
2009 1.1642
2010 0.3619
2011 6.7137
2012 0.0876
2013 0.3015
2014 0.1657
2015 0.5753
2016 0.7917
2017 11.7698
2018 4.0919
2019 0.3798
2020 0.9993
2021 0.2352
2022 1.0750
2023 5.6868
2024 0.8010
2025 0.2251
2026 0.2867
2027 1.4232
2028 0.4446
2029 0.4419
2030 0.3850
2031 0.3080
2032 0.7589
2033 0.3243
2034 0.4346
2035 0.8279
2036 0.8117
2037 0.8630
2038 0.1279
2039 0.3584
2040 0.3591
2041 0.8781
2042 1.0057
2043 1.4433
2044 0.4140
2045 0.3445
2046 2.3452
2047 0.2014
2048 1.0097
2049 5.9407
2050 2.6507
2051 0.1562
2052 0.8404
2053 0.5211
2054 0.8723
2055 0.1689
2056 1.7067
2057 1.9405
2058 0.3556
2059 0.6535
2060 0.9299
2061 0.5268
2062 4.4341
2063 0.2893
2064 0.1590
2065 16.6386
2066 0.5476
2067 0.3576
2068 0.5905
2069 1.4013
2070 0.3927
2071 0.1178
2072 0.6265
2073 0.8240
2074 1.2380
2075 0.1783
2076 0.2984
2077 0.5131
2078 0.7187
2079 0.2383
2080 1.2523
2081 0.3346
2082 7.8269
2083 0.3922
2084 0.1664
2085 6.1871
2086 0.9134
2087 0.2957
2088 4.2207
2089 0.8144
2090 0.3137
2091 0.5104
2092 1.3536
2093 0.1256
2094 0.6610
2095 2.3278
2096 0.4690
2097 1.5373
2098 5.0121
2099 1.1096
2100 5.3522
2101 0.2886
2102 0.4022
2103 0.3345
2104 5.5688
2105 0.8454
2106 20.1738
2107 0.5620
2108 0.8294
2109 4.9049
2110 25.3387
2111 0.4672
2112 0.0717
2113 0.8881
2114 0.3227
2115 9.0740
2116 1.6780
2117 1.6388
2118 0.3171
2119 0.2376
2120 1.7749
2121 1.1421
2122 2.6035
2123 0.9699
2124 0.7803
2125 2.9890
2126 4.8831
2127 0.2513
2128 0.8869
2129 0.4230
2130 4.2037
2131 1.0237
2132 0.5442
2133 0.5158
2134 0.1091
2135 0.1847
2136 5.3149
2137 0.5857
2138 0.1402
2139 1.4383
2140 1.2164
2141 0.3871
2142 1.7689
2143 0.6092
2144 1.6586
2145 0.0952
2146 1.1135
2147 15.1237
2148 0.2404
2149 0.7805
2150 1.8773
2151 0.3600
2152 5.7684
2153 0.1598
2154 0.5881
2155 1.0306
2156 0.6170
2157 0.2163
2158 0.4615
2159 0.2191
2160 0.4241
2161 0.1774
2162 0.4880
2163 0.9256
2164 3.5022
2165 0.6934
2166 0.2661
2167 3.3103
2168 0.2261
2169 2.6758
2170 0.7183
2171 1.0448
2172 0.4747
2173 0.5365
2174 1.3882
2175 0.7737
2176 0.8301
2177 0.4543
2178 1.3118
2179 1.9630
2180 0.4415
2181 0.9935
2182 0.3436
2183 13.1975
2184 0.0986
2185 0.9693
2186 0.1537
2187 0.5547
2188 0.4999
2189 2.9669
2190 1.3563
2191 1.2989
2192 2.9704
2193 0.0971
2194 17.1158
2195 6.8070
2196 0.3947
2197 1.0194
2198 3.6752
2199 0.1555
2200 2.1226
2201 0.8369
2202 1.9971
2203 0.3541
2204 0.4007
2205 0.7045
2206 0.2486
2207 0.3354
2208 0.5606
2209 1.0933
2210 0.2646
2211 1.2074
2212 0.5902
2213 0.9816
2214 0.9922
2215 0.3208
2216 1.8109
2217 0.2387
2218 0.4446
2219 1.0074
2220 0.3633
2221 0.1961
2222 5.0468
2223 1.9271
2224 2.1413
2225 2.5032
2226 0.3974
2227 1.4622
2228 0.9265
2229 1.9723
2230 2.1942
2231 1.5089
2232 10.1298
2233 0.2038
2234 0.9238
2235 5.2568
2236 0.8267
2237 1.2376
2238 3.4592
2239 0.4980
2240 1.8894
2241 0.1957
2242 2.8716
2243 0.7247
2244 1.0478
2245 4.2924
2246 1.3815
2247 19.7313
2248 1.5789
2249 8.6685
2250 1.4968
2251 1.6915
2252 0.1069
2253 2.1624
2254 0.7309
2255 1.0632
2256 0.5071
2257 0.5092
2258 0.5692
2259 0.5063
2260 1.7796
2261 0.5793
2262 0.9274
2263 0.5912
2264 1.7644
2265 0.2903
2266 0.1581
2267 1.4026
2268 0.4466
2269 2.5538
2270 1.0797
2271 0.4377
2272 0.3334
2273 1.8450
2274 0.5210
2275 2.0791
2276 0.1361
2277 0.1807
2278 1.8052
2279 0.8190
2280 0.7455
2281 1.1011
2282 1.4338
2283 3.4974
2284 0.8577
2285 0.6938
2286 0.3911
2287 1.5732
2288 2.8032
2289 0.9672
2290 1.6118
2291 1.5164
2292 0.1523
2293 0.1619
2294 0.4079
2295 0.2485
2296 0.1012
2297 0.4623
2298 0.4418
2299 15.1959
2300 0.3032
2301 0.2483
2302 0.1345
2303 3.0980
2304 2.6123
2305 0.2053
2306 2.1520
2307 6.3467
2308 15.0079
2309 0.3673
2310 6.7473
2311 0.1319
2312 0.8859
2313 5.0927
2314 6.9708
2315 1.6779
2316 0.6309
2317 0.3271
2318 1.0847
2319 1.9561
2320 0.8616
2321 0.8168
2322 2.1602
2323 0.5081
2324 0.5542
2325 0.0951
2326 1.1584
2327 1.8947
2328 0.3509
2329 0.7429
2330 6.1321
2331 0.1455
2332 1.5054
2333 0.5471
2334 0.3490
2335 0.4242
2336 0.0912
2337 0.9108
2338 0.4270
2339 1.2267
2340 1.6282
2341 0.4522
2342 1.2422
2343 1.1460
2344 0.3785
2345 2.1034
2346 20.9156
2347 4.4970
2348 0.2727
2349 12.6861
2350 1.7761
2351 0.0730
2352 2.7578
2353 0.3115
2354 8.2311
2355 1.1846
2356 0.7239
2357 4.2402
2358 0.4352
2359 1.9755
2360 0.2677
2361 0.4706
2362 0.5031
2363 0.4013
2364 2.6475
2365 0.5090
2366 0.7566
2367 0.4158
2368 0.5000
2369 0.4036
2370 0.1404
2371 0.3593
2372 0.9917
2373 6.8766
2374 0.2333
2375 1.2020
2376 0.9043
2377 0.2281
2378 0.1553
2379 0.2808
2380 0.8684
2381 0.0681
2382 7.6312
2383 0.3336
2384 0.1404
2385 0.5755
2386 0.3193
2387 1.2914
2388 0.5588
2389 1.6241
2390 1.0310
2391 0.1639
2392 0.5252
2393 2.0046
2394 0.1691
2395 1.0633
2396 0.9890
2397 2.5818
2398 1.4350
2399 0.2761
2400 0.1719
2401 1.0919
2402 0.3525
2403 2.8790
2404 0.3921
2405 1.6337
2406 0.4576
2407 0.2300
2408 0.2528
2409 3.0317
2410 0.6424
2411 1.4348
2412 0.9371
2413 9.2018
2414 1.6002
2415 10.5345
2416 0.2851
2417 1.6157
2418 0.6508
2419 0.6291
2420 0.8811
2421 0.2485
2422 0.1000
2423 0.4695
2424 0.0950
2425 0.2376
2426 0.3866
2427 0.5697
2428 0.3827
2429 0.1309
2430 0.1708
2431 0.8740
2432 2.9203
2433 1.6286
2434 3.3073
2435 0.3971
2436 0.3069
2437 0.8608
2438 0.4001
2439 0.6411
2440 3.0412
2441 0.1163
2442 5.8248
2443 0.8906
2444 0.3499
2445 0.1266
2446 0.2484
2447 0.4599
2448 0.1854
2449 1.3331
2450 0.1926
2451 3.2317
2452 1.0932
2453 1.6353
2454 0.5541
2455 2.3132
2456 19.0537
2457 0.2657
2458 7.5354
2459 0.6532
2460 4.0963
2461 1.4476
2462 2.8762
2463 0.5145
2464 0.2235
2465 0.1368
2466 0.4872
2467 9.7093
2468 2.8185
2469 0.9348
2470 0.6580
2471 0.4181
2472 1.5006
2473 2.1797
2474 0.4321
2475 0.0980
2476 0.8249
2477 0.3303
2478 0.6236
2479 0.2942
2480 0.4764
2481 0.7708
2482 1.4109
2483 0.5365
2484 0.5142
2485 16.7649
2486 0.3970
2487 1.4197
2488 0.1962
2489 9.2227
2490 0.3211
2491 1.9729
2492 0.0770
2493 0.8692
2494 0.3555
2495 0.3254
2496 0.1363
2497 3.2307
2498 0.4018
2499 0.3150
2500 0.7235
2501 0.4450
2502 0.8823
2503 0.8695
2504 0.2519
2505 17.8820
2506 0.4833
2507 0.9332
2508 0.7669
2509 0.5705
2510 0.2805
2511 1.4390
2512 0.5475
2513 1.6144
2514 0.2549
2515 0.5876
2516 0.3833
2517 0.1436
2518 0.8166
2519 0.4808
2520 0.4521
2521 12.3218
2522 2.4985
2523 1.7344
2524 0.5616
2525 0.2705
2526 0.7686
2527 3.3072
2528 0.7911
2529 31.9398
2530 0.2063
2531 6.2669
2532 0.4422
2533 0.8370
2534 0.4554
2535 32.2626
2536 0.6317
2537 2.2994
2538 0.6969
2539 0.3280
2540 0.3830
2541 2.6787
2542 2.1146
2543 0.2909
2544 0.4627
2545 0.9852
2546 0.9449
2547 0.5437
2548 0.7433
2549 9.8530
2550 8.3661
2551 0.1505
2552 0.3732
2553 0.1086
2554 1.9402
2555 0.3063
2556 1.1387
2557 0.8496
2558 0.5623
2559 1.0187
2560 1.5094
2561 0.3318
2562 0.3050
2563 9.9033
2564 0.1167
2565 1.7038
2566 1.1423
2567 1.4298
2568 0.9384
2569 0.1713
2570 6.9573
2571 3.9970
2572 0.3371
2573 0.6727
2574 1.4169
2575 5.3094
2576 0.3485
2577 1.3418
2578 1.5878
2579 0.8197
2580 0.4264
2581 19.4160
2582 0.2910
2583 1.1891
2584 0.3886
2585 0.4682
2586 0.8693
2587 0.1663
2588 0.4374
2589 8.0257
2590 0.1764
2591 0.9430
2592 2.8875
2593 0.3415
2594 5.5204
2595 0.5726
2596 0.2936
2597 2.7509
2598 1.2076
2599 0.3278
2600 0.4882
2601 4.5920
2602 0.3181
2603 0.1655
2604 0.3209
2605 1.0436
2606 0.2378
2607 3.9344
2608 1.0730
2609 3.1936
2610 24.0784
2611 0.2488
2612 0.5389
2613 0.1917
2614 4.1706
2615 0.4801
2616 10.2537
2617 0.8649
2618 0.1335
2619 1.2653
2620 5.9605
2621 0.5867
2622 0.9251
2623 3.6555
2624 1.6360
2625 0.2810
2626 0.3559
2627 1.9136
2628 0.3567
2629 6.3662
2630 2.9254
2631 0.1687
2632 6.7373
2633 2.0515
2634 3.1717
2635 0.1396
2636 0.9451
2637 0.3564
2638 0.1089
2639 0.2723
2640 0.2190
2641 0.1050
2642 0.1519
2643 8.4782
2644 1.7641
2645 0.0766
2646 0.3465
2647 0.2872
2648 0.0849
2649 0.4321
2650 9.6519
2651 1.0269
2652 2.8167
2653 1.1417
2654 0.2194
2655 0.1826
2656 0.3736
2657 1.6787
2658 0.3471
2659 1.4652
2660 0.3523
2661 0.1352
2662 0.8185
2663 1.4882
2664 0.2808
2665 1.4142
2666 1.1312
2667 0.5132
2668 9.8330
2669 0.4212
2670 6.5325
2671 21.6114
2672 1.1079
2673 0.8616
2674 0.7920
2675 0.7898
2676 4.6461
2677 9.0331
2678 0.9822
2679 2.5152
2680 1.6812
2681 0.1814
2682 0.9867
2683 0.7249
2684 1.0892
2685 0.8687
2686 0.7267
2687 0.3860
2688 0.7200
2689 0.1240
2690 2.7750
2691 0.3181
2692 0.3856
2693 8.5423
2694 8.2244
2695 0.0897
2696 0.2480
2697 0.5820
2698 1.2609
2699 2.2872
2700 0.3259
2701 0.8082
2702 0.3884
2703 2.7748
2704 0.4694
2705 2.3439
2706 0.2387
2707 0.1126
2708 2.7040
2709 1.9841
2710 10.9700
2711 0.4256
2712 0.5638
2713 3.1349
2714 0.9649
2715 0.9446
2716 0.3371
2717 5.2232
2718 0.6308
2719 0.2638
2720 6.5511
2721 0.0865
2722 1.0478
2723 0.7391
2724 1.1249
2725 0.5135
2726 0.2301
2727 2.4580
2728 1.3527
2729 0.2348
2730 4.1076
2731 0.1956
2732 0.9290
2733 0.7903
2734 3.7654
2735 2.8901
2736 0.3105
2737 4.0927
2738 0.3579
2739 1.9125
2740 0.4895
2741 0.4453
2742 5.5373
2743 0.1910
2744 0.6939
2745 0.0693
2746 3.0361
2747 1.1410
2748 1.3095
2749 2.2771
2750 2.1943
2751 0.4241
2752 1.0077
2753 0.8705
2754 3.1557
2755 1.1741
2756 0.3214
2757 1.5261
2758 6.7278
2759 0.9950
2760 1.4446
2761 0.7958
2762 0.3122
2763 1.7424
2764 0.3299
2765 1.4070
2766 1.1108
2767 0.2090
2768 1.9897
2769 0.3922
2770 0.8828
2771 1.1872
2772 11.2456
2773 5.4019
2774 5.9107
2775 0.4696
2776 1.2661
2777 0.2757
2778 0.2510
2779 0.3090
2780 1.1168
2781 2.4783
2782 0.8002
2783 13.3675
2784 5.4493
2785 1.3614
2786 1.4309
2787 0.3201
2788 1.5713
2789 0.3552
2790 0.4978
2791 1.7545
2792 5.1021
2793 4.5243
2794 0.9710
2795 0.2919
2796 2.8247
2797 4.7641
2798 1.4415
2799 1.6515
2800 0.4542
2801 2.0197
2802 1.6001
2803 3.0168
2804 0.4505
2805 1.0826
2806 0.0998
2807 1.2008
2808 3.0150
2809 0.8609
2810 0.4069
2811 0.3182
2812 2.5941
2813 0.5609
2814 5.0030
2815 1.0132
2816 0.8932
2817 0.5526
2818 1.9062
2819 0.1637
2820 2.5013
2821 0.1266
2822 0.1042
2823 1.0280
2824 0.1279
2825 0.5272
2826 0.1795
2827 0.1402
2828 0.4781
2829 0.2449
2830 0.6998
2831 17.6196
2832 1.6677
2833 0.1931
2834 5.8329
2835 1.0891
2836 11.8642
2837 0.6144
2838 0.2215
2839 1.9860
2840 0.1068
2841 0.3716
2842 1.1564
2843 0.9062
2844 0.7822
2845 0.7587
2846 0.2278
2847 1.2263
2848 0.7409
2849 1.4268
2850 0.7070
2851 3.6593
2852 2.5509
2853 0.2906
2854 0.1142
2855 0.3840
2856 9.4788
2857 0.3086
2858 0.4051
2859 1.0295
2860 1.1126
2861 0.3838
2862 0.3966
2863 1.8817
2864 15.6957
2865 0.5369
2866 0.3755
2867 1.3245
2868 1.7950
2869 1.6962
2870 1.0199
2871 0.4195
2872 0.1122
2873 1.4915
2874 14.1314
2875 0.6064
2876 8.4075
2877 0.3562
2878 0.1717
2879 1.2199
2880 0.1795
2881 0.1556
2882 0.0777
2883 1.5835
2884 2.7789
2885 19.6677
2886 0.8747
2887 0.2353
2888 3.5505
2889 2.9444
2890 0.6500
2891 0.3680
2892 5.6980
2893 2.6251
2894 2.8379
2895 0.2506
2896 3.7224
2897 0.9151
2898 0.2788
2899 0.5536
2900 2.5358
2901 0.3059
2902 1.1841
2903 29.8762
2904 36.1789
2905 0.3364
2906 1.3209
2907 0.2421
2908 1.6477
2909 3.2380
2910 0.9774
2911 3.4036
2912 1.3767
2913 1.3940
2914 0.1670
2915 3.9449
2916 2.8011
2917 0.7423
2918 0.5426
2919 0.4304
2920 0.5161
2921 0.3692
2922 4.6983
2923 21.6852
2924 1.9931
2925 0.2538
2926 14.6019
2927 0.5760
2928 1.2257
2929 0.5371
2930 0.9248
2931 0.3851
2932 0.2781
2933 1.7329
2934 33.5007
2935 0.2125
2936 0.3328
2937 1.8421
2938 3.8598
2939 2.0758
2940 0.6187
2941 1.8941
2942 3.5323
2943 0.4217
2944 0.2095
2945 0.1484
2946 0.2091
2947 6.1284
2948 0.7176
2949 2.2889
2950 6.1378
2951 1.4678
2952 4.5302
2953 0.1766
2954 1.2994
2955 0.1868
2956 1.5993
2957 1.5586
2958 1.0300
2959 0.3153
2960 0.2806
2961 2.0664
2962 0.8282
2963 0.2862
2964 0.2746
2965 7.4180
2966 0.4081
2967 0.3332
2968 0.2244
2969 0.3566
2970 4.9522
2971 0.2974
2972 24.5408
2973 1.8153
2974 0.6132
2975 1.9130
2976 1.2076
2977 3.1999
2978 9.4964
2979 0.8868
2980 0.2121
2981 5.3348
2982 0.2756
2983 0.7423
2984 6.7585
2985 0.4424
2986 0.3169
2987 1.8122
2988 16.4474
2989 0.5238
2990 0.9606
2991 1.2033
2992 0.2577
2993 1.1947
2994 0.2981
2995 1.0429
2996 1.2526
2997 0.1057
2998 0.2967
2999 0.7146
3000 0.1429
3001 1.7336
3002 0.2280
3003 0.1562
3004 1.7953
3005 0.6951
3006 0.9134
3007 0.0730
3008 0.7593
3009 0.6845
3010 0.2576
3011 0.0919
3012 1.5173
3013 18.3005
3014 0.3852
3015 0.4277
3016 1.0101
3017 0.7825
3018 4.8858
3019 0.3320
3020 0.6798
3021 2.5926
3022 0.1375
3023 0.6658
3024 0.4958
3025 2.1419
3026 0.4130
3027 0.2891
3028 0.3668
3029 6.1544
3030 0.3421
3031 0.2344
3032 4.0053
3033 0.2753
3034 0.3824
3035 0.7546
3036 3.6545
3037 0.6913
3038 0.3349
3039 0.5319
3040 0.8027
3041 0.3235
3042 0.3914
3043 0.6091
3044 3.1306
3045 1.1041
3046 20.6235
3047 1.0537
3048 0.8951
3049 0.8329
3050 0.8111
3051 0.3415
3052 0.3375
3053 0.3103
3054 0.3549
3055 9.6367
3056 0.5625
3057 0.4957
3058 3.1117
3059 0.6058
3060 0.2523
3061 0.3628
3062 3.9495
3063 1.1323
3064 6.6341
3065 0.3457
3066 0.4202
3067 14.0227
3068 0.8959
3069 1.7318
3070 3.8113
3071 2.3841
3072 0.4131
3073 1.9009
3074 1.4655
3075 0.5835
3076 2.2247
3077 3.4861
3078 0.1765
3079 1.6644
3080 4.2925
3081 4.1051
3082 0.4518
3083 1.5038
3084 0.2042
3085 1.4554
3086 2.2904
3087 0.8040
3088 0.2096
3089 0.4755
3090 4.4901
3091 0.7357
3092 0.9592
3093 0.5639
3094 0.4650
3095 0.0674
3096 2.3534
3097 0.1742
3098 0.8056
3099 0.8328
3100 6.4960
3101 0.7341
3102 0.7843
3103 0.5640
3104 0.2693
3105 0.6458
3106 0.3513
3107 0.6143
3108 2.5044
3109 1.8290
3110 1.5918
3111 0.8748
3112 1.1029
3113 0.5424
3114 1.6756
3115 0.5141
3116 0.2911
3117 0.0782
3118 0.7551
3119 0.5818
3120 1.9887
3121 0.2797
3122 0.2023
3123 0.4948
3124 0.1763
3125 6.4638
3126 0.9823
3127 0.4233
3128 0.4712
3129 1.1224
3130 0.5136
3131 0.5759
3132 1.5486
3133 1.5951
3134 1.6432
3135 0.9132
3136 0.1609
3137 1.6719
3138 0.5955
3139 0.1000
3140 0.2797
3141 0.0837
3142 0.5341
3143 0.8034
3144 0.9011
3145 0.4444
3146 2.6469
3147 4.4056
3148 2.9587
3149 0.7044
3150 0.7836
3151 1.1463
3152 0.5816
3153 0.9854
3154 0.1127
3155 0.2678
3156 1.2323
3157 2.4026
3158 0.4769
3159 0.5554
3160 0.1588
3161 18.5067
3162 0.6143
3163 0.1262
3164 0.6238
3165 0.7529
3166 0.3336
3167 1.0335
3168 5.0649
3169 2.1282
3170 0.3146
3171 0.8190
3172 8.8513
3173 0.7262
3174 0.5423
3175 0.4493
3176 0.7918
3177 0.1706
3178 0.8104
3179 2.4063
3180 0.5944
3181 0.1433
3182 0.2721
3183 2.7180
3184 0.4914
3185 1.6112
3186 1.7667
3187 1.6852
3188 2.3943
3189 0.1892
3190 1.0558
3191 0.7461
3192 0.3874
3193 0.5088
3194 0.2903
3195 1.3818
3196 0.5792
3197 3.8141
3198 3.8116
3199 0.1925
3200 0.0775
3201 0.8297
3202 1.0659
3203 0.6174
3204 0.6631
3205 3.7030
3206 0.6679
3207 1.5228
3208 0.3290
3209 3.8100
3210 6.7430
3211 0.3708
3212 0.6847
3213 0.1686
3214 0.0890
3215 1.9974
3216 1.0591
3217 0.8552
3218 2.2110
3219 0.1920
3220 0.7808
3221 0.9782
3222 0.2662
3223 0.5261
3224 0.5120
3225 0.3859
3226 0.2073
3227 12.7292
3228 3.7864
3229 0.2541
3230 0.2341
3231 1.1905
3232 0.4127
3233 0.0819
3234 0.2486
3235 0.3305
3236 2.0694
3237 2.7422
3238 6.0299
3239 0.0949
3240 0.9826
3241 0.1176
3242 0.6792
3243 0.2868
3244 9.9374
3245 0.4738
3246 0.5242
3247 3.1519
3248 0.1166
3249 0.6412
3250 0.2153
3251 0.1680
3252 0.1013
3253 0.2794
3254 1.8498
3255 3.0146
3256 0.2270
3257 3.1446
3258 0.2514
3259 0.3315
3260 0.2783
3261 3.7786
3262 0.8489
3263 1.3249
3264 0.2258
3265 3.2360
3266 12.6858
3267 0.7425
3268 0.0903
3269 0.2492
3270 0.1052
3271 4.2439
3272 0.8248
3273 4.6083
3274 1.0828
3275 2.6770
3276 0.1829
3277 0.3017
3278 0.2687
3279 1.6369
3280 0.2300
3281 0.4281
3282 3.7596
3283 4.8654
3284 0.0900
3285 0.9104
3286 4.2589
3287 0.6641
3288 0.3695
3289 1.3579
3290 1.0259
3291 0.3984
3292 0.3262
3293 0.7333
3294 0.1000
3295 6.8163
3296 0.1549
3297 0.6264
3298 0.8071
3299 2.6076
3300 0.2311
3301 1.7296
3302 0.7471
3303 1.2237
3304 0.8059
3305 0.2255
3306 5.7679
3307 5.2099
3308 0.6564
3309 0.5821
3310 0.3254
3311 2.7178
3312 0.7104
3313 19.1417
3314 2.8497
3315 1.3035
3316 0.2773
3317 10.4887
3318 0.2020
3319 16.9044
3320 0.2386
3321 0.8028
3322 7.1013
3323 4.2544
3324 0.3293
3325 1.0833
3326 1.4043
3327 3.0486
3328 0.6003
3329 0.3345
3330 15.5921
3331 0.1583
3332 2.2533
3333 0.8761
3334 0.1810
3335 0.0952
3336 0.2544
3337 1.0039
3338 0.1959
3339 0.7037
3340 5.8584
3341 11.9021
3342 1.5649
3343 4.5102
3344 0.8621
3345 0.2485
3346 0.8962
3347 0.2550
3348 1.6455
3349 3.8665
3350 2.0740
3351 0.8121
3352 0.3598
3353 0.5540
3354 2.8354
3355 0.7591
3356 3.7833
3357 0.4563
3358 1.0327
3359 1.2505
3360 2.8208
3361 0.3627
3362 0.4136
3363 0.2980
3364 2.2161
3365 4.3356
3366 1.5006
3367 0.3733
3368 0.7457
3369 4.0521
3370 3.3029
3371 2.1325
3372 3.8589
3373 0.3626
3374 0.5637
3375 0.8340
3376 16.6687
3377 3.0286
3378 3.4547
3379 1.0172
3380 3.4798
3381 7.7760
3382 0.4079
3383 0.0916
3384 0.8715
3385 0.3087
3386 1.6702
3387 0.5419
3388 6.5425
3389 0.0954
3390 0.7187
3391 0.7313
3392 1.6061
3393 0.3984
3394 1.4742
3395 0.4868
3396 0.8166
3397 13.3904
3398 1.2361
3399 1.2883
3400 1.2816
3401 1.2843
3402 0.2755
3403 2.9238
3404 17.0891
3405 0.2477
3406 0.6595
3407 1.1097
3408 2.4695
3409 14.0809
3410 3.4199
3411 0.7144
3412 0.2438
3413 0.6101
3414 1.7732
3415 0.2037
3416 2.1478
3417 0.3049
3418 1.2580
3419 1.7830
3420 0.1130
3421 1.4925
3422 3.0536
3423 12.0231
3424 0.3439
3425 0.7436
3426 0.7971
3427 1.0683
3428 0.1459
3429 0.9122
3430 0.2767
3431 0.2847
3432 0.2370
3433 3.1389
3434 0.6488
3435 0.1975
3436 0.9434
3437 0.6043
3438 0.3416
3439 0.1180
3440 2.2077
3441 5.1458
3442 5.3473
3443 0.4901
3444 0.5160
3445 0.2258
3446 0.9905
3447 3.1696
3448 10.3606
3449 0.3203
3450 0.4820
3451 0.3044
3452 0.1011
3453 0.6951
3454 2.5366
3455 4.9883
3456 1.0469
3457 0.6195
3458 2.3393
3459 3.5074
3460 0.6032
3461 2.0785
3462 0.8869
3463 0.2654
3464 0.4238
3465 0.5197
3466 0.1178
3467 0.8135
3468 1.0858
3469 0.3593
3470 5.6276
3471 0.1372
3472 2.7892
3473 1.1298
3474 0.4029
3475 1.4443
3476 0.9355
3477 1.8144
3478 0.6594
3479 0.2326
3480 2.2886
3481 11.8551
3482 0.2087
3483 12.9323
3484 0.4379
3485 6.1449
3486 0.6557
3487 0.7333
3488 0.5268
3489 0.9578
3490 2.7232
3491 1.4968
3492 0.4884
3493 1.8921
3494 1.4685
3495 0.2626
3496 1.4389
3497 0.8768
3498 1.0305
3499 17.2655
3500 0.3241
3501 0.3535
3502 3.3918
3503 12.9931
3504 0.7945
3505 1.0592
3506 4.4337
3507 1.2933
3508 0.4843
3509 0.2328
3510 0.2226
3511 4.5001
3512 5.7616
3513 4.3044
3514 1.1976
3515 0.6517
3516 1.7511
3517 0.3841
3518 0.1507
3519 1.7381
3520 0.1655
3521 2.8711
3522 2.3220
3523 2.1887
3524 1.4890
3525 0.4429
3526 0.8215
3527 0.1701
3528 0.9453
3529 1.1547
3530 19.1146
3531 1.0850
3532 0.2805
3533 2.5918
3534 0.3448
3535 1.0291
3536 1.1978
3537 0.4901
3538 0.1477
3539 0.6671
3540 0.3560
3541 3.0910
3542 0.5212
3543 7.2854
3544 1.2766
3545 4.2450
3546 0.8068
3547 0.6998
3548 0.3106
3549 0.2155
3550 0.4263
3551 0.4152
3552 0.1989
3553 1.0801
3554 3.7267
3555 2.0544
3556 0.7890
3557 0.8733
3558 4.4127
3559 1.1027
3560 0.2865
3561 4.3987
3562 0.1508
3563 0.3135
3564 0.7234
3565 1.6164
3566 3.1630
3567 1.3605
3568 0.2882
3569 1.3414
3570 0.1980
3571 0.4401
3572 1.0696
3573 0.6331
3574 1.0071
3575 0.7033
3576 11.1240
3577 0.2521
3578 0.3168
3579 0.4740
3580 1.7519
3581 0.4142
3582 1.8597
3583 0.2233
3584 1.2596
3585 3.8108
3586 0.1934
3587 0.7731
3588 1.5473
3589 1.2643
3590 11.6432
3591 2.0867
3592 0.7126
3593 0.1044
3594 0.5734
3595 0.2331
3596 1.0563
3597 0.7147
3598 1.3610
3599 0.3755
3600 7.0544
3601 2.3875
3602 1.4970
3603 4.0270
3604 0.1262
3605 0.4044
3606 0.7671
3607 0.1841
3608 1.5344
3609 0.4714
3610 9.9059
3611 2.1890
3612 0.1467
3613 0.2678
3614 0.4059
3615 1.3213
3616 0.1836
3617 0.2830
3618 4.3394
3619 0.3064
3620 0.6975
3621 0.3498
3622 1.4020
3623 2.2365
3624 0.8241
3625 0.3252
3626 0.4057
3627 0.4208
3628 2.5856
3629 0.9363
3630 2.0601
3631 1.9471
3632 3.4683
3633 2.5185
3634 0.2705
3635 0.6662
3636 0.3876
3637 3.8434
3638 0.2019
3639 2.0792
3640 3.5887
3641 11.3233
3642 0.1457
3643 1.1176
3644 6.4327
3645 0.3568
3646 1.0795
3647 0.8116
3648 0.2187
3649 2.1704
3650 0.1328
3651 0.4677
3652 1.9764
3653 1.0389
3654 0.0796
3655 0.8268
3656 4.8731
3657 2.1460
3658 1.8371
3659 17.1551
3660 1.1909
3661 0.5604
3662 1.0665
3663 0.5080
3664 0.9607
3665 0.3325
3666 1.3242
3667 2.9741
3668 3.8189
3669 0.9357
3670 0.5567
3671 0.3711
3672 0.2282
3673 3.3171
3674 1.2321
3675 0.5183
3676 14.9284
3677 2.7995
3678 1.0011
3679 2.4391
3680 1.6097
3681 0.2925
3682 0.4264
3683 0.2678
3684 0.1100
3685 0.3200
3686 1.1435
3687 0.2862
3688 0.2600
3689 2.6358
3690 0.1075
3691 0.2605
3692 0.4127
3693 1.2730
3694 0.2426
3695 1.6430
3696 0.0909
3697 0.8806
3698 0.6925
3699 0.0865
3700 0.5827
3701 1.9791
3702 0.3971
3703 0.2671
3704 1.1813
3705 0.4257
3706 0.6072
3707 11.6468
3708 1.4963
3709 0.9053
3710 0.4526
3711 19.3375
3712 1.7206
3713 2.0650
3714 0.9631
3715 1.8990
3716 0.2310
3717 0.6698
3718 0.2162
3719 0.2291
3720 4.1422
3721 0.2810
3722 0.7163
3723 0.3114
3724 2.8944
3725 4.6186
3726 0.2814
3727 1.0035
3728 0.9252
3729 2.7883
3730 0.1816
3731 0.5515
3732 8.3547
3733 0.2726
3734 12.0603
3735 3.6587
3736 1.0983
3737 0.1856
3738 0.1514
3739 0.1280
3740 0.8820
3741 0.5509
3742 5.0207
3743 0.1093
3744 0.5388
3745 0.8850
3746 4.7632
3747 0.6014
3748 18.4046
3749 0.3039
3750 0.4757
3751 0.3801
3752 0.9677
3753 1.2025
3754 0.9642
3755 1.1518
3756 0.7236
3757 0.2140
3758 0.9518
3759 0.8128
3760 1.6480
3761 0.7449
3762 0.4693
3763 0.2866
3764 6.0658
3765 0.8739
3766 11.0173
3767 1.5588
3768 2.4182
3769 0.7561
3770 1.0096
3771 0.2046
3772 0.3938
3773 0.4413
3774 0.1621
3775 0.5714
3776 1.3206
3777 0.8289
3778 1.5239
3779 0.7445
3780 1.8706
3781 0.7797
3782 0.4491
3783 0.9978
3784 4.3078
3785 4.5443
3786 1.3286
3787 1.4200
3788 0.2222
3789 2.9214
3790 0.6180
3791 2.8719
3792 0.7231
3793 14.4801
3794 1.0702
3795 0.1492
3796 0.1803
3797 0.8318
3798 0.8279
3799 0.2973
3800 0.4449
3801 3.9340
3802 4.1630
3803 0.1785
3804 1.0883
3805 1.4564
3806 1.9424
3807 0.8877
3808 0.3493
3809 0.1582
3810 0.4517
3811 0.2269
3812 0.8325
3813 0.9514
3814 0.4508
3815 0.2733
3816 0.7782
3817 3.3241
3818 1.7809
3819 0.1923
3820 0.3401
3821 0.3712
3822 1.8182
3823 1.2755
3824 0.7117
3825 0.5584
3826 0.3122
3827 0.2689
3828 1.9700
3829 0.3688
3830 1.5689
3831 0.2242
3832 0.9672
3833 0.7561
3834 0.4005
3835 0.7043
3836 2.0877
3837 9.7861
3838 5.9558
3839 0.9263
3840 0.4463
3841 1.3736
3842 0.9429
3843 0.8203
3844 11.3172
3845 0.7004
3846 0.3534
3847 0.7522
3848 1.4482
3849 0.2479
3850 1.4561
3851 0.3905
3852 0.3485
3853 0.8698
3854 0.8954
3855 9.1100
3856 1.1602
3857 0.4412
3858 1.3837
3859 0.2477
3860 0.5448
3861 3.7537
3862 16.1666
3863 1.0813
3864 0.3937
3865 0.0976
3866 1.3776
3867 1.8172
3868 3.7233
3869 1.3193
3870 1.7927
3871 1.1059
3872 0.1989
3873 0.0989
3874 8.9070
3875 0.4765
3876 1.9875
3877 0.8354
3878 0.3707
3879 0.3141
3880 0.3953
3881 0.2533
3882 1.4369
3883 0.0852
3884 20.6309
3885 0.2944
3886 0.7459
3887 1.1874
3888 1.2745
3889 8.2234
3890 0.2422
3891 1.1341
3892 0.7079
3893 10.1686
3894 0.4152
3895 0.4785
3896 3.0188
3897 0.5492
3898 0.9891
3899 3.2100
3900 3.7002
3901 6.8976
3902 0.3716
3903 0.7515
3904 1.5369
3905 0.3050
3906 2.5731
3907 0.7616
3908 0.2269
3909 1.4468
3910 0.1774
3911 0.2218
3912 1.1473
3913 1.7413
3914 0.2488
3915 0.2774
3916 12.3831
3917 1.6926
3918 9.1738
3919 0.5473
3920 0.2945
3921 0.2049
3922 1.4571
3923 2.6302
3924 0.3489
3925 0.1378
3926 2.7628
3927 0.3850
3928 3.1696
3929 0.8724
3930 1.4365
3931 4.2766
3932 1.3966
3933 0.2506
3934 0.3028
3935 9.8196
3936 0.7592
3937 0.5345
3938 0.5992
3939 15.7501
3940 0.4688
3941 0.4056
3942 0.6758
3943 4.2122
3944 0.4354
3945 0.0971
3946 0.6812
3947 1.2312
3948 0.3782
3949 1.4679
3950 2.4799
3951 1.1004
3952 0.2533
3953 4.2817
3954 0.2375
3955 0.2679
3956 0.9799
3957 1.4123
3958 1.7840
3959 1.7230
3960 1.0757
3961 0.7576
3962 0.3864
3963 0.3371
3964 2.9688
3965 0.0747
3966 1.9002
3967 0.1858
3968 3.9373
3969 2.4930
3970 3.6666
3971 0.2398
3972 3.2840
3973 0.6004
3974 0.1764
3975 14.3229
3976 0.2418
3977 0.2696
3978 4.3199
3979 2.4299
3980 2.5262
3981 12.0450
3982 0.8414
3983 1.0298
3984 0.2036
3985 1.3995
3986 0.3598
3987 0.3896
3988 0.3704
3989 1.0669
3990 0.6691
3991 0.4375
3992 0.5527
3993 0.9232
3994 3.4632
3995 0.5120
3996 0.7735
3997 0.3800
3998 0.3902
3999 0.2828
4000 0.2991
4001 1.4330
4002 1.7682
4003 0.5620
4004 0.3588
4005 1.9473
4006 3.5286
4007 0.4811
4008 0.4604
4009 1.4114
4010 2.6075
4011 0.0904
4012 4.8809
4013 0.9233
4014 29.1015
4015 0.1603
4016 0.1574
4017 0.7283
4018 0.6032
4019 3.2720
4020 0.4415
4021 0.5259
4022 0.7884
4023 0.8158
4024 1.7773
4025 6.3756
4026 0.5845
4027 1.1922
4028 1.4493
4029 0.3904
4030 3.1535
4031 5.7937
4032 14.9873
4033 0.8075
4034 0.9596
4035 1.4754
4036 0.1182
4037 0.3210
4038 0.6692
4039 1.2640
4040 1.6492
4041 0.1220
4042 0.2097
4043 0.2143
4044 0.5361
4045 0.5567
4046 8.6581
4047 1.3188
4048 0.0962
4049 1.6869
4050 0.2827
4051 0.1885
4052 2.0580
4053 0.1683
4054 0.1471
4055 7.6412
4056 0.3136
4057 0.3378
4058 0.2704
4059 0.3726
4060 0.8665
4061 6.0043
4062 1.6865
4063 0.2162
4064 8.4202
4065 1.2229
4066 0.3678
4067 0.2803
4068 7.4155
4069 0.6876
4070 1.6060
4071 0.4866
4072 0.2356
4073 1.2969
4074 0.9022
4075 11.9131
4076 0.1921
4077 0.6356
4078 0.9019
4079 3.4629
4080 4.8604
4081 0.4631
4082 6.9397
4083 0.2645
4084 3.6120
4085 1.8020
4086 0.2032
4087 10.8347
4088 6.2251
4089 0.3346
4090 0.5363
4091 0.6778
4092 0.9033
4093 0.4432
4094 0.5434
4095 0.6212
4096 2.1710
4097 1.1244
4098 0.2618
4099 0.2300
4100 0.5310
4101 0.3941
4102 0.2409
4103 0.2901
4104 0.2675
4105 0.5792
4106 0.2900
4107 4.3723
4108 0.3924
4109 0.3150
4110 1.3770
4111 0.3671
4112 0.3005
4113 1.2255
4114 2.0709
4115 1.5594
4116 0.2897
4117 0.2629
4118 2.3488
4119 0.9699
4120 0.1216
4121 2.0032
4122 0.8878
4123 0.3845
4124 0.0992
4125 2.0910
4126 0.8939
4127 0.3588
4128 15.8538
4129 5.5574
4130 1.0191
4131 20.8092
4132 2.6384
4133 2.2499
4134 10.5837
4135 0.7323
4136 4.3079
4137 0.1561
4138 0.2566
4139 1.1125
4140 5.0376
4141 0.1354
4142 1.2675
4143 2.4489
4144 0.6882
4145 18.1449
4146 0.1517
4147 1.2391
4148 1.9463
4149 0.5128
4150 0.4060
4151 0.3115
4152 1.3094
4153 0.9712
4154 0.4898
4155 1.3070
4156 0.4947
4157 1.8806
4158 2.7863
4159 0.3294
4160 5.2913
4161 0.3476
4162 5.9087
4163 0.8849
4164 1.1201
4165 1.9419
4166 5.1425
4167 1.2713
4168 2.7645
4169 45.4693
4170 0.3257
4171 6.6793
4172 11.5408
4173 2.1644
4174 9.3600
4175 1.0615
4176 0.9425
4177 0.3542
4178 0.2542
4179 3.0523
4180 0.4246
4181 1.0531
4182 0.2253
4183 0.9316
4184 1.1021
4185 9.0757
4186 0.7316
4187 2.4627
4188 1.3081
4189 0.2228
4190 2.3729
4191 0.3590
4192 0.4073
4193 0.2593
4194 0.8207
4195 1.6796
4196 0.8795
4197 1.1537
4198 6.7919
4199 1.6159
4200 3.6018
4201 1.1404
4202 3.2118
4203 0.1484
4204 2.8081
4205 0.8770
4206 0.1781
4207 1.6938
4208 0.4134
4209 0.1707
4210 1.3131
4211 0.8307
4212 0.9383
4213 12.1648
4214 0.7492
4215 0.1376
4216 0.4331
4217 10.3202
4218 0.5228
4219 0.5006
4220 0.3011
4221 0.8018
4222 0.6015
4223 0.2909
4224 0.6975
4225 0.7291
4226 0.5891
4227 5.4615
4228 0.1404
4229 4.4730
4230 0.7075
4231 3.2400
4232 1.0078
4233 6.9848
4234 0.8777
4235 3.7175
4236 0.6211
4237 0.2782
4238 2.4884
4239 1.5570
4240 0.1819
4241 0.1648
4242 3.5342
4243 11.0555
4244 0.2916
4245 2.8259
4246 5.9906
4247 0.4864
4248 1.0011
4249 0.9953
4250 0.3170
4251 0.7229
4252 0.8432
4253 2.1724
4254 0.5677
4255 0.9671
4256 0.2699
4257 0.2919
4258 0.3573
4259 3.1134
4260 0.4099
4261 0.7682
4262 1.6237
4263 0.7892
4264 1.6677
4265 0.2094
4266 0.6005
4267 0.2658
4268 0.4570
4269 3.6288
4270 0.4530
4271 0.3321
4272 0.3401
4273 9.0500
4274 1.1249
4275 0.1814
4276 1.0981
4277 0.5146
4278 0.0973
4279 0.3717
4280 1.0620
4281 2.0443
4282 1.4918
4283 2.5927
4284 1.4934
4285 0.2294
4286 0.3740
4287 11.3655
4288 0.5639
4289 1.3097
4290 1.5804
4291 1.4798
4292 0.1396
4293 0.6396
4294 1.1726
4295 8.1502
4296 1.5815
4297 1.9819
4298 0.2132
4299 0.6534
4300 3.2699
4301 10.4747
4302 0.1703
4303 0.5982
4304 4.1551
4305 1.2647
4306 1.2405
4307 1.2732
4308 0.1251
4309 20.5305
4310 0.2000
4311 0.6923
4312 0.5209
4313 1.6519
4314 1.2829
4315 1.1179
4316 1.6752
4317 0.4874
4318 0.2001
4319 1.6286
4320 0.1639
4321 0.3112
4322 0.9730
4323 0.6021
4324 0.3534
4325 1.3326
4326 2.1143
4327 0.2903
4328 0.3771
4329 0.9215
4330 0.3163
4331 0.8242
4332 0.8830
4333 0.7876
4334 3.0112
4335 1.0647
4336 0.4968
4337 1.9786
4338 0.2347
4339 7.2997
4340 5.5090
4341 0.8960
4342 1.4022
4343 1.4198
4344 1.9973
4345 0.2231
4346 0.1134
4347 1.3335
4348 0.6427
4349 1.4301
4350 0.5182
4351 2.6791
4352 0.7956
4353 0.0794
4354 0.7090
4355 0.2054
4356 7.2849
4357 0.3760
4358 0.9303
4359 1.1216
4360 0.3188
4361 5.1989
4362 3.0907
4363 0.8599
4364 1.5685
4365 1.1739
4366 0.8072
4367 1.8114
4368 1.1964
4369 0.2316
4370 0.2696
4371 0.2329
4372 1.9776
4373 1.9437
4374 0.1358
4375 0.5918
4376 1.3632
4377 0.9076
4378 1.0650
4379 0.2608
4380 0.3828
4381 3.6680
4382 0.7420
4383 1.7266
4384 2.3287
4385 0.0991
4386 2.0662
4387 0.2544
4388 0.1875
4389 0.4886
4390 0.4107
4391 0.1833
4392 2.8526
4393 1.1114
4394 0.8273
4395 0.6328
4396 0.2895
4397 0.3326
4398 0.2959
4399 0.2445
4400 0.2398
4401 0.5603
4402 0.6362
4403 0.1781
4404 0.3224
4405 0.3032
4406 0.6035
4407 0.1206
4408 0.1716
4409 0.3923
4410 0.2117
4411 1.0514
4412 0.7144
4413 0.4624
4414 0.6779
4415 0.4000
4416 0.7726
4417 0.7168
4418 0.5567
4419 0.4080
4420 0.2516
4421 1.0167
4422 1.0925
4423 0.8153
4424 3.8368
4425 0.4757
4426 0.6393
4427 0.4377
4428 1.2274
4429 2.4453
4430 3.0500
4431 4.1817
4432 0.0899
4433 12.5212
4434 0.2944
4435 1.2763
4436 0.6619
4437 0.3655
4438 0.5719
4439 0.0844
4440 1.0184
4441 0.1769
4442 0.2906
4443 1.4859
4444 1.4130
4445 1.4339
4446 0.5763
4447 0.0952
4448 0.5782
4449 0.2813
4450 0.0832
4451 0.5819
4452 15.2523
4453 2.2444
4454 5.3759
4455 13.8714
4456 5.5405
4457 9.4307
4458 0.4476
4459 2.0613
4460 1.2930
4461 0.4503
4462 2.2275
4463 1.1598
4464 0.8349
4465 0.4618
4466 0.8092
4467 0.4845
4468 2.5324
4469 4.7737
4470 0.3771
4471 0.7595
4472 0.4542
4473 9.6404
4474 7.9081
4475 1.5241
4476 2.9251
4477 0.3570
4478 15.7766
4479 2.1607
4480 0.2829
4481 3.7062
4482 0.2815
4483 0.8869
4484 0.6811
4485 0.9676
4486 1.9989
4487 0.2360
4488 0.4288
4489 0.6489
4490 2.2018
4491 0.3303
4492 1.0684
4493 0.2264
4494 0.1435
4495 0.3855
4496 0.4089
4497 2.4296
4498 0.5816
4499 0.9806
4500 0.2504
4501 5.6160
4502 1.0173
4503 0.2438
4504 0.9987
4505 0.6336
4506 0.3464
4507 0.2090
4508 0.3801
4509 0.3563
4510 1.2400
4511 8.9472
4512 0.2300
4513 7.6530
4514 2.1795
4515 0.5024
4516 1.2152
4517 0.8588
4518 1.0334
4519 0.6912
4520 0.3385
4521 0.9380
4522 0.5760
4523 1.1021
4524 2.6718
4525 0.9617
4526 0.0947
4527 0.3404
4528 0.8283
4529 2.1604
4530 0.1849
4531 1.1645
4532 0.9172
4533 0.6625
4534 0.1982
4535 1.1117
4536 1.5746
4537 0.4126
4538 0.2482
4539 0.3254
4540 3.3973
4541 0.3184
4542 0.6322
4543 21.3373
4544 0.3763
4545 0.1894
4546 0.2277
4547 0.4384
4548 5.4953
4549 3.1352
4550 0.7189
4551 0.3680
4552 0.1640
4553 0.6392
4554 0.3735
4555 1.3702
4556 0.2359
4557 1.5078
4558 1.8721
4559 0.4076
4560 1.1859
4561 0.4777
4562 1.2382
4563 0.3366
4564 1.1153
4565 0.5688
4566 1.4150
4567 3.6778
4568 0.5897
4569 0.4125
4570 0.3025
4571 0.2895
4572 0.4368
4573 1.6407
4574 3.0947
4575 0.3663
4576 0.5175
4577 0.2947
4578 0.3851
4579 1.4779
4580 0.6306
4581 0.3298
4582 0.4233
4583 0.1928
4584 1.7340
4585 0.5758
4586 0.9731
4587 2.0058
4588 1.6759
4589 0.5794
4590 1.1358
4591 0.6373
4592 0.3018
4593 0.6311
4594 0.4078
4595 0.6745
4596 0.4598
4597 0.6245
4598 0.3293
4599 2.4807
4600 0.5189
4601 0.1304
4602 0.6540
4603 0.1753
4604 0.4336
4605 6.6984
4606 6.1515
4607 0.5823
4608 0.5922
4609 7.7359
4610 4.5299
4611 2.3463
4612 1.5087
4613 1.1469
4614 1.6491
4615 5.0933
4616 1.1998
4617 0.5616
4618 0.3742
4619 0.8409
4620 0.5722
4621 0.4046
4622 0.3263
4623 0.5450
4624 0.2779
4625 0.3785
4626 20.1887
4627 0.8232
4628 0.4907
4629 0.9481
4630 0.6075
4631 0.3323
4632 1.2081
4633 0.4725
4634 0.4361
4635 0.2035
4636 1.5395
4637 0.2326
4638 0.9002
4639 2.2555
4640 0.5088
4641 4.1803
4642 8.1418
4643 0.4753
4644 1.0318
4645 1.1124
4646 0.1760
4647 0.3831
4648 0.5745
4649 0.6332
4650 2.3605
4651 1.2855
4652 2.4751
4653 12.0882
4654 0.4070
4655 0.4918
4656 2.0618
4657 0.9009
4658 2.7225
4659 0.2413
4660 0.5286
4661 1.2053
4662 5.6536
4663 0.3048
4664 18.0605
4665 0.3949
4666 0.4143
4667 0.2124
4668 0.8925
4669 0.9484
4670 0.9012
4671 0.1987
4672 0.2527
4673 0.2961
4674 3.2165
4675 0.3680
4676 1.7400
4677 1.0644
4678 0.9503
4679 0.7508
4680 0.8389
4681 0.4300
4682 2.2446
4683 0.4312
4684 0.3045
4685 0.1702
4686 0.5703
4687 4.0186
4688 0.2324
4689 2.9894
4690 0.8601
4691 0.4796
4692 0.1016
4693 1.8171
4694 1.0144
4695 15.7907
4696 0.6205
4697 1.0355
4698 2.2049
4699 3.4697
4700 0.5909
4701 0.1401
4702 0.8120
4703 0.3218
4704 0.1969
4705 0.5710
4706 0.8564
4707 6.8151
4708 0.4065
4709 2.0483
4710 0.1136
4711 2.0727
4712 0.1744
4713 0.3713
4714 0.7106
4715 0.3928
4716 0.5469
4717 0.8036
4718 0.3751
4719 0.2927
4720 0.1439
4721 0.8681
4722 2.2336
4723 1.1420
4724 0.8446
4725 1.3037
4726 0.1598
4727 0.7432
4728 0.5471
4729 0.3459
4730 0.2407
4731 2.4024
4732 0.4578
4733 6.2615
4734 0.3833
4735 0.6374
4736 1.1110
4737 2.0412
4738 0.3354
4739 0.1185
4740 0.0708
4741 1.8137
4742 0.1184
4743 1.4808
4744 1.4420
4745 0.3778
4746 1.3012
4747 0.8005
4748 0.4738
4749 0.2206
4750 0.1070
4751 2.3768
4752 0.8269
4753 6.4472
4754 0.5138
4755 0.5745
4756 0.2482
4757 0.3470
4758 2.4027
4759 1.9003
4760 0.7702
4761 0.6834
4762 4.3022
4763 0.3968
4764 0.2364
4765 0.1188
4766 0.4723
4767 1.0774
4768 4.8552
4769 0.4065
4770 0.7744
4771 0.0987
4772 1.7697
4773 1.2746
4774 1.1731
4775 0.1860
4776 1.3165
4777 6.2417
4778 0.0962
4779 1.3626
4780 3.2283
4781 0.6540
4782 0.1744
4783 0.2467
4784 0.8412
4785 0.2924
4786 0.4138
4787 0.1343
4788 0.2567
4789 0.1037
4790 0.2276
4791 0.2791
4792 0.9805
4793 0.9576
4794 0.3998
4795 2.8039
4796 1.6200
4797 0.3324
4798 1.3483
4799 0.9182
4800 0.2808
4801 1.2964
4802 0.4986
4803 0.8550
4804 2.5638
4805 0.1650
4806 3.3115
4807 0.5203
4808 0.9303
4809 0.4770
4810 2.2673
4811 0.2009
4812 0.1700
4813 12.9491
4814 0.2523
4815 1.2691
4816 1.2432
4817 0.4016
4818 0.0803
4819 1.0649
4820 0.4297
4821 0.1896
4822 0.6853
4823 0.7511
4824 0.5859
4825 1.7856
4826 1.7743
4827 3.2991
4828 0.6105
4829 6.4091
4830 0.6701
4831 10.1218
4832 0.6306
4833 7.0185
4834 0.6272
4835 3.8194
4836 0.2369
4837 0.2223
4838 2.5216
4839 0.6072
4840 0.3398
4841 0.4021
4842 0.7696
4843 2.6630
4844 0.8885
4845 1.6724
4846 1.4149
4847 0.7651
4848 0.8358
4849 2.1557
4850 0.4252
4851 5.1028
4852 9.1037
4853 6.2350
4854 0.5815
4855 7.9995
4856 1.2215
4857 2.6825
4858 24.3240
4859 0.6984
4860 0.5641
4861 0.2304
4862 0.3508
4863 0.9687
4864 0.3250
4865 0.9338
4866 0.1896
4867 1.0854
4868 0.3233
4869 0.1741
4870 0.3095
4871 1.8915
4872 2.0663
4873 0.5517
4874 10.6546
4875 2.6253
4876 0.6935
4877 0.6603
4878 1.5845
4879 0.8483
4880 0.0770
4881 0.3763
4882 0.3522
4883 1.0008
4884 0.4509
4885 0.5029
4886 0.5136
4887 1.0756
4888 0.4146
4889 0.3430
4890 0.6245
4891 1.2632
4892 0.2360
4893 0.4499
4894 4.2862
4895 0.8031
4896 3.5499
4897 1.2634
4898 1.5479
4899 1.6306
4900 0.1134
4901 8.6662
4902 0.0904
4903 1.1566
4904 0.2643
4905 2.1360
4906 0.6680
4907 0.1998
4908 1.4049
4909 1.6578
4910 0.6742
4911 0.9201
4912 18.9021
4913 0.6393
4914 0.3559
4915 0.4077
4916 0.3564
4917 0.9653
4918 0.2016
4919 0.1780
4920 13.9766
4921 0.2010
4922 0.6424
4923 0.5337
4924 9.8645
4925 1.7458
4926 0.2427
4927 4.2566
4928 1.0361
4929 0.4864
4930 0.1412
4931 4.1583
4932 1.2841
4933 1.3465
4934 0.4520
4935 0.1866
4936 2.5178
4937 4.7358
4938 2.0783
4939 0.8361
4940 0.6218
4941 0.5309
4942 1.0265
4943 0.5232
4944 1.5446
4945 4.0254
4946 0.2228
4947 0.1735
4948 0.3409
4949 1.7281
4950 0.1228
4951 1.1474
4952 4.3291
4953 0.7855
4954 1.3837
4955 6.0596
4956 1.1195
4957 0.6347
4958 1.1986
4959 0.7451
4960 2.0603
4961 0.2810
4962 0.9063
4963 0.2293
4964 2.1312
4965 0.4447
4966 1.7246
4967 0.0825
4968 0.2128
4969 1.1257
4970 1.1001
4971 0.1950
4972 0.4468
4973 0.0850
4974 0.7266
4975 1.8840
4976 0.4607
4977 1.2703
4978 0.2293
4979 0.6440
4980 0.9713
4981 0.4422
4982 0.2379
4983 1.8523
4984 15.0705
4985 0.2143
4986 0.3093
4987 0.3230
4988 0.2844
4989 2.1607
4990 0.5337
4991 0.1984
4992 15.3470
4993 0.0991
4994 0.6421
4995 0.7008
4996 2.1517
4997 2.1922
4998 0.7327
4999 6.6797
5000 0.2333
