7501 1.6430
7502 12.0149
7503 2.4018
7504 14.5272
7505 2.2757
7506 0.4940
7507 18.7196
7508 4.7353
7509 0.9653
7510 2.8589
7511 22.7211
7512 21.3158
7513 14.9313
7514 8.0169
7515 2.3910
7516 3.2070
7517 3.3197
7518 14.5334
7519 2.8827
7520 2.8490
7521 15.1909
7522 4.4350
7523 4.7791
7524 19.4447
7525 0.3601
7526 21.3197
7527 13.9108
7528 2.2832
7529 8.3799
7530 24.5234
7531 32.1650
7532 10.0368
7533 3.7732
7534 35.9737
7535 3.5825
7536 3.9399
7537 13.4244
7538 16.0040
7539 5.5734
7540 14.1793
7541 12.5337
7542 15.5771
7543 0.3388
7544 18.8961
7545 5.7536
7546 3.9601
7547 2.7206
7548 10.7953
7549 2.4739
7550 1.6115
7551 8.0630
7552 2.5279
7553 5.3213
7554 10.4266
7555 2.1850
7556 24.8554
7557 2.7131
7558 2.3651
7559 6.5934
7560 18.5548
7561 3.5263
7562 2.3333
7563 37.6598
7564 1.0296
7565 2.2257
7566 5.5867
7567 12.3160
7568 4.5460
7569 20.2351
7570 1.8494
7571 0.8501
7572 1.4798
7573 2.6929
7574 0.3023
7575 15.4110
7576 17.0536
7577 5.1841
7578 17.1969
7579 18.8277
7580 7.3333
7581 40.9314
7582 11.1996
7583   NaN
7584 0.9314
7585 2.5189
7586 6.4533
7587 0.2457
7588 5.6041
7589 0.2491
7590 11.8165
7591 1.3448
7592 7.5244
7593 2.4326
7594 9.2217
7595 0.7861
7596   NaN
7597   NaN
7598 34.2742
7599 19.6280
7600 8.8852
7601 13.7470
7602 19.3105
7603 2.8765
7604 4.3697
7605 11.7651
7606 5.1549
7607 11.7771
7608 2.0626
7609 6.4301
7610 1.0879
7611 0.7902
7612 28.0275
7613 16.3720
7614 4.4250
7615 16.5655
7616 20.7891
7617 14.4654
7618 1.7735
7619 13.0463
7620 2.0249
7621 19.2632
7622 30.3848
7623 17.6818
7624 0.7701
7625 14.5635
7626 16.5298
7627 0.7158
7628 2.3905
7629 9.9587
7630 1.4560
7631 9.1686
7632   NaN
7633 0.8876
7634 1.2005
7635 31.8158
7636 12.4148
7637 11.1859
7638 8.9635
7639 7.7310
7640 7.3065
7641 5.7390
7642 5.3400
7643 5.2866
7644 10.5519
7645 14.3289
7646 4.6098
7647 28.1900
7648 1.2589
7649 12.3251
7650 32.2202
7651 13.3228
7652 13.0929
7653 2.6580
7654   NaN
7655 25.4402
7656 1.2252
7657 3.2021
7658 12.9042
7659 39.1429
7660 24.1880
7661 13.0519
7662 25.2579
7663 26.1405
7664 15.3734
7665 0.4663
7666 0.6215
7667   NaN
7668 3.5424
7669 13.7713
7670 15.3324
7671   NaN
7672 0.8839
7673 5.8009
7674 4.8094
7675 4.5109
7676 4.3536
7677 0.6841
7678 10.7976
7679 11.6267
7680 2.8753
7681 40.9043
7682 24.5442
7683 1.8090
7684 7.8678
7685 7.6839
7686 11.0368
7687 7.1460
7688 5.8652
7689 11.9082
7690 6.1394
7691 1.1907
7692 0.3216
7693 31.1556
7694 46.2713
7695 1.8449
7696 0.2365
7697 18.0152
7698 6.8556
7699 7.0372
7700 0.9592
7701 15.3834
7702 1.7137
7703 13.4732
7704 8.8243
7705 1.1869
7706 19.3987
7707 35.5105
7708 38.6439
7709 3.6031
7710 2.3984
7711 0.6148
7712 11.5638
7713 7.0740
7714 0.5817
7715 5.8506
7716 25.3785
7717 23.8686
7718 0.1624
7719 3.2560
7720 0.2753
7721 3.5151
7722 0.4772
7723 0.4447
7724 17.1349
7725 11.0109
7726 0.6126
7727 10.3170
7728 0.4457
7729 3.9637
7730 5.1564
7731 5.8145
7732 4.4564
7733 8.9867
7734 24.6280
7735 8.3600
7736 14.2196
7737 12.7878
7738 10.9172
7739 0.7214
7740 22.8835
7741 11.8143
7742 10.8545
7743 0.9502
7744 28.6968
7745 0.6027
7746 7.0554
7747 7.3929
7748 6.8697
7749 0.9298
7750 28.4197
7751 9.8128
7752 11.4266
7753 1.1866
7754 6.7272
7755 2.1544
7756 32.5175
7757 2.3096
7758 3.7352
7759 3.1075
7760 6.7402
7761 13.9770
7762 1.5785
7763 9.8388
7764 0.7736
7765 0.6941
7766 13.1230
7767 3.0045
7768 7.2574
7769 7.2058
7770 7.8546
7771 30.0808
7772 0.7701
7773 0.6963
7774 24.4498
7775 24.7805
7776 5.4876
7777 6.2820
7778 9.3569
7779   NaN
7780 2.3391
7781 18.4921
7782 1.4123
7783 10.8873
7784 6.9185
7785   NaN
7786 5.9424
7787   NaN
7788 20.8516
7789 9.4273
7790 10.0992
7791 5.0294
7792 0.6094
7793 6.3757
7794 11.3318
7795 9.3961
7796 2.2254
7797 21.9823
7798 4.3348
7799 0.4754
7800 34.6000
7801 22.9058
7802 17.7849
7803 1.1135
7804 13.8180
7805 4.1522
7806 10.7537
7807   NaN
7808 4.4194
7809 2.9553
7810 2.4079
7811 0.2981
7812 6.7117
7813 6.9392
7814 0.2323
7815 14.9403
7816 13.5369
7817 10.9296
7818 1.0125
7819 0.2713
7820 17.9056
7821 1.7542
7822 0.8548
7823 0.3382
7824 20.3602
7825 3.4167
7826 3.8448
7827 0.3118
7828 11.3191
7829 11.7394
7830 28.5382
7831 13.8152
7832 4.3664
7833 6.5360
7834 1.5055
7835 31.8069
7836 24.3943
7837 11.8129
7838 2.4892
7839 3.0485
7840 4.5023
7841 31.9089
7842 3.7154
7843 13.3923
7844 28.2748
7845 0.7296
7846 1.6960
7847 31.3474
7848 4.3646
7849 14.6922
7850 0.3685
7851 0.6595
7852 1.6888
7853 16.1714
7854 4.5461
7855 11.6035
7856 6.3622
7857 24.7295
7858 21.3782
7859   NaN
7860 27.4126
7861 1.1102
7862 24.6866
7863 26.9383
7864 0.6085
7865 10.6402
7866 16.4015
7867 2.8547
7868 20.5590
7869 9.3038
7870 0.2038
7871 12.9529
7872 3.2138
7873 6.5701
7874 5.5687
7875 0.1911
7876 13.5919
7877 11.2806
7878 1.1246
7879 24.9836
7880 4.5366
7881 17.0681
7882 28.8294
7883 1.9818
7884 0.2618
7885 0.7416
7886 23.8169
7887 7.4986
7888 3.6484
7889 0.8114
7890 1.6470
7891 3.2701
7892 10.7644
7893 0.9544
7894 14.2141
7895 11.8873
7896 0.3698
7897 3.1345
7898 21.3976
7899 0.2102
7900 5.1872
7901 25.9911
7902 27.0044
7903 13.3041
7904 2.2395
7905 10.7534
7906 5.9065
7907 23.6947
7908 0.7029
7909 0.3978
7910 0.3296
7911 11.1216
7912 20.6613
7913   NaN
7914   NaN
7915 0.4297
7916 12.9606
7917   NaN
7918 1.0752
7919 5.5912
7920   NaN
7921 15.2134
7922 8.3161
7923 1.5933
7924 20.1356
7925 10.4803
7926 11.4998
7927 12.9994
7928 29.3601
7929 19.5698
7930 3.9923
7931 13.8542
7932 5.9454
7933 31.0425
7934 14.4809
7935 19.7302
7936 28.2694
7937 2.0184
7938 29.5926
7939 0.6542
7940 8.8901
7941 33.3044
7942 7.0171
7943 2.6183
7944 0.8102
7945 43.3887
7946 12.1108
7947 2.1492
7948 4.5463
7949 11.7911
7950 1.2058
7951 2.3038
7952 76.3071
7953 7.9596
7954 1.4997
7955 18.1810
7956 5.5254
7957 3.5239
7958 2.2075
7959 5.0075
7960 2.0118
7961 23.7896
7962 0.8388
7963 4.0383
7964 1.5407
7965 5.0997
7966 5.6147
7967   NaN
7968 2.7602
7969   NaN
7970 2.7860
7971 1.1412
7972 17.4001
7973 0.4721
7974 14.8387
7975 33.0651
7976 20.6945
7977 2.8568
7978 6.6704
7979 16.4367
7980 14.6951
7981 0.9053
7982 3.2463
7983 0.9562
7984 8.0369
7985 1.1451
7986 29.3258
7987 7.7403
7988 10.2494
7989 1.8029
7990 0.4521
7991   NaN
7992 6.0499
7993 3.2889
7994 1.9995
7995 15.1975
7996 10.3783
7997 2.5713
7998 6.9431
7999 0.4821
8000 0.4716
8001 13.9139
8002 1.8524
8003 1.0137
8004   NaN
8005   NaN
8006 7.0639
8007 38.2541
8008 5.9935
8009 0.9305
8010 4.5952
8011 1.2747
8012 26.2847
8013 1.0298
8014 45.6949
8015 2.2016
8016 4.2737
8017 0.8312
8018 15.7875
8019 1.2137
8020 2.9523
8021 5.2550
8022 1.9253
8023 35.9694
8024 13.3400
8025 15.3158
8026 0.3572
8027 9.2472
8028 10.0208
8029 14.9082
8030 1.9481
8031 3.4488
8032 7.1359
8033 6.7119
8034 0.2921
8035 16.7697
8036 1.7682
8037 21.9941
8038 9.7213
8039 22.2665
8040 11.3657
8041 6.3640
8042 0.8922
8043 1.1643
8044 0.8554
8045 5.4717
8046   NaN
8047 16.5696
8048 7.0957
8049 1.3007
8050 3.1360
8051 3.9806
8052 1.5759
8053 4.2619
8054 0.8045
8055 5.8146
8056 24.4937
8057 7.7480
8058 3.9131
8059 0.4936
8060 7.9054
8061 13.6634
8062 21.1870
8063 1.1149
8064 6.0003
8065 4.2209
8066 17.3635
8067 16.1160
8068 7.9936
8069 12.5157
8070 15.6868
8071 3.9256
8072 3.0590
8073 0.2468
8074 12.2711
8075   NaN
8076 0.2787
8077 4.0621
8078 21.7542
8079 16.4847
8080 1.2946
8081 1.0089
8082 26.2531
8083 19.4367
8084 9.2890
8085 28.5567
8086 0.3657
8087 16.6800
8088 5.9735
8089 0.8497
8090 2.6837
8091 1.7742
8092 26.1366
8093 16.3169
8094 27.7082
8095 8.0107
8096 1.8263
8097 2.4845
8098 6.4618
8099 4.3301
8100 22.4113
8101 1.6732
8102 4.7796
8103   NaN
8104 4.5216
8105 5.3819
8106 18.4076
8107 2.2134
8108 2.3771
8109 0.7736
8110 15.6456
8111 8.1788
8112 11.8580
8113 15.7847
8114 20.8794
8115 3.5330
8116 0.8176
8117 14.4818
8118 27.7555
8119 10.3473
8120 4.7444
8121 3.5021
8122 48.8104
8123 6.3546
8124 15.9051
8125 1.0339
8126 19.0279
8127 5.8386
8128 24.3695
8129 3.1018
8130 6.0215
8131 16.6846
8132 2.2413
8133 1.1875
8134   NaN
8135 3.2872
8136 3.1166
8137 8.1728
8138 9.4180
8139 1.3309
8140 16.8238
8141 0.2850
8142 8.8959
8143 17.9212
8144 5.7890
8145 7.4365
8146 1.3280
8147 1.9420
8148 21.2730
8149 12.2712
8150 2.0855
8151 12.3870
8152 5.0928
8153 5.3664
8154 11.1662
8155 23.0476
8156 21.7656
8157 33.8734
8158 3.6725
8159 15.9144
8160 1.1375
8161 4.5444
8162 4.9320
8163 0.8517
8164 27.1701
8165 2.6601
8166 23.9413
8167 9.7481
8168 2.2197
8169 9.3249
8170 1.0779
8171 16.8105
8172 27.0646
8173 22.4922
8174 9.0663
8175 9.2336
8176 17.1488
8177 22.8902
8178 2.7662
8179 12.7007
8180 43.3522
8181 1.2010
8182 7.1560
8183 5.1421
8184 0.4876
8185 5.4466
8186 8.5838
8187 0.4934
8188 5.5026
8189 3.2518
8190 15.5535
8191 5.8610
8192 5.7299
8193 5.0087
8194 9.3727
8195 2.6388
8196 39.0271
8197 20.3612
8198 25.0979
8199 0.3613
8200 4.9214
8201 5.1175
8202 0.2875
8203 3.3417
8204 5.6577
8205 20.1541
8206 22.5568
8207   NaN
8208 15.7150
8209 9.1598
8210 8.2752
8211 22.0909
8212 1.5374
8213 21.2593
8214 0.6484
8215 24.6027
8216   NaN
8217 28.6212
8218 5.6168
8219 30.7614
8220 18.7609
8221 0.4420
8222 2.1986
8223 7.6405
8224 26.2279
8225 28.6925
8226 19.6568
8227 4.9515
8228 7.8809
8229   NaN
8230 0.7968
8231 18.3843
8232 1.3419
8233 1.2422
8234 1.8678
8235 0.5464
8236 19.0709
8237 28.6364
8238 19.1063
8239 0.4854
8240 12.0867
8241   NaN
8242 1.4052
8243 39.3565
8244 5.6253
8245 11.2293
8246 5.9904
8247 2.5429
8248 0.2078
8249 4.3324
8250 4.1393
8251 5.6089
8252 13.8367
8253 2.1538
8254 2.9748
8255 1.2622
8256 6.7923
8257 5.5434
8258   NaN
8259 0.1095
8260 9.7441
8261 0.8759
8262 31.0523
8263 3.7559
8264 16.6576
8265 16.7407
8266 20.6183
8267 8.8438
8268 5.2866
8269 3.6609
8270 27.0386
8271 0.6769
8272 1.5812
8273 7.5834
8274 29.4369
8275 27.8131
8276 16.9091
8277 20.7061
8278 24.1927
8279 31.2404
8280 1.9437
8281 15.4740
8282 1.1762
8283 1.9377
8284 10.7392
8285 8.1743
8286 17.3560
8287 6.4288
8288 6.3026
8289 15.9125
8290 1.9084
8291 1.6277
8292 5.7748
8293 0.3069
8294 27.9066
8295 1.3745
8296 32.0525
8297 27.7332
8298 21.9755
8299 8.5770
8300 2.3669
8301 10.4262
8302 8.2120
8303 31.5513
8304 1.1021
8305 3.8641
8306 3.4024
8307 7.8063
8308 0.3727
8309 1.4997
8310 16.9934
8311 25.8402
8312 6.3592
8313 1.2688
8314 8.5512
8315 13.2973
8316 20.0163
8317 11.6502
8318 7.7892
8319 3.9694
8320 4.4514
8321 0.4732
8322 1.2399
8323 1.0808
8324 9.5011
8325 0.3548
8326   NaN
8327 16.2310
8328 15.1871
8329 3.0207
8330 11.5573
8331 9.2281
8332 31.1091
8333 14.3671
8334 1.6597
8335 9.0658
8336 0.4055
8337 19.1251
8338 27.7766
8339 13.3749
8340 11.5707
8341 4.4561
8342 35.2070
8343 0.4524
8344 4.7640
8345 5.4584
8346 18.3678
8347 10.3363
8348 4.7325
8349 8.4148
8350 16.7468
8351 23.5914
8352 24.5246
8353 26.0368
8354 2.0983
8355 1.3239
8356 13.6315
8357 2.0904
8358 12.2179
8359 5.1548
8360 2.9355
8361 17.0332
8362 9.9134
8363 0.7624
8364 9.2637
8365   NaN
8366 14.5056
8367 2.4967
8368 22.5746
8369 1.0944
8370 7.3510
8371   NaN
8372 2.1695
8373 16.4338
8374 3.4522
8375 0.7090
8376 5.4495
8377 37.0080
8378 18.1442
8379 10.6624
8380 18.3346
8381 25.1187
8382 9.2308
8383 0.8895
8384   NaN
8385 28.5557
8386 16.1294
8387 0.7203
8388 4.3156
8389 36.6868
8390 11.0546
8391 0.3425
8392 3.1333
8393 3.4815
8394 29.7211
8395 0.6060
8396 10.1990
8397 4.8639
8398 0.8150
8399 9.9281
8400 20.9727
8401 3.1637
8402 1.0901
8403 1.2266
8404 1.0368
8405   NaN
8406 1.3960
8407 2.4114
8408 7.3247
8409   NaN
8410 0.7514
8411 1.0434
8412 5.4852
8413 0.1900
8414 8.9863
8415 1.7822
8416 2.0763
8417 6.6377
8418 20.4774
8419 8.1210
8420 14.3406
8421 4.7064
8422 1.2360
8423 0.2545
8424 31.1619
8425 1.8313
8426 12.1990
8427 15.9350
8428 0.8866
8429 25.0305
8430 1.8309
8431 1.8449
8432 8.6116
8433 4.1749
8434 14.4203
8435 5.0835
8436 31.4855
8437 2.5762
8438 1.5668
8439 0.3738
8440 13.5918
8441 3.7096
8442 19.0768
8443 4.6987
8444 1.6183
8445 2.2913
8446 29.5727
8447 17.6936
8448 1.1673
8449 6.2595
8450 8.8504
8451 22.8591
8452   NaN
8453 1.3062
8454 2.7541
8455 1.1542
8456 8.2389
8457 31.8629
8458 1.0587
8459 19.5252
8460 13.8103
8461 25.9776
8462 20.3656
8463 36.1391
8464 14.1438
8465 4.6404
8466 23.7595
8467 12.5579
8468 17.5575
8469 20.0738
8470 23.4910
8471   NaN
8472 3.2505
8473 14.2723
8474 3.0600
8475 7.7556
8476 4.5071
8477   NaN
8478 6.9168
8479 13.0503
8480 6.6254
8481 18.4095
8482 26.0216
8483 7.0703
8484 27.9432
8485 5.1149
8486 12.4965
8487 2.0400
8488   NaN
8489 19.3491
8490 20.0504
8491 18.0258
8492 20.5147
8493 2.8992
8494 26.1900
8495 13.9736
8496 3.3604
8497 5.4819
8498 2.9287
8499 17.0743
8500 6.0883
8501 2.5933
8502 7.0557
8503 4.9090
8504 8.7191
8505 3.8357
8506 8.7831
8507 4.2558
8508 0.2546
8509 8.2676
8510 4.8073
8511 26.7562
8512 18.7850
8513 16.6151
8514 3.4271
8515 7.9913
8516 13.9810
8517 11.5113
8518 9.7941
8519 4.9702
8520 11.0294
8521 7.7822
8522 15.0783
8523 22.5409
8524 2.4771
8525 0.3495
8526   NaN
8527 7.7824
8528 14.5644
8529 9.7508
8530 14.8839
8531 8.7772
8532 3.4595
8533 19.9401
8534 3.9543
8535 22.4052
8536 0.4077
8537 1.6027
8538 10.6628
8539 1.8615
8540 0.2443
8541 4.9435
8542 2.3930
8543 13.3706
8544 7.7370
8545 48.0460
8546 3.4779
8547 13.5998
8548 10.5970
8549 0.3949
8550 0.8271
8551 4.1308
8552 5.4508
8553 2.8086
8554 3.0946
8555 5.5955
8556 12.7060
8557 20.4941
8558 0.5117
8559 13.6779
8560 9.4381
8561 0.9952
8562 0.5103
8563 0.5548
8564 1.5415
8565 20.5660
8566 10.9984
8567 6.8063
8568 0.7875
8569 7.3699
8570 2.9435
8571 1.3949
8572 23.0004
8573 14.7719
8574 0.8904
8575   NaN
8576 4.9965
8577 2.8101
8578   NaN
8579 17.3587
8580 11.5321
8581 1.3795
8582 18.1718
8583 0.3278
8584 45.0599
8585 31.9282
8586 4.6363
8587 0.3248
8588 38.2646
8589 20.2983
8590 13.3230
8591 14.0277
8592 1.4884
8593 26.3405
8594 2.5719
8595 2.3922
8596 2.5466
8597 9.7804
8598 3.0708
8599 1.1713
8600 11.3647
8601 17.4054
8602 4.9668
8603 29.4402
8604 13.7894
8605 2.6005
8606 1.2887
8607 28.8672
8608 3.0859
8609 8.3233
8610 7.8660
8611 12.0749
8612 18.5696
8613 16.5122
8614 0.9556
8615 25.3895
8616 0.5020
8617 8.4079
8618 1.1626
8619 6.8371
8620 37.5622
8621 0.7871
8622 19.8549
8623 4.1611
8624 18.5843
8625 1.5802
8626 16.9432
8627 18.1541
8628 27.1594
8629 0.6455
8630 8.7706
8631 6.7038
8632 3.1436
8633 1.6340
8634 7.8837
8635 3.5336
8636   NaN
8637 18.5977
8638 13.6303
8639 13.3880
8640 1.6717
8641 3.1236
8642 20.1440
8643 0.4777
8644 3.5502
8645 19.8469
8646 9.9206
8647 4.1595
8648 5.3970
8649 3.6790
8650 28.2053
8651 0.9393
8652 0.9018
8653 4.4509
8654 40.0525
8655   NaN
8656   NaN
8657 6.5776
8658 2.0363
8659 1.0583
8660 0.2261
8661 0.8442
8662 13.8860
8663 2.8314
8664 22.5858
8665 10.3806
8666 19.4077
8667 8.5945
8668 4.9246
8669 4.6307
8670 20.7955
8671 6.9351
8672 9.6044
8673 2.1794
8674 8.6025
8675   NaN
8676 3.0454
8677 13.9674
8678 20.3062
8679 26.8760
8680   NaN
8681 11.8630
8682 0.8430
8683 13.0651
8684 6.6580
8685 21.1331
8686 8.1408
8687 0.7877
8688 1.0426
8689 19.5799
8690 24.5818
8691 2.7648
8692 7.1387
8693 4.5414
8694 7.6128
8695 1.2709
8696 17.5474
8697 1.1562
8698 2.4312
8699 6.9386
8700 3.8900
8701 0.6017
8702 0.1905
8703 1.2426
8704 1.2022
8705 5.3731
8706 7.2384
8707 58.5899
8708 3.0257
8709 19.3924
8710 22.5589
8711 4.3518
8712 5.3453
8713 9.3973
8714 2.3320
8715 1.6667
8716 2.1261
8717 8.6511
8718 9.9701
8719 3.5192
8720 0.6606
8721 13.3022
8722 58.9402
8723 0.7416
8724 25.6427
8725 5.0037
8726 13.3884
8727 1.2733
8728 9.5677
8729 14.6043
8730 21.7875
8731 0.4127
8732 0.3969
8733 3.2549
8734 6.5041
8735 3.1316
8736 0.3472
8737 2.0541
8738 13.4267
8739 17.7830
8740 11.6512
8741 29.7920
8742 6.5563
8743 15.6117
8744 1.8816
8745 7.0426
8746 9.3867
8747 0.7346
8748 17.8965
8749 0.7001
8750 0.3174
8751 8.7864
8752 20.3815
8753 4.3103
8754 15.0891
8755 5.2252
8756 8.5244
8757 1.5491
8758 18.3935
8759 1.6966
8760 18.8780
8761 8.4680
8762 4.2334
8763 9.5060
8764 15.5894
8765 16.7255
8766   NaN
8767 0.5584
8768 2.6991
8769 16.2813
8770 3.7979
8771 23.1843
8772 0.1642
8773 6.7698
8774 19.9052
8775 11.8256
8776 1.5242
8777 1.1313
8778 1.0610
8779 2.9009
8780 1.8700
8781 0.4859
8782 1.3505
8783 2.8429
8784 9.3718
8785 8.7009
8786 2.0123
8787 15.7064
8788 7.9492
8789 0.6276
8790 10.8448
8791 7.0535
8792 3.3523
8793 26.4809
8794 1.6950
8795   NaN
8796 1.2592
8797 14.9799
8798 22.3232
8799 0.3458
8800 1.2849
8801 19.6604
8802 20.4118
8803 29.0269
8804 0.9166
8805 1.0340
8806 0.6083
8807 0.8902
8808 3.0401
8809 6.8489
8810 18.9597
8811 4.2288
8812 18.6194
8813 3.9539
8814 16.3009
8815 4.1663
8816 2.9510
8817 0.8530
8818 7.9665
8819 29.4270
8820 2.0406
8821 1.6137
8822 29.8253
8823 9.0386
8824 0.3530
8825   NaN
8826 12.8444
8827 2.1334
8828 3.7384
8829 36.4767
8830 0.4674
8831 0.6665
8832 5.3176
8833 1.6149
8834 24.1962
8835 20.9230
8836 11.6282
8837 7.6386
8838 22.2245
8839 0.3902
8840 10.3748
8841 27.0939
8842 6.5031
8843 1.5135
8844 3.3867
8845 4.7551
8846 1.1278
8847 11.7964
8848 2.4344
8849 16.8223
8850 37.5072
8851 1.4294
8852 0.5489
8853 12.2798
8854 20.7632
8855 0.4690
8856 33.1936
8857 0.6134
8858 6.2287
8859 6.2240
8860 7.8785
8861 0.3494
8862 15.6508
8863 2.5498
8864 21.3797
8865   NaN
8866 5.9530
8867 1.6485
8868 5.7442
8869 5.8746
8870   NaN
8871 35.5583
8872 28.0935
8873 3.7752
8874 1.5523
8875 4.8532
8876 1.3290
8877 18.7944
8878 0.6462
8879 1.9316
8880 0.3863
8881 9.6016
8882 14.3544
8883 9.8614
8884 0.6314
8885 6.0386
8886   NaN
8887 1.6655
8888 4.2652
8889 28.4563
8890 27.4604
8891 6.7948
8892 4.7161
8893 9.6898
8894 10.9319
8895 0.6034
8896 0.3859
8897 7.5608
8898 21.8403
8899 0.8658
8900 43.4804
8901 43.8627
8902 0.1185
8903   NaN
8904 1.1249
8905 5.1075
8906 7.4209
8907 1.4198
8908 4.7734
8909 1.5287
8910 13.6007
8911 1.9047
8912 12.1273
8913 0.7286
8914 17.7506
8915 15.2829
8916 1.4432
8917   NaN
8918 13.0891
8919 8.3365
8920 2.1543
8921 4.8115
8922 0.9603
8923 1.0411
8924 2.4328
8925 25.8421
8926 20.2055
8927 24.9952
8928 8.9270
8929 28.2903
8930 25.6894
8931 1.3871
8932 7.1693
8933 0.8680
8934 2.4011
8935 2.6529
8936 5.4706
8937 14.1791
8938 1.0502
8939 7.6160
8940 10.7768
8941 11.1981
8942 3.5907
8943 7.6147
8944 4.5010
8945 30.9326
8946 20.3948
8947 41.9610
8948 13.2147
8949 2.7205
8950 7.0726
8951 2.4026
8952 2.3591
8953 14.0689
8954 4.3147
8955 18.6349
8956 0.8929
8957 5.0939
8958 2.5079
8959 1.4950
8960 0.3327
8961 0.7773
8962 9.2298
8963   NaN
8964 1.4505
8965 2.9033
8966 20.8918
8967 4.0713
8968 3.6225
8969 22.6909
8970 7.3508
8971   NaN
8972 0.2036
8973 0.8150
8974 23.6887
8975 3.7993
8976 12.7402
8977 1.9044
8978 1.6827
8979 16.8488
8980 7.4112
8981 2.9127
8982 2.3945
8983 4.7140
8984 1.6960
8985 2.1050
8986 0.8467
8987 0.4200
8988 1.2064
8989 13.8953
8990 2.3850
8991 25.4117
8992 25.0135
8993 11.5121
8994 0.7773
8995 1.7231
8996 1.0007
8997 1.1241
8998 18.4277
8999 9.3402
9000 2.4045
9001 1.6473
9002 8.5852
9003 4.0147
9004 19.3433
9005 15.0221
9006 29.0722
9007 3.7702
9008 10.0572
9009 7.6589
9010 0.4644
9011 23.5578
9012 52.8355
9013 3.0980
9014 2.1036
9015 2.4334
9016 0.2671
9017 22.6187
9018 3.8053
9019 15.7963
9020 5.1379
9021 22.5139
9022 30.9372
9023 0.4632
9024 0.6181
9025 7.4731
9026 7.2831
9027 2.0950
9028 24.9017
9029 3.0255
9030 0.8463
9031 3.9648
9032 8.7567
9033 7.2896
9034 13.9036
9035 0.4116
9036 2.8217
9037 13.7824
9038 14.7665
9039 25.5703
9040 11.8281
9041 2.4522
9042 0.7829
9043 15.4169
9044 26.2719
9045 2.5238
9046 1.1416
9047   NaN
9048 5.0885
9049 5.5289
9050 1.1127
9051 20.4513
9052 27.6591
9053 13.8510
9054 11.5741
9055 17.8948
9056 18.6215
9057 20.4537
9058 0.8728
9059 1.6441
9060 17.2073
9061 15.4101
9062 4.5694
9063 22.7552
9064 3.2662
9065 5.9784
9066 7.2329
9067 18.2536
9068 1.0635
9069 2.2897
9070 21.3693
9071 22.2270
9072 14.6803
9073 0.5082
9074 6.4914
9075 1.1938
9076 1.7576
9077 4.2952
9078 1.8268
9079 19.3554
9080 7.7529
9081 16.2341
9082 14.6252
9083 4.5945
9084 26.8923
9085 1.8651
9086 12.1160
9087 5.2318
9088 40.8361
9089 16.8193
9090 1.2080
9091 32.5018
9092 6.6625
9093 2.9843
9094 0.4553
9095 8.4602
9096 1.2465
9097 5.3733
9098 4.7763
9099 34.6602
9100 15.1814
9101   NaN
9102 1.6403
9103 18.0138
9104 6.1444
9105 1.8116
9106 15.4955
9107   NaN
9108 1.1685
9109 23.9641
9110 3.8038
9111 1.6603
9112 14.3538
9113 10.9883
9114 7.8752
9115 1.2898
9116 0.8155
9117 6.2906
9118 6.7565
9119 2.4462
9120   NaN
9121   NaN
9122 27.2662
9123 0.7769
9124 10.4317
9125 3.2740
9126 0.5166
9127 0.4589
9128 23.6642
9129 21.2878
9130 5.0622
9131 0.8079
9132 0.3326
9133 4.5180
9134 2.2123
9135 0.3348
9136 3.5293
9137 2.5982
9138 9.2121
9139 0.3128
9140   NaN
9141   NaN
9142 3.0886
9143 3.6534
9144 0.5726
9145 28.0648
9146 23.4865
9147 11.8599
9148 10.8804
9149 5.8339
9150 2.9517
9151 1.3432
9152 9.2792
9153 1.9048
9154 2.2709
9155 1.8925
9156 11.9143
9157 4.1050
9158 19.8938
9159 4.8750
9160 22.1430
9161 3.5316
9162 3.1398
9163 5.5004
9164 12.2784
9165 18.4624
9166 2.6337
9167 10.6533
9168 13.1955
9169 0.8621
9170 28.6697
9171 21.1555
9172 4.9653
9173 13.2145
9174 0.7570
9175 3.6815
9176 0.5266
9177 1.9187
9178 16.7303
9179 2.6126
9180 6.0611
9181 32.5786
9182 34.4464
9183 4.0079
9184 9.2590
9185 1.7113
9186 1.4158
9187 4.0369
9188 24.8701
9189 20.8084
9190 8.1526
9191 22.3750
9192 1.7124
9193 1.0996
9194 9.1554
9195 3.1282
9196 2.3025
9197 14.0738
9198 2.7639
9199 5.3242
9200 2.3641
9201 4.3563
9202 2.4620
9203 0.7572
9204 3.2763
9205 1.0228
9206 11.0212
9207 2.3794
9208 2.1158
9209 6.6221
9210 12.4562
9211 5.9029
9212 6.0670
9213 17.7059
9214 1.1897
9215 20.9851
9216 3.8710
9217 8.4787
9218 15.6403
9219 27.4185
9220 9.5845
9221 2.8106
9222 1.9598
9223 25.1599
9224 2.0623
9225 16.4352
9226 0.3475
9227 14.0495
9228 0.2432
9229 1.7625
9230 5.7381
9231 14.6725
9232 3.3720
9233 6.2105
9234 7.0228
9235 0.8583
9236 2.9265
9237 26.5363
9238 10.8601
9239 5.8152
9240 0.1898
9241 34.0782
9242 8.6013
9243 2.0401
9244 27.9878
9245 1.4945
9246 9.9369
9247 0.9378
9248 0.2341
9249 18.9082
9250 17.2583
9251 25.7338
9252 66.1553
9253 10.6380
9254 0.6783
9255 2.1545
9256 1.9486
9257 4.3159
9258 22.7989
9259 4.1303
9260 14.6531
9261 1.6091
9262 1.1782
9263 12.3234
9264 14.5649
9265 14.7815
9266 50.1433
9267 2.4371
9268 0.3648
9269 0.5496
9270 20.8926
9271 0.7179
9272 10.0107
9273 23.0657
9274   NaN
9275 2.3073
9276   NaN
9277 25.9152
9278 1.5100
9279 8.0395
9280 3.4951
9281 14.0310
9282   NaN
9283 18.5640
9284 1.4049
9285 16.6567
9286 8.1125
9287 13.9591
9288 16.6322
9289 2.2796
9290 27.2409
9291 23.6933
9292 5.5511
9293 7.0343
9294 3.2816
9295 13.9374
9296 19.9524
9297 6.7820
9298 31.9615
9299 1.0012
9300 35.2404
9301 1.3403
9302 5.9481
9303 3.0257
9304 25.9283
9305 21.5754
9306 0.4403
9307 11.8538
9308 11.8335
9309 5.7913
9310 8.9712
9311 2.1440
9312 7.5663
9313 39.9137
9314 3.2245
9315 0.5630
9316 22.9599
9317 20.6240
9318 1.3504
9319 28.9338
9320 2.0461
9321 34.8511
9322 9.1048
9323 7.5394
9324 0.6050
9325 16.7976
9326 9.5245
9327 5.0001
9328 1.9883
9329 5.1990
9330 6.1123
9331 1.1425
9332 12.8970
9333 2.1076
9334 14.9896
9335 0.9802
9336 1.7574
9337   NaN
9338 2.2027
9339 14.9407
9340 3.9533
9341   NaN
9342 14.0455
9343 18.0987
9344   NaN
9345 1.9234
9346 14.7532
9347 1.4189
9348 7.8023
9349 1.7266
9350 6.8243
9351 3.8030
9352 20.2608
9353 12.6776
9354 1.6120
9355 12.5643
9356 14.1624
9357 0.9397
9358 50.5409
9359 0.9392
9360   NaN
9361 4.0282
9362 18.8144
9363 1.1795
9364 1.2199
9365 0.3543
9366 1.4294
9367 0.3757
9368 37.5140
9369 12.6868
9370 2.7958
9371 3.8221
9372 0.7801
9373 9.8695
9374 5.4166
9375 1.0902
9376 12.0392
9377 4.1810
9378 16.4257
9379 4.4799
9380 0.7616
9381 8.9772
9382 18.4238
9383 13.2662
9384 8.4555
9385 1.7382
9386 3.2441
9387 0.7718
9388 36.3411
9389 4.3494
9390 5.8412
9391 14.3860
9392 2.4545
9393 1.7295
9394 1.1142
9395 4.3533
9396 20.0851
9397 5.7759
9398 1.1692
9399 29.6081
9400 0.5916
9401 18.9799
9402 3.6310
9403 7.5074
9404 0.8976
9405 3.3515
9406   NaN
9407 37.4970
9408 4.7184
9409 17.6233
9410 8.9510
9411 1.3371
9412 19.4348
9413 9.0200
9414 2.6674
9415   NaN
9416 11.0807
9417   NaN
9418 25.2748
9419 27.5950
9420 0.7493
9421 2.2423
9422 5.0007
9423 3.9543
9424 6.3605
9425 1.1633
9426 5.9029
9427 10.0062
9428 7.5762
9429 0.3562
9430 9.2216
9431 2.0956
9432 6.6111
9433 12.7028
9434 12.5406
9435 3.6119
9436 18.6703
9437 17.4334
9438 12.1734
9439 2.7278
9440 4.7632
9441 0.3234
9442 4.9953
9443 6.4395
9444 3.2867
9445 6.3016
9446 4.7766
9447 4.4909
9448 10.8913
9449 24.6348
9450 2.6509
9451 4.8715
9452 23.8722
9453 2.0821
9454 16.2660
9455 16.8875
9456 28.4111
9457 0.6330
9458 2.9449
9459 11.2906
9460 0.9117
9461 1.1655
9462 30.8115
9463 6.5533
9464 10.1386
9465 17.9347
9466 16.8284
9467 15.2941
9468 2.5290
9469 10.1329
9470 0.4084
9471 20.2366
9472 1.0404
9473 2.8873
9474 25.8003
9475 9.3041
9476 10.4082
9477 0.4928
9478 1.2330
9479 7.6011
9480 25.2571
9481   NaN
9482 33.5514
9483 5.2398
9484 7.6668
9485 26.5242
9486   NaN
9487 2.7311
9488   NaN
9489 0.0932
9490 13.9657
9491 22.5316
9492 2.7995
9493 1.6018
9494 1.0322
9495 21.7032
9496 16.9538
9497   NaN
9498 1.0981
9499 1.0158
9500 26.5762
9501 0.1247
9502 15.1386
9503 12.1392
9504 4.7355
9505 1.9187
9506 23.9008
9507 0.1559
9508   NaN
9509   NaN
9510 4.7712
9511 12.9594
9512 0.4718
9513 0.6505
9514 0.9512
9515 1.0223
9516 7.1024
9517 2.3771
9518 2.4777
9519 1.1951
9520 39.4502
9521 18.8665
9522 15.6383
9523 1.4852
9524 9.9603
9525 8.9302
9526 16.3327
9527 17.3993
9528 11.0766
9529 14.3825
9530 0.8109
9531 1.3703
9532 6.3363
9533 12.5386
9534 2.4089
9535 3.3889
9536 15.0342
9537 13.1557
9538 3.7017
9539 10.7011
9540 20.3579
9541 10.3253
9542 4.2536
9543 24.7013
9544 0.7531
9545 45.9739
9546 15.4162
9547 12.5678
9548 29.8473
9549 5.8950
9550 6.2331
9551 4.3800
9552 4.0151
9553 9.4760
9554 27.2005
9555 0.7615
9556 3.7727
9557 0.5743
9558 22.1037
9559 1.6546
9560 1.1685
9561 7.8462
9562 1.0574
9563 12.1310
9564 16.7250
9565 10.8577
9566 8.8904
9567 9.1103
9568 5.5823
9569 17.5464
9570 0.8815
9571 9.6673
9572   NaN
9573 8.2855
9574 0.6892
9575 1.6786
9576 1.3777
9577 7.5635
9578 8.1982
9579 2.5664
9580 15.9386
9581 11.8762
9582 1.9423
9583 1.9506
9584 15.0785
9585 32.4665
9586 19.6791
9587 2.8970
9588 1.1276
9589 15.7689
9590 8.5645
9591 18.6549
9592 23.9167
9593 14.2140
9594 1.7737
9595 9.4288
9596 38.6741
9597 20.5167
9598 6.8039
9599 2.1291
9600 13.7652
9601 1.2001
9602 19.3131
9603 6.2705
9604 30.4178
9605 14.4352
9606 1.6217
9607 10.7506
9608 4.1181
9609 8.8612
9610 18.6790
9611 17.2190
9612 8.7102
9613 18.0699
9614 8.0170
9615 1.8230
9616 3.0785
9617 9.6524
9618 10.3260
9619 1.7029
9620 12.7620
9621 3.3872
9622 7.8535
9623 21.2201
9624 5.0717
9625 1.3411
9626 18.4389
9627 2.0577
9628 5.8684
9629 1.6585
9630 29.5559
9631 1.2832
9632 1.6037
9633 14.2402
9634 2.5044
9635 22.4598
9636 18.4627
9637 12.9592
9638 5.8819
9639 1.3564
9640 1.5768
9641 9.7026
9642 0.3681
9643 1.8981
9644 1.1642
9645 2.3105
9646 3.1938
9647 23.9500
9648 2.9099
9649 10.4950
9650 7.5498
9651 17.2147
9652 0.3436
9653 24.9781
9654 0.7927
9655 3.9589
9656 6.8503
9657 3.8147
9658 7.0203
9659 8.7971
9660 13.8734
9661 0.5840
9662 3.6138
9663 22.2864
9664 24.6157
9665 21.9266
9666 9.4422
9667 19.6225
9668 10.1317
9669 5.6542
9670 1.4563
9671 11.4789
9672 1.0930
9673 4.4745
9674 13.6380
9675   NaN
9676 13.5671
9677 15.0436
9678 2.8254
9679 0.8750
9680 13.3697
9681 7.6957
9682 14.3269
9683 0.1449
9684 10.1487
9685 0.9237
9686 10.0537
9687 2.7593
9688 13.1513
9689 4.1817
9690 3.6857
9691 19.3541
9692 6.1590
9693 4.8442
9694 3.1273
9695 6.1020
9696 11.8970
9697 11.9290
9698 12.2099
9699 11.3308
9700 9.9474
9701 10.3059
9702 1.1003
9703 1.6011
9704 0.3306
9705 16.4185
9706 0.6351
9707 8.4246
9708 19.3899
9709 1.3697
9710 0.8671
9711 15.7517
9712 26.7724
9713 3.6925
9714 36.3974
9715   NaN
9716 3.8281
9717 30.2017
9718 6.0644
9719 3.2506
9720 0.9625
9721 2.6285
9722 1.2257
9723 18.4358
9724 11.4985
9725 13.8078
9726 4.0083
9727 7.6098
9728 23.8416
9729 2.2845
9730 0.6104
9731 40.7916
9732 8.4697
9733   NaN
9734 0.6176
9735 7.3721
9736 5.0022
9737 12.6246
9738 12.1133
9739 33.8994
9740 6.4992
9741 13.5290
9742 2.9733
9743 1.4031
9744 4.1235
9745 1.1259
9746 6.7180
9747 31.1250
9748 16.2556
9749 7.2607
9750 2.5519
9751 1.1780
9752 2.5858
9753 1.6388
9754 0.2428
9755 16.5863
9756 4.9045
9757 36.4485
9758 24.6595
9759 7.5290
9760 24.3820
9761 10.3790
9762 1.9156
9763   NaN
9764 25.4629
9765 4.0110
9766 6.4526
9767 6.6440
9768 27.6749
9769 39.6539
9770 2.5313
9771 1.7230
9772 19.2071
9773 10.2183
9774 19.2232
9775 15.8357
9776 4.0255
9777 20.0285
9778 18.5756
9779 5.2533
9780   NaN
9781 25.2338
9782 1.7303
9783 30.5167
9784 31.1120
9785 10.6245
9786 1.0400
9787 12.5898
9788 1.0092
9789 11.4890
9790 3.0773
9791 2.8156
9792 18.7051
9793 2.6549
9794 2.2351
9795 27.8400
9796 15.7109
9797 34.5060
9798 12.2795
9799 6.4957
9800 28.5966
9801 22.7025
9802 7.9778
9803 4.3759
9804 1.8548
9805 5.1173
9806 7.6629
9807 0.7754
9808 7.4639
9809 12.6092
9810 1.2372
9811 2.9588
9812 2.6062
9813 19.0058
9814 24.8216
9815 15.6543
9816 1.1635
9817 1.6479
9818 5.1163
9819 7.9528
9820 3.9914
9821 19.6125
9822 4.9994
9823 1.3795
9824 20.0541
9825 3.4952
9826 38.2419
9827 32.0599
9828 0.4591
9829 1.0256
9830 15.0443
9831 14.7280
9832 6.9048
9833 5.9427
9834 23.2363
9835 13.6631
9836 1.3733
9837 14.7694
9838 41.4865
9839 21.2493
9840 4.1569
9841 14.9892
9842 8.1987
9843 14.8084
9844 21.8162
9845 2.0830
9846 7.3800
9847 16.6534
9848 3.4283
9849 5.1651
9850   NaN
9851 4.2985
9852 1.9631
9853 7.9916
9854 2.2499
9855 13.7663
9856 4.9977
9857 19.9456
9858 0.3433
9859 12.6693
9860 11.8151
9861 7.2933
9862 5.6188
9863 32.3342
9864 0.6752
9865 33.5501
9866 17.6886
9867 4.6910
9868 9.2705
9869 6.4314
9870 24.6785
9871 8.4904
9872 1.6549
9873 4.6292
9874 9.8556
9875 25.4712
9876 0.2395
9877 1.1530
9878 27.6376
9879 15.8412
9880 5.0331
9881 18.6608
9882 12.7055
9883 10.9143
9884 28.7134
9885 5.4930
9886 10.5259
9887   NaN
9888 11.9484
9889 6.4945
9890 0.5161
9891 1.4573
9892 23.0114
9893 13.2868
9894 12.2123
9895 1.8220
9896 1.3875
9897 0.4542
9898 26.9894
9899 11.2244
9900 2.2947
9901 15.2365
9902 5.0863
9903 34.0447
9904 0.3312
9905 1.5443
9906 2.2896
9907 12.1994
9908 10.4682
9909 9.4605
9910 1.1616
9911 1.7597
9912 18.7510
9913 0.9584
9914 1.1280
9915 11.2751
9916 23.0609
9917 7.1556
9918 1.9074
9919 6.0722
9920 4.1911
9921 9.4140
9922 2.4237
9923 14.4571
9924 6.1907
9925 9.6586
9926 24.1204
9927 14.4289
9928 1.4473
9929 8.1514
9930 11.1675
9931 26.1918
9932 11.6824
9933 1.0319
9934 17.4296
9935 13.0751
9936 0.8396
9937 0.4549
9938 47.7362
9939 4.4186
9940 18.6837
9941 21.5803
9942 24.4612
9943 2.2324
9944 6.2626
9945 16.5227
9946 34.1235
9947 8.3330
9948   NaN
9949 6.3657
9950 5.1245
9951 1.9501
9952 16.1934
9953 13.6492
9954 20.1445
9955 3.7527
9956 1.6060
9957 19.0230
9958 0.6278
9959 22.1605
9960 5.0869
9961 39.0980
9962 60.8525
9963 0.4536
9964 9.8541
9965 6.0257
9966 4.4258
9967 7.6579
9968 7.9746
9969 16.3236
9970 11.6053
9971 7.8805
9972 1.3307
9973 15.0309
9974 20.7722
9975 25.3071
9976 10.1893
9977 19.7887
9978 5.6260
9979 16.0670
9980 0.9102
9981 4.5715
9982 7.6947
9983 23.8285
9984 11.9659
9985 8.1408
9986 6.1176
9987 2.9041
9988 10.5948
9989 15.7099
9990 0.6879
9991 2.5887
9992 5.8081
9993 6.3435
9994 25.8458
9995 16.0414
9996 20.1762
9997 7.3896
9998 12.4560
9999 7.8312
10000 21.0181
