5001 0.0962
5002 0.2793
5003 0.1676
5004 0.1878
5005 0.1018
5006 0.1284
5007 0.2609
5008 0.8898
5009 0.0700
5010 0.3004
5011 0.0667
5012 0.1357
5013 0.1197
5014 0.0994
5015 0.3679
5016 0.1822
5017 0.1174
5018 0.1726
5019 0.1147
5020 0.1505
5021 0.1980
5022 0.3252
5023 0.2109
5024 0.1056
5025 0.2513
5026 0.4319
5027 0.1541
5028 0.2421
5029 0.0909
5030 0.2391
5031 0.4326
5032 0.0867
5033 0.1326
5034 0.1463
5035 0.1271
5036 0.1302
5037 0.2868
5038 0.1828
5039 0.0947
5040 1.1321
5041 0.1048
5042 0.0740
5043 0.6705
5044 0.3878
5045 0.1384
5046 0.0872
5047 0.5328
5048 0.1061
5049 0.1914
5050 0.0912
5051 0.2073
5052 0.2406
5053 0.2470
5054 0.5944
5055 0.2635
5056 0.0606
5057 0.0807
5058 0.3572
5059 0.1685
5060 0.3599
5061 0.2375
5062 0.1005
5063 0.5069
5064 0.2486
5065 0.1708
5066 0.0612
5067 0.1128
5068 0.1373
5069 3.7010
5070 0.2956
5071 0.8819
5072 0.1720
5073 0.2027
5074 0.2460
5075 0.0824
5076 0.2035
5077 0.0832
5078 0.3814
5079 0.2559
5080 0.2056
5081 0.2883
5082 0.1473
5083 0.5613
5084 0.0848
5085 0.1024
5086 0.1553
5087 0.1712
5088 0.1538
5089 0.1610
5090 0.1284
5091 0.0768
5092 0.2284
5093 0.0783
5094 0.1363
5095 0.0730
5096 0.3198
5097 0.5060
5098 0.1895
5099 0.1572
5100 0.1108
5101 0.3448
5102 0.2408
5103 0.0990
5104 0.1038
5105 0.1623
5106 0.0601
5107 0.0613
5108 0.0919
5109 0.1041
5110 0.1363
5111 0.3314
5112 0.2068
5113 0.1763
5114 0.5638
5115 0.1527
5116 0.1301
5117 0.1162
5118 0.0798
5119 0.0880
5120 0.1081
5121 0.1211
5122 0.1463
5123 0.0915
5124 0.3085
5125 0.0735
5126 0.3862
5127 0.2543
5128 0.1008
5129 0.5923
5130 0.2086
5131 0.0708
5132 0.1132
5133 0.2589
5134 0.9000
5135 0.1134
5136 0.0830
5137 0.1603
5138 0.1500
5139 0.1049
5140 0.0709
5141 0.3469
5142 0.1102
5143 0.4708
5144 0.2981
5145 0.1448
5146 0.1893
5147 0.2744
5148 0.1939
5149 0.1320
5150 0.4355
5151 0.4028
5152 0.1267
5153 0.3764
5154 0.0798
5155 0.1848
5156 0.0669
5157 0.5344
5158 0.3327
5159 0.3263
5160 0.7528
5161 0.6665
5162 0.0911
5163 0.6734
5164 0.7859
5165 0.6041
5166 0.0986
5167 0.2066
5168 0.0967
5169 0.0728
5170 0.1495
5171 0.7709
5172 0.2342
5173 0.2609
5174 0.2706
5175 0.2405
5176 0.1037
5177 0.1063
5178 0.1466
5179 0.3344
5180 0.1196
5181 0.1766
5182 0.0888
5183 0.0788
5184 0.0952
5185 0.9820
5186 0.0741
5187 0.1549
5188 0.4480
5189 0.1327
5190 0.0749
5191 0.2401
5192 0.0836
5193 0.1687
5194 0.1427
5195 0.1898
5196 0.1074
5197 0.1057
5198 0.0997
5199 0.1381
5200 0.4712
5201 0.1738
5202 0.3023
5203 0.1548
5204 0.8480
5205 0.2914
5206 0.1483
5207 0.3486
5208 0.0836
5209 0.1014
5210 0.1339
5211 0.1912
5212 0.0996
5213 0.1874
5214 0.1704
5215 0.4635
5216 0.5428
5217 0.2690
5218 0.0869
5219 0.1071
5220 0.0750
5221 0.1031
5222 0.1088
5223 0.1789
5224 0.1118
5225 0.6179
5226 0.1894
5227 0.4742
5228 0.1827
5229 0.2791
5230 1.2153
5231 0.1238
5232 0.1121
5233 0.1266
5234 0.2848
5235 0.3138
5236 0.2249
5237 0.0739
5238 0.1499
5239 0.1137
5240 0.0876
5241 0.3838
5242 0.1400
5243 0.4135
5244 0.0719
5245 0.4529
5246 0.0684
5247 0.0719
5248 0.2909
5249 0.2976
5250 0.2008
5251 0.2654
5252 0.0882
5253 0.0974
5254 0.1813
5255 0.9167
5256 0.1099
5257 0.1486
5258 0.2478
5259 0.6724
5260 0.6654
5261 0.1612
5262 0.2163
5263 0.0851
5264 0.1677
5265 0.2237
5266 0.0815
5267 0.2508
5268 0.3523
5269 0.1073
5270 0.1689
5271 0.0981
5272 0.1182
5273 0.1875
5274 1.3287
5275 0.2076
5276 0.2226
5277 0.1717
5278 0.0793
5279 0.1421
5280 0.1317
5281 0.0826
5282 0.2660
5283 0.3923
5284 0.2352
5285 0.0781
5286 0.3949
5287 1.1677
5288 0.0847
5289 0.1465
5290 0.1930
5291 0.2131
5292 0.6253
5293 0.2111
5294 0.0688
5295 0.2247
5296 0.1907
5297 0.1010
5298 0.4784
5299 0.0947
5300 0.1684
5301 0.0943
5302 0.4135
5303 0.1783
5304 0.0834
5305 0.3150
5306 0.7137
5307 0.2121
5308 0.0939
5309 0.4435
5310 0.2202
5311 0.3341
5312 0.1312
5313 0.1686
5314 0.0857
5315 0.0967
5316 0.1780
5317 0.0930
5318 0.1362
5319 0.0853
5320 0.2074
5321 0.2059
5322 0.3517
5323 0.1938
5324 0.1418
5325 0.2128
5326 0.3117
5327 0.1223
5328 0.2841
5329 0.0706
5330 0.5027
5331 0.1279
5332 0.1215
5333 0.4270
5334 2.7512
5335 0.0681
5336 0.3347
5337 0.2487
5338 0.0757
5339 0.2606
5340 0.2727
5341 0.1966
5342 0.1658
5343 0.1292
5344 0.0957
5345 0.1691
5346 0.2219
5347 0.0739
5348 0.2257
5349 0.0912
5350 0.0879
5351 0.0954
5352 0.3643
5353 0.1288
5354 0.3076
5355 0.1314
5356 0.1065
5357 0.1255
5358 0.1519
5359 0.1410
5360 0.1229
5361 0.1860
5362 0.1394
5363 0.1380
5364 0.1720
5365 0.1323
5366 0.1434
5367 0.1402
5368 0.1875
5369 0.0925
5370 0.0772
5371 0.1982
5372 0.4636
5373 0.2787
5374 0.1603
5375 0.1335
5376 0.0672
5377 0.2254
5378 0.0607
5379 0.1818
5380 0.2668
5381 0.3594
5382 0.1909
5383 0.2412
5384 0.1539
5385 0.1708
5386 0.1484
5387 0.1584
5388 0.2012
5389 0.9053
5390 0.0884
5391 0.0757
5392 0.0897
5393 0.0780
5394 0.1126
5395 0.2733
5396 0.1960
5397 0.3119
5398 0.1040
5399 0.2731
5400 0.1586
5401 0.2267
5402 0.4142
5403 0.0887
5404 0.0985
5405 0.1939
5406 0.0880
5407 0.3250
5408 0.0828
5409 0.0972
5410 0.1477
5411 0.0716
5412 0.0866
5413 0.0875
5414 0.0912
5415 0.1196
5416 0.0789
5417 0.2528
5418 0.1573
5419 0.0838
5420 0.1519
5421 0.2545
5422 0.4341
5423 0.4302
5424 3.3849
5425 0.2877
5426 0.1082
5427 0.2827
5428 0.7189
5429 0.0800
5430 0.2117
5431 0.2301
5432 0.1817
5433 0.0843
5434 0.0817
5435 0.3411
5436 0.1828
5437 0.1422
5438 0.1905
5439 0.1581
5440 0.2156
5441 0.2200
5442 0.1918
5443 0.2730
5444 0.1929
5445 0.2620
5446 0.1139
5447 0.3631
5448 0.1787
5449 0.2491
5450 0.1553
5451 0.1596
5452 0.5209
5453 0.2628
5454 0.1958
5455 0.1271
5456 0.2251
5457 0.0671
5458 0.1173
5459 0.3098
5460 0.1063
5461 0.1232
5462 0.3388
5463 0.0995
5464 0.2807
5465 0.0986
5466 0.0940
5467 0.3833
5468 0.2979
5469 0.1726
5470 0.1868
5471 0.1111
5472 0.4104
5473 0.1557
5474 0.1360
5475 0.3512
5476 0.1965
5477 0.0722
5478 0.1360
5479 0.3525
5480 0.1781
5481 0.9836
5482 0.0833
5483 0.1491
5484 0.1032
5485 0.1366
5486 0.8458
5487 0.2374
5488 0.1366
5489 0.1499
5490 0.1353
5491 0.1443
5492 0.1985
5493 0.1323
5494 0.2232
5495 0.2122
5496 0.9927
5497 0.2670
5498 0.0771
5499 0.2535
5500 0.3257
5501 0.1080
5502 0.0890
5503 0.2917
5504 0.1063
5505 1.0023
5506 0.1524
5507 0.2714
5508 0.1152
5509 0.1032
5510 0.4501
5511 0.2358
5512 0.0915
5513 0.2215
5514 0.4471
5515 0.8910
5516 0.1413
5517 0.1413
5518 0.0981
5519 0.3996
5520 0.7893
5521 0.1830
5522 0.1781
5523 0.1414
5524 0.2610
5525 0.2239
5526 0.1560
5527 0.4131
5528 0.2495
5529 0.0871
5530 0.4551
5531 0.1054
5532 0.4733
5533 0.0895
5534 0.1520
5535 0.0876
5536 0.2357
5537 0.1912
5538 0.2417
5539 0.0964
5540 0.1059
5541 0.5191
5542 0.2601
5543 0.0903
5544 0.2411
5545 0.1919
5546 0.1787
5547 0.0978
5548 0.1579
5549 0.1647
5550 0.2062
5551 0.1704
5552 0.1062
5553 0.3547
5554 0.2017
5555 0.2850
5556 0.0675
5557 0.1720
5558 0.0888
5559 0.2533
5560 0.1112
5561 0.1022
5562 0.0994
5563 0.0889
5564 0.1805
5565 0.2089
5566 0.2054
5567 0.0764
5568 0.1583
5569 0.2285
5570 0.1643
5571 0.7606
5572 0.0683
5573 0.1197
5574 0.4412
5575 0.1774
5576 0.1100
5577 0.1289
5578 0.0924
5579 0.0888
5580 0.1800
5581 0.0833
5582 0.2923
5583 0.1136
5584 0.2992
5585 0.1790
5586 0.3482
5587 0.3474
5588 0.1708
5589 0.0608
5590 0.2955
5591 0.0911
5592 0.0736
5593 0.2078
5594 0.1428
5595 0.0844
5596 0.4170
5597 0.0896
5598 0.2494
5599 0.0688
5600 0.2011
5601 0.2179
5602 0.0978
5603 0.2581
5604 0.8004
5605 0.3616
5606 0.1965
5607 0.3796
5608 0.5719
5609 0.1944
5610 0.1680
5611 0.0743
5612 0.1082
5613 0.1307
5614 0.1299
5615 0.1793
5616 0.1364
5617 0.2432
5618 0.0852
5619 1.2251
5620 0.1605
5621 0.1669
5622 0.0809
5623 0.1575
5624 0.1001
5625 0.1021
5626 0.1581
5627 0.6992
5628 0.1482
5629 0.0767
5630 0.0726
5631 0.0878
5632 0.4822
5633 0.1287
5634 1.4684
5635 0.1042
5636 0.2312
5637 0.1586
5638 0.0844
5639 0.2242
5640 0.3382
5641 0.4950
5642 0.3553
5643 0.2109
5644 0.2910
5645 0.3123
5646 0.3259
5647 0.0947
5648 0.0937
5649 0.1677
5650 0.2439
5651 0.2287
5652 0.0870
5653 0.0673
5654 0.5610
5655 0.1058
5656 0.1813
5657 0.1236
5658 0.1952
5659 0.4907
5660 0.1424
5661 0.1054
5662 0.1634
5663 0.4664
5664 0.2187
5665 0.2191
5666 0.0793
5667 0.1964
5668 0.1598
5669 0.1751
5670 0.1101
5671 0.1613
5672 0.1948
5673 0.0933
5674 0.1479
5675 0.1471
5676 0.3825
5677 0.1642
5678 0.2073
5679 0.2639
5680 0.1104
5681 0.2232
5682 1.2893
5683 0.4180
5684 0.2229
5685 0.0986
5686 0.3963
5687 0.1715
5688 0.0994
5689 0.2183
5690 0.2927
5691 0.1463
5692 0.0716
5693 0.3774
5694 0.3152
5695 0.1041
5696 0.3837
5697 0.2335
5698 0.4007
5699 0.2473
5700 0.3909
5701 0.4623
5702 0.3279
5703 0.2915
5704 0.5501
5705 1.0629
5706 0.1153
5707 0.1188
5708 0.4501
5709 0.2081
5710 0.3775
5711 0.0678
5712 0.2694
5713 0.1299
5714 0.0962
5715 0.1115
5716 0.1474
5717 0.6441
5718 0.2833
5719 0.1227
5720 0.4897
5721 0.1827
5722 0.1111
5723 0.1022
5724 0.2163
5725 2.7845
5726 1.2974
5727 0.1733
5728 0.1627
5729 0.1786
5730 0.2791
5731 0.0777
5732 0.5364
5733 0.2643
5734 0.2243
5735 0.4478
5736 0.4820
5737 0.1674
5738 0.0935
5739 0.3214
5740 0.1208
5741 0.1200
5742 0.1809
5743 0.0836
5744 0.1189
5745 0.4143
5746 0.0826
5747 0.2651
5748 0.1712
5749 0.0691
5750 0.1685
5751 0.3671
5752 0.0742
5753 0.1562
5754 0.0847
5755 0.1575
5756 0.0717
5757 0.3176
5758 0.1092
5759 0.0858
5760 0.0886
5761 0.2283
5762 0.4636
5763 0.1312
5764 1.3768
5765 0.1431
5766 0.1488
5767 0.0813
5768 0.6567
5769 0.1055
5770 0.1116
5771 0.1177
5772 0.2907
5773 0.0716
5774 0.4083
5775 0.1422
5776 0.0788
5777 0.1763
5778 0.1484
5779 1.4416
5780 0.1690
5781 0.1819
5782 0.0994
5783 0.1369
5784 0.2388
5785 0.4448
5786 0.2762
5787 0.2407
5788 0.1875
5789 0.4721
5790 0.0871
5791 0.1406
5792 0.2470
5793 0.3723
5794 0.3337
5795 0.1480
5796 0.1122
5797 0.2815
5798 0.0816
5799 0.1989
5800 0.1073
5801 0.3431
5802 0.1220
5803 0.1186
5804 0.0822
5805 0.4934
5806 0.0925
5807 0.1722
5808 0.0844
5809 0.1966
5810 0.0671
5811 0.8083
5812 0.1146
5813 0.1540
5814 0.4034
5815 0.2039
5816 0.2230
5817 0.0613
5818 0.2672
5819 0.1942
5820 0.1191
5821 0.1945
5822 0.0954
5823 0.2191
5824 0.2335
5825 0.2674
5826 0.0826
5827 0.2601
5828 0.2084
5829 0.2402
5830 0.1939
5831 0.4169
5832 0.0766
5833 0.0707
5834 0.5344
5835 0.0644
5836 0.1633
5837 0.1980
5838 0.1146
5839 0.0784
5840 0.0637
5841 0.1712
5842 0.1737
5843 0.2759
5844 0.2445
5845 0.3866
5846 0.2171
5847 0.1511
5848 0.5144
5849 0.0813
5850 0.0931
5851 0.3020
5852 0.4830
5853 0.3529
5854 0.0760
5855 0.1783
5856 0.2474
5857 0.0922
5858 0.0606
5859 0.6003
5860 0.0749
5861 0.1327
5862 0.2111
5863 0.0922
5864 0.1179
5865 0.2871
5866 0.1236
5867 0.1050
5868 0.2487
5869 0.1727
5870 0.2518
5871 0.2422
5872 0.3239
5873 0.2320
5874 0.1137
5875 0.2480
5876 0.1368
5877 0.2065
5878 0.4948
5879 0.1228
5880 0.0787
5881 0.3396
5882 0.3478
5883 0.1457
5884 0.5527
5885 0.1597
5886 0.2290
5887 0.1583
5888 0.1220
5889 0.1622
5890 0.4504
5891 0.1592
5892 0.1860
5893 0.1816
5894 0.1152
5895 0.3700
5896 0.1725
5897 0.0748
5898 0.3653
5899 0.3405
5900 0.1144
5901 0.1003
5902 0.0972
5903 0.0888
5904 0.1259
5905 0.2193
5906 0.1353
5907 0.0805
5908 0.0893
5909 0.8624
5910 0.2937
5911 0.0885
5912 0.0876
5913 0.1152
5914 0.0754
5915 0.0963
5916 0.3009
5917 0.3021
5918 0.2369
5919 0.1405
5920 0.0723
5921 0.0797
5922 0.0889
5923 0.0830
5924 0.3263
5925 0.6152
5926 0.2260
5927 0.0951
5928 0.0972
5929 0.1084
5930 0.5287
5931 0.1972
5932 0.3412
5933 0.2643
5934 0.0681
5935 0.3596
5936 0.2553
5937 0.4834
5938 0.1308
5939 0.6441
5940 0.2176
5941 0.1783
5942 0.1873
5943 0.1507
5944 0.0819
5945 0.1152
5946 0.0790
5947 0.3809
5948 0.1018
5949 0.1114
5950 0.0861
5951 0.6308
5952 0.2675
5953 0.0950
5954 0.4036
5955 0.0708
5956 0.0991
5957 0.5900
5958 0.1053
5959 0.2969
5960 0.3472
5961 0.1467
5962 0.0644
5963 0.2332
5964 0.6237
5965 0.2061
5966 0.1622
5967 0.1586
5968 0.1076
5969 0.4542
5970 0.0773
5971 0.2306
5972 0.9658
5973 1.8614
5974 0.2294
5975 0.2986
5976 0.3311
5977 0.6727
5978 0.3621
5979 0.0968
5980 0.1633
5981 0.1755
5982 0.1278
5983 0.1899
5984 0.2320
5985 0.1208
5986 0.3227
5987 0.1447
5988 0.3319
5989 0.3415
5990 0.0696
5991 0.1432
5992 0.2162
5993 0.1825
5994 0.1259
5995 0.1727
5996 0.5748
5997 0.5133
5998 1.5850
5999 0.1700
6000 0.2227
6001 0.2012
6002 0.1932
6003 0.3831
6004 0.4677
6005 0.4079
6006 0.1983
6007 0.1152
6008 0.4259
6009 0.1813
6010 0.1736
6011 0.1747
6012 0.2287
6013 0.0939
6014 1.0806
6015 0.1920
6016 0.2658
6017 0.1495
6018 0.2009
6019 0.1230
6020 0.3935
6021 0.5271
6022 0.0660
6023 0.5580
6024 0.2620
6025 0.4351
6026 0.0994
6027 0.2599
6028 0.1682
6029 0.1384
6030 0.2256
6031 0.0708
6032 0.3577
6033 0.3808
6034 0.1017
6035 0.1302
6036 0.1008
6037 0.1891
6038 0.0897
6039 0.0876
6040 0.2626
6041 0.3426
6042 0.1452
6043 0.1582
6044 0.2231
6045 0.2422
6046 0.0917
6047 0.1990
6048 0.1115
6049 0.0624
6050 0.1553
6051 0.1625
6052 0.0903
6053 0.0979
6054 0.1842
6055 0.1413
6056 0.1059
6057 0.1767
6058 0.2080
6059 0.6294
6060 0.1830
6061 0.1313
6062 0.1594
6063 0.3605
6064 0.1824
6065 0.3006
6066 0.1148
6067 0.0957
6068 0.1692
6069 0.0808
6070 0.0895
6071 0.1375
6072 0.5209
6073 0.0909
6074 0.1306
6075 0.0669
6076 0.4744
6077 0.1645
6078 0.1869
6079 0.1886
6080 0.1183
6081 0.0955
6082 0.2319
6083 0.1039
6084 0.3765
6085 0.1779
6086 0.4272
6087 0.0811
6088 0.2158
6089 0.3365
6090 0.3201
6091 0.4431
6092 0.1079
6093 0.1841
6094 0.4585
6095 0.1782
6096 0.2150
6097 0.3904
6098 0.1081
6099 0.0831
6100 0.1320
6101 0.1348
6102 0.1101
6103 0.1564
6104 0.0888
6105 0.3477
6106 0.1510
6107 0.1542
6108 0.4838
6109 0.2563
6110 0.0924
6111 0.2404
6112 0.1393
6113 0.1026
6114 0.0791
6115 0.6536
6116 0.1967
6117 0.1693
6118 0.2222
6119 0.2015
6120 0.1062
6121 0.1379
6122 1.6010
6123 0.1996
6124 0.2331
6125 0.9642
6126 0.1484
6127 0.1240
6128 0.1239
6129 0.0727
6130 0.3237
6131 0.2641
6132 0.0923
6133 0.2187
6134 0.4770
6135 0.4854
6136 1.1457
6137 0.0999
6138 0.2050
6139 0.2092
6140 0.1999
6141 0.1313
6142 0.2220
6143 0.1637
6144 0.1334
6145 0.3262
6146 0.5692
6147 0.0860
6148 0.1030
6149 0.4392
6150 0.4952
6151 0.1134
6152 0.2578
6153 0.3339
6154 0.3573
6155 0.1519
6156 0.0759
6157 0.0850
6158 0.4623
6159 0.1876
6160 0.2434
6161 0.1097
6162 0.0837
6163 0.1089
6164 0.1861
6165 0.0888
6166 0.0976
6167 0.1608
6168 0.0712
6169 0.0967
6170 0.1060
6171 0.1044
6172 0.1295
6173 0.1422
6174 0.0902
6175 0.0618
6176 0.2485
6177 0.1195
6178 0.1565
6179 0.3324
6180 0.1868
6181 0.2195
6182 0.1580
6183 0.1153
6184 0.1159
6185 0.6837
6186 0.0907
6187 0.0964
6188 0.8102
6189 0.5166
6190 0.1226
6191 0.1074
6192 0.2652
6193 0.6144
6194 0.0987
6195 0.0705
6196 0.1846
6197 0.1753
6198 0.4111
6199 0.2383
6200 0.0789
6201 0.3876
6202 0.1203
6203 0.1844
6204 0.1993
6205 0.2117
6206 0.0991
6207 0.1165
6208 0.1950
6209 0.1110
6210 0.1993
6211 0.0918
6212 0.2800
6213 0.1982
6214 0.1483
6215 0.0923
6216 0.4410
6217 0.4299
6218 0.0654
6219 0.2057
6220 0.1099
6221 0.1143
6222 0.1527
6223 0.1614
6224 0.2133
6225 0.4661
6226 0.1896
6227 0.3165
6228 0.2966
6229 0.2653
6230 0.1426
6231 0.1808
6232 0.2113
6233 0.2139
6234 0.0771
6235 0.0774
6236 0.1011
6237 0.2247
6238 0.2072
6239 0.1303
6240 0.1564
6241 0.5065
6242 0.3297
6243 0.4581
6244 0.0843
6245 0.2270
6246 0.0807
6247 0.2109
6248 0.1068
6249 0.1093
6250 0.0673
6251 0.1659
6252 0.7055
6253 0.2353
6254 0.0703
6255 0.1604
6256 0.1069
6257 0.1316
6258 0.7543
6259 0.4531
6260 0.3831
6261 0.2367
6262 0.1873
6263 0.1638
6264 0.2893
6265 0.3466
6266 0.1890
6267 0.1546
6268 0.1647
6269 0.0801
6270 0.5448
6271 0.2585
6272 0.1684
6273 0.1852
6274 0.3295
6275 0.5607
6276 0.1497
6277 0.4059
6278 1.0397
6279 0.2744
6280 0.0749
6281 0.2851
6282 0.2556
6283 0.1927
6284 0.1567
6285 0.4763
6286 0.3895
6287 0.2459
6288 0.0718
6289 0.7711
6290 0.1417
6291 0.5864
6292 0.0909
6293 0.0951
6294 0.0910
6295 0.2004
6296 0.0788
6297 0.1905
6298 0.1470
6299 0.1798
6300 0.1784
6301 0.2658
6302 0.2469
6303 0.0784
6304 0.2169
6305 0.1386
6306 0.1399
6307 0.4295
6308 0.1660
6309 0.3195
6310 0.1217
6311 0.0948
6312 0.2678
6313 0.1100
6314 0.1672
6315 0.0712
6316 0.1562
6317 0.1076
6318 0.2381
6319 0.0789
6320 0.1681
6321 0.0945
6322 0.1645
6323 0.4126
6324 0.1949
6325 0.1833
6326 0.1663
6327 0.4956
6328 0.2760
6329 0.1717
6330 0.6819
6331 0.1088
6332 0.3886
6333 0.5149
6334 0.0851
6335 0.3964
6336 0.1394
6337 0.1805
6338 0.3582
6339 0.1810
6340 0.1210
6341 0.1062
6342 0.1638
6343 0.3234
6344 0.0712
6345 0.1081
6346 0.1301
6347 0.2205
6348 0.0845
6349 1.3699
6350 0.0871
6351 0.1699
6352 0.7952
6353 0.1144
6354 0.2750
6355 0.2166
6356 0.6009
6357 0.7444
6358 0.2414
6359 0.3692
6360 0.0621
6361 0.3079
6362 0.3610
6363 0.1282
6364 0.1185
6365 0.4863
6366 0.2700
6367 0.2801
6368 0.1070
6369 0.0839
6370 0.2165
6371 0.8246
6372 0.3467
6373 0.2031
6374 0.0740
6375 0.1421
6376 0.0793
6377 0.1483
6378 0.0917
6379 0.4593
6380 0.3305
6381 0.8346
6382 0.0775
6383 0.1739
6384 0.1000
6385 0.1388
6386 0.7202
6387 0.8047
6388 0.2191
6389 0.5149
6390 0.2003
6391 0.1859
6392 0.2445
6393 0.4574
6394 0.1906
6395 0.1047
6396 0.1123
6397 0.0737
6398 0.1055
6399 0.1197
6400 0.1729
6401 0.2312
6402 0.2062
6403 0.1270
6404 0.1022
6405 0.2962
6406 0.0999
6407 0.0832
6408 0.0667
6409 0.4892
6410 0.1450
6411 0.1303
6412 0.1713
6413 0.4874
6414 0.4298
6415 0.0909
6416 0.1906
6417 0.2069
6418 0.0824
6419 0.1446
6420 0.0977
6421 0.4939
6422 0.1562
6423 0.3822
6424 0.1387
6425 1.2439
6426 0.1826
6427 1.0608
6428 0.1615
6429 0.2247
6430 0.1353
6431 0.2823
6432 0.4828
6433 0.2270
6434 0.1682
6435 0.2367
6436 0.5494
6437 0.5154
6438 0.1452
6439 0.1914
6440 0.1337
6441 0.0787
6442 0.2660
6443 0.1349
6444 0.0989
6445 0.4321
6446 0.2717
6447 0.0905
6448 0.2208
6449 0.6154
6450 0.7567
6451 0.1527
6452 0.0767
6453 0.9904
6454 0.1494
6455 0.1040
6456 0.0609
6457 0.1266
6458 0.3929
6459 0.2302
6460 0.1448
6461 0.6743
6462 0.2129
6463 0.0984
6464 0.3164
6465 0.1818
6466 0.4976
6467 0.2448
6468 0.0722
6469 0.0617
6470 0.3136
6471 0.1753
6472 0.1117
6473 0.1787
6474 0.4310
6475 0.1627
6476 0.5655
6477 0.9559
6478 0.0888
6479 0.5762
6480 0.2894
6481 0.1612
6482 0.4146
6483 0.1250
6484 0.0714
6485 0.2275
6486 0.2210
6487 0.1445
6488 0.3706
6489 0.2801
6490 0.4681
6491 0.1807
6492 0.3053
6493 0.2434
6494 0.0905
6495 0.1084
6496 0.1288
6497 0.3517
6498 0.1636
6499 0.2842
6500 0.2823
6501 0.0770
6502 0.1686
6503 0.1698
6504 0.1858
6505 0.2631
6506 0.1193
6507 1.0863
6508 0.0962
6509 0.1300
6510 0.1634
6511 0.1269
6512 0.1599
6513 0.1443
6514 0.1495
6515 0.3801
6516 0.0714
6517 0.0638
6518 0.3149
6519 1.0994
6520 0.0991
6521 0.2082
6522 0.2049
6523 0.0901
6524 0.0912
6525 0.0780
6526 0.5759
6527 1.4834
6528 0.4797
6529 0.0643
6530 0.1227
6531 0.0741
6532 0.0806
6533 0.1356
6534 0.1017
6535 0.1411
6536 0.1015
6537 0.1665
6538 0.1219
6539 0.1319
6540 0.0826
6541 0.0997
6542 0.0909
6543 0.1068
6544 0.0835
6545 0.1104
6546 0.4066
6547 0.2092
6548 0.0896
6549 0.0781
6550 0.1094
6551 0.2478
6552 0.1742
6553 0.3509
6554 0.1111
6555 0.1671
6556 0.2320
6557 0.7232
6558 0.1883
6559 0.1273
6560 0.1961
6561 0.2224
6562 0.3059
6563 0.1848
6564 0.2350
6565 0.0826
6566 0.1195
6567 0.0714
6568 0.2396
6569 0.2757
6570 0.1636
6571 0.0710
6572 0.0966
6573 0.4094
6574 0.3467
6575 0.0972
6576 0.1538
6577 0.1273
6578 0.5400
6579 0.6423
6580 0.1119
6581 0.2036
6582 1.0027
6583 0.0855
6584 0.2442
6585 0.1858
6586 0.0968
6587 1.0400
6588 0.2541
6589 0.2227
6590 1.1220
6591 0.1092
6592 0.1704
6593 0.4734
6594 0.1952
6595 0.6718
6596 0.0884
6597 0.1452
6598 0.1439
6599 0.3720
6600 0.1701
6601 0.0714
6602 0.2273
6603 0.2879
6604 0.1740
6605 0.0917
6606 0.0982
6607 0.1986
6608 0.1546
6609 0.0890
6610 0.0757
6611 0.1807
6612 0.0875
6613 0.2215
6614 0.3722
6615 0.2043
6616 0.1282
6617 0.1040
6618 0.2361
6619 0.2218
6620 0.4449
6621 0.2388
6622 0.3783
6623 0.1750
6624 0.0847
6625 0.0716
6626 0.2711
6627 0.1490
6628 0.0768
6629 0.1128
6630 0.5717
6631 1.1048
6632 0.1381
6633 0.1510
6634 0.1194
6635 0.3241
6636 0.5282
6637 0.1501
6638 0.0920
6639 0.1915
6640 0.1394
6641 0.1024
6642 0.1685
6643 0.3145
6644 0.3164
6645 0.0766
6646 0.5297
6647 0.0692
6648 0.0897
6649 0.2480
6650 0.5155
6651 0.1494
6652 0.1267
6653 0.2422
6654 0.2433
6655 0.0839
6656 0.1160
6657 0.0636
6658 0.1233
6659 0.0919
6660 0.1212
6661 0.3110
6662 0.5059
6663 0.1824
6664 0.3230
6665 0.1817
6666 0.1303
6667 0.2802
6668 0.1697
6669 0.1676
6670 0.1133
6671 0.1186
6672 0.1077
6673 0.0796
6674 0.0961
6675 0.0887
6676 0.3457
6677 0.0862
6678 0.0919
6679 0.3804
6680 0.0894
6681 0.1628
6682 0.0809
6683 0.1042
6684 0.0913
6685 0.1054
6686 0.2010
6687 0.1530
6688 0.8358
6689 0.4821
6690 0.2227
6691 0.1845
6692 0.1915
6693 0.1120
6694 0.1084
6695 0.2473
6696 0.1893
6697 0.0722
6698 0.1526
6699 0.4236
6700 0.2605
6701 0.1986
6702 1.1361
6703 0.1067
6704 0.3295
6705 0.0678
6706 0.1517
6707 0.0866
6708 0.0895
6709 0.2114
6710 0.0784
6711 0.9457
6712 0.1923
6713 0.1287
6714 0.0602
6715 0.3415
6716 0.0925
6717 0.0858
6718 0.1638
6719 0.1218
6720 0.4071
6721 0.1609
6722 0.2309
6723 0.1722
6724 0.2986
6725 0.1047
6726 0.2032
6727 0.1201
6728 0.0915
6729 0.1173
6730 0.5007
6731 0.0717
6732 0.8941
6733 0.4320
6734 0.3598
6735 0.0853
6736 0.3037
6737 0.2315
6738 0.1788
6739 0.1721
6740 0.2736
6741 0.3526
6742 0.3637
6743 0.0641
6744 0.2624
6745 0.0753
6746 0.1356
6747 0.0965
6748 0.1235
6749 0.2801
6750 0.5542
6751 0.3416
6752 0.5459
6753 0.1002
6754 0.1279
6755 0.1668
6756 0.1118
6757 0.1135
6758 0.1643
6759 0.1956
6760 0.0621
6761 0.2850
6762 0.1416
6763 0.3185
6764 0.1193
6765 0.3364
6766 0.1638
6767 0.5730
6768 0.2265
6769 0.1419
6770 0.0658
6771 0.8726
6772 0.1294
6773 0.1304
6774 0.1410
6775 0.7515
6776 0.4170
6777 0.3228
6778 0.1014
6779 0.1349
6780 0.0883
6781 0.5926
6782 0.1254
6783 0.1073
6784 0.2082
6785 0.1400
6786 0.0912
6787 0.1791
6788 0.5956
6789 0.0945
6790 0.2293
6791 0.2956
6792 0.6964
6793 0.2682
6794 0.0670
6795 0.1121
6796 0.1609
6797 0.1607
6798 0.1693
6799 0.2180
6800 0.3560
6801 0.1473
6802 0.7971
6803 0.4725
6804 0.1209
6805 0.1963
6806 0.1984
6807 0.0739
6808 0.1463
6809 0.1173
6810 0.3095
6811 0.1195
6812 0.0846
6813 0.0693
6814 0.0841
6815 0.0790
6816 0.3578
6817 0.2828
6818 0.1588
6819 0.0910
6820 0.1920
6821 0.0823
6822 0.0757
6823 0.4268
6824 0.2406
6825 0.1672
6826 0.0800
6827 0.1474
6828 0.0730
6829 0.0851
6830 0.1757
6831 0.2106
6832 0.1744
6833 0.2435
6834 0.2433
6835 0.1037
6836 0.2556
6837 0.1788
6838 0.3516
6839 0.0915
6840 0.6268
6841 0.1231
6842 0.1230
6843 0.0815
6844 0.2410
6845 0.3835
6846 0.2418
6847 0.1141
6848 0.1270
6849 0.1227
6850 0.3254
6851 0.4834
6852 0.0844
6853 0.0764
6854 0.0973
6855 0.9610
6856 0.1598
6857 0.8830
6858 0.0803
6859 0.0986
6860 0.6268
6861 1.2074
6862 0.2738
6863 0.3246
6864 0.3109
6865 0.7474
6866 0.5284
6867 0.2941
6868 0.1062
6869 0.0909
6870 0.1983
6871 0.1961
6872 0.4042
6873 0.3912
6874 0.2117
6875 0.0984
6876 0.1192
6877 0.2388
6878 0.8665
6879 0.1587
6880 0.6500
6881 0.1500
6882 0.1044
6883 1.0753
6884 0.3413
6885 0.1178
6886 0.2848
6887 0.6248
6888 0.1289
6889 0.7320
6890 0.2206
6891 0.1326
6892 0.0878
6893 0.3258
6894 0.1569
6895 0.1523
6896 0.0901
6897 0.6443
6898 0.0864
6899 0.2660
6900 0.3076
6901 0.0857
6902 0.1645
6903 0.1535
6904 0.1835
6905 0.1246
6906 0.3043
6907 0.4225
6908 0.1536
6909 0.3707
6910 0.1075
6911 0.2149
6912 0.1088
6913 0.1732
6914 0.0886
6915 0.2118
6916 0.2580
6917 0.3332
6918 0.1037
6919 0.6061
6920 0.1007
6921 0.4603
6922 0.0800
6923 0.1657
6924 0.0875
6925 0.1491
6926 0.3206
6927 0.1418
6928 0.0707
6929 0.3254
6930 0.7001
6931 0.3404
6932 0.1734
6933 0.1124
6934 0.1144
6935 0.3086
6936 0.2060
6937 0.2138
6938 0.5253
6939 0.1532
6940 0.1824
6941 0.1650
6942 0.2206
6943 0.2304
6944 0.1905
6945 0.5618
6946 0.4654
6947 0.6510
6948 0.2947
6949 0.1843
6950 0.0535
6951 0.5645
6952 0.0848
6953 0.2022
6954 0.0837
6955 0.0920
6956 0.1529
6957 0.3030
6958 0.2630
6959 0.4408
6960 0.1644
6961 0.4225
6962 0.0885
6963 0.2597
6964 0.1275
6965 0.7688
6966 0.1291
6967 0.3023
6968 0.0803
6969 0.5859
6970 0.1977
6971 0.1594
6972 0.2910
6973 0.3807
6974 0.2184
6975 0.2208
6976 0.0740
6977 0.2789
6978 0.1422
6979 0.1712
6980 0.1641
6981 0.1161
6982 0.3224
6983 0.3685
6984 0.0935
6985 0.2395
6986 0.2559
6987 0.2521
6988 0.0607
6989 0.3852
6990 0.2812
6991 0.0871
6992 0.0922
6993 0.1924
6994 0.0835
6995 0.1825
6996 0.1807
6997 0.2675
6998 0.1318
6999 0.1294
7000 0.0747
7001 0.1164
7002 0.1483
7003 0.2242
7004 0.1764
7005 0.1405
7006 0.1759
7007 0.1965
7008 0.1487
7009 0.5677
7010 0.1473
7011 0.3512
7012 0.1170
7013 0.1839
7014 0.4159
7015 0.0890
7016 0.1047
7017 0.3848
7018 0.3722
7019 0.0848
7020 0.5727
7021 0.3684
7022 0.2676
7023 0.1777
7024 0.5078
7025 0.3057
7026 0.1991
7027 0.1703
7028 0.1202
7029 0.1076
7030 0.7374
7031 0.2999
7032 0.3349
7033 0.2753
7034 0.3094
7035 0.2008
7036 0.3187
7037 0.1508
7038 0.1961
7039 0.0931
7040 0.3178
7041 0.1785
7042 0.0596
7043 0.1931
7044 0.1215
7045 0.1819
7046 0.2846
7047 0.1659
7048 0.7790
7049 0.3149
7050 0.0923
7051 0.0882
7052 0.2308
7053 0.5401
7054 0.1654
7055 0.1701
7056 0.2619
7057 0.3602
7058 0.3820
7059 0.0931
7060 0.1155
7061 0.2089
7062 0.2536
7063 0.1707
7064 0.1416
7065 0.0927
7066 0.0920
7067 1.3961
7068 0.2873
7069 0.1620
7070 0.2788
7071 0.4335
7072 0.1126
7073 0.2342
7074 0.0933
7075 0.1622
7076 0.3236
7077 0.1459
7078 0.1209
7079 1.0888
7080 0.5731
7081 0.0936
7082 0.1085
7083 0.1020
7084 0.4275
7085 0.2727
7086 0.1768
7087 0.0771
7088 0.2882
7089 0.2016
7090 0.1026
7091 0.1600
7092 0.0925
7093 0.0782
7094 0.3223
7095 0.2400
7096 0.0769
7097 0.1777
7098 0.2506
7099 0.3355
7100 0.1807
7101 0.2181
7102 0.3835
7103 0.1295
7104 1.6278
7105 0.0871
7106 0.2172
7107 0.0924
7108 0.1215
7109 0.5235
7110 0.2136
7111 0.2409
7112 0.0792
7113 0.4255
7114 0.7538
7115 0.1522
7116 0.2436
7117 0.1263
7118 0.0651
7119 0.1334
7120 0.1300
7121 0.3039
7122 0.2398
7123 0.4868
7124 0.1312
7125 0.0610
7126 0.1338
7127 0.0810
7128 0.1011
7129 0.3087
7130 0.0888
7131 0.2764
7132 0.2239
7133 0.2334
7134 0.3432
7135 0.2212
7136 1.0340
7137 0.2116
7138 0.3632
7139 0.1365
7140 0.5272
7141 0.1769
7142 0.2310
7143 0.0957
7144 0.0816
7145 0.4350
7146 0.1172
7147 0.0674
7148 0.0819
7149 0.1334
7150 0.1994
7151 0.4245
7152 0.1142
7153 0.1042
7154 0.0894
7155 0.1075
7156 0.5255
7157 0.0666
7158 0.1771
7159 0.3800
7160 0.2158
7161 0.1225
7162 0.0821
7163 0.2072
7164 0.0869
7165 0.1029
7166 0.3391
7167 0.6859
7168 0.1268
7169 0.2642
7170 0.1649
7171 0.2186
7172 0.2270
7173 0.2031
7174 0.2192
7175 0.0765
7176 0.1363
7177 0.1846
7178 0.1707
7179 0.2424
7180 0.1132
7181 0.1426
7182 0.2865
7183 0.4148
7184 0.5645
7185 0.3483
7186 0.1562
7187 0.1367
7188 0.1289
7189 0.2431
7190 0.3116
7191 0.2432
7192 0.1253
7193 0.1765
7194 0.2272
7195 0.2124
7196 0.1050
7197 0.1414
7198 0.1178
7199 0.1980
7200 0.0823
7201 0.2891
7202 0.0714
7203 0.2308
7204 0.5294
7205 0.1600
7206 0.0812
7207 0.4527
7208 0.5203
7209 0.2349
7210 0.1536
7211 0.0963
7212 0.6474
7213 0.1152
7214 0.2258
7215 0.1339
7216 0.1947
7217 0.0906
7218 0.0789
7219 0.2582
7220 0.0643
7221 0.1885
7222 0.1753
7223 0.0699
7224 0.1553
7225 0.4322
7226 0.0939
7227 0.3490
7228 0.1008
7229 0.0886
7230 0.1095
7231 0.0664
7232 0.8152
7233 1.1274
7234 0.0741
7235 0.1037
7236 0.3004
7237 1.2527
7238 0.1734
7239 0.0624
7240 0.1148
7241 0.0965
7242 0.0986
7243 0.2826
7244 0.3421
7245 0.1050
7246 0.4283
7247 0.3165
7248 0.1313
7249 0.1627
7250 0.1694
7251 0.0958
7252 0.6119
7253 0.1061
7254 0.9761
7255 0.2264
7256 0.2997
7257 0.3038
7258 0.8204
7259 0.3964
7260 0.1988
7261 0.2040
7262 0.1166
7263 0.1063
7264 0.4956
7265 0.1248
7266 0.5956
7267 0.1557
7268 0.7127
7269 0.1766
7270 1.0577
7271 0.1564
7272 0.3866
7273 0.1205
7274 0.0831
7275 0.2641
7276 0.2692
7277 0.2765
7278 0.0968
7279 0.2380
7280 0.2350
7281 0.2105
7282 0.1920
7283 0.4293
7284 0.3610
7285 0.3432
7286 0.0667
7287 0.4818
7288 0.1639
7289 0.1465
7290 0.1284
7291 0.1990
7292 0.1701
7293 0.1489
7294 0.2627
7295 0.2442
7296 0.3042
7297 0.1194
7298 0.4324
7299 0.1841
7300 0.1126
7301 0.2918
7302 0.3320
7303 0.2185
7304 0.2103
7305 0.2048
7306 0.0767
7307 0.4880
7308 0.0995
7309 0.1068
7310 0.1026
7311 0.1649
7312 0.3959
7313 0.1164
7314 0.1501
7315 0.1055
7316 0.1978
7317 0.8698
7318 0.1925
7319 0.1238
7320 0.1220
7321 0.1077
7322 0.0807
7323 0.0998
7324 0.4479
7325 0.3916
7326 0.2072
7327 0.0834
7328 0.1034
7329 0.0873
7330 0.2002
7331 0.2354
7332 0.4219
7333 0.8008
7334 0.1217
7335 0.0970
7336 0.7056
7337 0.1109
7338 0.0758
7339 0.1607
7340 0.8171
7341 0.0753
7342 0.4007
7343 0.0961
7344 0.9130
7345 0.7776
7346 0.1603
7347 0.0795
7348 0.2012
7349 0.1375
7350 0.3664
7351 0.3421
7352 0.6505
7353 0.5426
7354 0.4123
7355 0.1732
7356 0.1083
7357 0.1646
7358 0.1546
7359 0.0729
7360 0.0787
7361 0.2272
7362 0.1097
7363 0.3906
7364 0.1128
7365 0.0894
7366 0.1311
7367 0.3677
7368 0.0669
7369 0.1165
7370 0.2017
7371 0.1521
7372 0.1242
7373 0.3087
7374 0.1969
7375 0.1999
7376 0.2156
7377 0.2919
7378 0.1133
7379 0.3142
7380 0.3233
7381 0.5351
7382 0.0780
7383 0.6144
7384 0.1082
7385 0.0933
7386 0.1285
7387 0.0691
7388 0.0768
7389 0.0715
7390 0.2607
7391 0.1438
7392 0.4487
7393 0.1038
7394 0.3572
7395 0.0759
7396 0.1150
7397 0.3383
7398 0.0839
7399 0.1028
7400 0.3227
7401 0.2247
7402 0.0830
7403 0.0921
7404 0.7355
7405 0.8579
7406 0.1455
7407 0.3225
7408 0.0895
7409 0.2430
7410 0.1895
7411 0.5993
7412 0.2184
7413 0.4527
7414 0.2406
7415 0.0804
7416 0.3498
7417 0.1289
7418 0.2568
7419 0.1095
7420 0.1284
7421 0.4050
7422 0.2125
7423 0.2457
7424 0.1396
7425 0.1287
7426 0.2460
7427 0.1069
7428 0.1028
7429 0.3265
7430 0.4998
7431 1.5614
7432 0.1506
7433 0.0761
7434 0.2597
7435 0.2087
7436 0.1963
7437 0.4264
7438 0.5190
7439 0.1379
7440 0.1582
7441 0.1404
7442 0.1248
7443 0.2532
7444 0.3989
7445 0.2173
7446 0.1879
7447 0.8299
7448 0.1329
7449 0.1163
7450 0.9456
7451 0.0922
7452 0.2499
7453 0.1360
7454 0.3281
7455 0.0853
7456 0.7498
7457 0.2892
7458 2.6050
7459 0.1089
7460 0.2357
7461 0.0872
7462 0.1051
7463 0.2024
7464 0.0635
7465 0.2394
7466 0.0925
7467 0.3664
7468 0.1646
7469 0.0953
7470 0.2751
7471 0.0918
7472 0.2212
7473 0.2149
7474 0.1627
7475 0.1513
7476 0.3144
7477 0.3561
7478 0.1178
7479 0.2381
7480 0.1514
7481 0.4024
7482 0.1167
7483 0.1776
7484 0.1216
7485 0.1193
7486 0.1170
7487 0.0659
7488 0.3819
7489 0.1410
7490 0.2701
7491 0.0801
7492 0.1690
7493 0.1532
7494 0.1360
7495 0.2893
7496 0.1312
7497 0.5186
7498 0.1125
7499 0.0717
7500 0.0570
