0.8967 0.0702
0.8967 0.0702
0.8967 0.0702
0.8966 0.0702
0.8966 0.0702
0.8965 0.0702
0.8964 0.0703
0.8963 0.0703
0.8962 0.0703
0.8960 0.0704
0.8959 0.0705
0.8957 0.0705
0.8955 0.0706
0.8953 0.0707
0.8950 0.0708
0.8948 0.0708
0.8945 0.0709
0.8943 0.0710
0.8940 0.0711
0.8937 0.0712
0.8934 0.0712
0.8931 0.0713
0.8928 0.0714
0.8925 0.0714
0.8922 0.0715
0.8919 0.0715
0.8916 0.0716
0.8913 0.0716
0.8910 0.0716
0.8907 0.0717
0.8904 0.0717
0.8901 0.0716
0.8898 0.0716
0.8895 0.0716
0.8892 0.0715
0.8890 0.0715
0.8887 0.0714
0.8884 0.0713
0.8881 0.0712
0.8879 0.0711
0.8876 0.0710
0.8873 0.0709
0.8871 0.0707
0.8868 0.0706
0.8866 0.0704
0.8863 0.0702
0.8861 0.0701
0.8858 0.0699
0.8856 0.0697
0.8854 0.0694
0.8851 0.0692
0.8849 0.0690
0.8846 0.0687
0.8844 0.0685
0.8842 0.0682
0.8839 0.0680
0.8837 0.0677
0.8835 0.0674
0.8832 0.0671
0.8830 0.0668
0.8827 0.0665
0.8825 0.0662
0.8823 0.0659
0.8820 0.0656
0.8818 0.0652
0.8816 0.0649
0.8813 0.0646
0.8811 0.0642
0.8809 0.0639
0.8807 0.0635
0.8804 0.0632
0.8802 0.0628
0.8800 0.0624
0.8798 0.0621
0.8795 0.0617
0.8795 0.0611
0.8793 0.0607
0.8791 0.0604
0.8788 0.0600
0.8786 0.0597
0.8783 0.0593
0.8781 0.0590
0.8779 0.0586
0.8776 0.0583
0.8774 0.0579
0.8771 0.0576
0.8768 0.0573
0.8766 0.0570
0.8763 0.0567
0.8760 0.0564
0.8757 0.0561
0.8754 0.0558
0.8751 0.0556
0.8747 0.0554
0.8744 0.0552
0.8740 0.0550
0.8736 0.0548
0.8732 0.0547
0.8728 0.0546
0.8723 0.0545
0.8718 0.0545
0.8713 0.0544
0.8708 0.0544
0.8703 0.0545
0.8697 0.0545
0.8691 0.0546
0.8685 0.0547
0.8678 0.0549
0.8671 0.0551
0.8664 0.0553
0.8656 0.0556
0.8648 0.0559
0.8640 0.0562
0.8631 0.0566
0.8622 0.0570
0.8613 0.0575
0.8604 0.0579
0.8594 0.0585
0.8584 0.0590
0.8573 0.0596
0.8562 0.0602
0.8551 0.0609
0.8540 0.0616
0.8528 0.0624
0.8516 0.0631
0.8504 0.0639
0.8492 0.0648
0.8479 0.0656
0.8466 0.0665
0.8453 0.0675
0.8440 0.0684
0.8426 0.0694
0.8412 0.0704
0.8399 0.0714
0.8385 0.0725
0.8371 0.0735
0.8356 0.0746
0.8342 0.0757
0.8328 0.0769
0.8313 0.0780
0.8299 0.0791
0.8284 0.0803
0.8270 0.0814
0.8255 0.0826
0.8240 0.0837
0.8226 0.0849
0.8211 0.0861
0.8197 0.0872
0.8182 0.0884
0.8168 0.0895
0.8153 0.0907
0.8139 0.0918
0.8125 0.0929
0.8111 0.0940
0.8097 0.0951
0.8083 0.0962
0.8069 0.0972
0.8055 0.0983
0.8041 0.0993
0.8027 0.1004
0.8014 0.1014
0.8000 0.1023
0.7987 0.1033
0.7974 0.1043
0.7960 0.1052
0.7947 0.1061
0.7934 0.1070
0.7921 0.1079
0.7908 0.1088
0.7895 0.1097
0.7883 0.1105
0.7870 0.1113
0.7857 0.1122
0.7845 0.1130
0.7832 0.1138
0.7820 0.1146
0.7807 0.1154
0.7795 0.1161
0.7782 0.1169
0.7770 0.1177
0.7757 0.1184
0.7745 0.1192
0.7733 0.1199
0.7721 0.1207
0.7708 0.1214
0.7696 0.1222
0.7684 0.1229
0.7672 0.1237
0.7660 0.1244
0.7647 0.1252
0.7635 0.1259
0.7623 0.1267
0.7611 0.1274
0.7599 0.1282
0.7587 0.1289
0.7575 0.1297
0.7563 0.1305
0.7551 0.1313
0.7539 0.1320
0.7527 0.1328
0.7515 0.1336
0.7503 0.1344
0.7491 0.1352
0.7480 0.1360
0.7468 0.1368
0.7456 0.1376
0.7445 0.1384
0.7433 0.1392
0.7422 0.1400
0.7411 0.1409
0.7399 0.1417
0.7388 0.1425
0.7377 0.1433
0.7366 0.1442
0.7355 0.1450
0.7345 0.1458
0.7334 0.1466
0.7323 0.1475
0.7313 0.1483
0.7303 0.1491
0.7293 0.1499
0.7283 0.1507
0.7273 0.1515
0.7263 0.1524
0.7253 0.1532
0.7244 0.1540
0.7234 0.1547
0.7225 0.1555
0.7216 0.1563
0.7207 0.1571
0.7199 0.1579
0.7190 0.1586
0.7182 0.1594
0.7173 0.1601
0.7165 0.1609
0.7157 0.1616
0.7149 0.1624
0.7142 0.1631
0.7134 0.1638
0.7127 0.1645
0.7120 0.1652
0.7112 0.1659
0.7106 0.1666
0.7099 0.1673
0.7092 0.1680
0.7086 0.1687
0.7079 0.1694
0.7073 0.1701
0.7067 0.1707
0.7061 0.1714
0.7055 0.1721
0.7049 0.1727
0.7044 0.1734
0.7039 0.1740
0.7033 0.1747
0.7028 0.1753
0.7023 0.1759
0.7018 0.1766
0.7013 0.1772
0.7009 0.1778
0.7004 0.1785
0.7000 0.1791
0.6995 0.1797
0.6991 0.1803
0.6987 0.1809
0.6983 0.1816
0.6979 0.1822
0.6975 0.1828
0.6972 0.1834
0.6968 0.1839
0.6965 0.1845
0.6961 0.1851
0.6958 0.1857
0.6955 0.1862
0.6952 0.1868
0.6949 0.1873
0.6946 0.1878
0.6943 0.1883
0.6941 0.1888
0.6938 0.1893
0.6936 0.1898
0.6933 0.1902
0.6931 0.1907
0.6929 0.1911
0.6927 0.1915
0.6925 0.1919
0.6923 0.1922
0.6922 0.1925
0.6920 0.1928
0.6918 0.1931
0.6917 0.1934
0.6916 0.1936
0.6914 0.1938
0.6913 0.1940
0.6912 0.1941
0.6911 0.1942
0.6910 0.1943
0.6909 0.1944
0.6909 0.1944
0.6909 0.1944
0.0043 0.0001
0.0043 0.0001
0.0043 0.0001
0.0043 0.0001
0.0044 0.0001
0.0045 0.0001
0.0045 0.0001
0.0047 0.0002
0.0048 0.0002
0.0049 0.0002
0.0051 0.0002
0.0053 0.0002
0.0055 0.0002
0.0057 0.0002
0.0059 0.0002
0.0062 0.0003
0.0065 0.0003
0.0068 0.0003
0.0071 0.0004
0.0075 0.0004
0.0078 0.0004
0.0082 0.0005
0.0086 0.0005
0.0091 0.0006
0.0096 0.0006
0.0100 0.0007
0.0106 0.0008
0.0111 0.0008
0.0117 0.0009
0.0123 0.0010
0.0129 0.0011
0.0135 0.0012
0.0142 0.0014
0.0149 0.0015
0.0156 0.0016
0.0163 0.0018
0.0171 0.0020
0.0179 0.0022
0.0187 0.0023
0.0195 0.0025
0.0203 0.0028
0.0212 0.0030
0.0221 0.0033
0.0230 0.0035
0.0240 0.0038
0.0249 0.0041
0.0259 0.0044
0.0269 0.0047
0.0279 0.0051
0.0289 0.0054
0.0299 0.0058
0.0310 0.0062
0.0321 0.0066
0.0331 0.0071
0.0342 0.0075
0.0354 0.0080
0.0365 0.0085
0.0376 0.0090
0.0388 0.0095
0.0400 0.0100
0.0411 0.0106
0.0423 0.0112
0.0435 0.0118
0.0448 0.0124
0.0460 0.0130
0.0472 0.0137
0.0485 0.0143
0.0498 0.0150
0.0510 0.0157
0.0523 0.0165
0.0536 0.0172
0.0549 0.0180
0.0563 0.0188
0.0576 0.0196
0.0589 0.0204
0.0603 0.0213
0.0617 0.0221
0.0630 0.0230
0.0644 0.0239
0.0658 0.0248
0.0671 0.0257
0.0685 0.0266
0.0699 0.0276
0.0713 0.0286
0.0727 0.0295
0.0742 0.0305
0.0756 0.0315
0.0770 0.0326
0.0784 0.0336
0.0799 0.0346
0.0813 0.0357
0.0828 0.0368
0.0842 0.0378
0.0857 0.0389
0.0871 0.0400
0.0886 0.0411
0.0901 0.0423
0.0915 0.0434
0.0930 0.0445
0.0945 0.0457
0.0960 0.0468
0.0974 0.0479
0.0989 0.0491
0.1004 0.0503
0.1019 0.0514
0.1034 0.0526
0.1048 0.0538
0.1063 0.0549
0.1078 0.0561
0.1093 0.0573
0.1108 0.0585
0.1123 0.0597
0.1137 0.0608
0.1152 0.0620
0.1167 0.0632
0.1182 0.0644
0.1197 0.0655
0.1212 0.0667
0.1226 0.0679
0.1241 0.0691
0.1256 0.0702
0.1271 0.0714
0.1285 0.0725
0.1300 0.0737
0.1315 0.0749
0.1329 0.0760
0.1344 0.0771
0.1359 0.0783
0.1373 0.0794
0.1388 0.0805
0.1403 0.0817
0.1417 0.0828
0.1432 0.0839
0.1446 0.0850
0.1461 0.0861
0.1475 0.0872
0.1490 0.0883
0.1504 0.0893
0.1519 0.0904
0.1533 0.0915
0.1548 0.0926
0.1562 0.0936
0.1576 0.0947
0.1591 0.0957
0.1605 0.0967
0.1619 0.0978
0.1634 0.0988
0.1648 0.0998
0.1662 0.1008
0.1676 0.1018
0.1691 0.1028
0.1705 0.1038
0.1719 0.1048
0.1733 0.1058
0.1748 0.1068
0.1762 0.1078
0.1776 0.1087
0.1790 0.1097
0.1804 0.1107
0.1818 0.1116
0.1832 0.1126
0.1846 0.1135
0.1861 0.1144
0.1875 0.1154
0.1889 0.1163
0.1903 0.1172
0.1917 0.1181
0.1931 0.1191
0.1945 0.1200
0.1959 0.1209
0.1973 0.1218
0.1987 0.1227
0.2001 0.1236
0.2015 0.1245
0.2029 0.1254
0.2043 0.1262
0.2057 0.1271
0.2071 0.1280
0.2085 0.1289
0.2098 0.1297
0.2112 0.1306
0.2126 0.1315
0.2140 0.1323
0.2154 0.1332
0.2168 0.1340
0.2182 0.1349
0.2196 0.1357
0.2209 0.1365
0.2223 0.1374
0.2237 0.1382
0.2251 0.1390
0.2265 0.1398
0.2278 0.1407
0.2292 0.1415
0.2306 0.1423
0.2319 0.1431
0.2333 0.1439
0.2347 0.1447
0.2360 0.1455
0.2374 0.1463
0.2388 0.1471
0.2401 0.1478
0.2415 0.1486
0.2428 0.1494
0.2442 0.1502
0.2455 0.1509
0.2469 0.1517
0.2482 0.1525
0.2496 0.1532
0.2509 0.1540
0.2522 0.1547
0.2535 0.1555
0.2549 0.1562
0.2562 0.1570
0.2575 0.1577
0.2588 0.1584
0.2601 0.1591
0.2614 0.1599
0.2627 0.1606
0.2640 0.1613
0.2653 0.1620
0.2666 0.1627
0.2679 0.1634
0.2692 0.1641
0.2704 0.1648
0.2717 0.1655
0.2729 0.1662
0.2742 0.1669
0.2754 0.1675
0.2767 0.1682
0.2779 0.1689
0.2791 0.1695
0.2803 0.1702
0.2815 0.1708
0.2827 0.1715
0.2839 0.1721
0.2851 0.1728
0.2863 0.1734
0.2874 0.1740
0.2886 0.1747
0.2897 0.1753
0.2909 0.1759
0.2920 0.1765
0.2931 0.1771
0.2942 0.1777
0.2953 0.1783
0.2964 0.1789
0.2974 0.1795
0.2985 0.1800
0.2995 0.1806
0.3006 0.1812
0.3016 0.1817
0.3026 0.1823
0.3036 0.1828
0.3045 0.1834
0.3055 0.1839
0.3064 0.1844
0.3074 0.1849
0.3083 0.1854
0.3092 0.1859
0.3101 0.1864
0.3109 0.1869
0.3118 0.1873
0.3126 0.1878
0.3134 0.1882
0.3142 0.1887
0.3150 0.1891
0.3157 0.1895
0.3164 0.1900
0.3172 0.1904
0.3178 0.1907
0.3185 0.1911
0.3192 0.1915
0.3198 0.1918
0.3204 0.1922
0.3210 0.1925
0.3216 0.1928
0.3221 0.1932
0.3226 0.1935
0.3231 0.1937
0.3236 0.1940
0.3241 0.1943
0.3245 0.1945
0.3249 0.1947
0.3253 0.1950
0.3256 0.1952
0.3260 0.1954
0.3263 0.1955
0.3265 0.1957
0.3268 0.1958
0.3270 0.1960
0.3272 0.1961
0.3274 0.1962
0.3276 0.1963
0.3277 0.1964
0.3278 0.1964
0.3279 0.1965
0.3279 0.1965
0.3280 0.1965
0.3280 0.1965
0.4862 0.0686
0.4862 0.0686
0.4862 0.0686
0.4862 0.0686
0.4862 0.0686
0.4861 0.0686
0.4861 0.0686
0.4860 0.0686
0.4860 0.0687
0.4859 0.0687
0.4858 0.0687
0.4857 0.0687
0.4856 0.0688
0.4854 0.0688
0.4853 0.0689
0.4852 0.0689
0.4850 0.0690
0.4848 0.0690
0.4847 0.0691
0.4845 0.0691
0.4843 0.0692
0.4841 0.0693
0.4839 0.0693
0.4837 0.0694
0.4834 0.0695
0.4832 0.0695
0.4829 0.0696
0.4827 0.0697
0.4824 0.0698
0.4821 0.0699
0.4818 0.0700
0.4815 0.0701
0.4812 0.0702
0.4809 0.0703
0.4806 0.0704
0.4803 0.0705
0.4799 0.0706
0.4796 0.0707
0.4792 0.0708
0.4789 0.0709
0.4785 0.0710
0.4781 0.0711
0.4777 0.0713
0.4773 0.0714
0.4769 0.0715
0.4765 0.0716
0.4761 0.0718
0.4756 0.0719
0.4752 0.0720
0.4748 0.0722
0.4743 0.0723
0.4739 0.0725
0.4734 0.0726
0.4729 0.0727
0.4724 0.0729
0.4719 0.0730
0.4714 0.0732
0.4709 0.0733
0.4704 0.0735
0.4699 0.0736
0.4694 0.0738
0.4689 0.0740
0.4683 0.0741
0.4678 0.0743
0.4673 0.0744
0.4667 0.0746
0.4661 0.0748
0.4656 0.0749
0.4650 0.0751
0.4644 0.0753
0.4639 0.0754
0.4633 0.0756
0.4627 0.0758
0.4621 0.0759
0.4615 0.0761
0.4609 0.0763
0.4603 0.0765
0.4597 0.0766
0.4590 0.0768
0.4584 0.0770
0.4578 0.0772
0.4571 0.0773
0.4565 0.0775
0.4559 0.0777
0.4552 0.0779
0.4546 0.0781
0.4539 0.0782
0.4533 0.0784
0.4526 0.0786
0.4519 0.0788
0.4513 0.0790
0.4506 0.0791
0.4499 0.0793
0.4492 0.0795
0.4485 0.0797
0.4479 0.0799
0.4472 0.0801
0.4465 0.0802
0.4458 0.0804
0.4451 0.0806
0.4444 0.0808
0.4437 0.0810
0.4430 0.0812
0.4423 0.0813
0.4415 0.0815
0.4408 0.0817
0.4401 0.0819
0.4394 0.0821
0.4387 0.0823
0.4380 0.0824
0.4372 0.0826
0.4365 0.0828
0.4358 0.0830
0.4350 0.0832
0.4343 0.0833
0.4336 0.0835
0.4328 0.0837
0.4321 0.0839
0.4314 0.0841
0.4306 0.0842
0.4299 0.0844
0.4292 0.0846
0.4284 0.0848
0.4277 0.0849
0.4269 0.0851
0.4262 0.0853
0.4255 0.0855
0.4247 0.0856
0.4240 0.0858
0.4232 0.0860
0.4225 0.0861
0.4217 0.0863
0.4210 0.0865
0.4203 0.0866
0.4195 0.0868
0.4188 0.0870
0.4180 0.0871
0.4173 0.0873
0.4166 0.0875
0.4158 0.0876
0.4151 0.0878
0.4143 0.0879
0.4136 0.0881
0.4129 0.0882
0.4121 0.0884
0.4114 0.0886
0.4107 0.0887
0.4099 0.0889
0.4092 0.0890
0.4085 0.0892
0.4078 0.0893
0.4070 0.0894
0.4063 0.0896
0.4056 0.0897
0.4049 0.0899
0.4041 0.0900
0.4034 0.0902
0.4027 0.0903
0.4020 0.0904
0.4013 0.0906
0.4006 0.0907
0.3999 0.0908
0.3992 0.0910
0.3985 0.0911
0.3978 0.0912
0.3971 0.0913
0.3964 0.0915
0.3957 0.0916
0.3950 0.0917
0.3943 0.0918
0.3937 0.0920
0.3930 0.0921
0.3923 0.0922
0.3916 0.0923
0.3910 0.0924
0.3903 0.0926
0.3896 0.0927
0.3890 0.0928
0.3883 0.0929
0.3876 0.0930
0.3870 0.0931
0.3863 0.0932
0.3857 0.0933
0.3851 0.0934
0.3844 0.0935
0.3838 0.0936
0.3831 0.0938
0.3825 0.0939
0.3819 0.0940
0.3813 0.0941
0.3807 0.0942
0.3800 0.0943
0.3794 0.0944
0.3788 0.0945
0.3782 0.0945
0.3776 0.0946
0.3770 0.0947
0.3764 0.0948
0.3759 0.0949
0.3753 0.0950
0.3747 0.0951
0.3741 0.0952
0.3736 0.0953
0.3730 0.0954
0.3724 0.0955
0.3719 0.0955
0.3713 0.0956
0.3708 0.0957
0.3702 0.0958
0.3697 0.0959
0.3692 0.0960
0.3686 0.0960
0.3681 0.0961
0.3676 0.0962
0.3671 0.0963
0.3666 0.0964
0.3661 0.0964
0.3656 0.0965
0.3651 0.0966
0.3646 0.0967
0.3641 0.0967
0.3636 0.0968
0.3631 0.0969
0.3627 0.0969
0.3622 0.0970
0.3617 0.0971
0.3613 0.0971
0.3608 0.0972
0.3604 0.0973
0.3600 0.0973
0.3595 0.0974
0.3591 0.0975
0.3587 0.0975
0.3583 0.0976
0.3579 0.0977
0.3575 0.0977
0.3571 0.0978
0.3567 0.0978
0.3563 0.0979
0.3559 0.0979
0.3555 0.0980
0.3552 0.0980
0.3548 0.0981
0.3544 0.0982
0.3541 0.0982
0.3537 0.0983
0.3534 0.0983
0.3531 0.0984
0.3527 0.0984
0.3524 0.0985
0.3521 0.0985
0.3518 0.0985
0.3515 0.0986
0.3512 0.0986
0.3509 0.0987
0.3506 0.0987
0.3503 0.0988
0.3501 0.0988
0.3498 0.0988
0.3495 0.0989
0.3493 0.0989
0.3490 0.0990
0.3488 0.0990
0.3486 0.0990
0.3483 0.0991
0.3481 0.0991
0.3479 0.0991
0.3477 0.0992
0.3475 0.0992
0.3473 0.0992
0.3471 0.0992
0.3469 0.0993
0.3467 0.0993
0.3466 0.0993
0.3464 0.0993
0.3462 0.0994
0.3461 0.0994
0.3459 0.0994
0.3458 0.0994
0.3457 0.0995
0.3455 0.0995
0.3454 0.0995
0.3453 0.0995
0.3452 0.0995
0.3451 0.0995
0.3450 0.0996
0.3449 0.0996
0.3448 0.0996
0.3448 0.0996
0.3447 0.0996
0.3446 0.0996
0.3446 0.0996
0.3445 0.0996
0.3445 0.0996
0.3445 0.0996
0.3444 0.0996
0.3444 0.0996
0.3444 0.0996
0.3444 0.0996
0.3444 0.0996
