   1 0.3645
   2 0.4652
   3 0.4450
   4 0.2960
   5 0.2600
   6 0.3499
   7 0.6813
   8 0.2528
   9 0.5129
  10 0.2947
  11 0.4254
  12 0.9393
  13 0.9689
  14 0.3468
  15 1.2365
  16 0.9548
  17 0.9708
  18 0.1921
  19 0.3364
  20 0.3786
  21 0.4492
  22 0.9265
  23 0.4865
  24 0.4543
  25 0.3760
  26 0.2636
  27 0.2622
  28 0.1705
  29 1.0291
  30 0.2381
  31 0.1606
  32 0.5986
  33 0.5907
  34 0.4336
  35 0.7209
  36 0.5688
  37 0.1806
  38 1.4188
  39 1.5163
  40 0.2402
  41 0.9031
  42 0.4113
  43 0.1616
  44 0.2036
  45 0.1610
  46 0.2652
  47 0.2684
  48 0.4463
  49 0.6084
  50 0.2565
  51 0.2390
  52 1.5422
  53 0.2719
  54 0.5064
  55 0.4065
  56 0.3440
  57 0.2245
  58 0.3694
  59 1.7766
  60 1.7067
  61 0.4313
  62 0.2650
  63 0.4029
  64 0.4795
  65 0.5202
  66 0.3267
  67 0.2243
  68 0.3893
  69 0.5907
  70 0.3213
  71 1.2055
  72 0.1794
  73 0.4153
  74 0.3252
  75 0.4979
  76 0.8957
  77 0.3421
  78 0.1853
  79 0.2968
  80 0.1746
  81 0.4812
  82 0.3703
  83 0.4946
  84 1.0441
  85 0.1561
  86 0.1429
  87 0.4165
  88 0.2393
  89 1.9711
  90 0.3693
  91 0.1951
  92 0.7361
  93 0.1871
  94 0.3136
  95 0.3997
  96 2.5794
  97 1.5551
  98 0.3569
  99 0.3329
 100 0.4255
 101 0.4667
 102 0.2665
 103 0.3472
 104 1.1898
 105 0.8304
 106 0.1779
 107 0.8632
 108 0.3312
 109 0.8197
 110 0.1419
 111 0.6012
 112 0.1685
 113 0.4196
 114 1.1563
 115 0.7136
 116 0.6034
 117 0.2580
 118 0.2577
 119 0.4725
 120 1.4104
 121 0.3280
 122 0.2272
 123 0.2966
 124 0.7377
 125 0.9506
 126 0.3487
 127 0.2063
 128 0.2358
 129 0.2541
 130 0.1938
 131 1.2800
 132 0.1690
 133 0.2505
 134 0.9763
 135 0.3244
 136 0.4138
 137 1.0672
 138 0.3084
 139 0.4871
 140 1.7598
 141 0.1407
 142 0.2972
 143 0.6297
 144 0.8029
 145 1.0777
 146 0.3150
 147 0.2733
 148 0.6002
 149 0.5061
 150 2.2276
 151 1.4389
 152 0.2602
 153 0.4347
 154 0.1731
 155 0.6003
 156 0.4475
 157 1.4552
 158 0.4483
 159 0.3779
 160 0.2033
 161 0.2998
 162 0.2852
 163 0.4968
 164 0.2032
 165 0.2468
 166 0.1572
 167 0.1802
 168 0.1713
 169 0.2431
 170 0.5213
 171 0.2287
 172 0.6681
 173 0.3997
 174 0.5002
 175 0.3300
 176 2.6294
 177 0.5577
 178 0.3727
 179 0.6242
 180 0.3614
 181 1.1248
 182 0.2175
 183 0.3318
 184 0.8750
 185 0.5903
 186 0.4754
 187 0.5367
 188 0.2713
 189 0.4926
 190 0.5319
 191 0.3660
 192 0.4218
 193 0.5739
 194 0.2978
 195 0.6075
 196 0.3925
 197 0.3984
 198 0.3496
 199 0.9288
 200   NaN
 201 0.2071
 202 0.1183
 203 0.2287
 204 2.5322
 205 0.3479
 206 0.2233
 207 0.7558
 208 0.5654
 209 0.3094
 210 0.5198
 211 0.2873
 212 0.2292
 213 1.9195
 214 0.8584
 215 0.3872
 216 0.1738
 217 0.5882
 218 1.6843
 219 0.5584
 220 1.1110
 221 0.2065
 222 0.3508
 223 0.2166
 224 0.2513
 225 0.5050
 226 0.8742
 227 0.3261
 228 0.4271
 229 0.3062
 230 0.4079
 231 0.3525
 232 0.4672
 233 1.2444
 234 0.1655
 235 0.3215
 236 0.8242
 237 0.1883
 238 1.2294
 239 0.2008
 240 0.2868
 241 1.2609
 242 0.2060
 243 0.9587
 244 0.2157
 245 0.1827
 246 0.2228
 247 0.3945
 248 0.4826
 249 0.5609
 250 0.2573
 251 0.1756
 252 0.2775
 253 0.1253
 254 0.8272
 255 0.5623
 256 0.5833
 257 0.2696
 258 0.5550
 259 0.3558
 260 0.4417
 261 0.2259
 262 0.3469
 263 0.3595
 264 0.1514
 265 0.7607
 266 0.4860
 267 0.1862
 268 0.2144
 269 0.9196
 270 0.3080
 271 0.3594
 272 0.1270
 273 0.2309
 274 0.1466
 275 0.2803
 276 0.1881
 277 0.7235
 278 0.2435
 279 0.4505
 280 0.5109
 281 0.3101
 282 0.9013
 283 0.3852
 284 0.2623
 285 0.4245
 286 0.5989
 287 0.2018
 288 0.3185
 289 0.4066
 290 0.3450
 291 0.4584
 292 0.5423
 293 0.4799
 294 0.3090
 295 0.8125
 296 1.2967
 297 0.6688
 298 0.1653
 299 0.2063
 300 0.1654
 301 0.3407
 302 0.2161
 303 0.2751
 304 0.3298
 305 0.2127
 306 1.0907
 307 0.6194
 308 0.3712
 309 1.1770
 310 2.5496
 311 0.2708
 312 1.1574
 313 0.2826
 314 2.4321
 315 0.2980
 316 1.8971
 317 0.6238
 318 0.1971
 319 0.1563
 320 0.1998
 321 0.8438
 322 0.2834
 323 0.9557
 324 0.4214
 325 0.2349
 326 2.0287
 327 0.2907
 328 0.1509
 329 0.9570
 330 2.9942
 331 0.6123
 332 0.4211
 333 0.6181
 334 0.3398
 335 0.2603
 336 0.2134
 337 1.2503
 338 0.3362
 339 1.7324
 340 0.2712
 341 0.7618
 342 0.5567
 343 0.4481
 344 1.1962
 345 2.0258
 346 0.4770
 347 0.4934
 348 0.8656
 349 0.2718
 350 0.2761
 351 2.2720
 352 0.1712
 353 1.1115
 354 0.1609
 355 0.3662
 356 0.3618
 357 0.4424
 358 0.1977
 359 0.2028
 360 0.2812
 361 0.3914
 362 1.6919
 363 0.3351
 364 0.2693
 365 2.8831
 366 0.2626
 367 0.1880
 368 0.2846
 369 0.8920
 370 0.3455
 371 0.8986
 372 0.5131
 373 0.2689
 374 0.9350
 375 2.5443
 376 0.9891
 377 1.2326
 378 1.2617
 379 0.1619
 380 0.3000
 381 0.2103
 382 0.4379
 383 0.1330
 384 0.5250
 385 0.2059
 386 0.2040
 387 0.5674
 388 0.3273
 389 0.4626
 390 0.3547
 391 0.9585
 392 0.1939
 393 0.1843
 394 0.5537
 395 0.5022
 396 0.6569
 397 0.9315
 398 0.4773
 399 0.4639
 400 0.3536
 401 0.2713
 402 1.1413
 403 2.1992
 404 0.2562
 405 0.1718
 406 0.2871
 407 0.2130
 408 0.5825
 409 0.5920
 410 0.5811
 411 0.7406
 412 0.2862
 413 0.3594
 414 0.4482
 415 0.5517
 416 1.5177
 417 0.4372
 418 0.3111
 419 0.2889
 420 0.2871
 421 1.8061
 422 0.3286
 423   NaN
 424 0.5018
 425 0.6915
 426 0.4314
 427 0.2980
 428 0.2177
 429 0.4629
 430 0.7723
 431 0.2952
 432 0.4129
 433 1.9410
 434 0.1395
 435 1.9173
 436 0.2846
 437 1.2402
 438 1.0671
 439 0.6361
 440 0.2437
 441 0.3974
 442 0.3004
 443 0.5873
 444 1.3557
 445 1.2313
 446 0.2768
 447 0.9893
 448 0.4646
 449 0.5194
 450 0.6205
 451 0.2720
 452 0.5578
 453 0.3356
 454 0.2028
 455 0.2880
 456 1.4238
 457 0.4229
 458 0.2094
 459 0.4736
 460 0.2466
 461 0.4796
 462 0.7612
 463 1.2026
 464 0.5894
 465 0.5035
 466 1.3422
 467 1.2829
 468 0.4051
 469 0.1450
 470 0.1702
 471 0.3211
 472 0.5028
 473 0.7514
 474 0.8047
 475 0.6334
 476 0.2181
 477 0.5128
 478 0.1381
 479 0.7172
 480 0.3227
 481 0.3167
 482 0.1873
 483 0.1823
 484 0.1765
 485 0.3772
 486 1.3748
 487 1.5954
 488 0.6619
 489 0.2646
 490 0.2218
 491 0.6464
 492 0.4142
 493 0.1251
 494 0.4200
 495 0.8172
 496 0.5603
 497 0.5845
 498 0.7595
 499 0.1521
 500   NaN
 501 1.8674
 502 0.3835
 503 0.4575
 504 1.2698
 505 0.2597
 506 0.6057
 507 0.4714
 508 0.4992
 509 0.3335
 510 0.2388
 511 0.2153
 512 0.4842
 513 0.2592
 514 0.2792
 515 0.2269
 516 0.2840
 517 2.1888
 518 0.3147
 519 0.3788
 520 0.2754
 521 0.3244
 522 1.0679
 523 0.6119
 524 0.2348
 525 0.2315
 526 0.6055
 527 0.2187
 528 0.2453
 529 0.3235
 530 0.5928
 531 0.5529
 532 0.1594
 533 0.2202
 534 0.3182
 535 0.3893
 536 0.3752
 537 0.2800
 538 0.2450
 539 0.4367
 540 0.1542
 541 0.5781
 542 1.7909
 543 0.4657
 544 0.3753
 545 1.0250
 546 0.3510
 547 1.4276
 548 0.7671
 549 0.2439
 550 0.4277
 551 0.4909
 552 0.4449
 553 0.1790
 554 1.8965
 555 0.3275
 556 0.6707
 557 1.6696
 558 0.2094
 559 0.7735
 560 0.1244
 561 0.3503
 562 0.1659
 563 0.2554
 564 0.3689
 565 0.4506
 566 1.3303
 567 0.1723
 568 0.3498
 569 0.4552
 570 0.3813
 571 0.3421
 572 0.6550
 573 0.7714
 574 0.2668
 575 0.3142
 576 0.1633
 577 0.5411
 578 0.5473
 579 0.8137
 580 0.8185
 581 0.2991
 582 0.2305
 583 1.0800
 584 0.6168
 585 0.2388
 586 0.2096
 587 0.2556
 588 0.2967
 589 0.3991
 590 0.7772
 591 0.1561
 592 0.1942
 593 1.3219
 594 0.1057
 595 0.8918
 596 0.3990
 597 0.3542
 598 0.3492
 599 1.5430
 600 0.3538
 601 0.9246
 602 0.5950
 603 0.1983
 604 0.3331
 605 1.1485
 606 0.4548
 607 0.2962
 608 0.1357
 609 0.3103
 610 0.2578
 611 1.0175
 612 0.4179
 613 0.3332
 614 0.1839
 615 0.4429
 616 0.8210
 617 0.2752
 618 1.0190
 619 0.8319
 620 0.6323
 621 0.2010
 622 0.1515
 623 0.1693
 624 1.8016
 625 0.9021
 626 0.5364
 627 0.4190
 628 0.1815
 629 0.3358
 630 1.2441
 631 0.4215
 632 0.7551
 633 0.7087
 634 1.0025
 635 0.4112
 636 0.2026
 637 0.2134
 638 0.9462
 639 0.8662
 640 0.3738
 641 0.5983
 642 0.6772
 643 0.3768
 644 0.2783
 645 0.2818
 646 0.3865
 647 0.3692
 648 0.7468
 649 0.4903
 650 0.3949
 651 0.3803
 652 1.7312
 653 0.4267
 654 0.1515
 655 1.9727
 656 0.5343
 657 0.2675
 658 0.6427
 659 0.5642
 660 0.1767
 661 0.2118
 662 0.5703
 663 0.3421
 664 0.3306
 665 0.3479
 666 0.2728
 667 0.2924
 668 0.3354
 669 0.8955
 670 0.1781
 671 0.2893
 672 1.7840
 673 0.3817
 674 0.1644
 675 0.3900
 676 0.4217
 677 0.4147
 678 0.5107
 679 1.3442
 680 1.2088
 681 0.4409
 682 0.5727
 683 0.4196
 684 0.3627
 685 0.2458
 686 0.1138
 687 0.6793
 688 0.3459
 689 0.4902
 690 1.8173
 691 0.1562
 692 1.4344
 693 0.3588
 694 0.8128
 695 0.1516
 696 0.1253
 697 0.2339
 698 0.4742
 699 0.4310
 700 0.4302
 701 1.3216
 702 0.3102
 703 0.5636
 704 0.1722
 705 0.5461
 706 0.8171
 707 0.3477
 708 2.2513
 709 0.7712
 710 0.1489
 711 1.5008
 712 0.2265
 713 0.9357
 714 0.2229
 715 1.8883
 716 0.4106
 717 0.2800
 718 0.2879
 719 0.1520
 720 0.6420
 721 0.4577
 722 1.6097
 723 0.6831
 724 0.3016
 725 0.3731
 726 0.2085
 727 0.3138
 728 0.2070
 729 1.1518
 730 0.4530
 731 1.3663
 732 0.2264
 733 0.4847
 734 2.0095
 735 0.9976
 736 0.5131
 737 0.1993
 738 1.6574
 739 0.1788
 740 1.1859
 741 0.3880
 742 0.4938
 743 0.5906
 744 0.2580
 745 0.6777
 746 2.3214
 747 0.7956
 748 0.4578
 749 0.3055
 750 0.2326
 751 1.1090
 752 0.3153
 753 0.2576
 754 0.3578
 755 0.3707
 756 0.3950
 757 0.8531
 758 0.2833
 759 0.5086
 760 0.7756
 761 0.1831
 762 0.3039
 763 0.1687
 764 0.3415
 765 0.2997
 766 0.5778
 767 0.2905
 768 1.6853
 769 0.7241
 770 0.1476
 771 0.2584
 772 0.6728
 773 0.6982
 774 0.3072
 775 0.4312
 776 0.2882
 777 0.2574
 778 0.5341
 779 0.5929
 780 0.3925
 781 0.4779
 782 0.4059
 783 0.4333
 784 0.3086
 785 0.2120
 786 0.6508
 787 0.3193
 788 0.4210
 789 0.4497
 790 0.7994
 791 0.9600
 792 1.2390
 793 0.4953
 794 0.7004
 795 0.4302
 796 0.4224
 797 0.3247
 798 5.0254
 799 0.2792
 800 0.2275
 801 0.1598
 802 0.1564
 803 0.1920
 804 0.4710
 805 0.1654
 806 0.1683
 807 0.3304
 808 1.0656
 809 0.7855
 810 0.8195
 811 1.6825
 812 0.1444
 813 0.2979
 814 0.5275
 815 0.5300
 816 0.2369
 817 0.3765
 818 0.3136
 819 0.7731
 820 0.1342
 821 1.5895
 822 0.2027
 823 0.4349
 824 0.4549
 825 0.2115
 826 0.5481
 827 0.3965
 828 0.3977
 829 0.5382
 830 0.4257
 831 0.3392
 832 0.3346
 833 0.2250
 834 2.0500
 835 0.1675
 836 0.9326
 837 1.1737
 838 0.8081
 839 0.2718
 840 0.2566
 841 1.3597
 842 0.6316
 843 0.2507
 844 0.2748
 845 0.6397
 846 0.1373
 847 1.0512
 848 0.2291
 849 0.1255
 850 0.4655
 851 0.2177
 852 3.1444
 853 0.3651
 854 0.3488
 855 0.2047
 856 0.7306
 857 0.7550
 858 1.2973
 859 0.4681
 860 0.1640
 861 1.0393
 862 0.3677
 863 0.3594
 864 0.5317
 865 0.5503
 866 0.2343
 867 0.4467
 868 0.4480
 869 0.1912
 870 0.1984
 871 0.6303
 872 0.3337
 873 0.3561
 874 0.3956
 875 0.2213
 876 0.3482
 877 0.2200
 878 0.1897
 879 0.7105
 880 0.1420
 881 1.1418
 882 0.4621
 883 0.8734
 884 0.2233
 885 0.3520
 886 0.5620
 887 0.3727
 888 0.4623
 889 0.4445
 890 0.4666
 891 0.7679
 892 0.5642
 893 0.3378
 894 0.7217
 895 0.1836
 896 0.3342
 897 1.0346
 898 0.4731
 899 0.8537
 900 0.3522
 901 0.2909
 902 0.4645
 903 0.1878
 904 1.3713
 905 1.4095
 906 0.5739
 907 0.2763
 908 0.7909
 909 0.1728
 910 0.5753
 911 0.1954
 912 0.3163
 913 0.3618
 914 0.9945
 915 0.6673
 916 0.9152
 917 0.5760
 918 0.1671
 919 0.1464
 920 0.2242
 921 0.3993
 922 0.1857
 923 0.3072
 924 0.6684
 925 0.2464
 926 0.1819
 927 0.4974
 928 0.6735
 929 0.2095
 930 0.6223
 931 0.4786
 932 0.2080
 933 1.7396
 934 0.2311
 935 0.3422
 936 0.2871
 937 0.1253
 938 0.3058
 939 0.7036
 940 0.9996
 941 0.5522
 942 0.2163
 943 0.2053
 944 0.4828
 945 0.5366
 946 1.0508
 947 1.0494
 948 0.9417
 949 1.7479
 950 0.1575
 951 0.2161
 952 0.6537
 953 0.1804
 954 0.7879
 955 0.2319
 956 0.2739
 957 0.3482
 958 0.1997
 959 0.2399
 960 1.4789
 961 0.9934
 962 0.4989
 963 0.4369
 964 0.2636
 965 0.2731
 966 0.1405
 967 0.1828
 968 0.3701
 969 0.4459
 970 0.1687
 971 0.3842
 972 0.2897
 973 0.2512
 974 0.7810
 975 0.4169
 976 0.4659
 977 0.2060
 978 0.2301
 979 0.4755
 980 0.2698
 981 0.6137
 982 0.4337
 983 0.4299
 984 0.3253
 985 0.2449
 986 0.8316
 987 0.6410
 988 0.3780
 989 0.1254
 990 0.6836
 991 1.8581
 992 0.3886
 993 0.5157
 994 0.1675
 995 0.1838
 996 1.0629
 997 0.2163
 998 0.5754
 999 0.3088
1000 0.1576
1001 0.2839
1002 0.8744
1003 0.9116
1004 0.2470
1005 0.2930
1006 0.7623
1007 1.4053
1008 0.3808
1009 0.4814
1010 0.2275
1011 0.4105
1012 0.2780
1013 0.5845
1014 0.6214
1015 0.2519
1016 0.7492
1017 0.2207
1018 0.8533
1019 2.0982
1020 0.2688
1021 0.2587
1022 0.2877
1023 0.5041
1024 0.3490
1025 0.5188
1026 0.3444
1027 0.4537
1028 0.3265
1029 0.1365
1030 2.4186
1031 0.4795
1032 0.4693
1033 0.5533
1034 0.1822
1035 0.5575
1036 0.9067
1037 0.2172
1038 1.4988
1039 0.7208
1040 0.3615
1041 0.2932
1042 0.3015
1043 0.4633
1044 0.2914
1045 0.4921
1046 0.5290
1047 0.5875
1048 0.2873
1049 0.1707
1050 0.3068
1051 1.2077
1052 0.8729
1053 0.4144
1054 0.7547
1055 0.3719
1056 0.4206
1057 1.5879
1058 0.3720
1059 0.2612
1060 2.7366
1061 0.4750
1062 0.2886
1063 0.2386
1064 0.1781
1065 0.4979
1066 0.3688
1067 1.7378
1068 1.2036
1069 2.2044
1070 0.4917
1071 0.3825
1072 0.2554
1073 0.5890
1074 0.2293
1075 1.4098
1076 0.2207
1077 0.7926
1078 0.4690
1079 0.2540
1080 0.2361
1081 0.2736
1082 0.2552
1083 0.2612
1084 0.3370
1085 0.3117
1086 0.2723
1087 1.0775
1088 0.4672
1089 0.2120
1090 0.3184
1091 1.4571
1092 0.8324
1093 0.7225
1094 0.5093
1095 0.1941
1096 0.3693
1097 0.2672
1098 0.1887
1099 0.4539
1100 0.5246
1101 0.2428
1102 0.2065
1103 0.2941
1104 1.2874
1105 0.2058
1106 0.2422
1107 0.3471
1108 0.4757
1109 0.2287
1110 0.1900
1111 0.5652
1112 0.7299
1113 0.4699
1114 0.9251
1115 1.0248
1116 0.3391
1117 0.8865
1118 0.2279
1119 0.2711
1120 0.4640
1121 0.5250
1122 0.8005
1123 0.4471
1124 0.1913
1125 0.9490
1126 1.3091
1127 0.4659
1128 0.4729
1129 0.3508
1130 1.0324
1131 0.1759
1132 0.5297
1133 1.0303
1134 0.3338
1135 0.2748
1136 0.9702
1137 0.7825
1138 0.3636
1139 1.3328
1140 0.1857
1141 1.4708
1142 0.1917
1143 0.2452
1144 0.3245
1145 0.3828
1146 0.5445
1147 0.6020
1148 0.1736
1149 1.8038
1150 1.0855
1151 0.3950
1152 0.2964
1153   NaN
1154 1.3986
1155 0.6471
1156 0.3497
1157 0.3401
1158 0.5335
1159 0.3822
1160 0.7441
1161 0.6274
1162 0.1612
1163 0.9381
1164 0.4152
1165 0.2091
1166 0.4509
1167 0.3375
1168 0.6419
1169 0.5303
1170 1.1605
1171 0.4488
1172 0.4175
1173 1.1894
1174 0.7386
1175 0.4873
1176 0.4438
1177 0.1937
1178 0.5362
1179 0.4224
1180 0.9041
1181 0.2719
1182   NaN
1183 0.3696
1184 0.4307
1185 0.5451
1186 0.4786
1187 0.4029
1188 0.6343
1189 0.5789
1190 1.3778
1191 0.4768
1192 0.5392
1193 0.3486
1194 0.5175
1195 1.5600
1196 0.2592
1197 0.3729
1198 0.5075
1199 0.1417
1200 0.3201
1201 0.5570
1202 2.1831
1203 1.3722
1204 0.4007
1205 1.8059
1206 0.3713
1207 2.6009
1208 0.1934
1209 0.7809
1210 0.5062
1211 0.6609
1212 0.3044
1213 0.3837
1214 0.2764
1215 1.4636
1216 0.6833
1217 0.3229
1218 0.2683
1219 0.8124
1220 0.2323
1221 0.2394
1222 0.5952
1223 0.6941
1224 0.5355
1225 0.1498
1226 0.7990
1227 0.4680
1228 0.9327
1229 0.2945
1230 0.7931
1231 0.7344
1232 0.3336
1233 0.4904
1234 0.6088
1235 0.2779
1236 0.5775
1237 0.1703
1238 0.5293
1239 0.3222
1240 0.3841
1241 0.7118
1242 0.4189
1243 0.4660
1244 0.2126
1245 0.9116
1246 1.0895
1247 0.7021
1248 1.1538
1249 0.5403
1250 0.5327
1251 0.6274
1252 0.5100
1253 0.3964
1254 0.5373
1255 1.4684
1256 0.1591
1257 0.2090
1258 0.3637
1259 1.0039
1260 0.4304
1261 0.4752
1262 0.2406
1263 0.1311
1264 0.5570
1265 0.6561
1266 0.6011
1267 0.4100
1268 0.2358
1269 0.6125
1270 1.3527
1271 0.2839
1272 0.5268
1273 0.6388
1274 0.4149
1275 0.6002
1276 0.2668
1277 0.1142
1278 0.3863
1279 0.5219
1280 0.4190
1281 0.3739
1282 0.2755
1283 0.2233
1284 1.0050
1285 0.2913
1286 0.8306
1287 1.6620
1288 0.8690
1289 0.5606
1290 0.2718
1291 0.6200
1292 0.4622
1293 0.2128
1294 0.3657
1295 0.5442
1296 0.2761
1297 0.1297
1298 2.0774
1299 0.3322
1300 0.5816
1301 0.2582
1302 0.1451
1303 0.4621
1304 0.3347
1305 0.6718
1306 0.9361
1307 0.4077
1308 0.6838
1309 0.3831
1310 0.2121
1311 0.2278
1312 0.3019
1313   NaN
1314 0.2319
1315 1.4426
1316 0.4786
1317 1.8786
1318 1.1041
1319 0.4342
1320 0.5830
1321 0.2012
1322 0.1646
1323 1.2101
1324 1.1232
1325 0.6707
1326 0.4502
1327 0.2125
1328 0.2006
1329 0.1907
1330 0.2034
1331 0.4656
1332 0.1990
1333 0.3949
1334 0.4706
1335 0.5223
1336 0.2238
1337 0.3207
1338 0.2222
1339 0.7890
1340 0.1821
1341 0.7800
1342 0.2577
1343 0.5190
1344 0.2911
1345 1.7882
1346 0.2370
1347 0.8227
1348 1.3908
1349 1.5014
1350 0.3048
1351 0.4378
1352 0.5034
1353 1.2405
1354 0.3725
1355 0.5006
1356 0.1864
1357 0.3723
1358 0.4781
1359 0.6716
1360 0.1889
1361 0.2271
1362 0.4430
1363 1.6420
1364 0.3785
1365 0.2733
1366 0.2122
1367 0.7405
1368 0.6247
1369 0.1901
1370 0.1758
1371 1.4240
1372 0.4228
1373 0.6413
1374 1.2075
1375 1.1584
1376 0.5726
1377 0.2425
1378 0.3007
1379 0.3210
1380 0.2385
1381 0.6059
1382 0.4739
1383 0.9296
1384 0.2711
1385 0.2918
1386 0.2593
1387 0.4061
1388 0.5249
1389 0.7736
1390 0.2200
1391 0.3639
1392 0.2253
1393 0.5350
1394 0.2245
1395 0.3172
1396 0.1517
1397 0.2765
1398 0.5771
1399 0.5261
1400 0.2114
1401 0.2940
1402 0.9320
1403 0.7095
1404 0.1597
1405 0.6010
1406 0.3702
1407 0.1968
1408 0.2048
1409 0.2653
1410 0.5512
1411 0.2302
1412 0.4453
1413 0.1875
1414 1.3095
1415 0.7413
1416 0.5426
1417 1.6001
1418 0.1950
1419 0.2438
1420 0.2002
1421 0.6469
1422 0.4021
1423 0.5712
1424 0.7479
1425 0.4171
1426 0.2554
1427 0.1973
1428 0.7650
1429 0.2385
1430 0.3910
1431 0.3032
1432 0.7057
1433 1.2356
1434 0.3886
1435 0.2661
1436 0.2421
1437 0.4423
1438 0.9470
1439 0.2210
1440 0.9810
1441 0.4687
1442 0.3346
1443 0.3485
1444 0.3968
1445 0.2704
1446 1.7902
1447 0.4095
1448 0.3431
1449 0.4690
1450 0.1849
1451 0.3361
1452 0.2735
1453 0.4866
1454 0.2489
1455 1.6748
1456 1.4530
1457 0.2743
1458 0.2095
1459 0.3568
1460 0.2626
1461 1.4352
1462 0.2933
1463 0.2426
1464 0.3037
1465 0.4427
1466 0.1733
1467 0.1865
1468 0.8511
1469 0.4989
1470 0.1125
1471 0.2969
1472 0.3741
1473 0.6392
1474 0.3481
1475 1.4128
1476 0.1831
1477 0.5226
1478 0.5445
1479 0.8794
1480 0.5688
1481 1.6190
1482 0.2798
1483 0.1369
1484 1.8890
1485 0.2988
1486 0.3285
1487 0.4383
1488 0.2330
1489 0.3929
1490 0.2713
1491 0.4262
1492 0.1973
1493 0.3137
1494 0.2161
1495 0.5131
1496 0.1792
1497 0.1835
1498 0.1360
1499 2.0260
1500 0.3288
1501 0.9792
1502 0.4151
1503 0.5803
1504 1.0940
1505 0.2087
1506 0.2240
1507 0.3501
1508 0.1860
1509 0.4467
1510 0.2586
1511 0.2682
1512 0.2487
1513 0.3250
1514 1.6644
1515 1.9015
1516 0.6665
1517   NaN
1518 0.6317
1519 0.9547
1520 0.9326
1521 0.2413
1522 0.1787
1523 0.2515
1524 0.5808
1525 0.4086
1526 0.1689
1527 0.2287
1528 0.1606
1529 0.9646
1530 0.2736
1531 0.6445
1532 0.2817
1533 0.4645
1534 0.3808
1535 0.1321
1536 0.5374
1537 0.5063
1538 2.7358
1539 1.7558
1540 0.2465
1541 1.3655
1542 0.6026
1543 0.2245
1544 1.3004
1545 0.4727
1546 0.4527
1547 0.2141
1548 0.2003
1549 0.2630
1550 0.3805
1551 0.6968
1552 1.1396
1553 0.2431
1554 1.0301
1555 0.8761
1556 0.4232
1557 0.1733
1558 0.2883
1559 0.5616
1560 0.2159
1561 0.2228
1562 0.4238
1563 0.4126
1564 0.4320
1565 0.1669
1566 0.3913
1567 0.1489
1568 0.7144
1569 0.4123
1570 0.5501
1571 0.2027
1572 0.5056
1573 0.4419
1574 0.4307
1575 0.4552
1576 0.4718
1577 0.8638
1578 0.2132
1579 0.2840
1580 0.1671
1581 0.7731
1582 0.4821
1583 0.4591
1584 1.0934
1585 2.0460
1586 0.4480
1587 0.3404
1588 0.5565
1589 3.1053
1590 1.1949
1591 0.3435
1592 0.4485
1593 0.5944
1594 0.6283
1595 0.4558
1596 0.2401
1597 0.3578
1598 0.4613
1599 0.3752
1600 1.4229
1601 0.9078
1602 0.8638
1603 0.2554
1604 0.2779
1605 0.4089
1606   NaN
1607 0.4153
1608 0.3156
1609 3.3707
1610 0.1363
1611 1.2493
1612 0.4125
1613 0.2395
1614 0.2981
1615 0.3129
1616 1.0104
1617 1.9194
1618 0.1880
1619 0.3352
1620 0.3381
1621 0.1862
1622 0.2584
1623 0.2165
1624 0.6162
1625 0.2191
1626 0.8786
1627 0.2418
1628 0.1413
1629 0.4108
1630 0.2148
1631 1.3987
1632 0.2295
1633 0.2133
1634 0.2915
1635 0.6676
1636 1.6634
1637 0.2364
1638 0.1358
1639 1.5932
1640 0.1539
1641 0.3973
1642 0.2150
1643 1.2606
1644 0.5055
1645 0.4268
1646 0.1434
1647 0.6131
1648 0.1757
1649 0.2781
1650 0.3045
1651 0.6721
1652 0.5622
1653 1.5425
1654 0.9746
1655 0.1725
1656 0.2522
1657   NaN
1658 1.6742
1659 0.3120
1660 0.2443
1661 0.1444
1662 0.7995
1663 0.2094
1664 0.1605
1665 0.4071
1666 0.4974
1667 0.2890
1668 0.5268
1669 0.4324
1670 0.1438
1671 1.1984
1672 0.3431
1673 0.4887
1674 0.8089
1675 0.1642
1676 0.3678
1677 1.1945
1678 0.3465
1679 0.4817
1680 0.1926
1681 0.1713
1682 0.4132
1683 0.5468
1684 0.1935
1685 0.5650
1686 0.4242
1687 0.1866
1688 0.1730
1689 0.3644
1690 0.3436
1691 1.2089
1692 0.2743
1693 1.2951
1694 0.4934
1695 0.4371
1696 0.8541
1697 0.7913
1698 0.4096
1699 0.4471
1700 0.4543
1701 0.1437
1702 0.1564
1703 0.3127
1704 0.5294
1705 0.3821
1706   NaN
1707 0.3092
1708 1.2747
1709 0.9678
1710 0.6193
1711 0.5392
1712 0.4254
1713 0.1764
1714 0.3989
1715 0.5285
1716 0.2360
1717 0.2814
1718 0.5760
1719 1.4729
1720 1.3498
1721 0.4511
1722 0.6607
1723 0.3162
1724 0.6180
1725 0.7676
1726 0.6516
1727 0.7374
1728 1.2677
1729 0.2508
1730 0.4975
1731 0.6841
1732 0.4963
1733 0.3815
1734 0.4231
1735 0.4839
1736 0.3755
1737 0.4332
1738 0.2530
1739 0.9501
1740 0.3089
1741 0.9117
1742 0.7600
1743 0.6213
1744 0.3593
1745 0.5646
1746 0.6860
1747 0.5545
1748 0.4220
1749 0.1933
1750 0.1845
1751 0.2237
1752 0.4055
1753 0.1935
1754 1.3671
1755 2.3255
1756 0.3650
1757 0.3437
1758 0.1301
1759 0.3307
1760 0.2851
1761 0.6465
1762 0.2220
1763 0.4030
1764 0.4368
1765 0.4015
1766 0.3684
1767 0.4209
1768 2.1067
1769 1.9343
1770 1.4477
1771 1.7141
1772 0.8242
1773 1.0165
1774 0.4062
1775 0.6432
1776 0.4434
1777 0.3566
1778 0.7382
1779 0.3103
1780 0.6239
1781 0.3837
1782 0.2027
1783 0.1256
1784 0.4700
1785 0.3213
1786 0.4828
1787 1.3178
1788 0.8677
1789 2.6565
1790 0.5301
1791 1.1432
1792 0.3994
1793 0.3010
1794 1.0399
1795 1.8475
1796 0.9329
1797 0.4441
1798 0.3171
1799 0.8477
1800 0.4968
1801 0.1261
1802 0.3325
1803 0.5959
1804 0.5887
1805 1.2390
1806 0.1448
1807 0.7669
1808 0.2653
1809 0.1754
1810 0.3061
1811 0.5297
1812 0.7462
1813 0.3792
1814 0.7164
1815 0.4798
1816 0.5583
1817 1.0147
1818 0.5949
1819 0.6645
1820 0.4313
1821 1.6918
1822 0.8251
1823 0.3885
1824 0.5522
1825 0.7858
1826 0.3784
1827 0.5854
1828 0.2125
1829 0.3420
1830 1.2194
1831 0.3884
1832 0.4178
1833 0.5549
1834 0.4251
1835 0.2231
1836 0.1745
1837 0.7656
1838 0.4860
1839 0.4051
1840 0.5469
1841 0.7583
1842 2.7579
1843 0.3732
1844 0.1386
1845 0.4265
1846 0.3577
1847 0.3315
1848 0.5764
1849 0.6401
1850 1.4192
1851 0.9385
1852 0.1455
1853 0.5445
1854 1.2304
1855 0.2627
1856 0.6771
1857 0.3960
1858 0.3847
1859 0.9530
1860 0.2859
1861 0.2163
1862 0.3674
1863 0.3256
1864 0.3344
1865 0.9744
1866 0.5606
1867 0.1044
1868 0.1673
1869 0.1225
1870 0.8203
1871 3.3883
1872 0.9233
1873 0.2223
1874 0.7466
1875 0.3220
1876 0.2157
1877 0.3619
1878 0.3954
1879 0.7189
1880 0.5330
1881 1.1285
1882 0.2137
1883 0.3411
1884 0.5154
1885 0.7311
1886 0.3977
1887 0.5066
1888 0.5573
1889 0.2177
1890 0.4091
1891 1.8197
1892 0.3164
1893 0.8802
1894 0.2610
1895 0.3812
1896 0.5078
1897 0.3856
1898 0.6427
1899 0.5726
1900 1.4979
1901 6.6414
1902 0.3681
1903 0.6743
1904 0.4401
1905 0.4939
1906 0.2688
1907 0.3469
1908 1.1343
1909 0.3555
1910 0.5032
1911 1.5354
1912 0.4056
1913 0.4277
1914 0.4558
1915 0.2683
1916 0.7927
1917 0.1796
1918 0.2298
1919 0.3328
1920 0.1754
1921 0.6015
1922 1.6234
1923 0.2117
1924 0.3230
1925 1.2701
1926 1.6184
1927 0.3534
1928 0.2131
1929 0.6834
1930 0.2513
1931 1.7105
1932 0.4444
1933 1.9081
1934 0.4809
1935 0.7335
1936 0.5854
1937 0.4532
1938 0.4036
1939 0.6548
1940 0.5061
1941 1.2861
1942 0.4283
1943 0.6335
1944 0.2274
1945 0.4276
1946 0.2365
1947 2.6659
1948 0.2883
1949 1.1718
1950 0.2280
1951 0.6432
1952 0.3781
1953 0.6937
1954 1.9804
1955 0.2777
1956 0.4529
1957 0.3428
1958 1.2373
1959 0.6582
1960 0.4002
1961 0.4801
1962 0.1596
1963 0.1878
1964 0.2331
1965 1.1798
1966 0.1591
1967 0.2185
1968 0.2473
1969 2.7382
1970 0.2968
1971 0.8819
1972 0.3797
1973 0.2209
1974 1.0734
1975 0.1896
1976 0.8245
1977 0.2153
1978 0.3536
1979 0.7663
1980 0.2341
1981 1.4091
1982 0.4276
1983 0.4594
1984 0.2762
1985 0.5446
1986 0.7907
1987 0.4699
1988 0.2471
1989 0.4371
1990 0.5727
1991 0.2782
1992 0.7198
1993 0.4332
1994 0.2215
1995 0.2299
1996 0.4635
1997 0.4490
1998 0.1668
1999 0.2015
2000 0.1725
2001 1.3272
2002 0.7212
2003 0.1708
2004 0.3502
2005 0.7197
2006 0.6150
2007 0.1803
2008 0.3293
2009 1.0530
2010 1.5984
2011 0.5043
2012 0.3326
2013 0.6178
2014 0.2446
2015 0.2490
2016 1.6054
2017 0.4235
2018 0.1522
2019 0.1948
2020 1.3483
2021 0.2611
2022 0.3674
2023 0.2648
2024 0.1972
2025 0.1823
2026 2.4362
2027 1.3271
2028 0.1518
2029 0.1606
2030 0.5564
2031 1.2274
2032 0.5579
2033 0.2569
2034 0.4411
2035 0.3725
2036 2.0095
2037 0.5618
2038 0.3028
2039 1.3337
2040 0.2062
2041 0.2851
2042 0.2307
2043 0.7249
2044 0.6132
2045   NaN
2046 0.3032
2047 0.1456
2048 0.7964
2049 0.4510
2050 0.4008
2051 0.3275
2052 0.4555
2053 2.8910
2054 0.4383
2055 0.5876
2056 0.1619
2057 0.4488
2058 0.1576
2059 0.9766
2060 0.8358
2061 0.6096
2062 0.1404
2063 0.9212
2064 0.1481
2065 0.4688
2066 0.1634
2067 0.9696
2068 1.6058
2069 0.2290
2070 0.3883
2071 0.3924
2072 0.5106
2073 0.3062
2074 0.1446
2075 0.5488
2076 0.3072
2077 0.4628
2078 0.2881
2079 0.5231
2080 1.0123
2081 1.1691
2082 0.1343
2083 0.3640
2084 0.7892
2085 0.3373
2086 0.2546
2087 0.6649
2088 0.2554
2089 0.6971
2090 0.2471
2091 0.2749
2092 0.1695
2093 0.2424
2094 0.2203
2095 0.3464
2096 0.2004
2097 0.7416
2098 0.7834
2099 1.1621
2100 0.1504
2101 0.8326
2102 0.4746
2103 1.6964
2104 0.2077
2105   NaN
2106 0.1570
2107 0.3549
2108 1.7440
2109 0.2383
2110 0.6743
2111 0.3764
2112 0.2729
2113 0.3432
2114 0.4485
2115 0.1792
2116 0.4788
2117 0.3572
2118 0.4032
2119 0.7661
2120 0.6269
2121 0.1163
2122 1.3523
2123 0.2446
2124 0.3804
2125 0.1834
2126 0.3630
2127 0.3697
2128 0.9533
2129 0.2578
2130 0.3796
2131 0.3328
2132 0.4269
2133 0.5497
2134 1.3644
2135 0.8896
2136 1.8002
2137 0.8284
2138 0.1638
2139 0.4015
2140 0.3280
2141 0.5985
2142 0.6206
2143 0.3778
2144 0.5851
2145 0.2423
2146 1.4609
2147 0.3634
2148 0.2361
2149 0.2554
2150 0.2664
2151 0.6201
2152 0.4120
2153 0.2737
2154 0.3924
2155 0.2417
2156 0.3991
2157 0.9482
2158 0.5674
2159 0.5849
2160 0.5486
2161 0.4125
2162 0.6600
2163 0.2443
2164 0.2177
2165 0.7254
2166   NaN
2167 0.4859
2168 0.2198
2169 0.2312
2170 0.2307
2171 0.2144
2172 0.5222
2173 0.1844
2174 0.2227
2175 0.2369
2176 0.4521
2177 2.2038
2178 1.1137
2179 0.3650
2180 0.2171
2181 0.3581
2182 1.4044
2183 0.3327
2184 0.1564
2185 0.4680
2186 0.2638
2187 0.1660
2188 0.1581
2189 0.2404
2190 0.8041
2191 0.4688
2192 0.5561
2193 0.3212
2194 0.2293
2195 0.4455
2196 0.4451
2197 0.2982
2198 0.2203
2199 0.3406
2200 0.3453
2201 0.8598
2202 2.7170
2203 0.3318
2204 0.2403
2205 0.6917
2206 0.4007
2207 1.5036
2208 0.4454
2209 1.4286
2210 0.2454
2211   NaN
2212 0.6054
2213 0.1853
2214 0.1192
2215 0.2789
2216 0.4423
2217 0.5846
2218 0.2411
2219 0.1723
2220 0.6152
2221 0.7071
2222 1.3411
2223 0.3741
2224 0.5988
2225 0.3742
2226 0.4312
2227 0.6235
2228 0.4219
2229 1.3159
2230 0.7186
2231 0.3818
2232 0.2195
2233 0.2099
2234 0.1406
2235 0.7267
2236 0.3864
2237 1.3300
2238 0.3058
2239 1.2045
2240 0.5783
2241 1.6027
2242 0.5680
2243 0.4331
2244 0.2830
2245 0.4618
2246 1.4646
2247 0.4962
2248 0.7083
2249 0.5090
2250 0.3033
2251 0.2076
2252 0.5561
2253 0.4413
2254 0.2267
2255 0.4256
2256 0.4882
2257 0.2864
2258 0.4199
2259 0.1875
2260 0.2220
2261 0.1628
2262 0.3558
2263 0.1542
2264 0.2151
2265 0.4453
2266 0.6709
2267 0.1400
2268 0.4788
2269 0.1689
2270 2.7698
2271 1.3071
2272 0.2321
2273 0.4931
2274 0.2416
2275 0.4994
2276 0.2014
2277 0.4214
2278 0.4205
2279 0.6814
2280 0.1237
2281 0.7983
2282 1.2380
2283 0.3666
2284 0.8124
2285 0.1747
2286 0.2909
2287 0.5106
2288 0.2523
2289 0.7282
2290 0.5493
2291 0.5062
2292 1.9594
2293 0.5102
2294 0.2100
2295 0.9811
2296 0.4828
2297 0.2342
2298 0.3106
2299 0.4346
2300 0.3702
2301 0.6613
2302 0.2519
2303 0.5434
2304 0.6649
2305 0.3536
2306 0.1991
2307 0.5804
2308 0.1459
2309 1.4568
2310 0.3462
2311 0.5077
2312 0.7481
2313 0.2367
2314 0.3209
2315 1.4760
2316 0.3093
2317 0.3072
2318 0.2970
2319 1.2576
2320 0.9582
2321 0.1648
2322 0.1269
2323 0.5198
2324 0.2541
2325 0.2149
2326 0.2079
2327 0.7470
2328 0.5383
2329 0.4234
2330 0.8167
2331 0.2191
2332 0.3987
2333 1.5350
2334 1.2831
2335 0.2975
2336 0.3546
2337 1.0206
2338 1.0924
2339 0.8780
2340 4.2396
2341 0.5864
2342 0.6926
2343 0.2050
2344 0.2740
2345 0.2736
2346 0.5301
2347 0.6580
2348 0.4473
2349 0.2099
2350 0.2178
2351 0.1991
2352 0.3928
2353 1.0178
2354 0.4865
2355 1.2563
2356 0.5209
2357 0.5075
2358 0.3910
2359 0.2740
2360 0.6065
2361 0.3139
2362 0.5652
2363 0.3899
2364 0.4034
2365 0.3902
2366 0.3370
2367 0.1552
2368 0.4061
2369 1.7575
2370 1.0817
2371 0.1669
2372 0.3183
2373 0.6383
2374 0.2544
2375 0.1392
2376 0.3830
2377 0.3702
2378 0.5523
2379 0.4241
2380 0.1346
2381 0.2169
2382 0.1387
2383 0.3423
2384 0.5245
2385 0.3609
2386 0.4517
2387 0.4403
2388 0.2478
2389 0.4769
2390 0.5155
2391 0.2196
2392 0.1774
2393 0.3046
2394 0.4391
2395 0.2562
2396 0.1081
2397 0.8060
2398 0.3583
2399 0.5099
2400 0.3990
2401 0.5945
2402 0.2352
2403 0.4672
2404 0.2444
2405 0.1889
2406 1.2841
2407 0.4167
2408 0.1833
2409 0.2173
2410 2.9122
2411 0.1996
2412 0.1244
2413 0.1880
2414 0.3362
2415 0.3925
2416 0.9704
2417 0.3825
2418 2.0129
2419 0.6203
2420 0.1263
2421 0.3278
2422 0.1462
2423 0.3568
2424 0.5029
2425 0.5239
2426 0.3265
2427 0.8190
2428 0.3155
2429 1.8154
2430 0.3281
2431 0.6303
2432 0.1729
2433 0.6660
2434 0.4562
2435 0.1927
2436 0.3546
2437 0.2587
2438 0.3925
2439 1.2063
2440 0.2705
2441 0.8531
2442 0.6614
2443 0.3287
2444 0.4229
2445 0.2628
2446 0.2548
2447 1.9930
2448 0.4977
2449 0.9228
2450 0.5018
2451 0.4971
2452 0.8992
2453 1.9144
2454 0.4477
2455 0.7807
2456 0.2188
2457 0.2358
2458 0.3804
2459 0.1808
2460 0.4288
2461 0.1741
2462 0.8983
2463 0.6599
2464 0.8538
2465 3.3487
2466 0.4447
2467 0.1501
2468 0.3744
2469 0.7297
2470 0.6853
2471 0.3165
2472 0.7665
2473 0.3074
2474 0.2358
2475 0.4576
2476 0.2932
2477 0.2140
2478 1.0884
2479 0.4320
2480 0.6333
2481 1.2128
2482 0.3211
2483 0.4509
2484 1.9521
2485 0.7087
2486 0.1625
2487 0.9023
2488 0.1883
2489 0.7999
2490 0.3909
2491 0.2255
2492 0.4057
2493 0.3602
2494 1.5041
2495 1.2911
2496 0.1524
2497 0.1977
2498 0.4836
2499 0.1269
2500 0.3925
