   1 5.4953
   2 3.0933
   3 4.2113
   4 1.5585
   5 12.1386
   6 2.7969
   7 0.6384
   8 0.4443
   9 0.4172
  10 2.2042
  11 1.4857
  12 2.0374
  13 1.8597
  14 5.5940
  15 5.4686
  16 1.3747
  17 1.0728
  18 1.5084
  19 1.8485
  20 1.0569
  21 0.7887
  22 2.0377
  23 2.2750
  24 1.5250
  25 0.8215
  26 4.3286
  27 0.9658
  28 1.6200
  29 1.5220
  30 1.5163
  31 1.4791
  32 1.4882
  33 1.5624
  34 1.6216
  35 1.3861
  36 0.5403
  37 3.2855
  38 2.2883
  39 2.4205
  40 2.6977
  41 2.8250
  42 5.6605
  43 4.9328
  44 1.2440
  45 0.5383
  46 0.6039
  47 3.7097
  48 3.3146
  49 0.8156
  50 3.0722
  51 3.1039
  52 1.5171
  53 3.0176
  54 1.1379
  55 2.6789
  56 3.4956
  57 3.8461
  58 0.8638
  59 0.4472
  60 1.7675
  61 0.5784
  62 0.9152
  63 1.0209
  64 3.0418
  65 2.6588
  66 4.6977
  67 2.2949
  68 0.2837
  69 0.2960
  70 0.4206
  71 0.7532
  72 1.4002
  73 0.4347
  74 6.7042
  75 5.3589
  76 1.0712
  77 1.7405
  78 4.4528
  79 0.2959
  80 1.5521
  81 2.0427
  82 1.1432
  83 1.4718
  84 2.1931
  85 3.6027
  86 2.1360
  87 1.1816
  88 2.0210
  89 1.7176
  90 1.5803
  91 1.6425
  92 2.4311
  93 0.8171
  94 1.4506
  95 0.6990
  96 2.2835
  97 5.2449
  98 0.2028
  99 4.0912
 100 2.4622
 101 0.9402
 102 0.1804
 103 0.9958
 104   NaN
 105 2.5016
 106 0.9764
 107 3.9468
 108 1.0951
 109 2.6087
 110 1.6114
 111 2.4419
 112 1.3445
 113 2.2070
 114 1.0563
 115 1.4916
 116 4.0550
 117 3.0863
 118 1.8615
 119 4.0089
 120 2.4989
 121 0.5790
 122 0.4117
 123 0.8445
 124 3.7760
 125 2.7276
 126 0.2615
 127 1.4356
 128 0.5730
 129 2.4514
 130 1.1932
 131 2.3466
 132 3.6653
 133 0.7823
 134 0.5161
 135 1.9427
 136 0.5269
 137 1.1776
 138 4.3871
 139 3.6323
 140 0.6880
 141 3.1705
 142 3.8948
 143 1.2273
 144 2.5972
 145 8.2095
 146 1.1641
 147 5.1697
 148 0.7772
 149 1.9384
 150 1.0411
 151 2.4575
 152 1.1090
 153 0.8577
 154 12.4903
 155 1.8302
 156 0.4335
 157 8.8611
 158 1.8912
 159 0.9330
 160 2.6498
 161 2.3073
 162 2.3407
 163 2.1676
 164 2.6990
 165 0.5270
 166 1.2564
 167 3.6540
 168 1.8217
 169 0.3899
 170 0.6054
 171 2.6985
 172 9.7190
 173 4.1376
 174 1.2937
 175 2.4607
 176 2.4894
 177 1.9466
 178 1.1065
 179 0.3115
 180 0.4730
 181 2.7945
 182 3.2839
 183 3.5442
 184 4.8091
 185 2.6834
 186 2.8690
 187 5.9223
 188 2.9934
 189 0.4484
 190 3.2153
 191 0.4030
 192 1.5420
 193 2.1426
 194 4.7168
 195 0.9628
 196 19.3070
 197 1.4754
 198 1.1991
 199 1.9305
 200 1.1765
 201 1.0792
 202 5.2140
 203 1.4443
 204 4.4217
 205 7.4309
 206 0.4426
 207 1.8488
 208 0.9597
 209 3.1932
 210 1.2077
 211 0.7355
 212 3.0350
 213 1.9926
 214 1.6631
 215 0.3210
 216 1.2674
 217 1.0680
 218 1.5791
 219 0.9139
 220 5.2357
 221 5.6027
 222 2.6258
 223 0.9402
 224 1.2501
 225 1.2149
 226 4.8886
 227 2.0101
 228 1.3061
 229 0.3960
 230 3.0384
 231 0.2441
 232 0.1904
 233 0.3317
 234 4.2610
 235 2.2247
 236 0.4183
 237 1.8927
 238 1.1770
 239 1.3888
 240 3.5952
 241 0.8035
 242 4.9284
 243 1.7701
 244 0.6537
 245 3.0669
 246 1.1555
 247 0.6779
 248 2.7255
 249 1.2334
 250 0.7809
 251 4.4886
 252 1.1749
 253 0.3535
 254 10.3808
 255 0.5070
 256 0.3638
 257 5.4436
 258 2.6558
 259 3.4298
 260 1.2883
 261 1.2458
 262 1.8190
 263 2.1079
 264 0.8886
 265 1.9792
 266 3.1168
 267 0.6456
 268 2.1365
 269 1.8738
 270 0.3529
 271 0.5763
 272 1.4260
 273 3.3726
 274 1.2175
 275 1.3376
 276 3.7858
 277 1.6491
 278 5.9990
 279 4.4331
 280 1.6468
 281 0.9082
 282 0.4093
 283 1.5301
 284 1.6488
 285 1.5654
 286 0.9857
 287 2.0233
 288 1.5193
 289 1.3620
 290 3.4159
 291 0.3496
 292 1.1567
 293 1.1294
 294 0.4573
 295 1.9889
 296 3.4605
 297 1.2739
 298 1.4791
 299 1.0849
 300 2.3538
 301 3.3712
 302 0.8321
 303 8.8065
 304 2.1164
 305 0.9670
 306 3.3882
 307 2.3779
 308 0.7900
 309 15.0795
 310 3.7051
 311 2.9227
 312 0.5125
 313 2.1432
 314 3.5386
 315 2.0409
 316 0.9402
 317 0.5137
 318 0.4992
 319 1.5956
 320 1.4141
 321 0.1428
 322 1.4066
 323 0.3898
 324 1.2598
 325 2.5824
 326 1.4921
 327 0.5509
 328 0.2628
 329 1.5567
 330 4.1674
 331 0.7354
 332 1.2834
 333 4.6033
 334 2.3958
 335 1.1223
 336 0.8239
 337 2.1890
 338 0.2565
 339 1.3363
 340 1.9709
 341 3.0530
 342 0.8693
 343 7.8736
 344 1.3389
 345 3.2930
 346 0.5067
 347 1.7895
 348 3.6012
 349 1.7466
 350 7.2631
 351 0.8339
 352 0.3891
 353 0.7606
 354 0.8082
 355 3.4004
 356 3.7735
 357 3.4500
 358 0.8138
 359 1.9082
 360 3.8116
 361 0.2922
 362 2.2307
 363 0.7777
 364 0.7917
 365 4.2344
 366 0.4568
 367 2.1108
 368 2.1083
 369 1.8344
 370 1.6074
 371 3.2590
 372 1.6925
 373 2.7549
 374 1.4363
 375 7.9914
 376 3.3233
 377 8.9312
 378 2.7212
 379 0.4851
 380 0.7448
 381 1.3505
 382 2.0706
 383 0.6647
 384 1.5414
 385 0.4530
 386 2.4921
 387 14.4590
 388 2.7621
 389 1.8503
 390 1.1256
 391 3.4466
 392 0.6505
 393 1.0120
 394 0.1818
 395 1.6257
 396 2.0339
 397 2.2500
 398 0.9185
 399 0.7793
 400 1.0322
 401 2.0404
 402 1.7785
 403 1.9136
 404 1.8215
 405 2.3549
 406 0.8142
 407 3.1980
 408 1.0088
 409 2.6700
 410 5.4203
 411   NaN
 412 2.2718
 413 2.7955
 414 2.6168
 415 1.9943
 416 0.1302
 417 2.1556
 418 0.7273
 419 2.8299
 420 1.8775
 421 3.1597
 422 1.1951
 423 2.4584
 424 4.4037
 425 9.0195
 426 0.5579
 427 3.2704
 428 1.1732
 429 0.2668
 430 1.3595
 431 1.4236
 432 0.4148
 433 1.8449
 434 1.7113
 435 3.2527
 436 2.8835
 437 3.6784
 438 0.6801
 439 0.5224
 440 2.9400
 441 2.0415
 442 1.5297
 443 0.2726
 444 1.7631
 445 1.4524
 446 0.7056
 447 2.2933
 448 1.2936
 449 1.0360
 450 2.1668
 451 3.0566
 452 1.9847
 453 6.0319
 454 0.2999
 455 2.8282
 456 4.3842
 457 2.6194
 458 4.5985
 459 1.2032
 460 3.5812
 461 2.1030
 462 5.3160
 463 2.2489
 464 0.3939
 465 1.2627
 466 0.4903
 467 1.9266
 468 1.7836
 469 0.3608
 470 0.8927
 471 2.7908
 472 0.2159
 473 2.7663
 474 2.5273
 475 0.6798
 476 2.5574
 477 0.4750
 478 0.8311
 479 2.6409
 480 0.5356
 481 4.0007
 482 1.3340
 483 0.4687
 484 6.3691
 485 1.1925
 486 2.3618
 487 1.5214
 488 1.2200
 489 0.4203
 490 0.4263
 491 1.4554
 492 6.7094
 493 1.1796
 494 1.4869
 495 1.8838
 496 0.4997
 497 2.0862
 498 1.3896
 499 1.5806
 500 0.3339
 501 1.0056
 502 3.0833
 503 3.6180
 504 0.5538
 505 3.9410
 506 0.6167
 507 3.5604
 508 0.6082
 509 0.2980
 510 3.4068
 511 0.7825
 512 0.1928
 513 1.0793
 514 0.4434
 515 4.6455
 516 4.4808
 517   NaN
 518 8.9998
 519 1.2028
 520 1.4861
 521 0.9594
 522 0.2222
 523 1.1220
 524 1.5611
 525 2.5806
 526 0.4091
 527 0.9286
 528 1.7163
 529 2.3691
 530 2.4657
 531 4.2497
 532 0.3449
 533 0.2488
 534 3.1158
 535 1.9220
 536 1.9182
 537 1.4136
 538 2.2069
 539 0.5790
 540 0.8940
 541 4.5131
 542 3.2185
 543 1.7247
 544 1.3180
 545 3.6988
 546 1.3970
 547 0.7297
 548 1.2511
 549 1.2396
 550 0.8533
 551 1.4968
 552 6.9416
 553 2.2935
 554 0.7309
 555 1.1943
 556 1.7434
 557 3.6989
 558 0.2824
 559 0.5954
 560 3.9356
 561 1.8776
 562 2.1207
 563 3.1044
 564 1.3329
 565 7.2149
 566 0.1523
 567 0.6270
 568 6.3923
 569 2.1301
 570 2.0026
 571 6.6876
 572 0.6358
 573 0.5330
 574 0.3410
 575 1.7334
 576 0.4177
 577 0.3119
 578 2.6343
 579 4.4814
 580 0.4386
 581 4.7370
 582 0.5405
 583 1.5466
 584 1.9202
 585 0.8208
 586 1.9874
 587 9.9189
 588 2.8830
 589 0.2664
 590 8.4650
 591 6.1315
 592 1.4329
 593 3.0647
 594 2.8873
 595 3.1791
 596 2.5636
 597 1.3529
 598 0.8625
 599 1.1468
 600 0.5262
 601 1.1958
 602 4.3114
 603 0.3937
 604 0.4332
 605 1.2239
 606 3.2309
 607 4.2127
 608 1.4309
 609 3.5747
 610 1.5545
 611 4.0532
 612 2.0484
 613 14.4028
 614 3.6957
 615 0.3442
 616 3.4869
 617 0.2283
 618 2.5389
 619 1.6512
 620 2.2313
 621 3.7987
 622 0.4625
 623 0.5057
 624 1.1938
 625 0.5974
 626 0.9929
 627 0.6365
 628 0.2210
 629 2.6088
 630 5.0636
 631 0.7798
 632 1.9912
 633 0.7012
 634 1.5816
 635 8.1656
 636 1.6785
 637 3.0118
 638 0.3740
 639 2.2285
 640 0.2092
 641 6.0224
 642 1.5573
 643 1.5712
 644 1.5163
 645 0.1660
 646 0.4868
 647 2.2919
 648 1.5490
 649 0.1491
 650 1.4154
 651 1.0633
 652 1.6973
 653 16.0258
 654 0.8997
 655 0.8608
 656 1.0072
 657 4.6752
 658 2.3276
 659 0.4302
 660 4.9946
 661 0.7071
 662 6.3428
 663 0.6070
 664 2.7692
 665 10.5139
 666 0.8122
 667 0.9669
 668 0.2621
 669 1.2298
 670 0.4396
 671 2.5521
 672 1.1017
 673 5.4981
 674 2.5462
 675 1.7756
 676 1.0579
 677 1.4809
 678   NaN
 679 4.1106
 680 0.8952
 681 0.8487
 682 0.4100
 683 1.4237
 684 0.9006
 685 1.1405
 686 0.7672
 687 0.8400
 688 2.0774
 689 0.4380
 690 4.5436
 691 2.3603
 692 3.8854
 693 1.8860
 694 2.2893
 695 7.3086
 696 0.5517
 697 2.4671
 698 0.7284
 699 4.3072
 700 2.2171
 701 1.7679
 702 1.7496
 703 1.7045
 704 3.0324
 705 3.1672
 706 3.3506
 707 1.0936
 708 14.2620
 709 1.8178
 710 3.3166
 711 1.7857
 712 0.2767
 713 2.3665
 714 0.6745
 715 0.8313
 716 1.4634
 717 2.2626
 718 3.3224
 719 0.4806
 720 1.7468
 721 5.2436
 722 1.6083
 723 0.8588
 724 1.7072
 725 3.6491
 726 1.2988
 727 3.2244
 728 0.9932
 729 2.0946
 730 1.7327
 731 0.8275
 732 4.4959
 733 7.3066
 734 1.9567
 735 1.6532
 736 0.1723
 737 1.8757
 738 0.7818
 739 1.5760
 740 6.8874
 741 4.0309
 742 1.1358
 743 5.1123
 744 3.4215
 745 1.9579
 746 1.4912
 747 0.2716
 748 1.2377
 749 1.2840
 750 0.9510
 751   NaN
 752 1.8888
 753 1.7617
 754 2.1885
 755 1.3426
 756 1.0812
 757 1.3957
 758 1.2155
 759 1.7426
 760 0.5647
 761 4.1431
 762 1.6231
 763 3.5834
 764 1.8091
 765 1.2765
 766 1.1093
 767 4.9987
 768 0.6872
 769 1.4224
 770 0.3536
 771 0.9149
 772 2.1699
 773 1.2404
 774 0.7456
 775 2.0280
 776 2.8280
 777 1.0302
 778 1.9484
 779 3.3010
 780 1.2977
 781 1.0992
 782 1.5411
 783 1.2975
 784 0.4550
 785 6.5909
 786   NaN
 787 1.0737
 788 0.4294
 789 0.5916
 790 3.1764
 791 1.9175
 792 2.7821
 793 0.4874
 794 1.1719
 795 0.3438
 796 2.8111
 797 1.7905
 798 3.6395
 799 3.3189
 800 0.4008
 801 0.5194
 802 3.5200
 803 2.5032
 804 1.9587
 805 0.4934
 806 0.3420
 807 4.3929
 808 2.2370
 809   NaN
 810 0.3807
 811 0.4845
 812 2.1160
 813 3.1384
 814 1.8153
 815 4.9177
 816 2.4533
 817 1.7104
 818 0.4317
 819 1.7692
 820 0.6382
 821 0.5093
 822 2.0915
 823 3.3978
 824 3.1233
 825 1.8586
 826 6.8689
 827 2.8571
 828 1.8710
 829 2.3191
 830 1.3990
 831 0.5593
 832 1.7929
 833 5.4512
 834 0.8414
 835 1.1297
 836 0.3362
 837 3.0349
 838 0.8498
 839 4.6514
 840 1.0098
 841 0.8727
 842 1.8913
 843 0.2986
 844 1.4616
 845 0.9705
 846 1.5392
 847 1.2577
 848 1.4202
 849 0.6996
 850 0.5942
 851 2.2733
 852 1.8130
 853 0.4175
 854 0.5571
 855 0.9383
 856 2.2804
 857 0.9687
 858 2.0866
 859 2.1462
 860 2.9048
 861 1.8855
 862 1.9423
 863 4.4393
 864 3.3059
 865 0.7508
 866 3.1145
 867 0.5516
 868 1.6267
 869 12.6166
 870 0.8632
 871 14.9051
 872 3.6078
 873 11.3881
 874 0.6874
 875 7.6468
 876 8.3491
 877 1.3807
 878 0.2403
 879 2.3499
 880 2.8599
 881 0.9201
 882 1.0554
 883 4.7078
 884 1.4593
 885 1.9564
 886 1.4683
 887 0.9920
 888 0.8057
 889 0.2272
 890 0.6450
 891 0.8835
 892 0.4937
 893 2.0524
 894 1.4258
 895 1.5453
 896 3.3010
 897 3.8109
 898 0.5951
 899 2.0447
 900 3.5174
 901 10.4555
 902 1.5432
 903 3.1714
 904 0.5011
 905 4.1858
 906 2.0942
 907 1.6618
 908 2.1783
 909 1.7994
 910 1.1032
 911 1.0493
 912 4.5690
 913 1.5215
 914 0.6861
 915 10.8317
 916 6.2503
 917 1.6821
 918 0.2793
 919 8.2018
 920 4.3122
 921 0.3275
 922 1.4806
 923 3.0583
 924 1.5362
 925 3.9553
 926 0.8104
 927 0.8941
 928 4.6928
 929 1.2835
 930 2.0229
 931 0.5814
 932 1.4500
 933 1.7488
 934 1.5019
 935 0.6025
 936 1.3993
 937 0.5842
 938 2.9478
 939 1.2581
 940 0.4281
 941 2.5567
 942 1.9328
 943 0.4920
 944 2.9615
 945 1.7965
 946 2.5999
 947 2.5389
 948 0.6032
 949 1.2343
 950 0.8890
 951 5.7166
 952 0.2879
 953 1.9672
 954 0.4713
 955 3.1426
 956 0.3000
 957 1.4436
 958 1.9500
 959 1.0167
 960 0.3461
 961 8.1571
 962 1.9851
 963 0.9197
 964 0.8893
 965 2.4597
 966 3.7719
 967 0.7646
 968 1.8794
 969 4.3430
 970 0.4492
 971 0.4753
 972 0.7147
 973 0.9664
 974 1.8995
 975 1.4214
 976 0.5859
 977 0.7730
 978 0.3374
 979 2.3479
 980 1.5383
 981 2.3038
 982 5.0253
 983 1.7848
 984 2.0785
 985 0.2238
 986 5.8492
 987 3.3603
 988 0.5539
 989 1.8937
 990 0.6555
 991 0.6749
 992 1.3870
 993   NaN
 994 1.2943
 995 6.4625
 996 2.6583
 997 3.1041
 998 3.9231
 999 1.6312
1000 1.0350
1001 0.4893
1002 1.8687
1003 0.2796
1004 3.0797
1005 0.8384
1006 0.7419
1007 1.1455
1008 0.1714
1009 0.9548
1010 0.5427
1011 3.3121
1012 3.6757
1013 0.6638
1014 1.2510
1015 4.3211
1016 2.5464
1017 0.4161
1018 0.6871
1019 1.2992
1020 1.3305
1021 1.3668
1022 5.4445
1023 2.0920
1024 0.8178
1025 5.2674
1026 6.0625
1027 1.2594
1028 1.6067
1029 4.6063
1030 3.4883
1031 0.6490
1032 3.9312
1033 2.2840
1034 1.9678
1035 9.9720
1036 2.1620
1037 2.3253
1038 1.9032
1039 7.0529
1040 1.8688
1041 2.9642
1042 2.9891
1043 1.2310
1044 1.7839
1045 3.2345
1046 0.2773
1047 1.0721
1048 1.3560
1049 1.6147
1050 1.3091
1051 0.7781
1052 5.6164
1053 4.7874
1054 2.5534
1055 0.7703
1056 4.1059
1057 0.6115
1058 1.0124
1059 2.6518
1060 2.5012
1061 2.9878
1062 0.1334
1063 1.8133
1064 3.7200
1065 1.1900
1066 1.1448
1067 1.1643
1068 1.6550
1069 2.6777
1070 1.0513
1071 0.7614
1072 3.5725
1073 2.8598
1074 0.6609
1075 1.9278
1076 0.8722
1077 0.2817
1078 0.5097
1079 0.8530
1080 1.1223
1081 1.2822
1082 3.5001
1083 4.0707
1084 0.3420
1085 2.0414
1086   NaN
1087 1.8430
1088 1.2715
1089 0.2662
1090 1.1668
1091 4.2664
1092 16.3030
1093 0.5862
1094 0.4489
1095 5.1685
1096 1.7234
1097 0.9649
1098 0.2681
1099 4.8316
1100 0.4135
1101 0.8413
1102 1.3646
1103 2.3827
1104 2.8507
1105 1.2209
1106 1.1328
1107 0.4974
1108 0.8750
1109 0.3748
1110 1.2857
1111 0.8307
1112 1.0008
1113 2.8310
1114 1.3015
1115 1.4167
1116 0.5498
1117 1.1372
1118 4.3836
1119 0.1427
1120 1.5699
1121 0.7564
1122 0.7525
1123 2.1622
1124 1.8365
1125 2.1383
1126 2.9002
1127 3.3503
1128 0.9650
1129 0.7278
1130 2.2230
1131 2.4777
1132 2.5272
1133 2.1127
1134 0.3849
1135 1.8492
1136 1.3487
1137 0.7382
1138 0.5116
1139 1.8851
1140 1.3878
1141 1.1058
1142 0.5082
1143 0.4896
1144 5.1179
1145 4.7864
1146 3.4514
1147 1.0664
1148 0.2559
1149 1.8659
1150 5.4165
1151 4.2923
1152 2.5633
1153 1.4813
1154 1.5615
1155 1.4763
1156 0.5059
1157 2.0022
1158 1.4089
1159 3.6894
1160 1.6445
1161 6.0788
1162 0.3461
1163 1.0871
1164 0.6823
1165 0.8480
1166 0.5108
1167 0.2541
1168 2.6159
1169 0.5575
1170 2.6097
1171 8.3665
1172 5.4438
1173 0.7939
1174 2.1511
1175 0.8172
1176 1.8716
1177 3.5420
1178 1.2968
1179 1.9139
1180 1.2304
1181 2.3077
1182 8.8002
1183 9.9468
1184 1.5388
1185 1.4800
1186 2.5749
1187 0.3922
1188 1.4602
1189 0.9531
1190 1.0625
1191 5.4051
1192 0.3276
1193 0.5612
1194 5.0088
1195 1.8425
1196 0.3617
1197 2.2515
1198 2.0395
1199 2.8011
1200 2.7302
1201 0.6792
1202 1.3281
1203 4.6406
1204 1.5563
1205 1.0008
1206 1.6154
1207 4.3375
1208 0.6283
1209 0.3579
1210 1.6996
1211 3.9651
1212 0.3560
1213 7.5806
1214 1.0508
1215 2.9702
1216 2.0680
1217 0.5637
1218 2.4460
1219 0.4153
1220 1.2599
1221 3.6325
1222 2.3752
1223 1.9595
1224   NaN
1225 0.3501
1226 0.4420
1227 4.7393
1228 2.3919
1229 6.0085
1230 0.8896
1231 3.7009
1232 0.5222
1233 2.6586
1234 5.9158
1235 3.6771
1236 2.9554
1237 0.4795
1238 1.0452
1239 1.0770
1240 2.5838
1241 3.6625
1242 9.8755
1243 0.2403
1244 0.2850
1245 1.9783
1246 2.0036
1247 2.6351
1248 1.4906
1249 0.2785
1250 2.9151
1251 0.8475
1252 2.3546
1253 1.2771
1254 1.7011
1255 1.2356
1256 5.5823
1257 0.9249
1258 1.4196
1259 2.8724
1260 1.1108
1261 3.3843
1262 1.5413
1263 1.7076
1264 0.8548
1265 1.1523
1266 0.7791
1267 1.4617
1268 0.4445
1269 5.0017
1270 1.1484
1271 3.5771
1272 0.5431
1273 2.1131
1274 1.2155
1275 3.5025
1276 3.0190
1277 2.3866
1278 0.9709
1279 2.8985
1280 3.2392
1281 1.6761
1282 0.9735
1283 2.2818
1284 0.1806
1285 6.2683
1286 2.4692
1287 1.1036
1288 1.7054
1289 0.8312
1290 1.1186
1291 0.6006
1292 2.5498
1293 1.0662
1294 1.3835
1295 0.2074
1296 1.5954
1297 0.9051
1298 1.5929
1299 2.5119
1300 0.6455
1301 1.7979
1302 0.4161
1303 0.7680
1304 3.8637
1305 1.8918
1306 0.7457
1307 0.1825
1308 2.4678
1309 6.2501
1310 2.3986
1311 6.6603
1312 2.8441
1313 6.5654
1314 0.9772
1315 2.2575
1316 4.4416
1317 0.2023
1318 2.2844
1319 0.9942
1320 1.9676
1321 0.5185
1322 3.8549
1323 2.4256
1324 2.1847
1325 1.9954
1326 1.2393
1327 0.6766
1328 2.1439
1329 2.1811
1330 1.3442
1331 1.6607
1332 1.9934
1333 0.6166
1334 4.6544
1335 0.3553
1336 1.3894
1337 3.7478
1338 1.8691
1339 2.1928
1340 0.8225
1341 1.8954
1342 0.5028
1343 1.3924
1344 0.8633
1345 0.3386
1346 0.6001
1347 0.9177
1348 1.6262
1349 2.0473
1350 6.0119
1351 3.2598
1352 0.3266
1353 0.7641
1354 1.5314
1355 9.5018
1356 0.3603
1357 1.0956
1358 1.5760
1359 1.2540
1360 0.4514
1361 1.6603
1362 0.6693
1363 6.9929
1364 1.0326
1365 1.1048
1366 0.9196
1367 0.9464
1368 4.7940
1369 2.7115
1370 2.2499
1371 2.5973
1372 0.4721
1373 2.5777
1374 3.1605
1375 0.3517
1376 2.1689
1377   NaN
1378 1.8205
1379 2.2054
1380 1.1926
1381 1.4021
1382 0.7904
1383 0.8340
1384 2.9287
1385 2.5076
1386 0.2282
1387 2.2463
1388 2.5521
1389 1.7955
1390 0.8699
1391 1.7092
1392 2.2807
1393 0.2897
1394 3.9241
1395 1.6783
1396 0.1382
1397 0.9917
1398 0.9661
1399 1.4867
1400 0.7129
1401 2.3947
1402 0.3555
1403 0.6855
1404 2.5186
1405 4.6494
1406 0.4962
1407 1.3869
1408 1.1262
1409 1.8009
1410 1.9673
1411 2.4062
1412 8.0865
1413 3.1274
1414 0.4730
1415 0.5752
1416 2.3682
1417 1.0689
1418 3.2849
1419 0.7721
1420 6.3094
1421 2.8411
1422 5.7781
1423 1.9249
1424 2.2219
1425 1.6130
1426 1.1825
1427 2.3998
1428 1.9295
1429 0.8591
1430 5.9954
1431 1.5940
1432 1.5881
1433 2.0743
1434 1.7712
1435   NaN
1436 0.7513
1437 0.3922
1438 0.9461
1439 1.3670
1440 0.6785
1441 1.2238
1442 2.1046
1443 3.2128
1444 0.9436
1445 6.1876
1446 0.7156
1447 2.2316
1448 0.6475
1449 4.6303
1450 3.4283
1451 4.9918
1452 2.0342
1453 2.9839
1454 2.2125
1455 5.6366
1456 1.2700
1457 0.8852
1458 2.1719
1459 0.8719
1460 1.0843
1461 0.9706
1462 0.3308
1463 0.3486
1464 1.2129
1465 1.8857
1466 3.6221
1467 3.2390
1468 2.3392
1469 2.8790
1470 1.1459
1471 1.3615
1472 2.4248
1473 1.1088
1474 2.5659
1475 0.7030
1476 1.5024
1477 0.1842
1478 2.2937
1479 1.6384
1480 0.7526
1481 2.8847
1482 1.9605
1483 1.7246
1484 8.6668
1485 1.2586
1486 1.9618
1487 0.2464
1488 0.2616
1489 1.5067
1490 2.3872
1491 4.2741
1492 1.7302
1493 3.3847
1494 0.2738
1495 4.9751
1496 2.9508
1497 2.2373
1498 2.4053
1499 1.9109
1500 1.2060
1501 5.5319
1502 2.3962
1503 3.7788
1504 0.1448
1505 0.7043
1506 5.6897
1507 1.3284
1508 0.4972
1509 2.7048
1510 1.2963
1511 0.7436
1512 3.5881
1513 0.5855
1514 2.4602
1515 1.3008
1516 0.3632
1517 1.9360
1518 0.6117
1519 3.2835
1520 4.5892
1521 2.7104
1522 1.6023
1523 0.4090
1524 1.0870
1525 0.4626
1526 1.7753
1527 2.7454
1528 1.4493
1529 3.3807
1530 0.8424
1531 5.5739
1532 2.7418
1533 1.3467
1534 0.5371
1535 2.7577
1536 2.9129
1537 0.3802
1538 2.5344
1539 2.0599
1540 6.0261
1541 1.5181
1542 1.3341
1543 1.8199
1544 0.4479
1545 0.9214
1546 1.8635
1547 1.0666
1548 0.6636
1549 4.9914
1550 0.3851
1551 2.0806
1552 1.3779
1553 1.2260
1554 1.6989
1555 4.2939
1556 1.7864
1557 1.8355
1558 0.5723
1559 2.8651
1560 0.2042
1561 1.7917
1562 1.9021
1563 6.2459
1564 1.8407
1565 3.1975
1566 2.2229
1567 3.4679
1568 2.6929
1569 8.1645
1570 7.4632
1571 0.6812
1572 2.7117
1573 2.8862
1574 4.2532
1575 7.0468
1576 0.4594
1577 3.8862
1578 9.0211
1579 1.0132
1580 1.5152
1581 0.7021
1582 0.5562
1583 4.0323
1584 1.6906
1585 0.8927
1586 5.4839
1587 1.6848
1588 0.5629
1589 0.8867
1590 1.6427
1591 0.4834
1592 3.1350
1593 1.2860
1594 2.5246
1595 2.5098
1596 3.3436
1597 1.3342
1598 1.2160
1599 1.9505
1600 0.7636
1601 0.7997
1602 3.8912
1603 12.7224
1604   NaN
1605 1.4900
1606 1.5060
1607 1.5924
1608 1.4650
1609 3.5836
1610 1.5654
1611 0.8280
1612 0.1827
1613 1.1627
1614 1.5107
1615 5.3875
1616 1.3452
1617 9.9512
1618 1.4126
1619 7.4491
1620 2.9376
1621 1.4668
1622 4.3969
1623 2.4974
1624 1.4532
1625 2.1610
1626 1.2249
1627 1.6481
1628 0.5127
1629 3.2946
1630 2.3453
1631 3.3116
1632 3.6895
1633 2.4362
1634 4.3129
1635 0.8935
1636 0.6906
1637 1.9290
1638 2.5849
1639 0.8171
1640 2.5165
1641 0.7899
1642 1.6529
1643 1.5014
1644 13.2232
1645 2.4367
1646 0.9895
1647 1.5380
1648 9.0789
1649 3.6810
1650 2.7189
1651 1.0284
1652 1.3109
1653 2.8395
1654 0.9484
1655 1.2587
1656 1.4158
1657 0.3976
1658 0.5567
1659 4.2483
1660 1.4426
1661 6.1219
1662 0.9468
1663 1.2311
1664 4.1725
1665 4.9403
1666 3.8065
1667 3.9275
1668 0.3274
1669 0.5344
1670 0.4783
1671 0.5407
1672 0.7349
1673 5.6097
1674 1.7451
1675 1.5104
1676 1.7169
1677 0.1505
1678 1.0703
1679 1.1074
1680 1.4331
1681 4.3722
1682 0.8796
1683 0.6395
1684 1.1442
1685 0.9679
1686 0.2639
1687 0.6444
1688 3.0658
1689 0.8526
1690 0.4431
1691 0.2308
1692 2.3133
1693 3.3097
1694 0.2185
1695 0.3777
1696 0.9257
1697 0.4769
1698 1.4842
1699 0.8823
1700 0.7840
1701 5.1620
1702 2.5808
1703 1.7488
1704 0.9415
1705 1.5595
1706 2.2458
1707 3.4034
1708 4.1170
1709 1.2494
1710 2.5255
1711 0.5984
1712 0.9167
1713 2.0741
1714 1.5792
1715 0.6890
1716 1.6562
1717 0.3241
1718 3.8582
1719 5.7256
1720 1.0135
1721 0.8524
1722 1.5898
1723 2.6170
1724 2.1044
1725 5.8588
1726 0.1780
1727 1.8512
1728 1.5934
1729 9.2598
1730 0.2228
1731 0.8429
1732 2.2825
1733 2.3275
1734 1.1720
1735 0.1731
1736 0.7850
1737 1.3950
1738 6.5788
1739 0.7488
1740 0.2659
1741 0.8587
1742 0.7897
1743 3.2525
1744 5.4880
1745 0.5445
1746 0.3370
1747 0.9756
1748 0.5142
1749 2.7714
1750 5.6627
1751 2.0466
1752 0.3321
1753 1.0230
1754 1.4745
1755 10.0940
1756 1.6515
1757 0.7730
1758 1.3091
1759 0.5699
1760 1.0162
1761 2.4022
1762 1.5503
1763 3.3044
1764 0.4842
1765 2.7893
1766 0.9301
1767 2.5274
1768 0.6696
1769 0.7001
1770 2.7364
1771 2.1154
1772 7.8254
1773 0.4128
1774 1.7912
1775 1.7457
1776 1.0801
1777 1.4109
1778 0.8920
1779 1.6558
1780 0.6855
1781 1.8789
1782 0.4229
1783 9.4447
1784 22.4413
1785 1.4385
1786 0.2902
1787 1.8710
1788 0.5196
1789 1.9450
1790 1.8776
1791 1.3641
1792 2.3076
1793 4.3916
1794 1.2551
1795 1.4915
1796 0.3146
1797 0.9806
1798 0.3912
1799 2.4523
1800 1.5102
1801 0.2262
1802 0.4460
1803 0.2951
1804 2.5800
1805 16.8713
1806 0.6046
1807 1.2233
1808 0.9018
1809 2.2290
1810   NaN
1811 0.1984
1812 5.9408
1813 1.4407
1814 2.8308
1815 0.8491
1816 0.6920
1817 0.4857
1818 1.1418
1819 4.1777
1820 2.4101
1821 0.8576
1822 2.4639
1823 1.0518
1824 2.2839
1825 2.3099
1826 1.1028
1827 1.1565
1828 0.8886
1829 2.1086
1830 0.4357
1831 1.2180
1832 3.2185
1833 1.7782
1834 5.1559
1835 1.5874
1836 6.7952
1837 3.1926
1838 1.2469
1839 1.3592
1840 0.5053
1841 2.1875
1842 2.4680
1843 1.6601
1844 5.0139
1845 1.4640
1846 0.7759
1847 2.6691
1848 4.1139
1849 0.6736
1850 0.6110
1851 1.6445
1852 3.6408
1853 0.9372
1854 0.8699
1855 5.2648
1856 1.4138
1857 6.3039
1858 1.2932
1859 0.4868
1860 0.7351
1861 3.9997
1862 2.2211
1863 2.2473
1864 1.9718
1865 2.4123
1866 0.3245
1867 4.5128
1868 6.3290
1869 1.8723
1870 0.4454
1871 1.4724
1872 2.7070
1873 1.7146
1874 0.4649
1875 1.6677
1876 1.2361
1877 1.1480
1878 4.9279
1879 2.8635
1880 0.6334
1881 2.0728
1882 0.9315
1883 0.3867
1884 0.8637
1885 0.5288
1886 0.6294
1887 1.8463
1888 2.8744
1889 1.6741
1890 0.8340
1891 1.7561
1892 2.9089
1893 0.4966
1894 1.5812
1895 3.2312
1896 10.8906
1897 3.0006
1898 1.8855
1899 1.2381
1900 3.8488
1901 1.2629
1902 3.2321
1903 1.2850
1904 0.7114
1905 3.8435
1906 1.7388
1907 1.7612
1908 5.2597
1909 0.3773
1910   NaN
1911 0.4110
1912 3.2309
1913 1.5338
1914 1.9197
1915 4.1114
1916 1.2641
1917 3.3764
1918 0.5235
1919 2.5537
1920 0.1954
1921 1.5003
1922 1.3313
1923 0.8541
1924 3.5757
1925 1.4766
1926 7.5854
1927 1.5351
1928 4.9146
1929 1.9069
1930 0.4428
1931 1.2128
1932 1.8899
1933 1.4687
1934 3.0981
1935 7.7351
1936 1.4194
1937 3.3309
1938 3.5779
1939 12.0466
1940 1.4156
1941 0.8535
1942 2.4279
1943 1.4534
1944 0.5293
1945 0.8733
1946 0.1901
1947 1.6601
1948 4.9977
1949 4.5862
1950 0.3320
1951 0.3581
1952 1.5508
1953 2.2111
1954 2.6345
1955 2.2387
1956 1.3210
1957 1.6167
1958 6.4770
1959 0.5362
1960 2.1190
1961 8.6575
1962 12.8012
1963 1.1799
1964 1.6766
1965 1.7905
1966 1.0120
1967 1.4029
1968 0.9175
1969 0.8867
1970 1.9626
1971 7.1894
1972 1.0399
1973 1.4571
1974 12.9905
1975 4.2866
1976 1.8535
1977 1.7977
1978 1.7580
1979 2.7089
1980 1.8045
1981 1.1345
1982 0.3783
1983 2.8721
1984 3.0911
1985 1.1466
1986 2.0599
1987 3.5186
1988 1.9409
1989 1.0193
1990 1.6676
1991 0.9321
1992 1.9319
1993 1.1914
1994 0.5928
1995 1.4639
1996 2.3101
1997 1.2627
1998 0.2566
1999 0.5530
2000 4.5685
2001 4.0546
2002 0.4407
2003 0.9531
2004 2.0279
2005 0.2510
2006 1.7934
2007 0.6646
2008 3.7777
2009 7.4080
2010 2.2382
2011 1.4015
2012 1.4444
2013 0.4265
2014 0.8858
2015 6.3593
2016 0.2732
2017 1.7440
2018 0.8937
2019 1.2690
2020 0.5448
2021 1.4944
2022 2.6745
2023 0.9326
2024 5.5691
2025   NaN
2026 8.9269
2027 3.0906
2028 1.6183
2029 0.5223
2030 4.6821
2031 2.0871
2032   NaN
2033 1.3760
2034 1.3160
2035 2.0641
2036 0.7813
2037 1.8175
2038 3.4511
2039 1.8781
2040 1.0811
2041 4.7470
2042 2.5086
2043 2.3355
2044 0.8717
2045 2.2846
2046 1.4683
2047 1.2941
2048 1.5892
2049 1.1094
2050 1.9467
2051 0.4439
2052 0.4578
2053 0.4251
2054 1.6993
2055 1.0896
2056 1.1141
2057 4.2433
2058 0.6046
2059 1.4640
2060 1.5253
2061 1.4053
2062 0.5162
2063 2.3850
2064 0.9023
2065 2.7591
2066 1.1162
2067 1.3505
2068 2.5559
2069 0.3548
2070 1.2793
2071 0.6055
2072 1.0952
2073 1.2302
2074 2.4117
2075 4.8038
2076 4.3793
2077 3.6433
2078 1.1902
2079 1.6409
2080 2.5274
2081 1.0320
2082 2.0062
2083 1.2477
2084 1.2910
2085 0.7146
2086 1.0052
2087 2.7776
2088 2.4492
2089 0.7350
2090 3.7263
2091 3.2478
2092 0.5087
2093 1.6387
2094 4.5932
2095 5.0263
2096 0.8344
2097 7.3298
2098 0.3903
2099 0.7061
2100 2.3658
2101 8.8095
2102 0.4593
2103 11.8510
2104 1.6705
2105 0.7444
2106 2.2538
2107 2.1540
2108 5.9966
2109 1.6198
2110 0.7592
2111 2.7130
2112 1.5732
2113 2.0275
2114 2.4227
2115 8.5001
2116 1.5236
2117 1.2391
2118 6.7658
2119 0.9525
2120 0.3827
2121 2.6825
2122 6.0630
2123 0.4104
2124 0.6538
2125 1.7261
2126 2.2919
2127 0.7265
2128 7.0888
2129 5.6377
2130 0.8139
2131 1.9242
2132 0.3527
2133 1.2899
2134 2.6154
2135 0.4379
2136 0.5261
2137 0.9420
2138 0.4327
2139 1.8783
2140 3.9669
2141 4.7545
2142 1.7710
2143 1.7266
2144 1.8049
2145 3.5405
2146 1.3494
2147 2.8241
2148 6.1882
2149 2.0509
2150 2.7494
2151 1.4875
2152 0.3816
2153 2.9636
2154 0.3321
2155 0.9812
2156 1.0707
2157 1.6152
2158 2.8714
2159 1.3619
2160 0.2664
2161 0.4829
2162 3.8856
2163 2.7899
2164 0.2268
2165 0.2215
2166 6.6300
2167 2.9849
2168 0.2561
2169 0.9994
2170 1.2318
2171 0.3792
2172 0.5019
2173 0.2708
2174 1.9142
2175 6.4500
2176 0.2769
2177 0.4508
2178 1.7210
2179 1.1320
2180 0.4658
2181 0.7612
2182 2.5293
2183 0.8130
2184 0.5058
2185 1.0175
2186 2.0310
2187 1.3951
2188 0.3079
2189 1.6408
2190 2.8153
2191 0.3771
2192 0.9060
2193 0.6260
2194 0.5945
2195 0.3749
2196 2.5084
2197 0.5925
2198 0.4118
2199 0.5871
2200 2.6709
2201 2.2851
2202 3.3595
2203 3.9506
2204 3.7274
2205 0.7706
2206 2.1863
2207 4.0025
2208 0.9235
2209 1.2812
2210 2.0203
2211 2.7005
2212 0.2067
2213 3.0787
2214 1.0792
2215 0.5442
2216 2.4760
2217 1.0846
2218 0.2667
2219 1.0143
2220 9.7624
2221 1.5744
2222 1.3985
2223 6.4966
2224 1.1980
2225 0.5369
2226 0.8494
2227 1.5592
2228 0.7296
2229 2.4576
2230 0.7851
2231 0.2644
2232 1.0305
2233 5.6651
2234 0.8122
2235   NaN
2236 1.5862
2237 2.0513
2238 0.8291
2239 1.4494
2240 0.8583
2241 3.7474
2242 3.5443
2243 3.4147
2244 13.1078
2245 1.8304
2246 1.5456
2247 2.3707
2248 1.4342
2249 2.4109
2250 3.0986
2251 1.0513
2252 2.6846
2253 13.0170
2254 1.6262
2255 5.3020
2256 1.5925
2257 0.4527
2258 1.8337
2259 2.5372
2260 3.0526
2261 6.6127
2262 0.7129
2263 1.7713
2264 0.2531
2265 1.8407
2266 1.2133
2267 1.3152
2268 3.6979
2269 2.8558
2270 1.8725
2271 2.1280
2272 0.7904
2273 4.0820
2274 3.8616
2275 4.4488
2276 3.1036
2277 1.2639
2278 3.6776
2279 2.4321
2280 7.2049
2281 1.4966
2282 5.0308
2283 3.2224
2284 0.8174
2285 0.7601
2286 3.9901
2287 1.1732
2288 2.5845
2289 5.7365
2290 0.8646
2291 0.8970
2292 1.8125
2293 2.0278
2294 1.1637
2295 10.8311
2296 0.3185
2297 0.5091
2298 1.2976
2299 3.4371
2300 1.1462
2301 2.2613
2302 1.8357
2303 1.3896
2304 1.4989
2305 1.3590
2306 0.9314
2307 1.8703
2308 0.6470
2309 1.8310
2310 0.2287
2311 2.2306
2312 0.3984
2313 3.7607
2314 0.3915
2315 0.3815
2316 0.4147
2317 1.8252
2318 0.3507
2319 1.4142
2320 15.4767
2321 3.5312
2322 1.6707
2323 1.0057
2324 1.6188
2325 1.0781
2326 0.5588
2327 1.3029
2328 2.2613
2329 2.4652
2330 0.1627
2331 2.2311
2332 0.2244
2333 1.4535
2334 3.7680
2335 11.4799
2336 3.3954
2337 1.8204
2338 0.6342
2339 3.6935
2340 7.4001
2341 2.1056
2342 1.6239
2343 1.2017
2344 3.9218
2345 4.0220
2346 1.7814
2347 1.3968
2348 2.1796
2349 2.1658
2350 1.3910
2351 0.6036
2352 1.5764
2353 0.7524
2354 3.6140
2355 9.1522
2356 0.6254
2357 5.5700
2358 0.4784
2359 2.1417
2360 2.1333
2361 1.0367
2362 1.7754
2363 0.7646
2364 1.2238
2365 7.0501
2366 2.5271
2367 1.2822
2368 1.7313
2369 0.8097
2370 3.2502
2371 5.6191
2372 1.2759
2373 1.4101
2374 2.0054
2375 0.7100
2376 3.6868
2377 0.5029
2378 1.7077
2379 0.3558
2380 1.2139
2381 2.0481
2382 0.2306
2383 2.1060
2384 1.5662
2385 7.7617
2386 2.7337
2387 0.2929
2388 1.5981
2389 2.9646
2390 0.5393
2391 0.5704
2392 5.0110
2393 2.9112
2394 1.1338
2395 1.9233
2396 0.9554
2397 4.0049
2398 0.2472
2399 3.2839
2400 3.7403
2401 1.2863
2402 1.0766
2403 0.8873
2404 3.1837
2405 3.7262
2406 0.6380
2407 2.8160
2408 3.7872
2409 1.0774
2410 3.2063
2411 2.0884
2412 3.5619
2413 4.8010
2414 16.8795
2415 1.3867
2416 1.2285
2417 0.8728
2418 1.5478
2419 0.5908
2420 0.3914
2421 0.6475
2422 0.3194
2423 1.8648
2424 5.5114
2425 1.3656
2426 0.3320
2427 3.7295
2428 0.6134
2429 14.0552
2430 1.2191
2431 4.2449
2432 0.6974
2433 5.1319
2434 0.8423
2435 1.5755
2436 0.9420
2437 1.8656
2438 3.6263
2439 0.5955
2440 4.5845
2441 1.5863
2442 2.8220
2443 1.0601
2444 5.0829
2445 6.4261
2446 0.3431
2447 0.8465
2448 1.5858
2449 0.3636
2450 0.5954
2451 0.7696
2452 4.4579
2453 1.2765
2454 13.8309
2455 2.8608
2456 1.7007
2457 3.5138
2458 1.3462
2459 0.7840
2460 2.7317
2461 2.6734
2462 1.1615
2463 13.5822
2464 1.0448
2465 2.2490
2466 1.3304
2467 1.6947
2468 3.3271
2469 5.8483
2470 1.9149
2471 2.3481
2472 2.3336
2473 0.3880
2474 5.3868
2475 6.7840
2476 0.1945
2477 2.1425
2478 1.7730
2479 2.4700
2480 2.6719
2481 0.3781
2482 2.5979
2483 0.8955
2484 1.4512
2485 6.4358
2486 1.8898
2487 1.4160
2488 0.7594
2489 0.5520
2490 1.2473
2491 6.2879
2492 5.6200
2493 5.5299
2494 0.4686
2495 1.1504
2496 2.3422
2497 0.3517
2498 1.4551
2499 1.8091
2500 0.3554
