7501 1.3291
7502 0.3184
7503 1.0940
7504 2.8932
7505 5.9813
7506 6.5222
7507 1.8479
7508 2.6944
7509 5.7206
7510 32.3061
7511 1.7948
7512 2.4182
7513 2.2614
7514 3.4551
7515 0.4840
7516 3.9640
7517 3.8905
7518 4.0260
7519 3.3777
7520 2.4643
7521 0.9520
7522 1.6764
7523 0.8168
7524 2.3210
7525 4.8395
7526 3.2692
7527 4.7670
7528 1.8608
7529 0.2374
7530 1.5963
7531 0.8671
7532 1.5371
7533 3.6668
7534 1.2912
7535 4.5019
7536 2.0347
7537 3.6902
7538 3.6211
7539 3.0767
7540 3.8321
7541 4.1283
7542 2.2959
7543 5.9989
7544 0.9325
7545 5.9597
7546 2.8683
7547 0.6647
7548 23.8588
7549 2.9447
7550 1.3574
7551 2.3565
7552 2.5371
7553 5.7019
7554 3.4942
7555 0.2532
7556 3.1838
7557 2.1447
7558 3.8890
7559 1.4147
7560 2.9990
7561 1.6867
7562 9.9710
7563 10.3582
7564 13.4040
7565 1.2259
7566 1.2684
7567 1.3081
7568 7.2227
7569 1.7719
7570 1.8312
7571 2.2575
7572 5.8450
7573 1.9883
7574 1.2227
7575 3.0978
7576 0.7917
7577 2.7732
7578 3.0988
7579 3.4172
7580 1.1350
7581 0.7483
7582 0.3844
7583 2.4569
7584 10.3358
7585 20.5231
7586 3.2458
7587 3.0388
7588 7.1013
7589 2.9857
7590 0.4680
7591 8.9599
7592 1.1777
7593 2.5666
7594 2.3003
7595 1.7274
7596 0.9743
7597 2.3850
7598 2.6010
7599 2.6535
7600 6.6181
7601 3.9609
7602 4.6644
7603 1.2859
7604 1.5737
7605 2.2194
7606 5.0688
7607 1.6349
7608 0.9462
7609 1.3387
7610 8.2865
7611 2.1558
7612 4.9629
7613 1.0962
7614 0.3307
7615 28.3613
7616 1.8672
7617 3.5355
7618 2.6168
7619 18.0878
7620 2.9329
7621 16.5303
7622 1.1344
7623 4.3549
7624 1.1045
7625 1.8009
7626 4.4172
7627 1.2378
7628 3.3584
7629 7.4589
7630 3.3653
7631 1.7600
7632 5.1305
7633 2.0637
7634 2.5304
7635 0.3885
7636 1.9756
7637 3.2535
7638 0.9059
7639 0.9805
7640 15.3854
7641 4.7504
7642 4.4529
7643 17.8691
7644 0.6190
7645 3.8088
7646 7.9678
7647 1.0426
7648 1.2579
7649 8.0515
7650 1.3095
7651 2.3731
7652 21.1299
7653 0.6275
7654 11.3995
7655 0.8224
7656 3.0515
7657 1.3688
7658 11.0805
7659 4.9739
7660 1.6422
7661 2.0733
7662 0.8507
7663 0.4241
7664 11.4305
7665 3.0446
7666 1.0048
7667 4.2879
7668 4.8806
7669 2.8257
7670 1.6760
7671 0.4069
7672 2.9803
7673 1.4355
7674 1.8881
7675 9.3855
7676 3.6053
7677 3.9524
7678 19.2502
7679 9.6063
7680 3.2683
7681 0.5413
7682 4.1339
7683 4.1081
7684 1.6429
7685 1.6588
7686 3.6283
7687 1.9425
7688 0.9850
7689 0.6725
7690 3.4192
7691 7.9014
7692   NaN
7693 0.6730
7694 1.7649
7695 6.5954
7696 1.3498
7697 5.9810
7698 1.4891
7699 3.2052
7700 2.3540
7701 2.3762
7702 0.7439
7703 1.9367
7704 3.0984
7705 2.5766
7706 5.2027
7707 2.0875
7708 4.7751
7709 0.5104
7710 0.8690
7711 5.8427
7712 5.4520
7713 8.7999
7714 9.2477
7715 2.2011
7716 0.7009
7717 3.1685
7718 12.9631
7719 1.2178
7720 1.0633
7721 2.2508
7722 1.8461
7723 1.7882
7724 3.5584
7725 0.4963
7726 3.1070
7727 2.5189
7728 1.9559
7729 2.5299
7730 1.6807
7731 3.2906
7732 0.7709
7733 9.6156
7734 1.8584
7735 0.8632
7736 3.8878
7737 1.2574
7738 8.6562
7739 0.6774
7740 0.6626
7741 0.6651
7742 1.6335
7743 6.3022
7744 8.6342
7745 4.0997
7746 4.4098
7747 1.1266
7748 0.4118
7749   NaN
7750 16.8348
7751 4.9324
7752 1.4496
7753 4.1346
7754 5.1779
7755 2.4352
7756 2.0867
7757 0.5778
7758 1.2450
7759 2.3614
7760 7.8642
7761 2.0062
7762 3.6803
7763 1.5012
7764 16.5421
7765 0.3379
7766 3.9110
7767 0.3939
7768 2.8955
7769 5.3576
7770 3.7572
7771 5.5589
7772 12.9647
7773 4.5288
7774 6.7512
7775 0.2271
7776 3.1070
7777 8.8261
7778 1.1668
7779 0.8268
7780 2.0434
7781 2.0474
7782 2.3979
7783 5.6945
7784 2.5120
7785 12.2280
7786 6.0939
7787 1.3928
7788 1.7234
7789 0.5996
7790 1.4404
7791 1.4618
7792 2.6269
7793 1.3358
7794 5.2805
7795 10.8212
7796 7.0543
7797 7.2549
7798 1.7073
7799 2.0479
7800 1.5605
7801 2.0265
7802 3.0004
7803 16.9990
7804 3.4299
7805 1.7569
7806 3.1971
7807 6.6855
7808 19.4114
7809 2.9868
7810 0.4662
7811 1.6973
7812 7.5961
7813 7.6368
7814 7.2722
7815 8.8288
7816 0.8047
7817 5.1939
7818 5.6196
7819 3.2877
7820 3.0899
7821 3.4157
7822 1.4734
7823 2.4084
7824 0.8029
7825 1.7951
7826 5.6539
7827 2.5677
7828 6.8301
7829 1.5520
7830 3.0764
7831 1.6241
7832 6.3469
7833 1.6210
7834 0.8609
7835 20.4674
7836 6.1372
7837 7.0886
7838 3.6283
7839 2.7062
7840 3.3889
7841 17.0821
7842 1.7181
7843 1.7624
7844 2.9065
7845 0.9887
7846 1.6790
7847 4.7283
7848 2.1073
7849 2.7666
7850 10.7055
7851 5.0815
7852 1.7771
7853 2.7592
7854 3.8902
7855 0.7222
7856 8.6844
7857 1.5108
7858 1.7220
7859 3.6898
7860 4.3724
7861 18.6196
7862 1.9717
7863 5.9139
7864 1.4874
7865 6.3988
7866 3.4897
7867 4.9811
7868 6.1359
7869 2.1062
7870 7.8137
7871 0.8956
7872 2.2801
7873 3.1957
7874 0.8801
7875 1.4782
7876 5.4105
7877 2.0774
7878 2.2112
7879 3.2502
7880 2.0435
7881 0.2133
7882 1.6831
7883 1.4492
7884 0.7716
7885 1.4842
7886 0.9921
7887 3.5535
7888 0.9683
7889 1.6785
7890 2.6417
7891 0.2556
7892 8.1168
7893 7.5670
7894 0.7728
7895 5.6327
7896 1.9665
7897 6.2796
7898 2.2608
7899 1.6423
7900 5.9198
7901 0.9892
7902 6.5805
7903 3.2809
7904 2.0008
7905 1.3523
7906 2.5743
7907 6.3847
7908 3.4075
7909 3.1326
7910 18.2916
7911 1.1338
7912 4.1628
7913 7.1250
7914 5.8679
7915 0.5407
7916 8.6346
7917 1.1116
7918 2.6456
7919 4.6036
7920 1.6214
7921 2.7968
7922 9.8524
7923 0.5140
7924 2.9081
7925 1.7382
7926 0.9081
7927 0.4171
7928 4.8835
7929 5.5545
7930 2.7131
7931 2.3285
7932 0.8807
7933 7.2078
7934 1.1610
7935 3.3864
7936 3.2721
7937 12.3699
7938 3.8714
7939 2.6194
7940 0.5263
7941 1.8638
7942 1.9365
7943 0.7270
7944 3.4870
7945 1.5079
7946 6.1432
7947 2.5775
7948 4.9068
7949 1.3566
7950 4.1659
7951 0.4610
7952 1.1537
7953 1.5631
7954 4.9519
7955 0.8981
7956 18.9633
7957 2.7475
7958 0.3915
7959 0.4791
7960 8.4427
7961 0.5129
7962 7.8325
7963 8.7265
7964 2.5474
7965 1.4590
7966 1.4627
7967 1.0736
7968 1.0342
7969 3.1104
7970 0.3616
7971 0.4342
7972 7.0777
7973 11.8643
7974 4.8421
7975 3.6172
7976 0.6065
7977 6.8077
7978 1.3905
7979 3.3656
7980 8.9310
7981 0.6737
7982 0.5254
7983 5.6132
7984 2.8025
7985 1.6594
7986 10.3870
7987 16.0959
7988 2.1501
7989 1.9108
7990 1.2248
7991 5.0056
7992 19.0149
7993 1.3748
7994 2.4036
7995 2.3279
7996 0.7657
7997 11.8544
7998 1.6582
7999 0.8827
8000 2.5118
8001 1.3986
8002 0.5155
8003 4.1862
8004 1.5447
8005 2.0152
8006 2.2347
8007 3.2938
8008 1.7341
8009 1.5730
8010 0.9584
8011 4.5535
8012 6.9232
8013 1.8122
8014 4.2809
8015 2.6163
8016 6.3514
8017 1.7424
8018 0.4627
8019 0.8758
8020 19.7812
8021 2.3520
8022 2.8955
8023 2.9130
8024 3.0213
8025 6.5184
8026 14.1879
8027 15.6292
8028 13.8083
8029 4.8910
8030 4.8789
8031 4.7723
8032 0.2965
8033 0.6412
8034 1.2781
8035 0.2982
8036 0.9089
8037 14.5974
8038 0.5786
8039 3.3894
8040 1.8885
8041 1.0621
8042 0.4227
8043 2.4097
8044 3.2613
8045 0.6332
8046 7.4633
8047 4.6019
8048 3.2600
8049 0.3969
8050 1.0506
8051 2.2289
8052 2.1682
8053 1.5061
8054 9.9307
8055 12.0058
8056 1.5069
8057 1.2812
8058 1.0814
8059 3.7564
8060 1.9064
8061 1.8758
8062 1.1692
8063 1.7887
8064 2.3547
8065 5.2334
8066 1.6253
8067 8.4908
8068 1.8509
8069 6.0802
8070 0.3948
8071 4.4849
8072 1.9837
8073 0.7346
8074 1.0310
8075 3.6338
8076 6.3763
8077 1.0484
8078 1.6724
8079 0.7292
8080 0.3521
8081 5.6688
8082 1.8858
8083 2.1880
8084 4.5872
8085 6.8637
8086 7.5200
8087 1.9559
8088 1.5333
8089 8.7149
8090 4.1259
8091 10.8662
8092 0.9999
8093 18.0270
8094 6.9952
8095 7.4865
8096 2.4527
8097 0.9786
8098 4.3545
8099 2.2116
8100 1.6222
8101 3.3820
8102 0.2953
8103 1.9349
8104 3.7085
8105 0.6577
8106 1.7823
8107 1.4798
8108 1.6208
8109 4.6253
8110 2.0039
8111 6.3353
8112 1.5217
8113 1.7121
8114 3.8938
8115 3.1958
8116 14.3122
8117 2.7548
8118 5.3122
8119 2.8749
8120 5.3540
8121 1.0738
8122 2.8050
8123 0.5146
8124 2.7576
8125 1.8436
8126 4.0736
8127 4.8919
8128 4.2114
8129 3.2142
8130 1.3854
8131 3.7845
8132 4.2091
8133 4.6558
8134 0.3238
8135 1.2024
8136 3.2355
8137 4.9791
8138 5.3719
8139 3.2530
8140 1.1846
8141 2.3166
8142 0.9056
8143 8.7383
8144 2.9467
8145 1.4815
8146 2.1241
8147 1.2882
8148 8.6846
8149 2.7835
8150 3.4174
8151 12.7270
8152 1.8458
8153 2.6815
8154 9.6308
8155 3.1534
8156 1.2580
8157 0.4685
8158 1.7687
8159 7.2491
8160 0.8765
8161 1.0157
8162 1.3350
8163 3.5793
8164 4.4648
8165 2.2023
8166 4.6329
8167 2.9536
8168 8.0722
8169 1.4851
8170 0.7867
8171 4.5837
8172 3.0101
8173 3.4607
8174 3.3648
8175 2.3563
8176 2.9521
8177 0.4067
8178 2.8888
8179 2.1864
8180 6.3953
8181 5.9808
8182 3.3687
8183 2.9906
8184 6.8672
8185 1.9673
8186 3.4177
8187 7.3001
8188 0.6680
8189 0.7396
8190 6.4859
8191 2.2515
8192 1.7413
8193 0.3913
8194 5.0076
8195 1.8865
8196 4.1186
8197 1.8157
8198 3.1896
8199 5.4625
8200 2.5259
8201 11.9114
8202 1.4282
8203 2.0690
8204 5.3605
8205 0.4917
8206 15.3968
8207 2.5819
8208 5.0937
8209 9.5338
8210 4.0363
8211 0.6488
8212 3.8339
8213 2.5239
8214 2.2195
8215 4.4959
8216 6.7521
8217 7.2741
8218 3.5601
8219 0.8690
8220 0.9464
8221 2.7058
8222 1.3834
8223 2.9216
8224 3.2851
8225 1.2285
8226 1.9392
8227 4.9519
8228 2.0319
8229 5.1373
8230 2.9131
8231 7.7760
8232 2.5134
8233 7.0619
8234 1.8132
8235 3.1668
8236 2.1129
8237 3.4428
8238 1.7024
8239 3.2625
8240 3.7718
8241 11.1214
8242 0.4805
8243 3.5825
8244 0.9452
8245 1.2363
8246 0.7554
8247 5.8656
8248 3.4802
8249 3.6996
8250 0.4983
8251 2.4475
8252 0.6272
8253 1.4756
8254 0.6949
8255 1.2857
8256 17.0552
8257 3.1899
8258 0.4987
8259 1.2504
8260 2.9452
8261 16.3930
8262 1.6863
8263 1.6337
8264 4.5019
8265 5.9408
8266 3.3817
8267 1.4051
8268 6.4984
8269 1.9433
8270 0.4961
8271 14.8356
8272 1.5344
8273 7.3973
8274 2.8915
8275 8.4315
8276 0.5552
8277 3.0030
8278 1.1126
8279 9.5706
8280 1.1090
8281 1.9477
8282 14.3314
8283 5.9099
8284 2.1078
8285 0.4068
8286 3.0507
8287 0.3480
8288 5.0736
8289 1.7486
8290 0.4839
8291 12.6085
8292 4.1876
8293 1.1010
8294 9.4546
8295 0.7888
8296 2.7022
8297 6.3978
8298 5.9833
8299 9.0932
8300 1.0081
8301 3.2862
8302 3.1025
8303 1.6063
8304 1.6111
8305 2.5684
8306 4.7625
8307 2.9139
8308 2.2841
8309 4.0426
8310 2.6190
8311 1.1121
8312 1.4521
8313 0.4095
8314 0.5724
8315 12.5661
8316 2.6714
8317 1.0169
8318 1.3806
8319 4.9753
8320 12.0146
8321 3.8925
8322 7.6735
8323 2.5208
8324 5.7476
8325 1.0198
8326 0.5738
8327 0.9639
8328 1.1996
8329 3.0581
8330 2.5813
8331 1.8824
8332 0.8383
8333 1.4060
8334 5.9290
8335 0.6235
8336 7.3749
8337 0.8635
8338 3.1054
8339 1.1085
8340 3.3591
8341 0.6194
8342 1.0200
8343 0.3210
8344 2.0452
8345 2.8898
8346 1.3242
8347 7.4165
8348 4.6362
8349 2.7008
8350 2.0685
8351 2.3812
8352 2.0887
8353 3.0413
8354 6.0129
8355 5.5560
8356 5.5154
8357 2.8559
8358 1.6437
8359 4.9737
8360 4.3342
8361 2.1002
8362 0.4062
8363 2.5884
8364 0.5599
8365 5.0971
8366 5.0787
8367 0.4793
8368 3.9279
8369 4.3635
8370   NaN
8371 0.8793
8372 2.3470
8373 8.2461
8374 25.6675
8375 2.0887
8376 10.6872
8377 3.1953
8378 5.7788
8379 1.2248
8380 0.6292
8381 2.1612
8382 3.0290
8383 1.2649
8384 13.2895
8385 0.5270
8386 7.0980
8387 1.2079
8388 0.6624
8389 0.3718
8390 2.6698
8391 3.0142
8392 12.2050
8393 3.0077
8394 4.3241
8395 1.6678
8396 1.3573
8397 1.5736
8398 4.0685
8399 3.0975
8400 8.6765
8401 1.1523
8402 7.5482
8403 0.2294
8404 1.9692
8405 19.9393
8406 27.6225
8407 2.1476
8408 7.7232
8409 5.3535
8410 0.8761
8411 1.0830
8412 3.7649
8413 7.0278
8414 0.4172
8415 4.0022
8416 7.5346
8417 1.3502
8418 0.9356
8419 1.7703
8420 0.9180
8421 1.1640
8422 4.5014
8423 3.0839
8424 0.5947
8425 1.4240
8426 6.8653
8427 6.6107
8428 1.3481
8429 3.7906
8430 0.8388
8431 3.8906
8432 1.3148
8433 1.1937
8434 1.4718
8435 3.1216
8436 1.5852
8437 3.8983
8438 2.2285
8439 3.2275
8440 1.0880
8441 1.8312
8442 1.9127
8443 2.0496
8444 3.0925
8445 1.2054
8446 1.8210
8447 1.9514
8448 6.5642
8449 0.6982
8450 3.2415
8451 2.0511
8452 6.3112
8453 1.9800
8454 10.2137
8455 2.0174
8456 5.7197
8457 0.7467
8458 3.8675
8459 15.4187
8460 1.6667
8461 2.6567
8462 10.2427
8463 1.4853
8464 1.2044
8465 5.6490
8466 5.0499
8467 2.6979
8468 1.6802
8469 6.6529
8470 1.3454
8471 0.7096
8472 6.9834
8473 3.9625
8474 1.7661
8475 2.8553
8476 2.1315
8477 5.3647
8478 5.1400
8479 4.9304
8480 2.6775
8481 1.9282
8482 1.7215
8483 1.1855
8484 1.3508
8485 3.0857
8486 0.1630
8487 0.9400
8488 3.0287
8489 4.0955
8490 1.7111
8491 3.7065
8492 3.2015
8493 6.0702
8494 3.6842
8495 0.9140
8496 0.1156
8497 0.6623
8498 0.5783
8499 1.7887
8500 2.4519
8501 2.2548
8502 1.5515
8503 1.5403
8504 26.4947
8505 1.9135
8506 1.6726
8507 1.1811
8508 1.2056
8509 2.5344
8510 15.6949
8511 0.7454
8512 2.5172
8513 1.3890
8514 4.6064
8515 4.2671
8516 0.4406
8517 0.8927
8518 4.3695
8519 4.0281
8520 2.3499
8521 1.4028
8522 0.4235
8523 5.6617
8524 0.5314
8525 1.1935
8526 3.4085
8527 4.6960
8528 1.1196
8529 1.4350
8530 2.4087
8531 1.3361
8532 2.6888
8533 4.6461
8534 14.3088
8535 1.1566
8536 0.2746
8537 3.1822
8538 3.0645
8539 5.9994
8540 2.3814
8541 2.6025
8542 3.8744
8543 3.4243
8544 3.6134
8545 2.0144
8546 6.7027
8547 3.1563
8548 1.7082
8549 2.4772
8550 1.0805
8551   NaN
8552 7.4906
8553 1.8216
8554 2.6543
8555 1.4184
8556 1.5643
8557 2.5199
8558 2.8360
8559 0.5906
8560 3.3459
8561 1.5286
8562 5.1586
8563 8.4414
8564 3.6251
8565 0.6834
8566 12.4159
8567 2.4923
8568 2.0703
8569 11.2528
8570 6.5468
8571 2.3110
8572 2.8897
8573 1.0260
8574 11.5359
8575 1.6186
8576 1.9317
8577 2.0581
8578 0.5616
8579 9.7909
8580 1.2102
8581 0.5699
8582 1.5705
8583 1.1633
8584 0.7552
8585 0.6614
8586 0.4983
8587 1.6871
8588 3.0709
8589 1.8608
8590 8.0055
8591 10.9328
8592 1.3908
8593 1.6273
8594 1.6298
8595 4.1546
8596 2.5316
8597 1.7164
8598 1.9207
8599 4.3669
8600 1.6350
8601 12.1341
8602 1.3941
8603 1.0497
8604 2.1890
8605 4.7327
8606 2.3152
8607 3.3003
8608 1.1785
8609 3.0222
8610 3.9415
8611 0.4921
8612 3.4851
8613 0.5909
8614 2.2872
8615 1.9113
8616 2.9374
8617 1.3053
8618 27.0571
8619 4.5914
8620 9.1183
8621 0.8887
8622 4.6363
8623 4.8123
8624 5.0779
8625 2.3701
8626 1.9986
8627 0.3845
8628 0.4501
8629 10.7075
8630 4.1206
8631 3.9367
8632 8.0012
8633 1.5944
8634 4.6285
8635 5.2917
8636 4.1845
8637 1.0785
8638 2.2044
8639 3.2757
8640 2.1336
8641 4.6357
8642 2.1137
8643 2.7706
8644 1.6883
8645 3.2002
8646 4.0014
8647 4.0867
8648 1.5420
8649 5.2096
8650 2.7025
8651 4.5369
8652 0.7070
8653 3.3862
8654 1.9376
8655 1.1417
8656 7.7315
8657 2.2123
8658 0.6594
8659 4.1177
8660 2.7450
8661 3.4692
8662 2.7168
8663 1.4232
8664 1.0766
8665 1.4460
8666 4.3557
8667 1.2320
8668 5.5863
8669 2.6467
8670 2.6533
8671 3.7575
8672 2.4271
8673 1.7308
8674 1.3034
8675 1.4876
8676 1.3315
8677 26.8123
8678 13.9434
8679 3.3891
8680 2.2591
8681 7.2344
8682 3.9367
8683 8.6462
8684 2.5078
8685 0.8692
8686 2.4673
8687 1.6690
8688 2.2311
8689 1.5353
8690 9.6316
8691 0.7478
8692 1.7293
8693 1.7170
8694 0.8038
8695 9.6049
8696 7.3375
8697 1.3620
8698 2.1175
8699 1.0198
8700 6.5028
8701 7.9379
8702 2.4076
8703 2.3664
8704 4.5662
8705 11.7889
8706 4.9034
8707   NaN
8708 0.4442
8709 2.0777
8710 1.4529
8711 4.0617
8712 22.8504
8713 2.6491
8714 1.6668
8715 1.9859
8716 4.3018
8717 1.3941
8718 1.3104
8719 0.8962
8720 3.9574
8721 3.9675
8722 0.8686
8723 5.4616
8724 2.9042
8725 25.1289
8726 14.4790
8727 3.6873
8728 2.0816
8729 0.7417
8730 0.4893
8731   NaN
8732 1.6217
8733 1.1111
8734 5.4967
8735 0.8157
8736 12.1024
8737 5.0560
8738 2.9936
8739 2.7650
8740 15.7014
8741 0.8861
8742 2.0480
8743 19.8439
8744 2.7099
8745 1.8732
8746 6.2645
8747 0.4902
8748 5.9632
8749 1.7127
8750 15.4693
8751 8.7728
8752 3.2381
8753 17.2449
8754 2.9263
8755 4.9896
8756 7.7918
8757 1.7910
8758 9.5464
8759 1.4523
8760 2.4393
8761 0.4552
8762 2.4378
8763 1.7770
8764 2.0964
8765 2.1478
8766 10.7187
8767 4.0076
8768 1.1132
8769 2.7803
8770 3.8808
8771 0.8037
8772 3.2072
8773 0.9572
8774 2.2185
8775 0.7886
8776 1.7013
8777 0.4528
8778 2.6099
8779 1.1519
8780 1.1936
8781 6.2057
8782 1.6666
8783 8.3494
8784 3.0972
8785 3.8281
8786 0.4093
8787 1.7645
8788 4.8487
8789 0.4573
8790 2.6482
8791 3.0802
8792   NaN
8793 12.7836
8794 2.0892
8795 0.8202
8796 8.8853
8797 1.3339
8798 4.7971
8799 2.5971
8800 2.2412
8801 2.9436
8802 1.5223
8803 2.1445
8804 10.1375
8805 2.7728
8806 4.4757
8807 4.3199
8808 17.7673
8809 2.2613
8810 0.2531
8811 8.9685
8812 0.8112
8813 0.9095
8814 1.9972
8815 1.8018
8816 3.8170
8817 12.7341
8818 2.1906
8819 1.9518
8820 0.6934
8821 5.0405
8822 1.5078
8823 13.7685
8824 1.9953
8825 0.8663
8826 3.6896
8827 15.3634
8828 1.6260
8829 4.8079
8830 5.1755
8831 1.1280
8832 22.7005
8833 1.3036
8834 7.3226
8835 0.7006
8836 4.1309
8837 17.7815
8838 5.7121
8839 11.7362
8840 3.7192
8841 17.3807
8842 1.7116
8843 4.3509
8844 15.7508
8845 1.0938
8846 3.3882
8847 8.1488
8848 12.9034
8849 0.7716
8850 10.0580
8851 7.2663
8852 2.3379
8853 1.4058
8854 0.2355
8855 3.9073
8856 1.8798
8857 2.8175
8858   NaN
8859 5.2658
8860 1.8877
8861 0.8668
8862 2.8829
8863 3.7373
8864 3.6789
8865 4.7940
8866 1.1873
8867 3.2248
8868 2.1171
8869 0.5082
8870 1.5456
8871 11.6591
8872 7.2480
8873 0.4283
8874 1.9349
8875 3.0700
8876 4.7793
8877 9.4799
8878 3.9017
8879 4.0045
8880 2.3683
8881 2.3889
8882 0.6472
8883 2.5199
8884 1.2941
8885 1.0957
8886 1.7235
8887 5.2109
8888 1.5729
8889 1.8118
8890 3.3599
8891 1.7908
8892 0.4289
8893 1.5264
8894 0.8305
8895 2.7849
8896 4.8089
8897 2.0547
8898 6.8684
8899 1.7952
8900 4.2757
8901 5.6963
8902 0.2213
8903 11.4038
8904 17.2786
8905 13.6843
8906 2.6789
8907 3.2751
8908 3.2876
8909 3.8631
8910 0.6956
8911 0.6988
8912 2.7945
8913 1.3584
8914 0.6181
8915 3.3697
8916 1.3816
8917 0.7381
8918 0.7657
8919 1.9442
8920 2.5416
8921 3.4471
8922 0.9828
8923 2.3527
8924 0.5760
8925 9.2656
8926 3.0268
8927 1.9679
8928 0.6060
8929 5.6521
8930 1.8729
8931 2.9533
8932 5.1882
8933 2.3936
8934 1.8176
8935 2.4438
8936 1.7135
8937 5.3751
8938 8.4511
8939 1.8219
8940 3.4955
8941 4.4420
8942 4.5902
8943 1.6617
8944 1.9508
8945 1.7488
8946 3.6451
8947 5.4812
8948 3.1230
8949 6.3286
8950 5.5607
8951 10.5060
8952 0.5323
8953 9.7941
8954 3.3527
8955 3.1535
8956 1.5311
8957 1.2430
8958 2.1367
8959 4.7351
8960 2.1749
8961 1.2100
8962 7.4474
8963 1.5063
8964 14.3315
8965 2.2231
8966 2.5572
8967 7.3898
8968 2.6309
8969 3.9479
8970 0.3267
8971 16.4542
8972 5.7146
8973 2.4327
8974 1.6675
8975 1.3276
8976 1.5288
8977 2.1651
8978 14.5426
8979 3.7850
8980 0.1695
8981 6.6532
8982 1.2665
8983 1.9524
8984 8.5512
8985 1.5671
8986 2.0240
8987 2.1478
8988 11.7609
8989 3.1639
8990 0.5097
8991 15.0230
8992 13.7335
8993 6.2991
8994 3.4915
8995 1.1563
8996 3.6813
8997 4.4580
8998 2.6401
8999 1.0564
9000 5.1900
9001 3.8226
9002 8.9867
9003 1.4862
9004 2.1536
9005 0.8592
9006 2.6018
9007 10.7585
9008 2.2536
9009 1.8117
9010 3.2393
9011 9.7754
9012 0.8124
9013 7.4757
9014 3.7994
9015 3.1473
9016 1.6306
9017 2.1597
9018 1.1584
9019 6.9650
9020 21.9652
9021 1.6779
9022 1.6498
9023 0.5476
9024 0.4304
9025 1.2799
9026 2.2432
9027 5.6324
9028 2.2236
9029 1.8512
9030 1.7874
9031 1.4260
9032 7.7146
9033 4.8300
9034 7.3787
9035 0.5753
9036 0.3388
9037 1.6973
9038 3.2037
9039 11.1480
9040 1.9607
9041 9.3067
9042 1.5954
9043 3.0023
9044 3.2394
9045 4.5414
9046 4.4900
9047 10.6751
9048 3.0022
9049 2.3210
9050 4.0608
9051 10.1217
9052 5.3100
9053 2.7934
9054 0.9943
9055 0.3938
9056 7.2995
9057 0.3792
9058 3.3811
9059 1.5950
9060 9.9525
9061 1.0224
9062 5.3442
9063 1.5304
9064 2.0590
9065 1.2256
9066 5.3664
9067 1.3556
9068 13.4406
9069 2.7228
9070 3.4784
9071 11.7186
9072 3.1158
9073 1.2809
9074 0.7856
9075 2.3177
9076 7.5761
9077 3.9952
9078 2.4401
9079 4.6672
9080 4.4884
9081 1.1201
9082 2.3272
9083 3.6489
9084 0.4240
9085 1.6542
9086 3.7429
9087 2.6780
9088 2.0766
9089 1.6445
9090 5.7026
9091 3.2748
9092 1.7139
9093 0.5571
9094 1.3389
9095 13.5006
9096 1.3455
9097 1.4026
9098 1.7123
9099 5.5290
9100 12.4309
9101 14.3051
9102 0.5682
9103 7.5892
9104 1.1162
9105 3.4101
9106 1.6772
9107 2.8870
9108 2.4781
9109 3.7115
9110 0.3671
9111 4.6114
9112 15.7231
9113 7.4424
9114 2.7690
9115 0.7453
9116 7.1446
9117 6.3410
9118 1.1530
9119 4.8073
9120 1.0069
9121 1.1222
9122 16.2810
9123 2.0448
9124 5.1276
9125 1.1535
9126 7.0048
9127 1.7014
9128 2.2316
9129 1.2153
9130 15.1160
9131 2.9441
9132 3.5753
9133 3.3830
9134 1.3547
9135 2.7372
9136 0.8173
9137 8.4022
9138 2.0197
9139 3.9662
9140 1.7363
9141 5.1049
9142 2.1087
9143 5.3518
9144 1.6412
9145 2.5381
9146 2.6369
9147 10.3453
9148 13.2357
9149 2.2342
9150 0.9974
9151 5.3565
9152 1.5906
9153 3.4909
9154 5.8255
9155 2.7555
9156 1.3941
9157 2.3022
9158 2.5551
9159 0.4252
9160 1.5399
9161 1.1363
9162 0.2756
9163 4.2267
9164 6.3579
9165 1.6927
9166 0.1939
9167 1.6593
9168 1.6791
9169 0.9181
9170 3.3737
9171 2.5138
9172 1.5771
9173 3.9142
9174 16.6487
9175 0.9417
9176 4.0616
9177 2.3370
9178 1.1263
9179 1.6063
9180 8.5825
9181 2.1059
9182 1.2470
9183 4.1359
9184 2.2189
9185 1.8211
9186 2.1761
9187 5.1829
9188 5.4853
9189 0.8303
9190 1.3537
9191 3.0451
9192 0.3276
9193 1.8752
9194 8.1581
9195 1.8888
9196 3.3744
9197 16.8651
9198 1.0112
9199 1.4250
9200 0.5620
9201 6.4164
9202 1.1969
9203 5.7266
9204 3.0122
9205 15.1441
9206 3.8307
9207 0.8369
9208 4.1300
9209 4.9480
9210 0.3263
9211 8.0846
9212 1.6860
9213 1.8712
9214 6.4196
9215 1.6559
9216 2.4563
9217 4.6232
9218 0.8708
9219 4.3745
9220 0.8408
9221 2.2313
9222 1.9295
9223 7.1281
9224 10.1598
9225 5.3262
9226 1.1334
9227 2.7293
9228 2.4163
9229 2.5320
9230 1.5180
9231 4.1557
9232 3.4630
9233 1.0343
9234 0.8598
9235 0.9082
9236 1.5394
9237 8.3965
9238 3.1458
9239 2.1493
9240 0.4725
9241 2.8331
9242 0.5511
9243 2.0913
9244 2.4514
9245 6.4033
9246 6.3562
9247 5.8426
9248 2.0114
9249 4.6429
9250 8.8180
9251 2.5645
9252 1.3859
9253 3.5790
9254 2.9444
9255 1.1529
9256 4.6123
9257 1.5470
9258 2.8285
9259 2.4126
9260 5.3874
9261 2.0932
9262 1.6427
9263 5.4196
9264 1.7134
9265 8.1967
9266 3.1431
9267 8.0626
9268 1.4976
9269 0.8329
9270 2.6620
9271 3.6191
9272 1.9183
9273 1.2262
9274 1.6076
9275 4.3313
9276 4.3093
9277 1.3497
9278 1.2616
9279 2.6993
9280 8.1019
9281 5.6030
9282 1.2401
9283 1.4319
9284 3.8302
9285 1.0211
9286 3.8523
9287 0.9312
9288 1.9129
9289 2.1695
9290 1.4734
9291 8.6564
9292 4.6373
9293 1.3393
9294 3.1208
9295 0.4766
9296 2.5016
9297 10.4827
9298 2.0646
9299 1.9050
9300 0.7729
9301 2.5865
9302 0.2136
9303 3.5906
9304 1.6857
9305 6.5071
9306 9.1037
9307 2.4922
9308 4.4991
9309 1.0543
9310 2.3423
9311 1.0684
9312 2.3962
9313 4.0065
9314 3.5242
9315 1.9389
9316 1.9408
9317 11.4002
9318 0.8965
9319 4.8527
9320 0.5334
9321 0.9977
9322 0.5440
9323 1.2022
9324 0.6839
9325 2.3115
9326 6.6029
9327 1.9060
9328 0.5958
9329 0.8187
9330 8.3892
9331 2.8062
9332 2.5927
9333 0.6917
9334 5.2861
9335 2.1819
9336 3.1431
9337 7.8672
9338 4.3441
9339 4.1636
9340 2.7925
9341 1.9740
9342 3.0014
9343 6.0017
9344 1.4536
9345 1.1938
9346 6.5203
9347 0.5073
9348 4.8941
9349 2.5297
9350 2.5284
9351 4.0990
9352 1.1235
9353 3.5626
9354 5.1267
9355 1.2880
9356 2.3882
9357 3.2581
9358 0.3061
9359 10.0902
9360 0.3790
9361   NaN
9362 1.3370
9363 16.9779
9364 1.2173
9365 1.9079
9366 3.0491
9367 0.9909
9368 2.2454
9369 10.1088
9370 0.5058
9371 0.8580
9372 2.4822
9373 1.5278
9374 3.7195
9375 0.6209
9376 0.3771
9377 1.8739
9378 1.5823
9379 0.7813
9380 4.0885
9381 23.2097
9382 0.6099
9383 0.8768
9384 0.5770
9385 10.2981
9386 5.3240
9387 1.3025
9388 3.2249
9389 0.2775
9390 3.5601
9391 0.2538
9392 2.3185
9393 8.1859
9394 15.8507
9395 3.3794
9396 4.7858
9397 1.8470
9398 1.7463
9399 3.1538
9400 15.9468
9401 1.7232
9402 3.9399
9403 0.3867
9404 1.2635
9405 1.9382
9406 4.6469
9407 5.7296
9408 1.7375
9409 7.0883
9410 4.1602
9411 1.8680
9412 1.9419
9413 1.5748
9414 0.5817
9415 3.1917
9416 15.7939
9417 0.5763
9418 5.4961
9419 10.2498
9420 6.2499
9421 5.2964
9422 0.2660
9423 1.6237
9424 4.4489
9425 10.0746
9426 0.5104
9427 2.4709
9428 1.5629
9429 0.8771
9430 3.8150
9431 1.5816
9432 3.8118
9433 1.1232
9434 0.5815
9435 2.7835
9436 1.8437
9437 2.3610
9438 2.4537
9439 11.7285
9440 1.6222
9441 8.7549
9442 1.0196
9443 8.3299
9444 3.4542
9445 2.8378
9446 3.6995
9447 2.2922
9448 1.7489
9449 2.7410
9450 4.9180
9451 7.9536
9452 3.6371
9453 2.4131
9454 1.5585
9455 14.4262
9456 1.0257
9457 5.5330
9458 1.7090
9459 3.0967
9460 2.3693
9461 3.5161
9462 6.3347
9463 7.0479
9464 1.5966
9465 1.7208
9466 1.4225
9467 1.4169
9468 2.8980
9469 3.9634
9470 3.0584
9471 1.0586
9472 3.3108
9473 2.0179
9474 4.0494
9475 4.3133
9476 2.0600
9477 1.9166
9478 2.7193
9479 4.0480
9480 0.4943
9481 5.9393
9482 6.5673
9483 4.7212
9484 6.0157
9485 1.3257
9486 2.6909
9487 1.5180
9488 1.7521
9489 8.6169
9490 14.8401
9491 4.0329
9492 0.8146
9493 1.0918
9494 1.3662
9495 0.5396
9496 2.2997
9497 3.5991
9498 2.6045
9499 3.0173
9500 0.7138
9501 5.0516
9502 0.7571
9503 1.7387
9504 13.1624
9505 8.9732
9506 1.9317
9507 1.0852
9508 0.9313
9509 1.3436
9510 5.9077
9511 6.0156
9512 1.7575
9513 3.1822
9514 4.7568
9515 3.3142
9516 1.3512
9517 1.5544
9518 1.8468
9519 1.5175
9520 5.8746
9521 0.6603
9522 3.1245
9523 3.1866
9524 0.5258
9525 3.7254
9526 14.9522
9527 5.2448
9528 1.2195
9529 5.6113
9530 1.7152
9531 4.7961
9532 1.8716
9533 3.2960
9534 2.4901
9535 3.3200
9536 2.6383
9537 0.9717
9538 4.2963
9539 4.1362
9540 4.9672
9541 11.4023
9542 0.3172
9543 6.6766
9544 1.2013
9545 2.2758
9546 7.1568
9547 1.8293
9548 3.3998
9549 1.1044
9550 6.6344
9551 4.4912
9552   NaN
9553 1.2164
9554 0.7961
9555 1.0903
9556 3.0919
9557 1.0604
9558 1.0046
9559 8.6323
9560 1.6773
9561 0.3000
9562 7.1042
9563 4.5373
9564 0.9087
9565 1.6257
9566 1.0484
9567 9.2954
9568 3.1279
9569 2.1584
9570 1.2968
9571 2.0128
9572 2.1192
9573 0.7871
9574 1.6989
9575 0.9859
9576 2.4404
9577 6.8985
9578 1.3882
9579 2.3600
9580 5.2622
9581 1.6939
9582 2.3830
9583 12.4101
9584 3.5398
9585 1.6716
9586 1.4663
9587 0.6093
9588 1.4272
9589 0.3237
9590 1.8734
9591 8.7173
9592 3.2726
9593 4.0808
9594 2.6911
9595 4.9650
9596 2.2259
9597 1.7915
9598 3.0078
9599 2.4927
9600 3.4026
9601 0.8374
9602 3.4838
9603 6.2004
9604 3.0592
9605 0.4412
9606 2.8888
9607 0.7197
9608 2.6810
9609 0.9980
9610 2.1440
9611 2.4213
9612 3.7222
9613 0.9346
9614 0.4604
9615 2.1008
9616 1.0806
9617 0.6813
9618 2.4548
9619 4.2231
9620 0.5510
9621 2.7912
9622 1.2068
9623 1.9529
9624 3.9130
9625 2.3958
9626 1.2047
9627 7.7059
9628 4.7002
9629 2.6808
9630 0.8271
9631 10.3652
9632 2.6136
9633 1.9640
9634 5.4917
9635 23.5248
9636 1.4391
9637 3.2132
9638 6.6784
9639 3.1791
9640 1.6023
9641 2.2222
9642 2.4082
9643 3.4261
9644 0.5911
9645 3.6783
9646 1.0850
9647 0.6628
9648 1.6848
9649 1.8396
9650 1.2267
9651 2.6798
9652 1.2067
9653 1.3177
9654 0.2300
9655 4.0942
9656 3.9617
9657 1.2164
9658 0.5351
9659 0.4691
9660 3.2303
9661 1.4994
9662 6.5818
9663 1.7323
9664 4.8745
9665 3.0776
9666 0.4685
9667 0.1854
9668 1.9951
9669 3.6073
9670 2.3399
9671 4.7456
9672 11.1789
9673 3.5237
9674 1.2518
9675 2.3788
9676 6.5690
9677 0.9846
9678 1.6059
9679 3.0229
9680 9.6629
9681 1.7615
9682 0.5243
9683 1.7059
9684 2.0051
9685 2.8065
9686 7.0759
9687 23.9378
9688 1.1201
9689 2.9091
9690 3.9736
9691 3.5545
9692 4.9136
9693 18.2775
9694 0.5975
9695 14.5743
9696 2.6860
9697 0.9446
9698 9.5954
9699 8.2908
9700 2.0084
9701 4.1617
9702 2.5840
9703 5.2256
9704 1.8171
9705 7.8671
9706 1.3821
9707 2.6868
9708 1.1172
9709 1.6084
9710 2.8122
9711 8.8314
9712 20.4876
9713 2.1366
9714 1.8014
9715 4.4380
9716 1.3377
9717 0.5070
9718 12.4062
9719 15.1236
9720 4.7187
9721 2.5932
9722 11.2901
9723 2.1455
9724 2.1057
9725 4.2164
9726 2.7971
9727 2.0243
9728 5.9150
9729 1.2925
9730 1.6420
9731 6.4345
9732 2.0878
9733 0.5027
9734 2.4814
9735 1.9948
9736 5.5554
9737 6.8013
9738 1.9709
9739 3.2444
9740 3.8408
9741 1.9422
9742 2.2566
9743 6.4851
9744 1.9435
9745 2.4462
9746 0.9056
9747 0.5435
9748 5.2982
9749 6.4540
9750 7.1580
9751 1.9408
9752 5.3824
9753 3.7277
9754 4.0597
9755 1.2126
9756 7.6707
9757 1.1475
9758 2.5822
9759 1.5298
9760 2.4287
9761 6.2740
9762 2.2719
9763 1.7064
9764 1.6658
9765 0.5505
9766 16.5920
9767 4.7924
9768 6.1764
9769 3.2374
9770 1.4620
9771 2.4928
9772 3.0577
9773 0.4011
9774 0.7818
9775 3.3143
9776 2.1081
9777 1.2778
9778 2.8202
9779 9.4244
9780 0.5353
9781 2.8538
9782 0.7105
9783 3.4245
9784 1.2622
9785 1.5270
9786 2.3350
9787 7.4389
9788 1.9795
9789 1.8954
9790 2.2142
9791 10.9474
9792 0.5412
9793 4.4423
9794 6.4107
9795 9.1721
9796 0.5900
9797 6.3483
9798 1.4184
9799 14.5148
9800 4.4602
9801 2.3960
9802 0.6377
9803 1.2952
9804 1.6119
9805 7.3630
9806 4.2745
9807 7.4984
9808 1.3302
9809 4.2795
9810 1.6179
9811 0.4855
9812 0.5076
9813 1.5819
9814 4.8575
9815 4.0116
9816 3.5654
9817 2.9866
9818 2.8949
9819 2.1105
9820 3.5579
9821 4.2050
9822 5.6563
9823 0.6985
9824 4.7914
9825 2.6872
9826 0.9304
9827 0.7875
9828 16.3800
9829 13.6193
9830 0.6957
9831 0.3022
9832 1.2666
9833 0.2296
9834 1.4585
9835 4.0901
9836 0.7870
9837 0.6490
9838 1.6153
9839 4.7670
9840 2.1227
9841 1.3693
9842 2.9717
9843 5.1732
9844 5.1701
9845   NaN
9846 2.1015
9847 1.3336
9848 5.6548
9849 3.2583
9850 0.9108
9851 2.9765
9852 6.5553
9853 5.4381
9854 0.4913
9855 3.5713
9856 3.8355
9857   NaN
9858 13.8001
9859 3.3677
9860 1.9673
9861 8.3410
9862 5.8506
9863 3.6580
9864 3.3627
9865 1.5714
9866 0.4011
9867 2.3468
9868 0.7160
9869 2.2694
9870 6.4252
9871 1.1176
9872 2.9031
9873 1.9673
9874 2.3499
9875 2.3056
9876 3.4322
9877 6.6204
9878 0.8550
9879 1.9858
9880 2.1989
9881 0.6626
9882 7.9091
9883   NaN
9884 0.5258
9885 5.3814
9886 3.0438
9887 1.3598
9888 1.6107
9889 1.4284
9890 2.9775
9891 6.4052
9892 3.7786
9893 1.0010
9894 3.8055
9895 3.5839
9896 2.3889
9897 4.3565
9898 1.6201
9899 0.8897
9900 3.3781
9901 2.6498
9902 1.5336
9903 2.0664
9904 3.6886
9905 0.6957
9906 1.4841
9907 10.4821
9908 4.4797
9909 3.3081
9910 3.2639
9911 1.3276
9912 3.7912
9913 3.8772
9914 0.7258
9915 9.5145
9916 5.6970
9917 3.9563
9918 3.1980
9919 0.8210
9920 1.0332
9921 1.7804
9922 2.6283
9923 3.9907
9924 5.3123
9925 4.5060
9926 3.8057
9927 5.2601
9928 3.2028
9929 3.1067
9930 0.5885
9931 0.5801
9932 0.3600
9933 2.0766
9934 1.1588
9935 2.7643
9936 2.7276
9937 1.7845
9938 0.8995
9939 2.1843
9940 1.6179
9941 6.3009
9942 3.9554
9943 1.4195
9944 8.2899
9945 18.4026
9946 1.5769
9947 1.8760
9948 3.6637
9949 5.1406
9950 0.6465
9951 1.5297
9952 21.8378
9953 1.8966
9954 2.0216
9955 2.3307
9956 1.6100
9957 0.5353
9958 2.0026
9959 2.7971
9960 0.7634
9961 8.1382
9962 9.6885
9963 2.5796
9964 10.4120
9965 11.9251
9966 0.7894
9967 0.4490
9968 3.5052
9969 1.9810
9970 6.8194
9971 3.4508
9972 3.4831
9973 1.9483
9974 3.2191
9975 1.6397
9976 1.8754
9977 1.3119
9978 11.6403
9979 7.4777
9980 11.9013
9981 8.6723
9982 7.3923
9983 10.3480
9984 1.7457
9985 3.0228
9986 1.5799
9987 0.7415
9988 6.3093
9989 2.9735
9990 4.3474
9991 5.5905
9992 3.5943
9993 11.4173
9994 0.4987
9995 4.7900
9996 2.5597
9997 1.5465
9998 4.3720
9999 0.9479
10000 6.2289
