2501 22.0506
2502 9.6662
2503 10.4264
2504 44.3805
2505 54.2400
2506 61.6607
2507 18.5489
2508 22.9845
2509 14.8003
2510 34.1474
2511 17.7596
2512 14.2842
2513 19.1568
2514 41.8647
2515 38.3968
2516 16.1987
2517 29.8859
2518 24.7293
2519 29.0509
2520 66.9013
2521 44.3041
2522 31.5917
2523 18.7510
2524 7.5538
2525 66.6071
2526   NaN
2527 13.7628
2528 43.4025
2529 35.4515
2530 5.6422
2531 66.5517
2532 77.6263
2533 45.8956
2534 74.8387
2535 19.9817
2536 10.0621
2537 49.8543
2538 21.0826
2539 40.0878
2540 13.1283
2541   NaN
2542 34.3700
2543 18.4088
2544 44.9896
2545 28.6700
2546 30.5811
2547 22.2493
2548 22.3158
2549 16.6212
2550 9.8394
2551 57.7549
2552 93.8463
2553 29.9039
2554 45.3163
2555 3.8336
2556 34.0834
2557 20.9774
2558 4.8647
2559 5.9016
2560 4.8483
2561 49.6534
2562 2.6124
2563 80.1573
2564 13.8831
2565 80.7105
2566 51.6427
2567 12.0769
2568 4.0329
2569 2.6888
2570 30.0191
2571 39.6215
2572 15.3699
2573 6.0615
2574 11.0077
2575 40.8784
2576 45.6571
2577 19.4455
2578 26.1300
2579 77.1211
2580 4.5872
2581 33.7241
2582 80.2257
2583 53.8405
2584 33.2740
2585 61.3136
2586 37.7769
2587 20.4940
2588 11.5678
2589 16.9799
2590 18.9851
2591 21.4654
2592 58.8264
2593 24.1137
2594 36.6686
2595   NaN
2596 3.4689
2597 21.0784
2598 5.4405
2599 28.9482
2600 22.4777
2601 69.3225
2602 46.9252
2603 8.4723
2604 35.5940
2605 9.1066
2606 18.4265
2607 18.9075
2608   NaN
2609 27.2358
2610 64.9743
2611 44.3859
2612 128.5768
2613 20.0137
2614 43.6932
2615 61.4814
2616 5.5545
2617 50.3107
2618 87.8984
2619 36.7182
2620 13.6892
2621 6.2417
2622 70.0683
2623   NaN
2624 36.9018
2625 6.9086
2626 77.0958
2627 19.2455
2628 59.0521
2629 27.4241
2630 20.8805
2631 25.7327
2632 7.4777
2633   NaN
2634 45.1534
2635 26.5630
2636 75.0835
2637 27.9899
2638 35.2825
2639 83.6232
2640 33.7730
2641 18.9837
2642 59.3445
2643 31.2070
2644 34.8229
2645 2.8866
2646 12.9905
2647 68.4274
2648 60.1873
2649 3.7998
2650 27.2596
2651 34.8012
2652 15.2229
2653 50.1865
2654 9.3131
2655 10.5647
2656 10.6628
2657 11.7105
2658   NaN
2659 21.6941
2660 8.4362
2661 67.5980
2662 36.6645
2663 17.4534
2664 55.3785
2665 7.9029
2666 6.0910
2667 1.1310
2668 40.5663
2669 31.9604
2670 38.9319
2671 37.9700
2672 38.8936
2673 24.2983
2674 6.0496
2675 35.7324
2676 44.7566
2677 8.3737
2678 34.4907
2679 34.8089
2680 37.5916
2681 90.9385
2682 69.0074
2683 30.4166
2684 13.5580
2685 20.6861
2686 39.9714
2687 37.0797
2688 19.3590
2689 14.8354
2690 13.3141
2691 9.7588
2692 21.2649
2693 13.1087
2694 7.6109
2695 17.0014
2696 35.9447
2697 23.1355
2698 68.5214
2699 20.7020
2700 70.6535
2701 15.2069
2702 76.4143
2703 13.7544
2704 52.6851
2705 50.2729
2706 36.3466
2707 4.3782
2708 58.7237
2709 69.1156
2710 53.2098
2711 18.1598
2712 21.7427
2713 9.3118
2714 16.8102
2715 35.9472
2716 25.7014
2717 17.1133
2718 8.0647
2719 60.8167
2720 27.8293
2721 33.4950
2722 33.3904
2723 2.4896
2724 119.6822
2725 13.2851
2726 77.0682
2727 52.7523
2728   NaN
2729 44.2336
2730 26.5088
2731 15.2616
2732 49.2336
2733 24.1948
2734 9.1726
2735 45.9725
2736 67.1734
2737 17.2794
2738 22.6722
2739 22.9242
2740 26.8188
2741 30.4736
2742 20.6782
2743 21.5794
2744 52.7696
2745 47.1928
2746 21.7335
2747 23.9857
2748 17.1461
2749   NaN
2750 9.9590
2751 8.1462
2752 22.2898
2753 24.0341
2754 28.7952
2755 11.6502
2756   NaN
2757 71.5211
2758 25.5505
2759 30.6165
2760 13.5105
2761 31.7336
2762 16.1164
2763 52.8551
2764 9.4488
2765 17.1149
2766 9.1963
2767 58.6629
2768   NaN
2769 47.2197
2770 7.9016
2771   NaN
2772 3.6654
2773 4.4132
2774   NaN
2775 50.6858
2776 14.9390
2777 8.1331
2778 58.7519
2779 45.2117
2780 29.6397
2781 32.6757
2782 16.4639
2783 21.1119
2784 31.6589
2785 83.4192
2786 12.9007
2787 18.5940
2788 19.9601
2789 9.1344
2790 26.7371
2791 74.8486
2792   NaN
2793 28.6705
2794 58.0197
2795 34.5430
2796 13.2215
2797 16.6433
2798   NaN
2799 61.7527
2800 14.2273
2801 46.5872
2802 13.2627
2803 1.0694
2804 14.8566
2805 36.5341
2806 39.5924
2807 80.3078
2808 42.3005
2809 16.8086
2810 6.3716
2811   NaN
2812 42.1289
2813 48.7355
2814 9.9950
2815 50.2630
2816 59.9617
2817 13.5812
2818 14.7433
2819 14.6253
2820 19.0347
2821 48.6115
2822 70.1899
2823 7.3924
2824 18.8563
2825 46.8683
2826 55.4432
2827 21.7395
2828 35.1243
2829 12.4541
2830 11.0800
2831 24.0708
2832 31.4161
2833 17.0622
2834 62.8570
2835 19.8662
2836 11.8593
2837 60.7342
2838 32.6830
2839 40.6784
2840 43.7202
2841 12.0451
2842 47.4197
2843 50.7685
2844 16.0263
2845 17.2744
2846 54.5103
2847 10.8626
2848 48.3636
2849 16.7845
2850 20.8277
2851 28.3842
2852 53.6112
2853 21.7528
2854 22.7031
2855 19.1030
2856 18.5122
2857 52.4695
2858 23.3950
2859 71.4683
2860 24.8580
2861   NaN
2862 13.1560
2863 58.2668
2864 25.2330
2865 24.7080
2866 17.8675
2867 13.8494
2868   NaN
2869 54.7096
2870 18.9325
2871 43.3991
2872 17.8026
2873 17.5883
2874 12.5050
2875 18.5777
2876 22.8112
2877 86.1269
2878 31.2265
2879 25.9300
2880 14.4982
2881 17.7553
2882 23.5936
2883 14.6339
2884 32.3526
2885 14.0201
2886   NaN
2887 34.0357
2888 10.4824
2889 44.3193
2890   NaN
2891 31.9412
2892 8.2074
2893   NaN
2894 42.8576
2895 25.4879
2896 37.9995
2897 30.4014
2898 62.2765
2899 39.9848
2900 22.9420
2901 53.3802
2902 37.8371
2903 49.1204
2904 8.0221
2905 29.0249
2906 60.9271
2907 8.0311
2908 11.3333
2909 11.2425
2910 41.0660
2911 15.3849
2912 26.0171
2913 6.2397
2914 7.1018
2915 5.5622
2916 8.5108
2917 21.5799
2918 41.0337
2919 75.8683
2920   NaN
2921 15.7465
2922 89.1280
2923 17.3533
2924 7.2625
2925 9.3086
2926 54.4915
2927 12.6791
2928 61.5996
2929 1.2626
2930 23.5571
2931 46.7583
2932 37.6526
2933 23.8001
2934 13.1977
2935 24.3349
2936 18.9510
2937   NaN
2938 15.2423
2939   NaN
2940 11.4544
2941 34.1084
2942 7.8246
2943 19.7211
2944 27.2256
2945   NaN
2946 46.9426
2947 13.3717
2948 17.4443
2949 18.0451
2950 15.6963
2951 3.2930
2952 12.7080
2953 5.0511
2954 35.0383
2955 18.9961
2956 4.8722
2957 59.6243
2958 30.4938
2959 10.7549
2960 27.3599
2961 59.8113
2962 43.2800
2963 23.2928
2964 22.4239
2965 78.2272
2966 20.8401
2967 18.2622
2968 72.2603
2969 24.6383
2970   NaN
2971 19.5618
2972 13.8789
2973 8.8529
2974 67.3752
2975 13.6413
2976 20.0771
2977 35.2166
2978 26.6164
2979 12.0872
2980 16.0472
2981 14.2730
2982 14.4853
2983 27.4261
2984 37.0739
2985 39.3079
2986 7.6225
2987 44.8012
2988 27.4747
2989 45.3550
2990 21.8077
2991 17.0895
2992 1.1554
2993 4.2790
2994 21.2527
2995 72.0987
2996   NaN
2997 11.0702
2998 37.4139
2999 3.4470
3000 57.4986
3001 56.1568
3002 53.9050
3003   NaN
3004 7.5086
3005 17.0518
3006 25.1244
3007 19.1988
3008 51.6069
3009 8.8108
3010 31.5117
3011 36.7862
3012 3.6920
3013 70.6085
3014 6.8463
3015 14.4717
3016 10.2650
3017 6.6665
3018 19.0194
3019 23.0955
3020 37.4143
3021   NaN
3022 1.0032
3023 44.6673
3024 16.7961
3025 14.4192
3026 57.6073
3027 22.4381
3028 2.1905
3029 94.1194
3030 37.6665
3031 25.4444
3032 24.2963
3033 42.3908
3034 33.0636
3035 26.8740
3036 24.3675
3037 64.5683
3038 42.4572
3039 21.6476
3040 24.5557
3041 10.2661
3042 43.8123
3043 43.4240
3044 47.1051
3045 18.2813
3046 23.2512
3047 51.4889
3048 101.2312
3049 11.9947
3050 11.1724
3051 7.1354
3052 24.7193
3053 61.1210
3054 28.5588
3055 45.0011
3056 60.7306
3057 18.7613
3058 65.9129
3059 6.2646
3060 67.1870
3061 33.3997
3062 10.0355
3063 18.0243
3064 63.7909
3065 52.4904
3066 7.4715
3067 81.9369
3068 13.6223
3069 4.9658
3070   NaN
3071 23.4856
3072 41.8331
3073 70.4722
3074 73.8838
3075 63.2668
3076 40.3726
3077 5.6825
3078 8.3800
3079 25.1652
3080 81.6486
3081 26.1508
3082 13.1150
3083 16.5970
3084 48.4032
3085 16.6223
3086 34.5976
3087 54.1346
3088 14.5384
3089 26.9171
3090 31.2039
3091 36.2872
3092 3.7416
3093 8.2724
3094 35.8748
3095 51.8832
3096 67.4533
3097 47.2543
3098 2.4682
3099 15.4920
3100 15.0678
3101 18.7188
3102 11.7357
3103 45.7888
3104 49.8882
3105 6.6153
3106 41.9534
3107 32.2249
3108 10.5489
3109 5.4197
3110 46.0814
3111 14.0962
3112 9.0951
3113 53.5963
3114 18.9570
3115 3.0561
3116 42.6783
3117 4.4222
3118 4.8249
3119   NaN
3120 7.2806
3121 33.3354
3122 87.4805
3123 48.1774
3124 36.3379
3125 11.9866
3126 69.1720
3127 20.2938
3128 13.4959
3129 13.0108
3130 20.2387
3131 22.4790
3132 15.5179
3133 63.7095
3134 63.1959
3135 17.6069
3136 13.3169
3137 21.4684
3138 16.1811
3139 31.6897
3140 79.8099
3141 33.9178
3142 19.7991
3143 25.7284
3144 64.7935
3145 17.1298
3146 23.8518
3147 79.5326
3148 52.6124
3149 9.2276
3150 4.0431
3151 32.0002
3152 14.6322
3153 50.2419
3154 42.1771
3155 5.5729
3156 11.7887
3157 24.6971
3158 86.5388
3159 27.6341
3160 24.3418
3161 35.8272
3162 20.4654
3163 33.0961
3164 31.2150
3165 49.5139
3166   NaN
3167 13.5371
3168 11.0233
3169 9.8548
3170 60.3599
3171 102.1687
3172 82.2444
3173 12.1739
3174 51.5352
3175 7.4993
3176 34.9812
3177 2.2708
3178 23.4061
3179 6.5721
3180 21.6181
3181 42.8373
3182 19.3636
3183 10.0123
3184 46.3292
3185 23.4492
3186 60.6290
3187 65.3190
3188 8.5696
3189 91.0504
3190 22.2477
3191   NaN
3192 57.9188
3193 10.4300
3194 17.8515
3195 15.3317
3196 50.4600
3197 13.3453
3198 24.0245
3199 2.2012
3200 64.5605
3201 38.2171
3202 42.3953
3203 24.4471
3204 27.6756
3205 22.5087
3206 29.0024
3207 43.2371
3208 32.9190
3209 28.2994
3210 41.9578
3211 45.5102
3212 7.6005
3213 60.3061
3214 46.9425
3215 8.2561
3216 40.4921
3217 67.8979
3218 16.1185
3219 56.3890
3220 9.1747
3221 14.7316
3222 72.4959
3223 18.6744
3224 19.2682
3225 56.8552
3226 34.4460
3227 77.4889
3228 30.7686
3229 45.6643
3230 28.8345
3231 10.8965
3232 35.1467
3233 53.3414
3234 31.2178
3235 6.7632
3236 19.6502
3237 5.4622
3238 33.6710
3239 34.4508
3240 15.2135
3241 18.8151
3242 9.6978
3243 3.5003
3244 36.7609
3245 35.8499
3246 11.4007
3247 13.3261
3248 19.8193
3249 84.5493
3250 21.7633
3251 44.9841
3252 9.7863
3253 81.7052
3254 18.2877
3255 16.2073
3256 41.7141
3257 22.4872
3258 57.0188
3259 57.3215
3260 26.4700
3261 1.6500
3262 60.1521
3263 68.8039
3264 76.3268
3265 75.9975
3266 32.7190
3267 13.2362
3268 3.7879
3269 25.8480
3270 5.1274
3271 5.9658
3272 21.0888
3273 13.0212
3274 16.4907
3275 3.7767
3276 19.8902
3277 46.7742
3278 32.5645
3279 1.8564
3280   NaN
3281 11.9861
3282 5.9344
3283 12.1775
3284 73.2348
3285 24.0290
3286 32.3062
3287 13.3407
3288 16.3762
3289 24.7516
3290 59.7161
3291 82.4094
3292 26.7846
3293 7.3903
3294 55.5858
3295 20.8200
3296 20.2585
3297 16.7789
3298 48.0312
3299 30.2558
3300 28.8828
3301 23.6258
3302 8.3176
3303 49.2662
3304 25.5728
3305 20.8957
3306 19.5109
3307 14.4036
3308 2.2306
3309 8.8396
3310 43.8250
3311 315.9168
3312 34.2366
3313 16.0913
3314 19.8002
3315 37.2613
3316 27.7484
3317 22.7876
3318 7.6647
3319 9.4453
3320 9.6750
3321 15.2874
3322 11.4803
3323 52.7948
3324 66.5768
3325   NaN
3326 83.0507
3327 40.3116
3328 12.5631
3329 16.6597
3330 33.7354
3331 16.2454
3332 37.0312
3333 55.7538
3334   NaN
3335 56.7226
3336 14.3267
3337 2.9088
3338 16.2278
3339 25.7817
3340 13.2634
3341 38.0670
3342 20.6767
3343   NaN
3344 49.8980
3345 21.4933
3346 14.1681
3347 16.4710
3348 22.2858
3349 21.4157
3350 16.7116
3351 19.3891
3352 67.1573
3353 17.8726
3354 63.7853
3355 40.1400
3356 52.9492
3357 6.3715
3358 58.4848
3359 12.9516
3360 25.8387
3361 58.1623
3362 43.4226
3363 21.5712
3364   NaN
3365 23.1682
3366 5.6572
3367 3.0037
3368 29.4281
3369 23.0501
3370 36.0854
3371 26.4982
3372 22.2164
3373 54.4207
3374 6.2566
3375 42.6014
3376 35.3711
3377 15.4156
3378 42.0769
3379   NaN
3380 16.3392
3381 73.4428
3382 9.5145
3383 82.5040
3384 37.1044
3385 23.7322
3386 19.5778
3387 8.1227
3388 31.0360
3389 8.0097
3390   NaN
3391 82.8139
3392 30.6096
3393 8.0774
3394 40.9937
3395 21.0081
3396 21.3906
3397 13.8974
3398 33.6747
3399 48.2150
3400 36.5877
3401 19.3544
3402 40.0352
3403   NaN
3404 35.6623
3405 30.9973
3406 17.1576
3407 21.4402
3408 71.3225
3409 32.8851
3410 46.7270
3411 1.0547
3412 24.9299
3413 29.1981
3414 9.1776
3415 43.9093
3416 41.0064
3417 11.4066
3418 35.4665
3419 14.8208
3420 66.8102
3421 38.6944
3422 3.9625
3423 21.8172
3424 22.6982
3425 11.2063
3426 39.9520
3427 20.8829
3428 21.0825
3429 53.0047
3430 31.5122
3431 19.0453
3432   NaN
3433 23.4179
3434 31.3835
3435 32.7792
3436 19.3452
3437 46.5346
3438 33.0617
3439 34.4576
3440 39.9550
3441 8.2841
3442 45.6802
3443 15.2330
3444 45.5205
3445 18.0997
3446 45.1956
3447 76.5067
3448 14.4385
3449 28.6330
3450 66.1602
3451 36.4204
3452 40.2978
3453 32.2507
3454 17.1613
3455 26.1295
3456 75.2982
3457 41.9624
3458 88.7940
3459 24.9590
3460 81.0490
3461 23.1812
3462 6.1691
3463 10.3357
3464 33.5871
3465 37.3513
3466 46.7130
3467 14.3990
3468 31.0234
3469   NaN
3470 25.4142
3471 32.7426
3472 41.1158
3473 57.6659
3474 38.3908
3475 18.6071
3476 11.0721
3477 77.9537
3478 17.6195
3479 20.8284
3480 8.7796
3481 10.6823
3482 32.2928
3483 40.3488
3484 77.2239
3485 56.8900
3486 11.5202
3487 50.0423
3488   NaN
3489 43.2857
3490 4.5256
3491 11.3624
3492 17.8444
3493 55.3101
3494 9.5511
3495 27.3528
3496 65.2973
3497 15.7672
3498 78.9175
3499 27.1196
3500 67.6646
3501 20.6146
3502 26.9323
3503 17.2250
3504 69.1830
3505 1.6442
3506 36.1818
3507 30.4177
3508 22.0076
3509 39.6024
3510 59.7868
3511 6.7756
3512 50.9083
3513 7.7207
3514 19.0023
3515 51.1325
3516 47.8464
3517 42.6390
3518 24.8736
3519 46.0421
3520 8.5950
3521 49.6531
3522 2.1796
3523 53.8435
3524 68.2662
3525 38.8214
3526 33.9124
3527 42.1689
3528 27.7307
3529 16.2269
3530 8.0910
3531 52.5261
3532 0.1831
3533 6.7847
3534 18.7286
3535 26.7589
3536 11.6653
3537 9.9280
3538 63.3265
3539 38.7099
3540 19.9688
3541 18.7509
3542 11.6171
3543 13.1909
3544 27.0594
3545 10.0686
3546 14.0906
3547 13.3575
3548 61.6494
3549 34.8256
3550 38.9326
3551 29.0957
3552 35.6892
3553 48.2024
3554 14.1796
3555 24.2908
3556   NaN
3557 23.3236
3558 68.5005
3559 15.2680
3560 45.3282
3561 39.5930
3562 75.3483
3563 65.5981
3564 9.0629
3565 48.4586
3566 30.5489
3567 44.7104
3568   NaN
3569 50.8641
3570   NaN
3571 7.2115
3572 27.5223
3573 83.0346
3574 65.0722
3575 18.4280
3576 56.5399
3577 28.6474
3578 16.4294
3579 42.5757
3580 10.3982
3581 3.2877
3582 21.6951
3583   NaN
3584 11.6343
3585 7.3139
3586 4.2057
3587 8.3649
3588 24.3608
3589   NaN
3590 30.4580
3591 13.7938
3592 41.5437
3593 16.1460
3594 79.2229
3595 34.8232
3596 44.8781
3597 44.3716
3598 36.9310
3599 58.9995
3600 13.9237
3601 29.6013
3602 16.1332
3603 72.7120
3604 12.5322
3605 45.9768
3606 18.4853
3607 19.4928
3608 25.5149
3609 78.4978
3610 36.0709
3611 12.3702
3612 64.6772
3613 20.8517
3614 41.7041
3615 17.9522
3616 42.6696
3617 34.6713
3618 34.6766
3619 47.8753
3620 24.4025
3621 89.3774
3622 20.1180
3623 58.6970
3624 33.2626
3625 40.6493
3626 27.6756
3627 22.9678
3628 26.0378
3629 12.8441
3630 33.1473
3631 37.6887
3632 9.6891
3633 46.4237
3634 20.0498
3635 11.8986
3636 7.0940
3637 26.6902
3638 37.0223
3639 14.3552
3640 30.6763
3641 26.5504
3642 11.4221
3643 33.7221
3644 55.3416
3645 9.4340
3646 2.5736
3647 8.1396
3648 50.5305
3649 20.9353
3650 58.1181
3651 60.5865
3652 15.4275
3653 7.9998
3654 87.1769
3655 26.2353
3656 7.8882
3657 22.1405
3658   NaN
3659 68.7791
3660   NaN
3661 48.5355
3662 23.2264
3663 26.9949
3664 24.8989
3665 6.1993
3666   NaN
3667 2.9718
3668 3.6738
3669 42.7285
3670 36.5494
3671 16.6302
3672 41.3034
3673 28.4103
3674 50.9837
3675 12.5270
3676 22.3372
3677 32.7721
3678 67.3927
3679 66.6640
3680 79.5553
3681 41.2519
3682 20.0190
3683 66.0750
3684 37.1358
3685 54.5483
3686 13.0640
3687 40.6768
3688 4.0675
3689 16.1320
3690 13.7098
3691 7.5668
3692 16.8806
3693 20.7769
3694 57.4425
3695 25.8308
3696 32.7669
3697 43.0632
3698 4.8706
3699 4.2930
3700 25.3759
3701 14.9929
3702 56.7134
3703 22.4626
3704 14.8823
3705 3.8290
3706 23.6900
3707 14.6197
3708 15.5925
3709 63.5556
3710 36.2530
3711 26.1051
3712 9.1469
3713 15.5339
3714 34.8124
3715 25.0347
3716 79.0616
3717 68.9234
3718 54.3182
3719 18.9363
3720 47.2183
3721 46.9597
3722 24.2955
3723 69.5481
3724 20.6308
3725 13.8418
3726 46.2918
3727 15.8156
3728 38.6512
3729 10.7433
3730 15.4516
3731 50.9980
3732 61.0506
3733 19.8410
3734 17.9103
3735   NaN
3736 18.6157
3737   NaN
3738 57.7005
3739 38.0911
3740 17.4082
3741 18.5218
3742 12.1691
3743 69.3043
3744 39.5535
3745 12.5564
3746 13.6537
3747 13.4931
3748 16.0327
3749 67.6130
3750 43.3542
3751 68.5263
3752 16.9016
3753 8.9112
3754 20.9529
3755 51.1929
3756 7.0041
3757 38.8469
3758 4.6452
3759 6.4961
3760 7.9304
3761 16.7385
3762 39.6299
3763 21.6960
3764 41.9451
3765 14.6347
3766 38.6333
3767 66.9334
3768 48.1272
3769 57.0614
3770 69.8876
3771 38.7589
3772 9.9871
3773 7.1594
3774 13.3972
3775 5.8250
3776 5.4441
3777 8.1653
3778 4.3705
3779 34.8453
3780 9.1146
3781 62.1733
3782 10.1976
3783 32.6432
3784 34.8688
3785 19.2299
3786 79.1040
3787 49.2643
3788 15.3754
3789 8.3877
3790 14.9902
3791 24.8039
3792 34.8538
3793 44.6458
3794 58.3588
3795 28.5912
3796 15.2325
3797 18.6109
3798 16.8345
3799 60.7699
3800 75.7426
3801   NaN
3802 47.8696
3803 23.5462
3804 8.0597
3805 36.9746
3806 28.1912
3807 28.0839
3808 3.6834
3809 16.5234
3810 30.1112
3811 17.9989
3812 47.0958
3813 21.6497
3814 12.7932
3815 16.8270
3816 33.7433
3817 14.4829
3818 12.1639
3819 17.7532
3820 29.1212
3821 22.6696
3822 10.3896
3823 23.4665
3824 59.7082
3825 85.5218
3826 50.8176
3827 14.8002
3828 40.4879
3829 10.8326
3830 12.1181
3831 39.2488
3832 34.0582
3833 80.3789
3834 40.8207
3835 10.3304
3836 29.8767
3837   NaN
3838 26.9338
3839 14.4241
3840 11.6637
3841 52.6655
3842 13.1453
3843 70.4030
3844 9.0512
3845 8.1108
3846 11.4958
3847 18.2056
3848 61.7158
3849 18.3745
3850 21.7857
3851 26.1178
3852 12.7625
3853 20.4495
3854 85.0948
3855   NaN
3856 27.6694
3857 12.0133
3858 34.6192
3859 27.7942
3860 32.0652
3861 30.5678
3862 10.3425
3863 15.8444
3864 50.1130
3865 53.0107
3866 56.3451
3867 36.3769
3868   NaN
3869 61.2712
3870 7.1259
3871 15.0190
3872 47.9570
3873 23.6701
3874 19.1464
3875 42.6510
3876 22.1841
3877 18.9518
3878 69.6429
3879 31.4679
3880 9.3831
3881 15.3717
3882 29.2528
3883 9.1814
3884 71.5065
3885 7.2090
3886 59.3522
3887 12.0921
3888 19.1624
3889   NaN
3890 9.5602
3891 46.3774
3892 52.1501
3893   NaN
3894 77.5119
3895 44.6994
3896 67.0892
3897 7.2616
3898   NaN
3899 4.7678
3900 33.0263
3901 64.6415
3902 19.3564
3903 57.6371
3904 30.8294
3905 36.1340
3906 45.0785
3907 17.8038
3908   NaN
3909 5.7601
3910 63.6219
3911 32.4211
3912 18.2499
3913 25.4650
3914 8.8952
3915 37.9973
3916 18.5561
3917 60.6059
3918 16.7790
3919 39.4824
3920 11.6927
3921 77.8129
3922 66.4433
3923 24.8275
3924 19.8367
3925 62.9429
3926 61.8084
3927 1.4792
3928 16.2272
3929 47.6134
3930 10.3743
3931 60.4043
3932 11.8186
3933 12.1866
3934 67.0293
3935 24.0486
3936 19.5640
3937 36.0058
3938 36.5087
3939 28.2676
3940 17.6846
3941 4.8435
3942 16.8101
3943 21.5671
3944 9.3606
3945 21.3237
3946 22.5746
3947 35.9940
3948 72.4635
3949 7.8730
3950 26.4189
3951 62.5837
3952 23.7010
3953 20.8680
3954 45.4936
3955 35.0978
3956 17.2574
3957 52.1518
3958 51.1643
3959 73.5186
3960 27.0930
3961 28.8689
3962 17.9125
3963 39.2064
3964 9.8845
3965 50.1024
3966 9.3299
3967 26.9152
3968 26.9148
3969 52.2381
3970 8.4061
3971 67.0254
3972 40.4137
3973 47.7633
3974 41.1971
3975 13.1364
3976 10.9704
3977 59.5376
3978 41.9758
3979 19.9554
3980 15.3434
3981 12.2301
3982 35.4669
3983 8.2171
3984 41.6470
3985 9.7634
3986 24.7299
3987 8.6277
3988 30.6799
3989 13.9396
3990 69.6508
3991 25.5231
3992 4.6330
3993 57.3260
3994 23.2460
3995 23.4880
3996 24.1822
3997 11.6851
3998 43.2609
3999 30.0337
4000 52.1611
4001 13.6105
4002 17.1892
4003 16.1830
4004 60.7341
4005 9.2759
4006 35.9108
4007 75.3005
4008 31.2491
4009 26.1292
4010 62.7653
4011   NaN
4012 65.4480
4013 25.9936
4014 14.1363
4015 52.3214
4016 15.9678
4017 54.7473
4018 25.7300
4019 48.6970
4020 8.4246
4021 22.4764
4022 13.4874
4023 59.3307
4024 26.0048
4025   NaN
4026 17.4359
4027 55.7912
4028 42.3245
4029 23.0605
4030 31.6481
4031 19.9689
4032 6.6203
4033 10.5637
4034   NaN
4035 18.7881
4036 43.7647
4037 18.6901
4038 60.7001
4039 15.1519
4040 32.4275
4041 24.1208
4042 21.7492
4043 22.2358
4044 25.8560
4045 18.3536
4046 74.0668
4047 13.4722
4048 24.6505
4049 43.3586
4050 12.4342
4051 42.9981
4052 78.0595
4053 12.5284
4054 9.5862
4055 35.9656
4056 51.8548
4057 29.1482
4058 19.4128
4059   NaN
4060 17.7172
4061 15.2543
4062 48.5138
4063 12.3552
4064 53.1690
4065 64.9716
4066 47.6872
4067 19.7593
4068 47.4385
4069 38.6654
4070 4.7010
4071 3.7758
4072 11.6458
4073 8.8379
4074 24.5312
4075 66.9160
4076 15.1299
4077 56.7111
4078 13.0853
4079 5.4881
4080 10.2164
4081 45.8168
4082 33.9025
4083 18.1802
4084 34.5887
4085   NaN
4086 54.9612
4087 10.3531
4088 13.7260
4089 39.9111
4090 15.9141
4091 72.5645
4092 18.1246
4093 20.4538
4094 8.7180
4095 71.0557
4096 50.2673
4097 17.1429
4098 11.3015
4099 42.6031
4100 27.7672
4101 58.7146
4102 52.0880
4103 10.6903
4104 63.2547
4105 46.3744
4106 17.1933
4107 16.6951
4108 53.7302
4109 8.0614
4110 53.4579
4111 27.6986
4112 28.8356
4113 9.9466
4114 8.6098
4115 23.9121
4116 26.1243
4117 13.9815
4118 14.0618
4119 26.2904
4120 20.6806
4121 31.3045
4122 5.7085
4123 10.7100
4124 65.5757
4125 73.3559
4126 64.1380
4127 78.9499
4128 12.5482
4129 13.2312
4130 41.5989
4131 20.6279
4132 23.9335
4133   NaN
4134 25.5606
4135 60.9733
4136 83.3279
4137 20.7611
4138 36.0944
4139 41.3971
4140 41.2925
4141 45.1329
4142 30.5806
4143 3.8404
4144 83.0244
4145 65.3640
4146 5.3524
4147 38.8789
4148 55.1701
4149 14.0439
4150 29.5739
4151 7.7416
4152 13.5720
4153 16.8942
4154 95.6104
4155 28.5919
4156 8.1285
4157 28.5705
4158 40.6701
4159 27.9589
4160 5.3214
4161 9.1042
4162   NaN
4163 56.8556
4164 66.9915
4165 37.2412
4166 43.8062
4167 32.7218
4168 36.7594
4169 55.1525
4170 81.2693
4171 13.6842
4172   NaN
4173 31.5116
4174 17.3554
4175 14.7981
4176 9.4327
4177 63.6200
4178 22.8703
4179 68.1660
4180 6.4763
4181 52.8857
4182 18.0284
4183 43.3951
4184 29.5508
4185 89.5517
4186 35.2954
4187 15.3921
4188 9.2279
4189 3.0833
4190 5.0404
4191 34.1229
4192 76.9213
4193 22.5907
4194 7.6427
4195 9.8908
4196 29.1371
4197 28.8347
4198 49.2487
4199 51.3977
4200 55.0009
4201 65.9471
4202 39.4578
4203 54.4023
4204 13.9232
4205 7.8737
4206 82.0212
4207 35.5254
4208 17.4465
4209 55.3087
4210 45.6494
4211 73.0038
4212   NaN
4213 2.3613
4214 72.6140
4215 9.7070
4216 50.3561
4217 17.8874
4218 75.6724
4219   NaN
4220 73.7091
4221 49.0183
4222 28.8598
4223   NaN
4224 13.5929
4225 26.4024
4226 24.9148
4227 61.7139
4228 43.8121
4229 9.9781
4230 5.9437
4231 43.5062
4232 8.3416
4233 22.1458
4234 14.3381
4235 59.4351
4236 15.2356
4237 2.6363
4238 13.8443
4239 72.4341
4240 33.7158
4241 30.3043
4242 46.1696
4243 4.4052
4244 44.2960
4245 29.1250
4246 32.5616
4247 16.4653
4248 23.2862
4249 39.1158
4250 30.1155
4251 10.1994
4252 16.1298
4253 14.8708
4254 28.4774
4255 33.2632
4256 49.1272
4257 69.5143
4258 13.9755
4259 18.2312
4260 26.7560
4261 9.6500
4262 13.2428
4263 25.3424
4264 4.1829
4265 57.2310
4266 8.0157
4267 28.4416
4268 7.3924
4269 6.6215
4270 9.5049
4271 22.5341
4272 75.0829
4273 13.2132
4274 6.3116
4275 58.5525
4276 13.8986
4277 22.2426
4278 7.6925
4279 15.4999
4280 8.9790
4281 79.0166
4282 29.7105
4283 80.8191
4284 57.6037
4285 10.4450
4286 5.4969
4287 41.7810
4288 11.0607
4289 26.1274
4290 22.0142
4291 3.4181
4292 5.1354
4293 19.3674
4294 24.1354
4295 1.2665
4296 19.2352
4297 23.2521
4298 17.5761
4299 43.5778
4300 5.2977
4301 7.8062
4302 20.0223
4303 75.6428
4304 89.1653
4305 26.1622
4306 9.3608
4307 23.5010
4308 13.5639
4309 17.2235
4310 9.9644
4311 70.6506
4312 16.8626
4313 37.5378
4314 1.8806
4315 15.9546
4316 24.5473
4317 16.9973
4318 48.0668
4319 49.2289
4320 88.2886
4321 27.8179
4322 18.6640
4323 4.6145
4324 28.0313
4325 10.8140
4326 25.7611
4327 84.5716
4328 43.4605
4329 26.6796
4330 20.9078
4331 37.8087
4332   NaN
4333 1.9184
4334 27.1296
4335 13.4987
4336 59.8956
4337 28.2251
4338 57.0155
4339 11.5593
4340 19.0060
4341 15.5006
4342 76.3898
4343 9.6753
4344 45.7618
4345 11.3935
4346 69.5318
4347 46.5648
4348 20.1292
4349 49.3435
4350 24.2091
4351 26.8914
4352 18.7241
4353 75.9594
4354 24.8769
4355 25.4989
4356 33.0825
4357 10.3724
4358 13.8474
4359 16.8728
4360 16.5405
4361 24.9276
4362 2.0009
4363 15.4860
4364 32.9800
4365 4.5478
4366 7.8600
4367 23.4288
4368 11.1250
4369 81.6465
4370 7.7561
4371 18.7949
4372 64.5152
4373 15.9929
4374 49.2816
4375 22.8313
4376 14.5531
4377 30.8273
4378 14.7463
4379 20.7848
4380 38.6013
4381 58.4828
4382 10.5512
4383   NaN
4384 30.3857
4385 13.5755
4386 39.4647
4387 46.2634
4388 4.9515
4389 24.8714
4390 37.6071
4391 12.5358
4392 6.0071
4393 15.9748
4394 21.6253
4395 9.1250
4396 22.6182
4397 43.6897
4398 12.2202
4399 27.1985
4400 37.6911
4401 18.7625
4402 32.6905
4403 13.6524
4404 25.8324
4405 17.7355
4406 17.9227
4407 12.5653
4408 29.2302
4409 24.7107
4410 25.1849
4411 2.3008
4412 9.9206
4413 29.8626
4414 16.8156
4415 101.9289
4416 55.8244
4417 26.8901
4418 13.8814
4419 84.4033
4420 10.6049
4421 25.3655
4422 16.6786
4423 4.9699
4424 55.1840
4425 22.6596
4426 60.3351
4427 56.7500
4428 11.2629
4429 61.6974
4430 11.6472
4431 53.1727
4432 35.5584
4433 22.1825
4434 27.8279
4435 19.3076
4436 6.9212
4437 27.1463
4438 28.3164
4439 61.6688
4440 15.6385
4441 17.7769
4442 16.9011
4443 5.4225
4444 12.9442
4445 32.9723
4446 59.0606
4447 70.6689
4448 40.7809
4449 59.2897
4450 20.2906
4451 21.4270
4452 6.0617
4453 8.8652
4454 28.3433
4455 59.6987
4456 35.5764
4457 20.8293
4458 72.7215
4459 40.9613
4460 29.8354
4461 19.3142
4462 72.7792
4463 11.5221
4464 46.2606
4465 16.2621
4466 43.1901
4467 15.3569
4468 28.5343
4469   NaN
4470 66.4420
4471 61.4009
4472 58.4034
4473 42.8566
4474 85.0238
4475 29.3500
4476 34.3432
4477 5.4700
4478 66.4048
4479 15.8550
4480 52.9226
4481 74.6362
4482   NaN
4483 83.3197
4484 26.0923
4485 2.6769
4486 8.0365
4487 22.8418
4488 21.8300
4489 21.7668
4490 3.4074
4491 38.5968
4492 19.2801
4493 6.0259
4494 52.7513
4495 38.8856
4496 65.6910
4497 13.6562
4498 21.1534
4499 57.5905
4500 74.7707
4501 7.0921
4502 8.3620
4503 15.6985
4504 23.1366
4505 5.9924
4506 11.6388
4507 44.4658
4508 14.8764
4509 86.4682
4510 23.4200
4511 49.9632
4512   NaN
4513 47.7641
4514 36.6059
4515 7.9830
4516 6.7493
4517 17.5146
4518 63.2835
4519 18.5207
4520 16.4296
4521 10.7828
4522 5.2338
4523 29.1868
4524 28.0505
4525 48.2538
4526 62.2797
4527 25.0946
4528 8.7796
4529 54.7580
4530 14.6321
4531 34.3377
4532 56.2030
4533 7.6449
4534 15.0611
4535 9.7008
4536 51.0426
4537 36.8909
4538 6.0132
4539 9.9110
4540 13.2705
4541 10.5764
4542 35.4860
4543 6.9094
4544 9.0675
4545 34.6182
4546 69.5955
4547 24.5895
4548 36.8754
4549 15.7095
4550 7.0365
4551 7.8122
4552 33.5116
4553 62.8461
4554 6.4465
4555 50.2871
4556 21.3682
4557   NaN
4558 8.5083
4559 28.0604
4560 58.4399
4561 74.9353
4562   NaN
4563 45.4119
4564 38.6786
4565 19.0220
4566 14.3074
4567 36.3533
4568 8.5706
4569 87.8393
4570 59.9981
4571 35.7657
4572 22.1021
4573 31.7931
4574 43.9804
4575 73.7248
4576 26.4895
4577 11.9833
4578 21.3532
4579 53.5097
4580 35.8152
4581 22.7012
4582 26.7202
4583 10.8226
4584 33.0057
4585 49.7118
4586 10.7340
4587 18.2713
4588 23.8171
4589 23.0013
4590 50.2682
4591 18.5204
4592 30.8519
4593 2.0737
4594 49.8354
4595 17.5063
4596 11.0942
4597 9.3977
4598 57.3590
4599 42.8271
4600 38.9435
4601 10.9584
4602 29.9479
4603 61.7951
4604   NaN
4605 6.5986
4606   NaN
4607 3.1880
4608 47.1623
4609 10.7123
4610 35.3726
4611 36.3493
4612 54.9644
4613 16.6667
4614 61.2838
4615 5.9415
4616 37.2666
4617 53.9696
4618 17.2388
4619 34.2927
4620 21.4335
4621 42.2044
4622 8.6836
4623 38.8730
4624 17.8445
4625 32.7664
4626 43.6196
4627 52.8084
4628 17.5361
4629 19.6324
4630 36.0854
4631 15.1020
4632 15.7125
4633 34.0290
4634 25.1138
4635 72.4472
4636 43.4046
4637 8.2044
4638 42.4899
4639 75.3318
4640 2.0404
4641 41.0008
4642 15.2994
4643 12.3897
4644 36.4202
4645 37.5949
4646 25.2848
4647 22.8230
4648 11.8220
4649 36.5675
4650 35.9945
4651 89.9934
4652 22.7662
4653 38.9211
4654   NaN
4655 60.2170
4656 14.6901
4657 33.4707
4658 35.2896
4659 22.8842
4660 41.2669
4661 19.9039
4662 56.4821
4663 11.6550
4664 21.7018
4665 47.7408
4666 29.3242
4667 29.6056
4668 46.8081
4669 20.0753
4670 30.1823
4671 21.7330
4672 16.0418
4673 4.4564
4674 82.1330
4675 36.9738
4676 16.9458
4677   NaN
4678 28.7282
4679 18.1314
4680 25.0631
4681 30.3203
4682 34.8613
4683 8.3343
4684 32.1649
4685 19.5593
4686 4.6578
4687 21.0707
4688 3.9561
4689 20.7460
4690 12.0702
4691 21.5012
4692 8.6268
4693 10.7683
4694 59.6915
4695 25.5537
4696 57.0416
4697 5.6194
4698 20.8116
4699 10.2508
4700 48.6130
4701 31.0360
4702 19.4398
4703 24.4606
4704 41.5355
4705 55.9870
4706 2.2106
4707 88.7436
4708 71.7362
4709 53.4079
4710 12.0376
4711 36.4967
4712 17.4117
4713 26.5574
4714 10.6375
4715 14.4584
4716 11.8471
4717 93.9676
4718 35.5920
4719 17.3478
4720 60.6218
4721 27.2080
4722 23.1385
4723 21.2778
4724 29.9013
4725 19.2643
4726 39.1604
4727 3.6306
4728 21.0039
4729 43.3392
4730 17.4789
4731 36.6119
4732 30.8756
4733 4.3261
4734 9.0001
4735 18.2553
4736 44.8014
4737 16.9983
4738 56.4523
4739 50.5981
4740 8.8866
4741 68.0149
4742 30.3262
4743 23.1146
4744 46.7780
4745 46.2161
4746 45.7555
4747 47.2836
4748 31.1983
4749 11.7637
4750 33.8824
4751 5.9244
4752 70.4480
4753 12.9018
4754 65.5589
4755 2.5502
4756 64.8752
4757 38.2940
4758 23.6383
4759 53.4487
4760 40.7413
4761 32.6821
4762 14.4313
4763 22.3182
4764 17.2407
4765 58.6248
4766 71.4356
4767 12.9641
4768 43.2944
4769 35.0689
4770 48.2397
4771 25.8777
4772 68.6127
4773 63.0300
4774 6.7186
4775 18.3531
4776 9.9571
4777 49.8562
4778 46.3554
4779 27.7168
4780 14.1763
4781 67.9546
4782 70.8465
4783 11.4287
4784 6.0548
4785 19.9810
4786 34.2355
4787 13.8333
4788 6.8641
4789 29.8265
4790 24.1678
4791 363.7208
4792 40.1555
4793 23.0873
4794 47.8703
4795 54.8955
4796 46.6799
4797 23.4071
4798 32.1530
4799 97.8436
4800 36.6123
4801 11.9421
4802 34.2501
4803 37.2014
4804 48.9990
4805 11.7191
4806 62.3585
4807 18.2447
4808 73.5865
4809 66.2507
4810 27.2283
4811 15.4108
4812 26.0949
4813 51.8524
4814 16.6312
4815 8.5211
4816 65.9614
4817 11.1634
4818 13.1090
4819 33.7559
4820   NaN
4821 7.1441
4822 16.5589
4823 32.4871
4824 39.4677
4825 47.4354
4826 18.3696
4827 15.9670
4828 57.7293
4829 80.6053
4830 20.0114
4831 17.9834
4832 33.1926
4833 42.7560
4834 21.5549
4835 15.5263
4836 23.9565
4837 7.3879
4838 16.9740
4839 29.3444
4840 11.1357
4841 67.5504
4842 49.3838
4843 19.3136
4844 0.6504
4845 27.8031
4846 51.6473
4847 54.6375
4848 5.1986
4849 24.3382
4850 18.0890
4851 34.1879
4852   NaN
4853 10.4054
4854 66.3931
4855 11.1396
4856 61.3089
4857 25.7170
4858 27.0013
4859 12.8106
4860 21.7183
4861 11.8143
4862 15.2470
4863 19.8842
4864 54.0975
4865 22.5705
4866 28.3545
4867   NaN
4868 44.4079
4869 12.2038
4870 8.4409
4871 80.6508
4872 14.9351
4873 19.0898
4874 2.3375
4875 87.0634
4876 47.0603
4877 44.4191
4878 69.8795
4879 26.5388
4880 38.4897
4881 101.2350
4882 67.8899
4883 25.8993
4884 42.0802
4885 15.1114
4886 31.4988
4887 28.4488
4888 72.9461
4889 27.7289
4890   NaN
4891 43.2646
4892 46.4232
4893 74.8524
4894 15.0608
4895 7.5789
4896 10.9818
4897 78.8771
4898 75.8367
4899 37.5700
4900 6.1720
4901 20.8538
4902   NaN
4903 78.0553
4904 14.8503
4905 54.1303
4906 44.8276
4907 23.2887
4908 39.9053
4909 43.4814
4910 25.8511
4911   NaN
4912 5.6136
4913 24.5293
4914 35.5376
4915 54.9027
4916 33.4458
4917 17.4219
4918 22.7925
4919 24.1583
4920 11.2579
4921 5.4606
4922 7.2671
4923 17.9943
4924 70.3674
4925 19.2582
4926 15.6005
4927 5.2070
4928 8.9532
4929 2.8505
4930 31.8369
4931 35.9031
4932 15.3899
4933 18.0508
4934 6.0516
4935 21.0695
4936   NaN
4937 52.9195
4938   NaN
4939 7.9052
4940 26.7122
4941 8.3865
4942 15.0396
4943 15.8189
4944 36.2031
4945 49.1784
4946 64.0796
4947 17.3167
4948 17.8700
4949 63.4594
4950 53.2430
4951 21.8457
4952 50.1151
4953 60.8988
4954 18.4663
4955 35.0934
4956 10.7361
4957 31.1821
4958 17.4703
4959 26.0078
4960 51.6403
4961 23.1478
4962 93.1521
4963 8.7482
4964 16.7649
4965 34.0943
4966 2.7006
4967 43.0838
4968 4.3184
4969 59.6513
4970 22.4057
4971 43.7938
4972 54.1615
4973 18.8271
4974 51.9361
4975 9.6987
4976 2.9952
4977 3.0482
4978 34.9213
4979 40.4566
4980 12.7669
4981 19.1838
4982 18.5855
4983 29.4132
4984 26.6161
4985 29.3888
4986 19.2649
4987 32.9134
4988 55.1948
4989 114.6130
4990 37.8669
4991 32.1111
4992 9.5040
4993 7.0477
4994 30.1367
4995 11.3427
4996 22.1680
4997   NaN
4998 33.4940
4999 6.1084
5000 10.5728
