5001 0.4654
5002 1.3167
5003 0.9632
5004 0.8772
5005 2.6841
5006 2.7519
5007 0.1440
5008 0.3153
5009 5.7929
5010 1.9735
5011 0.1561
5012 1.8445
5013 0.9775
5014 2.3070
5015 6.0664
5016 0.8237
5017 1.2235
5018 0.8293
5019 2.0109
5020 0.9742
5021 1.2063
5022 0.4434
5023 0.8210
5024 0.5115
5025 2.6455
5026 0.2817
5027 6.4548
5028 0.3034
5029 9.1735
5030 0.1440
5031 1.0397
5032 4.7891
5033 1.9808
5034 0.2053
5035 0.4303
5036 0.5183
5037 0.9490
5038 0.7929
5039 32.7053
5040 0.1730
5041 0.5983
5042 1.0807
5043 2.6571
5044 0.8250
5045 0.5461
5046 7.7637
5047 3.0902
5048 1.2983
5049 20.6958
5050 2.7520
5051 6.4559
5052 18.9495
5053 10.8283
5054 1.8566
5055 0.2647
5056 0.5358
5057 1.6793
5058 1.9309
5059 3.6982
5060 0.2719
5061 0.1893
5062 3.0266
5063 1.4014
5064 6.0094
5065 0.2897
5066 0.1881
5067 2.2884
5068 0.1676
5069 0.1861
5070 0.7224
5071 0.2446
5072 1.5872
5073 1.5521
5074 1.3546
5075 2.2298
5076 3.9094
5077 0.6789
5078 0.3614
5079 12.2743
5080 0.3304
5081 21.7556
5082 0.2429
5083 42.8308
5084 0.8937
5085 3.5222
5086 9.7493
5087 2.1318
5088 0.3653
5089 1.3870
5090 11.7295
5091 0.2468
5092 0.1429
5093 6.0162
5094 0.4384
5095 7.4101
5096 6.8926
5097 0.2931
5098 3.5882
5099 3.3398
5100 15.9604
5101 8.4427
5102 0.4770
5103 0.2009
5104 0.8405
5105 0.8570
5106 1.3815
5107 1.1963
5108 1.4618
5109 0.1510
5110 0.1075
5111 0.8925
5112 13.8246
5113 11.4390
5114 1.6891
5115 1.0197
5116 0.3410
5117 1.4958
5118 2.1540
5119 2.4849
5120 0.6427
5121 5.0127
5122 0.1900
5123 22.0280
5124 2.6465
5125 1.8325
5126 13.0479
5127 1.1353
5128 8.7047
5129 0.7805
5130 2.7060
5131 22.6135
5132 2.2455
5133 3.6489
5134 0.1747
5135 4.4772
5136 1.7944
5137 2.1071
5138 5.5366
5139 1.0523
5140 0.1327
5141 5.9611
5142 1.0495
5143 0.5733
5144 12.9081
5145 0.2414
5146 0.9430
5147 0.6162
5148 0.1044
5149 11.4930
5150 0.1933
5151 4.2567
5152 1.3151
5153 0.8822
5154 1.8523
5155 0.3932
5156 0.1224
5157 14.9893
5158 6.0689
5159 4.7797
5160 0.1785
5161 1.1167
5162 0.4412
5163 1.7328
5164 0.1353
5165 0.9369
5166 5.1779
5167 1.4000
5168 0.4190
5169 0.1815
5170 1.6208
5171 0.4351
5172 1.7479
5173 25.7028
5174 1.0502
5175 13.0773
5176 0.4081
5177 7.2132
5178 0.9633
5179 2.1687
5180 11.8340
5181 13.6962
5182 25.6762
5183 6.7584
5184 0.4827
5185 5.5842
5186 2.0569
5187 0.9588
5188 4.6104
5189 0.1711
5190 0.8379
5191 2.7571
5192 5.5761
5193 1.7031
5194 0.5777
5195 0.2249
5196 0.3667
5197 1.7231
5198 3.5682
5199 0.3656
5200 52.3255
5201 1.3330
5202 3.0373
5203 2.2740
5204 2.4724
5205 1.0712
5206 1.7145
5207 3.0423
5208 3.4546
5209 4.5911
5210 7.9204
5211 0.3807
5212 5.4105
5213 0.5775
5214 0.3475
5215 6.3582
5216 3.6314
5217 0.5050
5218 11.6729
5219 2.6166
5220 2.4085
5221 2.4440
5222 5.9288
5223 1.9307
5224 5.4422
5225 0.3773
5226 0.1732
5227 2.5087
5228 0.1470
5229 7.3150
5230 1.6545
5231 0.8268
5232 1.6655
5233 0.2237
5234 6.3228
5235 8.2738
5236 0.6013
5237 1.5146
5238 7.0222
5239 4.5364
5240 10.1487
5241 0.6791
5242 1.7136
5243 0.4861
5244 0.3641
5245 1.0445
5246 2.3494
5247 0.1033
5248 5.9649
5249 7.4360
5250 0.3249
5251 3.1369
5252 4.3691
5253 1.8057
5254 2.7483
5255 2.0875
5256 5.2726
5257 1.3213
5258 0.4966
5259 0.4884
5260 0.2809
5261 1.8024
5262 0.2680
5263 2.9941
5264 2.2969
5265 1.0176
5266 0.3156
5267 1.1903
5268 1.3924
5269 17.7440
5270 5.4600
5271 2.3042
5272 1.1428
5273 0.8758
5274 0.9286
5275 0.2316
5276 3.2018
5277 0.9240
5278 0.6780
5279 6.2037
5280 0.1756
5281 3.6964
5282 0.9654
5283 4.9947
5284 0.3500
5285 0.1510
5286 0.2350
5287 2.1046
5288 1.2111
5289 0.3060
5290 0.9811
5291 0.7982
5292 0.3048
5293 1.2560
5294 1.6122
5295 1.9941
5296 0.9937
5297 4.8708
5298 0.1192
5299 0.2113
5300 0.3993
5301 5.1581
5302 0.7552
5303 0.7255
5304 1.4358
5305 0.1123
5306 0.9180
5307 0.8902
5308 3.4756
5309 0.7424
5310 0.8408
5311 0.1517
5312 1.0439
5313 0.3539
5314 0.2539
5315 0.4665
5316 3.0010
5317 6.1621
5318 2.2454
5319 11.7548
5320 3.7986
5321 0.1720
5322 1.6145
5323 0.9448
5324 1.4517
5325 2.7223
5326 1.4349
5327 0.2156
5328 10.0069
5329 0.8041
5330 1.3203
5331 1.7826
5332 3.6190
5333 12.4182
5334 1.4058
5335 0.1418
5336 0.1769
5337 3.9438
5338 0.5885
5339 0.8594
5340 2.5534
5341 0.3179
5342 0.9977
5343 0.4974
5344 0.2064
5345 2.0031
5346 2.9999
5347 1.6174
5348 0.9470
5349 0.8799
5350 4.1163
5351 0.1448
5352 3.3344
5353 0.9829
5354 0.6965
5355 1.0029
5356 0.1496
5357 3.3704
5358 0.2201
5359 12.3696
5360 1.3696
5361 1.7285
5362 22.2924
5363 0.4186
5364 0.9622
5365 2.3464
5366 0.2496
5367 0.2715
5368 0.3884
5369 2.7122
5370 0.1674
5371 1.2773
5372 0.2440
5373 0.1228
5374 1.4239
5375 1.3930
5376 0.9755
5377 1.8608
5378 4.8231
5379 1.5814
5380 0.3238
5381 0.2991
5382 1.2505
5383 0.8130
5384 0.5714
5385 34.6518
5386 3.4560
5387 0.9988
5388 2.2904
5389 0.3077
5390 2.1731
5391 0.2430
5392 2.3169
5393 0.8986
5394 0.4784
5395 5.7015
5396 1.6811
5397 0.4291
5398 0.2081
5399 0.9135
5400 0.5930
5401 1.6726
5402 2.9880
5403 0.9556
5404 4.9445
5405 0.2680
5406 0.8184
5407 3.5515
5408 1.4050
5409 17.4215
5410 4.2811
5411 0.1572
5412 0.3282
5413 0.7370
5414   NaN
5415 3.1372
5416 3.5599
5417 0.2567
5418 1.4637
5419 0.2941
5420 0.5496
5421 0.8222
5422 1.3713
5423 1.6243
5424 1.0581
5425 0.2602
5426 2.0652
5427 1.3506
5428 5.4991
5429 0.1192
5430 1.9941
5431 0.1231
5432 0.2015
5433 1.2388
5434 4.0926
5435 0.5970
5436 0.1705
5437 1.1593
5438 0.1933
5439 3.2254
5440 0.1780
5441 2.1661
5442 13.7249
5443 4.1351
5444 1.3888
5445 0.7030
5446 0.1671
5447 0.1711
5448 0.6802
5449 2.8334
5450 4.9299
5451 3.5928
5452 0.5626
5453 1.8204
5454 1.4482
5455 0.2130
5456 3.9188
5457 0.4134
5458 0.1969
5459 3.2426
5460 9.7422
5461 12.3823
5462 0.3392
5463 12.2087
5464 0.1563
5465 3.0673
5466 17.7785
5467 0.3851
5468 1.1731
5469 1.0820
5470 7.2405
5471 4.4991
5472 1.8007
5473 0.1088
5474 0.7762
5475 0.2119
5476 0.3338
5477 0.2190
5478 7.5776
5479 1.9948
5480 0.9310
5481 4.9454
5482 0.1517
5483 2.0530
5484 1.4262
5485 2.6091
5486 0.2823
5487 3.2189
5488 0.4470
5489 0.5520
5490 0.1951
5491 1.1241
5492 2.2538
5493 1.5564
5494 38.5596
5495 0.2954
5496 0.4658
5497 2.4735
5498 0.1461
5499 7.2800
5500 6.7580
5501 0.3170
5502 5.8559
5503 1.3511
5504 4.0607
5505 0.3041
5506 13.0279
5507 2.9155
5508 0.1009
5509 0.6881
5510 0.1390
5511 0.8458
5512 0.1179
5513 6.7394
5514 0.2119
5515 0.1482
5516 0.1264
5517 2.7823
5518 1.3914
5519 0.1230
5520 12.4220
5521 1.6641
5522 0.6492
5523 2.4663
5524 3.0372
5525 1.6820
5526 4.0863
5527 3.5728
5528 0.3206
5529 1.6026
5530 0.7201
5531 16.2753
5532 0.3878
5533 1.0063
5534 19.8578
5535 0.4044
5536 0.8774
5537 0.8931
5538 12.6763
5539 1.2389
5540 1.6362
5541 8.7929
5542 0.2560
5543 1.3034
5544 0.8539
5545 0.3693
5546 6.8088
5547 0.1454
5548 3.3299
5549 6.1793
5550 1.0562
5551 0.5180
5552 0.2236
5553 0.1283
5554 0.1873
5555 0.2407
5556 1.7060
5557 7.9000
5558 2.4103
5559 0.1429
5560 2.3871
5561 5.9767
5562 1.1395
5563 1.3792
5564 6.9317
5565 5.6632
5566 2.7738
5567 13.5313
5568 0.1325
5569 1.9416
5570 0.2643
5571 1.8747
5572 12.9828
5573 3.2082
5574 4.5750
5575 1.0154
5576 4.6566
5577 1.2574
5578 1.1608
5579 2.8911
5580 0.1532
5581 7.5247
5582 0.1739
5583 3.9170
5584 0.1621
5585 0.1709
5586 0.2178
5587 3.0200
5588 3.8961
5589 0.6684
5590 0.9382
5591 2.9227
5592 3.2088
5593 0.3117
5594 0.2689
5595 1.5163
5596 0.3824
5597 0.5898
5598 2.1873
5599 10.9749
5600 7.9688
5601 0.2986
5602 0.4342
5603 0.1745
5604 2.8652
5605 1.7618
5606 21.4937
5607 1.1017
5608 1.3329
5609 0.3207
5610 0.2034
5611 0.1299
5612 0.2216
5613 2.5213
5614 0.3292
5615 1.3134
5616 0.2024
5617 1.9923
5618 0.7973
5619 7.2755
5620 4.1493
5621 3.5249
5622 0.1372
5623 1.8518
5624 0.1971
5625 0.1493
5626 0.3339
5627 0.5485
5628 0.2321
5629 1.9141
5630 3.0481
5631 0.5372
5632 0.1583
5633 3.1809
5634 1.3569
5635 2.1031
5636 0.1761
5637 15.2521
5638 0.5727
5639 0.2361
5640 1.5459
5641 0.1261
5642 0.2814
5643 0.2609
5644 2.0883
5645 8.4132
5646 0.2452
5647 0.3615
5648 0.8522
5649 3.4163
5650 2.2054
5651 7.5201
5652 2.8963
5653 1.1658
5654 0.2675
5655 1.8557
5656 4.0956
5657 0.3596
5658 0.6038
5659 0.3383
5660 0.4612
5661 1.8777
5662 13.0629
5663 1.1019
5664 0.1666
5665 0.2450
5666 0.3377
5667 0.4729
5668 0.4092
5669 5.8656
5670 1.7899
5671 0.4214
5672 0.2358
5673 1.3358
5674 2.0278
5675 2.5745
5676 1.1260
5677 1.3784
5678 0.2982
5679 8.8378
5680 1.4105
5681 0.1394
5682 3.8467
5683 0.3275
5684 0.1323
5685 2.2935
5686 1.7019
5687 0.8802
5688 0.2271
5689 0.8815
5690 1.2801
5691 0.1467
5692 0.3295
5693 0.1761
5694 0.2364
5695 1.3129
5696 1.9432
5697 7.9043
5698 9.9536
5699 1.4417
5700 0.4348
5701 0.8003
5702 0.1602
5703 0.3270
5704 0.1335
5705 37.4068
5706 1.2458
5707 0.2182
5708 2.2080
5709 0.2218
5710 0.2880
5711 10.7654
5712 7.4714
5713 13.3286
5714 0.1530
5715 0.3456
5716 0.8242
5717 0.1703
5718 0.2675
5719 11.4668
5720 5.6913
5721 8.8767
5722 2.1776
5723 0.5842
5724 1.0410
5725 1.4639
5726 1.3960
5727 16.1659
5728 0.9075
5729 1.9331
5730 1.1113
5731 0.2291
5732 0.1633
5733 1.8478
5734 0.5274
5735 1.2087
5736 0.3491
5737 1.0831
5738 1.2149
5739 3.0550
5740 0.9535
5741 0.2485
5742 0.6985
5743 11.1722
5744 12.6320
5745 7.0592
5746 0.7185
5747 1.7696
5748 0.1311
5749 1.5972
5750 0.9719
5751 1.2242
5752 0.1089
5753 0.4403
5754 6.3173
5755 1.0476
5756 2.7835
5757 0.4346
5758 0.6878
5759 17.4819
5760 0.2766
5761 1.1128
5762 1.8575
5763 0.2968
5764 0.9485
5765 1.3609
5766 5.0913
5767 3.8316
5768 0.9629
5769 1.7999
5770 2.0091
5771 1.9296
5772 9.7855
5773 0.9652
5774 0.3423
5775 10.6472
5776 0.1611
5777 11.8560
5778 0.2494
5779 0.4908
5780 1.7929
5781 2.9039
5782 1.6359
5783 1.0589
5784 0.8408
5785 4.3078
5786 0.8268
5787 1.0050
5788 1.0703
5789 1.1553
5790 1.3556
5791 1.0526
5792 3.1405
5793 3.2604
5794 8.6396
5795 0.9189
5796 0.2139
5797 0.6501
5798 5.8045
5799 0.1845
5800 0.2038
5801 3.7715
5802 0.5410
5803 0.1438
5804 6.9849
5805 0.9342
5806 0.4192
5807 0.5546
5808 0.2426
5809 4.2929
5810 1.6197
5811 1.8245
5812 1.1571
5813 4.4966
5814 0.4406
5815 0.9692
5816 2.1257
5817 8.5593
5818 0.2028
5819 1.0313
5820 3.6474
5821 0.8151
5822 2.2031
5823 0.1406
5824 1.4449
5825 0.2526
5826 7.0539
5827 1.9033
5828 0.1063
5829 0.3063
5830 0.5581
5831 1.6073
5832 1.4210
5833 0.1748
5834 4.9218
5835 1.9397
5836 3.3102
5837 2.4918
5838 5.5971
5839 1.8327
5840 1.4903
5841 3.6268
5842 5.4760
5843 3.8997
5844 0.1278
5845 5.7360
5846 0.6990
5847 5.8770
5848 1.6762
5849 9.5257
5850 0.8335
5851 0.4129
5852 0.2167
5853 3.8822
5854 7.5769
5855 6.3655
5856 0.1106
5857 0.3884
5858 9.3707
5859 1.2974
5860 0.5689
5861 0.4216
5862 0.3305
5863 2.4890
5864 0.2569
5865 5.2748
5866 0.2306
5867 0.1586
5868 3.0364
5869 0.3645
5870 0.2522
5871 1.4606
5872 0.2768
5873 1.1995
5874 0.8719
5875 1.1111
5876 0.8817
5877 0.4022
5878 0.4969
5879 5.5876
5880 1.2041
5881 1.6969
5882 1.3372
5883 9.6201
5884 1.1833
5885 8.2811
5886 0.3563
5887 0.9698
5888 4.9988
5889 0.9280
5890 3.5548
5891 1.0571
5892 0.1176
5893 0.6540
5894 7.1032
5895 0.9834
5896 1.9953
5897 0.1617
5898 20.9070
5899 0.6693
5900 2.4889
5901 5.5548
5902 7.0010
5903 0.1450
5904 3.2541
5905 6.0532
5906 2.4681
5907 1.5011
5908 4.7035
5909 1.1778
5910 0.2494
5911 0.3544
5912 0.2217
5913 0.1108
5914 0.5770
5915 0.8510
5916 0.3080
5917 1.4445
5918 1.7415
5919 0.5938
5920 2.0464
5921 1.4047
5922 3.1658
5923 8.5738
5924 0.3436
5925 16.6062
5926 0.2401
5927 6.3567
5928 13.2028
5929 1.3056
5930 0.3762
5931 0.8558
5932 1.6533
5933 1.4832
5934 0.7131
5935 0.1605
5936 3.3489
5937 5.0842
5938 1.0687
5939 12.1765
5940 0.4598
5941 0.2164
5942 3.0703
5943 1.2162
5944 0.8567
5945 0.1302
5946 0.2124
5947 0.4324
5948 4.4657
5949 5.4690
5950 0.3546
5951 17.7161
5952 12.8657
5953 0.9095
5954 4.2649
5955 0.1424
5956 31.9867
5957 1.6991
5958 1.5157
5959 4.5214
5960 0.8928
5961 0.8083
5962 7.0445
5963 1.2158
5964 1.4003
5965 12.2917
5966 13.1621
5967 0.5037
5968 1.5991
5969 0.8571
5970 0.2081
5971 1.8855
5972 6.8003
5973 2.2862
5974 10.2988
5975 1.5525
5976 1.9080
5977 0.5011
5978 1.6372
5979 0.4408
5980 2.2234
5981 1.3264
5982 0.1756
5983 10.7054
5984 8.3566
5985 5.2187
5986 0.8984
5987 2.4377
5988 1.0363
5989 9.0350
5990 1.0850
5991 1.4560
5992 0.2658
5993 1.3786
5994 0.7546
5995 3.4594
5996 0.4908
5997 1.1889
5998 14.3410
5999 3.3889
6000 8.2279
6001 10.9786
6002 1.4746
6003 0.2497
6004 0.5767
6005 0.2993
6006 0.2424
6007 1.7379
6008 6.4256
6009 0.3473
6010 2.0910
6011 1.4090
6012 0.1787
6013 0.3801
6014 0.2597
6015 1.5900
6016 8.9994
6017 3.2898
6018 0.3036
6019 3.2087
6020 0.8834
6021 11.2591
6022 1.6534
6023 1.0228
6024 0.2337
6025 5.5501
6026 5.7887
6027 0.9843
6028 0.9630
6029 2.1605
6030 2.1524
6031 1.2127
6032 19.8136
6033 1.2226
6034 2.0540
6035 1.0394
6036 1.2378
6037 0.3478
6038 11.6441
6039 4.0631
6040 0.1094
6041 0.1023
6042 3.6218
6043 6.1093
6044 3.2395
6045 1.6227
6046 0.4253
6047 0.8937
6048 0.1825
6049 0.7292
6050 1.4744
6051 0.9703
6052 0.1078
6053 3.3117
6054 1.5701
6055 5.0528
6056 3.7344
6057 2.1490
6058 7.5945
6059 1.5160
6060 12.1359
6061 0.2695
6062 0.2073
6063 1.0987
6064 4.2915
6065 3.0192
6066 10.8556
6067 0.2036
6068 2.0455
6069 0.8308
6070 1.5095
6071 0.1057
6072 2.9009
6073 4.4598
6074 0.3511
6075 0.4181
6076 1.4393
6077 1.3074
6078 0.6433
6079 0.1255
6080 3.7965
6081 0.2343
6082 7.5442
6083 3.6215
6084 1.4880
6085 5.3855
6086 22.0468
6087 0.2236
6088 0.7428
6089 0.1619
6090 3.7489
6091 1.6326
6092 0.5033
6093 0.7592
6094 4.2468
6095 18.4953
6096 0.5263
6097 4.4759
6098 1.6347
6099 6.1500
6100 0.7815
6101 1.2037
6102 0.3141
6103 2.2201
6104 0.3481
6105 0.8174
6106 2.2224
6107 0.1052
6108 2.6576
6109 0.2163
6110 3.9320
6111 0.6916
6112 0.3239
6113 6.3495
6114 2.3943
6115 0.7228
6116 0.2507
6117 3.2057
6118 0.4057
6119 1.0582
6120 1.1520
6121 1.3212
6122 2.2132
6123 3.2828
6124 0.5109
6125 0.2623
6126 1.6084
6127 0.1321
6128 18.0417
6129 0.2038
6130 4.2614
6131 3.3946
6132 0.1436
6133 5.9113
6134 0.1096
6135 0.2711
6136 6.4560
6137 0.1655
6138 4.4098
6139 3.9039
6140 0.8674
6141 10.9192
6142 0.1299
6143 0.4090
6144 0.1588
6145 8.0991
6146 1.0573
6147 0.6764
6148 2.2370
6149 7.8032
6150 0.4352
6151 0.2231
6152 0.9198
6153 7.1194
6154 0.7872
6155 0.7538
6156 0.7313
6157 1.8961
6158 1.1026
6159 3.6012
6160 3.7429
6161 0.3542
6162 10.7603
6163 0.9409
6164 1.8792
6165 1.5717
6166 1.1199
6167 5.9345
6168 11.2410
6169 0.1345
6170 6.4210
6171 0.1766
6172 5.6505
6173 0.4454
6174 13.7823
6175 0.6769
6176 11.1135
6177 1.6522
6178 2.5270
6179 1.5511
6180 9.3100
6181 1.9059
6182 0.5556
6183 1.7737
6184 0.1259
6185 1.7291
6186 0.3992
6187 0.3575
6188 3.0896
6189 0.2067
6190 2.7473
6191 1.5080
6192 2.7522
6193 1.6529
6194 0.2565
6195 0.8307
6196 5.2682
6197 0.9586
6198 0.1171
6199 1.2137
6200 1.1176
6201 17.2913
6202 0.2954
6203 0.1967
6204 0.8223
6205 4.0600
6206 1.6708
6207 4.6345
6208 0.7021
6209 3.0069
6210 1.6115
6211 0.1363
6212 2.5787
6213 6.3501
6214 0.1873
6215 0.2197
6216 0.2698
6217 1.0075
6218 1.5451
6219 1.3323
6220 0.1162
6221 3.0736
6222 1.2749
6223 0.5813
6224 0.5451
6225 0.1609
6226 7.4376
6227 0.7138
6228 3.7952
6229 0.1988
6230 2.7202
6231 0.1067
6232 1.8143
6233 0.4625
6234 0.8784
6235 2.8064
6236 0.3113
6237 2.0804
6238 1.9644
6239 0.8497
6240 1.1275
6241 9.2485
6242 3.8039
6243 3.4215
6244 0.5531
6245 0.3885
6246 0.3542
6247 0.3497
6248 1.6630
6249 0.9006
6250 1.2296
6251 0.7822
6252 2.4926
6253 0.7977
6254 1.8870
6255 2.7854
6256 4.0693
6257 20.5024
6258 4.8819
6259 1.1051
6260 0.1538
6261 0.2760
6262 2.0546
6263 2.2629
6264 1.6581
6265 1.3782
6266 1.2516
6267 2.6476
6268 0.2250
6269 6.7189
6270 0.5871
6271 3.9686
6272 1.8250
6273 0.5796
6274 4.5405
6275 3.7119
6276 0.2337
6277 0.5264
6278 0.8639
6279 0.1318
6280 1.2926
6281 5.8310
6282 0.5246
6283 0.7226
6284 0.1354
6285 2.1788
6286 1.8567
6287 0.1223
6288 6.1919
6289 0.1635
6290 1.3415
6291 0.2272
6292 2.8012
6293 3.3252
6294 0.1675
6295 1.0748
6296 10.9096
6297 0.3041
6298 9.6102
6299 0.7792
6300 0.2010
6301 6.9086
6302 0.9441
6303 3.8085
6304 0.6424
6305 1.9734
6306 0.2532
6307 6.9972
6308 1.0501
6309 0.8528
6310 0.2587
6311 0.2392
6312 1.7802
6313 1.5877
6314 1.4977
6315 0.2278
6316 3.2945
6317 1.0393
6318 1.9457
6319 0.1415
6320 0.9475
6321 1.7944
6322 0.4462
6323 0.9818
6324 5.1833
6325 0.1233
6326 5.8610
6327 0.1421
6328 0.9570
6329 0.8000
6330 0.2353
6331 4.5159
6332 6.4574
6333 2.6521
6334 0.9333
6335 0.6308
6336 1.9492
6337 2.4182
6338 2.9798
6339 1.6357
6340 1.1201
6341 1.0241
6342 0.7547
6343 2.3916
6344 0.2005
6345 0.3859
6346 0.4887
6347 1.5946
6348 3.4597
6349 2.7425
6350 13.0964
6351 7.5184
6352 0.1376
6353 0.1618
6354 5.4848
6355 17.9453
6356 0.1058
6357 7.3188
6358 1.0332
6359 3.3889
6360 0.1156
6361 1.0824
6362 2.2215
6363 10.7628
6364 0.5173
6365 0.1801
6366 1.3479
6367 1.0249
6368 0.2553
6369 2.5280
6370 1.1662
6371 6.1940
6372 0.2341
6373 2.5226
6374 11.6481
6375 0.5126
6376 12.6587
6377 0.7738
6378 0.3923
6379 3.9878
6380 0.5751
6381 1.2261
6382 6.1957
6383 1.8042
6384 0.9411
6385 1.0709
6386 1.8375
6387 9.3740
6388 0.3861
6389 2.5431
6390 0.4841
6391 5.7914
6392 3.4631
6393 0.8218
6394 0.2470
6395 0.6036
6396 0.1061
6397 15.1662
6398 0.4111
6399 0.3409
6400 0.6818
6401 3.4310
6402 2.7635
6403 1.1340
6404 1.6735
6405 1.6433
6406 2.0684
6407 0.7631
6408 0.2392
6409 0.8479
6410 1.1081
6411 0.9461
6412 2.3834
6413 1.9296
6414 1.4938
6415 0.1486
6416 1.1491
6417 0.3915
6418 1.2134
6419 0.1954
6420 10.9983
6421 4.0664
6422 8.1328
6423 7.7798
6424 3.2855
6425 0.8104
6426 0.1128
6427 1.0190
6428 4.3030
6429 0.2229
6430 3.4837
6431 15.0588
6432 3.2186
6433 0.2784
6434 0.6283
6435 0.2270
6436 1.7748
6437 0.6136
6438 0.1928
6439 0.3054
6440 1.9866
6441 4.6411
6442 5.9152
6443 2.3461
6444 0.2380
6445 0.8366
6446 3.9471
6447 0.1249
6448 0.4039
6449 4.7346
6450 0.5903
6451 0.1275
6452 2.0405
6453 1.0042
6454 5.0952
6455 0.4087
6456 0.6246
6457 3.2477
6458 3.1411
6459 1.5017
6460 0.4919
6461 7.3630
6462 1.9896
6463 0.7067
6464 0.6270
6465 3.3448
6466 1.8265
6467 7.9959
6468 0.5399
6469 0.2723
6470 1.0668
6471 0.1961
6472 0.7665
6473 0.1830
6474 4.2299
6475 0.5040
6476 1.6486
6477 2.8834
6478 1.6967
6479 0.5944
6480 3.8612
6481 4.1870
6482 2.9933
6483 0.7306
6484 0.9064
6485 2.8490
6486 0.7411
6487 0.4758
6488 0.5499
6489 0.3707
6490 0.4321
6491 1.6411
6492 2.8191
6493 0.5478
6494 1.0169
6495 0.1377
6496 1.2432
6497 0.3585
6498 1.3634
6499 0.4314
6500 16.7350
6501 1.7068
6502 2.0182
6503 0.1346
6504 23.0181
6505 4.2653
6506 5.7564
6507 1.1752
6508 0.1691
6509 13.0657
6510 3.7259
6511 1.7572
6512 2.8424
6513 6.0924
6514 1.0325
6515 1.2029
6516 0.1172
6517 2.9582
6518 0.4056
6519 2.1563
6520 0.1226
6521 2.6547
6522 1.4618
6523 2.4527
6524 2.1468
6525 1.0941
6526 3.4169
6527 0.2390
6528 2.2846
6529 2.2601
6530 0.8198
6531 11.0559
6532 10.3951
6533 2.4636
6534 1.0423
6535 0.2694
6536 3.6117
6537 2.6354
6538 1.5204
6539 4.0044
6540 4.4550
6541 1.6910
6542 1.3979
6543 1.2581
6544 1.1123
6545 3.8199
6546 3.3586
6547 0.3957
6548 2.3600
6549 0.3884
6550 9.1310
6551 14.7677
6552 3.0346
6553 0.9813
6554 0.4658
6555 0.2964
6556 7.8359
6557 4.1459
6558 0.4604
6559 0.9809
6560 0.1635
6561 2.6844
6562 0.1467
6563 2.0706
6564 7.0128
6565 0.2906
6566 31.5776
6567 0.1511
6568 7.3699
6569 0.9693
6570 0.1245
6571 1.8762
6572 13.5469
6573 0.2608
6574 0.1544
6575 5.0452
6576 0.3844
6577 0.6403
6578 0.1438
6579 0.4361
6580 5.0971
6581 0.8683
6582 0.7236
6583 0.8780
6584 0.6744
6585 21.4808
6586 0.6784
6587 8.0488
6588 3.9875
6589 0.1825
6590 0.1212
6591 0.1673
6592 5.6011
6593 3.2696
6594 1.3305
6595 6.0544
6596 0.9886
6597 0.1307
6598 2.9180
6599 0.7218
6600 0.1634
6601 0.7125
6602 0.7728
6603 2.0391
6604 1.4058
6605 0.8294
6606 0.4265
6607 0.1032
6608 1.6332
6609 10.7353
6610 3.0085
6611 1.2496
6612 0.2119
6613 3.7969
6614 5.9105
6615 3.5659
6616 4.1955
6617 0.1259
6618 0.5490
6619 1.2528
6620 2.8371
6621 0.6962
6622 0.3102
6623 2.9991
6624 0.7526
6625 2.1013
6626 12.8995
6627 0.3651
6628 4.7253
6629 0.1310
6630 0.8043
6631 0.3362
6632 0.1791
6633 1.6629
6634 0.1357
6635 0.2930
6636 0.9708
6637 0.3313
6638 0.2732
6639 1.4349
6640 3.0647
6641 0.6296
6642 2.7308
6643 0.5761
6644 0.2843
6645 0.7562
6646 0.2363
6647 3.4732
6648 1.4401
6649 1.0944
6650 0.1891
6651 0.5159
6652 1.2851
6653 1.4274
6654 0.6452
6655 2.9820
6656 9.1774
6657 0.8807
6658 0.7090
6659 0.1999
6660 2.7583
6661 2.2212
6662 0.1185
6663 0.8870
6664 0.4433
6665 0.8145
6666 2.2265
6667 0.9190
6668 18.1652
6669 2.3547
6670 2.0858
6671 0.7360
6672 0.5685
6673 2.9716
6674 1.0842
6675 0.9123
6676 1.4091
6677 1.3202
6678 1.0949
6679 0.8977
6680 2.9488
6681 1.5815
6682 4.8201
6683 2.1923
6684 0.5661
6685 10.9659
6686 2.1156
6687 1.7737
6688 0.8265
6689 1.9949
6690 1.3684
6691 1.1086
6692 5.2718
6693 0.7779
6694 1.6513
6695 0.9277
6696 0.2467
6697 0.8274
6698 0.1858
6699 3.6242
6700 0.3797
6701 4.1763
6702 8.7607
6703 1.4768
6704 3.8186
6705 0.3334
6706 1.2889
6707 0.7903
6708 2.2206
6709 1.1800
6710 2.9352
6711 1.6337
6712 0.9360
6713 0.8823
6714 4.7092
6715 0.5652
6716 0.6299
6717 15.5451
6718 1.0724
6719 0.1404
6720 1.0435
6721 3.6286
6722 0.1582
6723 6.4843
6724 0.6071
6725 0.1308
6726 0.1978
6727 1.4732
6728 0.3368
6729 2.8097
6730 0.1204
6731 0.4525
6732 2.1488
6733 1.4062
6734 1.2962
6735 0.5533
6736 1.7111
6737 3.2203
6738 2.8509
6739 1.5692
6740 1.2087
6741 5.2064
6742 0.8891
6743 1.1136
6744 1.1054
6745 0.6293
6746 0.5336
6747 2.4420
6748 1.4725
6749 2.2323
6750 0.5755
6751 3.3042
6752 0.2014
6753 0.2605
6754 3.1212
6755 0.8208
6756 0.2002
6757 1.2139
6758 0.6850
6759 1.0909
6760 1.8897
6761 0.3788
6762 1.2496
6763 0.3169
6764 0.1721
6765 1.0963
6766 1.7559
6767 0.5460
6768 9.2220
6769 1.0593
6770 3.2082
6771 0.5983
6772 0.5450
6773 0.7039
6774 0.2237
6775 1.6375
6776 5.5151
6777 0.5241
6778 3.4173
6779 0.1856
6780 0.8591
6781 0.2358
6782 5.6770
6783 0.3391
6784 7.0335
6785 0.1201
6786 0.1970
6787 1.7174
6788 0.4242
6789 0.6082
6790 0.4543
6791 1.7945
6792 0.7958
6793 6.9821
6794 1.3653
6795 1.1421
6796 4.7405
6797 1.3756
6798 2.3384
6799 13.0915
6800 0.8218
6801 0.1671
6802 2.4100
6803 0.3084
6804 1.0377
6805 0.7531
6806 0.7488
6807 3.0486
6808 3.2692
6809 2.4920
6810 0.3717
6811 0.1827
6812 2.5613
6813 0.8205
6814 0.2449
6815 6.0205
6816 1.1413
6817 1.0184
6818 0.8182
6819 1.7412
6820 3.8597
6821 0.1090
6822 0.4842
6823 4.3334
6824 0.8259
6825 1.0843
6826 6.2059
6827 0.3360
6828 0.6662
6829 5.2335
6830 6.6203
6831 3.6737
6832 9.5114
6833 1.2511
6834 1.5616
6835 0.6248
6836 1.5494
6837 2.1730
6838 1.0673
6839 0.3515
6840 15.3886
6841 0.3582
6842 1.3381
6843 0.6030
6844 0.5383
6845 0.1284
6846 5.6649
6847 0.4165
6848 7.4062
6849 0.4142
6850 2.8324
6851 0.7291
6852 3.1361
6853 1.4676
6854 7.8149
6855 1.1648
6856 0.2524
6857 0.7081
6858 16.5869
6859 1.2760
6860 1.5341
6861 0.2662
6862 5.0949
6863 0.4729
6864 5.6700
6865 0.2195
6866 1.2878
6867 0.6522
6868 0.9734
6869 2.6670
6870 0.1025
6871 4.5690
6872 0.1464
6873 0.4777
6874 0.3045
6875 0.1752
6876 0.3597
6877 0.5226
6878 0.2071
6879 39.3169
6880 0.5049
6881 1.1356
6882 3.7409
6883 7.8672
6884 0.4184
6885 5.3055
6886 0.9009
6887 21.4517
6888 0.1474
6889 2.4363
6890 1.9025
6891 0.9184
6892 3.7708
6893 0.1208
6894 0.3367
6895 0.1569
6896 0.1614
6897 0.2591
6898 0.2846
6899 0.4789
6900 1.2629
6901 0.2280
6902 2.7530
6903 0.1034
6904 3.5751
6905 0.1553
6906 2.7751
6907 0.1952
6908 0.3980
6909 0.4476
6910 0.2869
6911 1.0439
6912 0.1916
6913 5.7955
6914 0.4953
6915 0.5142
6916 0.3456
6917 1.2398
6918 5.5576
6919 0.2507
6920 11.1347
6921 0.4634
6922 2.6708
6923 9.4459
6924 0.6968
6925 1.9500
6926 0.7180
6927 0.1769
6928 1.0216
6929 5.8396
6930 0.1691
6931 3.8562
6932 0.9595
6933 0.1426
6934 5.1634
6935 3.1892
6936 3.2270
6937 0.3760
6938 0.6197
6939 1.1902
6940 2.9957
6941 0.8141
6942 0.1038
6943 1.5717
6944 2.8914
6945 2.0429
6946 2.9124
6947 3.6957
6948 0.8567
6949 1.1545
6950 1.2260
6951 3.3126
6952 2.3308
6953 2.9406
6954 4.1746
6955 0.3214
6956 5.7089
6957 0.1128
6958 1.5193
6959 2.4149
6960 0.1849
6961 1.0538
6962 2.5283
6963 2.2944
6964 0.1373
6965 0.1175
6966 0.4434
6967 26.7181
6968 1.3973
6969 0.7261
6970 0.6477
6971 1.2825
6972 4.1681
6973 7.1915
6974 1.5298
6975 0.8284
6976 3.1940
6977 3.6787
6978 1.3514
6979 3.6749
6980 1.1539
6981 0.3631
6982 2.3236
6983 0.8752
6984 3.6192
6985 5.0009
6986 1.6727
6987 0.2172
6988 0.2345
6989 1.4404
6990 3.9461
6991 2.0872
6992 2.0392
6993 4.1808
6994 0.1083
6995 3.9259
6996 0.9303
6997 0.1473
6998 2.5344
6999 1.6194
7000 2.3276
7001 4.2031
7002 0.6039
7003 4.8680
7004 4.1445
7005 2.3361
7006 0.5424
7007 13.3630
7008 1.1468
7009 0.4829
7010 0.2257
7011 0.2146
7012 5.7297
7013 1.8092
7014 0.2318
7015 1.1517
7016 0.2793
7017 0.1799
7018 0.6012
7019 1.4919
7020 0.2695
7021 0.6287
7022 0.9221
7023 0.8716
7024 0.6124
7025 3.3574
7026 0.7498
7027 4.8164
7028 1.9558
7029 1.0036
7030 1.1226
7031 0.7199
7032 0.3625
7033 0.7414
7034 0.7483
7035 1.7228
7036 1.3565
7037 0.3580
7038 4.1489
7039 1.3534
7040 3.1165
7041 2.0996
7042 2.1847
7043 4.1869
7044 0.3017
7045 0.4671
7046 0.1219
7047 0.2730
7048 2.1530
7049 0.2191
7050 2.6524
7051 0.7277
7052 1.7503
7053 0.6966
7054 0.6070
7055 11.9903
7056 0.1121
7057 0.6062
7058 6.3421
7059 0.3923
7060 1.0327
7061 3.6678
7062 9.5718
7063 1.3939
7064 0.3138
7065 2.5938
7066 1.9632
7067 1.4360
7068 0.5915
7069 2.7368
7070 0.5135
7071 0.3405
7072 2.5836
7073 0.1704
7074 0.1490
7075 0.3867
7076 1.1049
7077 0.3734
7078 1.2372
7079 3.6854
7080 0.1079
7081 9.1790
7082 0.2906
7083 1.5379
7084 3.6812
7085 7.3354
7086 1.4784
7087 0.1527
7088 0.3595
7089 1.2718
7090 1.4711
7091 5.7096
7092 0.6303
7093 0.3353
7094 1.5244
7095 1.4595
7096 1.8720
7097 0.3083
7098 0.5354
7099 4.3115
7100 1.3284
7101 2.6645
7102 1.0714
7103 0.6483
7104 0.1616
7105 0.1217
7106 3.0325
7107 0.8573
7108 0.7871
7109 3.6862
7110 2.1256
7111 1.8845
7112 0.5287
7113 0.2854
7114 0.9783
7115 0.8087
7116 0.4737
7117 0.4454
7118 0.1845
7119 3.5117
7120 2.3035
7121 0.2089
7122 0.4076
7123 4.0825
7124 11.7568
7125 5.6533
7126 0.6292
7127 0.9396
7128 0.2142
7129 11.4313
7130 10.8521
7131 0.4389
7132 1.6359
7133 0.2329
7134 0.7472
7135 22.0640
7136 0.4977
7137 1.2677
7138 0.2011
7139 4.1828
7140 3.6385
7141 2.6172
7142 2.1633
7143 0.1675
7144 3.8098
7145 3.9914
7146 1.3143
7147 0.4640
7148 1.6496
7149 0.9814
7150 7.9686
7151 3.2034
7152 2.0258
7153 0.5048
7154 3.9871
7155 0.1147
7156 0.6876
7157 2.5053
7158 1.6432
7159 0.3012
7160 0.6044
7161 0.1520
7162 3.1442
7163 1.1458
7164 0.7656
7165 0.0988
7166 1.6003
7167 0.2388
7168 0.3107
7169 1.9811
7170 0.8952
7171 0.7100
7172 8.0087
7173 0.1548
7174 0.1492
7175 3.6321
7176 0.2190
7177 2.0299
7178 3.8174
7179 0.1597
7180 4.3560
7181 0.2798
7182 2.6607
7183 0.5520
7184 0.9744
7185 4.0805
7186 1.0135
7187 0.8244
7188 3.5506
7189 18.8858
7190 0.7489
7191 0.2882
7192 2.4635
7193 0.1592
7194 0.7966
7195 0.3951
7196 4.6599
7197 0.5163
7198 1.1319
7199 0.1619
7200 2.3481
7201 7.9406
7202 0.1534
7203 0.7612
7204 1.7221
7205 0.1130
7206 0.8723
7207 3.5063
7208 0.1390
7209 2.3484
7210 1.8761
7211 2.9523
7212 0.1594
7213 0.5677
7214 1.1509
7215 0.2852
7216 3.7629
7217 6.8674
7218 0.1434
7219 0.1091
7220 5.0410
7221 1.1767
7222 2.3056
7223 0.2722
7224 0.2133
7225 0.2006
7226 2.8790
7227 0.5033
7228 0.9029
7229 0.1839
7230 0.2397
7231 0.1771
7232 0.2936
7233 0.2787
7234 1.6838
7235 1.8677
7236 0.3485
7237 1.0989
7238 8.3452
7239 3.8265
7240 0.4889
7241 0.7685
7242 0.1666
7243 1.8205
7244 2.5780
7245 19.0015
7246 1.6039
7247 5.8551
7248 2.0674
7249 0.2661
7250 0.9614
7251 3.3528
7252 0.3918
7253 4.0997
7254 3.5147
7255 1.0767
7256 1.0353
7257 3.1809
7258 12.5933
7259 0.3792
7260 1.5138
7261 5.4969
7262 2.1415
7263 2.1699
7264 0.1397
7265 1.3270
7266 0.1606
7267 2.8130
7268 0.1149
7269 0.1145
7270 6.3620
7271 5.2846
7272 0.8360
7273 7.8651
7274 15.5851
7275 1.7243
7276 17.8381
7277 0.0983
7278 2.3972
7279 0.1232
7280 0.0982
7281 3.4827
7282 1.9227
7283 0.1651
7284 2.0857
7285 1.2231
7286 2.5897
7287 0.1738
7288 0.5697
7289 0.5714
7290 0.1738
7291 0.5163
7292 0.7883
7293 1.5488
7294 0.4903
7295 0.1808
7296 1.9139
7297 0.2167
7298 0.3473
7299 0.6627
7300 1.3051
7301 0.1270
7302 8.8176
7303 9.4511
7304 6.8163
7305 0.6500
7306 0.3104
7307 0.9693
7308 0.1636
7309 0.5708
7310 0.2264
7311 0.8056
7312 0.2963
7313 0.8231
7314 0.1149
7315 1.2138
7316 1.3924
7317 0.2549
7318 2.4450
7319 0.5948
7320 0.7357
7321 6.6920
7322 2.9705
7323 7.6679
7324 0.9909
7325 0.8184
7326 5.7586
7327 5.6884
7328 3.2777
7329 0.2240
7330 0.3843
7331 3.4764
7332 5.6349
7333 5.0481
7334 3.1116
7335 2.3878
7336 0.9546
7337 3.6634
7338 2.5561
7339 0.1893
7340 0.6615
7341 2.6015
7342 0.1588
7343 0.1727
7344 0.1816
7345 1.5363
7346 0.8998
7347 1.9503
7348 2.5066
7349 22.8230
7350 9.4543
7351 2.4930
7352 1.0176
7353 1.8458
7354 0.2926
7355 2.2009
7356 6.7281
7357 1.0401
7358 0.7676
7359 0.2455
7360 0.7505
7361 0.2755
7362 7.3568
7363 0.9700
7364 0.6341
7365 2.6952
7366 0.1584
7367 0.2173
7368 2.8017
7369 1.7279
7370 2.7569
7371 3.3008
7372 0.3305
7373 6.4603
7374 0.1201
7375 1.9456
7376 0.1577
7377 0.9752
7378 0.2036
7379 0.2479
7380 0.1339
7381 1.9457
7382 4.3128
7383 0.8726
7384 2.0950
7385 2.2159
7386 1.5402
7387 0.3829
7388 0.3858
7389 0.9976
7390 0.7730
7391 2.9373
7392 1.8893
7393 0.2233
7394 2.2177
7395 0.4772
7396 3.3210
7397 1.7132
7398 0.1057
7399 0.5331
7400 0.1075
7401 0.2429
7402 0.2032
7403 1.2593
7404 4.1298
7405 2.8503
7406 0.6322
7407 0.8894
7408 1.6937
7409 0.6205
7410 1.5523
7411 0.1937
7412 14.3466
7413 1.6308
7414 0.6398
7415 0.6560
7416 0.4829
7417 1.1036
7418 1.1955
7419 2.4453
7420 9.6722
7421 0.8502
7422 19.7084
7423 0.9609
7424 0.2446
7425 1.4995
7426 0.2803
7427 0.2484
7428 0.5780
7429 1.1945
7430 6.2725
7431 0.2255
7432 0.1904
7433 0.1462
7434 1.3116
7435 0.8992
7436 0.4563
7437 0.1608
7438 2.0970
7439 0.2946
7440 1.7058
7441 3.0293
7442 1.6446
7443 3.6287
7444 0.6419
7445 0.6192
7446 0.9565
7447 6.2185
7448 0.2399
7449 1.6454
7450 0.5712
7451 1.1015
7452 3.3820
7453 8.2263
7454 2.9657
7455 10.3821
7456 0.9849
7457 0.2562
7458 1.8207
7459 0.5855
7460 1.3110
7461 6.8774
7462 0.3080
7463 5.3439
7464 2.3923
7465 1.8393
7466 1.9188
7467 0.5546
7468 1.9619
7469 0.7009
7470 3.4127
7471 27.2229
7472 1.1726
7473 3.4008
7474 6.5048
7475 0.7703
7476 8.5195
7477 4.8857
7478 1.6298
7479 0.2076
7480 0.2406
7481 0.6198
7482 1.5591
7483 1.0886
7484 8.0972
7485 1.1213
7486 1.6367
7487 7.2622
7488 4.8754
7489 0.2770
7490 0.9456
7491 0.1715
7492 0.2147
7493 2.5674
7494 0.1243
7495 0.1776
7496 6.3591
7497 1.8251
7498 0.9356
7499 0.6844
7500 3.3115
