   1 5.1127
   2 5.2281
   3 25.6323
   4 22.9236
   5 3.1778
   6 1.7945
   7 1.8186
   8 0.8857
   9 6.6587
  10 17.9464
  11 3.8580
  12 1.7102
  13 1.0845
  14 2.2721
  15 17.1069
  16 0.8479
  17 12.0903
  18 3.6035
  19 3.4367
  20 3.1132
  21 3.1371
  22 3.2182
  23 7.1321
  24 1.7303
  25 3.8564
  26 7.9668
  27 6.2487
  28 2.6222
  29 1.3800
  30 9.2313
  31 5.8178
  32 1.9420
  33 1.0792
  34 6.3643
  35 10.8195
  36 2.9102
  37 3.5926
  38 2.2445
  39 25.8420
  40 1.7072
  41 3.6947
  42 5.6001
  43 11.5445
  44 1.1464
  45 5.5623
  46 3.5965
  47 6.2354
  48 1.9912
  49 3.1391
  50 1.3734
  51 6.3257
  52 2.9992
  53 2.7664
  54 1.4827
  55 18.3703
  56 7.4603
  57 2.1909
  58 14.4732
  59 4.6458
  60 3.0554
  61 1.6379
  62 6.4956
  63 5.2660
  64 1.0968
  65 4.8731
  66 4.4072
  67 13.1701
  68 1.0497
  69 1.1525
  70 8.6038
  71 1.7905
  72 2.8143
  73 0.2783
  74 18.3632
  75 8.6182
  76 9.0359
  77 0.9909
  78 1.2987
  79 0.2958
  80 0.5773
  81 17.9127
  82 5.2530
  83 7.3365
  84 15.7525
  85 1.0196
  86 7.5604
  87 4.1439
  88 2.6318
  89 4.6562
  90 20.0682
  91 10.2587
  92 0.2107
  93 1.9081
  94 1.3214
  95 5.3258
  96 2.5725
  97 2.0456
  98 2.6985
  99 2.5699
 100 2.1466
 101 15.0791
 102 5.0258
 103 7.8257
 104 6.5815
 105 1.3737
 106 7.1094
 107 10.6567
 108 1.0804
 109 2.7441
 110 3.0321
 111 5.9567
 112 6.5481
 113 9.3206
 114 0.4996
 115 2.0196
 116 16.0435
 117 3.9334
 118 20.4008
 119 3.4279
 120 2.8735
 121 5.1461
 122 3.5685
 123 1.5598
 124 3.1514
 125 17.0419
 126 1.8852
 127 1.7359
 128 18.0712
 129 1.9491
 130 11.1052
 131 4.7532
 132 0.6378
 133 3.3615
 134 8.7857
 135 0.8176
 136 0.4556
 137 10.3793
 138 2.0953
 139 7.2780
 140 5.1861
 141 6.8640
 142 11.8728
 143 3.8160
 144 10.8996
 145 8.6529
 146 4.8478
 147 3.9312
 148   NaN
 149 1.6574
 150 2.9736
 151 6.8057
 152 10.2588
 153 8.5951
 154 2.0872
 155 6.6477
 156 2.6475
 157 0.9338
 158 1.8554
 159 1.7587
 160 2.8797
 161 3.1495
 162 4.5613
 163 32.5631
 164 10.0831
 165 15.1511
 166 6.8807
 167 0.5428
 168 4.2892
 169 1.0470
 170 4.8398
 171 26.5827
 172 3.0209
 173 14.9510
 174   NaN
 175 5.2758
 176 24.4689
 177 8.3474
 178 7.2081
 179 23.2893
 180 1.8080
 181 17.7540
 182 8.6317
 183 2.6429
 184 2.3951
 185 2.4778
 186 4.2346
 187 8.1934
 188 8.5284
 189 8.0826
 190 1.5899
 191 2.3769
 192 7.7750
 193 3.6486
 194 2.3266
 195 3.0784
 196 6.2811
 197 0.4511
 198 14.0415
 199 3.9016
 200 1.1316
 201 8.1106
 202 2.1868
 203 2.0270
 204 6.9659
 205 2.2802
 206 3.5903
 207 4.1749
 208 9.4729
 209 4.6760
 210 20.3231
 211 11.0565
 212 3.4211
 213 2.3810
 214 9.7046
 215 4.3431
 216 2.2598
 217 4.1685
 218 10.1609
 219 4.8101
 220 0.2671
 221 3.8387
 222 6.2873
 223 2.5408
 224 5.8903
 225 25.1615
 226 6.7845
 227 9.9698
 228 8.0105
 229 5.5305
 230 18.3200
 231 4.1451
 232 6.9358
 233 2.9840
 234 17.3517
 235 6.0418
 236 9.8188
 237 3.5728
 238 3.4560
 239 1.3141
 240 1.3583
 241 4.8680
 242 2.8738
 243 3.4032
 244 3.9550
 245 6.1602
 246 3.2332
 247 4.4349
 248 1.2814
 249 10.9696
 250 7.6303
 251 1.7850
 252 7.0931
 253 8.9930
 254 8.4411
 255 1.7666
 256 8.2984
 257 2.2581
 258 2.5483
 259 2.9111
 260 5.0402
 261 21.3863
 262 4.5958
 263 17.9222
 264 9.1511
 265 22.4754
 266 12.5105
 267 2.4918
 268 4.8184
 269 13.3804
 270 6.5017
 271 3.0272
 272 13.2983
 273 3.3358
 274 3.3754
 275 3.6968
 276 3.1714
 277 7.9112
 278 10.7785
 279 3.6758
 280 18.8898
 281 22.4019
 282 6.2981
 283 3.4401
 284 3.3748
 285 14.0487
 286 0.9265
 287 7.3119
 288 5.1847
 289 2.9778
 290 1.6979
 291 10.1061
 292 1.9788
 293 1.7751
 294 13.3415
 295 3.5938
 296 2.0597
 297 3.3693
 298 7.8146
 299 10.5044
 300 1.5916
 301 1.8838
 302 8.3871
 303 1.2988
 304 1.6835
 305 0.6875
 306 16.1501
 307 6.1581
 308 13.5562
 309 7.4586
 310 5.6569
 311 6.8994
 312 3.7644
 313 9.3320
 314 6.7907
 315 9.0605
 316 25.7479
 317 4.8556
 318 4.2089
 319 8.6195
 320 5.4565
 321 5.9040
 322 8.1882
 323 19.6056
 324 5.2172
 325 8.2815
 326   NaN
 327 4.2590
 328 16.3113
 329 5.9623
 330 6.5640
 331 2.1586
 332 4.5105
 333 4.4983
 334 1.1811
 335 15.1288
 336 3.2067
 337 8.0158
 338 0.8256
 339 12.8102
 340 3.6390
 341 2.6188
 342 5.2495
 343 2.9993
 344 6.0015
 345 3.3334
 346 6.5663
 347 0.8481
 348 2.4285
 349 5.6984
 350 6.5350
 351 1.6828
 352 1.6528
 353 16.7236
 354 1.9569
 355 27.5030
 356 4.4136
 357 2.8103
 358 9.7891
 359 3.1440
 360 24.3858
 361 4.7934
 362 11.1372
 363 8.9618
 364 22.6836
 365 0.9694
 366 2.7002
 367 7.0826
 368 3.8051
 369 28.4030
 370 14.0709
 371 2.3804
 372 15.5070
 373 6.0722
 374 0.4985
 375 29.8586
 376 1.7888
 377 1.5205
 378 3.7196
 379 11.9072
 380 9.3090
 381 4.8050
 382 5.8338
 383 2.0723
 384 4.9484
 385 7.3420
 386 3.0611
 387 3.5471
 388 1.0551
 389 2.3015
 390 1.1533
 391 18.1916
 392 2.0946
 393 3.7056
 394 0.8347
 395 23.3999
 396 4.6753
 397 3.3649
 398 2.1459
 399 2.5101
 400 4.6676
 401 0.8270
 402 14.3379
 403 5.1660
 404 4.0227
 405 2.0065
 406 8.1088
 407 6.4920
 408 16.7110
 409 1.4625
 410 20.8518
 411 9.9257
 412 5.3658
 413 4.1877
 414 18.9843
 415 12.3967
 416 16.3408
 417 2.6461
 418 5.2792
 419 5.1343
 420 6.6804
 421 0.6963
 422 1.1812
 423 8.2002
 424 9.0628
 425 7.2564
 426 1.9070
 427 7.8230
 428 7.6029
 429 15.1333
 430 11.2715
 431 6.2194
 432 8.0053
 433 8.5418
 434 4.4015
 435 6.5781
 436 4.5608
 437 2.8195
 438 0.8849
 439 12.9583
 440 1.2906
 441 7.2069
 442 38.9066
 443 5.7463
 444 7.6871
 445 4.3570
 446 11.5613
 447 8.5051
 448 7.8527
 449 1.3830
 450 5.5503
 451 19.1766
 452 5.3047
 453 12.1108
 454 3.5626
 455 1.7693
 456 9.1888
 457 3.8065
 458 3.9097
 459 6.2342
 460 0.7236
 461 1.3626
 462 3.8904
 463 6.3612
 464 4.9827
 465 31.2043
 466 3.7510
 467 1.8804
 468 4.4376
 469 0.3806
 470 3.1149
 471 3.1601
 472 1.5932
 473 18.2706
 474 1.6433
 475 0.9179
 476 17.7999
 477 1.4356
 478 24.3373
 479 7.2515
 480 18.3601
 481 4.7321
 482 0.9457
 483 0.8556
 484 2.7528
 485 1.1307
 486 5.3576
 487 4.0767
 488 10.4846
 489 1.7997
 490 21.9347
 491 20.2857
 492 2.0917
 493 16.9621
 494 5.8257
 495 4.6889
 496 18.6655
 497 0.5584
 498 0.7546
 499 5.6201
 500 2.5826
 501 7.4807
 502 5.1076
 503 2.9180
 504 3.1693
 505 11.6674
 506 12.6689
 507 5.3201
 508 0.7419
 509 2.5189
 510 20.7191
 511 2.9394
 512 7.1902
 513 4.3698
 514 9.1479
 515 3.5646
 516 9.3474
 517 13.6793
 518 2.3431
 519 3.9498
 520 4.9244
 521 2.0559
 522 3.2735
 523 4.4679
 524 2.4023
 525 16.1901
 526 3.4442
 527 19.8527
 528 3.0417
 529 0.2198
 530 2.1719
 531 1.6806
 532 2.7675
 533 5.0770
 534 0.8501
 535 4.2695
 536 1.4963
 537 9.4129
 538 5.3001
 539 2.6261
 540 1.4866
 541 15.4204
 542 1.4824
 543   NaN
 544 3.8853
 545 7.9311
 546 6.9632
 547 8.0811
 548 4.8603
 549 11.5313
 550 10.0655
 551 2.3902
 552 17.2312
 553 6.5816
 554 3.3903
 555 2.2948
 556 8.2618
 557 3.8231
 558 4.9993
 559 6.3228
 560 3.2908
 561 2.4820
 562 22.8734
 563 1.3668
 564 0.5978
 565 10.9069
 566 3.4748
 567 3.4392
 568 36.7631
 569 7.8752
 570 2.8304
 571 4.2117
 572 1.3044
 573 3.5967
 574 2.5950
 575 6.5843
 576 3.4109
 577 1.6568
 578 17.5050
 579 5.6633
 580 7.9745
 581 23.5570
 582 3.4468
 583 28.4746
 584 0.4456
 585 1.8771
 586 2.5482
 587 29.5723
 588 2.3676
 589 18.0313
 590 2.7582
 591 2.1915
 592 2.1727
 593 2.7976
 594 1.2221
 595 3.9556
 596 9.3561
 597 4.3625
 598 7.3058
 599 15.2162
 600 8.3471
 601 4.3405
 602 5.5773
 603 2.7622
 604 6.8850
 605 27.5121
 606 6.6128
 607 1.6623
 608 56.1013
 609 6.3253
 610 7.3214
 611 2.7788
 612 4.9920
 613 1.2721
 614 20.3375
 615 9.8047
 616 3.5689
 617 4.5902
 618 3.7715
 619 11.9649
 620 26.9429
 621 3.4122
 622 19.2646
 623 6.9645
 624 1.2677
 625 4.0494
 626 14.7030
 627 2.4840
 628 18.5264
 629 3.4864
 630 3.8927
 631 4.7208
 632 10.2143
 633 4.8773
 634 2.3283
 635 4.3427
 636 4.6774
 637 3.8340
 638   NaN
 639 1.5965
 640 5.9469
 641 2.7012
 642 8.3228
 643 1.8062
 644 4.6812
 645 4.0810
 646 1.2031
 647 3.9279
 648 3.1790
 649 10.1818
 650 10.5223
 651 12.9100
 652 3.2883
 653 5.5931
 654 2.4816
 655 2.0959
 656 33.7250
 657 18.4727
 658 4.2761
 659 2.2514
 660 4.3296
 661 2.8569
 662 50.3688
 663 1.9025
 664 11.5525
 665 12.2406
 666 1.4127
 667 15.6798
 668 6.7321
 669 1.8014
 670 42.7255
 671 23.6454
 672 9.6839
 673 4.6599
 674 1.3883
 675 2.0328
 676 33.3789
 677 10.6375
 678 21.3233
 679 1.8421
 680 17.5716
 681 13.0460
 682 7.4803
 683 0.3282
 684 1.2290
 685 26.2133
 686 15.5391
 687   NaN
 688 4.1655
 689 7.7648
 690 0.7713
 691 1.3863
 692 12.3631
 693 9.2880
 694 14.9688
 695 4.4058
 696 10.1839
 697 0.4436
 698 2.8543
 699 19.5736
 700 1.9437
 701 5.4531
 702 10.5849
 703 7.8034
 704 12.9105
 705 7.3306
 706 22.7816
 707 15.6925
 708 18.3223
 709 5.0218
 710 9.3414
 711 4.2617
 712 10.9086
 713 8.5738
 714 3.1359
 715 1.5129
 716 1.6869
 717 3.7473
 718 17.2227
 719 2.2325
 720 0.4362
 721 20.2388
 722 5.8305
 723 3.2134
 724 5.6798
 725 2.3007
 726 4.2495
 727 11.4337
 728 16.8258
 729 1.0005
 730 24.6520
 731 0.5202
 732 4.1218
 733 3.6835
 734 19.2880
 735 1.6161
 736 11.6276
 737 1.1961
 738 3.3706
 739 1.9412
 740 0.8036
 741 4.3222
 742 1.5656
 743 3.2101
 744 5.7012
 745 11.2526
 746 14.7011
 747 12.2219
 748 6.5004
 749 4.1149
 750 10.9002
 751 5.1186
 752 3.1951
 753 4.9764
 754 12.9895
 755 2.3452
 756 6.7919
 757 1.7333
 758 4.5986
 759 2.3308
 760 5.5151
 761 6.3854
 762 4.9711
 763 3.0437
 764 4.1383
 765 0.9505
 766 4.5495
 767 2.4196
 768 18.1008
 769 3.8065
 770 11.7123
 771 3.5541
 772 1.1921
 773 6.6509
 774 13.2693
 775 2.8623
 776 6.2966
 777 9.1577
 778 6.3662
 779 3.8381
 780 5.2568
 781 3.8281
 782 1.5772
 783 11.5089
 784 1.6399
 785 3.2629
 786 4.4582
 787 13.4459
 788 7.6793
 789 1.8057
 790 2.5718
 791 29.6036
 792 1.3572
 793 0.9502
 794 11.0187
 795 0.7523
 796 3.4145
 797 6.6738
 798 1.5032
 799 8.3492
 800   NaN
 801 3.0966
 802 14.4242
 803 0.9834
 804 2.8537
 805 16.7073
 806 2.9045
 807 3.8669
 808 3.7065
 809 12.9747
 810 0.6167
 811 6.3839
 812 3.4020
 813 7.6827
 814 2.0539
 815 3.0893
 816 2.3027
 817 4.3171
 818 3.1295
 819 9.1117
 820 7.7864
 821 1.4354
 822 1.3270
 823 50.2148
 824 10.1591
 825 1.3701
 826 4.5971
 827 11.8211
 828 0.4799
 829 7.7632
 830 4.6488
 831 4.5826
 832 4.9023
 833 2.1803
 834 12.4385
 835 3.2665
 836 3.9916
 837 3.1730
 838 3.4890
 839 3.3578
 840 5.0440
 841 2.9861
 842 7.1406
 843 1.9721
 844 2.2486
 845 1.1684
 846 2.9351
 847 2.4372
 848 17.4252
 849 19.1441
 850 5.1753
 851 1.1216
 852 5.3686
 853 6.0523
 854 13.0741
 855 6.9432
 856 4.3513
 857 4.5349
 858 2.6724
 859 12.7558
 860 0.2832
 861 1.7008
 862 9.9415
 863 2.4377
 864 13.1363
 865 9.3295
 866 1.9087
 867 1.4045
 868 4.3535
 869 3.1896
 870 9.8357
 871 30.5259
 872 3.5673
 873 4.4687
 874 0.2760
 875 9.1987
 876 25.9489
 877 3.8756
 878 1.1024
 879 11.9016
 880 3.3591
 881 3.5075
 882 3.9146
 883 2.4043
 884 4.9320
 885 2.5833
 886 1.3032
 887 3.1452
 888 2.8469
 889 18.7103
 890 15.0888
 891 12.5841
 892 2.5421
 893 2.8052
 894 23.1664
 895 3.1571
 896 14.7058
 897 3.7072
 898 1.3142
 899 1.3190
 900 8.9576
 901 6.0033
 902 4.0132
 903 7.7860
 904 6.8337
 905 3.1799
 906 7.1487
 907 7.9342
 908 8.6115
 909 14.8080
 910 1.9412
 911 9.4861
 912 2.7587
 913 13.3570
 914 5.8506
 915 10.7798
 916 4.7046
 917 3.4803
 918 9.7792
 919 14.9687
 920 10.5136
 921 1.1250
 922 4.2628
 923 9.3303
 924 3.6954
 925 4.2301
 926 20.8732
 927 1.3147
 928 7.7431
 929 8.0783
 930 4.5913
 931 0.4142
 932 3.3254
 933 0.4217
 934 18.6979
 935 1.3145
 936 2.4791
 937 1.2198
 938 2.0764
 939 6.9651
 940 4.2092
 941 11.9325
 942 6.6106
 943 1.0285
 944 2.6054
 945 2.3697
 946 23.0832
 947 0.8431
 948 8.0906
 949 5.4829
 950 3.9337
 951 1.0673
 952 2.8826
 953 17.7378
 954 0.9502
 955 6.9043
 956 10.6001
 957 0.9840
 958 8.6435
 959 5.7413
 960 45.7864
 961 4.4373
 962 36.8355
 963 4.8111
 964 3.7495
 965 11.3505
 966 1.8553
 967 2.2987
 968 1.0010
 969 8.9546
 970 7.1222
 971 4.2603
 972 5.6154
 973 0.9053
 974 16.8996
 975 10.4277
 976 4.0062
 977 1.3441
 978 24.8220
 979 4.7392
 980 10.0563
 981 2.8978
 982 4.0543
 983 2.1359
 984 7.3133
 985 7.6422
 986 6.3338
 987 21.0430
 988 10.9802
 989 2.5562
 990 1.7984
 991 5.0348
 992 0.7684
 993 17.6433
 994 2.8744
 995 6.8542
 996 1.0147
 997 16.0613
 998 17.4128
 999 4.9712
1000 21.6218
1001 0.2209
1002 5.9364
1003 6.6814
1004 4.4440
1005 1.1791
1006 9.5633
1007 5.5716
1008 10.2381
1009 8.2140
1010 3.6769
1011 8.2506
1012 3.2435
1013 13.7677
1014 2.6204
1015 4.9904
1016 14.5264
1017 5.2393
1018 2.6204
1019 2.1175
1020 11.7926
1021 2.1993
1022 1.8027
1023 3.7698
1024 3.5319
1025 2.4350
1026 15.6341
1027 1.9323
1028 6.1277
1029 3.3771
1030 7.5757
1031 3.6042
1032 3.2240
1033 7.6355
1034 10.7245
1035 8.5871
1036 5.5818
1037 24.8642
1038 2.2155
1039 6.4658
1040 11.7645
1041 1.2346
1042 3.8241
1043 2.7076
1044 2.5181
1045 0.8314
1046 1.5632
1047 5.7630
1048 0.6848
1049 14.7903
1050 4.7968
1051 7.0458
1052 2.9274
1053 1.5915
1054 6.7598
1055 2.1323
1056 27.9425
1057 2.6300
1058 5.6729
1059 17.9645
1060 2.2025
1061 20.5607
1062 2.0528
1063 1.4084
1064 3.5137
1065 4.3214
1066 7.6365
1067 1.5513
1068 6.5235
1069 3.0610
1070 3.9474
1071 12.8255
1072 7.6735
1073 3.2247
1074 3.0967
1075 1.4677
1076 1.5381
1077 1.2502
1078 2.6597
1079 4.3717
1080 8.3342
1081 0.5964
1082 5.2745
1083 4.1684
1084 1.2036
1085 3.3769
1086 3.3710
1087 4.7301
1088 1.1324
1089 17.7161
1090 2.7630
1091 12.0188
1092 4.1681
1093 16.8921
1094 8.3812
1095 0.3409
1096 2.5192
1097 1.6726
1098 5.6185
1099 6.6570
1100 15.4877
1101 4.6139
1102 1.4981
1103 1.9092
1104 8.4375
1105 2.0452
1106 1.9269
1107 0.4109
1108   NaN
1109 4.7628
1110 0.4876
1111 10.4718
1112 26.7091
1113 2.1872
1114 13.1394
1115 1.6131
1116 7.7450
1117 10.3299
1118 2.3299
1119 10.8221
1120 0.5904
1121 4.0103
1122 2.6451
1123 5.1229
1124 9.7387
1125 1.4236
1126 4.9823
1127 19.0400
1128 4.9966
1129 25.8441
1130 1.3297
1131 6.4813
1132 4.5045
1133 12.0316
1134 2.0288
1135 4.0285
1136 2.8031
1137 8.6723
1138 11.3045
1139 1.2761
1140 1.6211
1141 2.5677
1142 9.9317
1143 5.2233
1144 3.5557
1145 4.8113
1146 2.3002
1147 9.4609
1148 0.9681
1149 8.1235
1150 2.1431
1151 3.2664
1152 5.7088
1153 3.9021
1154 4.9606
1155 4.2436
1156 11.1821
1157 6.3934
1158 9.6631
1159 19.6597
1160 3.2872
1161 3.1155
1162 26.5286
1163 1.1547
1164 8.9944
1165 0.8463
1166 1.9991
1167 12.4414
1168 7.5580
1169 1.3971
1170 6.4963
1171 4.5411
1172 5.5542
1173 2.0558
1174 4.2827
1175 5.6562
1176 2.8390
1177 2.1943
1178 8.7692
1179 8.5302
1180 11.1143
1181 2.5599
1182 1.7298
1183 1.1994
1184 13.2090
1185 1.0701
1186 2.6577
1187 4.1886
1188 7.3159
1189 5.1621
1190 2.3848
1191 4.5565
1192 1.7680
1193 3.4975
1194 10.3019
1195 5.3554
1196 1.3928
1197 8.9780
1198 26.8140
1199 3.6167
1200 5.9529
1201 2.9339
1202 2.0205
1203 3.1339
1204 0.5587
1205 4.4645
1206 9.2795
1207 5.7339
1208 9.2125
1209 15.9513
1210 3.1239
1211 2.8298
1212 24.4114
1213 16.6111
1214 14.3296
1215 3.8431
1216 6.3535
1217 3.9076
1218 24.9492
1219 2.4859
1220 1.5601
1221 1.6559
1222 4.8600
1223 5.6602
1224 4.7473
1225 1.5936
1226 18.3144
1227 16.3688
1228 7.7274
1229 6.6501
1230 2.9837
1231 2.9354
1232 7.4502
1233 3.2225
1234 7.8830
1235 19.1973
1236 6.4329
1237 5.9030
1238 1.3104
1239 1.4307
1240 2.2099
1241 12.8648
1242 6.2128
1243 17.5322
1244 25.7828
1245 7.7417
1246 2.6374
1247 6.5623
1248 11.8616
1249 10.2491
1250 6.6245
1251 9.6514
1252 6.0069
1253 4.6385
1254 15.7196
1255 2.4365
1256 2.1671
1257 2.7808
1258 3.8822
1259 9.7258
1260 5.0538
1261 1.5502
1262 2.3814
1263 12.5923
1264 10.1456
1265 1.6072
1266 7.1550
1267 2.8336
1268 16.9149
1269 5.2864
1270 0.5432
1271 5.0034
1272 1.4168
1273 1.1600
1274 5.9093
1275 6.8952
1276 8.5147
1277 1.2062
1278 2.4125
1279 12.8367
1280 4.0923
1281 7.6588
1282 1.1156
1283 7.4918
1284 4.8986
1285 6.0552
1286 16.0657
1287 19.3130
1288 2.8447
1289 3.8851
1290 1.7638
1291 16.0698
1292 1.5378
1293 4.9275
1294 5.3629
1295 7.5279
1296   NaN
1297 4.5069
1298 10.0187
1299 2.4186
1300 2.1129
1301 1.3292
1302 26.7422
1303 21.1687
1304 2.1637
1305 5.9910
1306 3.5536
1307 3.2352
1308 2.7350
1309 11.0994
1310 2.7601
1311 2.6101
1312 20.3402
1313 14.2255
1314 2.5101
1315 17.2251
1316 4.3470
1317 2.6341
1318 3.9884
1319 3.7346
1320 1.5579
1321 3.2229
1322 4.6729
1323 3.9035
1324 3.7672
1325 24.4406
1326 9.9333
1327 2.3526
1328 4.5683
1329 13.1621
1330 3.9198
1331 2.3517
1332 1.3128
1333 1.0342
1334 7.8046
1335 9.6682
1336 8.0810
1337 2.5906
1338 2.2187
1339 3.4111
1340 29.8182
1341 13.1552
1342 7.5608
1343 35.8378
1344 8.8127
1345 3.7989
1346 8.7074
1347 1.2359
1348 4.8187
1349 27.5924
1350 1.3428
1351 1.3130
1352 7.7374
1353 6.1684
1354 1.3632
1355 8.4014
1356 12.3331
1357 8.7038
1358 6.2453
1359 0.7406
1360 2.6815
1361 10.6186
1362 2.6868
1363 7.0970
1364 2.1218
1365 10.0810
1366 4.0972
1367 0.7346
1368 2.3497
1369 9.8505
1370 3.2647
1371 4.3613
1372 3.8987
1373   NaN
1374 10.2305
1375 7.5466
1376 8.2786
1377 17.5169
1378 2.0700
1379 3.3233
1380 3.1152
1381 6.5580
1382 3.5004
1383 1.5494
1384 4.2387
1385 8.3648
1386 3.0374
1387 6.3743
1388 2.1268
1389 2.5929
1390 2.3813
1391 1.0261
1392 17.7166
1393 3.3617
1394 1.9652
1395 1.9758
1396 5.1441
1397 6.7317
1398 9.2236
1399 2.6140
1400 6.4199
1401 12.1415
1402 6.4389
1403 3.7873
1404 8.4369
1405 21.5887
1406 2.9813
1407 4.2820
1408 0.5853
1409 1.9285
1410 9.1241
1411 17.2557
1412 19.2665
1413 3.4379
1414 3.2332
1415 1.3518
1416 4.6606
1417 2.9803
1418 0.6056
1419 2.9423
1420 6.1668
1421 14.6904
1422 6.3175
1423 1.3943
1424 4.9698
1425 14.8920
1426 6.7109
1427 12.2113
1428 0.7446
1429 3.4194
1430 1.2368
1431 11.3370
1432 12.8799
1433 14.4826
1434 3.6697
1435 7.4747
1436 3.1389
1437 1.3315
1438 5.1855
1439 5.9244
1440 2.1650
1441 3.0633
1442 0.4993
1443 14.9348
1444 21.2960
1445 3.4197
1446 18.4779
1447 25.1974
1448 5.0042
1449 8.0288
1450 2.4967
1451 15.8577
1452 11.9973
1453 3.2155
1454 1.6404
1455 6.6299
1456 4.8344
1457 23.8471
1458 12.1499
1459 21.6276
1460 4.9287
1461 13.3374
1462 10.5250
1463 5.5890
1464 2.4768
1465 0.5203
1466 4.2669
1467 23.5664
1468 20.1509
1469 15.0900
1470 5.7541
1471 6.9499
1472 6.5042
1473 7.9342
1474 5.5309
1475 5.0838
1476 8.3038
1477 6.5602
1478 4.0728
1479 2.6082
1480 1.4223
1481 27.3844
1482 9.3825
1483 1.3354
1484 5.8886
1485 5.4220
1486 17.9329
1487 6.7838
1488 4.0476
1489 6.9934
1490 2.0541
1491 0.9334
1492 3.6357
1493 5.8963
1494 14.3189
1495 16.4090
1496 6.9115
1497 1.8922
1498 2.9431
1499 9.9581
1500 1.7870
1501 7.7254
1502 5.1920
1503 3.2825
1504 12.8384
1505 16.4251
1506 4.0985
1507 14.9886
1508 2.2609
1509 4.8282
1510 6.4160
1511 5.4377
1512 6.4914
1513 17.5778
1514 2.1520
1515 10.4944
1516 14.5520
1517 2.3594
1518 5.4339
1519 10.9122
1520 11.4527
1521 2.2608
1522 1.6846
1523 13.7287
1524 7.8199
1525 1.4784
1526 2.1170
1527 7.2161
1528 4.8075
1529 2.3930
1530 0.6964
1531 5.3129
1532 3.1245
1533 17.5707
1534 1.0969
1535 12.4566
1536 5.1398
1537 6.8932
1538 1.9305
1539 3.3648
1540 2.9795
1541 3.3945
1542 2.8455
1543 12.8803
1544 5.8516
1545 0.9120
1546 1.8285
1547 0.9792
1548 5.4308
1549 15.4739
1550 6.0705
1551 4.3113
1552 7.7885
1553 1.2363
1554 14.6878
1555 3.3520
1556 2.7860
1557 6.3421
1558 2.0583
1559 1.8375
1560 8.9831
1561 5.6197
1562 12.8587
1563 7.9725
1564 1.8159
1565 2.7228
1566 3.5396
1567 2.6297
1568 5.7754
1569 1.5975
1570 4.2914
1571 4.8276
1572 7.4260
1573 28.3018
1574 1.3529
1575 7.3215
1576 7.3605
1577 6.3782
1578 0.6432
1579 4.1539
1580 1.5028
1581 4.1373
1582 27.8557
1583 3.8025
1584 1.8184
1585 1.7761
1586 3.4942
1587 4.1113
1588 2.0190
1589 14.2727
1590 6.8855
1591 4.7738
1592 0.4897
1593 7.8249
1594 11.1396
1595 6.1341
1596 6.0493
1597 3.9639
1598 2.4095
1599 16.5744
1600 2.1045
1601 0.7384
1602 2.5036
1603 0.8514
1604 3.7361
1605 2.6067
1606 3.2697
1607 15.5036
1608 0.8544
1609 3.1207
1610 2.3433
1611 19.5887
1612 2.9037
1613 4.5542
1614 6.3095
1615 21.2502
1616 3.4845
1617 1.5389
1618 8.5247
1619 2.1125
1620 1.5981
1621 22.0692
1622 0.7054
1623 13.1187
1624 1.2794
1625 0.8543
1626 2.8021
1627 18.8536
1628 41.6539
1629 6.5816
1630 3.1037
1631 0.6063
1632 7.2611
1633 4.4306
1634 2.0866
1635 17.5530
1636 11.3886
1637 2.5010
1638 21.0994
1639 14.9050
1640 1.5201
1641 0.5976
1642 10.9833
1643 2.0923
1644 1.6483
1645 2.7202
1646 1.0467
1647 6.7285
1648 3.0479
1649 2.9222
1650 6.7479
1651 2.5391
1652 5.3133
1653 21.8389
1654 0.9939
1655 7.2825
1656 12.1974
1657 2.3739
1658 1.0759
1659 1.8875
1660 4.9392
1661 8.7899
1662 2.2904
1663 11.2998
1664 17.4667
1665 4.3688
1666 4.4715
1667 7.0780
1668 1.2212
1669 3.8707
1670 6.8886
1671 20.1445
1672 3.8657
1673 5.5140
1674 2.9734
1675 1.7386
1676 8.1976
1677 2.4798
1678 3.3912
1679 7.8567
1680 12.6615
1681 8.7352
1682 5.8756
1683 4.0895
1684 13.2961
1685 18.2609
1686 1.8941
1687 8.9327
1688 30.0617
1689 17.2681
1690 6.8429
1691 6.2769
1692 1.7019
1693 1.6200
1694 0.8806
1695 8.0463
1696 2.1857
1697 2.2373
1698 11.3434
1699 5.9787
1700 3.1361
1701 18.7912
1702 12.6828
1703 10.3484
1704 4.1423
1705 2.7418
1706 2.7881
1707 8.2300
1708 7.2806
1709 4.7403
1710 1.6457
1711 1.6450
1712 1.5443
1713 6.1163
1714 7.4025
1715 0.5635
1716 9.5493
1717 1.0259
1718 7.9929
1719 6.8876
1720 2.6913
1721 9.2542
1722 9.8970
1723 9.2221
1724 3.2240
1725 1.6929
1726 3.3139
1727 10.6857
1728 22.3035
1729 1.7902
1730 4.9013
1731 3.9865
1732 2.1333
1733 0.3506
1734 3.3000
1735 2.7329
1736 1.2439
1737 7.2124
1738 6.0131
1739 6.7507
1740 1.5841
1741 7.9049
1742 4.6676
1743 4.9019
1744 1.2363
1745 1.5367
1746 5.7534
1747 7.6750
1748 4.2347
1749 3.7740
1750 3.9106
1751 3.1415
1752 4.3461
1753 5.2564
1754 3.5834
1755 2.6263
1756 6.3755
1757 16.6425
1758 8.4029
1759 8.7024
1760 21.3051
1761 5.6827
1762 7.9721
1763 13.6348
1764 19.8024
1765 2.9149
1766 10.6389
1767 3.1168
1768 5.9242
1769 3.7247
1770 5.7118
1771 4.5702
1772 14.2390
1773 1.6253
1774 8.2650
1775 9.3600
1776 7.1381
1777 2.9676
1778 26.2314
1779 18.0387
1780 8.9012
1781 4.6258
1782 1.1904
1783 0.9662
1784 1.8827
1785 1.1375
1786 3.8273
1787 7.0319
1788 1.2261
1789 3.2162
1790 1.7632
1791 20.4193
1792 11.8141
1793 2.7135
1794 1.5930
1795 1.4751
1796 6.5318
1797 9.1754
1798 14.7282
1799 8.6338
1800 1.1722
1801 7.8459
1802 2.6079
1803 1.3869
1804 4.6363
1805 7.3576
1806 3.3334
1807 11.6364
1808 8.0890
1809 4.6742
1810 6.3384
1811 9.0524
1812 4.5254
1813 4.8506
1814 2.7195
1815 2.7389
1816 0.9139
1817 7.6251
1818 18.7932
1819 1.2386
1820 6.6656
1821 5.2903
1822 4.0552
1823 3.3617
1824 18.5924
1825 3.9072
1826 2.9095
1827 3.0435
1828 1.5266
1829 6.4476
1830 4.6853
1831 1.7312
1832 7.3311
1833 10.2664
1834 3.3372
1835 7.2442
1836 3.7612
1837 5.0384
1838 12.4854
1839 0.4232
1840 19.0747
1841 3.2605
1842 3.3616
1843 7.5690
1844 2.8610
1845 1.4524
1846 1.4088
1847 2.9412
1848 5.3948
1849 5.6478
1850 2.6931
1851 5.3646
1852 4.6183
1853 2.4626
1854 2.9505
1855 3.1799
1856 12.7466
1857 1.7042
1858 3.2620
1859 2.1214
1860 1.1729
1861 2.7356
1862 3.6395
1863 4.0227
1864 19.0187
1865 1.9128
1866 4.7220
1867 7.9483
1868 5.0680
1869 5.5838
1870 4.3489
1871 7.4372
1872 8.7837
1873 2.0729
1874 2.7233
1875 4.2335
1876 10.5108
1877 3.8153
1878 1.3494
1879 0.7369
1880 11.8738
1881 4.2984
1882 4.1453
1883 7.9693
1884 1.3767
1885 6.2437
1886 5.0768
1887 7.2296
1888 4.7969
1889 2.9170
1890 0.3524
1891 8.2267
1892 2.6881
1893 4.9510
1894 2.9374
1895 2.9266
1896 9.8402
1897 1.4489
1898 9.4416
1899 1.1952
1900 1.9240
1901 1.4909
1902 2.2443
1903 2.8748
1904 8.4698
1905 9.4987
1906 21.8000
1907 4.2386
1908 15.8637
1909 4.8934
1910 2.1302
1911 3.2136
1912 1.8923
1913 10.8274
1914 2.3810
1915 10.0378
1916 0.8469
1917 8.2284
1918 9.5604
1919 5.7370
1920 3.8685
1921 5.4434
1922 1.1967
1923 20.5548
1924 1.7892
1925 1.9984
1926 3.4780
1927 9.4665
1928 1.6389
1929 4.8894
1930 0.5246
1931 9.8117
1932 5.8000
1933 7.9707
1934 1.3610
1935 6.9880
1936 5.6221
1937 3.1289
1938 2.7500
1939 13.4262
1940 5.0476
1941 2.5909
1942 6.7426
1943 8.7764
1944 5.6589
1945 4.9799
1946 13.3015
1947 7.8476
1948 5.9458
1949 3.3088
1950 22.7517
1951 3.2482
1952 8.7470
1953 4.4565
1954 23.3597
1955 1.6752
1956 1.5337
1957 3.5139
1958 3.3427
1959 4.4821
1960 2.6564
1961 2.0337
1962 5.4431
1963 4.4742
1964 6.6559
1965 18.2247
1966 7.3277
1967 4.1291
1968 13.4937
1969 2.5724
1970 2.8920
1971 20.2577
1972 7.4468
1973 2.8016
1974 2.0699
1975 7.5863
1976 3.0427
1977 5.9984
1978 8.4008
1979 3.6748
1980 1.5887
1981 12.1018
1982 6.1736
1983 5.0262
1984 2.2186
1985 3.8245
1986 3.2348
1987 12.1838
1988 1.3034
1989 2.9032
1990 1.6002
1991 3.8130
1992 22.0025
1993 5.0265
1994 18.1456
1995 14.6384
1996 1.5412
1997 1.4391
1998 23.6651
1999 5.0817
2000 5.4257
2001 2.3840
2002 1.9424
2003 9.5947
2004 6.3141
2005 1.1217
2006 3.2977
2007 4.4373
2008 22.7239
2009 18.6378
2010 3.2570
2011 3.6572
2012 10.1371
2013 8.5555
2014 2.9801
2015 14.2227
2016 2.5460
2017 4.3666
2018 0.9417
2019 1.8354
2020 1.6066
2021 0.4028
2022 4.7649
2023 7.3656
2024 20.1272
2025 8.4107
2026 12.8964
2027 2.3700
2028 4.6509
2029 3.6076
2030 15.8036
2031 3.4471
2032 4.3657
2033 7.5883
2034 18.4148
2035 10.9779
2036 1.4054
2037 4.1444
2038 2.7825
2039 1.4619
2040 3.2689
2041 2.7242
2042 9.5846
2043 2.8382
2044 1.8130
2045 6.7347
2046 19.0909
2047 12.7598
2048 0.8625
2049 34.1142
2050 7.9521
2051 14.7513
2052 1.3534
2053 1.3785
2054 1.3262
2055 1.8310
2056 2.8760
2057 4.5126
2058 0.9283
2059 5.8482
2060 10.8800
2061 9.8340
2062 6.1535
2063 1.1763
2064 2.2955
2065 7.9827
2066 3.9962
2067 26.2826
2068 15.3678
2069 2.2100
2070 1.9973
2071 1.5412
2072 5.1644
2073 1.6259
2074 19.9880
2075 4.1471
2076 2.0063
2077 12.9503
2078 7.4668
2079 2.7319
2080 8.8130
2081 1.4821
2082 4.2965
2083 5.1711
2084 8.7887
2085 2.0974
2086 2.2257
2087 19.0664
2088 16.8159
2089 4.9743
2090 7.0224
2091 9.7356
2092 4.0521
2093 4.2114
2094 25.9822
2095 10.2441
2096 2.5038
2097 1.7188
2098 1.7332
2099 3.6687
2100 3.0885
2101 1.5566
2102 4.2266
2103 6.4679
2104 1.0344
2105 3.7977
2106 4.3159
2107 9.1933
2108 7.9251
2109 12.2098
2110 5.1597
2111 23.3664
2112 0.8356
2113 1.8122
2114 1.3699
2115 23.1772
2116 5.0879
2117 2.5279
2118 1.8962
2119 2.6874
2120 5.8168
2121 4.7823
2122 5.3698
2123 0.8904
2124 11.4767
2125 4.0157
2126 5.1461
2127 2.4957
2128 3.4128
2129 7.5128
2130 6.0692
2131 1.9232
2132 3.2969
2133 11.3654
2134 9.7489
2135 1.3697
2136 4.5084
2137 17.7048
2138 10.3535
2139 7.5815
2140 1.6873
2141 21.8674
2142 3.6983
2143 11.2886
2144 27.8552
2145 5.4851
2146 18.5776
2147 4.1724
2148 5.2605
2149 22.4799
2150 6.2139
2151 22.9696
2152 17.2254
2153 27.7037
2154 1.5843
2155 18.6859
2156 25.9402
2157 2.0047
2158 3.3242
2159 1.8448
2160 3.2905
2161 2.9871
2162 23.6931
2163 17.5606
2164 3.4001
2165 2.9267
2166 8.5661
2167 7.3494
2168 8.2812
2169 1.5236
2170 2.6656
2171 2.7422
2172 5.6387
2173 5.1155
2174 3.9999
2175 6.4802
2176 5.0737
2177 10.6763
2178 2.5935
2179 3.2124
2180 4.2418
2181 1.2468
2182 3.9579
2183 3.1378
2184 23.7044
2185 2.0896
2186 25.0061
2187 3.1857
2188 2.0270
2189 2.0521
2190 1.4152
2191 2.7635
2192 2.3091
2193 7.0773
2194 6.7096
2195 19.3660
2196 4.8671
2197 6.0875
2198 1.7521
2199 11.7162
2200 1.0388
2201 7.3628
2202 4.8163
2203 5.8772
2204 1.4251
2205 5.9585
2206 3.1528
2207 3.6185
2208 6.4998
2209 23.0632
2210 13.0881
2211 6.2104
2212 25.1824
2213 13.4900
2214 10.6394
2215 4.1651
2216 7.4981
2217 17.4756
2218 5.6156
2219 26.9504
2220 4.8410
2221 2.9890
2222 6.0482
2223 10.2017
2224 3.5521
2225 3.7839
2226 2.9816
2227 20.3477
2228 8.6578
2229 1.2878
2230 2.5902
2231 12.5992
2232 1.2442
2233 3.5164
2234 7.0687
2235 3.7811
2236 2.6070
2237 1.5075
2238 4.1261
2239 2.4785
2240 21.8194
2241 44.3358
2242 9.1976
2243 1.1771
2244 16.3028
2245 2.9778
2246 4.3527
2247 9.5900
2248 24.2204
2249 1.2398
2250 3.7087
2251 8.3885
2252 4.3045
2253 1.7429
2254 12.4636
2255 4.9990
2256 25.9363
2257 4.5409
2258 9.1996
2259 17.0515
2260 8.4293
2261 3.4100
2262 3.3605
2263 6.5026
2264 3.9107
2265 10.5897
2266 7.4484
2267 7.0119
2268 8.2347
2269 2.9360
2270 0.2418
2271 1.7120
2272 3.5189
2273 12.0511
2274 6.3325
2275 3.3228
2276 4.9738
2277 6.1709
2278 1.1627
2279 5.8543
2280 3.6853
2281 2.9758
2282 3.2952
2283 3.2628
2284 1.7291
2285 8.8343
2286 10.6152
2287 10.4183
2288 6.1062
2289 2.0479
2290 9.5650
2291 9.5433
2292 5.1701
2293 19.7275
2294 1.1532
2295 4.3830
2296 5.5790
2297 8.0028
2298 10.4974
2299 2.3383
2300 17.6524
2301 12.3530
2302 8.7791
2303 2.5067
2304 5.0101
2305 2.4820
2306 1.3827
2307 10.3665
2308 2.3564
2309 7.7665
2310 2.8506
2311 3.6629
2312 5.9702
2313 8.4502
2314 3.1929
2315 2.2202
2316 12.7469
2317 2.5742
2318 9.8353
2319 1.7234
2320 25.8047
2321 3.8125
2322 17.7089
2323 7.8700
2324 10.4938
2325 5.5802
2326 8.8953
2327 4.7440
2328 15.2331
2329 28.0833
2330 15.8367
2331 6.5179
2332 5.6907
2333 19.2969
2334 1.3635
2335 4.8647
2336 22.5737
2337 13.2016
2338 9.7000
2339 19.5611
2340 3.2030
2341 16.5116
2342 2.3743
2343 1.7066
2344 2.3530
2345 2.6803
2346 4.1236
2347 0.3290
2348 5.6084
2349 4.4552
2350 0.9429
2351 1.4820
2352 4.4930
2353 2.2652
2354 10.0555
2355 12.4012
2356 17.5169
2357 30.4941
2358 0.3930
2359 1.1822
2360 6.7236
2361 8.8259
2362 8.0874
2363 10.6611
2364 3.3207
2365 4.0983
2366 3.1485
2367 3.6449
2368 17.1416
2369 11.1123
2370 6.7080
2371 0.9569
2372 1.4212
2373 1.9333
2374 4.9417
2375 2.2438
2376 12.5798
2377 14.0038
2378 2.0763
2379 7.4256
2380 6.9278
2381 23.2365
2382 0.4771
2383 11.6396
2384 6.3874
2385 0.9983
2386 6.3010
2387 1.6956
2388 2.6564
2389 2.5470
2390 35.2119
2391 7.4443
2392 5.7662
2393 4.9151
2394 2.7018
2395 6.4948
2396 3.8729
2397 1.2901
2398 2.6003
2399 0.4305
2400 10.9644
2401 6.4423
2402 2.9710
2403 5.0792
2404 4.8688
2405 1.6717
2406 1.3623
2407 1.9262
2408 17.5679
2409 4.8495
2410 3.9562
2411 7.9341
2412 1.7681
2413 1.4822
2414 1.0227
2415 5.3259
2416 0.7307
2417 14.5237
2418 6.8858
2419 5.8525
2420 2.4269
2421 2.4318
2422 18.3347
2423 1.9938
2424 1.0904
2425 6.2002
2426 6.7558
2427 1.1018
2428 7.7846
2429 2.2109
2430 0.7134
2431 1.1332
2432 3.3645
2433 3.1315
2434 21.8013
2435 0.9974
2436 18.4200
2437 17.6405
2438 4.0127
2439 18.7651
2440 5.3374
2441 1.4424
2442 10.0200
2443 3.1185
2444 5.2660
2445 4.5296
2446 10.4162
2447 2.0272
2448 5.1846
2449 1.4724
2450 3.0236
2451 1.9266
2452 4.8149
2453 7.3483
2454 9.5257
2455 1.2609
2456 8.7597
2457 6.4373
2458 2.2738
2459 3.6191
2460 1.8874
2461 2.1154
2462 3.7525
2463 3.0293
2464 5.1201
2465 17.0021
2466 1.1987
2467 4.5187
2468 1.2129
2469 5.4113
2470 2.6574
2471 1.1059
2472 16.0757
2473 6.1653
2474 7.3672
2475 2.7130
2476 3.2608
2477 8.0431
2478 10.4514
2479 3.9285
2480 9.5455
2481 12.2174
2482 6.2021
2483 3.6475
2484 18.9488
2485 13.7210
2486 5.6425
2487 3.9015
2488 6.1785
2489 18.7378
2490 0.8938
2491 15.7270
2492 1.4381
2493 2.1495
2494 2.0709
2495 5.1593
2496 1.5063
2497 6.2044
2498 3.8274
2499 19.6557
2500 10.0943
