   1 0.3839
   2 1.2238
   3 0.3257
   4 0.4444
   5 0.6514
   6 1.2157
   7 1.8725
   8 1.5580
   9 0.5694
  10 0.5764
  11 0.8262
  12 0.4200
  13 1.4476
  14 0.5355
  15 1.2932
  16 0.4933
  17 3.1849
  18 0.5118
  19 1.8136
  20 1.9418
  21 1.2279
  22 2.2584
  23 0.2602
  24 0.4038
  25 1.4929
  26 0.1735
  27 0.5307
  28 0.3348
  29 1.3887
  30 3.0751
  31 1.6070
  32 0.9087
  33 0.6357
  34 4.0132
  35 0.6115
  36 1.7294
  37   NaN
  38 0.6905
  39 0.3780
  40 3.1396
  41 2.0670
  42 0.4561
  43 0.4066
  44 3.1819
  45 0.3054
  46 5.1644
  47 0.2890
  48 0.6157
  49 0.5673
  50 0.6942
  51 0.1777
  52 0.7267
  53 9.0606
  54 0.4160
  55 0.3292
  56 0.6244
  57 2.5753
  58 1.1368
  59 0.6035
  60 1.1627
  61 6.0206
  62 0.3586
  63 1.4485
  64 0.4966
  65 0.9819
  66 1.0329
  67 1.0337
  68 0.6839
  69 1.5032
  70 0.2667
  71 0.5906
  72 2.3803
  73 0.6070
  74 1.8049
  75 3.6426
  76 1.1074
  77 0.5348
  78 11.6346
  79 0.7843
  80 3.1485
  81 0.6626
  82 2.4271
  83 4.7049
  84 2.3986
  85 3.4464
  86 0.2755
  87 0.5950
  88 1.5189
  89 0.2652
  90 0.3284
  91 0.7032
  92 0.4174
  93 0.8657
  94 0.5045
  95 1.0381
  96 0.5539
  97 0.2375
  98 1.4100
  99 0.7119
 100 1.1955
 101 0.8042
 102 1.2045
 103 2.0800
 104 1.9104
 105 1.1712
 106 1.9073
 107 1.2541
 108 0.9725
 109 3.5221
 110 0.5831
 111 0.3952
 112 0.5761
 113 0.7768
 114 0.2786
 115 0.8791
 116 0.9233
 117 0.9811
 118 0.4393
 119 0.8627
 120 1.5948
 121 5.2301
 122 0.4933
 123 0.7445
 124 2.4016
 125 0.4832
 126 0.4514
 127 2.1786
 128 1.3737
 129 0.3346
 130 0.6735
 131 2.0930
 132 0.8134
 133 0.4138
 134 0.4658
 135 1.8291
 136 0.8875
 137 2.1554
 138 0.1836
 139 0.3373
 140 0.5038
 141 2.2453
 142 0.6385
 143 0.4217
 144 0.7725
 145 1.4363
 146 0.9678
 147 0.5372
 148 1.7163
 149 0.4365
 150 0.9636
 151 0.3342
 152 0.1513
 153 3.1467
 154 2.4250
 155 4.0727
 156 0.9091
 157 0.3352
 158 0.5892
 159 0.4415
 160 1.0828
 161 4.2353
 162 1.1600
 163 0.4565
 164 1.2229
 165 1.9664
 166 0.2972
 167 1.5461
 168   NaN
 169 2.3426
 170 0.7301
 171 0.6813
 172 0.3369
 173 1.5846
 174 0.9921
 175 0.5091
 176 3.9694
 177 2.9216
 178 0.5192
 179 1.6218
 180 0.6991
 181 0.3787
 182 0.9570
 183 0.6504
 184 2.7789
 185 0.3402
 186 0.3704
 187 1.5765
 188 1.5703
 189 2.1347
 190 4.0887
 191 3.3066
 192 0.2838
 193 1.6470
 194   NaN
 195 1.8855
 196 1.4772
 197 0.6610
 198 0.3691
 199 1.3270
 200 2.1470
 201 4.2392
 202 0.3928
 203 0.5170
 204 6.0100
 205 8.0245
 206 2.6823
 207 0.6651
 208 0.7355
 209 0.4128
 210 2.0208
 211 0.4805
 212 0.7384
 213 3.3334
 214 1.6584
 215 0.5804
 216 1.2190
 217 1.0342
 218 1.1025
 219 2.7449
 220 0.9540
 221 2.3043
 222 0.4640
 223 1.6331
 224 0.3569
 225 0.5281
 226 2.8122
 227 1.5957
 228 1.5313
 229 0.6982
 230 1.5152
 231 0.1740
 232 0.5540
 233 3.0578
 234 0.2387
 235 1.7871
 236 1.9073
 237 6.0705
 238 2.2708
 239 1.1224
 240 3.3045
 241 1.4160
 242 0.5541
 243 2.8858
 244 0.4957
 245 2.6216
 246 0.8330
 247 0.4228
 248 0.8280
 249 0.4330
 250 0.8820
 251 1.8641
 252 0.5053
 253 0.2872
 254 3.7697
 255 0.9013
 256 2.2371
 257 1.3362
 258 1.2077
 259 0.3175
 260 0.3567
 261 1.0165
 262 1.7503
 263 2.6749
 264 1.6713
 265 4.7223
 266 6.1554
 267 1.1960
 268 1.3971
 269 1.1410
 270 8.0076
 271 0.6885
 272 1.1738
 273 0.4952
 274 0.9961
 275 0.3815
 276 0.8968
 277 1.9582
 278 1.3215
 279 5.9101
 280 2.3657
 281 0.6032
 282 2.0981
 283 2.3765
 284 0.6714
 285 1.5675
 286 0.2663
 287 1.0318
 288 1.4047
 289 0.4536
 290 1.1836
 291 0.8723
 292 0.4013
 293 1.7013
 294 2.9827
 295 0.5396
 296 1.2274
 297 0.7810
 298 1.5346
 299 0.5892
 300 0.4100
 301 0.3690
 302 0.5240
 303 0.4232
 304 1.5133
 305 0.1388
 306 3.0059
 307 2.2115
 308 1.4344
 309 0.7649
 310 0.5114
 311 0.8985
 312 0.4046
 313 0.5193
 314 0.8340
 315 0.3534
 316 1.7105
 317 0.3962
 318 3.3722
 319 1.2900
 320 0.9709
 321 1.4577
 322 7.2791
 323 0.7607
 324 0.4119
 325 2.4076
 326 0.2320
 327 1.0501
 328 0.9187
 329 0.1997
 330 0.4346
 331 0.8123
 332 2.1028
 333 0.9742
 334 0.3750
 335 0.6325
 336 1.5744
 337 0.2917
 338 0.3498
 339 1.9597
 340 1.6898
 341 2.5244
 342 0.3838
 343 1.5540
 344 1.8029
 345 0.7552
 346 3.0937
 347 2.0239
 348 1.2873
 349 0.3015
 350 0.1959
 351 0.4261
 352 1.9389
 353 2.5114
 354 0.9745
 355 1.8757
 356 0.4693
 357 0.8061
 358 1.3964
 359 0.3314
 360 0.3958
 361 0.6629
 362 1.4790
 363 1.1287
 364 1.9037
 365 3.1300
 366 1.4068
 367 0.3212
 368 1.1382
 369 1.2130
 370 0.2658
 371 1.1574
 372 1.3902
 373 0.7534
 374 0.8075
 375 1.2022
 376 0.5316
 377 6.4016
 378 11.6904
 379 3.4836
 380 0.2633
 381 0.3805
 382 0.5796
 383 1.1181
 384 0.7345
 385 0.5116
 386 0.5302
 387 1.2378
 388 0.7897
 389 5.2957
 390 1.0694
 391 0.4019
 392 2.8059
 393 3.6042
 394 0.4350
 395 1.0313
 396 4.8652
 397 0.2141
 398 1.3280
 399 0.4699
 400 2.4693
 401 1.5228
 402 0.2933
 403 1.8076
 404 0.1333
 405 1.2806
 406 1.0428
 407 2.1465
 408 0.7355
 409 1.4235
 410 1.2437
 411 0.6427
 412 0.4248
 413 4.8516
 414 2.1775
 415 0.8244
 416 0.3072
 417   NaN
 418 0.8182
 419 0.5264
 420 2.7178
 421 0.6241
 422 0.7586
 423 0.2511
 424 1.0666
 425 0.1757
 426 1.1600
 427 1.5375
 428 0.8954
 429 0.8315
 430 0.5893
 431 1.5969
 432 0.5331
 433 0.3162
 434 3.1033
 435 0.5005
 436 4.2781
 437 0.2835
 438 0.8848
 439 0.9644
 440 1.6301
 441 0.9343
 442 4.1316
 443 4.7682
 444 1.2291
 445 1.5637
 446 0.3906
 447 0.3402
 448 1.5151
 449 1.1879
 450 0.8581
 451 1.3614
 452 0.1786
 453 1.1690
 454 1.5039
 455 1.6709
 456 2.2171
 457 0.3767
 458 3.0760
 459 0.2992
 460 3.8124
 461 1.5471
 462 0.5929
 463 0.9900
 464 1.7534
 465 0.7848
 466 0.8904
 467 0.6176
 468 0.7871
 469 1.1054
 470 1.1040
 471 0.4716
 472 2.4135
 473 2.4324
 474 1.4827
 475 1.0367
 476 0.5846
 477 0.5141
 478 0.2110
 479 0.1167
 480 0.1860
 481 3.1914
 482 0.3572
 483 0.8934
 484 1.3772
 485   NaN
 486 1.5713
 487 0.3897
 488 1.5257
 489 3.7718
 490 0.6254
 491 1.1627
 492 3.2899
 493 0.5844
 494 3.2936
 495 2.9242
 496 0.2823
 497 0.6109
 498 2.5440
 499 2.0862
 500 0.5494
 501 0.5748
 502 0.4607
 503 2.3054
 504 0.1764
 505 1.1199
 506 1.6691
 507 2.0188
 508 1.1766
 509 0.6979
 510 6.1393
 511 1.1305
 512 0.4505
 513 2.0158
 514 1.5476
 515 1.4051
 516 0.6627
 517 0.4935
 518 0.6751
 519 1.4242
 520 0.7592
 521 0.5762
 522 5.4947
 523 0.6375
 524 0.6798
 525 0.5009
 526 1.2696
 527 0.3893
 528 0.2127
 529 1.6788
 530 1.8177
 531 0.7931
 532 1.6292
 533 1.3646
 534 5.4768
 535 2.5335
 536 0.4997
 537 2.2503
 538 1.1813
 539 2.3392
 540 0.2677
 541 0.2348
 542 2.4728
 543 0.2219
 544 0.9146
 545 2.4528
 546 2.4175
 547 1.0783
 548 0.4675
 549 2.6206
 550 0.3585
 551 1.2874
 552 1.7619
 553 0.2729
 554 1.2773
 555 0.4006
 556 4.7494
 557 1.7577
 558 1.7097
 559 0.9451
 560 3.7025
 561 1.2230
 562 3.2605
 563 0.6625
 564 0.7631
 565 0.3980
 566 0.5227
 567 1.6768
 568   NaN
 569 0.3123
 570 1.0890
 571 0.7358
 572 0.7286
 573 0.3359
 574 0.9402
 575 0.1865
 576 1.9445
 577 0.7099
 578 2.7450
 579 0.3862
 580 2.7322
 581 1.7683
 582 1.0021
 583 2.8433
 584 1.2306
 585 0.6057
 586 2.1076
 587   NaN
 588 0.7595
 589 1.1736
 590 0.6741
 591 7.0003
 592 0.6175
 593 1.4788
 594 0.3874
 595 0.8466
 596 0.3989
 597 0.5699
 598 0.2364
 599 1.4436
 600 2.8326
 601 1.6377
 602 1.8204
 603 1.1083
 604 1.4719
 605 3.1495
 606 1.4001
 607 0.5428
 608 0.2859
 609 0.7233
 610 0.8413
 611 2.0469
 612 0.9693
 613 2.8290
 614 0.8052
 615 0.2087
 616 0.4810
 617 0.3296
 618 2.8707
 619 0.4998
 620 0.4293
 621 1.4944
 622 1.2102
 623 0.7358
 624 0.3514
 625 2.6422
 626 1.6187
 627 0.1794
 628 0.8443
 629 1.7748
 630 0.5304
 631 0.2524
 632 0.1970
 633 2.3162
 634 0.8245
 635 0.3623
 636 2.3874
 637 0.4797
 638 0.7587
 639 7.8719
 640 1.8075
 641 4.8530
 642 1.6644
 643 0.3069
 644 0.1370
 645 0.8306
 646 0.2865
 647 1.4491
 648 0.3192
 649 1.2709
 650 1.6219
 651 0.4568
 652 0.5418
 653 0.4517
 654 1.3095
 655 4.5316
 656 0.4242
 657 0.7819
 658 0.4814
 659 0.9683
 660 3.5058
 661 1.4571
 662 0.9524
 663 0.9795
 664 1.6102
 665 2.2297
 666 0.2400
 667 1.3421
 668 0.9698
 669 2.2594
 670 0.2081
 671 0.7309
 672 5.1681
 673 2.0651
 674 1.0322
 675 4.5060
 676 4.7300
 677 0.5722
 678 2.1200
 679 0.5249
 680 0.3818
 681 1.9523
 682 0.2383
 683 1.7754
 684 1.9071
 685 0.8375
 686 5.9157
 687 0.3677
 688 0.7650
 689 2.6735
 690 0.3083
 691 0.2580
 692 0.6050
 693 0.1691
 694 0.4600
 695 0.3854
 696 10.2984
 697 1.1073
 698 1.7016
 699 0.1549
 700 1.0273
 701 1.2781
 702 0.6283
 703 0.8599
 704 0.7880
 705 2.3869
 706 1.4288
 707 0.2451
 708 2.3668
 709 2.4518
 710 0.8338
 711 0.4792
 712 0.8780
 713 0.5844
 714 1.4125
 715 1.3247
 716 3.1554
 717 0.4280
 718 0.2066
 719 2.7447
 720 1.4682
 721 6.2597
 722 0.3653
 723 0.2439
 724 0.2322
 725 1.2972
 726 0.4049
 727 1.2723
 728 1.2163
 729 0.8315
 730 1.5578
 731 2.1109
 732 3.0698
 733 0.4980
 734 0.4174
 735 2.1265
 736 1.8494
 737 0.8593
 738 2.7892
 739 1.8910
 740 0.2407
 741 1.6091
 742 1.5948
 743 0.9175
 744 0.2472
 745 1.5952
 746 0.4658
 747 1.7539
 748 2.7181
 749 1.0383
 750 0.6211
 751 0.3521
 752 1.1947
 753 2.0139
 754 0.4779
 755 0.8514
 756 0.5065
 757 0.9876
 758 2.9536
 759 0.4859
 760 3.5463
 761 0.7304
 762 0.5374
 763 1.0022
 764 2.6373
 765 0.6582
 766 0.9322
 767 0.2329
 768 0.3566
 769 0.3928
 770 2.0804
 771 2.5860
 772 7.4831
 773 1.5493
 774 2.7691
 775 2.4695
 776 3.1467
 777 1.3066
 778 1.8702
 779 1.8377
 780 0.3887
 781 0.3112
 782 0.6270
 783 2.7302
 784 0.4266
 785 0.3694
 786 0.6749
 787 3.3630
 788 0.4017
 789 1.3121
 790 1.5385
 791 0.7465
 792 1.5781
 793 0.9851
 794 0.8147
 795 0.9504
 796 0.2190
 797 0.4293
 798 0.6181
 799 1.9446
 800 0.4754
 801   NaN
 802 1.9580
 803 0.5327
 804 1.3318
 805 0.2179
 806 0.5810
 807 0.4261
 808 1.4370
 809 0.5727
 810 0.8430
 811 0.5660
 812 0.3618
 813 0.5129
 814 0.4522
 815 2.5154
 816 1.5222
 817 0.8049
 818 1.0201
 819 0.5482
 820 3.9334
 821 2.3960
 822 3.7607
 823 0.2374
 824 1.6218
 825 1.0142
 826 0.6390
 827 1.2377
 828 0.4552
 829 0.3169
 830 0.4364
 831 1.2816
 832 2.5772
 833 0.5290
 834 1.1528
 835 1.2811
 836 0.1454
 837 1.0910
 838 1.5078
 839 0.4775
 840 3.9363
 841 3.8796
 842 0.5819
 843 0.4262
 844 0.5586
 845 0.2485
 846 1.4194
 847 1.8271
 848 3.1078
 849 1.0453
 850 2.5339
 851 0.4152
 852 4.7808
 853 1.2132
 854 0.9447
 855 1.7784
 856 0.1695
 857 1.4832
 858 1.1936
 859 0.4471
 860 1.2379
 861 0.9631
 862 0.4337
 863 2.8858
 864 1.7703
 865 1.9513
 866 0.3609
 867 1.6414
 868 1.8879
 869 1.3423
 870 1.0115
 871 4.0806
 872 0.9361
 873 0.2636
 874 0.5646
 875 1.6078
 876 3.0212
 877 0.2401
 878 1.5973
 879 4.3113
 880 2.9156
 881 0.2868
 882 1.4513
 883 1.7992
 884 0.8619
 885 0.5017
 886 2.6353
 887 0.4709
 888 1.8295
 889 0.7202
 890 0.7918
 891 0.4283
 892 0.9700
 893 1.9957
 894 2.0017
 895 1.4501
 896 1.6644
 897 5.0306
 898 1.6914
 899 0.6034
 900 1.9054
 901 0.5504
 902 0.7091
 903 0.5327
 904 1.3098
 905 0.8397
 906 0.6039
 907 3.3819
 908 0.2059
 909 4.2281
 910 1.3630
 911 0.5179
 912 2.8127
 913 1.2874
 914 1.5241
 915 4.3664
 916 0.3675
 917 0.5219
 918 0.2569
 919 1.1091
 920 0.7627
 921 0.2234
 922 2.0973
 923 2.6500
 924 0.4223
 925 0.9383
 926 0.2750
 927 1.3941
 928 0.8171
 929 1.6926
 930 0.5713
 931 0.3458
 932 1.3840
 933 0.4341
 934 1.2644
 935 1.7766
 936 4.0398
 937 1.8614
 938 2.9223
 939 4.0036
 940 4.0460
 941 1.0467
 942 0.7622
 943 0.3286
 944 0.4862
 945 0.4326
 946 0.2028
 947 1.0472
 948 2.3706
 949 3.9701
 950 0.5709
 951 0.9911
 952 1.4308
 953 3.6324
 954 3.4215
 955 0.3089
 956 0.9051
 957 0.4026
 958 0.6936
 959 3.3135
 960 1.4275
 961 0.8837
 962 0.2387
 963 0.1997
 964 0.3641
 965 1.6186
 966 0.2224
 967 2.1960
 968 1.0107
 969 0.5025
 970 0.5899
 971 3.5386
 972 0.5085
 973 0.2272
 974 0.2333
 975 2.9498
 976 0.1862
 977 0.3707
 978 0.4729
 979 3.5590
 980 0.3335
 981 0.5354
 982 0.4179
 983 1.7718
 984 0.3489
 985 2.7001
 986 0.8410
 987 1.3221
 988 0.6919
 989 1.7866
 990 4.0540
 991 1.9960
 992 0.6887
 993 3.5952
 994 0.2627
 995 0.9718
 996 1.8458
 997 0.4431
 998 0.5518
 999 1.6642
1000 0.3684
1001 1.9489
1002 0.7684
1003 0.3080
1004 0.5382
1005 0.5120
1006 0.3507
1007 4.2359
1008 0.3944
1009 1.0495
1010 2.0580
1011 0.4778
1012 0.2860
1013 0.1944
1014 1.1015
1015 2.3409
1016 2.5677
1017 0.9421
1018 1.0309
1019 0.5121
1020 2.7735
1021 3.9997
1022 1.6599
1023 1.0010
1024 0.3719
1025 0.4878
1026 1.1027
1027 0.6599
1028 1.0764
1029 0.5709
1030 8.8166
1031 0.6889
1032 0.8556
1033 1.3300
1034 0.5633
1035 1.1556
1036 1.4714
1037 1.5436
1038 0.6118
1039 0.8943
1040 0.6123
1041 2.7761
1042 0.2936
1043 0.8822
1044 4.3670
1045 0.3030
1046 1.3564
1047 4.7575
1048 0.2556
1049 0.7818
1050 0.9318
1051 0.5409
1052 1.8786
1053 0.8692
1054 0.5368
1055 1.9169
1056 2.6532
1057 1.7917
1058 0.7906
1059 0.8086
1060 1.3783
1061 1.9348
1062 0.4771
1063 0.6934
1064 0.9071
1065 0.2842
1066 0.1994
1067 1.9190
1068 0.4821
1069 1.3889
1070 1.9795
1071 0.2166
1072 0.7304
1073 0.5078
1074 0.5458
1075 0.6398
1076 1.6495
1077 4.3346
1078 0.2777
1079 4.7231
1080 0.4719
1081 0.5361
1082 0.5938
1083 2.7824
1084 0.6963
1085 0.7137
1086 0.4957
1087 1.0575
1088 3.1025
1089 0.8838
1090 1.0335
1091 1.5213
1092 0.3653
1093 0.9132
1094 1.9777
1095 1.4292
1096 0.4837
1097 0.7967
1098 1.5879
1099 1.7823
1100 0.4358
1101 0.4873
1102 0.5947
1103 1.2881
1104 0.8680
1105 0.6059
1106 0.1554
1107 1.5331
1108 1.3347
1109 3.3840
1110 0.7325
1111 2.7401
1112 0.7991
1113 1.4162
1114 1.3968
1115 0.6394
1116 0.3464
1117 1.9567
1118 1.4285
1119 0.1718
1120 3.1919
1121 1.2783
1122 0.3948
1123 0.2225
1124 0.9929
1125 2.4659
1126 0.2914
1127 1.8223
1128 1.2054
1129 2.5599
1130 0.4126
1131 0.4968
1132 0.6761
1133 0.8205
1134 0.9526
1135 0.7228
1136 1.4779
1137 3.8672
1138 1.2779
1139 1.3061
1140 5.1735
1141 0.4395
1142 0.4366
1143 0.4507
1144 3.0287
1145 1.1655
1146 0.4736
1147 0.7500
1148 0.2309
1149 0.8785
1150 1.5972
1151 0.3601
1152 2.3150
1153 0.5204
1154 2.7110
1155 1.7504
1156 1.6439
1157 0.2334
1158 1.7314
1159 0.3790
1160 0.6460
1161 1.0170
1162 1.0713
1163 0.4248
1164 0.5412
1165 2.7607
1166 2.2995
1167 1.1411
1168 0.5268
1169 0.3481
1170 0.3448
1171 1.0528
1172 0.5547
1173 0.5575
1174 1.6503
1175 1.7210
1176 0.3100
1177 0.2017
1178 0.5787
1179 1.0688
1180 2.4628
1181 0.8940
1182 0.9424
1183 0.9077
1184 0.5063
1185 8.0267
1186 2.0112
1187 0.2977
1188 0.7738
1189 0.5296
1190 0.4589
1191 0.4166
1192 0.9005
1193 1.5809
1194 0.2915
1195 0.2798
1196 2.6657
1197 1.7701
1198 0.2277
1199 0.4543
1200 1.8433
1201 0.2466
1202 1.1812
1203 1.2778
1204 1.1871
1205 1.3270
1206 0.3450
1207 0.2493
1208 1.1078
1209 3.4903
1210 0.7360
1211 0.9728
1212 0.9567
1213 1.0215
1214 2.5341
1215 3.2142
1216 1.8901
1217 0.7480
1218 3.2846
1219 1.1359
1220 0.2515
1221 1.2557
1222 0.4277
1223 1.8486
1224 3.6360
1225 1.4728
1226 0.9283
1227 0.1798
1228 0.3019
1229 0.2994
1230 0.2740
1231 1.6762
1232 2.6992
1233 0.6846
1234 0.2374
1235 2.4088
1236 1.5061
1237 0.6397
1238 3.3587
1239 0.7744
1240 1.6905
1241 1.9397
1242 8.5253
1243 4.0004
1244 1.5153
1245 0.9227
1246 2.6854
1247 1.9571
1248 1.1199
1249 1.8255
1250 0.9339
1251 2.1099
1252 0.4679
1253 1.9091
1254 2.6791
1255 0.7268
1256 0.8354
1257 0.4388
1258 0.3831
1259 0.3601
1260 1.2714
1261 1.2336
1262 0.8453
1263 3.4446
1264 1.1447
1265 2.9823
1266 2.1168
1267 0.1725
1268 1.1788
1269 0.3692
1270 1.9460
1271 0.8403
1272 2.1342
1273 1.4172
1274 0.9509
1275 1.8986
1276 1.2950
1277 0.2650
1278 7.0898
1279 0.3169
1280 1.3071
1281 0.3010
1282 1.0256
1283 1.8557
1284 0.5458
1285 1.1317
1286 1.0922
1287 1.9751
1288 0.3321
1289 1.1560
1290 0.8335
1291 0.6699
1292 0.8797
1293 0.5078
1294 0.8827
1295 1.0333
1296 2.4966
1297 2.5982
1298 5.8525
1299 1.6044
1300 3.2965
1301 0.4841
1302 2.5511
1303 1.5681
1304 1.4029
1305   NaN
1306 0.7181
1307 1.9559
1308 0.3652
1309 0.5841
1310 1.5807
1311 2.1951
1312 1.3989
1313 5.9823
1314 1.3317
1315 1.1368
1316 1.6259
1317 1.2923
1318 0.5785
1319 0.3937
1320 0.2462
1321 0.1693
1322 1.0305
1323 1.2688
1324 0.3725
1325 0.7295
1326 1.5249
1327 3.4861
1328 5.0392
1329 2.9072
1330 3.2739
1331 1.0395
1332 1.6874
1333 0.2299
1334 0.5771
1335 0.5965
1336 1.1394
1337 1.0806
1338 2.8796
1339 0.3129
1340 0.4985
1341 2.0055
1342 0.8595
1343 0.5240
1344 2.6705
1345 0.7724
1346 1.4754
1347 0.6845
1348 0.5743
1349 1.4157
1350 1.4967
1351 1.0392
1352 1.9128
1353 1.5915
1354 0.3196
1355 6.1290
1356 0.7542
1357 0.7726
1358 1.3383
1359 0.8559
1360 1.2734
1361 1.9191
1362 0.1873
1363 0.2931
1364 1.2094
1365 1.7349
1366 2.0060
1367 1.0774
1368 0.7782
1369 1.0494
1370 0.1782
1371 3.0223
1372 1.8391
1373 1.8427
1374 0.5453
1375 1.3863
1376 1.2930
1377 1.3875
1378 0.7791
1379 1.1891
1380 2.1712
1381 1.7162
1382 0.1392
1383 0.5039
1384 0.2738
1385 0.7581
1386 0.4717
1387 0.5267
1388 2.3273
1389 0.3340
1390 0.5806
1391 3.8703
1392 0.7564
1393 4.2494
1394 0.3297
1395 0.2711
1396 0.3771
1397 1.8135
1398 0.3603
1399 1.3201
1400 1.8706
1401 0.1750
1402 0.2060
1403 0.6900
1404 0.4460
1405 0.4085
1406 0.9785
1407 1.1259
1408 4.2659
1409 0.4920
1410 0.6812
1411 2.1526
1412 1.6111
1413 0.3018
1414 2.4532
1415 2.7023
1416 0.7150
1417 0.8315
1418 0.5216
1419 1.8906
1420 0.8472
1421 1.6789
1422 0.3993
1423 1.1154
1424 5.8853
1425 0.3942
1426 0.6730
1427 0.3947
1428 1.3508
1429 3.8566
1430 0.4773
1431 0.5639
1432 0.8669
1433 0.5836
1434 0.3261
1435 0.2317
1436 0.4756
1437 0.9785
1438 5.5646
1439   NaN
1440 0.4341
1441 0.5533
1442 1.2281
1443 0.2155
1444 0.7584
1445 0.8356
1446 0.6497
1447 0.2616
1448 0.5199
1449 0.3848
1450 0.5956
1451 1.4767
1452 0.6453
1453 1.8231
1454 0.5500
1455 0.5348
1456 2.6381
1457 2.8136
1458 0.6288
1459 0.1947
1460 0.5412
1461 0.7863
1462 1.8474
1463 2.0462
1464 0.3997
1465 1.9323
1466 2.0293
1467 0.3467
1468 0.5338
1469 1.4774
1470 2.2370
1471 0.9894
1472 0.3916
1473 0.5015
1474 1.1600
1475 1.9713
1476 0.5343
1477 0.7771
1478 0.5820
1479 1.9038
1480 1.1197
1481 1.1233
1482 2.9474
1483 2.6427
1484 2.2561
1485 0.3232
1486 0.8571
1487 0.9344
1488 0.8031
1489 1.2773
1490 1.4833
1491 1.6191
1492 0.2092
1493 0.8256
1494 2.1308
1495 0.6758
1496 0.6089
1497 1.0874
1498 1.1467
1499 0.5565
1500 1.6770
1501 0.7289
1502 0.7457
1503 0.6077
1504 0.2919
1505 1.1464
1506 1.1250
1507 0.9355
1508 1.4762
1509 0.5584
1510 1.9109
1511 0.2539
1512 0.4186
1513 0.5614
1514 0.3244
1515 0.4862
1516 1.2374
1517 0.8011
1518 1.1361
1519 0.8841
1520 2.6493
1521 2.2329
1522 0.9174
1523 0.6416
1524 1.8362
1525   NaN
1526 1.2401
1527 0.3774
1528 2.6789
1529 0.3433
1530 2.7548
1531 0.7942
1532 0.9246
1533 0.1701
1534 0.2038
1535 0.7342
1536 1.2810
1537 0.3077
1538 1.2292
1539 0.9091
1540 1.1366
1541 4.6909
1542 1.7776
1543 1.6115
1544 2.6178
1545 0.1853
1546 0.5699
1547 0.8732
1548 0.4462
1549 1.2895
1550 1.1688
1551 1.2531
1552 2.0568
1553 0.5969
1554 3.0624
1555 1.7591
1556 8.1106
1557 2.5736
1558 0.3972
1559 0.1831
1560 0.2965
1561 0.1866
1562 0.3980
1563 0.4434
1564 0.5729
1565 0.2764
1566 0.5435
1567 0.4713
1568 3.2804
1569 1.2532
1570 1.1920
1571 1.0036
1572 0.6863
1573 0.9431
1574 0.5108
1575 2.5488
1576 0.3517
1577 0.4977
1578 0.8457
1579 1.2606
1580 0.7613
1581 0.8483
1582 2.0662
1583 1.8062
1584 1.6446
1585 0.3030
1586 0.2864
1587 0.9467
1588 2.0544
1589 1.0766
1590 1.6849
1591 0.9121
1592 0.7438
1593 1.4339
1594 2.1364
1595 1.1264
1596 1.9696
1597 3.5697
1598 0.8473
1599 3.3045
1600 0.9390
1601 0.7066
1602 3.1731
1603 0.6989
1604 1.4742
1605 0.4980
1606 0.5890
1607 5.0858
1608 2.2287
1609 0.8509
1610 5.7329
1611 0.2622
1612 0.8063
1613 0.2713
1614 0.9570
1615 1.4218
1616 0.5168
1617 0.4703
1618 1.2000
1619 2.2290
1620 0.5399
1621 1.4536
1622 0.5148
1623 1.8963
1624 0.6598
1625 0.5752
1626 1.5595
1627 6.1852
1628 0.3306
1629 7.8891
1630 1.3952
1631 0.9839
1632 11.0492
1633 2.6483
1634 0.6707
1635 1.7380
1636 0.7761
1637 0.8934
1638 1.6970
1639 0.4825
1640 0.7185
1641 0.2822
1642 1.4514
1643 4.4352
1644 2.9129
1645 1.4139
1646 1.3671
1647 0.9322
1648 1.6759
1649 0.7043
1650 0.9348
1651 0.8914
1652 1.8264
1653 1.5418
1654 1.1279
1655 0.7483
1656 0.2223
1657 1.9829
1658 0.1884
1659 0.4073
1660 0.4259
1661 4.4490
1662 2.5525
1663 0.3256
1664 0.5151
1665 3.1790
1666 1.4148
1667 0.3743
1668 1.2420
1669 0.5247
1670 0.2390
1671 1.3699
1672 1.3680
1673 1.8994
1674 0.8908
1675 1.3500
1676 0.1767
1677 0.5678
1678 0.3813
1679 2.0055
1680 2.2424
1681 5.1231
1682 0.3241
1683 0.7588
1684 2.1610
1685 0.9508
1686 0.8600
1687 0.2310
1688 2.3076
1689 0.3625
1690 3.0041
1691 1.5013
1692 0.5053
1693 1.2565
1694 0.3573
1695 0.6784
1696 0.7232
1697 1.6955
1698 0.8663
1699 1.1254
1700 3.9722
1701 1.0640
1702 0.6973
1703 0.6924
1704 2.7684
1705 0.2358
1706 0.1539
1707 0.4898
1708 1.0288
1709 0.7348
1710 1.5639
1711 0.7982
1712 1.4037
1713 0.4295
1714 0.1930
1715 2.4928
1716 0.4362
1717 6.3126
1718 0.1696
1719 2.9130
1720 0.9793
1721 0.2631
1722 0.4455
1723 1.5908
1724 0.6998
1725 1.7289
1726 1.3669
1727 0.7395
1728 0.2942
1729 1.0457
1730 1.7386
1731 0.6481
1732 0.2920
1733 2.9637
1734 1.8622
1735 2.9702
1736 0.5931
1737 0.6869
1738 0.7610
1739 0.3063
1740 0.5030
1741 0.9356
1742 1.0235
1743 1.5118
1744 0.8047
1745 0.7148
1746 0.3419
1747 4.2833
1748 0.5286
1749 0.3273
1750 1.2344
1751 0.8483
1752 0.6281
1753 1.6053
1754 0.8247
1755 1.7625
1756 0.4195
1757 2.2446
1758 1.8456
1759 1.6357
1760 5.4244
1761 0.4456
1762 1.9362
1763 0.6692
1764 1.4381
1765 1.1325
1766 1.8180
1767 8.3196
1768 1.8331
1769 0.4991
1770 1.5327
1771 0.4117
1772 1.3430
1773 0.3224
1774 0.1704
1775 0.4261
1776 0.8679
1777 0.6301
1778 1.3615
1779 0.7495
1780 0.8338
1781 0.5494
1782 1.0059
1783 0.3754
1784 1.0257
1785 0.4129
1786 0.7965
1787 0.5097
1788 0.3417
1789 0.2261
1790 1.2955
1791 1.4825
1792 0.2073
1793 1.1408
1794 0.7651
1795 5.0382
1796 0.3169
1797 3.7040
1798 0.5570
1799 0.6886
1800 2.0968
1801 1.8000
1802 2.0024
1803 2.0590
1804 1.5138
1805 0.8607
1806 0.9868
1807 1.4136
1808 0.4706
1809 2.7201
1810 2.2802
1811 1.4359
1812 0.6136
1813 0.6527
1814 1.5203
1815 0.1206
1816 0.2041
1817 3.9740
1818 1.5213
1819 1.1727
1820 2.6093
1821 1.4147
1822 0.3635
1823 2.0579
1824 0.7194
1825 0.9720
1826 3.8744
1827 2.2904
1828 3.8323
1829 0.4138
1830 2.4107
1831 0.9582
1832 2.2381
1833 1.2153
1834 0.1623
1835 0.6286
1836 0.9861
1837 0.2150
1838 0.3479
1839 0.1512
1840 3.6573
1841 1.1647
1842 2.7432
1843 2.2255
1844 0.5635
1845 1.1078
1846 0.9802
1847 0.9520
1848 0.5873
1849 0.6890
1850 0.6958
1851 1.9568
1852 4.1028
1853 0.8586
1854 1.4547
1855 0.4709
1856 0.2848
1857 2.7601
1858 1.1115
1859 1.6465
1860 2.2165
1861 0.5080
1862 0.2536
1863 0.4658
1864 0.3041
1865 1.1352
1866 1.8727
1867 7.9539
1868 0.2512
1869 0.9514
1870 1.0734
1871 1.0282
1872 0.6258
1873 0.6913
1874 0.1940
1875 2.4987
1876 0.4779
1877 1.2860
1878 0.5407
1879 1.5592
1880 1.2566
1881 0.3101
1882 0.5333
1883 1.4413
1884 0.6295
1885 0.3700
1886 2.0539
1887 0.6370
1888 0.4726
1889 0.2350
1890 2.0783
1891 0.4915
1892 1.3351
1893 0.5853
1894 0.2425
1895 0.6882
1896 0.7306
1897 0.3908
1898 1.8502
1899 0.9416
1900 0.3060
1901 1.1887
1902 1.2765
1903 0.5165
1904 0.2166
1905 0.2502
1906 0.4332
1907 0.4016
1908 2.3617
1909 0.4468
1910 1.3547
1911 0.2565
1912 1.5179
1913 0.5409
1914 0.6662
1915 3.1979
1916 2.3878
1917 1.1420
1918 4.0547
1919 0.1809
1920 0.3215
1921 1.1541
1922 0.8928
1923 3.0762
1924 2.8999
1925 0.4893
1926 0.8385
1927 0.2075
1928 0.9620
1929 2.8049
1930 0.4757
1931 0.4481
1932 2.0027
1933 1.4354
1934 0.3071
1935 0.3885
1936 0.5748
1937 1.6192
1938 0.3446
1939 0.4181
1940 0.8144
1941 0.5730
1942 2.9498
1943 0.5006
1944 0.1911
1945 1.5435
1946 1.6947
1947 6.1463
1948 0.5615
1949 0.2613
1950 0.3497
1951 1.0852
1952 0.3544
1953 1.4516
1954 0.5643
1955 0.5677
1956 0.3802
1957 0.9227
1958 1.0936
1959 2.6699
1960 1.0812
1961 0.1934
1962 0.6531
1963 1.4274
1964 2.7267
1965 1.1244
1966 1.2014
1967 1.6997
1968 2.2973
1969 0.7844
1970 0.3376
1971 0.1967
1972 0.1563
1973 0.8191
1974 0.9263
1975 0.9278
1976 1.8226
1977 1.6857
1978 1.7411
1979 0.2756
1980 0.2606
1981 1.3969
1982 0.2209
1983 1.5389
1984 2.4468
1985 1.0931
1986 0.6112
1987 1.6391
1988 0.9433
1989 1.3929
1990 0.3116
1991 0.3266
1992 1.5240
1993 2.7266
1994 0.5372
1995 1.3505
1996 1.2671
1997 0.3256
1998 2.0726
1999 0.8639
2000 0.6886
2001 1.1102
2002 0.8660
2003 1.4954
2004 3.2947
2005 0.2913
2006 1.6160
2007 1.6568
2008 1.5208
2009 0.9620
2010 1.7511
2011 2.1739
2012 0.1726
2013 1.7372
2014 1.6974
2015 0.3410
2016 2.1284
2017 0.4390
2018 2.0824
2019 2.1849
2020 1.3079
2021 0.3182
2022 0.9012
2023 2.7476
2024 2.6799
2025 0.3922
2026 1.7922
2027 0.2062
2028 0.6369
2029 0.1847
2030 1.0961
2031 1.1037
2032 0.2684
2033 0.9099
2034 0.1848
2035 1.2226
2036 0.4635
2037 0.6510
2038 1.3308
2039 0.2500
2040 0.5865
2041 2.0891
2042 0.5608
2043 1.6101
2044 0.4567
2045 1.8975
2046 1.9198
2047 0.8994
2048 1.0640
2049 0.7759
2050 3.8398
2051 0.7929
2052 0.7766
2053 0.3537
2054 2.9248
2055 2.3749
2056 1.6782
2057 0.7404
2058 1.1717
2059 2.3204
2060 1.0723
2061 0.8699
2062 2.5253
2063 0.5625
2064 4.6274
2065 1.5119
2066 2.2574
2067 5.8033
2068 0.7659
2069   NaN
2070 0.9029
2071 0.3414
2072 2.2168
2073 4.2644
2074 0.6856
2075 0.4630
2076 0.5309
2077 0.8019
2078 1.0062
2079 0.2958
2080 1.6844
2081 1.6039
2082 0.8011
2083 1.3345
2084 0.2349
2085 1.1076
2086 0.4803
2087 1.0760
2088 0.5825
2089 0.7363
2090 0.9934
2091 0.5027
2092 1.7251
2093 0.9042
2094 0.8577
2095 0.2473
2096 0.3118
2097 3.7563
2098 0.7204
2099 0.2626
2100 0.8690
2101 0.3481
2102 0.1728
2103 2.1721
2104 2.0378
2105 0.6411
2106 0.4764
2107 0.1536
2108 0.6873
2109 0.4296
2110 0.4488
2111 0.8199
2112 2.1622
2113 0.7079
2114 6.8928
2115 0.6458
2116 1.1459
2117 1.1958
2118 8.1350
2119 0.5032
2120 3.4451
2121 3.4937
2122 0.4595
2123 1.9992
2124 1.2688
2125 2.0680
2126 0.3027
2127 1.2447
2128 0.3364
2129 0.7128
2130 1.8303
2131 0.2944
2132 1.7046
2133 0.8212
2134 0.4999
2135 0.8593
2136 0.1780
2137 0.8141
2138 0.5876
2139 0.8644
2140 0.4417
2141 0.8760
2142 1.6872
2143 0.1533
2144 0.1486
2145 2.3093
2146 1.8951
2147 0.3195
2148 1.3226
2149 0.9027
2150 0.5531
2151 0.4437
2152 1.7284
2153 0.3587
2154 0.2510
2155 1.0750
2156 1.0247
2157 0.3012
2158 0.7772
2159 1.4077
2160 1.8961
2161 1.1902
2162 0.1534
2163 0.8384
2164 0.4778
2165 0.6035
2166 0.1850
2167 1.2005
2168 0.7089
2169 1.5506
2170 0.5354
2171 0.8979
2172 4.6903
2173 0.2523
2174 0.9008
2175   NaN
2176 0.9044
2177 0.4032
2178 1.2539
2179 0.2194
2180 1.5999
2181 1.0014
2182 1.1260
2183 1.0382
2184 0.4272
2185 0.6119
2186 0.3767
2187 1.0913
2188 0.5673
2189 0.3231
2190 1.5093
2191 1.5785
2192 0.8743
2193 1.7332
2194 0.8024
2195 0.6451
2196 2.0326
2197 0.7408
2198 1.3563
2199 1.1395
2200 4.0934
2201 1.4064
2202 3.1039
2203 0.6626
2204 0.5873
2205 2.0495
2206 0.2476
2207 0.1992
2208 0.8861
2209 0.1887
2210 2.1137
2211 1.2682
2212 0.9894
2213 0.3123
2214 0.4914
2215 0.2710
2216 2.8606
2217 2.8075
2218 0.2344
2219 0.2810
2220 2.8607
2221 1.3086
2222 2.3361
2223 0.1330
2224 0.3713
2225 0.8851
2226 1.5407
2227 1.6369
2228 0.2129
2229 2.7634
2230 0.4879
2231 2.5243
2232 0.8517
2233 0.7477
2234 1.1935
2235 2.5266
2236 0.3579
2237 2.2630
2238 3.5699
2239 0.9125
2240 0.5504
2241 3.8464
2242 0.9437
2243 0.3176
2244 0.5237
2245 1.4493
2246 0.6106
2247 0.2244
2248 1.2076
2249 0.6943
2250 1.9275
2251 2.3107
2252 2.4783
2253 0.5188
2254 0.5770
2255 0.3137
2256 2.3637
2257 0.2305
2258 1.4978
2259 1.7487
2260 0.5543
2261 2.2992
2262 0.1887
2263 2.9552
2264 0.7546
2265 0.4777
2266 0.4621
2267 6.5420
2268 1.1474
2269 1.6151
2270 0.1682
2271 2.1358
2272 0.9749
2273 0.4901
2274 1.7450
2275 7.9595
2276 3.2733
2277 0.3521
2278 1.8598
2279 1.8575
2280 0.9438
2281 3.3133
2282 0.2792
2283 4.2606
2284 2.1445
2285 7.9782
2286 0.7070
2287 1.8254
2288 4.9024
2289 1.9037
2290 1.9625
2291 0.5646
2292 0.4595
2293 0.6545
2294 0.4372
2295 0.7458
2296 1.6578
2297 0.4594
2298 0.5026
2299 0.3197
2300 0.3187
2301 0.1545
2302 1.3504
2303 2.2023
2304 0.1908
2305 0.8383
2306 0.1674
2307 0.2761
2308 0.9450
2309 0.2565
2310 4.0278
2311 0.6139
2312 11.6694
2313 2.6946
2314 0.5430
2315 2.0043
2316 1.6551
2317   NaN
2318 1.2090
2319 0.1931
2320 0.4227
2321 1.0548
2322 0.2090
2323 0.2796
2324 1.1093
2325 3.4261
2326 0.2475
2327 2.3873
2328 2.4683
2329 3.6077
2330 0.4133
2331 1.5289
2332 0.5042
2333 3.5541
2334 1.3334
2335 3.5351
2336 2.0599
2337 3.1916
2338 0.2800
2339 1.7442
2340 0.3349
2341 0.7063
2342 0.8314
2343 3.4773
2344 1.3898
2345 2.9072
2346 1.1215
2347 0.9143
2348 3.7126
2349 2.6063
2350 0.6453
2351 0.4397
2352 0.7696
2353 1.6414
2354 3.0518
2355 0.4120
2356 0.2673
2357 1.3178
2358 1.1599
2359 0.4477
2360 0.5649
2361 0.5818
2362 1.0166
2363 0.1232
2364 0.9231
2365 2.6699
2366 1.1580
2367 0.2118
2368 1.1292
2369 0.8565
2370 1.1638
2371 2.8887
2372 4.0393
2373 0.8113
2374 0.9738
2375 0.7933
2376 2.2682
2377 2.6810
2378 0.2460
2379 5.1603
2380 0.9533
2381 0.1438
2382 0.7851
2383 1.2740
2384 2.0276
2385 0.2270
2386 1.0021
2387 1.4914
2388 0.4209
2389 1.2553
2390 0.2502
2391 0.2357
2392 0.2457
2393 0.4531
2394 1.6333
2395 1.1657
2396 0.5898
2397 1.2196
2398   NaN
2399 2.8855
2400 2.0730
2401 1.6680
2402 1.5165
2403 1.2182
2404 1.2800
2405 1.5691
2406 1.2334
2407 1.1352
2408 0.6662
2409 1.3685
2410 0.8168
2411 3.3837
2412 2.9960
2413 2.0144
2414 1.6445
2415 0.8573
2416 0.6761
2417 0.5990
2418 0.2545
2419 2.5441
2420 1.1162
2421 1.6323
2422 0.1992
2423 1.5940
2424 1.2765
2425 0.2585
2426 0.4351
2427 0.4249
2428 0.3935
2429 0.2584
2430 3.2429
2431 1.4289
2432 1.4894
2433 2.9244
2434 0.6300
2435 1.6953
2436 0.9312
2437 1.3022
2438 0.6094
2439 2.7254
2440 0.5041
2441 1.8355
2442 1.4763
2443 2.6971
2444 3.2661
2445 1.2448
2446 0.7272
2447 0.4126
2448 0.5642
2449 3.2761
2450 0.9516
2451 1.8219
2452 0.1697
2453 4.3464
2454 0.6053
2455 0.7997
2456 1.9564
2457 1.8268
2458 0.5979
2459 0.3934
2460 1.6653
2461 1.7272
2462 0.2363
2463 0.2551
2464 1.3361
2465 0.4139
2466 1.1634
2467 0.3290
2468 1.6474
2469 2.7406
2470 2.4657
2471 1.6402
2472 0.3912
2473 1.9571
2474 0.8034
2475 2.7208
2476 0.3390
2477 1.6984
2478 1.0959
2479 0.4910
2480 3.5430
2481 1.4528
2482 0.3782
2483 0.9390
2484 1.1092
2485 2.5689
2486 0.2174
2487 1.6453
2488 0.3448
2489 0.2137
2490 0.9911
2491 1.6761
2492 1.1299
2493 1.1586
2494 0.3675
2495 0.5975
2496 1.1585
2497 0.5265
2498 1.1909
2499 0.8576
2500 0.9119
