7501 8.0370
7502 63.1333
7503 64.3223
7504 10.3963
7505 10.9713
7506 101.2977
7507 19.3182
7508 20.9115
7509 5.1558
7510 11.1237
7511 0.4978
7512 4.4223
7513 32.8474
7514 7.1402
7515 3.1495
7516 52.1667
7517 5.5431
7518 1.5542
7519 13.4883
7520 13.8172
7521 64.4179
7522 30.8265
7523 5.2257
7524 30.0806
7525 9.2539
7526 7.7643
7527 6.0527
7528 16.4086
7529 1.3812
7530 8.7361
7531 66.8402
7532 17.6871
7533 35.1645
7534 12.0590
7535 21.5442
7536 27.3048
7537 8.9785
7538 9.2569
7539 19.6784
7540 14.7423
7541 31.2909
7542 40.9586
7543 46.0628
7544 28.2971
7545 22.7622
7546 17.1308
7547 15.0598
7548 7.8265
7549 15.4982
7550 19.5944
7551 9.0807
7552 18.1432
7553 6.4430
7554 43.0993
7555 34.7651
7556 77.3036
7557 4.7515
7558 12.2490
7559 1.2370
7560 37.1911
7561 22.4546
7562 14.4672
7563 31.8772
7564 6.8164
7565 48.1784
7566 25.9521
7567 53.7200
7568 5.6319
7569 15.4085
7570 2.0884
7571 17.9333
7572 3.4769
7573 37.7275
7574 46.1851
7575 10.2996
7576 13.8788
7577 7.4659
7578 22.5115
7579 15.4134
7580 1.3803
7581 9.4970
7582 1.7232
7583 2.1087
7584 73.8779
7585 67.1246
7586 62.9292
7587 22.0911
7588 0.2505
7589 32.2308
7590 45.6368
7591 13.0195
7592 11.3870
7593 20.4778
7594 48.2683
7595 3.1638
7596 13.9185
7597 12.6377
7598 35.7681
7599 5.1542
7600 50.8793
7601 56.7578
7602 26.5597
7603 15.7379
7604 17.6203
7605 10.7203
7606 22.2999
7607 24.6216
7608 14.0833
7609 3.3291
7610 51.7718
7611 21.0675
7612 4.5038
7613 36.1037
7614 53.6740
7615 9.0435
7616 6.5060
7617 18.1335
7618 4.5709
7619 35.9883
7620 23.0865
7621 0.8662
7622 17.4867
7623   NaN
7624 16.5685
7625 35.1170
7626 5.3218
7627 11.4724
7628 25.8491
7629 16.8480
7630 48.9596
7631 21.3501
7632 32.5886
7633 25.5428
7634 10.5301
7635 25.1337
7636 17.5960
7637 21.5398
7638 15.0973
7639 4.0477
7640 1.7406
7641 25.4812
7642 12.3239
7643 10.8248
7644 1.7435
7645 38.9453
7646 16.6103
7647 9.3504
7648 42.7552
7649 5.5328
7650 13.3117
7651 12.3618
7652 112.0217
7653 25.4586
7654 66.0439
7655 17.1471
7656 17.3944
7657 22.1804
7658 38.9568
7659 13.1605
7660 22.2591
7661 1.5631
7662 27.0650
7663 39.0712
7664 19.0961
7665 16.6159
7666 31.1816
7667 6.3043
7668 25.5046
7669 36.3097
7670 43.9861
7671 11.9967
7672 12.7352
7673 4.3120
7674 17.9438
7675 9.3174
7676 1.7774
7677 9.7953
7678 17.3622
7679 58.4626
7680 7.4192
7681 24.7277
7682 8.2397
7683 15.5552
7684 14.9215
7685 89.6068
7686 7.9618
7687 10.6276
7688 3.2678
7689 14.2597
7690 9.1117
7691 26.2197
7692 17.7988
7693 21.7733
7694 25.5235
7695 3.2077
7696 13.3996
7697 8.5002
7698 58.0806
7699 27.9422
7700 6.9210
7701 2.7087
7702 14.8419
7703 61.3088
7704 61.4590
7705 4.2639
7706 50.0361
7707 1.6836
7708 50.5577
7709 3.7854
7710   NaN
7711 18.8878
7712 2.9974
7713 22.0206
7714 14.2160
7715 12.5290
7716 3.7576
7717 36.2861
7718 24.5690
7719 2.7638
7720 17.5584
7721 19.6655
7722 21.7222
7723 19.7346
7724 7.1892
7725 8.2433
7726 9.7617
7727 22.8325
7728 49.5748
7729 19.9007
7730 2.7833
7731 53.7627
7732 5.1693
7733 12.7975
7734 23.4638
7735 0.8881
7736 65.9665
7737 17.4715
7738 3.9462
7739 30.9449
7740 44.6923
7741 81.1245
7742 7.4910
7743 21.9635
7744   NaN
7745 11.6600
7746 21.2471
7747 10.6022
7748 53.3666
7749 23.7155
7750 13.9091
7751 33.9277
7752 31.0737
7753 8.6967
7754 3.9301
7755 5.5912
7756 38.6906
7757 18.8484
7758 21.4323
7759 14.8394
7760 5.6829
7761 26.2259
7762 42.9045
7763 15.6478
7764 57.6366
7765 31.1312
7766 2.3995
7767 47.7921
7768 53.9645
7769 23.1134
7770 21.8977
7771 41.7915
7772 16.3175
7773 4.2220
7774 10.9462
7775 6.3884
7776 34.1306
7777 4.9156
7778 68.3617
7779 10.1352
7780 3.0468
7781 10.6287
7782 64.5126
7783 10.3602
7784 20.1770
7785 12.7760
7786 9.2074
7787 5.3605
7788 49.7945
7789 4.6286
7790 37.4659
7791 10.3446
7792 68.8011
7793 13.4140
7794 5.0545
7795 22.7935
7796 41.4363
7797 8.1570
7798 13.5131
7799 0.9959
7800 34.5384
7801 16.9226
7802 16.6849
7803 54.7375
7804 24.2822
7805 13.8442
7806 63.4251
7807 7.3971
7808 29.4274
7809 9.8445
7810 26.5933
7811 39.2513
7812 54.8036
7813 27.2967
7814 14.8107
7815 11.1408
7816 36.2494
7817 33.5988
7818 18.0563
7819 53.1376
7820 8.3821
7821 29.2710
7822 17.5756
7823 14.8495
7824 14.2010
7825 38.2896
7826 60.2983
7827 24.6359
7828 33.9113
7829 6.2364
7830 23.4141
7831 26.6475
7832 49.4028
7833 23.1607
7834 4.7985
7835 11.6875
7836 10.6418
7837 76.9419
7838 17.4969
7839 21.0017
7840 16.0879
7841 23.2776
7842 16.6633
7843 2.2395
7844 7.3036
7845 27.3767
7846 25.7157
7847 32.3968
7848 30.3721
7849 21.5954
7850 13.7466
7851 28.2735
7852 17.5562
7853 27.4599
7854 44.8580
7855 68.4580
7856 3.1238
7857 13.5869
7858 79.1867
7859 58.0862
7860 44.0865
7861 61.9807
7862 16.2640
7863 11.0024
7864 19.3552
7865 4.9526
7866 5.6165
7867 18.0422
7868 18.9414
7869 13.8681
7870 37.4240
7871 2.8923
7872 3.8931
7873 7.9925
7874 12.0626
7875 50.3873
7876 16.2663
7877 41.6838
7878 18.8385
7879 26.8779
7880 9.0214
7881 7.0226
7882 64.5961
7883 52.9796
7884 8.9075
7885 14.8988
7886 5.6822
7887 60.2745
7888 43.9831
7889 62.0829
7890 36.7559
7891 10.0206
7892 12.3989
7893 40.8863
7894 0.3452
7895 17.6790
7896 22.3131
7897 7.0933
7898 39.7193
7899 4.6674
7900 58.9350
7901 12.3091
7902 7.4522
7903 1.7482
7904 3.0793
7905 15.4482
7906 5.6298
7907 6.4333
7908 19.2721
7909 11.2759
7910 14.3337
7911 6.6451
7912 22.0580
7913   NaN
7914 14.3637
7915 5.1549
7916 25.0893
7917 43.9087
7918 1.8723
7919 6.9544
7920 45.4252
7921 31.1381
7922 7.2226
7923 25.2528
7924 11.0255
7925 3.5277
7926 38.4639
7927 14.6913
7928 5.4615
7929 11.3105
7930 20.8520
7931 4.1231
7932 6.9663
7933 8.8401
7934 16.1250
7935 14.9994
7936 4.6838
7937 19.9401
7938 30.4789
7939 14.3143
7940 47.7579
7941 49.8796
7942 14.5378
7943 22.6513
7944 12.9056
7945 8.7472
7946 11.3638
7947 11.6045
7948 70.6740
7949 27.4273
7950 4.8978
7951 42.3686
7952 12.3870
7953 20.0147
7954 3.2284
7955 4.1849
7956 4.4708
7957 54.3086
7958 15.7336
7959 65.3333
7960 43.7113
7961 3.1917
7962 3.1561
7963 34.2954
7964 23.1199
7965 25.6129
7966 24.0761
7967 18.6790
7968 45.8516
7969 21.1722
7970 5.5053
7971 16.5639
7972 12.0926
7973 3.4985
7974 9.5175
7975 25.4241
7976 50.2464
7977 19.5677
7978 5.4893
7979 74.3342
7980 23.5145
7981   NaN
7982 24.4067
7983 1.1650
7984 29.4164
7985 2.0155
7986 37.8894
7987 10.6739
7988 5.4469
7989 4.7435
7990 9.8663
7991 3.5838
7992 32.9127
7993 26.2863
7994 23.3593
7995 2.5663
7996 6.2921
7997 13.3519
7998 27.4478
7999 29.8359
8000 12.5142
8001 5.3428
8002 9.3645
8003 14.2859
8004 16.7693
8005 16.6195
8006 12.0661
8007   NaN
8008 6.2309
8009 6.2012
8010 32.2990
8011   NaN
8012 6.3400
8013 19.0172
8014 16.5993
8015 13.9297
8016 17.7896
8017 22.7074
8018 48.1381
8019 8.1116
8020 19.9288
8021 41.7921
8022 26.7760
8023 28.6472
8024 17.7168
8025 14.3250
8026 13.5985
8027 51.3371
8028 19.1651
8029 8.6324
8030 15.7773
8031 21.9033
8032 42.6772
8033 13.8918
8034 6.3678
8035 15.2754
8036 4.4772
8037 6.8672
8038 48.7290
8039 35.5831
8040 37.5693
8041 3.5268
8042 2.8977
8043 12.7662
8044 2.3935
8045 23.5278
8046 56.6255
8047 39.0696
8048 74.1110
8049 0.8277
8050 23.3393
8051 20.4509
8052 67.4372
8053 52.9112
8054 3.5351
8055 6.4568
8056 18.9327
8057 3.6651
8058 41.8374
8059 24.9487
8060 9.5753
8061 0.9437
8062 2.8610
8063 15.0264
8064 9.2314
8065 40.3091
8066 14.2141
8067 18.8477
8068 16.6935
8069 52.9833
8070 36.5578
8071 20.2674
8072 5.5603
8073 7.7666
8074 23.3063
8075 4.9698
8076 55.9277
8077 41.1373
8078 9.3873
8079 21.9805
8080 21.6138
8081 25.6855
8082 96.3059
8083 50.1504
8084 24.6008
8085 26.1427
8086 56.8760
8087 11.0480
8088 14.5657
8089 3.8697
8090 46.2896
8091 71.1990
8092 7.5285
8093 9.0144
8094 60.9908
8095 3.1224
8096 39.2318
8097 21.2683
8098 6.9994
8099 2.7947
8100 13.3862
8101 10.9210
8102 18.2818
8103 41.7741
8104 12.9933
8105 7.6453
8106 67.1822
8107 21.7709
8108 16.1699
8109 13.7692
8110 9.4865
8111 26.6633
8112 73.6825
8113 63.5660
8114 16.6808
8115 10.0534
8116 4.3122
8117 32.3773
8118 52.2232
8119 18.1769
8120 24.8913
8121 4.9091
8122 6.1983
8123 65.7500
8124 35.3818
8125 8.9645
8126 12.9836
8127 56.7707
8128 15.6488
8129 2.4735
8130 12.2926
8131 24.2039
8132 74.6581
8133 3.6775
8134 5.2395
8135 3.5831
8136 15.5773
8137 46.4638
8138 40.4230
8139 17.8986
8140 7.1073
8141 21.2635
8142 1.6482
8143 10.4440
8144 31.2686
8145 10.1120
8146 14.8188
8147 40.7889
8148 5.3897
8149 18.6031
8150 6.3676
8151 35.4869
8152 26.7713
8153 3.4571
8154 40.7657
8155 10.1312
8156 4.1278
8157 35.7552
8158 35.4192
8159 17.0029
8160 7.1263
8161 1.6786
8162 29.7899
8163 69.3038
8164 27.3785
8165 24.6424
8166 2.0224
8167 12.7696
8168 36.0259
8169 4.5329
8170 25.3467
8171 32.7456
8172 32.9004
8173 12.3514
8174 24.7715
8175 28.4856
8176   NaN
8177   NaN
8178 2.2725
8179 15.7082
8180 22.4011
8181 5.0666
8182 9.6838
8183 12.0408
8184 22.6083
8185 5.2138
8186 10.4166
8187 19.0931
8188 28.1780
8189 7.4771
8190 45.4995
8191 15.5272
8192 39.7616
8193 18.2407
8194 5.9954
8195 4.3695
8196 11.3425
8197 25.0421
8198 13.7079
8199 6.5751
8200 22.2023
8201 65.2195
8202 5.2940
8203 11.5326
8204 4.4146
8205 1.6992
8206 2.3172
8207 10.7433
8208 48.2685
8209 8.3722
8210 11.0274
8211 7.0505
8212 5.5781
8213 4.5793
8214 19.8183
8215 17.9837
8216 5.9876
8217 27.3302
8218 16.7630
8219 4.6209
8220 13.5274
8221 32.3071
8222 22.4299
8223 32.3917
8224 11.1433
8225 26.9880
8226 26.0376
8227 38.8569
8228 4.9807
8229 50.8783
8230 6.0269
8231 36.5789
8232 0.9321
8233 23.4460
8234 7.9135
8235 28.0290
8236 5.0140
8237 44.5679
8238 11.4367
8239 12.1534
8240 3.6098
8241 1.0560
8242 34.5433
8243 21.2435
8244 31.5609
8245 14.6202
8246 9.7744
8247 5.0844
8248 28.3931
8249 19.0089
8250 62.5100
8251 6.5038
8252 24.7995
8253 39.2094
8254 15.8959
8255 36.3372
8256 28.6762
8257 50.9133
8258 14.8756
8259 30.6187
8260 4.5411
8261 53.4597
8262 7.5418
8263 5.8465
8264 18.3309
8265 16.6536
8266 16.4778
8267 9.8984
8268 22.0585
8269 13.7296
8270 34.7211
8271 11.8485
8272 14.2072
8273 13.3763
8274 0.9908
8275 26.4475
8276 34.6341
8277 56.4496
8278 20.2883
8279 14.1991
8280 14.0832
8281 32.5235
8282 14.6548
8283 9.0326
8284 13.5594
8285 2.3504
8286 1.7507
8287 10.4530
8288 9.7689
8289 51.5284
8290 23.2928
8291 17.5384
8292 64.1955
8293 11.3138
8294 17.1267
8295 5.0392
8296 7.5221
8297 18.1835
8298 16.8718
8299 1.4365
8300 11.4626
8301 22.5056
8302 6.7434
8303 8.8403
8304 45.6271
8305 51.2893
8306 8.4176
8307 2.1253
8308 7.8100
8309 5.2089
8310 7.9081
8311 15.9764
8312 34.0676
8313 39.6707
8314 15.1636
8315 18.4348
8316 8.6285
8317 24.3149
8318 35.8591
8319 2.4999
8320 44.9321
8321 9.8754
8322 56.7035
8323 13.3746
8324 18.2508
8325 23.6190
8326 20.7763
8327 10.3823
8328 12.7644
8329 13.4511
8330 22.2194
8331 16.6859
8332 13.4799
8333 21.1811
8334 21.3503
8335 19.8140
8336 36.6696
8337 1.8803
8338 4.3997
8339 6.6356
8340 58.7247
8341 12.9997
8342 17.5339
8343 49.6680
8344 11.4454
8345 25.1694
8346 12.8897
8347 32.5712
8348 11.0281
8349 25.8333
8350 32.0310
8351 40.2904
8352 1.8767
8353 21.1435
8354 25.1698
8355 20.6404
8356 21.0552
8357 6.8201
8358 3.3807
8359 39.6680
8360 7.0325
8361 3.3488
8362 0.1646
8363 50.5454
8364 26.0421
8365 1.3346
8366 15.4538
8367 29.6352
8368 11.6297
8369 40.4511
8370 6.8561
8371 14.7854
8372 37.1279
8373 17.4091
8374 15.4139
8375 11.2179
8376 25.1774
8377 36.0727
8378 20.1818
8379 50.3609
8380 25.2407
8381 11.0936
8382 38.4630
8383 13.8141
8384 14.2055
8385 11.0365
8386 66.4803
8387 23.5836
8388 5.3394
8389 40.3350
8390 90.5877
8391 50.0484
8392 1.5853
8393 48.9167
8394 31.1597
8395 37.0249
8396 86.0952
8397 17.5863
8398 51.3728
8399 2.1742
8400 11.0407
8401 21.8650
8402 20.2011
8403 14.6737
8404 6.9113
8405   NaN
8406 18.9721
8407 23.8926
8408 24.2662
8409 56.4352
8410 45.7814
8411 7.8523
8412 6.0565
8413 7.7139
8414 10.6331
8415 15.9809
8416 19.3592
8417 5.2148
8418 42.0663
8419 3.6022
8420 18.4824
8421 23.1483
8422 62.5868
8423 14.4781
8424 18.7865
8425 4.1412
8426 65.9698
8427 11.8664
8428 6.1117
8429 22.9581
8430 1.6008
8431 12.4405
8432 7.4491
8433 1.1431
8434 13.3142
8435 46.3976
8436 30.3275
8437 4.6009
8438 33.0384
8439 2.4807
8440 88.3324
8441 21.0503
8442 11.3229
8443 12.4090
8444 5.9582
8445 34.6985
8446 15.4644
8447 29.1368
8448 2.2590
8449 19.2544
8450 17.4837
8451 60.0945
8452 43.9848
8453 11.8782
8454 25.9061
8455 23.8237
8456 15.9639
8457 16.4696
8458 31.7504
8459 15.0144
8460 15.6852
8461 13.2258
8462 20.5918
8463 6.0653
8464 28.8656
8465 7.1201
8466 3.8581
8467 20.7435
8468 13.4313
8469 16.4384
8470 9.5910
8471 0.9360
8472 14.1782
8473 33.2369
8474 22.5907
8475 15.8329
8476 3.2214
8477 6.7043
8478 23.3319
8479 4.2691
8480 25.7320
8481 18.5973
8482 68.3986
8483 9.4162
8484 5.9559
8485 19.3747
8486 23.8193
8487 28.7770
8488 48.7886
8489 7.3296
8490 14.8174
8491 38.6532
8492 18.7308
8493 3.9370
8494 10.9716
8495 7.6499
8496 30.2044
8497 67.2796
8498 8.4406
8499 27.9656
8500 0.3203
8501 6.1146
8502 6.3903
8503 39.4787
8504 2.1693
8505 32.1039
8506 19.0417
8507 18.3545
8508 57.2596
8509 20.3546
8510 35.8858
8511 59.2215
8512 2.7227
8513 11.5613
8514 10.3873
8515 59.8713
8516 21.8629
8517 18.6682
8518 10.1353
8519 38.1305
8520 18.3780
8521 73.9041
8522 12.3249
8523 6.6144
8524 75.7768
8525 3.6035
8526 9.0733
8527 21.8804
8528 24.2494
8529 13.6966
8530 45.7569
8531 6.5074
8532 15.5589
8533 39.9660
8534 17.9785
8535 57.7830
8536 17.0970
8537 60.0126
8538 19.4746
8539 30.4522
8540 7.5569
8541 3.9554
8542 10.9719
8543 8.7211
8544 3.2074
8545 39.6365
8546 30.8465
8547 53.7152
8548 3.9640
8549 34.5855
8550 11.2846
8551 5.7371
8552 15.4104
8553 19.7204
8554 8.3939
8555 36.1626
8556 14.7062
8557 21.5096
8558 15.0187
8559 6.3523
8560 44.1192
8561 61.8316
8562 9.3397
8563 46.9494
8564 22.8398
8565 17.4320
8566 56.2714
8567 30.8356
8568 22.7259
8569 29.6412
8570 30.0765
8571 9.7364
8572 22.4132
8573 22.4542
8574 24.3193
8575 58.8143
8576 12.7339
8577 10.9999
8578 8.1761
8579 8.1737
8580 40.0684
8581 16.9254
8582 5.9655
8583 2.8313
8584 4.1630
8585 0.7424
8586 12.5820
8587 36.7119
8588 7.9204
8589 9.7083
8590 5.7271
8591 34.5235
8592 46.2922
8593 16.6735
8594 16.1265
8595 12.0457
8596 10.5799
8597 14.4598
8598 59.6681
8599 25.7991
8600 24.3325
8601 11.7208
8602 35.0899
8603 8.5612
8604 20.7445
8605 41.4872
8606 25.4225
8607 15.4884
8608 4.7413
8609 33.8726
8610 4.6557
8611 26.1292
8612 46.8994
8613 5.0023
8614 6.6521
8615 11.0120
8616 11.2113
8617 29.4019
8618 8.7393
8619 3.7945
8620 21.1294
8621 3.7745
8622 81.5289
8623 5.8078
8624 12.3621
8625 0.7461
8626 44.5303
8627 83.7727
8628 24.2238
8629 57.5634
8630 10.6533
8631 22.8309
8632 9.5832
8633 13.0343
8634 7.6437
8635 18.1512
8636 27.2646
8637 5.9150
8638 22.4130
8639 3.5153
8640 22.4451
8641 31.6608
8642 9.6868
8643 6.4594
8644 5.6321
8645 6.6965
8646 40.6979
8647 63.8034
8648 35.4799
8649 2.7921
8650 22.7637
8651 42.4973
8652 7.1071
8653 6.3257
8654 20.2531
8655 44.8650
8656 12.1843
8657 49.5395
8658 37.9899
8659 2.3353
8660 18.8458
8661 62.6029
8662 5.3285
8663 34.9103
8664 3.3756
8665 24.2897
8666 8.3632
8667 10.1590
8668 2.3995
8669 15.7249
8670 4.9394
8671 10.6827
8672 19.0161
8673 22.5605
8674 3.5437
8675 18.9825
8676 13.0601
8677 67.3049
8678 9.8640
8679 30.4328
8680 3.7841
8681 3.4889
8682 43.4992
8683 19.5795
8684 16.4450
8685 57.8779
8686 27.5688
8687 3.4064
8688 22.3391
8689 40.4347
8690 31.4117
8691 10.5603
8692 53.4181
8693 3.9822
8694 18.1802
8695 10.9758
8696 27.2320
8697 14.3249
8698 13.8293
8699 10.4832
8700 17.6598
8701 20.2564
8702 3.2080
8703 19.9857
8704 14.9544
8705 0.4085
8706 21.2640
8707 11.4621
8708 13.4527
8709 11.3341
8710 9.1784
8711 12.3978
8712 3.6558
8713 25.5380
8714 45.6966
8715 33.2621
8716 42.1081
8717 13.0550
8718 2.4603
8719 30.7784
8720 20.7570
8721 17.2799
8722 14.6928
8723 21.8752
8724 24.3354
8725 31.0975
8726 1.3481
8727 37.0211
8728 19.9414
8729 1.8974
8730 19.4509
8731 24.7026
8732 63.4765
8733 5.7245
8734 12.3004
8735 59.5563
8736 28.5984
8737 19.2766
8738 23.5805
8739 10.5406
8740 49.4393
8741 48.3467
8742 9.9892
8743 14.8071
8744 42.8264
8745 28.4300
8746 1.5410
8747 11.2835
8748 1.8009
8749 7.8483
8750 31.9207
8751 46.8924
8752 23.9160
8753 16.5048
8754 39.8005
8755 9.9636
8756 1.7411
8757 14.6935
8758 9.5527
8759 23.5394
8760 41.4029
8761 34.6572
8762 22.6075
8763 23.4037
8764 8.3014
8765 8.1506
8766 8.3242
8767 24.3369
8768 16.2625
8769 3.5523
8770 25.0265
8771 2.7016
8772 10.7487
8773 13.8326
8774 3.1598
8775 58.4869
8776 20.6183
8777 38.0493
8778 3.6664
8779 22.9013
8780 18.1656
8781 36.1008
8782 3.1224
8783 52.1686
8784 6.7006
8785 8.7334
8786 37.3342
8787 35.0198
8788 8.5155
8789 22.6354
8790 5.7185
8791 16.8860
8792 27.9868
8793 14.8751
8794 57.0002
8795 22.5585
8796 38.7301
8797 35.7297
8798 3.0508
8799 2.8492
8800 7.5085
8801 17.7025
8802 21.3229
8803 40.6845
8804 16.7315
8805 16.1056
8806 12.5567
8807 7.2100
8808 49.6733
8809 52.5920
8810 30.7665
8811 22.1481
8812 60.5778
8813 4.0353
8814 18.5195
8815 3.9948
8816 94.1581
8817 10.8062
8818 10.7415
8819 6.4689
8820 11.3312
8821 21.1025
8822 9.2156
8823 4.7508
8824 27.0698
8825 10.2994
8826 56.1062
8827 2.8582
8828 4.1738
8829 15.4774
8830 4.9530
8831 74.1637
8832 23.0090
8833 14.6368
8834 50.4784
8835 15.7342
8836 32.1770
8837 4.5606
8838 72.6001
8839 20.7218
8840 59.6727
8841 10.1940
8842 91.1891
8843 29.2191
8844 39.4311
8845 9.0124
8846 32.6961
8847 36.2994
8848 18.4905
8849 29.3446
8850 54.1618
8851 41.6108
8852 10.6748
8853 3.0094
8854 13.7304
8855 37.9813
8856 42.3213
8857 46.6773
8858 56.9540
8859 16.5570
8860 10.8022
8861 57.3332
8862 59.4085
8863 11.3953
8864 11.5364
8865 3.1336
8866 55.1889
8867 56.2700
8868 18.9225
8869 1.7750
8870 35.5439
8871 63.9161
8872 6.7795
8873 3.5343
8874 102.0639
8875 40.6049
8876 25.6884
8877 35.9522
8878 75.5649
8879 4.1272
8880 17.0456
8881 36.7640
8882 31.6969
8883 30.7256
8884 23.1828
8885 40.1094
8886 17.4019
8887 30.0241
8888 5.1770
8889 3.6195
8890 8.5104
8891 2.8608
8892 7.2782
8893 22.1021
8894 16.7664
8895 22.9539
8896 32.9509
8897 18.4602
8898 1.0524
8899 16.8954
8900 29.7804
8901 58.8528
8902 16.2980
8903 9.6412
8904 15.2580
8905 20.8362
8906 18.2596
8907 50.5746
8908 42.4183
8909 14.8148
8910 65.7947
8911 4.0634
8912 12.8186
8913 67.1961
8914 62.8149
8915 6.3907
8916 12.5774
8917 9.2233
8918 9.7365
8919 31.8547
8920 34.1108
8921 9.2222
8922 47.1929
8923 7.4872
8924 21.2246
8925 34.4830
8926 28.1456
8927 9.7057
8928 18.2709
8929 32.2737
8930   NaN
8931 28.8788
8932 11.4197
8933 17.8015
8934 13.7461
8935 39.8788
8936 17.6368
8937 35.0179
8938 21.1003
8939 4.2467
8940 54.1193
8941 76.2657
8942 26.5169
8943 49.8426
8944 16.6068
8945 23.7772
8946 2.6548
8947 75.0950
8948 64.7923
8949 7.9686
8950 21.6834
8951 80.5738
8952 16.6147
8953 24.0378
8954 4.3778
8955 10.3167
8956 7.7574
8957 15.2152
8958 16.5036
8959 11.6504
8960 37.7765
8961 68.0209
8962 13.8893
8963 88.3503
8964 40.6265
8965 19.6867
8966 44.3792
8967 6.7914
8968 20.2226
8969 6.5693
8970 11.1631
8971 43.1296
8972 25.7937
8973 33.0537
8974 32.9514
8975 12.4501
8976 60.6698
8977 14.4718
8978 6.6491
8979 2.0635
8980 13.1713
8981 27.5746
8982 14.7016
8983 43.2694
8984 15.7283
8985 5.6790
8986 2.0002
8987 3.2516
8988 59.2554
8989 3.7768
8990 51.2106
8991 70.5707
8992 13.6575
8993 41.9191
8994 8.8341
8995 6.3403
8996 18.7889
8997 39.7303
8998 21.0452
8999 7.1421
9000 58.3344
9001 19.5475
9002 24.7229
9003 31.9805
9004 13.9855
9005 13.1729
9006 83.6632
9007 79.3318
9008 52.1262
9009 17.8753
9010 19.6649
9011 32.4611
9012 12.9550
9013 6.6279
9014 8.1523
9015 52.3558
9016 2.7762
9017 21.5115
9018 6.1965
9019 19.5915
9020 21.8143
9021 8.3476
9022 25.0749
9023 15.8085
9024 30.3395
9025 53.3616
9026 83.5551
9027 4.3944
9028 3.6061
9029 97.6657
9030 17.3199
9031   NaN
9032 10.5798
9033 31.1456
9034 60.3102
9035 24.4784
9036 19.5889
9037 5.8674
9038 22.9622
9039 147.9389
9040 34.2007
9041 15.2116
9042 18.4493
9043 21.0304
9044 4.0983
9045 51.7696
9046 32.2347
9047 5.0720
9048 6.7378
9049 8.9487
9050 60.1817
9051 23.7674
9052 45.5521
9053 17.5674
9054 22.5979
9055 25.3638
9056 23.5853
9057 48.0851
9058   NaN
9059 7.9051
9060 53.9184
9061 22.5278
9062 7.6128
9063 33.6515
9064 76.2194
9065 59.3296
9066 21.6880
9067 6.5580
9068 0.9049
9069 36.2465
9070 19.6813
9071 21.2764
9072 12.3707
9073 15.0162
9074 6.6061
9075 13.9495
9076 16.1253
9077 11.3896
9078 9.7115
9079 6.4111
9080 55.0041
9081 18.3197
9082 24.5033
9083 6.0895
9084 14.6034
9085 16.0610
9086 12.4780
9087 4.6545
9088 6.3204
9089 4.8947
9090 6.1544
9091 31.2943
9092 81.6878
9093 8.4901
9094 26.0716
9095 36.5823
9096 90.9784
9097 11.5140
9098 22.2699
9099 5.5528
9100 23.7967
9101 23.2003
9102 11.8611
9103 25.0963
9104 68.4180
9105 5.3531
9106 18.6653
9107 6.1474
9108 9.4068
9109 8.7192
9110 46.1794
9111 10.7452
9112 49.8491
9113 28.7491
9114 6.3235
9115 108.3110
9116 13.0182
9117 1.8018
9118 46.0031
9119 17.8927
9120 12.6252
9121 12.3825
9122 20.0106
9123 7.9954
9124 43.2403
9125 52.3130
9126 56.5642
9127 14.2898
9128 5.7904
9129 13.0905
9130 17.2857
9131 41.6524
9132 16.8143
9133 43.9553
9134 48.7210
9135 2.3973
9136 26.3440
9137 8.1608
9138 9.5599
9139 13.2060
9140 21.3820
9141 17.7446
9142 21.3429
9143 1.2645
9144 20.1388
9145 4.5150
9146 27.8758
9147 32.3254
9148 4.9137
9149 17.5250
9150 8.4512
9151 33.1168
9152 4.7683
9153 14.0562
9154 17.9933
9155 41.0499
9156 5.8232
9157 26.4071
9158 28.3597
9159 29.4462
9160 23.5263
9161 15.6502
9162 16.8768
9163 20.6035
9164 45.2914
9165 7.2188
9166 9.5053
9167 6.7411
9168 36.3690
9169 4.3880
9170 45.8667
9171   NaN
9172 35.0727
9173 5.9001
9174 36.7785
9175 34.0606
9176 26.5002
9177 1.5767
9178 6.5157
9179 7.7213
9180 23.4906
9181 24.1584
9182 33.3057
9183 34.1197
9184 9.3375
9185 33.8448
9186 31.7955
9187 62.4454
9188 7.6842
9189 16.3972
9190 49.8115
9191 6.5369
9192 55.2314
9193 8.8960
9194 12.4571
9195 13.5755
9196 35.5711
9197 18.6871
9198 3.4053
9199 8.7376
9200 2.0760
9201 9.6829
9202 10.6321
9203 1.3026
9204 1.9202
9205 13.6282
9206 21.7646
9207 10.0261
9208 10.5918
9209 3.3574
9210 8.6249
9211 10.7011
9212 11.1186
9213 55.4981
9214 13.6172
9215 7.7476
9216   NaN
9217 9.5272
9218 2.5630
9219 6.5854
9220 22.0934
9221 2.7766
9222 32.7224
9223 44.3855
9224 24.2250
9225 11.9733
9226 27.4802
9227 3.9689
9228 4.0440
9229 13.0038
9230 4.2006
9231 17.2042
9232 35.2114
9233 19.2093
9234 18.1853
9235 14.3375
9236 62.7617
9237 23.6587
9238 20.1110
9239 12.1372
9240 12.0154
9241 17.4449
9242 22.6330
9243 3.4798
9244 48.8455
9245 13.3295
9246 4.1481
9247 0.9621
9248 2.0191
9249 38.7569
9250 5.5930
9251 3.2504
9252 7.8446
9253 3.2065
9254 5.2360
9255 8.2955
9256 21.0773
9257 4.7479
9258 23.5309
9259 36.2028
9260 27.0790
9261 1.1470
9262 25.6770
9263 33.3933
9264 1.1528
9265 26.6683
9266 23.2896
9267 14.4069
9268 47.2573
9269 29.9692
9270 2.9550
9271 19.8001
9272 5.9383
9273 1.0106
9274 10.3154
9275 20.1987
9276 3.1756
9277 12.5601
9278 21.7235
9279 3.0011
9280 22.4858
9281 1.4919
9282 8.6357
9283 40.9610
9284 30.2085
9285 3.4746
9286 30.0571
9287 72.5578
9288 22.5850
9289 19.1647
9290 11.8917
9291 3.7777
9292 9.9602
9293 7.0329
9294 32.8918
9295 2.0358
9296 49.7960
9297 40.1176
9298 29.2045
9299 10.1400
9300 23.6901
9301 3.3494
9302 37.0533
9303 42.3177
9304 4.0443
9305 23.4131
9306 20.5232
9307 19.4224
9308 3.6176
9309 17.6827
9310 1.9866
9311 37.4853
9312 3.6251
9313 10.0327
9314 5.6877
9315 13.1956
9316 15.1473
9317 20.1859
9318 19.3435
9319 18.9719
9320 59.6727
9321 20.5883
9322 46.1920
9323 7.3413
9324 30.8456
9325 1.5386
9326 21.2141
9327 4.0466
9328 62.5235
9329 44.9701
9330 4.4358
9331 13.2772
9332   NaN
9333 4.7689
9334 24.3142
9335 54.8577
9336 12.3248
9337 6.7127
9338 13.9424
9339 15.8751
9340 23.6466
9341 9.0597
9342 3.2431
9343 2.1081
9344 42.3277
9345 11.5546
9346 19.8920
9347 16.8252
9348 9.9662
9349 21.7253
9350 36.1377
9351 5.9955
9352 17.6333
9353 12.1762
9354 9.4587
9355 8.1409
9356 23.1783
9357 16.8844
9358 40.6517
9359 2.6489
9360 63.2661
9361 2.0690
9362 11.5804
9363 41.9519
9364 3.1216
9365 6.2460
9366 9.9635
9367 23.5432
9368 2.9544
9369 8.3157
9370 36.1183
9371 45.5871
9372 16.5147
9373 69.9667
9374 7.3324
9375 5.1185
9376 14.8857
9377 21.1963
9378 40.5521
9379 12.8579
9380 45.3998
9381 3.8242
9382 23.2981
9383 19.1964
9384 70.3341
9385 6.9521
9386 3.8117
9387 25.1208
9388 47.8937
9389 3.8595
9390 20.8749
9391 12.9057
9392 38.7976
9393 23.7914
9394 17.9002
9395 28.2923
9396 3.6850
9397 15.3353
9398 14.1042
9399 29.0418
9400 57.8959
9401 23.8293
9402 5.9807
9403 6.6343
9404 10.5913
9405 14.4525
9406 10.4329
9407 9.4438
9408 17.3212
9409 62.1684
9410 12.0240
9411 55.3635
9412 2.7921
9413 92.0642
9414 73.0923
9415 27.6809
9416 39.5124
9417 25.3953
9418 6.7527
9419 7.7343
9420 15.3357
9421 23.4168
9422 2.9184
9423 3.2513
9424 16.5300
9425 10.5736
9426 32.1810
9427 35.9327
9428 14.9614
9429 6.8001
9430   NaN
9431 29.0341
9432 36.2743
9433 20.9442
9434 17.8376
9435 44.5446
9436 40.1705
9437 51.5554
9438 46.2139
9439 8.2035
9440 19.9866
9441 2.0009
9442 16.5455
9443 16.1280
9444 20.1888
9445 10.5255
9446 7.5760
9447 1.6670
9448 8.6144
9449 58.0969
9450 67.7149
9451 28.5764
9452 33.8768
9453 2.4528
9454 7.2020
9455 34.5130
9456 5.3901
9457 9.7323
9458 16.6316
9459 17.9475
9460 21.4330
9461 28.6331
9462 25.4455
9463 55.9511
9464 16.9114
9465 11.1388
9466 27.4891
9467 2.0036
9468 16.5294
9469 39.3949
9470 68.2412
9471 29.2121
9472 4.7254
9473 53.4907
9474 10.3055
9475 35.0201
9476 21.6835
9477 43.0554
9478 34.2391
9479 4.4679
9480 4.0681
9481 10.9083
9482 48.2041
9483 18.2879
9484 16.7070
9485 7.8435
9486 23.4069
9487 15.1210
9488 5.1851
9489 53.8465
9490 462.1776
9491 9.6457
9492 17.7105
9493 3.0562
9494 37.6884
9495 74.2380
9496 25.2401
9497 12.2049
9498 16.4957
9499 10.1560
9500 30.6673
9501 14.5546
9502 10.7422
9503 2.8610
9504 20.3127
9505 16.9785
9506 2.5419
9507 21.1391
9508 93.6397
9509 25.6039
9510 43.1358
9511 14.2353
9512 46.7097
9513 57.8883
9514 21.0077
9515 8.5954
9516 8.8342
9517 16.2254
9518 8.9695
9519 2.6600
9520 27.9042
9521 14.0189
9522 6.5584
9523 6.6557
9524 13.2881
9525 20.7149
9526 22.4481
9527 69.2256
9528 63.9302
9529 31.3308
9530 11.4815
9531 73.2246
9532   NaN
9533 43.3378
9534 15.9617
9535 21.3465
9536 38.1885
9537 51.6085
9538 16.1062
9539 61.7316
9540   NaN
9541 38.5552
9542 38.3246
9543 8.5933
9544 31.5028
9545 12.4877
9546 33.0084
9547 8.1657
9548 2.4005
9549 12.1222
9550 34.2705
9551 80.1207
9552 52.5318
9553 8.5266
9554 13.8494
9555 16.1703
9556 41.4237
9557 22.8071
9558 17.6428
9559 7.4230
9560 12.4913
9561 7.6882
9562 1.0721
9563 9.6506
9564 26.5177
9565 9.7957
9566 23.4430
9567 37.1429
9568 18.2799
9569 25.9941
9570 50.7053
9571 33.2240
9572 6.7565
9573 41.7312
9574 17.4238
9575 4.4122
9576 8.8624
9577 51.2475
9578 2.4105
9579 20.0273
9580 5.9597
9581 14.6574
9582 29.1538
9583 10.8758
9584 22.5576
9585 6.4738
9586 2.6067
9587 2.2618
9588 4.9247
9589 74.8726
9590 35.2887
9591 28.4467
9592 9.2387
9593 14.2337
9594 8.6284
9595 60.3601
9596 21.5959
9597 24.9162
9598 22.6680
9599 38.3562
9600 18.1847
9601 64.5760
9602 34.5362
9603 35.9907
9604 15.2172
9605 50.4526
9606 42.7944
9607 19.0858
9608 4.2084
9609 15.2224
9610 24.3357
9611 43.5157
9612 5.1714
9613 18.5879
9614 44.3418
9615 8.1128
9616 30.7234
9617 45.8951
9618 49.0333
9619 0.9855
9620 47.2099
9621 17.3475
9622 18.4066
9623 8.8173
9624 32.6074
9625 2.8939
9626 45.1332
9627 43.0178
9628 14.8384
9629 3.8167
9630 46.5769
9631 23.8881
9632 23.9109
9633 16.7272
9634 50.9348
9635 66.1505
9636 18.0155
9637 42.0947
9638 6.4418
9639 17.9321
9640 6.2408
9641 12.3902
9642 8.5529
9643 14.8019
9644 1.0155
9645 15.2875
9646 71.1295
9647 49.3182
9648 33.4266
9649 24.1892
9650 27.8764
9651 49.9304
9652 28.2715
9653 17.8196
9654 20.8831
9655 11.9037
9656 15.8611
9657 21.7187
9658 12.1155
9659 2.3737
9660 39.9401
9661 14.9449
9662 27.3750
9663 6.3373
9664 40.5273
9665 32.6019
9666 42.5319
9667 38.8532
9668 21.5345
9669 11.5115
9670 2.5115
9671 15.1976
9672 12.7722
9673 37.7643
9674 55.0797
9675 37.2162
9676 14.6785
9677 8.2386
9678 39.3659
9679 17.8104
9680 44.6222
9681 15.2358
9682 5.1069
9683 15.6085
9684 15.4858
9685 7.3994
9686 13.1539
9687 14.8142
9688 16.2904
9689 8.2186
9690 48.1737
9691 14.0358
9692 38.0788
9693 14.2582
9694 49.1579
9695 23.9940
9696 42.5718
9697 49.6098
9698 29.0737
9699 33.8368
9700 58.3907
9701 63.2975
9702 20.6822
9703 29.1793
9704 55.8326
9705 8.2129
9706 5.8658
9707 12.3676
9708 27.8366
9709 84.7195
9710 2.8217
9711 40.7247
9712 84.3545
9713 3.5715
9714 18.0666
9715 18.3765
9716 18.9519
9717 9.2441
9718 13.1466
9719 20.3867
9720 19.9599
9721 3.6856
9722 15.7161
9723 9.8042
9724 11.1091
9725 33.2359
9726 8.9358
9727 9.8689
9728 5.6699
9729 24.6221
9730 0.1269
9731 8.1565
9732 34.2086
9733   NaN
9734 6.3398
9735 15.2584
9736 8.1072
9737 11.8925
9738 6.9788
9739 21.1145
9740 33.9062
9741 5.3306
9742 21.8651
9743 2.5266
9744 3.3635
9745 31.0944
9746 0.6462
9747 13.8184
9748 32.9388
9749 50.7997
9750 2.4994
9751 13.9648
9752 3.8146
9753 3.9534
9754 19.6044
9755 34.1006
9756 20.8117
9757 34.7357
9758 30.3834
9759 17.7668
9760 10.1461
9761 5.9860
9762 18.5524
9763 33.9007
9764 11.5482
9765 23.3169
9766 9.9692
9767 20.5575
9768 61.3175
9769 26.6169
9770 9.4608
9771 9.9377
9772 17.5332
9773 13.4482
9774 28.7145
9775 8.2534
9776 24.8919
9777 28.0820
9778 53.1303
9779 5.3932
9780 10.2268
9781 9.5193
9782 19.8658
9783 6.4927
9784 7.1171
9785 9.5578
9786   NaN
9787 32.3836
9788 5.1216
9789 21.2280
9790 17.0821
9791 16.5082
9792 21.9525
9793 23.0862
9794 22.5364
9795 3.5024
9796 1.7074
9797 10.2329
9798 21.0350
9799 22.0321
9800 77.0382
9801 78.6779
9802 17.2367
9803 59.3304
9804 2.9759
9805 15.8925
9806 12.2208
9807 5.0340
9808 32.3092
9809 61.7174
9810 18.4773
9811 45.2760
9812 22.0685
9813 78.8845
9814 3.4205
9815 32.6957
9816 1.9397
9817 18.2488
9818 32.0703
9819 19.0643
9820 0.2664
9821 19.4966
9822 2.1530
9823 15.1702
9824 25.5516
9825 11.9071
9826 9.0740
9827 13.1705
9828 28.7465
9829 12.9677
9830 16.8285
9831 10.3239
9832 27.7366
9833 16.5326
9834 7.3128
9835 19.2513
9836 34.2807
9837 19.1585
9838 20.4007
9839 16.8648
9840 23.3154
9841 11.4932
9842 13.0491
9843 6.7429
9844 27.5232
9845 7.7043
9846 47.4671
9847 1.6297
9848 13.2965
9849 26.9042
9850 3.5560
9851 6.9969
9852 2.6449
9853 41.6622
9854 17.1892
9855 21.2043
9856 33.9977
9857 6.6992
9858 3.6610
9859 34.7238
9860 23.2119
9861 35.4720
9862 31.1869
9863 10.5836
9864 29.2628
9865 14.0706
9866 21.2831
9867 3.2970
9868 18.8607
9869 26.1953
9870 10.2391
9871 36.4266
9872 11.7261
9873 26.6933
9874 16.1087
9875 19.9181
9876 19.0417
9877 47.8704
9878 39.0236
9879 6.8394
9880 5.2536
9881 4.6769
9882 25.9192
9883 16.2577
9884 10.8656
9885 4.4279
9886 17.2960
9887 14.6622
9888 18.0112
9889 15.5978
9890 23.0073
9891 15.6799
9892 27.0168
9893 49.7145
9894 51.1173
9895 46.5022
9896 85.8313
9897 4.1550
9898 7.4321
9899 14.6513
9900 14.3717
9901 89.1036
9902 22.7394
9903 13.8761
9904 14.2911
9905 53.8645
9906 37.4208
9907 34.4746
9908 56.8538
9909 37.5120
9910 42.3056
9911 8.3592
9912 11.3094
9913 28.9632
9914 10.5401
9915 6.6974
9916 14.8607
9917 27.9334
9918 19.5528
9919 12.9831
9920 19.6980
9921 15.0840
9922 4.0950
9923 92.5470
9924 19.6207
9925 11.4296
9926 50.0401
9927 4.3835
9928 9.1815
9929 19.0603
9930 3.1055
9931 17.9848
9932 7.0179
9933 14.4651
9934 1.6505
9935 2.7807
9936 3.6547
9937 49.3774
9938 61.2805
9939 59.7369
9940 12.4838
9941 7.3070
9942 1.7577
9943 91.6319
9944 13.4107
9945 20.6953
9946 18.7213
9947 38.8819
9948 0.3360
9949 9.1910
9950 24.5580
9951 39.8418
9952 3.9650
9953 12.4829
9954 29.9195
9955 9.5859
9956 26.9398
9957 23.6113
9958 3.7415
9959 3.5063
9960 27.2134
9961 55.1953
9962 61.4751
9963 43.0466
9964 7.1003
9965 21.7883
9966 44.7608
9967 20.5380
9968 1.4926
9969 11.8734
9970 7.7048
9971 89.5692
9972 29.0006
9973 7.2740
9974 32.6573
9975 6.5658
9976 11.7689
9977 2.2117
9978 19.1209
9979 8.2832
9980 9.1700
9981 19.6107
9982 67.5696
9983 37.9845
9984 35.9954
9985 16.9959
9986 39.3541
9987 5.8911
9988 14.7260
9989 60.6329
9990 34.1631
9991 18.8917
9992   NaN
9993 36.3677
9994   NaN
9995 22.3845
9996 7.7043
9997 20.6539
9998 2.1209
9999 16.6944
10000 10.8587
