2501 3.7514
2502 15.9659
2503 0.4338
2504 3.4012
2505 1.6814
2506 9.4576
2507 0.8605
2508 0.2147
2509 5.3607
2510 8.4371
2511 0.5877
2512 3.2690
2513 12.7083
2514 3.7036
2515 0.6397
2516 5.8381
2517 14.7004
2518 7.9346
2519 3.7833
2520 0.1260
2521 14.2698
2522 0.3028
2523 6.9908
2524 3.0632
2525 0.4854
2526 12.1223
2527 6.6311
2528 29.7781
2529 3.9676
2530 12.7474
2531 18.1202
2532 0.3419
2533 0.4472
2534 4.8394
2535 3.9469
2536 0.2154
2537 6.0085
2538 8.4267
2539 16.5010
2540 4.4086
2541 2.1748
2542 9.1722
2543 3.8021
2544 3.1076
2545 0.4397
2546 9.2741
2547 17.9956
2548 1.9926
2549 0.2527
2550 0.6045
2551 2.5034
2552 4.9063
2553 4.1055
2554 0.1644
2555 4.7700
2556 15.3460
2557 6.0434
2558 3.2034
2559 1.5552
2560 1.1314
2561 1.3451
2562 18.2248
2563 2.0666
2564 1.1538
2565 9.1234
2566 2.3466
2567 19.1751
2568 2.6661
2569 5.7828
2570 1.4454
2571 0.8056
2572 3.6963
2573 4.0641
2574 4.6149
2575 0.6289
2576 13.0565
2577 55.3839
2578 0.5993
2579 3.5007
2580 14.9741
2581 0.2673
2582 0.9414
2583 9.2539
2584 5.8299
2585 0.5943
2586 7.4350
2587 2.0540
2588 10.7545
2589 15.1955
2590 1.4778
2591 15.8621
2592 16.0517
2593 5.8336
2594 0.5395
2595 2.7830
2596 8.3965
2597 6.8199
2598 1.7349
2599 1.3633
2600 1.4610
2601 13.4485
2602 1.8244
2603 2.9689
2604 7.7277
2605 4.9309
2606 1.9827
2607 4.6708
2608 6.9376
2609 7.2083
2610 1.3913
2611 37.9729
2612 3.8629
2613 1.1760
2614 5.6700
2615 5.2361
2616 22.6501
2617 1.3722
2618 3.5118
2619 1.4527
2620 5.8042
2621 2.7356
2622 5.2619
2623 0.1957
2624 2.1821
2625 14.2816
2626 1.6827
2627 0.7885
2628 1.3411
2629 8.5168
2630 4.9539
2631 0.2268
2632 50.9730
2633 13.3504
2634 12.5581
2635 18.7321
2636 67.7256
2637 3.6791
2638 2.2594
2639 2.4291
2640 1.1527
2641 1.2611
2642 0.2932
2643 0.6054
2644 1.0908
2645 1.0947
2646 5.9049
2647 11.8688
2648 1.2605
2649 5.6669
2650 7.6398
2651 4.1085
2652 4.4325
2653 0.5000
2654 22.9558
2655 5.0817
2656 11.2438
2657 4.4093
2658 0.6111
2659 2.4170
2660 4.6971
2661 0.7974
2662 1.9027
2663 1.5565
2664 3.1962
2665 2.4319
2666 0.3617
2667 0.5403
2668 2.4434
2669 2.0778
2670 3.4687
2671 21.4455
2672 0.1304
2673 11.6432
2674 1.8097
2675 6.5925
2676 0.9663
2677 5.6816
2678 1.4017
2679 2.2632
2680 2.0085
2681 40.2627
2682 1.2753
2683 2.5643
2684 3.1105
2685 5.8390
2686 1.3265
2687 3.7592
2688 10.2514
2689 11.6269
2690 10.5672
2691 0.9297
2692 5.1510
2693 0.4390
2694 13.7301
2695 0.5089
2696 6.5828
2697 17.2633
2698 0.1264
2699 47.8421
2700 0.9484
2701 1.3679
2702 10.7397
2703 7.8442
2704 0.1464
2705 2.3290
2706 8.7789
2707 13.1244
2708 1.7733
2709 1.5971
2710 7.6571
2711 4.2860
2712 4.4039
2713 7.1582
2714 4.0641
2715 0.4773
2716 0.5463
2717 2.5789
2718 6.3513
2719 1.8561
2720 0.4734
2721 7.0575
2722 6.1189
2723 0.8544
2724 1.2395
2725 4.8008
2726 1.4240
2727 0.8832
2728 1.0555
2729 2.7932
2730 3.8055
2731 4.1312
2732 0.8868
2733 25.5948
2734 3.0762
2735 7.7378
2736 11.1359
2737 8.5295
2738 11.7374
2739 3.4680
2740 4.9978
2741 3.2981
2742 4.5900
2743 1.7122
2744 0.2285
2745 33.5876
2746 1.5761
2747 3.1833
2748 0.8068
2749 9.6853
2750 9.6952
2751 7.1276
2752 0.5763
2753 12.3039
2754 16.4718
2755 5.0035
2756 13.2851
2757 2.8602
2758 1.6718
2759 19.9292
2760 1.6116
2761 0.9886
2762 9.9262
2763 39.3711
2764 6.0731
2765 3.3263
2766 0.9004
2767 1.1726
2768 13.9147
2769 5.8208
2770 3.4636
2771 1.1177
2772 39.1189
2773 29.3833
2774 0.3141
2775 2.0300
2776 1.1645
2777 6.9989
2778 1.0894
2779 1.2006
2780 26.5054
2781 2.2093
2782 23.3122
2783 1.6524
2784 4.9482
2785 0.2028
2786 31.9845
2787 16.6076
2788 43.8756
2789 16.5267
2790 7.4347
2791 8.2601
2792 0.5977
2793 1.1564
2794 1.0572
2795 6.6189
2796 2.1771
2797 9.0962
2798 15.2903
2799 1.1729
2800 1.0968
2801 11.9292
2802 5.1412
2803 1.1249
2804 3.1805
2805 5.6270
2806 1.9981
2807 1.7814
2808 3.3089
2809 7.8496
2810 20.4523
2811 2.8655
2812 8.0592
2813 7.9498
2814 23.6509
2815 0.5248
2816 0.5044
2817 2.0610
2818 5.2763
2819 18.6287
2820 9.8201
2821 1.7549
2822 1.5712
2823 9.4930
2824 0.1471
2825 2.1260
2826 19.1029
2827 18.1149
2828 3.7558
2829 3.8402
2830 5.3151
2831 4.3470
2832 0.6296
2833 6.0259
2834 2.1028
2835 0.2192
2836 8.1797
2837 0.6817
2838 1.6279
2839 1.0343
2840 0.8391
2841 6.5617
2842 1.7488
2843 2.3481
2844 10.0900
2845 1.8362
2846 0.2686
2847 32.9706
2848 1.9428
2849 1.9395
2850 3.6104
2851 3.6278
2852 5.0042
2853 0.3263
2854 1.7875
2855 1.9810
2856 0.6545
2857 1.7048
2858 1.1673
2859 0.2586
2860 7.8616
2861 3.7648
2862 14.0715
2863 3.7638
2864 3.7096
2865 1.1085
2866 2.1193
2867 2.6473
2868 1.0747
2869 4.7673
2870 18.1899
2871 1.8785
2872 2.7840
2873 9.5625
2874 21.7476
2875 1.7708
2876 10.4119
2877 5.3814
2878 1.8425
2879 1.5903
2880 1.4203
2881 2.8332
2882 34.7161
2883 22.7040
2884 6.2843
2885 27.7143
2886 1.9896
2887 4.4315
2888 2.7771
2889 3.4421
2890 3.1444
2891 7.2752
2892 1.3784
2893 3.5148
2894 1.8012
2895 1.9107
2896 2.8047
2897 5.3858
2898 1.7596
2899 1.7519
2900 17.5860
2901 1.3236
2902 20.2400
2903 5.6920
2904 6.2486
2905 2.6010
2906 0.2282
2907 0.7992
2908 27.0825
2909 3.9777
2910 6.0186
2911 6.2060
2912 2.7013
2913 0.3549
2914 1.5467
2915 16.1778
2916 0.1685
2917 11.5780
2918 22.5358
2919 8.4087
2920 7.3224
2921 8.6812
2922 4.5160
2923 9.2990
2924 10.2435
2925 20.4253
2926 1.4587
2927 3.1907
2928 7.0679
2929 2.6192
2930 0.4214
2931 18.7591
2932 2.9312
2933 0.1726
2934 26.2613
2935 7.8672
2936 1.4960
2937 1.0226
2938 35.5039
2939 3.5061
2940 22.6943
2941 1.7280
2942 1.7815
2943 15.1693
2944 4.3449
2945 2.6956
2946 25.9054
2947 1.0190
2948 2.0324
2949 4.5971
2950 1.8036
2951 8.5640
2952 2.6293
2953 0.4752
2954 4.9831
2955 0.1720
2956 21.3518
2957 3.2782
2958 0.5868
2959 0.1770
2960 3.4910
2961 3.0482
2962 6.6482
2963 8.0926
2964 52.2132
2965 2.5984
2966 4.2069
2967 2.3167
2968 8.1376
2969 9.4466
2970 4.3223
2971 13.4462
2972 16.8450
2973 6.8016
2974 0.3218
2975 27.9777
2976 0.1898
2977 0.9803
2978 3.6040
2979 0.6577
2980 3.2395
2981 8.1388
2982 1.2474
2983 12.3201
2984 3.9594
2985 1.8307
2986 2.5279
2987 0.2303
2988 3.5761
2989 5.5860
2990 1.6006
2991 8.9526
2992 3.4537
2993 3.4764
2994 18.9923
2995 3.2383
2996 6.7862
2997 2.9795
2998 1.8552
2999 5.3993
3000 12.6937
3001 7.4463
3002 5.4239
3003 2.5798
3004 14.1976
3005 3.9501
3006 0.9463
3007 10.1057
3008 1.0044
3009 6.3232
3010 6.7898
3011 0.5778
3012 19.2536
3013 2.9594
3014 9.0360
3015 0.6096
3016 1.5531
3017 0.3162
3018 8.2584
3019 1.0902
3020 33.9722
3021   NaN
3022 0.1632
3023 1.4194
3024 4.1796
3025 3.6630
3026 4.0180
3027 1.4949
3028 3.4061
3029 6.3749
3030 0.4299
3031 13.2401
3032 0.5533
3033 2.6278
3034 16.9192
3035 1.1237
3036 4.6045
3037 0.7633
3038 9.5816
3039 17.7101
3040 1.1471
3041 4.0728
3042 4.5507
3043 13.8160
3044 0.6691
3045 3.2993
3046 1.3756
3047 2.1226
3048 6.2723
3049 1.5277
3050 2.4980
3051 5.8099
3052 0.2956
3053 12.2243
3054 11.3010
3055 1.2502
3056 6.9983
3057 7.5935
3058 19.7887
3059 7.6124
3060 3.1091
3061 8.7539
3062 6.5641
3063 7.6080
3064 3.2598
3065 3.6665
3066 3.2740
3067 2.3863
3068 2.9984
3069 3.1443
3070 3.6620
3071 6.9774
3072 26.9521
3073 3.1364
3074 0.9064
3075 36.4176
3076 3.6781
3077 19.9423
3078 2.5296
3079 0.1761
3080 16.3652
3081 11.5770
3082 12.2316
3083 1.2756
3084 0.1919
3085 0.1581
3086 3.9123
3087 4.8463
3088 7.7086
3089 4.4084
3090 17.0782
3091 4.3019
3092 2.4242
3093 0.8077
3094 0.6810
3095 0.4598
3096 1.6303
3097 1.9579
3098 2.9259
3099 10.2698
3100 7.5692
3101 6.0362
3102 6.9507
3103 5.8155
3104 2.2866
3105 17.4387
3106 0.2555
3107 2.6239
3108 1.7517
3109 24.2902
3110 2.5624
3111 1.6688
3112 25.6881
3113 2.4820
3114 1.6881
3115 1.5380
3116 8.7856
3117 12.3557
3118 3.9693
3119 17.5668
3120 1.5096
3121 14.4174
3122 2.5070
3123 0.7937
3124 9.0030
3125 10.8547
3126 46.6545
3127 1.9379
3128 19.6521
3129 0.9037
3130 0.4760
3131 1.7414
3132 6.7283
3133 16.1623
3134 4.3198
3135 24.8065
3136 0.6257
3137 59.3372
3138 54.7411
3139 7.8415
3140 11.3317
3141 0.7562
3142 2.0105
3143 2.9772
3144 13.3275
3145 26.2169
3146 4.2954
3147 5.8345
3148 0.5285
3149 0.9278
3150 24.9669
3151 13.3929
3152 3.1523
3153 17.9020
3154 7.3036
3155 1.3733
3156 6.2160
3157 9.6195
3158 2.7652
3159 3.6301
3160 5.7437
3161 15.2224
3162 6.0978
3163 1.4101
3164 48.0537
3165 10.7718
3166 27.1071
3167 1.9233
3168 5.4435
3169 9.9186
3170 0.9588
3171 24.5477
3172 26.5145
3173 1.6402
3174 3.1942
3175 0.9546
3176 1.2376
3177 7.2899
3178 3.6140
3179 8.1740
3180 1.4464
3181 9.6605
3182 13.5843
3183 2.1097
3184 2.5543
3185 7.8932
3186 8.1299
3187 0.3546
3188 0.1515
3189 9.2899
3190 0.1643
3191 4.3355
3192 9.2214
3193 3.2359
3194 1.4712
3195 1.9160
3196 1.4876
3197 6.6584
3198 1.7552
3199 2.9144
3200 1.3546
3201 0.9570
3202 4.2818
3203 20.0617
3204 0.1411
3205 0.7616
3206 17.4254
3207 3.5267
3208 0.9618
3209 1.3035
3210 2.4356
3211 12.1969
3212 5.4549
3213 1.3820
3214 10.2413
3215 1.1603
3216 3.4875
3217 4.1662
3218 13.9625
3219 3.8778
3220 25.1768
3221 2.9789
3222 0.6486
3223 0.8200
3224 6.6475
3225 2.4093
3226 16.3821
3227 3.6855
3228 2.0826
3229 4.4858
3230 2.8752
3231 2.1868
3232 1.4262
3233 33.8874
3234 1.0513
3235 4.8514
3236 8.8284
3237 3.1112
3238 15.6993
3239 10.8227
3240 0.1994
3241 12.7308
3242 14.4152
3243 1.3548
3244 3.5750
3245 2.0610
3246 1.0497
3247 5.6879
3248 11.9792
3249 11.6862
3250 0.4530
3251 3.4536
3252 6.6256
3253 7.2273
3254 2.1902
3255 6.4064
3256 22.6561
3257 0.6275
3258 2.2086
3259 2.3265
3260 0.5377
3261 4.1185
3262 2.6983
3263 0.9705
3264 1.5153
3265 2.7505
3266 4.3617
3267 1.6644
3268 2.0306
3269 1.0245
3270 0.1447
3271 2.6483
3272 12.3322
3273 16.6152
3274 4.2185
3275 17.7250
3276 4.0909
3277 3.8267
3278 0.8040
3279 0.9505
3280 8.1416
3281 5.1344
3282 9.6001
3283 23.2020
3284 4.0770
3285 6.1368
3286 2.1728
3287 9.2447
3288 3.2458
3289 1.3640
3290 12.7256
3291 0.2564
3292 16.7268
3293 9.8657
3294 21.5537
3295 0.7061
3296 2.4941
3297 18.6262
3298 1.7103
3299 2.0270
3300 4.8316
3301 3.5265
3302 1.1870
3303 0.8234
3304 2.2700
3305 8.9776
3306 0.1210
3307 7.6716
3308 3.6295
3309 4.0047
3310 33.6561
3311 9.1328
3312 24.4505
3313 0.2098
3314 2.1163
3315 0.2010
3316 12.1204
3317 3.8018
3318 3.6778
3319 6.2883
3320 17.2783
3321 2.8066
3322 25.7858
3323 6.0572
3324 2.2430
3325 1.0982
3326 1.7405
3327 14.0547
3328 11.7414
3329 23.2906
3330 4.8812
3331 10.6545
3332 1.1405
3333 3.7921
3334 0.5430
3335 0.8624
3336 0.9464
3337 13.5480
3338 1.4977
3339 4.2014
3340 19.8805
3341 1.7845
3342 2.7941
3343 0.9126
3344 21.3698
3345 4.2137
3346 3.5643
3347 14.3191
3348 5.8127
3349 15.3039
3350 3.0152
3351 0.6626
3352 6.8699
3353 9.8790
3354 1.8146
3355 0.5045
3356 8.3502
3357 23.4283
3358 12.1895
3359 2.5804
3360 1.4109
3361 0.2029
3362 12.6798
3363 3.2033
3364 5.1644
3365 5.8629
3366 0.7208
3367 20.1858
3368 28.2780
3369 1.2453
3370 7.4029
3371 6.8829
3372 6.8055
3373 12.8311
3374 12.9949
3375 4.0022
3376 0.2448
3377 3.6964
3378 2.7125
3379 7.6575
3380 1.1655
3381 0.6214
3382 4.6337
3383 1.4678
3384 0.6862
3385 1.5188
3386 4.0838
3387 5.6490
3388 3.9149
3389 10.8346
3390 31.2750
3391 12.2674
3392 1.3170
3393 0.2874
3394 8.5380
3395 0.3255
3396 1.4105
3397 13.1319
3398 54.7712
3399 9.3428
3400 3.2097
3401 0.7351
3402 1.7781
3403 8.7367
3404 0.5911
3405 4.7534
3406 11.0605
3407 2.1095
3408 28.3491
3409 1.8892
3410 1.0940
3411 0.2569
3412 7.4968
3413 3.7474
3414 0.8978
3415 5.3439
3416 2.7955
3417 5.5590
3418 4.1981
3419 16.3061
3420 1.4407
3421 13.8712
3422 5.1686
3423 0.7220
3424 10.2871
3425 3.4335
3426 2.7929
3427 4.2658
3428 0.2529
3429 40.3494
3430 0.2270
3431 2.4755
3432 6.6496
3433 6.5544
3434 0.5975
3435 5.1814
3436 1.9266
3437 3.0597
3438 13.7686
3439 1.9728
3440 3.4846
3441 34.4789
3442 10.1273
3443 1.2724
3444 21.4640
3445 15.9414
3446 14.6004
3447 0.7711
3448 3.5405
3449 2.3552
3450 1.3492
3451 0.2625
3452 0.1472
3453 1.8006
3454 18.6210
3455 16.0464
3456 1.3533
3457 6.9206
3458 9.8230
3459 0.3210
3460 21.1247
3461 3.0066
3462 1.8051
3463 2.0671
3464 8.4274
3465 0.5030
3466 3.2292
3467 50.5586
3468 1.4713
3469 5.0709
3470 0.6599
3471 2.0703
3472 2.8139
3473 5.7426
3474 3.8944
3475 2.1180
3476 11.2580
3477 19.1684
3478 4.9951
3479 0.6784
3480 5.3684
3481 8.4047
3482 11.5455
3483 1.4316
3484 0.8872
3485 0.1640
3486 26.9936
3487 16.4106
3488 32.6467
3489 2.1981
3490 2.5693
3491 6.8390
3492 1.4684
3493 1.1489
3494 1.7068
3495 7.4885
3496 1.5964
3497 8.5219
3498 2.4690
3499 3.6094
3500 1.3364
3501 2.2616
3502 12.7515
3503 2.7913
3504 1.0208
3505 0.9607
3506 9.0725
3507 2.4453
3508 1.1730
3509 9.2295
3510 2.0801
3511 0.1824
3512 10.3984
3513 2.0997
3514 6.2011
3515 0.2513
3516 4.2532
3517 3.3677
3518 17.8757
3519 5.9877
3520 20.5693
3521 3.4394
3522 0.5212
3523 0.6348
3524 2.2734
3525 2.3050
3526 9.5862
3527 0.4870
3528 5.5817
3529 9.6536
3530 0.4719
3531 1.3475
3532 3.9008
3533 3.0266
3534 1.2306
3535 1.4466
3536 16.5524
3537 4.6628
3538 4.0553
3539 3.0100
3540 38.2471
3541 2.4959
3542 10.3785
3543 20.5721
3544 4.9059
3545 1.5494
3546 2.2969
3547 9.9111
3548 7.0939
3549 4.9579
3550   NaN
3551 5.4904
3552 2.7012
3553 18.6036
3554 15.9774
3555 3.0547
3556 3.2768
3557 1.5895
3558 6.1629
3559 2.5880
3560 11.6151
3561 8.6751
3562 10.1384
3563 1.0541
3564 0.1160
3565 1.8178
3566 7.3909
3567 0.8934
3568 0.9458
3569 0.9069
3570 3.0732
3571 3.5345
3572 18.8560
3573 15.2949
3574 1.0552
3575 6.2404
3576 2.4286
3577 0.8350
3578 21.8526
3579 18.0562
3580 0.2265
3581 24.1842
3582 1.4908
3583 1.5095
3584 0.9694
3585 1.3624
3586 9.6566
3587 5.7885
3588 5.7950
3589 7.3265
3590 0.7334
3591 10.9952
3592 0.3899
3593 12.1407
3594 6.9287
3595 4.1835
3596 0.2246
3597 7.1244
3598 1.2592
3599 0.6509
3600 46.3997
3601 9.9364
3602 8.8378
3603 3.5810
3604 4.6049
3605 1.6453
3606 1.0850
3607 0.8308
3608   NaN
3609 0.2169
3610 14.8621
3611 2.2228
3612 0.9317
3613 5.5861
3614 4.2182
3615 3.3500
3616 1.6692
3617 2.4090
3618 4.0464
3619 35.6047
3620 1.1270
3621 0.6264
3622 1.3408
3623 7.6879
3624 1.9584
3625 0.2288
3626 21.7891
3627 9.0278
3628 2.2366
3629 2.2293
3630 0.1984
3631 12.1301
3632 3.6357
3633 16.5477
3634 5.0453
3635 16.7121
3636 8.5721
3637 7.6449
3638 3.8779
3639 0.6734
3640 13.6274
3641 0.3061
3642 17.8414
3643 4.8545
3644 0.7403
3645 6.5407
3646 5.1965
3647 22.1903
3648 27.5258
3649 1.1821
3650 6.5532
3651 23.8917
3652 8.9651
3653 7.1615
3654 2.1208
3655 15.5969
3656 12.9255
3657 1.2609
3658 6.9600
3659 1.5622
3660 4.6815
3661 8.5114
3662 4.5593
3663 8.5401
3664 23.0616
3665 19.7243
3666 0.7453
3667 0.1278
3668 15.7229
3669 12.0165
3670 1.6385
3671 0.5443
3672 3.7439
3673 1.8574
3674 0.1415
3675 3.4272
3676 12.2463
3677 11.5320
3678 11.8905
3679 3.3287
3680 0.5687
3681 1.5960
3682 4.0794
3683 3.3804
3684 10.5022
3685 49.8546
3686 15.6214
3687 6.4418
3688 12.9684
3689 13.0314
3690 4.5435
3691 2.9688
3692 11.3095
3693 5.4271
3694 2.0452
3695 6.6312
3696 9.5768
3697 11.9969
3698 1.7209
3699 2.0518
3700 1.7547
3701 1.1254
3702 0.5347
3703 1.0477
3704 18.1401
3705 6.1239
3706 1.5577
3707 8.4069
3708 1.2107
3709 6.2890
3710 6.6554
3711 9.9167
3712 2.0505
3713 4.9834
3714 18.2359
3715 2.9462
3716 0.1865
3717 11.2567
3718 0.6114
3719 7.5389
3720 2.7181
3721 2.0813
3722 17.3865
3723 8.4769
3724 1.0022
3725 1.9767
3726 30.6737
3727 0.6338
3728 6.3296
3729 2.0019
3730 5.6492
3731 7.3303
3732 23.9759
3733 0.6288
3734 0.3692
3735 12.2791
3736 4.7697
3737 16.3690
3738 2.7213
3739 11.3160
3740 9.5721
3741 7.2398
3742 6.9174
3743 0.9042
3744 1.1509
3745 1.7872
3746 3.9079
3747 3.1776
3748   NaN
3749 0.1359
3750 5.2426
3751 2.1469
3752 7.4455
3753 1.7685
3754 2.6068
3755 4.5995
3756 1.2061
3757 10.9478
3758 1.8927
3759 0.4846
3760 6.1268
3761 0.7065
3762 3.8379
3763 1.8721
3764 5.9874
3765 6.2504
3766 1.1212
3767 1.5941
3768 1.1760
3769 2.9910
3770 3.5393
3771 23.2790
3772 12.0689
3773 2.8564
3774 2.2758
3775 3.3148
3776 19.4285
3777 5.0475
3778 4.1579
3779 4.7770
3780 3.8494
3781 7.4267
3782 9.2011
3783 1.1554
3784 2.4248
3785 7.0284
3786 3.3813
3787 2.8364
3788 2.6593
3789 4.4950
3790 7.1564
3791 1.8864
3792 29.8865
3793   NaN
3794 40.2710
3795 14.1631
3796 0.2252
3797 1.1586
3798 0.4183
3799 3.3129
3800 0.5431
3801 13.9514
3802 53.7529
3803 7.1345
3804 20.3775
3805 1.0344
3806 9.0064
3807 0.1716
3808 7.1191
3809 1.8107
3810 7.0283
3811 15.6288
3812 12.5650
3813 3.2716
3814 11.4108
3815 9.2577
3816 5.4119
3817 1.7281
3818 7.2204
3819 13.5931
3820 8.2775
3821 2.4577
3822 2.4152
3823 23.5329
3824 6.3219
3825 3.3903
3826 0.5339
3827 10.3568
3828 2.2667
3829 2.6393
3830 3.5864
3831 4.0838
3832 38.0003
3833 11.1849
3834 7.6744
3835 4.1861
3836 3.3134
3837 5.4219
3838 13.4468
3839 12.5806
3840 1.3080
3841 16.0514
3842 3.7805
3843 10.6465
3844 2.4419
3845 2.3611
3846 22.0252
3847 4.9979
3848 0.9614
3849 7.6663
3850 3.1371
3851 1.9815
3852 3.6161
3853 5.0233
3854 6.2511
3855 15.6429
3856 12.0745
3857 9.8845
3858 12.2121
3859 0.3635
3860 0.6670
3861 9.8345
3862 4.3324
3863 1.9595
3864 12.1877
3865 5.2634
3866 4.8720
3867 2.1098
3868 2.0273
3869 16.5486
3870 3.9189
3871 0.4828
3872 34.4587
3873 6.8933
3874 34.6323
3875 0.2955
3876 5.4502
3877 13.4634
3878 2.1890
3879 4.0400
3880 13.9048
3881 3.1637
3882 7.9925
3883 4.7608
3884 4.6029
3885 1.2094
3886 2.6124
3887 4.2586
3888 2.4548
3889 4.9409
3890 4.0163
3891   NaN
3892 5.6103
3893 7.8655
3894 1.3551
3895 14.0669
3896 0.8332
3897 1.4924
3898 9.8976
3899 0.7728
3900 3.3721
3901 1.8604
3902 3.8931
3903 11.7494
3904 2.0694
3905 0.7660
3906 9.4619
3907 3.5490
3908 3.5391
3909 15.2865
3910 28.6937
3911 4.7104
3912 1.5128
3913 9.2518
3914 6.5866
3915 17.7236
3916 9.6739
3917 15.5467
3918 6.1019
3919 1.8124
3920 8.7487
3921 1.8012
3922 15.6875
3923 7.7604
3924 13.4714
3925 3.7298
3926 2.4847
3927 13.2812
3928 15.9344
3929 6.9603
3930 13.0603
3931 0.3224
3932 11.0735
3933 3.1528
3934 0.5018
3935 3.5222
3936 5.2982
3937 11.3818
3938 1.4620
3939 0.7570
3940 1.3202
3941 2.4481
3942 4.0302
3943 4.9281
3944 0.8930
3945 6.9201
3946 13.9315
3947 3.8531
3948 4.2854
3949 1.5068
3950 6.0847
3951 4.0162
3952 1.2512
3953 8.2257
3954 3.7645
3955 1.5256
3956 18.1191
3957 23.1538
3958 29.7601
3959 0.1144
3960 6.8919
3961 0.7897
3962 3.0894
3963 18.5418
3964 3.6435
3965 0.3584
3966 1.6222
3967 1.3891
3968 2.2596
3969 2.8892
3970 19.2663
3971 3.7607
3972 4.2532
3973 3.0376
3974 3.8024
3975 20.2139
3976 4.5763
3977 0.3446
3978 5.9353
3979 22.0873
3980 0.8415
3981 0.5332
3982 6.5354
3983 6.6277
3984 10.4967
3985 13.0320
3986 1.3848
3987 2.5545
3988 2.3105
3989 0.5697
3990 1.5261
3991 9.4884
3992 5.8200
3993 5.9401
3994 2.2271
3995 16.2569
3996 3.7652
3997 6.4701
3998 5.6590
3999 2.6972
4000 6.1246
4001 1.2006
4002 12.3053
4003 5.8161
4004 2.0017
4005 3.0412
4006 5.4625
4007 1.9762
4008 23.6334
4009 11.4518
4010 2.6341
4011 2.2636
4012 4.6558
4013 4.4060
4014 1.6409
4015 12.1453
4016 0.5596
4017 6.3458
4018 1.4351
4019 5.1983
4020 0.2072
4021 6.4590
4022 15.1097
4023 1.7613
4024 1.6834
4025 31.6995
4026 3.6049
4027 13.9847
4028 3.7333
4029 1.5887
4030 3.9390
4031 1.3877
4032 14.6421
4033 1.3505
4034 16.5710
4035 1.6052
4036 0.3499
4037 0.3312
4038 0.8462
4039 1.0353
4040 19.2361
4041 2.2639
4042 1.0489
4043 7.4184
4044 1.3505
4045 1.4091
4046 0.8663
4047 4.5964
4048 0.8765
4049 1.5196
4050 0.1518
4051 3.0884
4052 8.0869
4053 1.2308
4054 18.0546
4055 0.9395
4056 3.2292
4057 6.5810
4058 8.8897
4059 6.9815
4060 14.2233
4061 6.4391
4062 2.6299
4063 0.2375
4064 0.7908
4065 9.7186
4066 0.3857
4067 10.8999
4068 1.4938
4069 7.0631
4070 18.6020
4071 11.7737
4072 3.0613
4073 0.8542
4074 3.4085
4075 14.7552
4076 2.6936
4077 0.2347
4078 18.1851
4079 12.0180
4080 23.1902
4081 0.8920
4082 6.4798
4083 27.1348
4084 2.4292
4085 0.3340
4086 3.5508
4087 4.4481
4088 7.2983
4089 0.2162
4090 12.8791
4091 3.0159
4092 0.3930
4093 0.8596
4094 3.5457
4095 1.4523
4096 1.7683
4097 12.6579
4098 1.4646
4099 0.1487
4100 13.2070
4101 4.8370
4102 9.3974
4103 2.9938
4104 0.3404
4105 0.6641
4106 2.5758
4107 0.2178
4108 0.1540
4109 0.1282
4110 2.2907
4111 2.0320
4112 27.2546
4113 7.4127
4114 7.1529
4115 3.8318
4116 7.9823
4117 5.0753
4118 0.6833
4119 1.6652
4120 4.7607
4121 10.4169
4122 2.8004
4123 0.8573
4124 13.4006
4125 0.6321
4126 0.8952
4127 0.3991
4128 20.9150
4129 3.3484
4130 16.1069
4131 12.7868
4132 1.4681
4133 2.5310
4134 23.1048
4135 0.6839
4136 1.1213
4137 11.2173
4138 1.0326
4139 2.1438
4140 5.7540
4141 2.1286
4142 2.6224
4143 3.6853
4144 0.4710
4145 0.9219
4146 1.1803
4147 21.2311
4148 6.0589
4149 0.4415
4150 18.7883
4151 4.8555
4152 2.0783
4153 7.3917
4154 10.8189
4155 15.0694
4156 2.0177
4157 1.0673
4158 0.3009
4159 10.3284
4160 6.3079
4161 1.7846
4162 0.4120
4163 1.3197
4164 2.5461
4165 6.9328
4166 0.4382
4167 0.2436
4168 12.1986
4169 0.3526
4170 10.1615
4171 13.2643
4172 0.2657
4173 5.4444
4174 5.0092
4175 13.5559
4176 12.2634
4177 1.6223
4178 11.1586
4179 52.8834
4180 5.9893
4181 3.2578
4182 22.0718
4183 1.2708
4184 6.6504
4185 1.3390
4186 9.0900
4187 4.5584
4188 4.1598
4189 0.1169
4190 4.2839
4191 12.3085
4192 7.5801
4193 4.3428
4194 0.9376
4195 12.0781
4196 0.1168
4197 27.6624
4198 48.0037
4199 14.1742
4200 2.5978
4201 1.7707
4202 20.3376
4203 6.6514
4204 1.5507
4205 12.4072
4206 8.9478
4207 23.7870
4208 5.5627
4209 1.9698
4210 15.5475
4211 1.1883
4212 14.5197
4213 26.1304
4214 13.7144
4215 1.0151
4216 6.5717
4217 0.9255
4218 2.7982
4219 3.8995
4220 13.0879
4221 15.3241
4222 0.2714
4223 0.2062
4224 40.9815
4225 9.2964
4226 0.4304
4227 1.1739
4228 4.6305
4229 23.4264
4230 1.9694
4231 5.0615
4232 10.2833
4233 3.4371
4234 5.1235
4235 9.1233
4236 15.8963
4237 1.6323
4238 2.3598
4239 8.0064
4240 0.7456
4241 2.6465
4242 1.5914
4243 0.1350
4244 0.9544
4245 7.6922
4246 3.0934
4247 10.2184
4248 4.6476
4249 3.9240
4250 11.2060
4251 0.1570
4252 13.3860
4253 0.6875
4254 10.5234
4255 12.0816
4256 17.5609
4257 7.1877
4258 0.4901
4259 0.1526
4260 4.6535
4261 0.1610
4262 19.0716
4263 1.2706
4264 4.0915
4265 17.9516
4266 5.5214
4267 4.7317
4268 4.8569
4269 0.2918
4270 0.2039
4271 1.9447
4272 0.2196
4273 1.2497
4274 7.4022
4275 11.1036
4276 3.9781
4277 1.0339
4278 12.7411
4279 4.9599
4280 4.5336
4281 5.5469
4282 3.3426
4283 6.2989
4284 9.3187
4285 6.3861
4286 18.1619
4287 2.3180
4288 23.1445
4289 3.5363
4290 3.2463
4291 0.7150
4292 12.2152
4293 0.6331
4294 3.5987
4295 0.1476
4296 7.8697
4297 5.1518
4298 1.9369
4299 0.7631
4300 11.4875
4301 5.0095
4302 1.2265
4303 3.9766
4304 2.1244
4305 9.5874
4306 17.7073
4307 4.0194
4308 2.5931
4309 7.5989
4310 1.3990
4311 6.2913
4312 2.7271
4313 0.1139
4314 6.1870
4315 8.0652
4316 10.5674
4317 22.0291
4318 0.4053
4319 4.3279
4320 9.7732
4321 11.4527
4322 2.5841
4323 4.4935
4324 0.7025
4325 8.6353
4326 0.9182
4327 6.4489
4328 1.4883
4329 3.9939
4330 12.1987
4331 8.5004
4332 1.1601
4333 3.8890
4334 6.7415
4335 4.7720
4336 9.4899
4337 1.4912
4338 0.8215
4339 2.2060
4340 14.0979
4341 21.9720
4342 0.7669
4343 8.8888
4344 1.9444
4345 1.7230
4346 22.0593
4347 1.5821
4348 0.3750
4349 0.8461
4350 3.2669
4351 19.9621
4352 0.9197
4353 2.7369
4354 2.2658
4355 0.4248
4356 0.7213
4357 0.4355
4358 4.7870
4359 23.0108
4360 6.3692
4361 2.4952
4362 1.4623
4363 0.2822
4364 28.0412
4365 1.2913
4366 1.0721
4367 5.1826
4368 26.8421
4369 0.8596
4370 0.8482
4371 5.6710
4372 1.8051
4373 2.6178
4374 5.8013
4375 15.9283
4376 0.7269
4377 1.3067
4378 2.5895
4379 10.8459
4380 3.0090
4381 2.6912
4382 8.0979
4383 41.5387
4384 0.2607
4385 21.5799
4386 2.9600
4387 1.4898
4388 0.2718
4389 3.9831
4390 0.1243
4391 0.9002
4392 1.0838
4393 11.8304
4394 0.5509
4395 2.5364
4396 30.3588
4397 2.1194
4398 0.4373
4399 22.9737
4400 1.4472
4401 0.6992
4402 2.7016
4403 17.4352
4404 3.1993
4405 0.9196
4406 25.7628
4407 1.6648
4408 2.9161
4409 0.6204
4410 16.1102
4411 12.3624
4412 0.2179
4413 2.6513
4414 0.6605
4415 17.1818
4416 0.2738
4417 2.3926
4418 8.5821
4419 2.4384
4420 8.7030
4421 3.9221
4422 1.7464
4423 11.6454
4424 0.5342
4425 3.9035
4426 2.5448
4427 2.8953
4428 24.6701
4429 0.7868
4430 1.1990
4431 0.1054
4432 5.3594
4433 7.3314
4434 16.0768
4435 1.7578
4436 36.3767
4437 5.6924
4438 1.0919
4439 0.5803
4440 0.1442
4441 1.7453
4442 53.8968
4443 0.6521
4444 5.7764
4445 6.0409
4446 0.6660
4447 1.0657
4448 1.9151
4449 18.4918
4450 3.8111
4451 6.3316
4452 2.6143
4453 12.2509
4454 0.9042
4455 0.3934
4456 23.2628
4457 29.5863
4458 11.8660
4459 0.3723
4460 3.2597
4461 0.6329
4462 8.9082
4463 26.2530
4464 6.0912
4465 3.2505
4466 16.2992
4467 15.2266
4468 3.5678
4469 11.8926
4470 0.8356
4471 1.0556
4472 8.7288
4473 3.0423
4474 0.3830
4475 5.7270
4476 0.1439
4477 2.3632
4478 26.1223
4479 0.9451
4480 3.4228
4481 3.8546
4482 0.1224
4483 5.5423
4484 0.8566
4485 7.4996
4486 12.2965
4487 0.9306
4488 1.6432
4489 1.8828
4490 7.0300
4491 54.9364
4492 6.8388
4493 0.9389
4494 6.1765
4495 13.2757
4496 0.7557
4497 0.9541
4498 2.1445
4499 8.4329
4500 2.1229
4501 2.4982
4502 1.7557
4503 2.8056
4504 0.2888
4505 8.4891
4506 1.6999
4507 2.7104
4508 4.0616
4509 2.3098
4510 11.4456
4511 3.1625
4512 2.0821
4513 4.6223
4514 2.9128
4515 6.0781
4516 0.2835
4517 10.0634
4518 0.6536
4519 4.8626
4520 9.3675
4521 3.3457
4522 10.4311
4523 0.5572
4524 0.8863
4525 0.6827
4526 5.8455
4527 5.9934
4528 4.3031
4529 7.2848
4530 0.8603
4531 0.6385
4532 12.4411
4533 12.7067
4534 0.3100
4535 5.8387
4536 1.8573
4537 3.3462
4538 14.8661
4539 0.4680
4540 35.5116
4541 3.7044
4542 0.2017
4543 35.8939
4544 3.9082
4545 17.2544
4546 1.0880
4547 1.6344
4548 16.7804
4549 0.1984
4550 24.9821
4551 0.5736
4552 19.0250
4553 0.2986
4554 4.0203
4555 19.9072
4556 9.8826
4557 21.5410
4558 2.7642
4559 35.1082
4560 18.1155
4561 2.7365
4562 15.7242
4563 8.6058
4564 18.0638
4565 6.9414
4566 0.6490
4567 4.1994
4568 0.9378
4569 0.1528
4570 2.0281
4571 6.0047
4572 3.4868
4573 4.3411
4574 3.6550
4575 3.7979
4576 38.5677
4577 1.9985
4578 0.2301
4579 0.1246
4580 0.9212
4581 3.1450
4582 1.5372
4583 1.7634
4584 3.8112
4585 13.6265
4586 4.3239
4587 7.5666
4588 21.8874
4589 3.7031
4590 1.0737
4591 5.4586
4592 3.5472
4593 0.4212
4594 0.8378
4595 14.4094
4596 12.2531
4597 15.5705
4598 5.9366
4599 2.2679
4600 21.3754
4601 1.2746
4602 1.8231
4603 3.2077
4604 3.7137
4605 2.2223
4606 2.8305
4607 9.7516
4608 3.9709
4609 3.1475
4610 11.3785
4611 19.6306
4612 7.5985
4613 1.3358
4614 14.9860
4615 0.5429
4616 0.7604
4617 0.2925
4618 17.4683
4619 5.2088
4620 21.6907
4621 11.6226
4622 9.0323
4623 0.6891
4624 1.3868
4625 0.5734
4626 40.8668
4627 7.2372
4628 7.3875
4629 2.8711
4630 1.5706
4631 9.7685
4632 3.4328
4633 2.0848
4634 7.8369
4635 8.3885
4636 2.2972
4637 7.1306
4638 37.4914
4639 0.5209
4640 2.2060
4641 2.5743
4642 12.4565
4643 6.7856
4644 0.7652
4645 5.7674
4646 0.5886
4647 2.8465
4648 0.8114
4649 5.7342
4650 7.6701
4651 5.1045
4652 6.9408
4653 1.2778
4654 2.2181
4655 1.7060
4656 1.4851
4657 1.1092
4658 20.1218
4659 8.8709
4660 5.4991
4661 4.3762
4662 5.7471
4663 1.6449
4664 0.2181
4665 1.7390
4666 2.2858
4667 7.1504
4668 0.8139
4669 2.2410
4670 29.0612
4671 5.9788
4672 3.1427
4673 4.6817
4674 0.5698
4675 11.9801
4676 10.1321
4677 20.6933
4678 9.3465
4679 7.4879
4680 18.5892
4681 4.9247
4682 0.8792
4683 2.8813
4684 2.9281
4685 3.4675
4686 0.4786
4687 0.2440
4688 2.5657
4689 9.8305
4690 1.8627
4691 15.5016
4692 0.7185
4693 2.3618
4694 9.3168
4695 1.7469
4696 11.0771
4697 10.2693
4698 49.9130
4699 45.0046
4700 4.2886
4701 17.0152
4702 9.1786
4703 2.5207
4704 1.2714
4705 27.6836
4706 5.3523
4707 16.7142
4708 5.9475
4709 3.0054
4710 35.7578
4711 14.9430
4712 4.7989
4713 0.2239
4714 1.5111
4715 4.2675
4716 2.8055
4717 2.4153
4718 4.7456
4719 5.1658
4720 0.1110
4721 6.9470
4722 3.1132
4723 0.2823
4724 5.2496
4725 2.9608
4726 9.4320
4727 11.0107
4728 11.3917
4729 8.7423
4730 8.8770
4731 1.0497
4732 2.3706
4733 2.4688
4734 12.0062
4735 20.0274
4736 17.8279
4737 10.2381
4738 20.7979
4739 3.9519
4740 13.1773
4741 1.6440
4742 23.7488
4743 5.0945
4744 1.9489
4745 2.0860
4746 1.5708
4747 0.6734
4748 3.2904
4749 1.7269
4750 3.6756
4751 0.9355
4752 0.1573
4753 34.8477
4754 1.4209
4755 2.0181
4756 3.3056
4757 5.2370
4758 3.0969
4759 3.8198
4760 1.3355
4761 9.4822
4762 1.2046
4763 0.4118
4764 0.2691
4765 7.7342
4766 4.6397
4767 1.1067
4768 7.0543
4769 1.0994
4770 3.8485
4771 6.8723
4772 0.2711
4773 1.7201
4774 4.9629
4775 14.9511
4776 3.8736
4777 25.3729
4778 10.2438
4779 0.4481
4780 1.9222
4781 2.5326
4782 5.3856
4783 1.2315
4784 4.8963
4785 1.2094
4786 11.0121
4787 4.3070
4788 15.2002
4789 14.5943
4790 14.9759
4791 4.2415
4792 1.0805
4793 12.8794
4794 2.1950
4795 2.0274
4796 4.5975
4797 45.4114
4798 6.2122
4799 1.9101
4800 11.9660
4801 14.8831
4802   NaN
4803 1.9172
4804 0.3097
4805 12.9032
4806 18.3380
4807 2.7690
4808 0.1473
4809 1.2086
4810 0.2694
4811 1.5556
4812 11.2689
4813 0.6568
4814 2.1358
4815 1.7921
4816 0.8623
4817 6.1935
4818 7.0043
4819 10.4334
4820 2.2963
4821 8.2743
4822 3.6343
4823 0.1946
4824 3.7132
4825 1.3127
4826 13.6843
4827 0.5629
4828 6.3849
4829 0.8653
4830 6.9843
4831 2.0085
4832 10.3931
4833 4.5974
4834 0.7054
4835 0.7850
4836 1.2100
4837 7.1137
4838 26.2890
4839 25.9677
4840 3.5657
4841 7.1925
4842 1.3832
4843 5.7970
4844 6.0548
4845 12.2379
4846 7.9885
4847 18.5150
4848 0.1570
4849 3.6561
4850 6.5200
4851 7.3071
4852 13.1848
4853 0.1458
4854 0.5237
4855 12.8124
4856 5.5579
4857 0.3912
4858 1.8218
4859 55.4900
4860 3.9900
4861 2.5641
4862 3.4699
4863 1.7258
4864 1.7795
4865 2.6214
4866 4.0067
4867 2.3546
4868 3.1095
4869 0.9490
4870 0.9358
4871 9.9597
4872 4.2618
4873 23.7212
4874 1.1185
4875 1.2645
4876 1.8112
4877 40.4307
4878 0.4028
4879 3.3488
4880 0.3015
4881 1.4383
4882 0.4125
4883 1.1188
4884 2.1470
4885 1.3833
4886 6.4745
4887 3.3394
4888 4.2887
4889 6.1846
4890 4.1735
4891 1.6991
4892 6.1940
4893 1.0451
4894 1.7394
4895 2.5255
4896 30.5627
4897 4.7340
4898 1.0351
4899 1.0492
4900 18.7795
4901 17.1738
4902 33.1041
4903 0.3417
4904 15.7575
4905 5.5977
4906 0.1278
4907 5.4189
4908 0.2817
4909 3.3096
4910 3.7294
4911 2.6409
4912 1.5605
4913 30.6510
4914 0.1593
4915 5.2553
4916 0.1211
4917 0.4260
4918 34.0670
4919 5.7087
4920 1.6161
4921 6.0012
4922 11.5286
4923 7.1675
4924 1.2425
4925 2.1508
4926 6.1978
4927 0.3871
4928 2.1453
4929 5.6508
4930 0.7611
4931 0.6969
4932 20.5624
4933 10.0855
4934 0.9818
4935 1.7179
4936 3.6338
4937 13.8011
4938 16.9725
4939 5.3182
4940 5.0608
4941 3.7205
4942 0.2898
4943 4.0477
4944 3.4426
4945 1.2786
4946 4.5826
4947 8.8671
4948 5.7557
4949 0.1970
4950 2.1082
4951 0.6083
4952 1.5294
4953 4.4176
4954 5.7476
4955 0.1023
4956 12.0998
4957 0.9429
4958 1.1593
4959 3.9587
4960 0.2955
4961 1.2101
4962 3.1097
4963 0.2864
4964 3.5110
4965 0.9882
4966 13.3232
4967 0.3654
4968 4.6434
4969 0.6311
4970 3.5824
4971 16.6781
4972 14.6261
4973 11.0238
4974 8.6456
4975 2.2046
4976 7.6248
4977 2.0167
4978 1.9417
4979 8.9660
4980 1.4153
4981 2.8215
4982 7.0392
4983 1.2655
4984 1.6493
4985 1.9615
4986 1.2175
4987 1.2850
4988 0.3295
4989 1.0796
4990 3.6115
4991 0.5185
4992 25.4219
4993 2.9248
4994 0.8227
4995 0.1254
4996 11.6240
4997 1.0739
4998 1.6530
4999 11.8502
5000 1.3119
