5001 0.4905
5002 0.4035
5003 0.5450
5004 0.5412
5005 1.4401
5006 1.4444
5007 0.1466
5008 0.2012
5009 0.7051
5010 0.2542
5011 0.2316
5012 0.2370
5013 0.4994
5014 0.3994
5015 1.0249
5016 0.6175
5017 0.2093
5018 1.9709
5019 0.2913
5020 0.5327
5021 0.4191
5022 0.8086
5023 0.4028
5024 0.4493
5025 0.5909
5026 1.4933
5027 1.0551
5028 0.8153
5029 0.3526
5030 1.2780
5031 0.9871
5032 1.9145
5033 2.6945
5034 0.6347
5035 3.6173
5036 1.8264
5037 0.1904
5038 0.4561
5039 0.6181
5040 0.6740
5041 0.1309
5042 0.5519
5043 0.3663
5044 0.4434
5045 0.2629
5046 0.2529
5047 0.9361
5048 0.6685
5049 0.3146
5050 1.9377
5051 0.3790
5052 0.5258
5053 0.6250
5054 1.5417
5055 3.4498
5056 0.6103
5057 0.1778
5058 0.8038
5059 0.2636
5060 0.5390
5061 1.6464
5062 1.4797
5063 0.1865
5064 0.6989
5065 0.4827
5066 0.7272
5067 1.9408
5068 1.2506
5069 0.5806
5070 0.7773
5071 0.4893
5072 0.5960
5073 0.3027
5074 0.4091
5075 0.2008
5076 1.5869
5077 0.5733
5078 1.3985
5079 0.4151
5080 0.3651
5081 0.4883
5082 1.7568
5083 0.4418
5084 3.4853
5085 0.9898
5086 0.3022
5087 2.3123
5088 0.5772
5089 0.2524
5090 1.1394
5091 0.2972
5092 0.7103
5093 1.0943
5094 2.5366
5095 0.3323
5096   NaN
5097 0.2974
5098 1.1931
5099 1.0807
5100 0.3134
5101 0.3453
5102 0.3791
5103 0.2199
5104 0.4805
5105 0.1601
5106 0.2116
5107 0.2902
5108 1.5059
5109 0.3653
5110 1.2577
5111 0.8202
5112 0.4674
5113 1.1579
5114 1.0874
5115 0.1892
5116 0.7891
5117 0.4457
5118 0.3527
5119 1.0417
5120 0.2090
5121 1.0324
5122 0.3707
5123 0.3861
5124 0.3462
5125 0.4914
5126 0.4953
5127 1.4259
5128 1.0817
5129 0.9407
5130 0.5229
5131 1.2111
5132 0.2303
5133 0.3616
5134 0.2187
5135 0.1976
5136 0.4562
5137 1.6154
5138 0.3077
5139 0.3535
5140 1.6747
5141 2.5267
5142 0.5601
5143 1.2630
5144 0.2783
5145   NaN
5146 0.9438
5147 0.4296
5148 0.1811
5149 0.2807
5150 1.0517
5151 1.7646
5152 2.4380
5153 0.2546
5154 0.6805
5155 1.3663
5156 0.3695
5157 0.1924
5158 0.7419
5159 0.1915
5160 0.8725
5161 0.3335
5162 0.2927
5163 1.1692
5164 0.4380
5165 0.2493
5166 0.4480
5167 0.2116
5168 0.8913
5169 1.2854
5170 0.3965
5171 0.9552
5172 0.2653
5173 3.1234
5174 0.3688
5175 0.2767
5176 0.4741
5177 1.6047
5178 0.4400
5179 0.5711
5180 0.3512
5181 0.4608
5182 1.5880
5183 0.3771
5184 2.9021
5185 0.3601
5186 0.3273
5187 0.5943
5188 0.2472
5189 0.4490
5190 0.3621
5191 1.1391
5192 2.2606
5193 0.1522
5194 0.7277
5195 0.4402
5196 1.1571
5197 0.2959
5198 0.2424
5199 0.4127
5200 0.4881
5201 0.4661
5202 0.3343
5203 3.4402
5204 0.3229
5205 1.5778
5206 1.4451
5207 1.5305
5208 0.5209
5209 0.1735
5210 0.5987
5211 0.2223
5212 0.3000
5213 0.3171
5214 0.8872
5215 0.7407
5216 0.5497
5217 0.3244
5218 0.2775
5219 1.3405
5220 0.3977
5221 0.3381
5222 0.4454
5223 1.1401
5224 2.2588
5225 1.9362
5226 0.7716
5227 1.0745
5228 0.2680
5229 1.0452
5230 0.3672
5231 0.2034
5232 0.4467
5233 0.4056
5234 0.5614
5235 1.8575
5236 0.3711
5237 0.7913
5238 1.7307
5239 0.3371
5240 1.4003
5241 0.9163
5242 0.6801
5243 0.6426
5244 0.2640
5245 0.5373
5246 0.5340
5247 0.8951
5248 0.8552
5249 0.7191
5250 0.6664
5251 0.2228
5252 0.2495
5253 0.6415
5254 1.2864
5255 0.1586
5256 1.0204
5257 0.4877
5258 0.1234
5259 2.7448
5260 0.5091
5261 0.3080
5262 0.7426
5263 0.3131
5264 0.9142
5265 0.3450
5266 2.4364
5267 0.5927
5268 0.8636
5269 1.0418
5270 1.2793
5271 0.4898
5272 0.3419
5273 0.6870
5274 1.2793
5275 0.8757
5276 0.3843
5277 0.9285
5278 0.7997
5279 0.2055
5280 0.7202
5281   NaN
5282 1.2241
5283 1.3404
5284 0.4222
5285 0.2398
5286 1.5572
5287 0.4138
5288 0.5915
5289 0.6220
5290 0.6627
5291 2.4845
5292 0.6446
5293 0.7693
5294 1.5837
5295 0.3664
5296 0.3134
5297 0.4356
5298 0.3158
5299 0.2434
5300 0.5525
5301 1.1032
5302 1.2372
5303 0.2277
5304 0.3956
5305 2.1429
5306 0.6666
5307 0.6868
5308 1.4707
5309 1.9555
5310 1.3267
5311 0.3553
5312 1.5716
5313 2.1328
5314 0.3773
5315 0.5813
5316 0.4901
5317 0.1897
5318 0.3005
5319 0.1982
5320 2.9359
5321 0.9933
5322 0.3461
5323 0.9730
5324 0.5081
5325 3.2687
5326 1.3204
5327 2.3251
5328 0.4329
5329 0.1869
5330 0.4692
5331 0.6280
5332 0.2204
5333 0.6655
5334 6.0908
5335 2.4082
5336 0.2778
5337 1.0732
5338 0.5465
5339 1.5176
5340 0.7928
5341 1.4602
5342 1.1735
5343 0.6616
5344 0.3847
5345 0.4238
5346 0.2051
5347 0.4279
5348 0.4778
5349 0.4756
5350 1.4821
5351 0.4049
5352 0.3863
5353 0.1765
5354 1.3500
5355 0.3804
5356 3.6807
5357 0.6544
5358 1.2207
5359 0.2951
5360 1.2237
5361 1.2255
5362 0.3791
5363   NaN
5364 3.8178
5365 2.2414
5366 0.3860
5367 0.7075
5368 0.6284
5369 0.3849
5370 1.2889
5371 0.5193
5372 0.2019
5373 0.3399
5374 0.6415
5375 0.2190
5376 0.3664
5377 3.7526
5378 1.0473
5379 0.3970
5380 0.3785
5381 0.7461
5382 1.3368
5383 0.5450
5384 0.6966
5385 0.3464
5386 1.0115
5387 0.2520
5388 0.6544
5389 1.0379
5390 0.5331
5391 1.0507
5392 0.2949
5393 0.5172
5394 0.6908
5395 0.6965
5396 0.2409
5397 0.7503
5398 2.6989
5399 0.3866
5400 0.2019
5401 0.2254
5402 0.5302
5403 0.3695
5404 3.1816
5405 0.6685
5406 0.4051
5407 1.9123
5408 0.6345
5409 0.1908
5410 2.1156
5411 0.4993
5412 1.5992
5413 0.5165
5414 0.4715
5415 0.3760
5416 0.3574
5417 0.5557
5418 0.4269
5419 2.5292
5420 0.5117
5421 0.6356
5422 1.1006
5423 0.4026
5424 0.8857
5425 0.2540
5426 0.8912
5427 0.4468
5428 0.3424
5429 0.7990
5430 0.4536
5431 2.0068
5432 0.3974
5433 0.6978
5434 1.8061
5435 1.1773
5436 0.2978
5437 0.8769
5438 0.5820
5439 0.7564
5440 1.3673
5441 2.5632
5442 0.2711
5443 0.4407
5444 1.2832
5445 0.4080
5446 2.8369
5447 0.3865
5448 0.2439
5449 0.4649
5450 1.4503
5451 3.1424
5452 1.8477
5453 0.1852
5454 0.3991
5455 0.5298
5456 0.2515
5457 2.3127
5458 0.3965
5459 0.3574
5460 0.8549
5461 0.7906
5462 0.3425
5463 0.2103
5464 2.0565
5465 0.3216
5466 0.4683
5467 0.4235
5468 0.6059
5469 1.6719
5470 0.4524
5471 0.7922
5472 1.0679
5473 0.4799
5474 0.8423
5475 0.2353
5476 0.6951
5477 2.4374
5478 0.6599
5479   NaN
5480 0.4560
5481 0.9469
5482 0.5804
5483 0.4664
5484 0.4316
5485 0.3371
5486 0.4868
5487 1.8847
5488 0.3026
5489 0.7476
5490 1.2192
5491 1.1613
5492 0.4920
5493 0.3070
5494 0.6838
5495 0.5099
5496 1.8285
5497 0.7498
5498 0.2622
5499 0.2894
5500 0.8344
5501 0.5915
5502 0.3365
5503 0.5048
5504 1.6019
5505 0.3962
5506 0.3824
5507 0.1975
5508 0.2400
5509 1.3366
5510 0.6021
5511 0.7156
5512 0.1550
5513 1.1536
5514 0.3831
5515 0.3777
5516 0.3182
5517 0.2666
5518 3.2874
5519 0.4535
5520 5.0945
5521 0.2366
5522 3.8942
5523 2.5628
5524 0.5907
5525 0.4196
5526 0.3442
5527 0.3140
5528 0.7153
5529 0.9408
5530 0.7808
5531 1.2796
5532 2.3207
5533 0.5633
5534 0.3694
5535 0.1823
5536 0.2194
5537 0.6418
5538 0.4246
5539 1.2603
5540 0.3886
5541 3.8699
5542 0.4123
5543 0.5138
5544 2.2024
5545 0.6712
5546 0.9078
5547 0.3231
5548 2.3813
5549 1.8129
5550 0.2229
5551 0.4592
5552 0.2190
5553 4.5758
5554 0.3988
5555 0.3974
5556 0.7606
5557 0.2836
5558 0.4065
5559 0.1427
5560 1.9189
5561 2.4032
5562 1.2498
5563 0.1816
5564 1.9669
5565 0.2240
5566 0.2663
5567 0.4831
5568 0.3263
5569 0.2185
5570 1.1758
5571 0.3188
5572 0.4325
5573 0.9809
5574 1.1041
5575 0.3236
5576 2.9402
5577 0.7510
5578 0.3146
5579 0.6512
5580 0.1374
5581 0.1547
5582 0.6624
5583 0.3896
5584 0.9702
5585 0.3777
5586 7.4039
5587 0.3171
5588 1.8886
5589 1.5258
5590 1.5883
5591 1.0137
5592 0.9527
5593 0.3267
5594 0.6103
5595 0.6654
5596 0.5404
5597 0.4499
5598 0.2990
5599 0.3457
5600 3.1896
5601 0.2043
5602 0.1873
5603 0.9936
5604 0.2552
5605 0.3785
5606 0.1325
5607 0.8748
5608 1.7611
5609 0.1719
5610 0.4389
5611 0.2551
5612 0.5599
5613 0.3877
5614 0.4349
5615 0.2475
5616 0.6366
5617 0.8123
5618 0.3721
5619 0.3419
5620 0.1519
5621 3.2038
5622 0.2308
5623 0.4948
5624 0.6663
5625 0.3099
5626 0.8962
5627 1.8573
5628 0.1932
5629 0.2856
5630 0.3498
5631 0.4234
5632 1.2282
5633 0.3532
5634 0.3340
5635 0.7920
5636 1.8575
5637 0.3758
5638 2.7046
5639 0.3739
5640 1.7904
5641 1.8912
5642 0.2479
5643 0.2137
5644 1.9145
5645 2.1670
5646 0.4492
5647 0.3069
5648 0.1169
5649 3.6277
5650 0.2749
5651 2.3694
5652 1.0224
5653 0.9364
5654 0.6724
5655 0.3470
5656 1.0108
5657 0.8015
5658 1.3678
5659 0.6018
5660 0.3669
5661 0.5375
5662 1.3304
5663 0.7453
5664 0.4013
5665 0.8032
5666 0.6353
5667 0.7762
5668 1.2998
5669 2.3826
5670 0.2686
5671 0.2232
5672 0.3644
5673 1.1623
5674 0.1826
5675 0.1817
5676 0.8217
5677 0.5655
5678 1.4681
5679 0.5342
5680 0.8062
5681 0.3885
5682 1.2350
5683 0.6776
5684   NaN
5685 0.3894
5686 2.0815
5687 0.2316
5688 1.9904
5689 0.6278
5690 0.6994
5691 0.7599
5692 1.3317
5693 0.2113
5694 1.8203
5695 1.4086
5696 1.5139
5697 0.3871
5698 1.9466
5699 0.5459
5700 0.7382
5701 0.5053
5702 0.4103
5703 0.1847
5704 1.4106
5705 0.1755
5706 0.4630
5707 0.5178
5708 1.5430
5709 1.0553
5710 1.4693
5711 3.6414
5712 1.0595
5713 0.4515
5714 1.0164
5715 0.6281
5716 0.2340
5717 1.2889
5718 0.4662
5719 1.4423
5720 0.6051
5721 0.3192
5722 0.3938
5723 0.2637
5724 0.2695
5725 1.5225
5726 0.3374
5727 0.4107
5728 0.7669
5729 0.1338
5730 2.3370
5731 1.2800
5732 0.2768
5733 2.0349
5734 0.3582
5735 0.5810
5736 1.9020
5737 0.6534
5738 0.7117
5739 0.1914
5740 0.4691
5741 0.7975
5742 2.0618
5743 2.6981
5744 0.2749
5745 0.8120
5746 2.7313
5747 1.5519
5748 0.6241
5749 0.5022
5750 1.4208
5751 0.4585
5752 0.1830
5753 1.3904
5754 0.1885
5755 0.6170
5756 0.9015
5757   NaN
5758 1.4677
5759 0.5616
5760 0.4338
5761 1.2356
5762 1.4420
5763 0.3009
5764 0.7636
5765 0.6688
5766 0.7192
5767 0.5027
5768 0.4462
5769 0.3738
5770 0.4706
5771 5.7512
5772 1.1512
5773 0.3249
5774 0.4531
5775 0.2715
5776 0.5976
5777 2.0123
5778 0.4181
5779 0.5798
5780 0.4331
5781 1.2198
5782 0.4477
5783 0.2267
5784 1.5958
5785 1.0431
5786 0.3714
5787 0.1885
5788 0.2774
5789 0.3041
5790 1.3247
5791 0.4802
5792 0.1527
5793 1.4625
5794 0.5817
5795 0.3372
5796 1.5672
5797 1.4061
5798 0.5521
5799 0.4812
5800 0.4142
5801 1.0712
5802 0.4277
5803 2.1508
5804   NaN
5805 0.1375
5806 0.4325
5807 1.6712
5808 0.1926
5809 0.3370
5810 1.4710
5811 0.3459
5812 0.5144
5813 0.1650
5814 1.2723
5815 1.0907
5816 0.8059
5817 0.5109
5818 0.3507
5819 0.5237
5820 1.0613
5821 0.4862
5822 0.8100
5823 2.1181
5824 1.7097
5825 0.6692
5826 2.4112
5827 0.7712
5828 1.3176
5829 0.2174
5830 0.1729
5831 3.2051
5832 1.3091
5833 1.4927
5834 2.8907
5835 1.2563
5836 1.9809
5837 0.3856
5838   NaN
5839 0.3247
5840 0.5205
5841 0.5056
5842 0.4524
5843 0.7703
5844 0.3403
5845 0.1588
5846 1.8961
5847 6.9473
5848 0.3822
5849 2.0910
5850 2.0784
5851 0.9998
5852 0.2493
5853 0.6723
5854 0.5161
5855 1.2778
5856 1.0929
5857 1.5283
5858 0.2189
5859 0.5727
5860 0.4450
5861 2.7148
5862 0.3925
5863 0.5515
5864 0.6913
5865 0.4313
5866 0.3440
5867 0.5479
5868 1.7949
5869 0.6350
5870 0.3658
5871 0.5628
5872 0.3998
5873 0.2148
5874 0.2918
5875 0.8720
5876 1.2235
5877 1.5760
5878 1.7665
5879 2.0154
5880 0.3048
5881 1.8874
5882 2.1888
5883 0.2740
5884 0.1929
5885 0.8901
5886 1.0119
5887 0.2784
5888 0.5245
5889 2.4809
5890 0.3134
5891 2.7128
5892 0.2526
5893 0.5311
5894 0.1273
5895 0.4262
5896 0.6133
5897 0.4602
5898 0.9384
5899 3.0143
5900 0.2846
5901 1.3075
5902 1.9239
5903 0.4262
5904 0.4878
5905 0.3157
5906 1.1033
5907 0.3823
5908 0.4323
5909 0.5204
5910 0.3148
5911 0.4027
5912 0.3812
5913 1.6105
5914 1.1899
5915 0.7260
5916 0.6953
5917 1.7375
5918 0.7873
5919 0.4845
5920 0.2488
5921 0.6222
5922 0.5698
5923 1.3849
5924 0.5327
5925 0.4824
5926 1.0034
5927   NaN
5928 0.6453
5929 0.2070
5930 0.9178
5931 1.3938
5932 0.1826
5933 0.1548
5934 0.3173
5935 1.6376
5936 0.3080
5937 0.4204
5938 1.0800
5939 0.3112
5940 0.4199
5941 0.9087
5942 0.2175
5943 0.4661
5944 1.3673
5945 0.5717
5946 1.7924
5947 1.1432
5948 0.9443
5949 0.3320
5950 1.5779
5951 0.3658
5952 0.7632
5953 0.2681
5954 0.2015
5955 1.6913
5956 0.2766
5957 0.4300
5958 2.0223
5959 0.5661
5960 0.4148
5961 0.2288
5962 2.0626
5963 0.4026
5964 1.9007
5965 1.5265
5966 0.3673
5967 0.2584
5968 0.5606
5969 0.2273
5970 0.2741
5971 1.3430
5972 1.4109
5973 0.4559
5974 1.5184
5975 1.5508
5976 1.4267
5977 0.4270
5978 1.4282
5979 0.9870
5980 0.2411
5981 0.1906
5982 2.2101
5983 0.3848
5984 0.3328
5985 0.1916
5986 0.3538
5987 0.2471
5988 0.8807
5989 0.1685
5990 0.3877
5991 2.1669
5992 0.3377
5993 0.6456
5994 2.3641
5995 0.9924
5996 0.4529
5997 0.5646
5998 0.2903
5999 1.4993
6000 0.3035
6001 0.1575
6002 1.2035
6003 0.3522
6004 0.3839
6005 0.5601
6006 0.7187
6007 0.2752
6008 1.9402
6009 0.4807
6010 0.3204
6011 0.5559
6012 0.2258
6013 3.8155
6014 0.8038
6015 0.4871
6016 1.0664
6017 0.9705
6018 0.5378
6019 0.2066
6020 0.2456
6021 0.3577
6022 0.7058
6023 0.3186
6024 0.2171
6025 0.7364
6026 1.5286
6027 2.4370
6028 0.2706
6029 1.0072
6030 4.4736
6031 0.2306
6032 2.5436
6033 0.2161
6034 0.1620
6035 0.7754
6036 0.4278
6037 0.7657
6038 0.5070
6039 0.2965
6040 0.3858
6041 1.8370
6042 0.2299
6043 0.7010
6044 0.2177
6045 0.3024
6046 2.0955
6047 0.4338
6048 0.3855
6049 0.5973
6050 0.2486
6051 0.4983
6052 0.2531
6053 1.5552
6054 0.1491
6055 1.1844
6056 0.1752
6057 0.4096
6058 0.8043
6059 0.4887
6060 0.1328
6061 2.0347
6062 0.1865
6063 0.4464
6064 0.5835
6065 1.0623
6066 0.4664
6067 0.6798
6068 0.8842
6069 0.4690
6070 1.4393
6071 0.2096
6072 0.2788
6073 0.2886
6074 0.2643
6075 0.3615
6076 0.2358
6077 1.3538
6078 0.3981
6079 1.3239
6080 0.2421
6081 0.4061
6082 0.3205
6083 0.3518
6084 1.4964
6085 0.2996
6086 0.5929
6087 0.2699
6088 0.1060
6089 0.2863
6090 1.0528
6091 2.1166
6092 0.3929
6093 0.3222
6094 7.9828
6095 0.2653
6096 0.4657
6097 0.3600
6098 0.5408
6099 1.2128
6100 0.3199
6101 1.7902
6102 0.4203
6103 0.7669
6104 0.2667
6105 1.3547
6106 0.1412
6107 2.3662
6108 0.2877
6109 2.2152
6110 0.4401
6111   NaN
6112 0.5692
6113 1.7381
6114 0.2717
6115 0.1463
6116 0.3786
6117 1.1719
6118 0.4649
6119 0.3975
6120 1.5060
6121 1.5748
6122 1.2437
6123 0.7798
6124 0.5052
6125 1.0651
6126 1.2745
6127 0.3446
6128 0.4449
6129 0.9276
6130 0.1860
6131   NaN
6132 1.6356
6133 3.3576
6134 0.6028
6135 0.1858
6136 0.3123
6137 1.7449
6138 0.2893
6139 0.5338
6140 0.2376
6141 0.1181
6142 0.5515
6143 1.9060
6144 0.5947
6145 0.3389
6146 1.2560
6147 0.3705
6148 0.2005
6149 0.8806
6150 0.8046
6151 0.5319
6152 1.1721
6153 1.0977
6154 0.4341
6155 0.4904
6156 0.6249
6157 0.6370
6158 0.2360
6159 0.4017
6160 1.2792
6161 0.8946
6162 0.4860
6163 0.1920
6164 0.3464
6165 0.4397
6166 0.5440
6167 0.4248
6168 0.9929
6169 0.9722
6170 0.5748
6171 0.6454
6172 4.6464
6173 0.7049
6174 0.5271
6175 1.0193
6176 1.5298
6177 0.2385
6178 1.2726
6179 0.9086
6180 0.1984
6181 3.4967
6182 1.6871
6183 1.5888
6184 0.3695
6185 1.0544
6186 0.3325
6187 0.1992
6188 0.2912
6189 2.3257
6190 0.6088
6191   NaN
6192 0.1532
6193 0.7469
6194 0.3061
6195 0.2545
6196 0.3346
6197 0.5251
6198 1.1594
6199 0.6278
6200 0.6759
6201 0.7093
6202 0.4859
6203 1.1949
6204 0.4376
6205 1.3373
6206 0.5947
6207 0.2720
6208 0.7848
6209 0.2968
6210 0.2357
6211 0.6821
6212 0.4243
6213 0.3768
6214 0.6534
6215 0.2139
6216 0.1956
6217 2.4311
6218 0.5185
6219 0.3551
6220 0.3329
6221 2.2910
6222 0.3011
6223 1.0264
6224 2.0199
6225 1.2268
6226 1.2982
6227 0.5097
6228 0.6110
6229 0.3248
6230 0.7497
6231 0.4050
6232 0.1693
6233 0.9876
6234 0.6221
6235 1.4638
6236 1.0370
6237 0.3136
6238 0.3313
6239 2.7628
6240 1.0052
6241 2.1540
6242 1.4787
6243 0.3703
6244 0.7274
6245 0.7737
6246 0.4858
6247 0.6661
6248 1.0331
6249 0.4711
6250 0.1810
6251 0.8352
6252 2.0522
6253 4.2262
6254 0.1975
6255 0.3119
6256 1.9201
6257 5.8192
6258 1.5352
6259 0.4919
6260 0.3639
6261 0.4782
6262 0.4413
6263 0.6235
6264 0.2356
6265 0.6587
6266 0.3745
6267 0.3260
6268 2.4407
6269 0.8241
6270 0.9096
6271 0.7549
6272 1.7419
6273 1.7177
6274 0.3773
6275 0.6867
6276 2.0331
6277 0.6476
6278 1.1735
6279 2.5478
6280 0.2958
6281 1.5024
6282 0.2378
6283 0.5997
6284 0.5356
6285 0.2335
6286 1.2651
6287 0.9013
6288 0.8838
6289 0.3885
6290 0.1733
6291 4.2288
6292 0.2475
6293 0.2933
6294 0.5345
6295 0.1555
6296 0.3144
6297 1.0227
6298 4.7674
6299 0.7223
6300 1.0145
6301 0.4953
6302 0.4149
6303 0.2677
6304 1.0099
6305 1.5588
6306 0.6113
6307 0.2687
6308 0.3267
6309 0.3520
6310 2.5311
6311 0.5283
6312 0.9080
6313 0.2462
6314 1.1084
6315 0.4375
6316 2.9410
6317 0.1694
6318 0.4813
6319 1.0531
6320 0.2764
6321 0.3591
6322 0.7855
6323 0.4167
6324 0.2725
6325 1.0832
6326 1.5101
6327 3.2027
6328 1.3285
6329   NaN
6330 0.7290
6331 0.3214
6332 0.3448
6333 0.4170
6334 0.8523
6335 1.0979
6336 1.3585
6337 0.2280
6338 3.1810
6339 0.4613
6340 0.2967
6341 0.3346
6342 0.6427
6343 0.4216
6344 0.4207
6345 0.3497
6346 0.5889
6347 0.9079
6348 0.2267
6349 0.3925
6350 0.8157
6351 0.7214
6352 1.5790
6353 0.4894
6354 0.3307
6355 0.2815
6356 2.4138
6357 0.4378
6358 0.3749
6359 0.2099
6360 0.9008
6361 0.6813
6362 0.5323
6363 1.2512
6364 0.2799
6365 0.4461
6366 0.2250
6367 0.4514
6368 1.9418
6369 0.3319
6370 1.0982
6371 0.6793
6372 0.7494
6373 0.3737
6374 1.2420
6375 3.3903
6376 0.2292
6377 1.5676
6378 0.5158
6379 0.9223
6380 0.9740
6381 1.2738
6382 1.6355
6383 0.6250
6384 0.4449
6385 0.7832
6386 0.6012
6387 0.2966
6388 0.5535
6389 0.1170
6390 0.2822
6391 0.5495
6392 0.3292
6393 0.2656
6394 0.2083
6395 0.7056
6396 0.4451
6397 0.4961
6398 4.0891
6399 0.7980
6400 0.5810
6401 1.4405
6402 0.2570
6403 2.3461
6404 0.4570
6405 0.4846
6406 0.3210
6407 1.0275
6408 4.2930
6409 0.4371
6410 1.4036
6411 0.3052
6412 0.5137
6413 0.2196
6414 0.5322
6415   NaN
6416 2.0710
6417 1.2943
6418 0.2993
6419 0.3255
6420 0.2278
6421 0.6101
6422 0.8453
6423 0.3069
6424 2.6906
6425 0.9032
6426 1.6262
6427 1.3441
6428 0.4912
6429 0.5042
6430 0.4088
6431 1.3814
6432 0.9969
6433 0.9364
6434 0.2715
6435 1.4211
6436 1.5394
6437 0.3218
6438 0.6026
6439 0.2045
6440 0.5370
6441 0.6564
6442 0.4987
6443 0.1735
6444 0.5208
6445 0.2909
6446 0.2540
6447 0.4221
6448 0.7755
6449 3.4599
6450 2.0928
6451 1.0334
6452 0.9060
6453 1.3579
6454 0.4158
6455 0.6707
6456 0.7943
6457 0.5142
6458   NaN
6459 0.3942
6460 0.1909
6461 0.4952
6462 0.2672
6463 2.0160
6464 0.1173
6465 0.8295
6466 1.4300
6467 0.1300
6468 1.3108
6469 0.7475
6470 0.4528
6471 0.4459
6472 0.5112
6473 0.8191
6474 1.5218
6475 0.5139
6476 1.4586
6477 0.4209
6478 0.6068
6479 0.4325
6480 0.5734
6481 0.2976
6482 0.6091
6483 1.5417
6484 0.6255
6485 1.0435
6486 0.4914
6487 0.3753
6488 0.6755
6489 0.4854
6490 0.5194
6491 0.7930
6492 1.5884
6493 0.7991
6494 0.1365
6495 0.4861
6496 0.8058
6497 1.2497
6498 0.3066
6499 0.1610
6500 0.3811
6501 0.1805
6502 0.2155
6503 1.7774
6504 0.3864
6505 0.4343
6506 0.2434
6507 0.3881
6508 0.2991
6509 0.4520
6510 1.0986
6511 0.4526
6512 1.2251
6513 0.2016
6514 0.2239
6515 0.8087
6516 1.3350
6517 0.6938
6518 0.4257
6519 0.3167
6520 0.3055
6521 1.3306
6522 0.7104
6523 0.4947
6524 0.3249
6525 1.0575
6526 1.2436
6527 0.2026
6528 0.2473
6529 0.4474
6530 4.7477
6531 1.2635
6532 1.9240
6533   NaN
6534 0.6168
6535 0.3089
6536 0.8929
6537 0.4675
6538 1.4121
6539 1.5536
6540 0.8002
6541 0.5053
6542 0.5646
6543 0.5135
6544 0.4822
6545 0.6101
6546 0.4913
6547 0.2490
6548 0.6260
6549 0.1868
6550 0.2921
6551 1.3550
6552 0.3797
6553 0.2919
6554 0.8052
6555 1.3186
6556 0.4197
6557 0.7284
6558 0.3476
6559 0.8687
6560 0.3525
6561 0.3158
6562 0.2759
6563 0.9754
6564 2.1795
6565 0.7471
6566 2.7784
6567 0.6230
6568 1.6004
6569 1.8450
6570 0.5878
6571 0.4698
6572 0.7183
6573 0.1517
6574 0.3087
6575 1.5295
6576 0.5827
6577 0.6606
6578 0.2679
6579 0.5154
6580 0.4281
6581 1.4203
6582 0.1610
6583 0.4207
6584 0.1799
6585 1.8914
6586 0.4998
6587 0.9177
6588 1.2129
6589 0.4273
6590 0.1603
6591 0.3725
6592 0.9102
6593 1.0795
6594 0.3899
6595 0.2704
6596 0.2369
6597 0.8809
6598 0.6181
6599 0.3380
6600 1.4750
6601 1.9798
6602 0.6737
6603 0.4597
6604 3.2933
6605 7.7362
6606 0.3937
6607 0.4101
6608 0.2809
6609 0.3741
6610 0.2093
6611 0.3711
6612 0.1469
6613 0.3042
6614 4.1855
6615 0.5130
6616   NaN
6617 2.9492
6618 0.8037
6619 0.3989
6620 0.3173
6621 0.4163
6622 0.4126
6623 1.1428
6624 1.3565
6625 0.6563
6626   NaN
6627 1.4216
6628 0.2359
6629 1.0450
6630 1.5239
6631 0.2163
6632 2.7048
6633 0.4848
6634 0.5691
6635 0.8079
6636 1.6794
6637 2.1204
6638 1.0164
6639 0.3010
6640 1.6518
6641 0.4483
6642 2.6334
6643 1.7883
6644 1.3753
6645 1.1807
6646 1.2329
6647 0.5168
6648 0.9649
6649 0.4161
6650 0.3805
6651 0.2366
6652 1.2215
6653 0.3403
6654 0.8978
6655 0.2035
6656 0.9521
6657 0.6519
6658 1.7843
6659 2.6973
6660 1.0028
6661 0.3784
6662 0.3948
6663 0.4061
6664 2.3741
6665 2.3643
6666 1.1906
6667 4.1223
6668 0.3605
6669 0.1486
6670 6.1966
6671 0.3090
6672 0.4143
6673 0.1629
6674 0.2700
6675 0.2798
6676 3.4874
6677 0.2362
6678 0.8222
6679 2.4679
6680 0.5895
6681 0.4021
6682 0.7039
6683 0.1887
6684 0.2677
6685 0.1738
6686 1.3728
6687 0.1418
6688 1.1064
6689 1.2713
6690 0.1972
6691 0.8603
6692 0.2461
6693 0.1968
6694 2.4100
6695 0.5590
6696 0.6320
6697 1.0049
6698 0.4311
6699 1.1783
6700 0.5487
6701 0.1977
6702 0.3184
6703 0.2241
6704 1.4026
6705 0.4290
6706 0.8570
6707 0.3286
6708 0.1575
6709 0.5130
6710 0.3839
6711 0.2584
6712 0.6282
6713 0.5461
6714 1.7893
6715 0.2142
6716 0.2236
6717 0.1950
6718 0.2231
6719 2.3697
6720 0.4439
6721 0.8137
6722 0.2266
6723 0.7803
6724 0.2743
6725 0.3321
6726 0.4387
6727 0.1585
6728 1.6500
6729 0.2408
6730 0.3552
6731 0.1895
6732 0.3817
6733 0.4896
6734 0.2273
6735 0.8037
6736 0.3209
6737 0.3345
6738 0.8869
6739 0.9516
6740 0.5402
6741 0.1372
6742 1.9554
6743 0.2372
6744 1.5161
6745 0.1728
6746 2.4297
6747 0.1205
6748 0.9395
6749 0.2030
6750 3.3768
6751 0.7405
6752 0.1212
6753 0.3943
6754 0.5018
6755 1.1014
6756 0.1776
6757 0.2095
6758 3.5210
6759 0.3193
6760 0.5523
6761 1.5950
6762 1.0300
6763 0.3170
6764 0.6069
6765 1.1304
6766 2.2478
6767 0.4460
6768 1.6164
6769 0.2879
6770 0.9022
6771   NaN
6772 0.1562
6773 0.2806
6774 1.4965
6775 0.2639
6776 0.2227
6777 0.1583
6778 1.1584
6779 0.4591
6780 0.1828
6781 0.2003
6782 0.3600
6783 0.2547
6784 0.3520
6785 0.6691
6786   NaN
6787 0.4065
6788 1.8993
6789 0.1873
6790 0.2097
6791 0.5121
6792 0.2210
6793   NaN
6794 0.3088
6795 1.5516
6796 0.8539
6797 2.7570
6798 0.2465
6799 0.2198
6800 1.1015
6801 0.1853
6802 2.7318
6803 0.3228
6804 0.2145
6805 0.1278
6806 0.5306
6807 0.2036
6808 0.1805
6809 0.2458
6810 0.7499
6811 0.4385
6812 0.6170
6813 0.5327
6814 0.3604
6815 2.0493
6816 0.2469
6817 0.3949
6818 0.3409
6819 1.0060
6820 0.5405
6821 0.3929
6822 0.8895
6823 0.7878
6824 1.8357
6825 0.2053
6826 0.2557
6827 0.9645
6828 2.8221
6829 0.5409
6830 0.5504
6831 0.2167
6832 0.1068
6833 1.9181
6834 0.7880
6835 0.1636
6836 1.2755
6837 0.7659
6838 2.0562
6839 0.4617
6840 0.7429
6841 1.0223
6842 0.4229
6843 0.4177
6844 1.0217
6845 0.5150
6846 0.2874
6847 0.7699
6848 0.7623
6849 0.5712
6850 0.5255
6851 0.2625
6852 0.7857
6853 0.5017
6854 0.4352
6855 0.2128
6856 0.6765
6857 0.2513
6858 0.9187
6859 0.8331
6860 1.0169
6861 0.5642
6862 1.0222
6863 0.7013
6864 0.8132
6865 3.4457
6866 0.3749
6867 0.9520
6868 1.6331
6869 0.1668
6870 0.5352
6871 0.1920
6872 0.6958
6873 0.4392
6874 1.1947
6875 1.4791
6876 3.4803
6877 0.2351
6878 0.6417
6879 0.9716
6880 0.4795
6881 3.6467
6882 2.1598
6883 0.4510
6884 1.5352
6885 0.4511
6886 0.5562
6887 0.8716
6888 0.4523
6889 0.6886
6890 0.4277
6891 0.2704
6892 1.3129
6893 0.5578
6894 0.2867
6895 0.5107
6896 2.7841
6897 0.3469
6898 1.0733
6899 0.5475
6900 0.7976
6901 1.3068
6902 0.1248
6903 0.6812
6904 0.2864
6905 0.3618
6906 0.1939
6907 0.4268
6908 0.6330
6909 0.4519
6910 1.7587
6911 0.7321
6912 0.3727
6913 0.4275
6914 0.4834
6915 0.2732
6916 0.4380
6917 0.5205
6918 0.4858
6919 0.3658
6920 1.1182
6921 1.1952
6922 0.5583
6923 0.2079
6924 0.5364
6925 2.9231
6926 0.2038
6927 0.5393
6928 1.0222
6929 0.9991
6930 0.5994
6931 0.6890
6932 0.3026
6933 0.3762
6934 0.8990
6935 0.3310
6936 0.2655
6937   NaN
6938 0.7931
6939 0.4415
6940 0.7976
6941 0.5116
6942 0.6635
6943 0.5920
6944 1.0556
6945 0.6110
6946 0.5772
6947 0.2168
6948 1.2685
6949 0.8145
6950 0.8021
6951 0.2278
6952 0.6706
6953 3.7265
6954 0.8522
6955 0.2092
6956 2.5156
6957 1.2395
6958 0.6796
6959 5.7429
6960 0.4601
6961 0.1710
6962 0.2616
6963 0.5370
6964 0.1923
6965 0.2907
6966 0.2584
6967 0.8476
6968 1.9303
6969 0.4171
6970 0.4102
6971 0.3208
6972 1.7035
6973 0.5829
6974 0.4592
6975 0.5656
6976 0.2670
6977 0.2937
6978 0.3155
6979 0.1949
6980 0.8998
6981 3.5885
6982 0.5334
6983 0.4903
6984 1.0244
6985 0.3068
6986 0.7543
6987 0.3746
6988 0.3491
6989 1.0691
6990   NaN
6991 0.4552
6992 0.2694
6993 1.8778
6994 0.3817
6995 0.5776
6996 0.3266
6997 1.3345
6998 0.5876
6999 0.2957
7000 1.2942
7001 0.7245
7002 0.3054
7003 0.3397
7004 0.4303
7005 0.4117
7006 2.3636
7007 1.7078
7008 1.0646
7009 1.2179
7010 0.8696
7011 0.2646
7012 1.0110
7013 1.2214
7014 1.6320
7015 0.2818
7016 1.9806
7017 1.7686
7018 0.1310
7019 1.5825
7020 0.1623
7021 0.8218
7022 0.1887
7023 0.6512
7024 2.5194
7025 0.4354
7026 0.5388
7027 0.1688
7028 0.9765
7029 0.2128
7030 1.7312
7031 4.1683
7032 0.4660
7033 0.5064
7034 0.6485
7035 1.5543
7036 0.3666
7037 0.9764
7038 1.7533
7039 2.4052
7040 0.9485
7041 0.6832
7042 1.2526
7043 1.0088
7044 0.5092
7045 0.9914
7046 0.8958
7047 1.1421
7048 0.6310
7049 0.9240
7050 0.3570
7051 0.2670
7052 0.5182
7053 1.3531
7054 0.3777
7055 1.5120
7056 2.7162
7057 0.3920
7058 0.4048
7059 0.1473
7060 0.2868
7061 0.2717
7062 0.2307
7063 2.4909
7064 1.2736
7065 2.1160
7066 1.9597
7067 0.3303
7068 0.7457
7069 0.2101
7070 0.2040
7071 0.1849
7072 0.7492
7073 1.4248
7074 1.0330
7075 0.2854
7076 0.5106
7077 0.2207
7078 0.4674
7079 0.2869
7080 0.6654
7081 1.6553
7082 0.3784
7083 0.5444
7084 0.6111
7085 0.9310
7086 0.3441
7087 0.3426
7088 1.1202
7089 0.7766
7090 0.2819
7091 0.1732
7092 0.3168
7093 1.1547
7094 0.4640
7095 0.5495
7096 0.6775
7097 0.5047
7098 1.0461
7099 0.8726
7100 0.4225
7101 0.2527
7102 0.6331
7103 0.3922
7104 0.3017
7105 1.0267
7106 0.1973
7107 1.8639
7108 0.5443
7109 0.5855
7110 0.6010
7111 0.8315
7112   NaN
7113 0.9239
7114 0.9798
7115 0.4993
7116 0.8354
7117 1.6351
7118 0.5955
7119 0.6139
7120 0.8946
7121 1.0195
7122 0.9199
7123 0.7389
7124 1.4030
7125 0.1521
7126 2.9744
7127 0.5471
7128 0.2858
7129 0.2353
7130 0.4774
7131 0.6508
7132 0.9561
7133 0.6091
7134 0.9577
7135 0.3914
7136 0.5161
7137 1.0276
7138 1.0331
7139 0.2392
7140 0.6389
7141 1.3109
7142 0.2405
7143 1.6898
7144 2.9127
7145 0.3426
7146 3.5641
7147 0.3521
7148 0.3257
7149 1.1814
7150 1.1723
7151 0.5653
7152 1.1722
7153 1.1572
7154 0.9049
7155 0.3180
7156 1.4410
7157 0.4155
7158 2.9698
7159 0.4056
7160 0.6192
7161 0.8477
7162 2.6066
7163 0.1866
7164 2.4343
7165 0.5167
7166 0.2124
7167 0.7937
7168 0.4064
7169 0.2043
7170 4.4333
7171 0.8227
7172 0.2854
7173 3.0331
7174 0.7742
7175 0.2487
7176 0.3553
7177 0.5386
7178 0.4078
7179 0.7970
7180 0.2751
7181 1.7651
7182 0.1872
7183 1.6073
7184 0.7668
7185 0.4328
7186 0.2497
7187 0.3030
7188 0.2566
7189 1.6967
7190 0.5181
7191 0.3041
7192 0.4670
7193 1.6570
7194 0.6492
7195 0.5148
7196 2.6268
7197 0.2872
7198 1.6342
7199 0.4051
7200 0.6346
7201 0.3195
7202 0.4053
7203 1.6341
7204 0.5519
7205 0.3315
7206 1.4713
7207 0.1846
7208 0.3191
7209 2.3949
7210 0.4208
7211 0.3350
7212 0.1854
7213 0.3267
7214 0.3833
7215 1.4717
7216 0.8451
7217 0.2387
7218 1.1644
7219 0.1834
7220 0.1987
7221 1.9040
7222 0.4289
7223 0.1454
7224 1.6474
7225 0.5614
7226 0.4684
7227 1.6516
7228 0.1968
7229 0.3007
7230 0.7917
7231 0.8152
7232 0.5213
7233 0.3029
7234 0.1892
7235 1.0357
7236 1.5354
7237 0.8600
7238 0.6516
7239 0.4898
7240 0.5230
7241 0.4760
7242 0.6926
7243 0.5549
7244 0.3869
7245 0.4025
7246 0.4117
7247 2.2146
7248 0.9932
7249 0.7208
7250 0.6422
7251 0.9014
7252 2.7904
7253 0.4592
7254 0.5185
7255 0.2351
7256 0.2279
7257 0.4533
7258 0.4190
7259 0.3280
7260 1.2370
7261 0.3906
7262 1.1764
7263 0.2404
7264 0.5734
7265 0.2979
7266 0.5961
7267 0.5806
7268 0.7396
7269 1.0305
7270 0.9389
7271 0.5258
7272 0.1669
7273 0.4209
7274 0.2141
7275 0.9012
7276 0.5863
7277 1.0031
7278 0.8060
7279 0.4542
7280 0.2856
7281 1.2213
7282 0.6202
7283 0.3530
7284 0.2502
7285 1.2640
7286 0.4359
7287 0.8696
7288 0.9050
7289 0.9649
7290 1.4678
7291 0.4033
7292 0.6419
7293 1.0607
7294 0.7607
7295   NaN
7296 1.4109
7297 0.3862
7298 0.3236
7299 0.6152
7300 1.5374
7301 0.5948
7302 2.9207
7303 0.7869
7304 0.3751
7305 0.2253
7306 0.4555
7307 0.7294
7308 0.5778
7309 0.3866
7310 1.6993
7311 0.1974
7312 0.1896
7313 0.3103
7314 0.6443
7315 0.3452
7316 0.3142
7317 0.1972
7318 0.7466
7319 0.1458
7320 0.4472
7321 0.1461
7322 2.3313
7323 0.4873
7324 0.2202
7325 1.9959
7326 1.4031
7327 0.9023
7328 0.4119
7329 0.1669
7330 0.1670
7331 1.6701
7332 0.6339
7333 1.4786
7334 0.5603
7335 2.2890
7336 1.3943
7337 0.2374
7338 0.9919
7339 0.3229
7340 0.9131
7341 0.5375
7342 0.6861
7343 0.4738
7344 0.1848
7345 0.2696
7346 0.8378
7347 1.1864
7348 0.4448
7349 0.7748
7350 0.4812
7351 0.5407
7352 0.1823
7353 0.9711
7354 0.3878
7355 0.2184
7356 0.2240
7357 1.4350
7358 0.8365
7359 0.2276
7360 2.2481
7361 0.3591
7362 1.9362
7363 0.4790
7364 1.0035
7365 2.0651
7366 0.4623
7367 0.4231
7368 0.1327
7369 0.2306
7370 1.9597
7371 1.1447
7372 0.1983
7373 0.2285
7374 1.4950
7375 1.6230
7376 0.1539
7377 0.2556
7378 0.5740
7379 1.5965
7380 0.5481
7381 0.6423
7382 0.2307
7383 0.3546
7384 0.3865
7385 2.0045
7386 1.6028
7387 1.7591
7388 2.0570
7389 4.0242
7390 0.3038
7391 0.3062
7392 1.2842
7393 3.6843
7394 0.7146
7395 0.1785
7396 0.5984
7397 0.7412
7398 0.1925
7399 1.1526
7400 1.9804
7401 0.4456
7402 0.4439
7403 0.2782
7404 0.6073
7405 0.9429
7406   NaN
7407 0.2748
7408 0.6434
7409 0.4348
7410 0.6880
7411 0.4968
7412 3.4860
7413 0.4033
7414 0.1938
7415 0.2475
7416 1.1019
7417 0.6936
7418 0.1888
7419 1.1947
7420 1.1875
7421 1.4977
7422 0.5334
7423 0.4869
7424 0.5931
7425 0.7128
7426 4.3590
7427 0.5816
7428 0.5487
7429 0.6269
7430 0.9912
7431 0.3565
7432 2.3934
7433 0.5914
7434 0.3794
7435 0.4346
7436 0.3824
7437 1.3593
7438 1.2961
7439 0.2357
7440 1.9425
7441 1.6745
7442 1.2486
7443 0.3706
7444 0.7605
7445 0.6470
7446 0.2639
7447 1.2484
7448 1.2887
7449 1.2894
7450 0.2017
7451 1.4529
7452 0.2754
7453 1.7168
7454 0.7023
7455 1.5832
7456 0.3344
7457 0.2207
7458 0.6612
7459 0.2293
7460 0.3037
7461 0.5764
7462 0.3870
7463 1.7368
7464 1.0287
7465 1.8615
7466 0.4506
7467 0.5385
7468 0.4700
7469 1.2993
7470 0.5634
7471 0.2759
7472 2.1971
7473 0.3291
7474 1.2341
7475 0.5764
7476 0.6158
7477 0.4038
7478 1.1446
7479 0.3816
7480 0.4940
7481 0.2776
7482 0.2876
7483 0.5879
7484 0.5832
7485 1.2078
7486 1.5850
7487 0.2327
7488 0.9095
7489 0.1953
7490 0.2494
7491 0.5672
7492 0.5124
7493 0.8992
7494 1.1660
7495 0.2703
7496 0.2081
7497 1.2740
7498 1.5752
7499 1.2884
7500 1.8731
