7501 1.2697
7502 0.7614
7503 0.4446
7504 0.9337
7505 0.3745
7506 1.0234
7507 0.6664
7508 1.7166
7509 6.5261
7510 0.8003
7511 0.2473
7512 0.6280
7513 2.0145
7514 0.3009
7515 1.0809
7516 3.1779
7517 3.2176
7518 0.5744
7519 0.5148
7520 0.9317
7521 0.6640
7522 1.0533
7523 1.0525
7524 0.2302
7525 1.2372
7526 0.3500
7527 2.2776
7528 1.4013
7529 2.6124
7530 0.1965
7531 0.7736
7532 0.9629
7533 0.2957
7534 0.4540
7535 0.3562
7536 0.5207
7537 3.5662
7538 0.4617
7539 1.0979
7540 2.9521
7541 0.8309
7542 5.1677
7543 2.1751
7544 1.2448
7545 1.6548
7546 2.3623
7547 0.1907
7548 0.7142
7549 2.0323
7550 0.8399
7551 1.8300
7552 0.1923
7553 0.1807
7554 2.0736
7555 1.6701
7556 1.5830
7557 2.1472
7558 0.8633
7559 1.2212
7560 2.0326
7561 1.1515
7562 2.4207
7563 1.3040
7564 2.3725
7565 1.1679
7566 0.3110
7567 1.2024
7568 1.7752
7569 5.7459
7570 3.1730
7571 2.8302
7572 0.3171
7573 2.7198
7574 1.3303
7575 5.1670
7576 0.5973
7577 0.4472
7578 0.6587
7579 1.4800
7580 1.6965
7581 3.6675
7582 1.6709
7583 1.6620
7584 1.5055
7585 2.1386
7586 0.4299
7587 1.4791
7588 0.8648
7589 0.4444
7590 2.8091
7591 1.5360
7592 0.5106
7593 1.9059
7594 1.1524
7595 0.8712
7596 1.7559
7597 0.8777
7598 1.7656
7599 0.6585
7600 0.3897
7601 0.2085
7602 1.0322
7603 2.8619
7604 1.4609
7605 0.2670
7606 0.5925
7607 1.4289
7608 1.0022
7609 1.4849
7610 0.6847
7611 0.6537
7612 0.2522
7613 1.1125
7614 0.2459
7615 0.2766
7616 2.3540
7617 3.9456
7618 0.5492
7619 1.1027
7620 2.7165
7621 3.8411
7622 2.8627
7623 0.3995
7624 1.4170
7625 2.3566
7626 0.4354
7627 1.1991
7628 0.6277
7629 0.3097
7630 3.0575
7631 1.7001
7632 0.3590
7633 2.2900
7634 2.6393
7635 1.1990
7636 1.0379
7637 2.0052
7638 1.4693
7639 0.3213
7640 3.2335
7641 2.7687
7642 0.5359
7643 0.4988
7644 0.9971
7645 0.2263
7646 2.8186
7647 1.1651
7648 0.2687
7649 3.3993
7650 0.3586
7651 0.4814
7652 0.3890
7653 2.9985
7654 3.4979
7655 2.5770
7656 0.4984
7657 3.3126
7658 2.2170
7659 1.8976
7660 0.3274
7661 3.8427
7662 0.5025
7663 0.1407
7664 0.3453
7665 0.9949
7666 1.6274
7667   NaN
7668 0.2356
7669 1.9719
7670 0.2777
7671 0.5032
7672 0.5430
7673 0.6394
7674 1.3422
7675 1.5013
7676 2.4055
7677   NaN
7678 1.1824
7679 1.3006
7680 6.4327
7681 3.2241
7682 0.3178
7683 1.0261
7684 3.3185
7685 5.0686
7686 1.2103
7687 2.3978
7688 4.0670
7689 3.8400
7690 2.6607
7691 6.0478
7692 3.4244
7693 1.3103
7694 0.4470
7695 1.1697
7696 2.0071
7697 2.8583
7698 1.6277
7699 2.4628
7700 3.9045
7701 1.8413
7702 0.3730
7703 0.1763
7704 2.0918
7705 7.0748
7706 1.7021
7707 2.4830
7708 1.0089
7709 0.4258
7710 1.4168
7711 0.7375
7712 0.9104
7713 2.7259
7714 0.6790
7715 0.7053
7716 0.7363
7717 1.9887
7718 0.2774
7719 2.0874
7720 0.3442
7721 0.7655
7722 0.8789
7723 2.2490
7724 1.8931
7725 0.4278
7726 1.6330
7727 0.2957
7728 1.1553
7729 0.3984
7730 1.7098
7731 3.8800
7732 1.5855
7733 0.3853
7734 0.2287
7735 1.4308
7736 2.3023
7737 0.7273
7738 2.4689
7739 0.7630
7740 0.3643
7741 0.3794
7742 2.7954
7743 1.1395
7744 0.7992
7745 2.3141
7746 2.0048
7747 0.3982
7748 0.2494
7749 0.7973
7750 0.4146
7751 1.9384
7752 1.4072
7753 1.5208
7754 1.4839
7755 1.3029
7756 0.2969
7757 2.8032
7758 2.4790
7759 1.3005
7760 3.4644
7761 0.1784
7762 0.9424
7763 0.8741
7764 0.2530
7765 4.9809
7766 1.2549
7767 2.4631
7768 0.2342
7769 0.8300
7770 0.4433
7771 0.8287
7772 0.1676
7773 1.3271
7774 0.4316
7775 0.8644
7776 0.5849
7777 0.7370
7778 1.3663
7779 1.1356
7780 1.4992
7781 2.9869
7782 0.8593
7783 2.1926
7784 3.0383
7785 1.1622
7786 0.7884
7787 1.5624
7788 1.0884
7789 1.7758
7790 0.5510
7791 0.3636
7792 1.7371
7793 0.3159
7794 0.3983
7795 6.9641
7796 3.3491
7797 2.1707
7798 0.5650
7799 0.5677
7800 0.9485
7801 2.7873
7802 1.8985
7803 0.3975
7804 0.5033
7805 2.0220
7806 1.1932
7807 0.8892
7808 0.4293
7809 2.5713
7810 3.0756
7811 0.6206
7812 0.3206
7813 1.3343
7814 1.5434
7815 0.5883
7816 1.3923
7817 1.2344
7818 4.1521
7819 1.1982
7820 1.0432
7821 0.3596
7822 4.6450
7823 0.5059
7824 0.5037
7825 2.9509
7826   NaN
7827 0.2649
7828 0.1491
7829 0.4315
7830 1.3240
7831 6.1638
7832 0.5764
7833 0.5101
7834 2.2713
7835 1.1049
7836 1.2404
7837 0.8512
7838 0.9677
7839 0.4153
7840 0.2146
7841 0.2569
7842 3.8021
7843 0.8667
7844 1.2541
7845 2.8470
7846 1.6133
7847 1.3851
7848 1.9537
7849 0.7432
7850 1.5167
7851 2.3975
7852 0.3489
7853 0.4570
7854 0.7407
7855 0.2291
7856 0.5952
7857 0.6059
7858 0.7522
7859 0.7322
7860 0.3806
7861 0.5167
7862 0.4504
7863 0.3087
7864 0.3691
7865 0.5801
7866 0.3942
7867 1.4841
7868 2.3722
7869 0.8445
7870 0.8570
7871 0.4717
7872 2.0925
7873 1.0840
7874 0.9079
7875 0.2193
7876 2.0763
7877 2.3525
7878 1.5098
7879 0.9727
7880 0.4969
7881 0.7704
7882 1.3580
7883 5.5748
7884 0.2678
7885 3.6539
7886 0.5740
7887 4.3630
7888 0.8233
7889 0.7097
7890 0.6503
7891 0.2102
7892 2.0191
7893 1.3985
7894 0.5272
7895 0.3529
7896 1.8770
7897 1.9602
7898 0.7060
7899 2.6043
7900 1.5884
7901 0.4761
7902 0.3332
7903 2.7588
7904 3.7219
7905 1.2935
7906 0.4626
7907 1.1752
7908 4.0448
7909 0.2078
7910 0.3655
7911 0.4919
7912 0.7986
7913 1.0381
7914 2.2053
7915 0.8254
7916 5.6081
7917 0.3376
7918 5.1342
7919 1.2962
7920 0.5490
7921 1.2899
7922 0.5200
7923 1.9065
7924 2.3157
7925 1.9489
7926 0.5763
7927 1.7237
7928 0.2005
7929 7.6988
7930 0.1912
7931 0.9966
7932 1.1619
7933 1.1506
7934 3.5332
7935 0.6702
7936 0.8958
7937 0.4562
7938 0.4576
7939 0.4004
7940 0.1637
7941 0.3935
7942 0.3620
7943 1.0533
7944 0.6199
7945 0.3497
7946 1.2440
7947 1.8301
7948 1.2181
7949 3.2040
7950 1.6195
7951 0.3887
7952 1.6662
7953 1.7888
7954 0.5018
7955 3.3642
7956 4.7919
7957 1.3026
7958 0.3654
7959 2.5551
7960 4.5444
7961 0.3132
7962 1.3942
7963 1.5664
7964 1.2291
7965 0.7644
7966 1.0566
7967 0.6854
7968 1.1463
7969 1.4873
7970 2.1010
7971 3.5646
7972 0.8233
7973 0.6148
7974 0.4428
7975 2.6119
7976 0.6784
7977 1.1401
7978 1.0804
7979 2.4549
7980 0.9511
7981 0.4001
7982 4.7451
7983 1.0876
7984 2.8448
7985 1.1168
7986 2.0948
7987 0.3037
7988 1.9552
7989 1.7295
7990 0.3886
7991 1.8444
7992 1.1934
7993 0.8274
7994 0.6594
7995 0.9272
7996 0.4869
7997 0.3945
7998 1.2199
7999 5.4749
8000 3.4211
8001 1.9393
8002 1.5312
8003 0.8862
8004 2.2781
8005 0.6121
8006 2.0404
8007 1.0377
8008 0.5169
8009 0.5408
8010 0.5175
8011 1.2172
8012 1.8725
8013 0.4349
8014 0.3840
8015 0.2052
8016 3.1292
8017 1.6777
8018 0.2592
8019 1.3091
8020 0.3024
8021 1.4588
8022 0.6844
8023 0.4179
8024 1.1066
8025 0.2232
8026 0.7905
8027 0.5502
8028 1.4155
8029 0.9937
8030 0.1840
8031 0.6239
8032 1.9325
8033 3.2136
8034 0.6913
8035 0.2127
8036 0.9552
8037 2.4817
8038 0.2127
8039 2.8577
8040 0.2465
8041 1.3375
8042 0.9792
8043 0.6783
8044 1.3900
8045 0.9896
8046 0.2630
8047 0.3433
8048 0.2857
8049 0.3050
8050 0.4269
8051 0.8176
8052 2.0889
8053 0.4172
8054 0.1760
8055 1.2926
8056 2.3042
8057 0.2161
8058 1.4582
8059 1.2280
8060 0.1798
8061 2.6725
8062 0.6571
8063 0.4508
8064 0.8083
8065 0.1427
8066 0.3024
8067 2.0089
8068 1.1335
8069 0.6229
8070 1.3602
8071 0.7756
8072 3.7565
8073 0.8540
8074 1.1626
8075 1.6444
8076 0.5804
8077 0.7484
8078 1.1064
8079 0.4845
8080 0.1950
8081 0.9687
8082 1.0466
8083 1.1426
8084 0.1594
8085 0.2286
8086 0.6656
8087 0.2158
8088 2.9620
8089 1.4314
8090 0.6908
8091 2.7031
8092 1.0545
8093 0.4375
8094 2.4504
8095 1.8271
8096 0.8965
8097 0.9632
8098 1.7438
8099 2.3980
8100 0.9679
8101 0.7559
8102 2.0170
8103 0.4963
8104 1.5409
8105 0.5263
8106 0.4501
8107 1.1015
8108 1.1259
8109 1.3972
8110 6.0245
8111 0.9897
8112 3.0174
8113 0.5817
8114 1.6321
8115 3.9404
8116 0.6356
8117 0.5600
8118 1.0056
8119 1.2482
8120 0.5841
8121 1.5215
8122 0.5329
8123 2.7683
8124 7.2817
8125 0.8084
8126 1.5569
8127 0.2979
8128 1.0888
8129 1.1753
8130 2.9503
8131 0.8562
8132 1.2334
8133 2.5373
8134 0.2295
8135 1.1983
8136 0.2515
8137 1.0182
8138 2.7219
8139 0.3505
8140 1.1989
8141 1.5715
8142 0.3046
8143 0.8554
8144 0.4020
8145 0.3632
8146 1.2459
8147 0.9939
8148 1.3949
8149 0.3615
8150 0.3455
8151 0.9090
8152 0.5086
8153 0.5484
8154 2.1123
8155 2.6981
8156 2.1647
8157 0.5268
8158 0.7664
8159 0.7052
8160 1.3341
8161 2.9245
8162 1.4778
8163 0.2876
8164 2.3147
8165 0.3876
8166 3.6002
8167 0.4504
8168 2.7821
8169 0.5011
8170 0.2242
8171 1.0102
8172 0.4855
8173 0.5753
8174 0.3195
8175 0.6057
8176 0.5240
8177 1.3729
8178 0.9520
8179 1.4644
8180 1.2456
8181 1.2742
8182 0.3205
8183 0.9571
8184 0.6822
8185 2.7471
8186 0.1809
8187 2.1595
8188 1.2628
8189 0.3704
8190 2.2271
8191 0.5242
8192 1.7878
8193 0.4859
8194 1.7358
8195 0.3314
8196 0.6671
8197 8.8940
8198 0.2514
8199 0.5808
8200 0.7734
8201 0.8453
8202 0.1852
8203 0.2358
8204 2.5004
8205 0.8368
8206 2.9686
8207 3.8575
8208 0.6364
8209 0.7198
8210 1.0775
8211 2.9417
8212 0.7156
8213 0.5177
8214 1.2781
8215 0.9132
8216 0.5514
8217 0.4316
8218 1.0451
8219 0.5005
8220 1.8793
8221 0.4753
8222 0.8190
8223 2.2366
8224 0.9010
8225 0.6545
8226 0.4182
8227 1.9924
8228 3.5227
8229 0.7857
8230 0.6203
8231 1.2822
8232 1.0452
8233 3.2342
8234 1.6247
8235 0.6393
8236 0.4206
8237 0.7630
8238 2.3279
8239 0.5139
8240 1.7924
8241 1.6207
8242 0.2210
8243 0.5479
8244 0.7788
8245 6.5711
8246 5.4893
8247 0.2870
8248 1.9335
8249 0.5206
8250 1.0214
8251 0.4833
8252 0.5020
8253 0.5168
8254 0.6450
8255 2.4247
8256 1.4955
8257 1.9504
8258 1.5064
8259 1.1183
8260 0.3719
8261 1.4279
8262 0.3609
8263 1.7427
8264 0.8948
8265 0.7517
8266 2.2537
8267 2.3289
8268 5.4844
8269 1.8658
8270 1.5724
8271 0.1415
8272 1.1750
8273   NaN
8274 2.1957
8275 0.3757
8276 0.6530
8277 0.2335
8278 1.1763
8279 0.8674
8280 3.4492
8281 0.8301
8282 0.5238
8283 1.5587
8284 1.1975
8285 1.0643
8286 0.3170
8287 0.2678
8288 0.8495
8289 1.1322
8290 2.9423
8291 0.4034
8292 0.2305
8293 1.2438
8294 0.5518
8295 3.6586
8296 0.4755
8297 0.9616
8298 1.8574
8299 1.1022
8300 0.2965
8301 0.6075
8302 1.9847
8303 1.3749
8304 0.6924
8305 1.4185
8306 0.7038
8307 0.1985
8308 3.7904
8309 2.0256
8310 1.1929
8311 1.2873
8312 0.3157
8313 8.1448
8314 1.4186
8315 2.7616
8316 0.9949
8317 0.4044
8318 0.4375
8319 0.4069
8320 0.5824
8321 3.3877
8322 3.4532
8323 3.2370
8324 1.8362
8325 3.8998
8326 1.4414
8327 1.1813
8328 0.2500
8329 0.8451
8330 1.2563
8331 0.6835
8332 1.5403
8333 1.7519
8334 0.9132
8335 4.9873
8336 0.8314
8337 2.4324
8338 8.4151
8339 0.3159
8340 0.7726
8341 1.8497
8342 0.7732
8343 3.0200
8344 0.9922
8345 0.3761
8346 0.5111
8347 1.5227
8348 0.2538
8349 3.2804
8350 0.8584
8351 7.5976
8352 0.3526
8353 0.6659
8354 2.0932
8355 0.4529
8356 2.1533
8357 6.9249
8358 1.1224
8359 1.1403
8360 0.6800
8361 1.1737
8362 2.1002
8363 1.0187
8364 0.3791
8365 1.5514
8366 0.4854
8367 0.3321
8368 1.8362
8369 0.3566
8370 0.6956
8371 2.5203
8372 1.4776
8373 0.9524
8374 0.6307
8375 0.7650
8376 0.6192
8377 0.5945
8378 3.7203
8379 1.6890
8380 1.5540
8381 1.3698
8382 0.4643
8383 0.8340
8384 0.3295
8385 2.2878
8386 0.8192
8387 1.8686
8388 0.3666
8389 2.4169
8390 0.6212
8391 0.6709
8392 1.6547
8393 0.9193
8394 1.6370
8395 1.3823
8396 1.8489
8397 0.5807
8398 0.3092
8399 0.5086
8400 1.1535
8401 0.3420
8402 0.9384
8403 2.5543
8404 1.5053
8405 3.7815
8406 0.4547
8407 0.4291
8408 0.2218
8409 0.8656
8410 0.3596
8411 0.5561
8412 2.0833
8413 0.2335
8414 0.3447
8415 0.1955
8416 1.5346
8417 2.7469
8418 0.3882
8419 4.3655
8420 0.9701
8421 0.6957
8422 1.0685
8423 0.2278
8424 0.8718
8425 0.3587
8426 0.5642
8427 1.1562
8428 0.5129
8429 0.4951
8430 0.7950
8431 1.9625
8432 0.4407
8433 6.9122
8434 1.2088
8435 2.4218
8436 1.1659
8437 1.1416
8438 0.8993
8439 0.7066
8440 0.3436
8441 0.6480
8442 1.6252
8443 0.5368
8444 1.4217
8445 2.7965
8446 0.5122
8447 0.8852
8448 0.7510
8449 1.1116
8450 3.2203
8451 1.2766
8452 0.3756
8453 0.4191
8454 0.6339
8455 0.5200
8456 0.3377
8457 1.6074
8458 1.3880
8459 0.5708
8460 0.9998
8461 0.3655
8462 3.6740
8463 2.3006
8464 0.1266
8465 0.8076
8466 2.9225
8467 3.6052
8468 3.1313
8469 2.2367
8470 0.9579
8471 1.6270
8472 1.6306
8473 1.0644
8474 0.7076
8475 0.2157
8476 0.3883
8477 0.7128
8478 0.3265
8479 0.3956
8480 0.4703
8481 2.7501
8482 0.8344
8483 1.3922
8484 1.3174
8485 0.2367
8486 1.3219
8487 1.8230
8488 0.7999
8489 1.0998
8490 0.3906
8491 0.5067
8492 0.3898
8493 0.4248
8494 1.1663
8495 0.8099
8496 0.9292
8497 0.2979
8498 0.5198
8499 0.9660
8500 0.3888
8501 0.2902
8502 0.2374
8503 2.3960
8504 1.3690
8505 0.1617
8506 1.9680
8507 0.4761
8508 1.4278
8509 1.5713
8510 0.4534
8511 0.3519
8512 1.3351
8513 0.4436
8514 0.6134
8515 1.7207
8516 1.4496
8517 1.7329
8518 0.4227
8519 0.5530
8520 0.2294
8521 1.5057
8522 0.6373
8523 1.7924
8524 1.7517
8525 4.5917
8526 2.4421
8527 1.3511
8528 1.1271
8529 0.6095
8530 1.1224
8531 0.3349
8532 0.9961
8533 0.4422
8534 1.2886
8535 1.6523
8536 1.3414
8537 0.2166
8538 2.0602
8539 2.9263
8540 1.0061
8541 0.6316
8542 1.0127
8543 0.9117
8544 0.4571
8545 1.6698
8546 0.3534
8547 0.1880
8548 0.4788
8549 0.6605
8550   NaN
8551 1.3563
8552 3.2035
8553 2.6499
8554 2.1331
8555 1.1180
8556 1.9198
8557 0.2369
8558 1.6613
8559 0.7973
8560 4.2868
8561 0.3624
8562 0.4757
8563 1.2066
8564 1.6735
8565 0.4343
8566 0.9353
8567 0.6151
8568 1.1021
8569 0.3188
8570 0.3491
8571 2.5872
8572 2.7780
8573 0.4132
8574 1.2327
8575 1.3434
8576 1.1121
8577 0.4241
8578 1.4043
8579 2.6742
8580 0.4397
8581 0.3728
8582 1.5199
8583 0.4802
8584 1.5076
8585 1.0579
8586 0.8352
8587 2.6566
8588 2.4281
8589 1.5528
8590 1.0647
8591 0.5134
8592 0.6399
8593 1.4865
8594 0.3919
8595 0.9293
8596 0.5930
8597 0.5800
8598 1.7675
8599 0.4266
8600 0.3494
8601 1.8570
8602 1.7024
8603 1.4809
8604 0.4826
8605 1.0002
8606 0.2517
8607 1.2388
8608 0.9246
8609 2.5916
8610 0.6091
8611 1.6024
8612 2.7683
8613 0.7933
8614 1.9373
8615 1.3480
8616 0.3843
8617 3.3106
8618 1.7543
8619 0.7647
8620 0.6543
8621 0.8498
8622 0.4844
8623 0.9903
8624 1.1036
8625 1.0196
8626 1.3738
8627 1.1257
8628 0.2352
8629 1.2292
8630 6.8680
8631 1.2190
8632 1.0681
8633 1.0481
8634 2.2749
8635 1.7460
8636 3.1682
8637 3.9306
8638 0.5677
8639 0.5346
8640 0.2873
8641 1.5217
8642 0.1696
8643 0.4287
8644 0.4546
8645 1.3476
8646 1.2728
8647 0.5968
8648 1.0734
8649 0.4962
8650 2.4435
8651 0.3085
8652 7.3092
8653 0.5438
8654 2.7090
8655 2.0823
8656   NaN
8657 2.7229
8658 3.4426
8659 0.6998
8660 3.0798
8661 1.8944
8662 0.3068
8663 0.5101
8664 4.1002
8665 0.4624
8666 3.0794
8667 0.9468
8668 0.8666
8669 1.9634
8670 3.4032
8671 1.3183
8672 2.1390
8673 0.7018
8674 1.1061
8675 0.7600
8676 0.7958
8677 0.3430
8678 1.4866
8679 2.6117
8680 0.2063
8681 0.8432
8682 2.6709
8683 0.7768
8684 0.2453
8685 0.5871
8686 2.1214
8687 0.5458
8688 1.4579
8689 1.5923
8690 0.4623
8691 0.4789
8692 0.8412
8693 0.7954
8694 1.1735
8695 1.1878
8696 0.2746
8697 0.6000
8698 0.1604
8699 0.9057
8700 0.1491
8701 0.5302
8702 3.1877
8703 0.7975
8704 0.6440
8705 1.5319
8706 1.6212
8707 0.3539
8708 0.2539
8709 0.4822
8710 0.5740
8711 2.8890
8712 1.3796
8713 3.4586
8714 0.8667
8715 2.2437
8716 5.1389
8717 1.6921
8718 0.3529
8719 3.5953
8720 1.8424
8721 2.2441
8722 0.8678
8723 1.5524
8724 0.4018
8725 0.1609
8726 0.4936
8727 0.8552
8728 5.4350
8729 1.2295
8730 1.4549
8731 1.8801
8732 1.1592
8733 0.7044
8734 0.8141
8735 1.9233
8736 0.5358
8737 0.3805
8738 0.5675
8739 3.2577
8740 1.3354
8741 1.4721
8742 0.4316
8743 0.1429
8744 0.2276
8745 1.2674
8746 1.5386
8747 0.3427
8748 0.6262
8749 2.3665
8750 0.6250
8751 0.5117
8752 0.2098
8753 2.6475
8754 0.5010
8755 0.3530
8756 2.9243
8757 0.2692
8758 0.7434
8759 1.3446
8760 1.9357
8761 1.2842
8762 2.6085
8763 0.1701
8764 2.7465
8765 2.3028
8766 0.3000
8767 0.3670
8768 2.1544
8769 0.3902
8770 0.3178
8771 2.7207
8772 1.6372
8773 0.2291
8774 1.4208
8775 1.7284
8776 0.7257
8777 1.1791
8778 0.7487
8779 1.7268
8780 0.2156
8781 1.6028
8782 1.2519
8783 2.1970
8784 0.5078
8785 0.4068
8786 0.4681
8787 0.3754
8788 0.2718
8789 4.2021
8790 1.1428
8791 0.7224
8792 1.5696
8793 1.7525
8794 0.3559
8795 1.3772
8796 0.5842
8797 0.8981
8798 0.5857
8799 1.2885
8800 1.9500
8801 0.3271
8802 2.7816
8803 2.7378
8804 3.6094
8805 0.5118
8806 1.2518
8807 0.4561
8808 0.9855
8809 1.4914
8810 1.3601
8811 1.4254
8812 1.9001
8813 0.5304
8814 0.9353
8815 0.2405
8816 0.6880
8817 0.4974
8818 1.4715
8819 2.9250
8820 1.4425
8821 0.3640
8822 1.3154
8823 1.5845
8824 1.3026
8825 0.1641
8826 2.3222
8827 0.2824
8828 1.3675
8829 1.8493
8830 0.6515
8831 1.0200
8832 0.3344
8833 0.4518
8834 1.0969
8835 1.4852
8836 0.4129
8837 1.0923
8838 0.9916
8839 0.4976
8840 1.3287
8841 1.1323
8842 5.2420
8843 1.7075
8844 0.9998
8845 1.5098
8846 2.3590
8847 0.7208
8848 4.3095
8849 0.8003
8850 0.3753
8851 0.4075
8852 0.5918
8853 1.1367
8854 2.1824
8855 0.2780
8856 0.5502
8857 0.5958
8858 0.4096
8859 0.4286
8860 0.5245
8861 0.6144
8862 1.3409
8863 0.4968
8864 1.8380
8865 1.4788
8866 0.7572
8867 0.8262
8868 1.7405
8869 1.0948
8870 0.8905
8871 0.5450
8872 0.2255
8873 0.5701
8874 0.2647
8875 0.2183
8876 6.1528
8877 0.6519
8878 1.2932
8879 1.9885
8880 0.7964
8881 4.5810
8882 1.6766
8883 0.5174
8884 0.4300
8885 0.2649
8886 1.5024
8887 5.6725
8888 0.8437
8889 0.5511
8890 0.8781
8891 2.5391
8892 0.3347
8893 0.5053
8894 1.1606
8895 1.3663
8896 0.4293
8897 1.2317
8898 1.1396
8899 0.3545
8900 3.6126
8901 0.5384
8902 2.3666
8903   NaN
8904 1.3652
8905 3.8226
8906 2.0714
8907 0.9938
8908 1.3102
8909 2.4572
8910 0.8423
8911 0.3846
8912 0.1197
8913 1.2430
8914 0.3226
8915 1.8950
8916 1.1935
8917 3.9621
8918 1.5873
8919 1.2333
8920 1.5943
8921 2.2667
8922 1.3064
8923 1.4864
8924 2.4823
8925 0.3816
8926 1.5244
8927 2.0406
8928 1.1998
8929 1.2033
8930 1.0144
8931 0.2468
8932 0.6266
8933 1.7116
8934   NaN
8935 0.7760
8936 0.8777
8937 1.0273
8938 3.1756
8939 1.3042
8940 4.9207
8941 1.4813
8942 0.3814
8943 0.4235
8944 1.9712
8945 1.1198
8946 0.5425
8947 0.5189
8948 4.7284
8949 1.6855
8950 0.2703
8951 0.3607
8952 0.4731
8953 0.7450
8954 3.5388
8955 0.4829
8956 1.6531
8957 3.2905
8958 1.4861
8959 0.9072
8960 1.3129
8961 0.3090
8962 0.3038
8963 3.0736
8964 0.4703
8965 2.3131
8966 1.0601
8967 0.8725
8968 0.3837
8969 0.4535
8970 1.4130
8971 2.6036
8972 0.2008
8973 1.3505
8974 0.2272
8975 1.1846
8976 3.2379
8977 1.4127
8978 0.4142
8979 1.5856
8980 1.0921
8981 11.4330
8982 0.5832
8983 0.5649
8984 1.9027
8985 2.0505
8986 0.7688
8987 0.9553
8988 0.5287
8989 0.1894
8990 0.3563
8991 1.1299
8992 0.7348
8993 1.2682
8994 1.8242
8995 0.6241
8996 3.8262
8997 0.1506
8998 2.0344
8999 0.5825
9000 0.3385
9001 0.4513
9002 6.0743
9003 1.0190
9004 0.6541
9005 0.5110
9006 0.4273
9007 1.1880
9008 0.7409
9009 3.1243
9010 1.1233
9011 1.1304
9012 1.7406
9013 0.5531
9014 1.7172
9015 1.8175
9016 0.4283
9017 0.3968
9018 0.7751
9019 2.1757
9020 2.5652
9021 0.7791
9022 0.8252
9023 2.5469
9024 2.3668
9025 0.2266
9026 5.1541
9027 0.9190
9028 0.9318
9029 0.3930
9030 1.3540
9031 1.8812
9032 0.9439
9033 1.5232
9034 0.2386
9035 3.7436
9036 0.2523
9037 0.6177
9038 0.3577
9039 0.5899
9040 0.7074
9041 0.4192
9042 0.3799
9043 0.5166
9044 0.3571
9045 0.1586
9046 0.7040
9047 2.3089
9048 1.0435
9049 1.7801
9050 0.9539
9051 2.4833
9052 1.5869
9053 4.6356
9054 3.7705
9055 1.8271
9056 0.2422
9057 1.9868
9058 0.8074
9059 1.1007
9060 0.1766
9061 0.3851
9062 0.2394
9063 0.8791
9064 0.1513
9065 0.5209
9066 1.0241
9067 0.8655
9068 1.3028
9069 2.3992
9070 0.4756
9071 0.5381
9072 2.0385
9073 1.0258
9074 0.4788
9075 1.6052
9076 1.8680
9077 0.6806
9078 0.2799
9079 0.4853
9080 1.4336
9081 0.4837
9082 2.1250
9083 0.7517
9084 0.8137
9085 0.3359
9086 0.8053
9087 1.1059
9088 0.3242
9089 0.7014
9090 1.0689
9091 0.0997
9092 1.0002
9093 0.5605
9094 1.8002
9095 3.5922
9096 1.8729
9097 0.6162
9098 1.9052
9099 0.4350
9100 2.4141
9101 2.1065
9102 0.7050
9103 2.0113
9104 0.7245
9105 1.3464
9106 2.0103
9107 1.4109
9108 0.8753
9109 1.3439
9110 0.3630
9111 0.5175
9112 1.9379
9113 0.7210
9114 1.9689
9115 2.3033
9116 2.0925
9117 0.4117
9118 1.1566
9119 1.1696
9120 1.7046
9121 1.0219
9122 2.0480
9123 0.6191
9124 0.5534
9125 0.7047
9126 7.4998
9127 1.2922
9128 8.2655
9129 1.2579
9130 0.4521
9131 1.2571
9132 1.3414
9133 0.9220
9134 1.3448
9135 1.0896
9136 0.4191
9137 3.7576
9138 0.6998
9139 0.5695
9140 0.5927
9141 1.8902
9142 0.2211
9143 0.2760
9144 1.2937
9145 0.3762
9146 0.7791
9147 1.6971
9148 0.6084
9149 1.7452
9150 0.4265
9151 0.4722
9152 0.7029
9153 2.2857
9154 1.5441
9155 1.0507
9156 0.3308
9157   NaN
9158 9.1732
9159 0.5040
9160 1.1138
9161 1.3867
9162 0.2960
9163 0.9733
9164 0.2939
9165 0.5535
9166 0.7864
9167 2.4951
9168 0.5754
9169 2.5219
9170 3.9149
9171 1.8061
9172 3.8007
9173 5.2563
9174 1.5665
9175 0.6027
9176 1.3737
9177 0.3433
9178 0.5811
9179 0.4938
9180 0.6095
9181 4.1973
9182 1.3092
9183 1.0482
9184 0.3503
9185 0.5182
9186 0.4881
9187 2.0047
9188 0.3838
9189 2.1483
9190 0.9576
9191 0.5140
9192 1.6078
9193 2.4890
9194 0.3478
9195 1.3847
9196 0.6775
9197 0.2976
9198 0.8838
9199 0.7062
9200 1.0164
9201 0.1828
9202 2.2975
9203 0.2345
9204 2.1960
9205 0.3621
9206 3.6117
9207 2.7062
9208 3.3750
9209 1.5454
9210 0.3959
9211 1.7161
9212 0.3611
9213 0.2330
9214 0.9667
9215 1.1160
9216 2.0052
9217 1.3308
9218 1.5298
9219 1.9978
9220 0.7595
9221 0.4693
9222 3.3148
9223 2.6802
9224 3.7945
9225 0.4570
9226 1.2120
9227 1.5500
9228 0.8514
9229 0.7494
9230 1.9120
9231 1.5865
9232 0.7967
9233 3.5647
9234 1.0319
9235 0.8036
9236 0.1935
9237 0.4479
9238 1.7381
9239 0.6898
9240 1.3569
9241 1.4357
9242 1.4212
9243 0.5274
9244 1.8439
9245 0.8524
9246 0.5378
9247 0.2021
9248 2.2897
9249 1.5139
9250 0.4749
9251 1.5681
9252 3.7135
9253 0.4292
9254 1.0758
9255 0.2560
9256 1.8941
9257 1.0827
9258 1.5672
9259 0.4251
9260 1.7557
9261 0.9607
9262 4.1145
9263 0.4519
9264 0.8901
9265 0.3504
9266 1.6476
9267 0.9855
9268 1.9944
9269 1.8394
9270 0.6432
9271 2.2619
9272 1.1436
9273 0.4692
9274 0.9533
9275 1.3550
9276 0.5646
9277 1.4326
9278 1.1959
9279 1.8827
9280 0.4511
9281 0.6253
9282 0.3476
9283 1.5021
9284 0.6586
9285 0.4621
9286 1.4170
9287 0.7628
9288 1.9175
9289 3.2322
9290 4.1726
9291 0.4771
9292 0.3749
9293 0.5423
9294 2.6750
9295 1.3682
9296 0.3865
9297 0.3377
9298 0.2247
9299 1.3408
9300 1.1489
9301 0.4443
9302 1.1125
9303 0.4086
9304 0.5765
9305 3.3520
9306 0.7767
9307 0.9532
9308 2.3093
9309 0.3054
9310 1.5599
9311 0.5129
9312 0.1866
9313 0.3279
9314 0.4284
9315 1.4850
9316 4.4038
9317 0.9905
9318 1.0428
9319 2.7582
9320 1.7957
9321 0.3667
9322 0.6306
9323 2.3873
9324 0.5781
9325 0.4152
9326 1.3551
9327 1.0660
9328 0.4926
9329 1.4505
9330 0.3128
9331 2.3424
9332 4.3016
9333 0.8836
9334 1.3183
9335 1.0870
9336 3.8538
9337 2.6982
9338 1.7528
9339 1.8993
9340 0.4076
9341 0.5660
9342 1.1208
9343 1.1938
9344 1.5187
9345 0.5450
9346 4.0223
9347 0.8466
9348 1.7252
9349 0.4335
9350 1.2366
9351 1.7072
9352 1.7054
9353 0.2011
9354 1.2024
9355 1.6987
9356 1.4542
9357 0.7982
9358 3.6293
9359 1.0244
9360 0.6026
9361 1.2570
9362 0.7424
9363 1.2334
9364 0.2836
9365 0.5011
9366 3.5520
9367 0.2217
9368 0.8724
9369 0.6789
9370 0.2074
9371 0.4009
9372 1.0317
9373 0.9854
9374 3.0993
9375 1.2104
9376 1.0191
9377 1.3250
9378 0.6787
9379 0.3780
9380 0.1464
9381 0.8669
9382 0.4141
9383 1.3634
9384 0.6852
9385 0.5907
9386 0.3227
9387 2.0335
9388 0.5352
9389 5.3445
9390 0.3532
9391 1.2260
9392 0.3997
9393 0.5744
9394 0.2538
9395 0.7553
9396 0.5490
9397 1.9613
9398 0.4601
9399 1.0618
9400 0.3711
9401 1.6782
9402 0.9495
9403 0.3480
9404 0.1401
9405 0.3481
9406 1.2188
9407 1.4611
9408 0.2437
9409 0.8523
9410 0.4488
9411 0.3562
9412 0.4860
9413 1.4397
9414 0.6684
9415 0.3725
9416 1.2728
9417 0.6509
9418 1.1535
9419 2.5455
9420 0.1390
9421 1.9119
9422 0.7271
9423 1.3888
9424 1.0070
9425 0.4522
9426 1.4975
9427 0.2894
9428 0.5183
9429 3.0409
9430 0.4952
9431 0.3066
9432 0.8968
9433 2.2669
9434 0.8157
9435 0.1824
9436 3.2198
9437 0.3303
9438 1.0272
9439 0.5958
9440 1.7197
9441 0.8227
9442 1.6561
9443 0.4435
9444 0.5818
9445 0.8826
9446 0.4928
9447 1.8735
9448 6.3120
9449 0.5788
9450 0.9503
9451 2.2114
9452 0.3260
9453 0.4301
9454 0.2822
9455 1.7755
9456 1.8158
9457 0.2395
9458 0.7585
9459 1.2613
9460 0.1583
9461 0.2280
9462 3.2842
9463 0.3686
9464 0.7907
9465 6.3612
9466 1.3602
9467 0.3432
9468 0.3602
9469 0.2055
9470 2.3745
9471 2.9927
9472 0.2374
9473 2.7816
9474 1.7172
9475 2.4675
9476 0.3932
9477 4.5132
9478 2.9541
9479 1.4011
9480 1.2193
9481 0.7088
9482 0.2414
9483 2.5275
9484 0.8800
9485 5.1154
9486 1.1789
9487 3.1816
9488 1.6272
9489 0.1737
9490 1.3232
9491 0.1620
9492 0.9508
9493 1.3304
9494 0.1512
9495 0.5942
9496 0.3192
9497 1.0517
9498 0.2749
9499 0.5542
9500 1.3689
9501 0.6980
9502 2.3487
9503 0.5009
9504 1.3558
9505 1.1805
9506 1.9462
9507 1.3859
9508 1.7161
9509 3.0853
9510 1.0902
9511 1.4072
9512 1.1478
9513 0.6562
9514 4.2249
9515 0.8703
9516 0.3300
9517 3.1156
9518 2.3117
9519 1.1922
9520 1.4699
9521 0.8181
9522 0.8340
9523 1.7705
9524 0.3407
9525 0.2553
9526 1.8931
9527 0.9576
9528 0.5331
9529 0.4252
9530 1.2221
9531 0.6931
9532 0.2996
9533 0.6077
9534 0.5173
9535 4.3848
9536 1.1098
9537 0.2803
9538 0.7898
9539 1.6045
9540 1.1591
9541 1.5015
9542 1.7177
9543 0.6827
9544 4.6882
9545 3.0434
9546 0.2898
9547 1.7003
9548 0.4983
9549 0.1940
9550 0.1381
9551 1.4892
9552 0.9565
9553 0.2911
9554 0.6153
9555 1.9979
9556 0.7387
9557 0.3365
9558 0.4365
9559 0.2784
9560 0.7464
9561   NaN
9562 2.6976
9563 0.8794
9564 0.4350
9565 0.4356
9566 0.4000
9567 3.0530
9568 1.5047
9569 1.0539
9570 1.1765
9571 0.3564
9572 3.3168
9573 0.3387
9574 0.5959
9575 0.9720
9576 1.6768
9577 0.4856
9578 1.4030
9579 0.9129
9580 0.4054
9581 0.3887
9582 0.3575
9583 3.0026
9584 2.8318
9585 0.3947
9586 0.8511
9587 1.8074
9588 2.0458
9589 1.7856
9590 3.0199
9591 0.2299
9592 0.3579
9593 1.0016
9594 0.5800
9595 0.4099
9596 1.3865
9597 0.4330
9598 1.6379
9599 7.6268
9600 0.8913
9601 2.3856
9602   NaN
9603 0.7253
9604 0.5107
9605 0.5363
9606 2.3459
9607 0.3981
9608 0.7407
9609 0.4097
9610 4.9153
9611 0.3951
9612 0.5284
9613 1.0714
9614 0.1763
9615 0.7571
9616 1.6072
9617 1.7590
9618 2.7847
9619 0.7487
9620 1.2176
9621 1.1268
9622 0.6901
9623 3.3085
9624 1.2184
9625 1.9119
9626 1.3207
9627 0.2060
9628 0.8873
9629 0.4880
9630 1.1178
9631 2.2063
9632 2.4509
9633 0.2588
9634 0.5711
9635 3.3061
9636 1.4290
9637 2.8109
9638 0.3553
9639 0.1243
9640 1.6099
9641 0.2654
9642 0.4508
9643 0.8819
9644 1.3336
9645 1.5439
9646 2.0484
9647 0.5442
9648 2.1725
9649 0.8670
9650 0.4229
9651 0.5196
9652 0.1381
9653 0.5139
9654 0.6056
9655 0.3817
9656 2.8820
9657 0.2099
9658 1.9734
9659 4.8803
9660 0.8298
9661 3.3040
9662 0.2508
9663 4.0622
9664 0.7814
9665 0.8768
9666 0.2967
9667 0.5814
9668 0.6431
9669 2.4796
9670 1.4089
9671 2.5096
9672 0.6433
9673 0.3288
9674 0.1404
9675 0.3459
9676 6.5299
9677 0.5375
9678 3.4885
9679 0.5995
9680 0.8222
9681 2.7289
9682 0.1428
9683 1.7841
9684 0.8345
9685 1.0395
9686 2.8211
9687 0.5090
9688 0.8352
9689 4.4195
9690 1.5830
9691 0.2376
9692 1.2636
9693 0.8654
9694 1.4531
9695 1.6820
9696 0.8474
9697 0.5428
9698   NaN
9699 1.1556
9700 0.4916
9701 0.2497
9702 0.3967
9703 1.8382
9704 1.4301
9705 3.8499
9706 0.2266
9707 2.1252
9708 0.6698
9709 1.8225
9710 3.9341
9711 2.3873
9712 0.3589
9713 2.9906
9714 1.8897
9715 0.6336
9716 0.4787
9717 1.6937
9718 0.5780
9719 1.4938
9720 0.2924
9721 2.2475
9722 1.1366
9723 3.1617
9724 0.3870
9725 0.6819
9726 0.8574
9727 0.9609
9728 1.3885
9729 3.0138
9730 1.3509
9731 2.9512
9732 0.8793
9733 1.4216
9734 3.2321
9735 0.8724
9736 4.4611
9737 0.1327
9738 2.0945
9739 1.5488
9740   NaN
9741 0.7199
9742 0.3467
9743 1.0785
9744 0.4522
9745 2.0019
9746 0.3589
9747 6.3891
9748 0.6437
9749 0.4812
9750 0.9809
9751 0.6237
9752 4.5314
9753 1.7032
9754 1.5373
9755 0.4685
9756 1.3466
9757 0.2612
9758 0.4655
9759 0.5155
9760 0.3558
9761 0.4079
9762 1.5541
9763 0.3859
9764 5.0217
9765 0.3070
9766 0.3186
9767 0.2502
9768 0.9714
9769 2.5258
9770 0.1472
9771 0.5334
9772 1.4024
9773 0.6955
9774 1.6322
9775 0.3033
9776 0.4050
9777 3.3335
9778 0.3584
9779 1.6190
9780 1.3989
9781 0.5039
9782 1.0772
9783 1.5723
9784 0.4981
9785 0.4383
9786 1.4675
9787 3.5735
9788 0.5626
9789 1.9072
9790 0.5705
9791 2.1541
9792 1.0362
9793 0.4024
9794 1.2327
9795 2.9366
9796 2.3609
9797 1.2471
9798 0.8684
9799 1.7189
9800 0.7731
9801 1.2308
9802 0.5236
9803 0.8584
9804 2.0210
9805 0.3721
9806 0.6036
9807 0.3301
9808 1.1082
9809 0.3759
9810 2.0850
9811 0.8603
9812 0.1647
9813 0.8653
9814 1.7316
9815 0.4289
9816 0.4606
9817 7.8965
9818 1.7099
9819 0.3401
9820 1.9139
9821 2.2389
9822 0.3780
9823 0.6766
9824 0.2137
9825 0.6842
9826 0.2395
9827 1.3043
9828 0.9797
9829 0.6264
9830 0.3157
9831 2.6703
9832 0.3917
9833 0.9663
9834 2.1082
9835 0.4843
9836 0.6361
9837 0.7753
9838 0.2798
9839 1.0854
9840 0.8690
9841 0.7938
9842 0.5574
9843 0.7075
9844 0.8213
9845 0.3099
9846 1.7462
9847 0.5271
9848 0.7863
9849 0.9201
9850 2.0495
9851 5.0262
9852 0.9045
9853 0.3605
9854 1.6322
9855 1.9416
9856 1.5618
9857 0.6572
9858 1.2557
9859 0.7433
9860 0.4575
9861 2.8117
9862 0.7122
9863 0.4917
9864 0.1977
9865 1.1950
9866 0.2427
9867 1.0315
9868 0.6552
9869 1.8677
9870 1.7096
9871 0.2596
9872 2.7655
9873 0.2196
9874 1.2343
9875 4.1448
9876 1.7101
9877 0.6963
9878 1.8646
9879 1.5078
9880 1.0029
9881 0.3790
9882 0.4280
9883 0.5965
9884 1.2620
9885 0.4896
9886 1.6336
9887 3.6978
9888 0.4716
9889 1.2234
9890 0.7053
9891 2.0575
9892 3.3146
9893 0.2043
9894 0.2843
9895 0.5376
9896 0.6937
9897 0.4181
9898   NaN
9899 0.5535
9900 0.3115
9901 3.0760
9902 1.4721
9903 1.7167
9904 0.4304
9905 0.8485
9906 1.9377
9907 0.6883
9908 0.9497
9909 1.3881
9910 0.5649
9911 0.1739
9912 1.1103
9913 6.3275
9914 1.3400
9915 4.2970
9916 0.5415
9917 0.2950
9918 0.7768
9919 0.3439
9920 1.0797
9921 3.6094
9922 1.5776
9923 2.6506
9924 0.5218
9925 0.9960
9926 1.8386
9927 3.3385
9928 0.7838
9929 0.3592
9930 0.8731
9931 2.2734
9932 0.9321
9933 1.6050
9934 0.7694
9935 4.1385
9936 1.7032
9937 1.1406
9938 1.8569
9939 0.2358
9940 0.4406
9941 0.3988
9942 0.5545
9943 1.8038
9944 1.3340
9945 0.7035
9946 0.8864
9947 0.3189
9948 0.8003
9949 0.3247
9950 0.4241
9951 0.4295
9952 1.7271
9953 1.1342
9954 0.8955
9955 0.3123
9956 1.0397
9957 1.4033
9958 2.6232
9959 0.3287
9960 2.7939
9961 0.8577
9962 0.7231
9963 1.0412
9964 1.6273
9965 0.6010
9966 0.9078
9967 0.8712
9968 0.2936
9969 0.4626
9970 1.7789
9971 0.7801
9972 1.0663
9973 5.7176
9974 3.8052
9975 0.9139
9976 0.5450
9977 8.3038
9978 1.2321
9979 1.5644
9980 0.4322
9981 0.5044
9982 0.9871
9983 1.5637
9984 1.6859
9985 1.5448
9986 0.4609
9987 1.7143
9988 0.5131
9989 0.2597
9990 0.3579
9991 1.9038
9992 1.2234
9993 0.8791
9994 2.4185
9995 2.6427
9996 0.4249
9997 0.5662
9998 1.7118
9999 0.8551
10000 2.2626
