   1 6.4505
   2 5.5995
   3 5.5650
   4 7.7705
   5 6.5665
   6 5.6737
   7 7.2718
   8 5.8164
   9 18.8597
  10 16.2732
  11 17.3535
  12 6.6462
  13 1.3391
  14 11.0133
  15 8.8319
  16 4.4621
  17 6.1463
  18 9.3250
  19 5.6564
  20 6.6429
  21 5.9761
  22 5.1954
  23 15.4885
  24 14.3852
  25 36.8974
  26 5.4953
  27 6.2252
  28 4.8385
  29 16.0692
  30 16.8672
  31 2.5338
  32 8.0696
  33 16.3930
  34 8.4886
  35 9.2953
  36 4.1758
  37 1.8065
  38 35.5289
  39 3.7913
  40 7.4731
  41 0.5172
  42 4.0795
  43 5.6985
  44 10.2573
  45 9.3030
  46 12.3152
  47 27.0368
  48 4.5872
  49 20.3280
  50 6.6856
  51 27.7748
  52 6.3178
  53 2.3158
  54 21.8548
  55 18.6918
  56 49.0768
  57 4.3314
  58 17.5962
  59 21.2291
  60 5.1537
  61 20.6004
  62 10.8227
  63 12.4608
  64 3.2163
  65 19.4048
  66 20.4587
  67 13.3549
  68 5.2552
  69 4.1060
  70 9.5335
  71 3.3190
  72 23.2863
  73   NaN
  74 1.6907
  75 1.1333
  76 4.9634
  77 8.2931
  78 5.5413
  79 18.2344
  80 13.2765
  81 11.0510
  82 1.8800
  83 5.0225
  84 4.7768
  85 28.8449
  86 25.7491
  87 7.0831
  88 18.5093
  89 9.9442
  90 5.5670
  91 37.3046
  92 28.8372
  93 10.2262
  94 1.4281
  95 4.2244
  96 7.1827
  97 14.9134
  98 20.7490
  99 18.7650
 100 5.1591
 101 6.7098
 102 12.6174
 103 2.5009
 104 1.8043
 105 17.0396
 106 2.0379
 107 14.3403
 108 7.7524
 109 1.2670
 110 3.0613
 111 13.0937
 112 2.6991
 113 10.6002
 114 7.5073
 115 26.8313
 116 15.7712
 117 18.7574
 118 8.3704
 119 7.3982
 120 11.6449
 121 6.2873
 122 2.3572
 123 6.5527
 124 17.0889
 125 14.0556
 126 2.3449
 127 7.0980
 128 7.2271
 129 1.8326
 130 2.3792
 131 4.9308
 132 13.5781
 133   NaN
 134 5.1882
 135 14.0270
 136 17.1982
 137 6.2649
 138 10.0395
 139 15.7249
 140 2.3057
 141 28.1513
 142 3.1558
 143 2.1908
 144 11.9485
 145 3.4407
 146 6.6147
 147 6.3873
 148 20.8399
 149 6.0073
 150 13.4767
 151 14.5116
 152 21.8676
 153 7.6771
 154 18.7049
 155 22.0152
 156 25.6813
 157 24.2870
 158 4.1424
 159 20.6118
 160 22.2996
 161 19.3718
 162 3.3932
 163 19.8571
 164 4.0334
 165 3.4390
 166 5.0300
 167 18.8523
 168 4.6549
 169 3.4429
 170 24.7005
 171 1.1685
 172 2.4394
 173 2.1643
 174 28.2322
 175 5.6928
 176 28.6644
 177 3.6504
 178 18.4357
 179 1.0645
 180 26.0380
 181 12.7506
 182 9.0934
 183 16.3983
 184 4.9227
 185 2.3511
 186 44.3155
 187 13.1793
 188 13.3341
 189 15.2766
 190 5.7639
 191 7.5603
 192 25.4817
 193 6.9846
 194 15.3993
 195 3.7690
 196 11.9708
 197 16.3760
 198 6.3102
 199 19.1773
 200 19.3735
 201 0.3801
 202 10.1610
 203 19.3525
 204 9.0793
 205 11.2603
 206 26.4525
 207 21.7827
 208 10.7608
 209 2.4398
 210 2.5588
 211 4.7075
 212 10.6601
 213 12.6028
 214 6.3307
 215 10.9373
 216 8.6749
 217 26.6823
 218 0.8613
 219 1.3254
 220 12.8441
 221 3.3885
 222 8.2622
 223 11.8019
 224 4.0343
 225 12.1284
 226 4.8767
 227 9.4513
 228 17.6899
 229 24.4912
 230 14.7732
 231 6.0991
 232 1.1937
 233 11.7948
 234 7.1894
 235 42.4077
 236 7.4826
 237 27.5963
 238 6.7779
 239 2.3138
 240 35.5962
 241 23.6377
 242 1.1305
 243 8.5551
 244 4.0976
 245 8.8907
 246 22.5347
 247 2.5243
 248 25.7346
 249 2.3485
 250 10.4722
 251 0.3727
 252 1.2959
 253 3.4415
 254 16.5859
 255 12.7248
 256 13.7501
 257 12.0791
 258 1.6111
 259 14.8477
 260 2.7624
 261 0.3930
 262 12.8432
 263 9.2081
 264 7.1308
 265 18.9780
 266 4.8583
 267 4.6482
 268 9.2506
 269 10.4553
 270 8.0396
 271 24.4360
 272 24.2655
 273 3.2231
 274 22.9423
 275 30.6687
 276 16.2467
 277 2.5178
 278 4.8695
 279 21.5821
 280 5.2237
 281 5.1116
 282 17.3714
 283 17.5195
 284 6.2969
 285 27.1024
 286 13.8677
 287 48.8582
 288 20.5318
 289 3.1579
 290 8.7793
 291 8.2865
 292 13.9318
 293 22.9660
 294 34.8316
 295 1.4226
 296 12.2907
 297 5.5296
 298 21.5364
 299 4.2791
 300 18.4877
 301 1.6162
 302 6.0674
 303 0.7969
 304 11.2380
 305 53.1859
 306 6.6788
 307 4.1611
 308 25.1143
 309 20.9768
 310 10.1873
 311 2.7314
 312 3.3994
 313 17.5568
 314 4.1369
 315 23.1868
 316 3.3356
 317 19.1828
 318 30.4142
 319 62.8441
 320 19.3077
 321 11.1231
 322 3.0872
 323 1.8569
 324 3.2367
 325 5.3505
 326 6.4151
 327 31.7383
 328 1.0244
 329 6.9795
 330 5.3952
 331 6.7443
 332 20.2910
 333 17.5915
 334 4.7603
 335 7.7622
 336 1.9810
 337 20.7510
 338 10.1688
 339 11.8330
 340 3.2165
 341 2.7249
 342 4.6752
 343 3.6394
 344 4.3835
 345 7.9748
 346 69.2232
 347 19.7997
 348 1.9712
 349 11.9182
 350 6.2965
 351 8.5698
 352 9.3824
 353 32.6156
 354 6.5977
 355 6.7492
 356 6.8888
 357 34.1088
 358 5.7485
 359 13.2217
 360 3.4656
 361 18.8572
 362 9.7343
 363 0.8364
 364 16.8364
 365 53.4357
 366 19.8348
 367 24.8131
 368 2.0491
 369 1.7032
 370 29.5063
 371 5.8637
 372 0.5724
 373 13.2640
 374 6.1431
 375 3.2480
 376 2.7494
 377 4.5563
 378 31.9180
 379 2.1567
 380 53.0917
 381 10.1475
 382 16.4744
 383 5.0337
 384 7.4300
 385 30.8029
 386 4.2355
 387 8.9277
 388 2.4287
 389 14.1798
 390 2.5875
 391 4.6529
 392 4.5081
 393 4.8493
 394 13.6232
 395 2.6424
 396 3.9599
 397 7.7992
 398 0.9971
 399 1.6073
 400 11.3340
 401 5.2213
 402 17.5288
 403 9.0254
 404 2.1852
 405 66.9763
 406 17.7782
 407 15.0043
 408 19.4643
 409 18.6314
 410 12.1782
 411 8.9867
 412 25.5739
 413 8.6261
 414 6.2244
 415 7.4447
 416 25.2539
 417 14.3603
 418 6.6452
 419 24.6221
 420 16.3499
 421 9.1422
 422 15.4537
 423 28.8879
 424 7.9923
 425 7.4074
 426 18.2809
 427 19.9863
 428 3.7261
 429 7.7274
 430 2.7551
 431 17.0149
 432 23.3051
 433 10.8395
 434 9.0978
 435 15.7438
 436 6.0413
 437 42.0042
 438 10.7776
 439 6.6265
 440 4.3971
 441 27.6517
 442 25.5139
 443 27.5071
 444 13.8369
 445 27.5834
 446 10.3274
 447 17.1857
 448 13.7953
 449 47.6126
 450 0.4133
 451 9.5240
 452 7.9984
 453 21.3452
 454 9.5849
 455 6.7319
 456 29.3475
 457 14.3323
 458 12.6263
 459 5.0296
 460 33.5575
 461 8.1977
 462 26.3082
 463 5.1515
 464 3.4006
 465 27.5211
 466 1.3160
 467 1.6742
 468 6.7353
 469 4.3415
 470 4.4699
 471 19.1762
 472 8.6944
 473 32.8297
 474 9.0076
 475 5.4322
 476 7.6108
 477 27.3688
 478 25.2287
 479 5.8007
 480 12.2286
 481 10.3935
 482 8.5723
 483 17.3839
 484 1.3792
 485 2.9020
 486 18.9391
 487 2.6729
 488 9.3935
 489   NaN
 490 6.7069
 491 5.5750
 492 1.7336
 493 9.2100
 494 29.5308
 495 10.2038
 496 2.5411
 497 3.8214
 498 13.2167
 499 4.1031
 500 8.7968
 501 3.8926
 502 6.9404
 503 4.8969
 504 5.0659
 505 13.0742
 506 13.3950
 507 2.3395
 508 8.7593
 509 11.3369
 510 1.9968
 511 20.8656
 512 10.2289
 513 10.0206
 514 13.3129
 515 3.9257
 516 5.9398
 517 8.4515
 518 7.9296
 519 4.8397
 520 2.2161
 521 2.4183
 522 2.4761
 523 14.8622
 524 3.6944
 525 15.1756
 526 7.0465
 527 9.8877
 528 36.4681
 529 9.5166
 530 7.4825
 531 8.6209
 532 27.5609
 533 41.2153
 534 9.4120
 535 10.9692
 536 18.1463
 537 4.6122
 538 15.5657
 539 8.8170
 540 7.6467
 541 26.6559
 542 2.5164
 543 8.6482
 544 6.2883
 545 18.0258
 546 1.0970
 547 31.6469
 548 1.8644
 549 34.7115
 550 10.8160
 551 19.3405
 552 7.8503
 553 3.3989
 554 20.2899
 555 4.8956
 556 15.0590
 557 3.0266
 558 6.7011
 559 9.9865
 560 21.8077
 561 39.8660
 562 8.6632
 563 3.8996
 564 7.0593
 565 5.1949
 566 2.7426
 567 22.9910
 568 16.4487
 569 7.6630
 570 21.3549
 571 24.2089
 572 3.3558
 573 0.9043
 574 10.5540
 575 14.0629
 576 14.2837
 577 6.4819
 578 3.3103
 579 22.5482
 580 1.4584
 581 16.2195
 582 2.7362
 583 7.6571
 584 2.0215
 585 10.2981
 586 5.3061
 587 22.6712
 588 2.4923
 589 6.3623
 590 17.7452
 591 2.6063
 592 3.9758
 593 10.2053
 594 20.1390
 595 2.5845
 596 17.3572
 597 28.2075
 598 13.4958
 599 6.9657
 600 22.6590
 601 5.1261
 602 4.0161
 603 6.4648
 604 20.2562
 605 2.3125
 606 16.3595
 607 5.2871
 608 8.8621
 609 10.4584
 610 4.2294
 611 1.3822
 612 21.2621
 613 16.1698
 614 4.7526
 615 1.9494
 616 14.9054
 617 1.4634
 618 22.4515
 619 11.8065
 620 11.1550
 621 8.1756
 622 6.3364
 623 21.1951
 624 0.4265
 625 4.6570
 626 18.8048
 627 13.2962
 628 6.4484
 629 0.4039
 630 17.7776
 631 0.8814
 632 30.2563
 633 27.4219
 634 3.3173
 635 34.6264
 636 16.7830
 637 7.6684
 638 40.1163
 639 7.7739
 640 5.1554
 641 5.7289
 642 7.6042
 643 5.9960
 644 27.6984
 645 9.7689
 646 3.7928
 647 26.0309
 648 15.5507
 649 10.1898
 650 6.0041
 651 2.9785
 652 41.5448
 653 10.5633
 654 30.8035
 655 5.6871
 656 1.4852
 657 21.5724
 658 23.9897
 659 26.4859
 660 13.9257
 661 5.0062
 662 1.2701
 663 1.3716
 664 8.7212
 665 3.0673
 666 34.3888
 667 2.4871
 668 7.8094
 669 22.4027
 670 3.9041
 671 9.1225
 672 3.6833
 673 16.4943
 674 5.4988
 675 6.6075
 676 15.4286
 677 5.2258
 678 9.6339
 679 8.2354
 680 21.5249
 681 19.4756
 682 2.5334
 683 8.9756
 684 18.7679
 685 6.4262
 686 3.1483
 687 2.0441
 688 10.0445
 689 12.8025
 690 3.9376
 691 8.5617
 692 21.9501
 693 3.6716
 694 32.1672
 695 3.8033
 696 18.1343
 697 27.8443
 698 26.1915
 699 4.8770
 700 5.4048
 701 26.3673
 702 26.9029
 703 14.0108
 704 23.7834
 705 20.3339
 706 5.7999
 707 6.4016
 708 3.6492
 709 1.1000
 710 2.2175
 711 14.1119
 712 2.1211
 713 7.4563
 714 9.8905
 715 4.0846
 716 6.5896
 717 2.4599
 718 15.7617
 719 12.9637
 720   NaN
 721 22.6978
 722 30.5580
 723 3.3765
 724 4.8463
 725 32.9095
 726 8.2443
 727 3.2157
 728 1.5940
 729 3.0788
 730 8.1541
 731 10.3048
 732 3.2295
 733 5.4741
 734 23.1502
 735 5.8550
 736 9.9704
 737 6.6072
 738 4.7061
 739 16.4504
 740 2.3078
 741 2.2310
 742 7.8355
 743 4.1277
 744 6.2010
 745 10.4223
 746 6.1221
 747 8.1301
 748 1.5901
 749 21.2911
 750 15.0080
 751 14.1831
 752 4.3384
 753 12.7273
 754 1.2468
 755 6.9275
 756 6.2207
 757 2.3083
 758 21.2550
 759 18.4620
 760 3.3196
 761 1.1559
 762 5.0908
 763 22.0266
 764 9.1403
 765 14.5918
 766 2.3032
 767 18.7680
 768 5.8517
 769 13.9592
 770 19.4003
 771 15.7961
 772 1.3693
 773 4.3559
 774 5.2023
 775 6.1098
 776 9.5291
 777 5.4668
 778 12.0543
 779 3.8843
 780 5.4761
 781 8.3526
 782 10.1526
 783 12.9519
 784 13.9856
 785 43.3253
 786 26.6425
 787 12.1534
 788 32.1504
 789 18.5079
 790 6.2716
 791 1.1332
 792 2.6534
 793 15.7214
 794 1.2491
 795 2.3923
 796 6.3284
 797 7.2763
 798 5.2554
 799 5.0438
 800 3.4698
 801 16.9508
 802 11.3019
 803 23.4881
 804 24.5871
 805 10.8221
 806 19.2264
 807 3.6345
 808 1.4972
 809 4.2118
 810 6.6475
 811 12.8088
 812 7.2417
 813 4.9888
 814 4.0467
 815 3.6774
 816 1.8650
 817 19.5381
 818 21.3348
 819 3.7837
 820 3.9049
 821 6.1064
 822 8.8777
 823 2.6028
 824 2.4618
 825 17.7449
 826 4.1262
 827 14.6715
 828 6.8445
 829 4.2604
 830 29.5825
 831 18.3043
 832 20.3182
 833 17.6453
 834 22.2121
 835 9.9002
 836 10.1441
 837 5.2456
 838 6.2712
 839 20.6115
 840 13.2258
 841 11.3581
 842 7.5043
 843 6.3233
 844 2.7927
 845 2.5556
 846 10.7406
 847 19.2092
 848 3.3370
 849 1.8795
 850 27.7076
 851 23.9097
 852 3.1176
 853 8.7452
 854 7.3878
 855 2.5424
 856 3.2529
 857 9.4674
 858 8.9939
 859 39.6306
 860 7.1832
 861 3.2399
 862 4.0665
 863 7.4688
 864 1.3476
 865 2.5629
 866 7.3323
 867 4.4651
 868 18.1057
 869 3.3057
 870 8.2298
 871 45.0225
 872 13.1935
 873 3.5377
 874 3.6475
 875 20.2823
 876 6.1649
 877 2.9969
 878 46.2829
 879 7.8654
 880 3.9780
 881 9.0743
 882 1.6583
 883 13.8504
 884 13.2794
 885 0.9153
 886 4.2726
 887 1.8641
 888 12.9525
 889 1.8717
 890 8.6415
 891 4.2102
 892 0.8104
 893 2.6676
 894 6.7208
 895 10.4425
 896 7.0611
 897 9.9835
 898 3.4331
 899 17.3016
 900 5.8305
 901 29.8573
 902 6.8973
 903 8.0529
 904 10.6684
 905 28.7405
 906 14.4423
 907 8.7758
 908 8.1667
 909 3.0764
 910 3.9551
 911 9.1924
 912 86.8993
 913 9.1928
 914 1.5804
 915 19.8811
 916 2.8943
 917 5.9678
 918 41.5189
 919 14.0948
 920 4.3069
 921 0.2792
 922 21.7898
 923   NaN
 924 12.1671
 925 10.7407
 926 14.0431
 927 4.6296
 928 10.9958
 929 12.9815
 930 5.7410
 931 4.4979
 932 1.5661
 933 12.2212
 934 23.1283
 935 51.4920
 936 5.5443
 937 14.7768
 938 8.0701
 939 14.6066
 940 6.7367
 941 5.8883
 942 4.6500
 943 16.8771
 944 13.7696
 945 3.8411
 946 7.2234
 947 1.3190
 948 20.2226
 949 6.5300
 950 19.3388
 951 1.2428
 952 2.3557
 953 7.4930
 954 19.2235
 955 21.1939
 956 34.0222
 957 13.1478
 958 23.9937
 959 19.0352
 960 10.8073
 961 23.9137
 962 6.8129
 963 7.0617
 964 7.2881
 965 27.5513
 966 12.6626
 967 26.9203
 968 31.7278
 969 9.4938
 970 1.8061
 971 11.9907
 972 8.5605
 973 1.6708
 974 1.9244
 975 30.9891
 976 13.0641
 977 1.4923
 978 9.2858
 979 5.8106
 980 60.4747
 981 2.9722
 982 8.9828
 983 2.3264
 984 11.5527
 985 15.7857
 986 18.0286
 987 7.5072
 988 17.1164
 989 17.8088
 990 16.3161
 991 5.2547
 992 3.5129
 993 23.8875
 994 28.8470
 995 40.4543
 996 15.2310
 997 11.2698
 998 17.1608
 999 3.0041
1000 10.9135
1001 30.1401
1002 4.9962
1003 10.7958
1004 7.8032
1005 22.5326
1006 1.6406
1007 14.5129
1008 3.8040
1009 24.3044
1010 7.1875
1011 8.8440
1012 18.3826
1013 8.4291
1014 11.9600
1015 34.9746
1016 5.2486
1017 11.7932
1018 11.9949
1019 3.7329
1020 6.4089
1021 4.5109
1022 6.8852
1023 6.6920
1024 3.1416
1025 8.2627
1026 7.9474
1027 5.2098
1028 6.3517
1029 17.8428
1030 9.8183
1031 7.7000
1032 27.6543
1033 2.5310
1034 22.6250
1035 4.3463
1036 9.8544
1037 47.3749
1038 2.6848
1039 5.8696
1040 4.0172
1041 3.9461
1042 14.7771
1043 8.0468
1044 7.9118
1045 4.0577
1046 24.0653
1047 2.8905
1048 0.6876
1049 24.0028
1050 8.0758
1051 15.2006
1052 4.5767
1053 24.4489
1054 17.5003
1055 6.7293
1056 3.2752
1057 22.5627
1058 14.1180
1059 13.0353
1060 4.1181
1061 17.6440
1062 3.5546
1063 3.1634
1064 16.4604
1065 13.6008
1066 2.0129
1067 3.3089
1068 27.4739
1069 5.6225
1070 2.2206
1071 32.8897
1072 13.8775
1073 1.4412
1074 2.0397
1075 5.2251
1076 7.4784
1077 8.3348
1078 19.8514
1079 22.1994
1080 2.6757
1081 1.2878
1082 3.7676
1083 5.4330
1084 15.0352
1085 17.8627
1086 4.6094
1087 18.4761
1088 17.3514
1089 1.9186
1090 9.6535
1091 26.0335
1092 10.6879
1093 14.1812
1094 3.2546
1095 9.5898
1096 18.9067
1097 3.1071
1098 3.3081
1099 13.4192
1100 19.9363
1101 6.6221
1102 26.1665
1103 16.8021
1104 18.3930
1105 31.2399
1106 1.9329
1107 1.5177
1108 3.9383
1109 8.3128
1110 13.8792
1111 27.2438
1112 2.5324
1113 7.6982
1114 2.5606
1115 7.0498
1116 26.3892
1117 20.0894
1118 22.0884
1119 26.7450
1120 21.9443
1121 19.4634
1122 2.4780
1123 13.7967
1124 7.1222
1125 16.4318
1126 5.7469
1127 3.6881
1128 10.2609
1129 4.0132
1130 18.9730
1131 27.0942
1132 21.5423
1133 8.0219
1134 25.8433
1135 5.8307
1136 1.5172
1137 3.4158
1138 5.5777
1139 15.3656
1140 10.6313
1141 1.5680
1142 8.1595
1143 5.1957
1144 1.8939
1145   NaN
1146 11.9635
1147 30.5758
1148 20.8114
1149 35.5446
1150 10.9810
1151 7.6628
1152 6.3820
1153 3.8598
1154 9.1083
1155 7.7134
1156 4.0659
1157 5.8385
1158 6.3014
1159 9.6193
1160 6.2502
1161 8.0221
1162 8.8515
1163 5.3288
1164 1.3507
1165 9.1121
1166 16.1169
1167 20.3147
1168 8.7505
1169 4.5176
1170 13.2622
1171 1.8010
1172 18.2410
1173 15.9253
1174 2.9439
1175 25.8458
1176 9.3511
1177 18.8022
1178 24.2041
1179 17.1259
1180 34.2157
1181 19.3073
1182 27.2245
1183 6.8410
1184 24.3750
1185 13.9639
1186 2.0409
1187 2.0865
1188 41.6797
1189 2.9222
1190 23.2568
1191 3.7907
1192 8.4328
1193 27.5709
1194 20.1083
1195 8.6594
1196 3.6269
1197 3.6628
1198 11.8571
1199 17.4770
1200 27.2340
1201 2.9716
1202 32.6017
1203 8.2466
1204 1.8991
1205 4.7575
1206 1.2174
1207 21.1672
1208 26.6091
1209 4.6016
1210 9.5996
1211 4.0382
1212 5.7111
1213 24.0228
1214 2.7800
1215 31.9173
1216 1.5983
1217 25.3602
1218 4.9849
1219 14.1340
1220 18.7041
1221 21.4570
1222 5.0854
1223 5.1223
1224 1.9446
1225 3.4521
1226 6.2188
1227 10.4765
1228 23.9782
1229 27.2891
1230 5.5948
1231 3.6369
1232 10.6520
1233   NaN
1234 3.9543
1235 6.8233
1236 26.4798
1237 9.1355
1238 9.1775
1239 6.2874
1240 19.0920
1241 36.7139
1242 4.4717
1243 15.7438
1244 3.8989
1245 29.3653
1246 9.8964
1247 33.9165
1248 1.7305
1249 16.9485
1250 10.0116
1251 5.0086
1252 8.2111
1253 8.4877
1254 4.9981
1255 17.5190
1256 17.5455
1257 1.9901
1258 6.8723
1259 4.7040
1260 11.1253
1261 8.0902
1262 14.2515
1263 26.4352
1264 6.1221
1265 7.1696
1266 12.0127
1267 9.5352
1268 11.7039
1269 7.8834
1270 3.3262
1271 6.3511
1272 16.0399
1273 11.3722
1274 11.9449
1275 5.4001
1276 20.3742
1277 37.9818
1278 2.8074
1279 18.3103
1280 2.1347
1281 5.0446
1282 26.7095
1283 5.1241
1284 2.6179
1285 16.5419
1286 0.7572
1287 4.5504
1288 7.0843
1289 8.4792
1290 5.2907
1291 2.3229
1292 6.4520
1293 16.7746
1294 4.0295
1295 6.6951
1296 11.8008
1297 8.4378
1298 50.7013
1299 7.9624
1300 7.2935
1301 5.9099
1302 9.1024
1303 18.6457
1304 28.1988
1305 15.7272
1306 0.8788
1307 2.1032
1308 8.2604
1309 38.4409
1310 6.9906
1311 3.4085
1312 4.2348
1313 2.4827
1314 14.4222
1315 10.1474
1316 6.7829
1317 3.6002
1318 32.0258
1319 13.7303
1320 29.7262
1321 10.1099
1322 16.5903
1323 3.4560
1324 17.1391
1325 6.3256
1326 2.0833
1327 3.7109
1328 6.2420
1329 4.1258
1330 34.9629
1331 11.2796
1332 9.8881
1333 7.8387
1334 4.3986
1335 17.6284
1336 9.1030
1337 2.3298
1338 1.3963
1339 15.8134
1340 20.8345
1341 5.4514
1342 21.4918
1343 7.2157
1344 1.9021
1345 23.5911
1346 12.2820
1347 8.6088
1348 11.3017
1349 23.8577
1350 2.6734
1351 10.5411
1352 5.7522
1353 24.2935
1354 2.1631
1355 8.7675
1356 6.8058
1357 7.9015
1358 23.0118
1359 5.6806
1360 26.6530
1361 6.3072
1362 29.7225
1363   NaN
1364 18.8763
1365 21.1442
1366 4.9037
1367 24.3853
1368 12.6144
1369 12.3348
1370 1.8042
1371 22.4164
1372 10.3793
1373 2.2859
1374 5.8640
1375 31.8016
1376 1.5671
1377 7.8658
1378 2.8245
1379 16.4106
1380 6.1134
1381 4.3407
1382 18.0108
1383 18.6737
1384 4.9754
1385 4.1933
1386 12.3877
1387 2.4881
1388 21.3642
1389 23.8750
1390 64.9970
1391 38.6701
1392 2.7397
1393 15.6442
1394 6.9975
1395 6.9538
1396 0.5675
1397 25.6294
1398 2.9669
1399 7.8702
1400 4.7536
1401   NaN
1402 7.6223
1403 5.1304
1404 13.3645
1405 4.3397
1406 19.6549
1407 12.3250
1408 8.3935
1409 10.1531
1410 5.3647
1411 10.1605
1412 7.9706
1413 22.9656
1414 15.3731
1415 37.2923
1416 14.8144
1417 30.3693
1418 10.6999
1419 8.0251
1420 18.3043
1421 6.4183
1422 12.7343
1423 6.7525
1424 3.5419
1425 12.1383
1426 4.7386
1427 2.5759
1428 27.7274
1429 4.8621
1430 3.7937
1431 23.0651
1432 5.0245
1433 21.3817
1434 12.1029
1435 9.3506
1436 4.3184
1437 1.9539
1438 3.4151
1439 6.0473
1440 12.5436
1441 26.9327
1442 1.3680
1443 3.9221
1444 8.0199
1445 16.5522
1446 6.2221
1447 15.7750
1448 18.7870
1449 5.9343
1450 2.5375
1451 17.3190
1452 26.5677
1453 10.0727
1454 3.3413
1455 13.8865
1456 6.1641
1457 30.0652
1458 31.3983
1459 12.0266
1460 9.8912
1461 37.9669
1462 8.9431
1463   NaN
1464 3.4816
1465 1.8247
1466 25.8065
1467 7.7222
1468 2.4422
1469 14.2206
1470 21.1950
1471 56.6818
1472 20.6809
1473 10.4253
1474 32.5988
1475 9.6607
1476 6.6808
1477 14.7016
1478 1.6838
1479 3.7573
1480 21.2892
1481 37.3428
1482 5.3568
1483 31.1263
1484 22.9164
1485 1.5533
1486 6.0798
1487 9.7373
1488 21.1524
1489 3.2220
1490 1.4257
1491 7.5684
1492 13.1026
1493 10.9610
1494 4.6954
1495 3.7930
1496 16.8343
1497 30.3839
1498 25.7090
1499 4.4411
1500 19.4978
1501 25.9277
1502 3.9626
1503 8.1757
1504 4.7800
1505 3.8977
1506 8.6035
1507 2.1373
1508 42.8682
1509 1.7550
1510 19.2994
1511 13.6871
1512 2.8854
1513 4.0597
1514 1.9821
1515 7.8995
1516 5.7717
1517 7.9581
1518 7.7309
1519 27.6756
1520 19.1624
1521 6.8019
1522 22.1967
1523 5.8520
1524 15.6576
1525 2.5934
1526 12.2857
1527 1.9333
1528 4.4714
1529 16.3929
1530 7.4501
1531 5.2920
1532   NaN
1533 7.9875
1534 18.0643
1535 64.5353
1536 14.7194
1537 16.2332
1538 6.7949
1539 4.0605
1540 18.2642
1541 3.8345
1542 1.5864
1543 7.3461
1544 8.1268
1545 4.5182
1546 24.5606
1547 25.7459
1548 10.0512
1549 2.2246
1550   NaN
1551 8.0352
1552 10.7648
1553 20.0737
1554 14.2756
1555 26.0076
1556 28.2884
1557 1.3796
1558 3.5921
1559 13.6377
1560 3.3419
1561 5.6817
1562 4.0968
1563 23.3126
1564 7.7341
1565 5.4803
1566 6.6480
1567 6.8276
1568 4.2651
1569 8.0142
1570 3.8559
1571 5.0307
1572 5.2101
1573 6.0397
1574 16.2981
1575 6.8763
1576 9.8749
1577 28.1735
1578 5.5503
1579 6.3594
1580 4.0991
1581 29.9506
1582 8.4247
1583 4.8714
1584 10.0483
1585 8.2625
1586 2.1867
1587 2.3381
1588 4.7641
1589 26.9347
1590 1.2040
1591 2.6284
1592 6.3852
1593 8.7708
1594 3.3593
1595 7.7368
1596 66.6607
1597 9.0669
1598 13.4136
1599 6.3306
1600 42.1047
1601 5.7966
1602 5.5299
1603 1.9173
1604 8.5760
1605 22.1438
1606 2.3596
1607 5.8038
1608 2.0911
1609 6.0570
1610 2.5405
1611 1.0925
1612 4.1397
1613 4.6777
1614 5.2196
1615 33.4979
1616 18.0704
1617 9.9269
1618 1.3856
1619 9.4219
1620 5.0108
1621 8.9077
1622 4.0015
1623 10.6310
1624 21.7661
1625 1.4287
1626 4.4453
1627 2.5123
1628 6.9867
1629 36.1623
1630 18.7013
1631 27.3665
1632 8.5708
1633 14.8525
1634 3.0629
1635 18.9319
1636 2.7769
1637 1.0599
1638 18.8807
1639 12.6359
1640 6.2122
1641 15.4705
1642 11.8787
1643 3.1634
1644 2.1914
1645 22.6575
1646 6.4765
1647 31.7731
1648 7.2225
1649 6.4545
1650 20.1485
1651 10.8543
1652 2.0835
1653 7.3980
1654 19.9725
1655 3.6272
1656 12.1168
1657 10.4301
1658 17.8397
1659 26.4352
1660 8.9829
1661 5.2548
1662 1.5452
1663 9.8136
1664 10.2553
1665 4.0931
1666 15.7798
1667 6.9654
1668 15.6173
1669 24.8736
1670 7.2637
1671 4.3166
1672 4.6480
1673 17.2448
1674 5.3453
1675 11.7318
1676 5.8228
1677 18.1285
1678 8.3546
1679 1.2314
1680 18.2576
1681 9.7888
1682 4.9742
1683 32.6372
1684 2.2998
1685 1.6091
1686 12.3260
1687 7.8769
1688 2.8539
1689 18.0136
1690 70.8174
1691 7.9639
1692 5.3563
1693 0.9576
1694 2.1383
1695 41.7994
1696 24.2783
1697 11.8548
1698 6.1418
1699 16.4787
1700 18.0535
1701 19.0442
1702 1.7985
1703 20.4895
1704 25.9587
1705 6.4095
1706 10.2840
1707 26.3844
1708 6.8043
1709 3.0646
1710 23.5020
1711   NaN
1712 6.4920
1713 3.5939
1714 4.4886
1715 26.9341
1716 7.6586
1717 18.4624
1718 3.8241
1719 6.8233
1720 4.6981
1721 8.5656
1722 2.9627
1723 31.0960
1724 1.7414
1725 17.5651
1726 2.7218
1727 1.9601
1728 14.1176
1729 40.9445
1730 4.9537
1731 14.1393
1732 23.2413
1733 14.7360
1734 36.5866
1735 13.5654
1736 16.2616
1737 5.3039
1738 2.8911
1739 11.0879
1740 1.5899
1741 2.3493
1742 2.6868
1743 7.9233
1744 6.3741
1745 7.1815
1746 3.1843
1747 22.4234
1748 14.8250
1749 6.7270
1750 55.1211
1751 3.8419
1752 46.1224
1753 4.7675
1754 8.6704
1755 8.3780
1756 16.8035
1757 2.5565
1758 2.0252
1759 1.3368
1760 18.2239
1761 2.6678
1762 4.2055
1763 2.0942
1764 12.8330
1765 3.3245
1766 18.2269
1767 35.0461
1768 20.6183
1769 24.8464
1770 14.9604
1771 27.2762
1772 7.0384
1773 12.6420
1774 20.3388
1775 16.2516
1776 5.5626
1777 27.6107
1778 22.6154
1779 5.4513
1780 7.7685
1781 2.5898
1782 3.7395
1783 1.7605
1784 4.5395
1785 5.6258
1786 6.9388
1787 16.7086
1788 6.5778
1789 5.3200
1790 10.8198
1791 19.0039
1792 1.5211
1793 17.6779
1794 10.3815
1795 25.6175
1796 5.6863
1797 16.2317
1798 5.3997
1799 5.1077
1800 2.3101
1801 10.3461
1802 5.5419
1803 7.9703
1804 4.5243
1805 7.6931
1806 1.8997
1807 3.4333
1808 2.9057
1809 3.1903
1810 10.1669
1811 16.0423
1812 14.6821
1813 5.4517
1814 10.4921
1815 4.0134
1816 2.3851
1817 3.1247
1818 3.6666
1819 2.9279
1820 8.3076
1821 17.3807
1822 10.1434
1823   NaN
1824 7.5466
1825 6.8548
1826 6.2757
1827 17.8404
1828 1.7393
1829 2.6502
1830 5.7669
1831 7.1337
1832 5.0642
1833 21.7493
1834 5.0023
1835 25.2911
1836 5.0359
1837 6.2855
1838 18.6235
1839 1.5453
1840 2.0266
1841 1.7755
1842 18.4512
1843 24.3138
1844 3.7034
1845 6.8338
1846 6.8072
1847 2.4368
1848 4.1980
1849 9.1030
1850 12.3273
1851 2.9556
1852 20.4470
1853 2.4102
1854 7.4345
1855 16.0079
1856 12.2931
1857 26.4280
1858 4.7787
1859 2.3135
1860 5.9212
1861 3.8037
1862 21.4889
1863 59.1713
1864   NaN
1865 5.0641
1866 8.7547
1867 3.3018
1868 24.1795
1869 10.8205
1870 6.8267
1871 11.7988
1872 25.7617
1873 12.0633
1874 9.2634
1875 37.9746
1876 9.2681
1877 21.0081
1878 6.0579
1879 1.7543
1880 11.5309
1881 7.0026
1882 23.9975
1883 3.0989
1884 6.6660
1885 11.1472
1886 19.6081
1887 5.4038
1888 6.2609
1889   NaN
1890 29.8326
1891 1.5421
1892 7.2396
1893 7.3834
1894 17.8760
1895   NaN
1896 4.2373
1897 7.2687
1898 14.6422
1899 3.1958
1900 30.4747
1901 9.2695
1902 9.8397
1903 46.6222
1904 12.7457
1905 11.6479
1906 22.9260
1907 1.5463
1908 19.4856
1909 5.5656
1910 4.1918
1911 13.1122
1912 4.7386
1913 4.5125
1914 10.2821
1915 21.8467
1916 10.5558
1917 8.0789
1918 1.4632
1919 9.7352
1920 37.5621
1921 24.7075
1922 15.6976
1923 10.7640
1924 11.2344
1925 51.7886
1926 3.4462
1927 6.3281
1928 4.6970
1929 6.0087
1930 4.7171
1931 12.2642
1932 26.0776
1933 8.8713
1934 3.9537
1935 5.1574
1936 26.1232
1937 38.3867
1938 6.2378
1939 5.2470
1940 28.7559
1941 11.3494
1942 5.8661
1943 7.8180
1944 10.6038
1945 5.5629
1946 17.7157
1947 7.4496
1948 21.9953
1949 1.7318
1950 24.4031
1951 19.3047
1952 6.8163
1953 12.7455
1954 17.3385
1955 4.8164
1956 12.7514
1957 8.6708
1958 9.2711
1959 3.9036
1960 2.0595
1961 11.2414
1962 19.4371
1963 13.3937
1964 3.3865
1965 15.8364
1966 23.5350
1967 11.2766
1968 12.3019
1969 9.7153
1970 6.5261
1971 16.6471
1972 6.2816
1973 8.5689
1974 5.4850
1975 15.9184
1976 3.3798
1977 2.1694
1978 3.3394
1979 5.5186
1980 5.5822
1981 14.7558
1982 3.1188
1983 5.4395
1984 16.2577
1985 11.9426
1986 6.9399
1987 25.2677
1988 18.1488
1989 49.0717
1990 6.7652
1991 8.0415
1992 22.5917
1993 18.9644
1994 17.7214
1995 7.4296
1996 8.6915
1997 17.2373
1998 1.9779
1999 12.8884
2000 5.4060
2001 25.1744
2002   NaN
2003 2.6086
2004 7.8133
2005 4.1262
2006 21.9524
2007 10.4865
2008 1.7788
2009 5.6440
2010 7.5732
2011 22.3085
2012 4.4480
2013 10.5740
2014 18.3111
2015 12.5512
2016 2.7944
2017 1.3735
2018 23.7905
2019 8.4266
2020 31.8299
2021 9.4986
2022 6.8203
2023 4.7339
2024 5.4499
2025 6.5662
2026 49.7525
2027 15.8763
2028 30.1216
2029 12.9673
2030 10.4529
2031 5.0735
2032 17.9354
2033 21.5955
2034 2.4420
2035 4.4895
2036 9.5204
2037 10.3470
2038 2.8339
2039 6.7880
2040 4.4093
2041 6.5563
2042 22.3206
2043 3.0659
2044 11.5990
2045 4.5440
2046 2.5418
2047 2.4865
2048 2.3759
2049 15.9483
2050 8.6634
2051 4.5299
2052 3.3211
2053 4.6921
2054 10.2655
2055 16.7110
2056 20.6025
2057 7.9924
2058 0.8408
2059 13.6065
2060 10.9973
2061 17.4462
2062 17.3506
2063 5.5817
2064 6.3643
2065 2.1738
2066 10.0398
2067 6.6702
2068 7.1154
2069 17.2768
2070 12.0819
2071 4.0213
2072 8.2825
2073 3.8749
2074 9.7299
2075 14.2143
2076 21.7919
2077 16.2627
2078 29.2935
2079 29.0639
2080 3.8708
2081 6.5240
2082 7.3585
2083 47.0116
2084 1.0889
2085 14.3596
2086 21.3959
2087 2.4401
2088 32.9001
2089 2.2327
2090 1.7305
2091 33.3294
2092 5.5351
2093 2.1329
2094 4.0514
2095 13.4933
2096 11.4117
2097 2.2446
2098 13.8200
2099 14.8321
2100 11.7000
2101 6.7230
2102 19.9880
2103 24.4551
2104 16.5729
2105 2.4312
2106 8.4626
2107 22.8925
2108 16.6496
2109 5.0564
2110 2.5444
2111 2.3332
2112 18.1930
2113 4.3919
2114 2.7026
2115 10.1360
2116 19.2137
2117 13.2801
2118 0.5731
2119 2.7154
2120 1.4969
2121 43.2766
2122 5.3791
2123 4.5207
2124 0.8618
2125 10.7290
2126 7.0050
2127 12.2975
2128 4.5630
2129 1.5736
2130 7.7937
2131 11.3538
2132 5.8117
2133 8.9891
2134 9.2940
2135 2.4889
2136 18.7115
2137 20.1818
2138 23.0977
2139 18.9253
2140 3.3754
2141 16.8052
2142 2.5230
2143 14.0962
2144 18.8594
2145 1.7593
2146 4.8337
2147 3.8963
2148 10.3367
2149 12.6933
2150 25.5241
2151 14.4441
2152 1.9652
2153 17.1757
2154 9.8863
2155 4.6091
2156 3.1006
2157 5.8302
2158 8.5761
2159 46.8911
2160 8.2701
2161 8.3011
2162 42.6728
2163 1.4393
2164 14.8836
2165 2.6454
2166 1.9703
2167 14.4347
2168 2.0359
2169 4.0886
2170 3.3305
2171 13.6599
2172 11.2171
2173 5.9226
2174 13.1482
2175 3.8386
2176 16.6522
2177 4.5164
2178 18.4616
2179 18.9212
2180 13.8634
2181 10.9265
2182 11.0533
2183 1.2788
2184 4.3237
2185 2.6919
2186 20.4552
2187 10.2933
2188 7.6942
2189 22.2708
2190 20.6827
2191 2.4150
2192 4.8251
2193 7.8955
2194 1.3847
2195 1.6645
2196 4.0697
2197 38.6210
2198 6.4421
2199 7.4886
2200 3.1461
2201 1.7255
2202 1.5878
2203 30.4371
2204 43.9611
2205 12.3529
2206 30.9316
2207 6.9609
2208 15.5947
2209 2.3010
2210 23.5937
2211 10.2237
2212 10.0110
2213 17.1911
2214 9.9650
2215 16.3216
2216 1.8709
2217 10.7930
2218 6.9351
2219 4.9794
2220 13.8462
2221 14.6613
2222 19.3722
2223 12.1897
2224 25.1660
2225 26.8773
2226 15.1186
2227 5.3052
2228 2.9483
2229 18.6194
2230 5.0566
2231 4.0921
2232 28.5034
2233 17.5902
2234 5.8052
2235 5.0783
2236 5.3183
2237 4.8617
2238 2.5634
2239 11.8975
2240 5.2077
2241 3.4576
2242 4.3225
2243 11.3814
2244 5.2984
2245 14.4419
2246 32.8562
2247 2.3805
2248 18.8744
2249 51.1372
2250 10.1262
2251 22.9205
2252 2.1846
2253 15.9576
2254 7.6829
2255 11.5766
2256 2.8571
2257 18.5797
2258 6.0056
2259 4.9715
2260 10.5926
2261 18.2818
2262 37.1115
2263 3.2737
2264 3.9126
2265 31.7622
2266 10.4071
2267 29.5079
2268 8.1378
2269 13.7915
2270 21.5970
2271 5.5427
2272 6.3732
2273 21.8253
2274 15.1344
2275 29.0286
2276 11.7034
2277 12.4001
2278 6.7673
2279 1.0863
2280 11.6229
2281 10.8457
2282 2.0545
2283 3.3057
2284 27.1957
2285 13.7757
2286 55.9065
2287 10.1302
2288 9.2445
2289 2.5596
2290 5.6825
2291 10.9072
2292 4.5208
2293 8.0131
2294 8.0350
2295 8.4162
2296 16.4671
2297 8.5215
2298 47.5962
2299 12.6533
2300 16.4027
2301 15.2406
2302 9.4301
2303 5.4846
2304 6.0872
2305 19.6820
2306 10.7076
2307 3.1147
2308 22.5923
2309 8.2753
2310 10.5171
2311 1.9553
2312 6.0463
2313 2.6197
2314 51.2318
2315 9.5301
2316 9.5621
2317 6.6190
2318 4.8451
2319 3.4109
2320 1.2819
2321 6.8751
2322 16.6331
2323 5.6411
2324 20.9736
2325 2.3729
2326 4.6724
2327 8.7071
2328 2.6301
2329 10.9852
2330 6.6235
2331 7.2753
2332 18.4030
2333 4.5053
2334 2.2326
2335 1.6901
2336 16.0310
2337 3.6304
2338 3.2664
2339 45.7641
2340 14.2152
2341 4.9193
2342 3.1077
2343 7.0794
2344 10.6994
2345 6.4609
2346 28.2695
2347 4.2106
2348 1.6030
2349 13.1503
2350 10.6952
2351 24.2166
2352 10.1513
2353 17.7260
2354 10.2232
2355 25.6095
2356 6.4586
2357 14.6995
2358 5.7480
2359 17.4030
2360 7.9850
2361 20.3086
2362 8.3648
2363 9.0365
2364 8.0697
2365 24.1629
2366 12.3110
2367 5.6979
2368 4.7534
2369 3.1182
2370 8.7187
2371 20.0105
2372 7.7553
2373 3.4220
2374 3.5406
2375 6.8837
2376 17.4711
2377 9.3540
2378 8.9331
2379 11.6357
2380 9.1232
2381 10.3573
2382 3.4013
2383 16.9859
2384 7.0275
2385 7.1216
2386 8.0768
2387 1.3260
2388 24.6039
2389 1.3871
2390 9.5005
2391 15.5890
2392 5.4271
2393 20.3809
2394 2.2851
2395 26.3774
2396 28.7124
2397 4.1406
2398 7.0811
2399 7.2364
2400 14.9351
2401 47.5859
2402 20.0916
2403 31.3311
2404 17.5955
2405 9.2830
2406 21.0272
2407 3.9548
2408 3.7813
2409 1.9569
2410 5.3146
2411 3.3864
2412 1.7885
2413 14.4014
2414 6.5305
2415 5.2369
2416 5.9130
2417 18.5950
2418 26.2691
2419 1.5687
2420 4.3691
2421 18.6593
2422 2.7245
2423 7.2354
2424 17.9981
2425 1.6206
2426 15.3213
2427 5.9837
2428 6.0898
2429 7.1288
2430 23.3444
2431 15.8184
2432 26.0695
2433 1.7869
2434 13.6219
2435 2.0823
2436 3.7846
2437 1.1620
2438 12.2493
2439 2.6446
2440 7.6217
2441 9.9359
2442 7.1307
2443 9.9063
2444 4.1714
2445 6.1618
2446 5.1161
2447 17.3600
2448 7.2942
2449 2.5734
2450 9.9567
2451 39.7186
2452 11.2150
2453 9.0862
2454 45.2050
2455 0.4426
2456 3.4425
2457 3.7714
2458 11.6739
2459 14.4500
2460 11.4809
2461 4.5203
2462 15.6500
2463 21.9695
2464 14.8285
2465 21.8586
2466 13.4470
2467 7.1304
2468 17.1430
2469 15.7146
2470 11.1693
2471 0.4745
2472 16.2645
2473 9.8287
2474 26.2439
2475 29.0938
2476 7.7008
2477 16.6638
2478 20.0414
2479 35.5445
2480 7.7323
2481 12.4144
2482 57.3720
2483 0.6557
2484 14.2027
2485 17.0034
2486 23.4706
2487 5.3668
2488 14.9565
2489 7.6167
2490 14.1548
2491 15.9898
2492 23.1404
2493 2.1559
2494 45.7478
2495 4.8418
2496 12.9691
2497 13.8052
2498 18.6045
2499 2.4882
2500 7.5438
