7501 15.3245
7502 0.4298
7503 14.7223
7504 1.2766
7505 8.0587
7506 2.1323
7507 13.0334
7508 5.2028
7509 1.5305
7510 5.0701
7511 1.7484
7512 0.2128
7513 14.3449
7514 1.5023
7515 9.8449
7516 3.5924
7517 0.4432
7518 4.8613
7519 3.3111
7520 10.4940
7521 0.2103
7522 14.3097
7523 2.4461
7524 14.8373
7525 3.6384
7526 2.2321
7527 13.1441
7528 12.0590
7529 2.9648
7530 1.3598
7531 0.7596
7532 2.9114
7533 0.3483
7534 6.0377
7535 0.7427
7536 1.2634
7537 0.2638
7538 1.3965
7539 3.5988
7540 6.8542
7541 0.7352
7542 1.5770
7543 0.9179
7544 24.0331
7545   NaN
7546 5.2161
7547 0.2427
7548 8.3083
7549 2.2113
7550 0.4704
7551 1.6595
7552 0.3639
7553 21.9025
7554 6.4344
7555 10.1026
7556 3.7383
7557 3.6780
7558 0.5989
7559 1.4465
7560 1.4280
7561 3.3828
7562 5.5034
7563 16.7322
7564 9.3898
7565 2.3883
7566 0.9903
7567 28.5476
7568 17.9969
7569 9.3729
7570 0.9090
7571 1.6581
7572 6.5754
7573 18.4706
7574 4.9262
7575 1.7178
7576 4.1667
7577 22.9000
7578 2.9410
7579 1.5184
7580 7.2670
7581 10.9451
7582 3.5038
7583 5.7396
7584 1.6202
7585 5.0283
7586 1.3432
7587 0.4209
7588 1.0762
7589 0.3707
7590 1.0860
7591 7.0933
7592 9.0384
7593 1.0477
7594 0.5517
7595 2.4897
7596 12.9041
7597 4.6360
7598 2.1375
7599 4.6485
7600 1.5013
7601 0.7753
7602 2.1676
7603 1.0394
7604 1.2328
7605 13.4637
7606 0.5117
7607 4.1385
7608 25.4915
7609 3.2982
7610 3.6227
7611 2.3018
7612 3.9101
7613 1.8748
7614 7.2289
7615 2.8584
7616 6.7277
7617 3.6432
7618 8.3949
7619 1.0272
7620 5.1252
7621 6.1939
7622 10.0684
7623 1.9835
7624 6.7325
7625 2.0140
7626 3.5130
7627 2.4467
7628 5.5624
7629 4.8232
7630 2.9233
7631 17.6682
7632 1.8593
7633 16.9851
7634 2.9266
7635 2.0270
7636 3.2001
7637 3.2740
7638 49.4380
7639 2.0980
7640 0.5238
7641 1.9841
7642 6.4208
7643 9.4177
7644 8.5342
7645 10.0232
7646 1.1017
7647 8.1990
7648 4.0919
7649 16.8111
7650 0.5815
7651 3.3541
7652 32.2169
7653 20.4312
7654 0.1900
7655 0.2665
7656 5.0067
7657 3.9425
7658 0.5509
7659 32.6698
7660 1.2530
7661 1.4383
7662 9.0396
7663 1.4253
7664 3.2426
7665 0.9819
7666 2.5437
7667 9.7370
7668 8.0111
7669 8.6316
7670 16.6170
7671 2.1712
7672 16.1480
7673 1.0156
7674 12.1246
7675 10.0128
7676 9.4084
7677 9.4469
7678 3.6288
7679 3.2126
7680 2.7538
7681 8.9713
7682 1.6960
7683 14.4797
7684 16.5851
7685 0.8758
7686 4.5956
7687 0.1186
7688 3.2756
7689 5.4605
7690 2.4073
7691 13.1336
7692 5.9745
7693 0.8053
7694 4.1636
7695 4.3015
7696 1.2629
7697 16.5798
7698 0.3772
7699 0.9274
7700 7.4668
7701 20.4732
7702 1.5023
7703 3.6546
7704 6.9833
7705 0.1532
7706 15.1890
7707 0.2200
7708 2.8622
7709 12.2924
7710 1.0647
7711 3.0497
7712 3.1622
7713 9.5264
7714 1.5034
7715 20.6132
7716 5.6051
7717 0.6371
7718 16.8245
7719 15.1059
7720 1.8753
7721 4.9982
7722 1.3268
7723 3.6708
7724 8.7828
7725 7.5399
7726 1.8264
7727 16.8027
7728 34.4752
7729 2.6838
7730 3.2969
7731 1.6350
7732 0.1514
7733 14.0439
7734 2.0313
7735 19.0668
7736 2.8981
7737 17.6130
7738 15.7762
7739 10.4262
7740 1.5170
7741 1.0209
7742 5.1174
7743 0.8036
7744 2.5663
7745 49.2659
7746 8.3871
7747 1.4678
7748 3.3457
7749 1.6725
7750 2.2735
7751 12.8208
7752 7.4235
7753 1.0182
7754 35.8828
7755 2.7608
7756 3.8838
7757 5.5452
7758 0.3204
7759 13.3226
7760 14.2093
7761 2.4283
7762 5.9867
7763 8.6168
7764 8.2125
7765 1.2748
7766 14.7618
7767 18.3899
7768 16.3348
7769 5.8860
7770 1.1189
7771 0.7431
7772 0.1171
7773 8.2194
7774 4.5234
7775 1.2356
7776 1.6731
7777 14.6397
7778 5.2428
7779 1.1104
7780 0.7690
7781 4.8429
7782 11.3219
7783 0.3390
7784 3.4007
7785 1.5791
7786 0.6869
7787 2.6694
7788 10.7695
7789 2.2282
7790 0.8669
7791 0.6015
7792 4.9010
7793 17.5623
7794 14.8999
7795 7.2153
7796 0.1844
7797 1.2770
7798 11.0000
7799 4.7667
7800 2.5502
7801 5.1664
7802 1.9650
7803 0.2606
7804 0.5953
7805 0.1096
7806 8.9465
7807 0.6366
7808 9.8455
7809 13.8441
7810 10.7430
7811 3.8498
7812 1.0734
7813 31.0899
7814 11.0639
7815 1.4983
7816 18.1711
7817 1.1183
7818 4.4919
7819 2.9928
7820 2.3631
7821 0.4208
7822 4.4235
7823 4.1338
7824 4.6716
7825 24.2608
7826 2.1255
7827 14.3687
7828 2.0391
7829 2.7434
7830 6.8028
7831 0.1890
7832 6.5791
7833 17.2514
7834 8.5298
7835 1.2321
7836 45.2035
7837 6.6644
7838 9.0395
7839 18.7431
7840 0.5934
7841 4.1814
7842 0.8360
7843 3.2508
7844 16.7574
7845 8.5166
7846 1.7034
7847 5.7548
7848 0.4416
7849 0.1163
7850 3.5803
7851 27.6834
7852 0.4515
7853 1.3398
7854 5.1377
7855 10.5666
7856 13.0083
7857 5.5845
7858 3.4794
7859 0.3934
7860 2.2797
7861 6.7849
7862 0.7380
7863 1.9869
7864 2.8890
7865 0.1240
7866 6.1838
7867 6.1953
7868 2.7822
7869 14.2761
7870 7.8970
7871 14.7673
7872 6.3060
7873 16.6961
7874 19.8228
7875 0.1235
7876 4.0945
7877 3.0340
7878 10.8920
7879 10.0288
7880 1.3191
7881 21.3645
7882 10.8774
7883 11.1470
7884 0.1545
7885 5.5972
7886 5.7200
7887 1.6860
7888 1.5149
7889 2.0799
7890 24.7382
7891 2.1281
7892 3.9875
7893 1.9085
7894 2.1934
7895 11.3151
7896 1.4189
7897 16.2530
7898 2.0421
7899 6.9772
7900 6.7794
7901 5.4430
7902 11.4349
7903 9.1688
7904 2.3738
7905 0.1004
7906 12.1537
7907 12.8632
7908 6.1565
7909 4.0636
7910 1.7323
7911 1.6761
7912 23.3050
7913 3.5030
7914 6.2953
7915 17.1300
7916 28.0850
7917 3.1105
7918 3.9413
7919 0.1672
7920 6.2714
7921 1.1103
7922 1.9465
7923 1.3502
7924 1.7359
7925 16.8995
7926 7.1620
7927 10.6798
7928 0.4745
7929 1.8745
7930 20.2713
7931 1.1386
7932 8.1966
7933 3.5931
7934 7.8485
7935 1.3759
7936 3.6399
7937 1.3944
7938 0.9169
7939 1.1502
7940 7.4085
7941 0.4485
7942 19.9871
7943 0.2399
7944 26.7275
7945 1.8169
7946 53.9579
7947 2.6601
7948 2.4594
7949 12.3447
7950 1.2429
7951 2.9206
7952 4.1832
7953 19.0425
7954 13.7841
7955 2.4631
7956 3.1574
7957 0.8901
7958 7.9712
7959 6.1005
7960 18.3067
7961 13.6667
7962 10.3815
7963 2.8922
7964 31.9977
7965 7.9967
7966 7.9229
7967 5.9240
7968 2.6586
7969 4.8581
7970 1.7309
7971 0.4481
7972 1.7499
7973 20.7807
7974 9.2347
7975 7.0250
7976 0.6423
7977 5.5182
7978 4.9395
7979 0.8250
7980 1.9787
7981 4.8615
7982 5.6951
7983 1.8170
7984 21.6691
7985 0.6375
7986 1.5272
7987 2.7393
7988 1.8819
7989 0.3685
7990 1.7066
7991 9.6872
7992 3.2456
7993 5.2975
7994 1.0747
7995 2.8031
7996 27.7527
7997 4.0419
7998 2.2881
7999 0.1137
8000 7.5629
8001 4.7538
8002 4.8741
8003 47.1491
8004 2.3420
8005 4.2701
8006 0.7945
8007 2.7755
8008 4.2265
8009 2.7258
8010 11.8830
8011 2.9352
8012 1.4144
8013 3.7805
8014 5.1387
8015 1.3477
8016 0.4517
8017 1.2883
8018 0.2310
8019 1.4515
8020 0.8467
8021 0.5373
8022 0.1824
8023 3.2358
8024 4.2233
8025 0.8627
8026 22.9864
8027 16.7008
8028 10.2512
8029 10.3284
8030 1.1655
8031 3.0624
8032 13.9074
8033 12.8951
8034 11.9740
8035 9.1263
8036 13.3902
8037 7.3550
8038 8.5888
8039 5.8792
8040 4.7117
8041 6.1619
8042 9.4550
8043 19.0614
8044 0.9480
8045 2.7915
8046 26.2587
8047 0.4265
8048 8.0800
8049 13.7373
8050 21.8742
8051 17.1339
8052 0.7980
8053 4.6033
8054 5.7987
8055 13.5025
8056 9.0979
8057 0.7444
8058 7.0924
8059 16.1801
8060 3.5728
8061 0.4555
8062 4.3229
8063 7.6188
8064 24.8693
8065 10.8591
8066 8.1170
8067 15.0424
8068 0.3816
8069 17.3325
8070 8.9578
8071 6.2119
8072 1.1981
8073 1.8360
8074 8.9518
8075 3.5589
8076 0.2483
8077 3.2361
8078 9.5703
8079 27.8758
8080 0.1991
8081 4.6366
8082 3.0022
8083 2.7563
8084 7.9469
8085 0.2500
8086 7.2257
8087 13.2930
8088 0.8366
8089 2.1253
8090 0.3763
8091 0.3381
8092 9.7455
8093 0.7389
8094 4.6747
8095 6.7053
8096 10.0178
8097 0.1972
8098 4.2954
8099 6.7260
8100 16.5384
8101 0.2121
8102 31.3505
8103 31.0712
8104 6.7056
8105 0.1652
8106 1.5194
8107 6.4097
8108 4.0144
8109 0.7272
8110 2.7807
8111 13.6475
8112 4.2167
8113 0.8768
8114 6.8817
8115 0.1655
8116 3.5323
8117 5.0752
8118 0.9324
8119 1.7827
8120 2.9302
8121 2.7619
8122 0.9802
8123 3.5494
8124 4.8144
8125 4.0319
8126 1.3070
8127 0.1173
8128 7.3987
8129 1.3945
8130 1.7606
8131 3.8749
8132 16.1660
8133 0.5751
8134 3.5108
8135 6.1727
8136 8.7875
8137 13.4979
8138 8.2549
8139 5.7416
8140 0.4075
8141 2.6355
8142 12.4942
8143 69.3228
8144 0.2054
8145 2.9498
8146 2.5667
8147 2.3249
8148 1.9404
8149 23.6018
8150 19.5552
8151 4.5615
8152 2.6054
8153 3.5140
8154 3.3017
8155 8.0653
8156 3.2577
8157 4.1203
8158 7.8661
8159 1.9202
8160 10.1949
8161 14.3822
8162 11.4262
8163 2.0179
8164 1.6100
8165 1.9346
8166 1.7316
8167 3.2368
8168 0.6418
8169 3.9955
8170 4.5149
8171 19.8221
8172 10.9316
8173 3.5945
8174 0.6127
8175 1.0483
8176 14.3804
8177 4.3682
8178 21.3672
8179 2.0447
8180 23.9091
8181 33.8204
8182 0.5449
8183 0.8359
8184 12.7696
8185 2.3521
8186 1.1807
8187 3.8676
8188 15.6503
8189 1.4703
8190 20.4643
8191 0.1263
8192 7.7808
8193 3.1007
8194 0.2088
8195 15.3112
8196 0.7901
8197 9.9801
8198 7.3807
8199 18.2686
8200 3.9821
8201 4.3798
8202 1.1839
8203 4.3268
8204 20.3157
8205 1.9837
8206 22.9824
8207 0.6806
8208 0.7928
8209 17.1585
8210 0.7265
8211 2.6867
8212 2.9653
8213 8.5190
8214 5.6419
8215 3.6548
8216 22.4433
8217 10.2806
8218 15.0368
8219 7.5149
8220 0.8661
8221 0.8413
8222 1.6871
8223 6.8912
8224 15.7571
8225 2.6999
8226 6.6217
8227 9.1941
8228 4.1996
8229 0.7414
8230 2.8380
8231 1.6537
8232 0.2595
8233 8.4351
8234 2.9662
8235 1.4410
8236 1.4596
8237 0.8604
8238 0.2262
8239 1.2715
8240 3.1752
8241 10.4341
8242 0.7649
8243 1.3995
8244 7.9963
8245 2.6758
8246 9.5198
8247 1.9851
8248 2.8163
8249 23.2431
8250 13.4886
8251 2.1294
8252 6.6712
8253 0.6587
8254 0.6784
8255 3.4924
8256 3.0938
8257 60.1385
8258 18.8613
8259 7.6503
8260 9.2019
8261 3.1458
8262 2.3953
8263 17.8142
8264 5.6589
8265 0.7536
8266 2.6776
8267 4.2566
8268 6.0822
8269 12.7603
8270 7.6425
8271 1.2533
8272 3.3447
8273 18.9209
8274 2.2329
8275 16.3697
8276 2.9533
8277 7.7518
8278 0.3050
8279 26.1277
8280 2.4138
8281 0.3422
8282 2.8892
8283 25.6748
8284 3.9849
8285 4.7666
8286 23.3348
8287 22.1729
8288 3.6673
8289 11.1373
8290 24.0945
8291 4.8058
8292 8.7549
8293 3.2157
8294 3.2497
8295 0.7390
8296 2.0355
8297 9.6097
8298 11.0607
8299 4.0728
8300 4.2835
8301 11.5191
8302 0.7145
8303 2.7180
8304 3.4534
8305 4.7335
8306 4.6503
8307 5.3539
8308 24.0027
8309 12.3110
8310 0.1915
8311 21.4034
8312 5.6632
8313 1.8872
8314 0.1898
8315 7.6457
8316 19.4769
8317 5.0926
8318 1.6643
8319 2.2401
8320 7.6726
8321 1.5718
8322 1.9329
8323 2.1910
8324 1.0629
8325 3.2724
8326 11.6346
8327 2.0980
8328 47.5350
8329 2.7466
8330 7.6112
8331 5.5723
8332 1.8014
8333 4.3408
8334 0.8593
8335 3.1411
8336 4.5997
8337 3.1187
8338 4.3697
8339 3.2560
8340 1.4320
8341 1.7520
8342 3.2953
8343 17.1919
8344 4.6959
8345 0.2246
8346 7.7039
8347 5.4816
8348 6.1522
8349 20.9430
8350 4.7066
8351 1.0978
8352 9.0398
8353 11.8968
8354 4.8852
8355 16.6302
8356 0.1147
8357 11.0539
8358 0.3938
8359 1.6289
8360 2.2684
8361 2.4251
8362 8.9958
8363 9.3930
8364 17.7567
8365 21.8938
8366 0.2310
8367 0.9318
8368 7.0853
8369 1.3341
8370 1.8480
8371 0.3656
8372 13.8805
8373 0.2221
8374 7.8017
8375 8.4413
8376 1.5588
8377 0.2017
8378 30.2123
8379 1.5035
8380 2.1179
8381 4.0169
8382 1.9803
8383 0.3067
8384 12.2198
8385 5.9726
8386 5.3748
8387 5.9785
8388 2.8366
8389 11.2285
8390 2.5651
8391 3.3757
8392 59.6638
8393 19.1826
8394 9.9540
8395 3.9288
8396 2.7321
8397 1.9601
8398 18.8747
8399 12.4415
8400 3.7706
8401 0.4291
8402 17.7597
8403 6.9349
8404 1.5508
8405 1.0607
8406 11.4763
8407 0.2414
8408 3.4301
8409 13.6925
8410 2.2821
8411 3.0424
8412 4.9057
8413 2.0207
8414 16.9035
8415 6.9634
8416 3.5833
8417 18.4858
8418 0.4789
8419 36.1288
8420 1.9261
8421 7.8618
8422 1.7095
8423 5.9813
8424 45.7637
8425 0.6321
8426 1.2728
8427 7.4045
8428 0.6758
8429 8.7006
8430 5.5962
8431 5.9593
8432 1.6435
8433 10.2171
8434 8.1031
8435 0.2113
8436 4.6880
8437 2.2456
8438 1.1378
8439 18.9946
8440 3.1602
8441 2.3372
8442 1.1339
8443 2.4255
8444 3.6269
8445 2.4357
8446 4.3304
8447 5.1208
8448 2.1477
8449 1.4916
8450 8.1423
8451 1.7102
8452 1.2665
8453 12.9178
8454 3.3709
8455 6.4897
8456 7.3310
8457 10.5229
8458 8.2078
8459 11.2532
8460 15.4947
8461 7.3080
8462 0.1660
8463 2.1885
8464 2.4109
8465 2.3272
8466 2.3713
8467 0.2475
8468 1.1293
8469 3.9177
8470 0.3013
8471 1.5652
8472 3.3964
8473 3.2584
8474 17.3050
8475 11.1367
8476 0.6858
8477 2.8726
8478 11.9249
8479 8.8486
8480 0.5274
8481 0.3750
8482 0.5845
8483 0.3530
8484 1.5845
8485 0.5058
8486 11.6969
8487 1.7874
8488 16.8193
8489 17.7980
8490 0.3440
8491 10.9993
8492 11.4876
8493 16.5879
8494 5.0392
8495 2.8255
8496   NaN
8497 2.8800
8498 3.6232
8499 33.6688
8500 1.6517
8501 14.0938
8502 3.7910
8503 23.6726
8504 7.5912
8505 14.6489
8506 1.2320
8507 1.2870
8508 8.2589
8509 6.3086
8510 12.4718
8511 3.1044
8512 0.6542
8513 6.5385
8514 10.9874
8515 7.6866
8516 11.4635
8517 14.3940
8518 25.0354
8519 0.1044
8520 27.5949
8521 37.9711
8522 0.9130
8523 23.9826
8524 10.0545
8525 6.6545
8526 7.4281
8527 14.9444
8528 1.4552
8529 1.4134
8530 3.5519
8531 38.4658
8532 2.2994
8533 11.4521
8534 0.5217
8535 1.9726
8536 14.6804
8537 0.8495
8538 5.9644
8539 9.8562
8540 2.6195
8541 1.6931
8542 6.8612
8543 0.7304
8544 11.2827
8545 1.4277
8546 3.1965
8547 24.6038
8548 0.7474
8549 7.3557
8550 0.6553
8551 10.0861
8552 0.5997
8553 5.3057
8554 0.1972
8555 4.7178
8556 1.8631
8557 3.9949
8558 0.3106
8559 1.6583
8560 12.9436
8561 4.4998
8562 3.6423
8563 0.9919
8564 18.3931
8565 0.4425
8566 2.6901
8567 1.8088
8568 21.5128
8569 1.7821
8570 0.2381
8571 0.2713
8572 5.7207
8573 2.2364
8574 4.1283
8575 1.3718
8576 0.3115
8577 11.0698
8578 2.7592
8579 0.2949
8580 2.2864
8581 3.2710
8582 1.5871
8583 0.8994
8584 13.9204
8585 15.9535
8586 3.8422
8587 0.1896
8588 0.7353
8589 1.6164
8590 2.5952
8591 4.4827
8592 0.9263
8593 2.7764
8594 3.0763
8595 10.9858
8596 6.9845
8597 3.6398
8598 1.5515
8599 5.6899
8600 0.8971
8601 17.1255
8602 8.8738
8603 1.9037
8604 0.8622
8605 6.6369
8606 4.2202
8607 9.1077
8608 7.3055
8609 4.2131
8610 2.9309
8611 5.2241
8612 0.2674
8613 9.8269
8614 2.8681
8615 11.5210
8616 1.0488
8617 18.7030
8618 18.7610
8619 1.2711
8620 1.2996
8621 3.6885
8622 1.0280
8623 3.7008
8624 3.9136
8625 5.7565
8626 0.1571
8627 8.0816
8628 11.1451
8629 5.5937
8630 9.8237
8631 4.4640
8632 2.3678
8633 21.2678
8634 10.5967
8635 4.8102
8636 0.7613
8637 31.6381
8638 6.0500
8639 2.3637
8640 2.1265
8641 0.4944
8642 0.1322
8643 13.1297
8644 6.5744
8645 17.2258
8646 6.5681
8647 5.3792
8648 11.4003
8649 2.6148
8650 16.6935
8651 1.5816
8652 2.8958
8653 21.5532
8654 12.6145
8655 8.6500
8656 13.5743
8657 1.0118
8658 1.7895
8659 16.5806
8660 17.5319
8661 21.8306
8662 0.3923
8663 1.3800
8664 0.7688
8665 1.4210
8666 7.8069
8667 7.0301
8668 2.0477
8669 6.3768
8670 1.1148
8671 3.3491
8672 0.2219
8673 12.7511
8674 2.6878
8675 0.9221
8676 33.1390
8677 11.9279
8678 6.0331
8679 20.5852
8680 3.8746
8681 11.4060
8682 0.5850
8683 11.8911
8684 7.6050
8685 4.1691
8686 3.1050
8687 6.5744
8688 2.6788
8689 1.6495
8690 30.5644
8691 0.6954
8692 7.0300
8693 12.9501
8694 3.7727
8695 0.8942
8696 3.9281
8697 6.4390
8698 9.0448
8699 1.5430
8700 3.0539
8701 15.8807
8702 16.0663
8703 1.8111
8704 2.1026
8705 0.1973
8706 2.2905
8707 5.9843
8708 3.1110
8709 8.6427
8710 3.7708
8711 0.8016
8712 36.4545
8713 1.0047
8714 7.0529
8715 5.7450
8716 0.8057
8717 20.3029
8718 47.6002
8719 2.0991
8720 2.2530
8721 7.6113
8722 5.3979
8723 18.2030
8724 3.5582
8725 13.9955
8726 7.1426
8727 4.5548
8728 1.2351
8729 1.1572
8730 9.7202
8731 3.1660
8732 0.1722
8733 1.7031
8734 11.8110
8735 16.8571
8736 1.4120
8737 4.4817
8738 3.6993
8739 12.1464
8740 5.7090
8741 6.9612
8742 1.0950
8743 10.0890
8744 4.1386
8745 10.0839
8746 9.9445
8747 1.2234
8748 1.5728
8749 0.2159
8750 0.4868
8751 0.5613
8752 3.9202
8753 0.6671
8754 17.4066
8755 6.2903
8756 2.3474
8757 5.2171
8758 1.3141
8759 1.6506
8760 1.1895
8761 0.1198
8762 2.0909
8763 12.5138
8764 3.8411
8765 34.4078
8766 13.4730
8767 10.4943
8768 7.1064
8769 1.9421
8770 2.6395
8771 5.3787
8772 7.1975
8773 2.2034
8774 0.1797
8775 2.7782
8776 5.3432
8777 22.6843
8778 1.2629
8779 3.4753
8780 2.8137
8781 30.0616
8782 2.0192
8783 1.2405
8784 1.5066
8785 3.3541
8786 8.4829
8787 0.4739
8788 4.1267
8789 24.9814
8790 11.9221
8791 1.6683
8792 24.1825
8793 8.9244
8794 0.1040
8795 13.7131
8796 3.7384
8797 1.0541
8798 12.1484
8799 4.0775
8800 1.7036
8801 0.8304
8802 15.8543
8803 1.2529
8804 0.3811
8805 2.3794
8806 0.1402
8807 15.5830
8808 0.7662
8809 1.0197
8810 11.2524
8811 0.8753
8812 10.8722
8813 0.1273
8814 0.6197
8815 2.1378
8816 5.2285
8817 1.3867
8818 0.8822
8819 6.7409
8820 18.8752
8821 0.1082
8822 1.8796
8823 2.3967
8824 0.9781
8825 11.1003
8826 3.7730
8827 25.3839
8828 6.8626
8829 1.7788
8830 1.4057
8831 5.6865
8832 3.9583
8833 0.7982
8834 2.3322
8835 0.2012
8836 5.6370
8837 2.0027
8838 3.4284
8839 2.3607
8840 6.2124
8841 13.3494
8842 3.7588
8843 21.5012
8844 7.3110
8845 18.5419
8846 0.9564
8847 3.6185
8848 21.7263
8849 3.9728
8850 18.3696
8851 6.4248
8852 0.3192
8853 1.6444
8854 1.4861
8855 5.8572
8856 7.4652
8857 3.8191
8858 0.9565
8859 3.9242
8860 11.3225
8861 0.1570
8862 3.5459
8863 1.9567
8864 0.9594
8865 0.4724
8866 8.8602
8867 1.1362
8868 10.4765
8869 0.3053
8870 9.5555
8871 1.3139
8872 20.5323
8873 1.3579
8874 6.1284
8875 1.0504
8876 7.4856
8877 14.6790
8878 16.4298
8879 4.9301
8880 4.4986
8881 0.8465
8882 0.6165
8883 0.5977
8884 0.8372
8885 3.6154
8886 12.2418
8887 2.9373
8888 1.4726
8889 36.3911
8890 8.9724
8891 6.6619
8892 24.6529
8893 3.2749
8894 2.6359
8895 7.7069
8896 5.9146
8897 8.0014
8898 2.5936
8899 16.0351
8900 2.9515
8901 7.7931
8902 14.0923
8903 26.9106
8904 4.9454
8905 6.5747
8906 0.5585
8907 5.3754
8908 14.9745
8909 11.4494
8910 2.6888
8911 1.4713
8912 1.1599
8913 6.2226
8914 15.4325
8915 0.1776
8916 0.6227
8917 0.2171
8918 16.3226
8919 1.0933
8920 23.5768
8921 2.3334
8922 3.1167
8923 21.1459
8924 1.9034
8925 0.8809
8926 10.8452
8927 0.3842
8928 13.8576
8929 2.1850
8930 4.3370
8931 2.7340
8932 2.4939
8933 17.5473
8934 3.7920
8935 0.6017
8936 0.7986
8937 4.0876
8938 26.8227
8939 2.6302
8940 13.0884
8941 3.5248
8942 0.5245
8943 2.8699
8944 6.2990
8945 16.4412
8946 15.4297
8947 13.1160
8948 1.3277
8949 5.2468
8950 0.2222
8951 0.4816
8952 4.1445
8953 5.2000
8954 3.9044
8955 2.9387
8956 0.9137
8957 3.9053
8958 13.1102
8959 0.9087
8960 4.9900
8961 0.3937
8962 36.2908
8963 2.1518
8964 17.4209
8965 2.5754
8966 16.8433
8967 11.0484
8968 2.1007
8969 4.1039
8970 15.9568
8971 6.6964
8972 47.6243
8973 15.3080
8974 11.2272
8975 6.4272
8976 4.1216
8977 3.7189
8978 4.4820
8979 17.4590
8980 1.0346
8981 34.3253
8982 8.7496
8983 7.7602
8984 11.6491
8985 5.9583
8986 4.4563
8987 0.7810
8988 24.3261
8989 0.5693
8990 3.3289
8991 16.0640
8992 2.2859
8993 3.8481
8994 4.0998
8995 2.0019
8996 0.9552
8997 0.7098
8998 6.9550
8999 6.2731
9000 11.4503
9001 5.3051
9002 0.1630
9003 4.0734
9004 20.2131
9005 2.2069
9006 0.3417
9007 9.1488
9008 6.6297
9009 0.9519
9010 0.4244
9011 1.7373
9012 0.9982
9013 3.7907
9014 1.7592
9015 0.4601
9016 11.8817
9017 4.8071
9018 0.9583
9019 2.4224
9020 0.9933
9021 24.9631
9022 0.1957
9023 8.2750
9024 0.1792
9025 7.4926
9026 6.7084
9027 1.0079
9028 1.9541
9029 12.1801
9030 11.9077
9031 11.4332
9032 1.0870
9033 12.1492
9034 20.6990
9035 5.1557
9036 38.7494
9037 4.1437
9038 0.7124
9039 0.7323
9040 0.3288
9041 9.4861
9042 4.4278
9043 7.3865
9044 4.9738
9045 6.7978
9046 10.7578
9047 26.8795
9048 1.4521
9049 0.9254
9050 0.4001
9051 7.6333
9052 7.9349
9053 0.5753
9054 16.5390
9055 4.0774
9056 2.0198
9057 47.6266
9058 4.9867
9059 0.5344
9060 0.5699
9061 4.2131
9062 38.3450
9063 0.8371
9064 10.4981
9065 18.3435
9066 5.9722
9067 12.4978
9068 9.8941
9069 0.5319
9070 7.1471
9071 11.1766
9072 0.5896
9073 0.3044
9074 3.6117
9075 0.1641
9076 0.4983
9077 10.0950
9078 1.2390
9079 17.0869
9080 1.6145
9081 2.8073
9082 1.1628
9083 2.6416
9084 7.8961
9085 4.9360
9086 0.8322
9087 3.1820
9088 0.1403
9089 2.1533
9090 5.0384
9091 0.4446
9092 11.4723
9093 4.1328
9094 0.3136
9095 13.0876
9096 11.0057
9097 1.6208
9098 14.8484
9099 16.7572
9100 24.5042
9101 1.4665
9102 1.7662
9103 17.0979
9104 3.9075
9105 7.0627
9106 5.2376
9107 1.8533
9108 1.3430
9109 18.1620
9110 0.4491
9111 4.6036
9112 9.3080
9113 1.0790
9114 3.8387
9115 0.8192
9116 6.1900
9117 2.5221
9118 5.4469
9119 41.2190
9120 12.5090
9121 7.0546
9122 13.2147
9123 4.3948
9124 5.8593
9125 0.4927
9126 0.2673
9127 7.7037
9128 22.0660
9129 5.3217
9130 1.8624
9131 4.3325
9132 27.0197
9133 11.3688
9134 7.0536
9135 4.7011
9136 2.8718
9137 5.5500
9138 3.0269
9139 3.5500
9140 2.7455
9141 1.2452
9142 6.2642
9143 1.8307
9144 0.8579
9145 3.6223
9146 0.2899
9147 2.1339
9148 0.2802
9149 13.2311
9150 3.6991
9151 14.1405
9152 1.7714
9153 5.6870
9154 2.3841
9155 19.7040
9156 2.7099
9157 19.7817
9158 5.3196
9159 0.5638
9160 8.7855
9161 1.1803
9162 0.1594
9163 7.2586
9164 20.3111
9165 7.4072
9166 0.8620
9167 0.3768
9168 8.7637
9169 1.5039
9170 0.2137
9171 7.0359
9172 1.9241
9173 1.0316
9174 6.8008
9175 1.9144
9176 0.3239
9177 17.4250
9178 0.9887
9179 0.2509
9180 29.2822
9181 4.0884
9182 11.5348
9183 1.8338
9184 0.9550
9185 4.1697
9186 11.7722
9187 0.5599
9188 2.4348
9189 6.2536
9190 8.1909
9191 7.6423
9192 0.9276
9193 2.2963
9194 8.6382
9195 2.0159
9196 1.5572
9197 1.1989
9198 1.4942
9199 3.4002
9200 2.8443
9201 22.9954
9202 4.0903
9203 24.0155
9204 0.8506
9205 3.4341
9206 5.6203
9207 11.0750
9208 4.2045
9209 1.7997
9210 0.9892
9211 3.3179
9212 1.1914
9213 21.1316
9214 3.1185
9215 14.1863
9216 10.5901
9217 0.6539
9218 1.2705
9219 0.7780
9220 1.4497
9221 1.5086
9222 14.8701
9223 16.4406
9224 0.9733
9225 3.8261
9226 3.5453
9227 2.2522
9228 0.2009
9229 16.7391
9230 3.1194
9231 5.0866
9232 5.5580
9233 0.9245
9234 22.9630
9235 0.8769
9236 8.2338
9237 18.3804
9238 14.1337
9239 6.3186
9240 0.7489
9241 3.9378
9242 1.9972
9243 6.1366
9244 22.4826
9245 3.4398
9246 3.6462
9247 4.3531
9248 21.3421
9249 0.3027
9250 20.7467
9251 4.8919
9252 10.9718
9253 0.2379
9254 4.8433
9255 1.7759
9256 24.0542
9257 10.9569
9258 12.9500
9259 3.7898
9260 3.5413
9261 0.3312
9262 6.5162
9263 4.1308
9264 5.0664
9265 14.3796
9266 0.2885
9267 5.6470
9268 4.2616
9269 3.8130
9270 2.0208
9271 1.9474
9272 26.7971
9273 4.2704
9274 7.6214
9275 22.9161
9276 3.8106
9277 0.2700
9278 1.4750
9279 3.4628
9280 1.3138
9281 2.4798
9282 4.7365
9283 4.5380
9284 0.5395
9285 0.1307
9286 12.0999
9287 1.2404
9288 2.6411
9289 3.0986
9290 3.0003
9291 10.8228
9292 1.3085
9293 2.9037
9294 6.0115
9295 3.3436
9296 11.5893
9297 3.9853
9298 11.1214
9299 0.3638
9300 1.9004
9301 2.3236
9302 6.0657
9303 1.7791
9304 13.9583
9305 7.1571
9306 4.5714
9307 3.1564
9308 3.5056
9309 21.8562
9310 6.6731
9311 4.3918
9312 5.4804
9313 3.8442
9314 1.2765
9315 0.2239
9316 1.1860
9317 19.7778
9318 9.8592
9319   NaN
9320 2.8393
9321 19.0231
9322 5.5206
9323 2.2276
9324 11.2639
9325 23.7646
9326 6.5173
9327 3.7758
9328 1.8915
9329 2.6664
9330 11.4280
9331 1.9267
9332 0.5621
9333 2.0872
9334 0.1568
9335 1.4094
9336 0.7455
9337 0.6555
9338 2.8231
9339 0.1087
9340 1.1210
9341 5.0330
9342 2.3552
9343 3.5276
9344 1.7549
9345 5.6679
9346 15.8563
9347 0.2394
9348 4.5689
9349 4.2540
9350 11.4957
9351 0.3843
9352 5.6405
9353 6.4994
9354 35.1328
9355 1.1870
9356 3.7195
9357 1.5194
9358 18.5731
9359 0.9542
9360 8.3269
9361 3.7051
9362 10.7274
9363 0.1283
9364 1.6217
9365 3.5472
9366 4.8992
9367 13.7752
9368 4.9446
9369 3.6230
9370 10.5889
9371 16.6316
9372 3.9385
9373 5.0207
9374 0.5284
9375 8.5438
9376 10.3915
9377 0.7498
9378 0.7693
9379 0.9606
9380 5.6327
9381 0.2161
9382 18.1694
9383 5.8642
9384 18.2872
9385 43.7821
9386 0.4282
9387 7.1584
9388 2.2242
9389 1.8021
9390 8.8476
9391 5.6136
9392 0.5363
9393 7.5350
9394 4.1281
9395 1.4656
9396 3.7806
9397 6.5818
9398 28.8238
9399 1.9997
9400 3.6471
9401 7.8058
9402 4.2692
9403 1.6940
9404 8.7047
9405 7.9619
9406 9.6436
9407 12.8304
9408 12.2276
9409 1.1737
9410 1.6879
9411 7.9655
9412 2.9670
9413 5.4059
9414 1.0842
9415 2.6669
9416 21.4902
9417 0.2479
9418 2.0126
9419 1.4558
9420 5.5350
9421 4.2995
9422 6.4395
9423 0.9652
9424 0.6374
9425 3.7539
9426 3.8104
9427 4.3129
9428 0.7639
9429 19.2318
9430 21.9517
9431 0.1777
9432 5.2411
9433 1.1409
9434 1.3846
9435 10.8736
9436 32.5500
9437 1.3857
9438 2.2307
9439 0.6088
9440 40.2703
9441 1.3047
9442 10.0060
9443 9.4176
9444 22.8420
9445 9.1216
9446 11.3424
9447 6.6867
9448 1.8314
9449 7.2500
9450 1.3305
9451 0.3061
9452 24.9072
9453 29.8360
9454 1.1094
9455 3.1270
9456 0.5344
9457 1.2568
9458 1.8280
9459 0.1928
9460 13.7335
9461 3.0783
9462 13.9594
9463 2.7979
9464 2.2549
9465 6.7331
9466 8.9310
9467 11.7458
9468 5.7560
9469 8.1165
9470 1.0166
9471 5.1049
9472 0.6605
9473 2.3076
9474 1.7650
9475 3.3238
9476 12.0628
9477 2.0329
9478 11.4159
9479 4.2169
9480   NaN
9481 3.5653
9482 3.2816
9483 0.7301
9484 0.6438
9485 0.6938
9486 10.6185
9487 1.8411
9488 21.1894
9489 13.1960
9490 0.6380
9491 1.0205
9492 1.8566
9493 0.3071
9494 12.6928
9495 0.2552
9496 7.1216
9497 2.4992
9498 18.5680
9499 0.8089
9500 3.4951
9501 23.1206
9502 5.9874
9503 0.2330
9504 24.0471
9505 1.1772
9506 0.9824
9507 2.8416
9508 0.1607
9509 1.5507
9510 0.3563
9511 0.9679
9512 4.1265
9513 5.0832
9514 0.6334
9515 0.1709
9516 1.7590
9517 6.2570
9518 2.8942
9519 11.2213
9520 2.5862
9521 43.0036
9522 1.0496
9523 2.8328
9524 0.9727
9525 36.7769
9526 0.5947
9527 2.9033
9528 0.8669
9529 4.5458
9530 2.5625
9531 4.7810
9532 32.3806
9533 7.2182
9534 2.7633
9535 0.9496
9536 71.5824
9537 10.2929
9538 8.4291
9539 6.7594
9540 2.4951
9541 9.3121
9542 11.3136
9543 2.4477
9544 14.5553
9545 9.9513
9546 3.7002
9547 3.8421
9548 57.0019
9549 1.7543
9550 3.2955
9551 1.1291
9552 6.2233
9553 2.0659
9554 11.8551
9555 1.2785
9556 1.5161
9557 0.9814
9558 7.3211
9559 5.5629
9560 8.8297
9561 0.8819
9562 7.3249
9563 0.8662
9564 15.2892
9565 8.5818
9566 2.7971
9567 19.0567
9568 8.7823
9569 27.8268
9570 18.8675
9571 2.1588
9572 3.0517
9573 1.6652
9574 7.2805
9575 1.9188
9576 2.0518
9577 4.2327
9578 3.9867
9579 30.5515
9580 4.5867
9581 16.4505
9582 15.9376
9583 15.5448
9584 1.6301
9585 8.3487
9586 9.9005
9587 3.6907
9588 0.4653
9589 13.6230
9590 3.3938
9591 2.5226
9592 1.1853
9593 1.4354
9594 1.1579
9595 17.9887
9596 8.1179
9597 1.7602
9598 13.7549
9599 4.3601
9600 5.0420
9601 2.2015
9602 21.8132
9603 14.9180
9604 7.3259
9605 8.5386
9606 5.7212
9607 3.2305
9608 0.2860
9609 0.2460
9610 1.0935
9611 5.7835
9612 2.6843
9613 18.6502
9614 16.4022
9615 1.6018
9616 36.2280
9617 5.0849
9618 1.5679
9619 19.4397
9620 0.3138
9621 2.5912
9622 3.2859
9623 4.2182
9624 4.2411
9625 5.2520
9626 5.1180
9627 7.1031
9628 6.2678
9629 2.4546
9630 1.0002
9631 1.6455
9632 4.0269
9633 5.6331
9634 3.8182
9635 1.6030
9636 3.2176
9637 8.7584
9638 2.2629
9639 12.1211
9640 2.5489
9641 1.0785
9642 6.9789
9643 1.2407
9644 11.0435
9645 5.1681
9646 1.6169
9647 11.6673
9648 1.2973
9649 2.0892
9650 2.3573
9651 1.5345
9652 10.0346
9653 8.9304
9654 5.2635
9655 49.4330
9656 20.0526
9657 9.1534
9658 2.6243
9659 1.0019
9660 11.2665
9661 2.4486
9662 4.3369
9663 4.6959
9664 1.7466
9665 25.2607
9666 0.3238
9667 0.1812
9668 1.3092
9669 5.0924
9670 3.8981
9671 2.1658
9672 3.0870
9673 1.2896
9674 6.4601
9675 8.3166
9676 0.6840
9677 2.0249
9678 1.0333
9679 5.0655
9680 3.5794
9681 14.0883
9682 8.5762
9683 2.1631
9684 4.7889
9685 1.3255
9686 1.6558
9687 12.8362
9688 1.4145
9689 0.5374
9690 4.1970
9691 9.9040
9692 9.9488
9693 1.0297
9694 35.0291
9695 4.5391
9696 2.9862
9697 3.1704
9698 9.8738
9699 6.1611
9700 0.1570
9701 0.6521
9702 2.5409
9703 7.3705
9704 2.4240
9705 6.2259
9706 1.1893
9707 1.1108
9708 3.0893
9709 2.8318
9710 1.3761
9711 1.7295
9712 2.4486
9713 1.8638
9714 0.3059
9715 0.4525
9716 1.1859
9717 0.9503
9718 5.9628
9719 4.3926
9720 8.2187
9721 0.5121
9722 3.9754
9723 4.6378
9724 6.1698
9725 2.3458
9726 4.5661
9727 1.7030
9728 1.3868
9729 1.5210
9730 15.3708
9731 10.2439
9732 0.8065
9733 3.0837
9734 1.9404
9735 5.3351
9736 6.7928
9737 3.4772
9738 2.8650
9739 1.2031
9740 0.9153
9741 3.1287
9742 4.7176
9743 2.0408
9744 3.0263
9745 0.8497
9746 16.6320
9747 4.0925
9748 22.4283
9749 9.1952
9750 8.8694
9751 6.5963
9752 7.4532
9753 13.1868
9754 1.6695
9755 5.4069
9756 23.8058
9757 6.1948
9758 10.2854
9759 13.5762
9760 15.0658
9761 7.8382
9762 4.5912
9763 17.4101
9764 1.7642
9765 18.6884
9766 2.5437
9767 8.9404
9768 2.4556
9769 2.8379
9770 1.8290
9771 3.9866
9772 3.5194
9773 8.6038
9774 1.0551
9775 9.3082
9776 2.8989
9777 3.2792
9778 2.4228
9779 0.1256
9780 0.2355
9781 0.2228
9782 1.2142
9783 1.9418
9784 2.6610
9785 2.4747
9786 0.6713
9787 8.4824
9788 4.9196
9789 26.2708
9790 22.2341
9791 2.9697
9792 7.2185
9793 4.9637
9794 2.7198
9795 2.4347
9796 2.0241
9797 2.1408
9798 2.1857
9799 0.9422
9800 7.1539
9801 34.7642
9802 2.5143
9803 7.2292
9804 8.4590
9805 11.6027
9806 3.7229
9807 0.1628
9808 7.3046
9809 0.4836
9810 1.2295
9811 4.1059
9812 13.3323
9813 0.7199
9814 6.0523
9815 6.4555
9816 9.6117
9817 2.1767
9818 4.1499
9819 3.4925
9820 3.4531
9821 6.5575
9822 1.3998
9823 16.4876
9824 2.8853
9825 21.4684
9826 3.8188
9827 8.0928
9828 19.1813
9829 0.8917
9830 0.7432
9831 13.5008
9832 0.9270
9833 16.9426
9834 12.1632
9835 15.6783
9836 3.6200
9837 13.3975
9838 14.9792
9839 7.7464
9840 7.3940
9841 4.6608
9842 2.0370
9843 1.0113
9844 2.4655
9845 4.3121
9846 17.3950
9847 1.4036
9848 14.6677
9849 6.0072
9850 7.6528
9851 8.7408
9852 0.1353
9853 2.7555
9854 0.6774
9855 5.0146
9856   NaN
9857 1.4533
9858 2.1219
9859 17.6191
9860 1.2439
9861 1.5938
9862 5.1864
9863 8.6336
9864 6.1827
9865 2.7235
9866 14.4071
9867 19.3070
9868 2.4935
9869 5.6876
9870 4.8955
9871 4.9209
9872 4.0708
9873 2.4270
9874 0.7470
9875 1.7167
9876 19.8829
9877 0.3095
9878 2.3287
9879 2.7599
9880 9.6208
9881 0.4062
9882 26.2792
9883 1.6479
9884 3.1828
9885 16.7499
9886 1.0537
9887 1.0970
9888 2.3613
9889 3.0045
9890 10.4596
9891 12.0869
9892 18.7340
9893 1.1366
9894 9.7769
9895 7.3257
9896 8.9448
9897 1.4629
9898 1.8103
9899 4.3363
9900 6.5995
9901 4.3716
9902 13.3524
9903 4.3927
9904 6.0152
9905 0.2527
9906 8.5045
9907 7.9824
9908 4.1584
9909 18.0979
9910 2.4045
9911 0.1072
9912 5.6202
9913 0.4545
9914 1.2658
9915 13.9842
9916 0.1502
9917 3.3196
9918 4.0556
9919 1.4600
9920 5.3844
9921 10.0065
9922 23.6204
9923 19.2927
9924 1.0715
9925 19.5376
9926 9.0640
9927 2.6082
9928 0.2721
9929 12.8843
9930 0.2593
9931 0.2945
9932 2.5719
9933 0.2645
9934 3.1793
9935 8.4952
9936 3.0534
9937 5.2752
9938 1.4540
9939 4.4171
9940 0.9262
9941 13.2286
9942 0.4759
9943 0.4718
9944 5.7836
9945 1.1919
9946 14.7909
9947 2.7406
9948 2.9959
9949 3.5644
9950 1.5116
9951 0.6032
9952 12.9082
9953 3.1755
9954 3.2864
9955 1.1437
9956 12.9895
9957 19.8121
9958 2.1002
9959 0.4207
9960 12.3633
9961 4.8435
9962 2.0117
9963 0.1220
9964 1.0486
9965 6.4565
9966 34.1941
9967 17.0628
9968 1.9204
9969 10.6506
9970 10.1012
9971 7.0028
9972 7.9849
9973 2.1881
9974 1.7826
9975 1.4207
9976 3.6532
9977 1.9091
9978 5.0607
9979 19.4521
9980 1.1890
9981 8.4243
9982 1.6811
9983 1.7279
9984 5.1141
9985 9.3094
9986 0.9163
9987 11.9015
9988 7.7842
9989 3.5030
9990 5.5719
9991 8.0977
9992 0.1250
9993 0.1679
9994 3.2205
9995 5.6959
9996 2.6425
9997 7.5308
9998 49.1503
9999 16.6033
10000 8.4540
