5001 2.4693
5002 3.6973
5003 0.4282
5004 5.6002
5005 0.8574
5006 0.9861
5007 10.7673
5008 4.2408
5009 8.5411
5010 2.0593
5011 20.8599
5012 5.7135
5013 20.4517
5014 1.5926
5015 2.0116
5016 11.4433
5017 2.8650
5018 1.4547
5019 18.5121
5020 0.1377
5021 8.4477
5022 0.1786
5023 5.6878
5024 8.7235
5025 6.5589
5026 1.4389
5027 1.4458
5028 0.7833
5029 4.6249
5030 1.6885
5031 0.1206
5032 1.0096
5033 0.2301
5034 4.7968
5035 2.4482
5036 1.0360
5037 8.9914
5038 1.7384
5039 0.5230
5040 2.9585
5041 0.5756
5042 4.9267
5043 1.9741
5044 1.2463
5045 6.0770
5046 2.7417
5047 42.7092
5048 5.7185
5049 2.4726
5050 7.5671
5051 2.1031
5052 2.7506
5053 0.9111
5054 1.8838
5055 1.0270
5056 1.1987
5057 1.5333
5058 0.2349
5059 6.5631
5060 1.6980
5061 42.5336
5062 5.3023
5063 43.0162
5064 11.3732
5065 3.5788
5066 7.6015
5067 3.2437
5068 3.5428
5069 1.9416
5070 6.7879
5071 1.8361
5072 8.5099
5073 3.9153
5074 2.1492
5075 0.2067
5076 6.5222
5077 1.3002
5078 1.5116
5079 0.2281
5080 5.1341
5081 9.4907
5082 7.8265
5083 1.1879
5084 1.5383
5085 4.1037
5086 36.8390
5087 22.4352
5088 0.6924
5089 8.3058
5090 1.6578
5091 1.0118
5092 0.2978
5093 14.3304
5094 1.7259
5095 10.5316
5096 2.0679
5097 26.8563
5098 1.4062
5099 2.7383
5100 0.3961
5101 1.4724
5102 10.2237
5103 0.4109
5104 43.1552
5105 1.2876
5106 4.7951
5107 0.7612
5108 2.8515
5109 0.1830
5110 9.6975
5111 2.9484
5112 4.0831
5113 4.3311
5114 2.3390
5115 0.8897
5116 1.3718
5117 11.2915
5118 4.8151
5119 4.3806
5120 7.3976
5121 1.4440
5122 11.1168
5123 31.7202
5124 0.5321
5125 27.6231
5126 21.1225
5127 1.7634
5128 2.3572
5129 4.6089
5130 6.8774
5131 9.2436
5132 0.2413
5133 15.3462
5134 8.1253
5135 1.1129
5136 18.7953
5137 5.6750
5138 7.2990
5139 9.7490
5140 11.4197
5141 0.8249
5142 4.0455
5143 5.1086
5144 2.0027
5145 4.0518
5146 11.9447
5147 2.7040
5148 4.2548
5149 17.8653
5150 0.2199
5151 1.0947
5152 1.1259
5153 2.4069
5154 1.5957
5155 5.2468
5156 1.2936
5157 5.3425
5158 0.1309
5159 4.2151
5160 3.0686
5161 0.9616
5162 0.1424
5163 0.9816
5164 0.7971
5165 1.2500
5166 22.0547
5167 0.9710
5168 1.2239
5169 1.0043
5170 16.5141
5171 1.5935
5172 4.6454
5173 4.2495
5174 1.0585
5175 8.3897
5176 1.2688
5177 31.7972
5178 13.4729
5179 1.8275
5180 1.6024
5181 3.7091
5182 6.9233
5183 5.9087
5184 4.8412
5185 5.3730
5186 6.6558
5187 0.2689
5188 4.8940
5189 5.6234
5190 1.3526
5191 2.2796
5192 1.8735
5193 3.5362
5194 5.5856
5195 1.7230
5196 12.3963
5197 41.0296
5198 13.2443
5199 5.6423
5200 9.4348
5201 13.3995
5202 2.9157
5203 3.9276
5204 13.6047
5205 1.5379
5206 1.5353
5207 18.3531
5208 1.1415
5209 12.8069
5210 11.6754
5211 17.3914
5212 32.2081
5213 0.9322
5214 3.3669
5215 38.1929
5216 0.2639
5217 6.3858
5218 33.9079
5219 0.3998
5220 3.1764
5221 14.8763
5222 9.1429
5223 0.9440
5224 6.4327
5225 0.9561
5226 7.3552
5227 0.5197
5228 21.1457
5229 1.7066
5230 0.8435
5231 14.3602
5232 3.6825
5233 1.1818
5234 13.0629
5235 1.0226
5236 3.1669
5237 7.6416
5238 5.7793
5239 1.1874
5240 0.8165
5241 11.7791
5242 1.9624
5243 0.7551
5244 1.2888
5245 4.7360
5246 3.4241
5247 3.3198
5248 3.5111
5249 2.0118
5250 2.8766
5251 7.0584
5252 0.4739
5253 3.7264
5254 2.2862
5255 26.8978
5256 5.0676
5257 1.0212
5258 4.0798
5259 31.2428
5260 39.7202
5261 3.9184
5262 0.7878
5263 11.8177
5264 0.7385
5265 12.5728
5266 5.6960
5267 3.9144
5268 3.0303
5269 1.7308
5270 2.1201
5271 26.0350
5272 2.2062
5273 0.9801
5274 2.0728
5275 41.1679
5276 2.3895
5277 1.1014
5278 8.3013
5279 1.6531
5280 0.1501
5281 2.3942
5282 0.8037
5283 2.1498
5284 7.3352
5285 2.3316
5286 6.5476
5287 1.0367
5288 0.8037
5289 4.6894
5290 2.2899
5291 4.3168
5292 3.8806
5293 3.3543
5294 7.4570
5295 6.1248
5296 4.8066
5297 3.9875
5298 5.2460
5299 7.6583
5300 3.8396
5301 4.2698
5302 2.7382
5303 9.2018
5304 5.1510
5305 1.5834
5306 6.8631
5307 36.8463
5308 22.2557
5309 9.2978
5310 3.8958
5311 1.2441
5312 6.6435
5313 3.3515
5314 4.9125
5315 2.8662
5316 23.3468
5317 11.2381
5318 7.7037
5319 30.9046
5320 3.4500
5321 7.0770
5322 0.8451
5323 29.0326
5324 13.6001
5325 6.8928
5326 5.5874
5327 5.8112
5328 2.5585
5329 16.4440
5330 5.2772
5331 7.6553
5332 8.1668
5333 1.2364
5334 7.7013
5335 23.7168
5336 0.4523
5337 0.4601
5338 12.7463
5339 12.8058
5340 6.8046
5341 3.2472
5342 1.0269
5343 3.2497
5344 2.8668
5345 36.3020
5346 8.8531
5347 61.4419
5348 10.2774
5349 9.3164
5350 13.6869
5351 1.1450
5352 12.9130
5353 16.8928
5354 5.0190
5355 10.5226
5356 2.2226
5357 0.9534
5358 2.1367
5359 3.6839
5360 5.4629
5361 0.4500
5362 9.8609
5363 12.8711
5364 25.4461
5365 0.9718
5366 5.9504
5367 0.2925
5368 22.7863
5369 0.1555
5370 8.5957
5371 26.6888
5372 2.3488
5373 0.3450
5374 2.7075
5375 0.7217
5376 1.2177
5377 20.6310
5378 3.2638
5379 2.4901
5380 1.6136
5381 18.3910
5382 29.9761
5383 3.9441
5384 5.4718
5385 15.0992
5386 4.1967
5387 2.2112
5388   NaN
5389 0.2708
5390 4.8285
5391 2.8669
5392 36.6807
5393 11.7929
5394 3.7099
5395 1.3561
5396 6.6994
5397 1.2445
5398 45.5583
5399 1.3350
5400 15.7666
5401 0.8803
5402 5.2355
5403 11.9658
5404 21.4466
5405 4.2912
5406 26.5479
5407 0.2934
5408 12.3601
5409 35.3893
5410 3.8394
5411 2.9396
5412 6.0470
5413 13.6388
5414 1.5272
5415 5.5667
5416 0.1130
5417 1.8169
5418 0.1739
5419 3.6047
5420 2.5922
5421 24.8538
5422 1.3828
5423 1.5458
5424 2.3495
5425 4.1740
5426 2.6158
5427 2.4491
5428 1.3510
5429 3.0749
5430 6.8585
5431 1.6530
5432 2.4217
5433 8.0516
5434 14.1257
5435 1.0687
5436 1.4286
5437 24.2445
5438 36.9971
5439 1.1660
5440 2.2381
5441 0.4978
5442 1.4355
5443 5.8702
5444 9.7184
5445 2.1990
5446 0.2280
5447 2.1152
5448 8.9839
5449 13.3013
5450 11.7096
5451 0.1666
5452 0.6872
5453 5.0531
5454 38.6044
5455 8.0567
5456 15.9822
5457 0.1443
5458 5.3258
5459 0.1974
5460 3.0768
5461 5.8219
5462 2.9178
5463 2.5230
5464 6.0864
5465 2.0284
5466 3.3865
5467 9.1687
5468 34.9681
5469 2.4309
5470 10.7160
5471 6.8740
5472 3.5610
5473 4.7413
5474 4.2252
5475 2.9902
5476 3.6148
5477 4.9835
5478 8.1407
5479 10.7940
5480 0.3485
5481 5.2879
5482 1.1418
5483 2.5005
5484 17.6345
5485 0.4086
5486 5.9527
5487 13.2989
5488 17.4386
5489 2.5468
5490 4.2286
5491 6.0910
5492 2.4674
5493 3.2519
5494 1.5681
5495 28.0903
5496 6.1087
5497 1.1229
5498 1.5261
5499 2.0708
5500 3.4377
5501 4.3659
5502 5.3183
5503 1.1943
5504 1.8107
5505 0.5203
5506 12.3029
5507 4.5380
5508 4.6322
5509 3.3897
5510 0.8215
5511 2.5721
5512 4.4167
5513 0.9113
5514 4.1146
5515 1.6774
5516 0.2345
5517 2.0504
5518 13.6550
5519 30.6581
5520 7.8216
5521 10.4000
5522 1.4643
5523 0.9379
5524 2.1882
5525 4.9425
5526 9.6716
5527 5.7048
5528 4.0188
5529 23.6980
5530 10.2434
5531 4.3424
5532 2.2065
5533 5.9878
5534 5.1840
5535 0.1459
5536 25.5852
5537 7.3467
5538 4.4666
5539 1.5067
5540 0.2388
5541 10.5871
5542 17.8071
5543 2.4708
5544 4.2087
5545 19.4867
5546 2.3586
5547 2.3888
5548 0.3227
5549 1.5990
5550 5.6319
5551 10.9653
5552 7.2734
5553 32.1993
5554 2.0758
5555 3.1510
5556 5.7069
5557 8.9358
5558 13.5614
5559 7.0016
5560 25.6749
5561 2.2296
5562 0.8823
5563 3.9698
5564 2.4018
5565 13.2351
5566 15.2341
5567 0.1846
5568 9.6175
5569 13.6662
5570 10.3265
5571 0.1888
5572 1.1795
5573 39.1201
5574 3.0555
5575 1.9136
5576 2.9880
5577 7.7343
5578 1.3048
5579 19.9188
5580 2.1447
5581 0.8116
5582 12.1710
5583 0.9707
5584 3.1266
5585 56.1024
5586 1.0793
5587 4.4740
5588 7.8971
5589 10.8745
5590 3.1760
5591 0.1709
5592 0.7939
5593 9.7851
5594 1.1564
5595 18.8169
5596 24.3843
5597 1.8664
5598 1.5546
5599 14.8788
5600 2.1070
5601 5.5734
5602 0.1479
5603 10.1259
5604 3.2540
5605 11.1995
5606 0.3163
5607 4.1954
5608 19.2866
5609 13.2113
5610 3.0035
5611 4.2133
5612 17.1728
5613 3.9204
5614 63.1053
5615 1.8906
5616 1.1314
5617 2.6334
5618 11.2900
5619 1.4996
5620 3.4397
5621 4.4106
5622 17.1174
5623 5.5593
5624 11.4923
5625 1.4855
5626 0.8533
5627 1.5592
5628 5.8278
5629 0.3386
5630 2.4117
5631 17.1565
5632 4.3222
5633 21.7897
5634 13.4546
5635 1.2762
5636 1.8603
5637 2.5156
5638 50.4412
5639 4.9925
5640 3.1705
5641 2.4858
5642 1.8567
5643 22.3603
5644 5.1511
5645 0.6045
5646 0.1825
5647 6.7159
5648 5.7396
5649 9.2852
5650 2.0543
5651 1.4978
5652 0.8907
5653 1.1858
5654 18.9515
5655 13.9168
5656 9.2729
5657 0.8601
5658 0.3850
5659 4.2655
5660 3.1797
5661 22.7390
5662 6.5017
5663 1.1195
5664 0.2717
5665 3.5282
5666 10.6042
5667 8.1207
5668 13.2497
5669 21.5339
5670 14.2500
5671 16.1966
5672 0.9019
5673 2.9006
5674 1.3883
5675 0.3654
5676 2.7997
5677 0.1862
5678 3.5519
5679 12.9917
5680 0.8658
5681 14.9196
5682 11.6179
5683 9.5259
5684 2.4298
5685 0.9354
5686 33.1741
5687 5.6855
5688 11.2414
5689 7.3323
5690 15.5041
5691 7.9612
5692 1.3501
5693 6.0464
5694 21.1491
5695 1.8842
5696 16.0431
5697 12.4933
5698 6.6219
5699 17.8108
5700 11.4008
5701 11.5756
5702 3.8719
5703 3.2104
5704 0.1766
5705 11.1632
5706 5.0641
5707 6.0680
5708 17.0888
5709 19.6227
5710 2.8818
5711 8.9026
5712 7.7496
5713 1.6197
5714 8.0335
5715 25.2054
5716 2.5405
5717 21.6682
5718 5.1174
5719 31.9291
5720 0.9662
5721 1.6199
5722 0.9437
5723 1.4811
5724 0.9930
5725 8.7457
5726 12.3900
5727 7.0302
5728 6.7342
5729 29.1610
5730 2.5105
5731 4.0017
5732 10.2395
5733 0.6851
5734 3.3910
5735 8.4148
5736 0.2350
5737 1.3899
5738 7.1965
5739 25.0914
5740 1.1392
5741 5.2437
5742 0.2308
5743 0.4556
5744 3.4904
5745 0.1768
5746 10.2517
5747 1.1084
5748 10.9256
5749 11.6232
5750 0.5256
5751 1.8330
5752 7.3759
5753 24.0387
5754 8.8169
5755 6.4943
5756 2.7529
5757 4.5559
5758 4.0557
5759 7.8754
5760 1.9369
5761 0.2360
5762 9.5449
5763 5.3535
5764 5.8951
5765 14.0955
5766 0.7183
5767 1.1162
5768 3.3993
5769 5.7572
5770 9.6741
5771 3.7253
5772 8.0400
5773 16.1931
5774 6.5993
5775 2.0699
5776 1.5388
5777 0.4894
5778 1.1281
5779 9.6165
5780 3.2605
5781 3.4522
5782 14.6461
5783 18.9346
5784 1.6673
5785 5.0804
5786 0.4086
5787 2.0650
5788 0.1811
5789 57.1358
5790 0.7921
5791 20.1536
5792 11.5623
5793 3.4645
5794 22.6962
5795 5.9074
5796 12.7218
5797 5.4211
5798 0.2388
5799 1.2062
5800 0.4339
5801 2.7607
5802 0.7427
5803 21.9556
5804 6.4166
5805 4.1008
5806 2.8190
5807 2.3760
5808 0.5114
5809 2.1248
5810 7.6056
5811 1.0158
5812 10.7122
5813 7.1256
5814 1.2412
5815 1.6600
5816 5.2110
5817 2.4733
5818 0.2444
5819 0.1449
5820 0.8207
5821 0.2422
5822 0.2919
5823 2.9813
5824 1.0067
5825 1.3909
5826 16.7863
5827 29.1220
5828 21.0437
5829 2.3450
5830 2.4282
5831 7.7092
5832 2.9957
5833 11.9540
5834 2.2092
5835 1.8634
5836 0.5595
5837 5.3584
5838 1.1328
5839 13.0638
5840 2.6787
5841 0.1754
5842 0.2775
5843 1.0546
5844 0.8327
5845 6.8423
5846 2.0216
5847 1.4701
5848 4.4404
5849 6.4683
5850 2.5683
5851 66.0831
5852 5.8954
5853 0.9008
5854 0.2009
5855 2.0812
5856 2.9422
5857 11.4486
5858 9.7149
5859 7.2731
5860 7.1027
5861 1.5774
5862 0.5412
5863 3.1777
5864 1.9155
5865 3.9362
5866 11.4189
5867 5.1602
5868 6.0331
5869 15.1571
5870 29.9289
5871 7.8978
5872 0.8452
5873 0.4101
5874 17.7682
5875 5.4125
5876 0.7543
5877 1.1386
5878 6.9910
5879 0.6858
5880 4.5275
5881 10.7702
5882 21.4696
5883 0.1773
5884 2.1468
5885 19.8340
5886 4.9126
5887 3.8182
5888 9.0138
5889 0.5494
5890 4.7105
5891 3.7310
5892 1.6079
5893 6.0681
5894 17.6253
5895 12.2199
5896 0.5731
5897 2.1514
5898 4.5786
5899 12.8964
5900 0.5379
5901 17.2360
5902 0.2396
5903 9.4783
5904 13.1111
5905 2.6399
5906 17.0562
5907 3.2401
5908 0.6328
5909 0.1678
5910 10.9019
5911 8.9453
5912 45.4310
5913 23.1870
5914 10.9249
5915 2.3505
5916 2.5630
5917 9.9220
5918 11.7620
5919 32.8560
5920 0.6159
5921 12.4871
5922 20.6247
5923 2.9082
5924 0.1042
5925 0.6949
5926 9.2985
5927 64.2830
5928 3.3893
5929 3.8706
5930 5.0301
5931 34.4223
5932 10.1053
5933 4.4782
5934 3.8618
5935 3.2136
5936 1.6920
5937 0.3285
5938 6.5308
5939 2.2553
5940 3.8462
5941 21.2040
5942 3.2388
5943 26.0352
5944 0.5204
5945 14.5802
5946 1.5759
5947 2.6696
5948 3.2341
5949 0.8614
5950 0.8110
5951 7.9972
5952 12.6556
5953 2.0978
5954 11.0071
5955 4.4714
5956 11.1489
5957 2.8329
5958 0.8392
5959 4.1326
5960 6.7421
5961 15.5785
5962 4.2160
5963 11.4329
5964 0.1905
5965 16.0013
5966 1.1501
5967 2.2338
5968 4.7116
5969 1.8562
5970 1.4815
5971 0.6333
5972 2.1386
5973 11.3969
5974 2.9703
5975 1.3541
5976 12.4596
5977 22.4396
5978 2.2622
5979 5.0238
5980 1.4203
5981 1.9867
5982 4.9330
5983 3.2196
5984 3.8443
5985 4.1034
5986 15.6784
5987 15.7607
5988 7.2884
5989 7.3843
5990 1.1573
5991 2.6004
5992 0.7088
5993 6.3825
5994 3.9299
5995 3.2837
5996 7.1089
5997 1.3770
5998 0.8867
5999 3.6282
6000 16.1079
6001 0.4019
6002 7.9402
6003 68.5022
6004 3.4386
6005 0.5205
6006 4.3705
6007 0.1718
6008 46.8302
6009 0.2914
6010 0.2384
6011 1.2026
6012 2.0966
6013 3.0000
6014 3.1789
6015 1.4055
6016 6.1956
6017 14.4337
6018 0.8350
6019 2.0907
6020 1.1749
6021 23.8059
6022 19.8445
6023 0.8273
6024 2.0364
6025 12.9462
6026 60.3475
6027 5.0144
6028 0.4229
6029 14.5102
6030 5.7176
6031 23.0736
6032 4.5882
6033 2.4395
6034 0.8004
6035 5.8212
6036 51.3100
6037 0.2450
6038 1.0949
6039 27.2531
6040 1.5543
6041 2.9458
6042 5.6788
6043 1.6404
6044 13.5373
6045 14.1647
6046 10.5733
6047 3.5312
6048 15.5508
6049 4.0780
6050 2.5724
6051 19.2130
6052 13.9171
6053 1.7055
6054 2.9976
6055 0.9936
6056 8.5084
6057 13.2319
6058 5.1930
6059 5.8631
6060 2.6376
6061 1.8435
6062 5.7110
6063 3.3291
6064 10.0070
6065 9.2190
6066 2.9080
6067 0.5662
6068 7.3137
6069 2.9648
6070 7.6013
6071 0.6311
6072 3.3244
6073 58.2022
6074 8.2063
6075 3.5771
6076 14.1878
6077 6.9013
6078 0.5227
6079 5.7804
6080 1.6243
6081 3.6243
6082 0.2553
6083 1.6143
6084 12.4784
6085 2.3282
6086 0.7360
6087 16.5672
6088 0.9383
6089 6.8507
6090 14.5547
6091 3.7264
6092 1.2950
6093 3.1367
6094 1.1501
6095 0.3581
6096 1.7062
6097 0.3729
6098 6.6113
6099 3.2425
6100 0.1567
6101 15.3924
6102 9.4069
6103 19.2078
6104 10.0379
6105 1.6462
6106 3.1381
6107 16.7422
6108 5.8860
6109 9.4625
6110 0.1205
6111 7.4913
6112 3.7558
6113 0.1292
6114 0.7271
6115 12.0802
6116 10.8150
6117 16.8203
6118 8.2832
6119 8.3013
6120 4.8878
6121 4.6803
6122 8.1713
6123 7.8576
6124 7.4464
6125 9.1712
6126 0.5360
6127 1.6379
6128 0.5648
6129 7.2224
6130 7.1032
6131 10.0843
6132 3.2203
6133 3.5647
6134 2.5725
6135 0.6896
6136 5.3911
6137 1.1590
6138 1.4214
6139 3.0496
6140 6.1413
6141 3.0802
6142 2.4731
6143 0.3724
6144 2.4496
6145 1.6999
6146 1.1441
6147 1.2126
6148 10.0966
6149 2.5141
6150 2.0682
6151 6.0307
6152 0.2163
6153 1.2876
6154 2.1151
6155 19.3428
6156 41.3654
6157 0.2276
6158 10.4766
6159 12.3740
6160 0.8166
6161 1.4029
6162 29.0782
6163 28.9353
6164 32.9875
6165 0.1930
6166 3.1664
6167 5.3318
6168 3.7437
6169 6.6530
6170 6.0193
6171 9.3130
6172 4.8131
6173 22.7293
6174 1.5414
6175 2.6855
6176 0.5467
6177 1.9255
6178 1.9654
6179 9.0191
6180 3.4321
6181 1.4992
6182 0.3431
6183 13.0191
6184 22.6084
6185 15.1269
6186 2.5018
6187 7.9807
6188 3.7851
6189 16.3483
6190 2.0569
6191 7.3470
6192 7.5272
6193 0.7787
6194 8.1773
6195 13.0443
6196 6.1036
6197 1.4325
6198 18.1183
6199 6.7816
6200 15.3186
6201 1.8275
6202 0.9138
6203 2.5108
6204 13.0732
6205 8.5890
6206 28.7173
6207 15.8143
6208 1.7420
6209 1.8452
6210 3.3054
6211 1.6230
6212 4.2541
6213 28.4788
6214 1.8106
6215 17.9452
6216 3.9658
6217 0.1135
6218 22.4531
6219 4.8383
6220 1.6259
6221 3.7654
6222 1.9758
6223 2.1678
6224 21.5140
6225 0.3265
6226 9.9646
6227 7.3992
6228 3.6335
6229 14.8423
6230 1.9078
6231 2.4252
6232 11.9681
6233 1.6972
6234 3.7797
6235 0.9750
6236 46.4554
6237 0.2205
6238 1.1969
6239 2.6147
6240 16.5453
6241 2.6523
6242 18.0956
6243 5.2851
6244 6.1588
6245 15.3711
6246 6.2646
6247 1.8961
6248 0.9526
6249 18.8553
6250 3.7874
6251 1.2386
6252 0.5216
6253 9.1352
6254 0.2430
6255 6.5625
6256 4.4155
6257 7.5240
6258 1.0368
6259 12.4147
6260 1.7034
6261 4.3422
6262 1.9130
6263 1.7695
6264 0.8258
6265 17.2547
6266 9.1775
6267 1.2030
6268 0.8099
6269 2.6465
6270 12.2768
6271 1.4262
6272 6.9642
6273 3.7515
6274 15.7257
6275 4.1043
6276 3.0666
6277 5.2480
6278 34.9339
6279 2.8970
6280 14.2132
6281 8.5088
6282 0.1971
6283 19.1401
6284 3.3518
6285 0.7524
6286 25.3563
6287 9.4295
6288 2.3531
6289 2.7719
6290 0.3798
6291 0.7625
6292 20.0348
6293 8.7719
6294 9.9499
6295 7.2621
6296 0.4019
6297 8.3415
6298 0.4488
6299 33.7309
6300 0.4736
6301 6.6955
6302 6.9434
6303 8.0030
6304 0.4286
6305 6.5670
6306 0.5616
6307 3.2551
6308 12.9774
6309 2.7031
6310 25.0979
6311 11.6936
6312 0.8763
6313 1.0729
6314 1.9929
6315 18.0448
6316 1.3433
6317 11.7618
6318 53.0619
6319 1.0314
6320 15.8198
6321 3.2390
6322 7.7245
6323 0.2427
6324 0.5809
6325 4.6384
6326 5.3979
6327 2.0217
6328 12.5374
6329 1.3210
6330 9.7779
6331 1.4903
6332 0.6538
6333 1.6319
6334 0.9360
6335 16.1742
6336 5.8615
6337 6.0210
6338 14.6032
6339 10.2134
6340 9.6892
6341 0.8144
6342 9.9447
6343 2.9089
6344 2.7737
6345 5.2200
6346 3.3512
6347 16.3148
6348 1.5209
6349 24.9118
6350 10.4744
6351 3.5709
6352 2.9710
6353 1.3750
6354 5.8686
6355 3.8528
6356 3.8240
6357 33.8376
6358 6.7501
6359 4.8554
6360 2.4605
6361 4.4796
6362 0.9613
6363 10.6691
6364 29.6650
6365 3.7388
6366 3.2976
6367 2.3051
6368 6.1134
6369 6.8672
6370 12.9390
6371 8.2278
6372 4.6299
6373 8.3741
6374 6.9719
6375 21.6622
6376 4.3211
6377 1.4167
6378 7.0267
6379 1.8848
6380 1.2752
6381 6.4163
6382 6.8142
6383 3.3680
6384 1.3441
6385 13.0254
6386 0.4373
6387 1.7741
6388 18.5507
6389 6.7642
6390 11.0476
6391 7.8975
6392 2.2186
6393 6.6670
6394 9.7169
6395 3.2563
6396 12.0525
6397 13.4218
6398 20.2922
6399 5.4089
6400 22.8202
6401 0.9845
6402 2.3747
6403 2.1846
6404 4.3657
6405 0.6672
6406 3.0980
6407 1.1538
6408 11.8965
6409 3.7259
6410 27.8282
6411 3.9501
6412 5.8162
6413 0.2796
6414 3.9865
6415 1.4490
6416 3.1476
6417 10.7398
6418 0.4427
6419 6.7235
6420 22.2426
6421 5.6941
6422 8.5698
6423 3.8638
6424 2.7948
6425 6.9110
6426 2.4414
6427 9.5586
6428 2.2878
6429 6.1917
6430 1.8078
6431 5.7599
6432 1.3958
6433 4.1180
6434 3.8096
6435 19.1779
6436 1.3707
6437 6.9867
6438 4.2536
6439 1.5970
6440 3.3361
6441 0.2129
6442 17.0514
6443 7.3159
6444 21.3105
6445 1.4569
6446 7.8410
6447 3.4529
6448 0.7405
6449 3.3931
6450 5.5012
6451 0.8778
6452 0.7199
6453 0.3136
6454 6.6746
6455 5.6734
6456 20.9379
6457 4.8506
6458 4.5529
6459 37.7748
6460 22.3890
6461 1.7160
6462 0.2421
6463 1.7131
6464 4.4980
6465 14.2577
6466 5.1904
6467 12.4275
6468 1.9665
6469 35.7004
6470 3.0924
6471 3.7191
6472 2.4266
6473 0.8060
6474 0.4230
6475 13.5921
6476 2.3804
6477 5.8294
6478 7.1873
6479 5.8793
6480 62.5591
6481 7.6143
6482 0.7706
6483 0.1019
6484 9.1992
6485 4.0644
6486 8.3760
6487 1.5929
6488 2.5268
6489 1.0785
6490 2.8865
6491 14.7243
6492 7.8220
6493 18.2366
6494 0.2086
6495 34.2771
6496 26.1589
6497 16.5101
6498 26.0505
6499 2.8981
6500 0.8095
6501 1.3223
6502 0.7025
6503 4.9014
6504 1.9043
6505 5.4246
6506 1.9805
6507 4.0538
6508 2.8234
6509 0.3141
6510 5.7736
6511 10.3610
6512 1.4713
6513 26.5444
6514 29.6358
6515 4.6918
6516 0.3583
6517 2.8124
6518 27.9740
6519 2.8357
6520 1.6510
6521 8.4938
6522 2.1703
6523 8.7179
6524 1.2743
6525 0.9190
6526 2.0674
6527 1.4651
6528 0.8180
6529 0.7735
6530 13.0680
6531 2.8085
6532 1.1696
6533 9.0101
6534 10.8837
6535 12.6783
6536 7.4497
6537 11.1577
6538 4.3632
6539 9.0941
6540 32.9656
6541 3.2414
6542 0.2351
6543 2.9003
6544 1.8963
6545 17.0219
6546 14.5796
6547 11.0743
6548 2.0109
6549 11.1820
6550 2.5787
6551 0.5067
6552 9.5035
6553 0.1772
6554 3.6006
6555 0.8956
6556 0.2301
6557 0.2900
6558 7.4388
6559 37.1917
6560 1.7248
6561 13.3816
6562 0.4919
6563 8.1753
6564 13.1012
6565 11.3553
6566 11.1341
6567 15.3665
6568 1.4945
6569 2.4182
6570 4.8267
6571 3.3012
6572 1.6860
6573 1.7417
6574 1.4592
6575 4.4087
6576 7.0684
6577 3.4108
6578 2.5761
6579 56.7387
6580 8.3126
6581 2.3058
6582 3.8492
6583 2.0322
6584 10.0124
6585 0.4526
6586 3.2569
6587 0.4364
6588 16.3232
6589 3.3219
6590 1.2039
6591 20.9037
6592 3.0181
6593 3.9102
6594 9.5499
6595 22.5078
6596 0.1654
6597 3.8637
6598 11.7143
6599 0.8606
6600 5.2702
6601 10.3023
6602 3.2523
6603 1.7030
6604 3.3067
6605 0.7696
6606 4.2213
6607 0.5308
6608 1.5164
6609 2.8154
6610 3.6399
6611 14.7795
6612 5.2896
6613 15.4733
6614 9.2562
6615 4.2004
6616 0.4319
6617 2.8992
6618 2.0613
6619 6.9536
6620 1.5770
6621 2.2506
6622 0.5192
6623 1.1797
6624 1.5868
6625 2.0682
6626 3.9288
6627 1.7505
6628 11.5818
6629 14.9582
6630 5.9052
6631 21.5662
6632 4.4901
6633 19.8506
6634 7.1794
6635 22.5214
6636 2.2761
6637 7.3919
6638 3.8528
6639 1.1435
6640 12.6673
6641 5.6847
6642 1.2219
6643 10.1010
6644 23.7337
6645 22.4088
6646 5.6051
6647 0.1610
6648 1.4901
6649 0.1075
6650 0.6116
6651 1.6579
6652 9.3233
6653 2.2840
6654 1.8659
6655 4.1959
6656 1.4486
6657 2.1827
6658 8.1830
6659 13.2069
6660 0.8801
6661 1.0053
6662 0.6214
6663 11.3482
6664 6.5974
6665 7.2143
6666 0.4602
6667 9.1982
6668 3.0479
6669 8.9018
6670 23.9781
6671 9.8650
6672 0.7385
6673 13.2138
6674 2.4009
6675 7.1975
6676 3.2798
6677 6.1365
6678 1.0460
6679 3.0458
6680 0.2221
6681 1.8190
6682 1.4338
6683 13.8837
6684 4.0808
6685 0.8970
6686 2.9379
6687 0.6879
6688 5.2815
6689 3.2154
6690 2.2837
6691 1.2108
6692 3.6541
6693 3.0273
6694 4.4068
6695 2.5891
6696 1.7965
6697 1.8793
6698 7.8775
6699 1.7958
6700 4.8637
6701 1.2529
6702 2.1741
6703 0.7420
6704 2.2635
6705 19.9919
6706 23.1610
6707 7.7533
6708 36.5731
6709 3.1663
6710 6.2970
6711 8.0806
6712 7.5704
6713 14.9726
6714 1.6241
6715 14.0672
6716 0.8422
6717 14.6039
6718 5.1164
6719 9.3803
6720 3.5042
6721 0.4712
6722 29.3433
6723 2.2270
6724 5.0068
6725 2.3250
6726 6.3805
6727 3.5792
6728 1.6387
6729 7.0634
6730 7.1313
6731 5.1315
6732 24.8722
6733 12.3102
6734 1.6336
6735 2.5442
6736 49.6023
6737 8.5664
6738 23.9532
6739 1.5807
6740 16.8985
6741 29.8233
6742 4.0904
6743 19.8230
6744 1.8309
6745 1.0605
6746 5.5133
6747 1.6854
6748 9.6811
6749 35.8191
6750 8.3188
6751 4.3159
6752 10.7043
6753 0.5982
6754 18.0856
6755 7.4582
6756 0.9064
6757 1.4189
6758 24.1441
6759 0.9044
6760 0.3208
6761 2.6700
6762 12.8037
6763 1.7351
6764 2.3139
6765 9.4564
6766 5.1402
6767 6.0577
6768 0.8843
6769 5.9472
6770 6.5634
6771 6.3336
6772 2.8779
6773 7.3308
6774 20.1198
6775 1.1998
6776 7.5888
6777 1.9506
6778 9.8992
6779 1.5857
6780 5.3962
6781 19.2743
6782 3.1130
6783 0.1829
6784 2.1198
6785 5.3999
6786 1.4659
6787 1.8908
6788 3.5368
6789 1.7439
6790 2.5196
6791 0.1849
6792 17.2545
6793 10.0682
6794 2.0030
6795 3.9826
6796 0.1177
6797 2.1190
6798 9.0725
6799 1.1027
6800 2.2847
6801 0.2735
6802 1.7574
6803 1.4358
6804 0.4959
6805 3.9615
6806 1.8322
6807 3.7607
6808 24.1868
6809 0.2285
6810 0.5610
6811 19.7042
6812 7.2255
6813 5.4521
6814 1.3928
6815 1.7389
6816 2.8643
6817 1.9903
6818 2.6376
6819 0.8437
6820 0.4644
6821 8.5900
6822 6.1988
6823 2.8461
6824 3.6614
6825 0.6924
6826 6.5559
6827 1.6809
6828 3.3753
6829 2.0544
6830 2.9236
6831 1.3625
6832 2.1188
6833 0.8187
6834 0.4306
6835 1.7484
6836 1.1963
6837 6.1469
6838 34.4658
6839 0.1630
6840 1.3990
6841 3.4151
6842 0.2366
6843 7.3575
6844 2.2824
6845 6.6132
6846 1.6209
6847 3.7456
6848 4.0478
6849 11.5325
6850 0.2607
6851 21.2388
6852 1.9286
6853 1.5667
6854 3.2645
6855 23.2707
6856 1.8846
6857 12.4140
6858 1.1302
6859 12.8517
6860 7.7614
6861 1.8241
6862 3.1318
6863 4.1939
6864 10.1387
6865 0.2226
6866 2.3869
6867 10.4366
6868 2.3141
6869 8.1191
6870 0.5333
6871 1.4732
6872 29.5754
6873 2.5662
6874 11.0075
6875 24.2954
6876 0.2247
6877 3.9155
6878 3.5790
6879 1.1772
6880 2.2647
6881 0.3209
6882 25.5922
6883 7.1422
6884 44.3253
6885 0.1179
6886 5.3738
6887 5.6116
6888 24.0311
6889 0.2073
6890 16.5309
6891 11.0353
6892 12.7433
6893 2.5232
6894 4.8631
6895 1.1960
6896 11.4137
6897 0.8247
6898 1.1097
6899 11.8512
6900 1.5979
6901 7.1834
6902 11.8063
6903 11.1878
6904 3.9700
6905 14.5121
6906 3.1899
6907 0.7742
6908 4.1973
6909 1.7937
6910 14.1624
6911 6.3730
6912 9.3292
6913 1.0850
6914 0.2531
6915 1.0008
6916 0.9186
6917 4.7681
6918 0.1155
6919 4.1690
6920 1.2200
6921 0.6356
6922 5.5406
6923 1.6081
6924 5.5192
6925 0.9979
6926 30.6340
6927 32.9383
6928 0.4730
6929 16.8992
6930 0.9086
6931 8.6873
6932 6.7730
6933 46.1680
6934 2.5483
6935 17.5600
6936 0.4995
6937 3.5278
6938 0.4569
6939 0.6920
6940 6.0267
6941 0.1356
6942 24.7613
6943 4.2921
6944 1.5635
6945 22.2581
6946 19.2855
6947 15.6918
6948 24.4886
6949 5.9576
6950 21.8966
6951 9.4002
6952 18.0597
6953 0.5151
6954 1.5077
6955 3.2068
6956 0.1594
6957 1.8318
6958 0.7467
6959 14.3730
6960 0.5732
6961 8.4138
6962 11.5441
6963 3.9617
6964 4.4607
6965 0.3713
6966 4.8184
6967 3.1069
6968 12.1399
6969 1.8668
6970 9.0295
6971 5.5231
6972 0.1894
6973 0.9852
6974 3.5540
6975 13.6611
6976 11.7952
6977 10.9414
6978 2.4208
6979 7.2944
6980 0.6414
6981 4.8649
6982 4.1458
6983 1.6350
6984 19.5501
6985 4.5718
6986 6.8240
6987 0.8263
6988 1.2215
6989 8.5998
6990 16.7983
6991 12.6393
6992 0.3020
6993 4.3437
6994 2.7664
6995 5.1750
6996 0.9946
6997 13.2781
6998 0.9530
6999 0.3336
7000 2.0938
7001 3.7295
7002 1.3058
7003 24.8693
7004 7.8502
7005 18.0864
7006 37.4003
7007 4.1585
7008 3.3505
7009 1.4743
7010 5.0044
7011 6.6671
7012 1.6232
7013 2.2595
7014 6.5149
7015 0.6826
7016 4.1432
7017 1.6075
7018 0.2499
7019 12.5839
7020 32.2050
7021 1.5931
7022 11.5157
7023 7.4826
7024 0.5846
7025 2.2893
7026 0.2200
7027 3.4085
7028 1.5772
7029 14.5875
7030 1.0804
7031 4.8387
7032 5.6296
7033 0.6285
7034 0.2144
7035 11.6075
7036 5.5557
7037 6.8570
7038 3.9357
7039 1.1029
7040 2.1211
7041 5.7399
7042 0.1541
7043 12.1455
7044 2.9499
7045 0.3878
7046 1.5040
7047 6.2265
7048 19.6603
7049 20.5457
7050 1.5662
7051 7.0850
7052 0.7658
7053 5.2411
7054 13.9483
7055 4.3809
7056 12.9557
7057 0.7215
7058 8.9561
7059 32.1494
7060 28.3907
7061 2.3379
7062 1.1733
7063 10.9956
7064 2.6154
7065 1.3123
7066 5.4789
7067 0.2989
7068 6.0279
7069 2.4976
7070 1.2655
7071 0.5536
7072 10.3171
7073 12.4978
7074 1.0819
7075 9.3026
7076 8.4326
7077 1.6486
7078 0.9275
7079 11.5188
7080 0.8459
7081 8.1106
7082 0.9963
7083 15.0538
7084 2.3189
7085 19.1474
7086 8.2192
7087 1.3975
7088 1.0029
7089 54.9030
7090 3.9587
7091 9.8924
7092 12.5750
7093 1.6270
7094 8.0403
7095 7.1647
7096 3.1677
7097 14.2758
7098 2.4585
7099 2.5635
7100 1.7116
7101 0.7050
7102 0.1656
7103 15.5137
7104 2.1716
7105 10.4393
7106 6.7823
7107 2.7096
7108 1.1677
7109 7.6971
7110 2.4154
7111 3.7309
7112 12.5612
7113 6.0923
7114 0.4528
7115 0.2782
7116 8.1679
7117 10.9736
7118 0.9532
7119 9.0108
7120 2.7017
7121 13.0129
7122 0.8885
7123 0.2372
7124 3.2131
7125 4.4737
7126 10.7975
7127 4.5159
7128 0.3208
7129 7.7476
7130 0.4147
7131 15.6849
7132 6.0688
7133 7.5001
7134 2.2862
7135 3.6793
7136 23.3984
7137 11.6121
7138 3.9566
7139 7.1160
7140 0.7883
7141 0.5433
7142 3.6374
7143 6.4424
7144 9.6608
7145 1.9677
7146 5.2109
7147 1.5684
7148 2.8828
7149 1.0821
7150 1.8359
7151 7.6799
7152 9.7889
7153 3.8446
7154 3.5176
7155 12.6635
7156 0.1104
7157 10.7219
7158 1.7163
7159 8.9309
7160 0.2031
7161 1.6209
7162 3.5487
7163 4.0424
7164 6.7383
7165 14.2333
7166 0.6711
7167 1.1754
7168 3.8470
7169 18.3403
7170 2.0722
7171 15.0754
7172 8.4614
7173 1.7654
7174 2.0335
7175 21.8026
7176 32.0765
7177 13.6497
7178 0.6322
7179 12.6696
7180 0.7353
7181 8.4466
7182 3.5683
7183 4.7215
7184 1.8647
7185 26.4375
7186 13.3398
7187 5.8658
7188 9.1559
7189 0.1164
7190 2.9828
7191 17.5890
7192 1.3236
7193 8.4348
7194 1.8999
7195 5.5138
7196 7.5649
7197 1.8389
7198 2.5544
7199 1.7574
7200 16.7843
7201 0.8526
7202 13.5451
7203 0.9899
7204 1.9527
7205 11.1637
7206 4.3288
7207 17.8028
7208 0.9801
7209 0.3783
7210 18.9563
7211 6.7511
7212 0.7522
7213 2.1891
7214 3.0804
7215 1.6366
7216 6.7463
7217 2.5510
7218 7.9209
7219 3.0788
7220 2.1942
7221 0.1526
7222 0.5267
7223 9.6372
7224 6.3373
7225 54.9468
7226 0.5831
7227 5.8278
7228 21.4330
7229 3.6810
7230 1.9230
7231 5.0170
7232 2.1167
7233 2.2985
7234 13.5516
7235 7.3753
7236 1.3783
7237 20.9842
7238 30.5788
7239 10.4594
7240 6.1678
7241 1.2645
7242 1.8545
7243 2.2818
7244 0.2389
7245 3.6090
7246 1.5334
7247 3.6815
7248 0.7633
7249 2.9052
7250 4.2825
7251 1.9247
7252 5.0792
7253 5.6623
7254 5.3870
7255 2.1892
7256 0.2506
7257 2.8295
7258 3.7124
7259 11.2546
7260 12.8890
7261 6.9814
7262 1.9425
7263 2.0915
7264 5.3658
7265 0.1638
7266 0.7343
7267 6.9211
7268 1.5407
7269 1.6354
7270 1.7446
7271 13.3140
7272 1.1989
7273 5.6879
7274 1.5708
7275 8.4165
7276 1.2215
7277 3.3935
7278 10.8312
7279 2.0318
7280 10.9261
7281 1.5701
7282 4.2322
7283 2.2449
7284 19.5697
7285 21.3193
7286 10.7031
7287 3.3071
7288 1.5464
7289 3.9373
7290 17.7223
7291 18.7277
7292 15.7050
7293 3.5456
7294 5.6768
7295 1.3306
7296 0.8099
7297 21.8578
7298 9.5922
7299 0.2309
7300 4.2910
7301 9.0460
7302 11.4262
7303 7.2363
7304 17.1465
7305 9.6219
7306 20.0463
7307 6.7223
7308 3.3077
7309 19.8300
7310 4.7141
7311 1.1965
7312 0.4137
7313 3.9732
7314 13.5097
7315 13.8374
7316 1.0578
7317 8.5280
7318 0.5514
7319 4.9781
7320 6.2830
7321 0.8712
7322 4.1409
7323 14.6015
7324 0.9606
7325 5.7920
7326 0.0993
7327 17.6981
7328 1.3463
7329 3.6535
7330 2.8920
7331 2.8699
7332 51.1076
7333 0.6195
7334 1.7865
7335 0.3678
7336 13.9526
7337 2.5582
7338 3.2683
7339 4.9490
7340 13.8471
7341 6.4843
7342 2.8558
7343 11.7985
7344 6.2028
7345 5.8003
7346 0.4958
7347 4.5085
7348 2.2123
7349 6.6577
7350 0.1673
7351 13.1490
7352 4.8828
7353 0.9215
7354 6.9217
7355 14.6174
7356 0.7028
7357 0.1999
7358 5.9951
7359 1.0758
7360 7.9190
7361 9.9845
7362 9.5165
7363 1.8777
7364 3.2776
7365 1.3883
7366 11.1411
7367 1.8620
7368 3.5623
7369 0.8205
7370 7.5306
7371 2.4058
7372 3.3656
7373 1.1273
7374 1.3264
7375 26.7448
7376 15.8205
7377 1.5048
7378 1.0209
7379 23.0686
7380 3.1204
7381 1.9829
7382 4.9982
7383 5.3183
7384 0.6501
7385 2.1344
7386 0.6119
7387 8.4225
7388 2.2226
7389 0.8074
7390 0.9826
7391 6.5911
7392 1.0497
7393 7.4322
7394 1.8948
7395 24.6615
7396 23.9753
7397 1.8055
7398 2.9666
7399 1.8567
7400 8.9973
7401 8.0732
7402 0.9777
7403 2.1100
7404 12.8068
7405 4.8761
7406 3.3607
7407 3.8652
7408 2.4625
7409 19.7141
7410 12.7385
7411 17.2398
7412 3.7523
7413 3.4332
7414 4.7709
7415 8.7616
7416 31.9814
7417 0.1775
7418 1.8492
7419 4.3799
7420 2.2498
7421 17.8240
7422 6.6650
7423 0.2817
7424 3.4764
7425 0.7227
7426 25.0230
7427 3.2889
7428 20.0054
7429 13.5225
7430 26.4951
7431 1.5662
7432 6.9145
7433 0.6428
7434 8.4729
7435   NaN
7436 12.2563
7437 11.8759
7438 7.7767
7439 40.8441
7440 8.5524
7441 18.7868
7442 16.0070
7443 0.4507
7444 2.1999
7445 3.3939
7446 32.5416
7447 20.6698
7448 0.5956
7449 2.3464
7450 1.9896
7451 2.9785
7452 3.0477
7453 0.2196
7454 10.9681
7455 2.9072
7456 5.5404
7457 5.0209
7458 1.8798
7459 3.1929
7460 13.1034
7461 0.8160
7462 1.9716
7463 5.6421
7464 4.3203
7465 3.7243
7466 1.1800
7467 17.5017
7468 20.7160
7469 3.1172
7470 7.7860
7471 10.3340
7472 8.9925
7473 3.0924
7474 9.2772
7475 9.0131
7476 2.2188
7477 10.4410
7478 9.6418
7479 6.4435
7480 5.4943
7481 4.9746
7482 31.3234
7483 1.3030
7484 8.8371
7485 21.6634
7486 47.5131
7487 5.1229
7488 1.0126
7489 10.4290
7490 2.6752
7491 12.2433
7492 2.8307
7493 2.6971
7494 1.3842
7495 5.4155
7496 2.4631
7497 1.3842
7498 13.0238
7499 3.0371
7500 0.9306
