5001 23.8751
5002 7.9819
5003 42.3257
5004 23.1638
5005 20.8358
5006 29.5766
5007 28.7275
5008 14.8825
5009 16.4119
5010 18.6097
5011 10.4868
5012 4.9301
5013 24.5575
5014 19.5215
5015 7.3244
5016 21.8228
5017 1.7851
5018 27.2135
5019 7.5174
5020 22.1474
5021 7.9468
5022 35.9106
5023 21.9203
5024 18.1512
5025 21.7133
5026 26.5507
5027 15.9139
5028 19.1971
5029 2.7046
5030 14.1398
5031   NaN
5032 2.9731
5033 14.2556
5034 29.0412
5035 3.6148
5036 41.0685
5037 52.1627
5038   NaN
5039 10.5548
5040 11.9605
5041 11.0182
5042 7.4652
5043 5.6360
5044 20.5805
5045 5.4484
5046 34.1705
5047 20.7607
5048 12.6954
5049 10.8121
5050 11.4884
5051 6.8251
5052 15.1157
5053 40.4153
5054 2.7837
5055 6.3924
5056 31.0190
5057 9.3998
5058 15.2857
5059 27.2095
5060 12.3618
5061 20.6035
5062 12.9398
5063 16.9087
5064 20.2003
5065 15.7919
5066 10.2236
5067 2.2821
5068 19.9531
5069 2.2809
5070 2.2978
5071 8.6714
5072 24.1852
5073 10.9678
5074 22.2809
5075 14.4966
5076 17.5677
5077 9.7258
5078 15.3623
5079 57.2518
5080 16.8643
5081 14.8548
5082 23.8314
5083 5.0519
5084 3.9145
5085 12.9954
5086 2.1722
5087 22.5228
5088 15.5808
5089 48.4324
5090 4.6989
5091 31.9180
5092 5.4237
5093 18.4704
5094 2.9349
5095 21.2655
5096 16.9078
5097 23.2629
5098 9.7473
5099 15.0158
5100   NaN
5101 10.1621
5102 10.7891
5103 23.4065
5104 1.9522
5105 6.5191
5106 22.5380
5107 5.3563
5108 4.3168
5109 15.3702
5110 14.4743
5111 17.9484
5112 9.6978
5113 21.6357
5114 28.4417
5115 12.7045
5116 9.8904
5117 1.5235
5118 13.2900
5119 3.9472
5120 7.2898
5121 14.9010
5122 16.4420
5123 23.2080
5124 8.0913
5125   NaN
5126 4.0739
5127 29.3441
5128 37.4116
5129 6.1467
5130 3.8888
5131 3.5605
5132 7.6159
5133 15.4832
5134 14.1737
5135 8.5751
5136 22.3721
5137 12.5035
5138 4.7391
5139 11.6655
5140 9.6109
5141 36.3997
5142 10.1381
5143 2.3941
5144 15.8612
5145 5.4386
5146 9.6911
5147 32.3088
5148 21.0615
5149 6.1961
5150 15.4113
5151 23.9056
5152 8.6836
5153 4.8204
5154 1.5590
5155 9.8976
5156 41.2014
5157 7.4256
5158 34.4520
5159   NaN
5160 13.2906
5161 4.5921
5162 11.0077
5163 55.4541
5164 22.7071
5165   NaN
5166 34.5361
5167 16.2420
5168 16.6125
5169 25.1336
5170 39.6890
5171   NaN
5172 3.3374
5173 1.6123
5174 19.6024
5175 4.7420
5176 24.9447
5177 10.3371
5178 7.0570
5179 8.0390
5180 4.0329
5181 41.2806
5182 16.8604
5183 30.3393
5184 12.8308
5185 1.9708
5186 21.5832
5187 11.0387
5188 6.5724
5189 9.7904
5190 5.3304
5191 3.6651
5192 29.0785
5193 20.2754
5194 25.0809
5195 16.7362
5196 22.8984
5197 19.2923
5198 8.5051
5199 28.4585
5200 15.4072
5201 7.1212
5202 16.1809
5203 27.7584
5204 9.9630
5205 7.0428
5206 3.9109
5207 27.5336
5208 16.1276
5209 24.3744
5210 6.0454
5211 14.1807
5212 51.3208
5213 4.8398
5214 4.2167
5215 22.7746
5216 2.8842
5217 28.6642
5218 12.3641
5219 16.0384
5220 12.7498
5221 24.0027
5222 32.7119
5223 19.4373
5224 19.0225
5225 8.5734
5226 14.1234
5227 40.2974
5228 1.4825
5229 21.7167
5230 24.9400
5231 33.4021
5232 8.7754
5233 11.5879
5234 46.9764
5235 8.2997
5236 5.7804
5237 7.9386
5238 26.9029
5239 26.8145
5240 12.8074
5241 46.9892
5242 26.6022
5243 27.0065
5244 12.5788
5245 12.7803
5246 10.7543
5247 31.1695
5248 13.6323
5249 40.1139
5250 70.4782
5251 2.9325
5252 24.0288
5253 108.0367
5254 12.9578
5255 5.8826
5256 17.4551
5257 7.9410
5258 18.3940
5259 6.2598
5260 12.0578
5261 24.2419
5262 33.6673
5263 22.4127
5264 6.1133
5265 19.2832
5266 15.3993
5267 25.1443
5268 10.6247
5269 19.8783
5270 11.6323
5271 18.7138
5272 16.5796
5273 5.6577
5274   NaN
5275 6.8627
5276 10.6925
5277 14.2341
5278 2.4152
5279 11.8293
5280 8.4181
5281 25.3495
5282 12.6700
5283 2.1405
5284 12.3865
5285 29.8426
5286 17.3953
5287 2.0339
5288 6.1467
5289 3.1230
5290 36.5805
5291 5.0087
5292   NaN
5293 21.1596
5294 20.1511
5295 7.8032
5296 9.4749
5297 38.6181
5298 8.3786
5299 22.4799
5300 27.4171
5301 6.6891
5302 9.1309
5303 31.2401
5304 8.6616
5305 3.0098
5306 19.2277
5307 10.6040
5308 22.2194
5309 21.7617
5310 20.8117
5311   NaN
5312 35.2395
5313 26.7796
5314 6.9396
5315 6.6061
5316 9.4931
5317 2.8424
5318   NaN
5319   NaN
5320 36.0992
5321 1.3660
5322 3.9356
5323 26.1584
5324 26.2693
5325 24.9271
5326 5.3452
5327 15.5491
5328 27.6954
5329 13.3583
5330 11.4824
5331 5.6589
5332 18.6919
5333 11.4204
5334 22.2696
5335 22.5777
5336 11.7462
5337 19.2596
5338 12.8648
5339 25.7157
5340   NaN
5341 4.6288
5342 24.9802
5343   NaN
5344 8.8291
5345 21.3844
5346 17.9294
5347 2.2397
5348 12.2275
5349 21.8295
5350 7.2476
5351 11.4652
5352 5.9764
5353 9.0422
5354 13.1091
5355 7.3442
5356 21.1737
5357 9.5728
5358 12.6283
5359 15.9792
5360 3.2439
5361 3.9301
5362 7.7522
5363 4.7443
5364 35.8616
5365 6.9681
5366 13.5748
5367 18.5117
5368 19.6378
5369 15.2170
5370 3.2319
5371 10.3461
5372 13.1504
5373 4.8169
5374 3.3553
5375 7.6126
5376 18.9963
5377 23.5700
5378 23.6426
5379 17.7120
5380 3.4554
5381 1.8834
5382 10.5979
5383 33.1894
5384 14.2499
5385 27.7552
5386   NaN
5387 4.6276
5388 21.0346
5389 14.0449
5390 6.6526
5391 140.9177
5392 3.1922
5393 3.1277
5394 17.8459
5395 6.3347
5396   NaN
5397 11.3756
5398 14.3874
5399 25.0986
5400 26.4766
5401 1.1055
5402 40.4209
5403 3.2157
5404 27.4246
5405   NaN
5406 8.3281
5407 15.6508
5408 17.0423
5409 25.3073
5410 10.5783
5411 24.6727
5412 16.4298
5413 11.6248
5414 13.8824
5415 23.2818
5416 19.5628
5417 1.3573
5418 12.5663
5419 9.5833
5420 9.1567
5421 8.6363
5422 65.0946
5423 3.9065
5424 21.6774
5425 9.9123
5426 8.5578
5427 17.2950
5428   NaN
5429 23.5274
5430 8.1999
5431 10.2102
5432 30.4987
5433 28.9024
5434 47.4393
5435 12.8062
5436 12.9830
5437 20.6432
5438 7.9337
5439 5.6460
5440 3.7552
5441 5.5238
5442 29.3632
5443 17.8742
5444 7.6554
5445 22.6127
5446 5.2512
5447 5.8227
5448 26.5487
5449 14.4331
5450 10.7460
5451 8.2545
5452 11.5697
5453 5.0590
5454 14.4336
5455 41.9749
5456 21.3678
5457 6.7434
5458 6.4949
5459 10.5718
5460 6.4167
5461 43.6487
5462 23.0390
5463 22.4533
5464 4.1757
5465 6.0094
5466 10.3479
5467 7.5564
5468 23.8046
5469 13.8750
5470 62.3726
5471 24.3146
5472 6.4998
5473 7.2948
5474 11.9686
5475 5.1249
5476 19.2483
5477 18.2239
5478 37.0355
5479 19.8482
5480 10.5646
5481 23.4795
5482 19.9955
5483 35.4320
5484 41.0252
5485 8.6971
5486 11.2788
5487 17.5811
5488 18.0800
5489 9.3926
5490 42.0331
5491 4.5554
5492 20.8569
5493 18.7881
5494 7.4249
5495 6.4532
5496 16.6890
5497 18.1962
5498 36.3782
5499 15.2754
5500 6.2774
5501 3.0633
5502 20.9897
5503 17.9041
5504 27.8351
5505 7.2086
5506 3.7680
5507 12.4126
5508 2.2378
5509 30.1167
5510   NaN
5511 8.1564
5512 9.2808
5513 16.3669
5514 3.8454
5515 1.6791
5516 6.0532
5517 5.2826
5518 21.2647
5519 25.4323
5520 45.1560
5521   NaN
5522   NaN
5523   NaN
5524 7.9030
5525 15.7099
5526 24.2786
5527 7.6669
5528 18.5779
5529 10.6830
5530 29.2792
5531 24.4645
5532 17.5668
5533 17.0368
5534 7.8728
5535 44.5294
5536 2.6940
5537 6.3094
5538 2.0088
5539 12.7828
5540 6.7322
5541 13.7538
5542 10.7716
5543 13.9557
5544 18.1276
5545 25.3808
5546 34.9581
5547 19.4226
5548 22.9727
5549 5.8295
5550 14.3330
5551 7.1745
5552 19.3304
5553 4.9193
5554 20.0132
5555 5.7333
5556 5.1818
5557 32.9676
5558 55.0940
5559 6.8491
5560 34.1828
5561 9.7053
5562 6.4797
5563 25.9267
5564 6.1212
5565 9.6554
5566 9.8644
5567 5.4564
5568 84.6281
5569 4.0776
5570 4.4647
5571 31.4748
5572 10.3318
5573 5.4151
5574 18.8378
5575 5.2657
5576 2.9772
5577 18.5140
5578 26.2061
5579 14.3564
5580 37.3782
5581 3.9675
5582 16.4679
5583 4.5805
5584 18.0782
5585   NaN
5586 7.9245
5587 24.5027
5588 15.3400
5589 11.0501
5590 13.3723
5591 2.9663
5592 14.7233
5593 27.7269
5594 28.5009
5595   NaN
5596 22.9750
5597 20.1209
5598 2.3386
5599 8.8073
5600 7.2404
5601   NaN
5602 37.9853
5603 23.8295
5604 7.3637
5605 5.9568
5606 4.3049
5607 24.9884
5608 9.7123
5609 20.0753
5610 27.6726
5611 13.9847
5612 18.7798
5613 15.7070
5614 5.7422
5615 20.0283
5616 7.2680
5617   NaN
5618 32.7255
5619 44.9089
5620 11.8409
5621 6.6129
5622 19.7386
5623 4.5506
5624 17.6221
5625 22.3057
5626 9.7705
5627 13.8925
5628 7.9924
5629 14.2010
5630 25.7877
5631 6.4662
5632 34.5019
5633 17.0029
5634 10.3054
5635 1.2946
5636 12.1236
5637 25.9792
5638 25.3244
5639 15.1718
5640 3.0743
5641 8.1142
5642 11.3794
5643 67.7577
5644 11.2045
5645 25.1456
5646   NaN
5647 2.8786
5648 17.5934
5649 18.9344
5650 32.9708
5651 22.5486
5652 5.8350
5653 3.8292
5654 10.9925
5655 6.3051
5656 21.1866
5657 16.9831
5658 26.4061
5659 28.2597
5660 4.5948
5661 15.1381
5662 5.5862
5663 24.9600
5664 2.0763
5665 20.0120
5666 56.4278
5667 9.2143
5668 7.4131
5669 22.8251
5670 49.3984
5671 3.7354
5672 1.1845
5673 7.7033
5674 15.8461
5675 9.6591
5676 7.3069
5677   NaN
5678 3.4115
5679 8.4035
5680 25.3694
5681 32.8698
5682 6.3941
5683 17.2981
5684 25.3657
5685 20.7442
5686 13.2554
5687 4.4573
5688 14.4584
5689 3.3661
5690 17.9640
5691 5.8700
5692 1.1005
5693 6.0476
5694 19.9262
5695 17.3490
5696   NaN
5697 26.0129
5698 6.8292
5699   NaN
5700 24.5452
5701 18.2172
5702 20.2648
5703 11.9205
5704 4.5195
5705 20.4283
5706   NaN
5707 15.5767
5708 15.1248
5709 7.0700
5710 17.9586
5711 9.8510
5712 9.3829
5713 6.9838
5714 41.3109
5715 15.9237
5716 28.1209
5717 18.9312
5718 23.4527
5719 19.9952
5720 9.9048
5721 51.3783
5722 20.2094
5723 1.2843
5724 20.9633
5725 10.1507
5726 10.7530
5727 19.7465
5728 1.5784
5729 9.5025
5730 34.4917
5731 3.4038
5732 5.3647
5733 4.3822
5734 32.7223
5735 17.4491
5736 18.8871
5737 38.2577
5738 2.0085
5739 26.0202
5740 21.3407
5741 5.5093
5742   NaN
5743 2.6490
5744 12.2745
5745 17.6811
5746 22.5284
5747 12.0125
5748 3.6915
5749 24.5191
5750 18.9750
5751 6.1277
5752 23.0008
5753 3.1715
5754 15.0736
5755 9.2954
5756 9.2456
5757 5.6490
5758 12.9140
5759 45.2962
5760 1.5593
5761 13.8644
5762 27.9018
5763 8.0170
5764 14.2452
5765 6.1491
5766 51.7086
5767 25.6806
5768 8.4857
5769 23.8912
5770 31.8837
5771 7.0566
5772 12.1247
5773 25.7362
5774 9.2651
5775 38.9810
5776 19.3837
5777 9.7762
5778 20.0632
5779 2.8854
5780 7.1057
5781 4.1327
5782 22.9771
5783 3.8775
5784 1.6322
5785 6.9250
5786 15.8364
5787 6.5796
5788 14.5485
5789 12.1445
5790 26.7388
5791 6.8584
5792 1.5377
5793 41.2437
5794 18.4700
5795 8.3872
5796 7.9259
5797 18.9224
5798 12.6375
5799 27.0240
5800 36.2776
5801 21.7657
5802 0.8527
5803 2.0777
5804 11.7056
5805   NaN
5806 24.3697
5807 5.6652
5808 8.0104
5809 52.0605
5810 20.9837
5811 45.8678
5812 13.0921
5813   NaN
5814 62.1338
5815   NaN
5816 5.3879
5817 27.3982
5818 7.6738
5819 4.5326
5820 8.2518
5821 31.1118
5822 21.7778
5823 18.0180
5824 16.2535
5825 15.3134
5826 30.4614
5827 1.2175
5828 6.4058
5829 27.3518
5830   NaN
5831 19.7547
5832 27.7017
5833 19.3353
5834 19.7138
5835   NaN
5836 25.2992
5837 5.2906
5838 12.3722
5839 27.2200
5840 6.8693
5841 16.8822
5842 7.1784
5843 21.1019
5844 14.4255
5845 7.2309
5846 12.6537
5847 11.4054
5848 7.3011
5849 5.2212
5850 19.4823
5851 15.2758
5852 26.9749
5853 7.2932
5854 15.6054
5855 9.8482
5856 21.2046
5857 25.1089
5858 10.7191
5859 3.1449
5860 29.8549
5861 28.3000
5862 30.1582
5863 5.3146
5864 17.2937
5865 7.4869
5866 26.1750
5867 18.9243
5868 10.4870
5869 5.9024
5870 16.8371
5871 8.3960
5872 18.2300
5873 27.5702
5874 19.7760
5875 29.4736
5876 21.4338
5877 30.4957
5878 9.3242
5879 6.1908
5880 25.6791
5881 9.4342
5882 3.2985
5883 2.7387
5884 6.6138
5885 11.4796
5886 6.7192
5887 2.3470
5888 36.6508
5889 7.7255
5890 24.4487
5891 7.3665
5892 15.6292
5893 7.7109
5894 20.6538
5895 44.9535
5896 2.8777
5897 19.4600
5898 5.1727
5899 4.2778
5900 13.8226
5901 10.7916
5902 1.2240
5903 9.2714
5904 22.4203
5905 8.5021
5906 40.6283
5907 11.4736
5908 28.0114
5909 4.0659
5910 6.5163
5911 7.7522
5912 10.8878
5913 26.0306
5914   NaN
5915 15.5544
5916 14.7582
5917 20.6515
5918 9.7100
5919 4.6819
5920 11.5882
5921 16.4552
5922 11.1373
5923 8.8471
5924 14.3820
5925 5.6910
5926 48.4261
5927 13.8890
5928 18.3312
5929 2.2394
5930 19.1397
5931 2.0359
5932 12.2762
5933 18.5547
5934   NaN
5935   NaN
5936 0.4225
5937   NaN
5938 10.4491
5939 19.5482
5940 10.0323
5941 2.3209
5942 8.7576
5943 19.0889
5944 26.4170
5945 6.0438
5946 6.6291
5947 19.2472
5948 9.2662
5949 14.0336
5950 24.2765
5951 6.4292
5952 18.7045
5953 8.4685
5954 6.9078
5955 3.4785
5956 13.6501
5957 41.6824
5958 8.4616
5959 12.8108
5960 15.2200
5961 35.0133
5962 6.9558
5963 8.4752
5964 3.2372
5965 11.4081
5966 11.9307
5967 25.5469
5968 7.5869
5969 15.4001
5970 37.9379
5971 26.8990
5972 4.7337
5973   NaN
5974   NaN
5975 22.1585
5976 15.2492
5977 9.6929
5978 8.5765
5979 5.6640
5980 22.5251
5981 10.3614
5982 3.6208
5983 20.9909
5984 14.9273
5985 1.9721
5986 20.8900
5987 15.3816
5988 18.7472
5989 5.1708
5990 7.6976
5991 33.9554
5992 29.7392
5993 3.2330
5994 13.0545
5995 32.4087
5996 35.1573
5997 34.0983
5998 12.7887
5999 12.4068
6000 7.6037
6001 31.8042
6002 3.4523
6003 17.5270
6004 4.2240
6005 13.8873
6006 24.6349
6007 35.3917
6008 4.6424
6009 19.7255
6010 22.2991
6011 10.2187
6012 7.7245
6013 12.8466
6014   NaN
6015 1346.1209
6016 16.8181
6017 13.3075
6018 17.0133
6019 24.6496
6020 12.7579
6021 12.3866
6022 5.0241
6023 18.7794
6024 27.1258
6025 12.3322
6026 2.1365
6027 19.4740
6028 19.2805
6029 12.7358
6030 22.4215
6031 6.9546
6032 20.4309
6033 10.4141
6034 8.0819
6035   NaN
6036 24.7976
6037 26.5763
6038 2.9768
6039 10.6895
6040   NaN
6041 3.9551
6042 10.4068
6043 20.7947
6044 4.4501
6045 14.0887
6046 4.4791
6047 4.5694
6048 21.5462
6049 31.6094
6050 18.5139
6051 5.0153
6052 4.6884
6053 45.1673
6054 11.1691
6055 29.0167
6056 10.7437
6057 21.8044
6058 6.5524
6059 20.0036
6060 7.7052
6061   NaN
6062   NaN
6063 8.0756
6064 3.4385
6065 10.0579
6066 1.6909
6067 28.4429
6068 30.0220
6069 13.2081
6070 19.1376
6071 30.7138
6072 18.5849
6073 10.2347
6074 17.7954
6075 20.6337
6076 20.8694
6077 9.4896
6078   NaN
6079 6.6667
6080 5.3714
6081 0.8865
6082 17.5379
6083 7.6640
6084 23.3093
6085 18.0367
6086 20.7925
6087 13.9427
6088 23.0264
6089 11.2286
6090 28.4308
6091 7.9593
6092 15.8322
6093 46.3581
6094 18.9456
6095 5.9870
6096 31.7708
6097 27.2231
6098 8.1554
6099 45.0517
6100 7.6542
6101 11.8152
6102 16.6656
6103 12.1581
6104 9.5710
6105 3.0748
6106 19.4115
6107 1.6047
6108 9.7281
6109 15.2131
6110 4.8464
6111 9.4169
6112 17.2730
6113 20.8918
6114 29.6696
6115 17.3972
6116 15.7734
6117 5.9678
6118 12.9563
6119 3.8963
6120 16.0311
6121 8.8983
6122 29.8015
6123 14.6959
6124 15.9747
6125 26.0540
6126 3.3031
6127 18.5101
6128 4.4908
6129   NaN
6130 2.1690
6131 7.9631
6132 26.5680
6133   NaN
6134 22.2295
6135 31.8189
6136 28.9943
6137 19.5988
6138 25.2307
6139 28.9948
6140 27.7421
6141 2.4712
6142 5.6687
6143 16.0802
6144 6.4334
6145 32.5022
6146 18.1889
6147 19.7498
6148 13.4747
6149 28.4586
6150 9.4351
6151 42.2260
6152 2.4254
6153 26.6049
6154 24.3332
6155 30.0836
6156 30.9359
6157 3.0110
6158 17.4124
6159 1.7724
6160 29.9113
6161 9.8752
6162 2.9074
6163 5.9320
6164 26.3551
6165 24.8251
6166 20.5079
6167 25.0678
6168 27.4792
6169 7.8283
6170 1.6428
6171 9.7080
6172 43.5353
6173 3.8302
6174   NaN
6175 21.2199
6176 34.5449
6177 29.7115
6178   NaN
6179 18.9373
6180   NaN
6181 7.1039
6182 5.5933
6183 6.5486
6184 3.5126
6185 5.6677
6186 16.7291
6187 12.9612
6188 4.5603
6189 6.5489
6190 3.0388
6191 11.3988
6192 23.8514
6193   NaN
6194 9.5667
6195 7.4611
6196 21.5201
6197 7.6034
6198 7.7577
6199 3.0478
6200 13.5380
6201 11.4384
6202 4.6873
6203 8.4557
6204 17.9288
6205 14.1827
6206 18.0653
6207 19.8505
6208   NaN
6209 24.6770
6210 11.5179
6211 17.0334
6212 5.1568
6213 3.2712
6214 26.0281
6215 36.0765
6216 22.2704
6217   NaN
6218 27.6943
6219   NaN
6220   NaN
6221 5.0396
6222 14.7878
6223 9.7220
6224 15.7267
6225 4.1452
6226 14.4386
6227 4.0885
6228 5.6610
6229 5.8609
6230 30.7542
6231 8.9332
6232 19.1121
6233 46.9090
6234 1.7981
6235 6.6932
6236 13.2656
6237 41.7008
6238 7.5110
6239 2.6986
6240 21.6051
6241 36.8151
6242 17.6535
6243 31.6141
6244 7.5397
6245 33.5299
6246 36.8968
6247 8.4032
6248 4.0694
6249 4.6493
6250 24.9981
6251 6.5578
6252 8.9220
6253 11.5952
6254 23.7152
6255 16.9584
6256 21.4604
6257 13.2039
6258 5.2250
6259 23.8891
6260 3.1067
6261 35.6544
6262 28.4172
6263 35.4153
6264 21.3185
6265 15.1683
6266 24.0580
6267 8.0651
6268 2.7071
6269 34.3859
6270 20.4127
6271 1.3857
6272 15.3310
6273 15.9475
6274 4.4774
6275 53.7746
6276 4.9974
6277 8.1989
6278 7.5997
6279 17.3380
6280 8.8078
6281 11.1774
6282 20.2218
6283 13.5264
6284 0.9096
6285 17.4904
6286 27.4101
6287 10.7522
6288 10.5611
6289 11.0669
6290 25.7727
6291 21.0221
6292 18.8718
6293 30.0968
6294 1.4808
6295 14.7894
6296 3.5839
6297 41.9802
6298 35.8921
6299 27.3039
6300 27.1230
6301 7.5663
6302 16.0291
6303 2.3173
6304 10.0991
6305 1.0857
6306 8.9789
6307 9.3274
6308 12.0243
6309 12.7282
6310 18.0465
6311 25.1097
6312 26.0125
6313 50.8980
6314   NaN
6315 11.3165
6316 2.9188
6317 10.4655
6318 27.4305
6319   NaN
6320 21.6405
6321 29.8717
6322 28.0477
6323 4.7739
6324 21.6493
6325 18.6984
6326 7.2888
6327 50.5689
6328 9.9475
6329   NaN
6330 1.4493
6331 26.6176
6332 19.3438
6333 16.1368
6334 1.9892
6335 12.9223
6336 17.0264
6337   NaN
6338 29.1411
6339 24.9117
6340 3.5105
6341 21.9854
6342 2.6790
6343 9.6067
6344 4.2709
6345 1.2681
6346   NaN
6347 2.4671
6348 21.5714
6349 14.0974
6350 4.3281
6351 1.3326
6352 6.1819
6353 7.8391
6354 12.0394
6355 10.6032
6356 20.0982
6357 17.7940
6358 23.2561
6359 23.7523
6360 7.9806
6361 15.3789
6362 46.5057
6363 3.1190
6364 22.7719
6365 23.2668
6366 3.7548
6367 9.8490
6368 2.8038
6369 10.1006
6370 18.1483
6371 12.8254
6372   NaN
6373 6.4334
6374 2.4077
6375 6.1415
6376 34.2972
6377 2.0038
6378 11.4734
6379 20.4490
6380 30.3694
6381 39.2693
6382 19.7178
6383 7.4378
6384 3.3965
6385   NaN
6386 25.9958
6387 16.7162
6388 11.2710
6389 5.7960
6390 26.6496
6391 6.2153
6392 8.9971
6393 28.9177
6394 7.4730
6395 15.8241
6396 23.8407
6397 18.9725
6398 4.9286
6399 22.7557
6400 27.9621
6401 25.6238
6402 5.9375
6403 39.3516
6404 8.5416
6405 29.8617
6406 26.7435
6407 23.9171
6408 10.9738
6409   NaN
6410 39.0579
6411 10.4598
6412 23.8759
6413 6.2250
6414 12.6470
6415 19.3719
6416 16.2407
6417 12.1136
6418 5.2302
6419 3.8459
6420 8.1318
6421 4.9820
6422 1.8991
6423 15.2698
6424 8.1348
6425 25.5826
6426 41.3675
6427 22.1263
6428 6.7326
6429 10.4478
6430 41.8515
6431   NaN
6432 23.8166
6433 14.8404
6434 13.7145
6435 23.6850
6436 4.7847
6437 13.7957
6438 33.1171
6439 10.8505
6440 25.7624
6441 35.2395
6442 4.6760
6443 69.3399
6444 3.4811
6445 17.4400
6446 11.1077
6447 30.8798
6448 21.0739
6449 18.5998
6450 6.6982
6451 11.8234
6452 24.0765
6453 1.3927
6454 35.7931
6455 0.8072
6456 21.2977
6457 19.8489
6458 8.2788
6459 61.9834
6460 5.8774
6461 7.7069
6462 11.4580
6463 25.9198
6464 4.3295
6465 75.9402
6466 12.9788
6467 6.8458
6468 13.2283
6469 16.4457
6470 8.8710
6471 26.3151
6472 9.9455
6473 18.5564
6474 11.3501
6475 12.2400
6476 18.6691
6477 40.1972
6478 10.0605
6479 6.4538
6480 15.7280
6481 14.0226
6482 6.3083
6483 21.8802
6484 18.9831
6485 24.9311
6486 29.4145
6487 14.8534
6488 8.3425
6489 3.0849
6490 65.4631
6491 31.4760
6492 47.4564
6493 21.3236
6494 27.4482
6495 41.7435
6496 14.9259
6497 28.5168
6498 53.8869
6499 17.7164
6500 39.6340
6501 12.3343
6502 2.2369
6503 7.9836
6504 6.7555
6505 13.2499
6506 27.0833
6507 13.4077
6508 41.3469
6509 22.2669
6510 7.7115
6511 9.9699
6512 9.0985
6513 8.1733
6514 5.6046
6515 25.8266
6516 14.4747
6517 10.2389
6518 27.3187
6519 15.8646
6520 12.7778
6521 9.1938
6522 1.8315
6523 12.3014
6524   NaN
6525 6.5520
6526 26.8223
6527 3.0723
6528 3.4510
6529 10.6355
6530 3.7818
6531 42.5689
6532   NaN
6533 13.5452
6534 62.8724
6535 31.1211
6536 19.2906
6537 34.9886
6538 20.5162
6539 23.5555
6540 2.9749
6541   NaN
6542 7.2339
6543 7.2843
6544 20.7686
6545 14.2834
6546 12.9587
6547 3.0892
6548 8.2222
6549 17.6759
6550 6.9098
6551 29.2169
6552 36.2686
6553 8.9775
6554 5.2007
6555 28.3420
6556   NaN
6557 26.6797
6558 20.0212
6559 17.6128
6560 21.2846
6561 6.5150
6562 9.1630
6563 27.2538
6564 8.3977
6565 23.6478
6566 35.6921
6567 3.8534
6568 18.1088
6569 19.2407
6570 19.5420
6571 21.5687
6572 2.9127
6573 6.3054
6574   NaN
6575 26.1408
6576 17.7307
6577 35.4215
6578 9.3281
6579 38.4722
6580 1.0956
6581 5.1423
6582 5.8253
6583 24.4059
6584 9.4833
6585 18.6273
6586   NaN
6587 11.6232
6588 12.6023
6589   NaN
6590 24.5597
6591   NaN
6592 10.8809
6593 29.2460
6594 5.0412
6595 13.1367
6596 68.4542
6597 8.2433
6598 23.5996
6599 2.0570
6600 4.5939
6601 27.8474
6602   NaN
6603 32.5289
6604 56.2553
6605 2.1090
6606 5.7752
6607 48.9022
6608   NaN
6609 3.1810
6610 26.9599
6611 14.8902
6612 14.1992
6613 20.0401
6614 4.4640
6615   NaN
6616 26.6196
6617 30.9130
6618   NaN
6619 7.2540
6620 24.2496
6621   NaN
6622 5.3004
6623 36.3427
6624 6.8858
6625 20.7355
6626 25.3854
6627 4.1779
6628 32.0390
6629   NaN
6630 9.6529
6631 1.3048
6632 8.8554
6633 8.5721
6634 23.9950
6635 10.4840
6636 7.6139
6637 28.2526
6638 11.7402
6639 6.1070
6640 9.1215
6641 19.6655
6642 5.0215
6643 23.4673
6644 12.3226
6645 26.2601
6646 84.4751
6647 4.4828
6648 3.7279
6649 44.6319
6650 12.3656
6651 3.1440
6652 5.9751
6653 17.0606
6654 14.5252
6655 24.8297
6656 37.7015
6657 5.6864
6658   NaN
6659 6.2983
6660 6.2620
6661 25.4651
6662 10.3373
6663 16.6671
6664 5.8264
6665 25.2932
6666   NaN
6667 16.3275
6668 14.2488
6669 1.0421
6670 7.5376
6671   NaN
6672 48.9044
6673 3.9706
6674 32.5232
6675 49.6892
6676 42.8852
6677 24.9539
6678 12.6022
6679 30.5396
6680 35.8233
6681 27.2578
6682 15.3368
6683 13.1872
6684 8.9464
6685 13.3497
6686 5.9866
6687 3.2536
6688 6.7152
6689 26.0802
6690 13.4317
6691   NaN
6692 4.0669
6693 22.0940
6694 23.2329
6695 4.8315
6696 2.9543
6697 9.0397
6698 22.5567
6699 4.3940
6700 3.7872
6701 3.4960
6702   NaN
6703 2.8857
6704 19.2590
6705 18.8051
6706 7.5842
6707 6.3479
6708 23.1198
6709   NaN
6710 15.7937
6711 2.6392
6712 13.4682
6713 36.8795
6714 16.0068
6715 9.1158
6716   NaN
6717 15.4768
6718 8.5493
6719 5.4982
6720 2.3761
6721 3.9333
6722 3.5719
6723 4.1482
6724 11.8738
6725 11.7618
6726 5.2401
6727 46.5513
6728 9.6109
6729 22.2109
6730 12.5680
6731 14.0361
6732 20.3269
6733 13.2671
6734 9.7426
6735 23.0733
6736 8.7852
6737 14.9812
6738 3.3984
6739 55.3503
6740 22.4264
6741 13.7587
6742 13.4619
6743 18.5280
6744 71.1390
6745 24.4809
6746   NaN
6747 27.9729
6748 45.7357
6749 17.0035
6750 6.2570
6751 44.8409
6752 10.1866
6753 5.6633
6754 9.6307
6755 3.1649
6756 5.1623
6757 5.2176
6758 9.0347
6759 7.9051
6760 21.4012
6761 13.5204
6762 28.0017
6763 5.7130
6764 21.3765
6765 47.2440
6766 86.4112
6767 2.6690
6768 12.7461
6769 39.9378
6770 9.7979
6771 9.4641
6772 34.4665
6773 1.8967
6774 4.9324
6775 5.6500
6776 15.6097
6777 12.1123
6778 21.0002
6779 9.3861
6780 8.0235
6781 9.2832
6782 22.0889
6783 5.7434
6784 8.5318
6785 8.1226
6786 9.1213
6787 40.7582
6788 11.9288
6789   NaN
6790 10.1647
6791 30.0252
6792 38.2820
6793 24.8237
6794 1.2390
6795 7.6632
6796 13.3080
6797 43.3479
6798 7.8427
6799 25.1229
6800 25.6776
6801 25.5077
6802 2.5009
6803 16.4664
6804 58.1498
6805 23.9039
6806 12.7369
6807 23.6201
6808 14.7060
6809 3.9980
6810 25.8943
6811 29.6401
6812 19.3964
6813 4.0521
6814 11.4271
6815 34.6073
6816 12.0869
6817 2.7320
6818 16.6801
6819 8.4294
6820 23.5060
6821 31.6413
6822 39.6155
6823 70.1517
6824 18.1555
6825 16.0683
6826 12.7903
6827 6.3684
6828 25.6015
6829 39.9893
6830 21.3300
6831 5.8859
6832 18.5820
6833 3.5700
6834 32.1815
6835 22.6949
6836 11.6467
6837 7.8685
6838 6.6956
6839 9.8098
6840 6.5630
6841 9.2920
6842 2.6003
6843 30.3141
6844 13.3182
6845 1.7733
6846 21.1634
6847 32.8574
6848 1.7887
6849 8.3049
6850 32.9498
6851 18.0206
6852 3.9786
6853 55.5257
6854 16.6367
6855 17.3193
6856 28.2808
6857 10.9676
6858 3.5607
6859 6.7289
6860 25.2070
6861 3.8961
6862 17.1016
6863 12.2610
6864 15.3613
6865 8.8122
6866 23.3299
6867 14.7064
6868 9.2427
6869   NaN
6870 20.9852
6871 17.4920
6872 1.6086
6873 4.4377
6874 23.0058
6875 82.6917
6876 3.0711
6877 10.0438
6878 18.7631
6879 3.5624
6880 2.6081
6881 9.6027
6882 4.9989
6883 8.5584
6884 9.4618
6885 11.0932
6886 20.2043
6887 14.9658
6888   NaN
6889 5.4764
6890 8.4344
6891 17.4990
6892 22.0053
6893 5.4063
6894 22.0648
6895 34.1356
6896 18.6470
6897 36.2948
6898 7.3769
6899 6.6837
6900 5.0215
6901 32.8848
6902 31.8603
6903 11.3670
6904 20.5565
6905 14.2705
6906 17.5776
6907 3.3248
6908 18.9577
6909 39.8824
6910 4.0970
6911 31.1776
6912 8.0056
6913 6.2292
6914 5.4920
6915 0.8371
6916   NaN
6917 13.2818
6918 9.2693
6919 25.7718
6920 4.6418
6921 29.8892
6922 3.7026
6923 4.3127
6924 12.4726
6925 18.9759
6926 5.8178
6927 45.1095
6928 8.3005
6929 32.7409
6930 3.7516
6931 3.3664
6932 7.4610
6933 29.0594
6934 27.5880
6935 11.4779
6936 1.1304
6937 2.2652
6938 53.7733
6939 12.7958
6940 11.7655
6941 14.7453
6942 18.0990
6943 15.6769
6944 6.4670
6945 14.2909
6946 1.0407
6947 3.1390
6948 28.8770
6949   NaN
6950 30.1005
6951 8.7839
6952 2.7853
6953 28.6189
6954 8.4668
6955 5.1225
6956 9.9042
6957 6.8173
6958 11.2368
6959 21.7289
6960   NaN
6961 21.3790
6962 5.2202
6963 29.2272
6964 12.4942
6965 14.0104
6966 3.3593
6967 12.1483
6968 1.2674
6969 4.2570
6970 23.6729
6971   NaN
6972 67.0807
6973 5.6480
6974 31.4125
6975 8.9730
6976   NaN
6977 19.8119
6978 16.5230
6979 23.0286
6980 7.6582
6981 78.5790
6982 8.0917
6983 16.7711
6984 46.6195
6985 32.2124
6986 14.5629
6987 11.6981
6988   NaN
6989 23.8601
6990 51.6557
6991 34.5235
6992 25.0740
6993 8.7882
6994 7.2328
6995 5.2129
6996 3.8031
6997 3.9281
6998 33.7513
6999 7.7799
7000 12.4550
7001 14.7268
7002 8.1059
7003 9.4175
7004 34.4519
7005 7.3736
7006 19.5357
7007 3.7180
7008 10.1062
7009 14.9636
7010 16.7399
7011   NaN
7012 7.9540
7013 9.8565
7014 20.2171
7015   NaN
7016 38.0560
7017 18.3138
7018 14.1685
7019 27.8457
7020 10.5300
7021 24.7358
7022 17.8192
7023 7.2751
7024 25.8956
7025 25.0791
7026 9.0439
7027 13.4902
7028 36.5341
7029 9.2124
7030 4.3268
7031 7.4282
7032 9.4959
7033 22.1263
7034 23.5290
7035 23.1207
7036 8.1507
7037 32.5113
7038 4.3029
7039 13.8201
7040 7.6917
7041   NaN
7042 5.1225
7043 40.3643
7044 13.4346
7045 15.6492
7046 15.1859
7047 5.6385
7048 40.0893
7049 7.0188
7050 14.4125
7051 29.7532
7052 2.5749
7053 10.0721
7054 21.3461
7055 8.7601
7056 35.7237
7057 20.9901
7058 5.5452
7059 3.3513
7060 57.9205
7061 21.1671
7062 17.2731
7063 27.6524
7064 2.3972
7065 6.2235
7066 9.9200
7067 27.3883
7068 19.1788
7069 6.5920
7070 25.2357
7071 3.5993
7072 13.8074
7073 6.2137
7074 19.1434
7075 10.2559
7076 22.1011
7077 24.1531
7078 10.9297
7079 27.2054
7080 35.9522
7081 3.0349
7082 25.5934
7083 8.6213
7084 7.7545
7085 5.4489
7086 18.8656
7087 22.1887
7088 1.9022
7089 25.1820
7090 21.0934
7091 1.7824
7092 19.6737
7093 15.1573
7094 6.4153
7095 11.6585
7096 2.7173
7097 13.6501
7098 26.3327
7099 11.4650
7100 7.8404
7101 10.7523
7102 15.7684
7103 34.6875
7104 11.9599
7105 6.7865
7106 6.3678
7107 19.0219
7108 15.9283
7109 9.8464
7110 9.2125
7111 36.1407
7112 19.1745
7113 10.4136
7114 6.4077
7115 14.2386
7116 32.9988
7117 15.2549
7118 16.3500
7119 12.8603
7120 3.1093
7121 20.3310
7122 8.4485
7123 15.6564
7124 25.8023
7125 20.4116
7126 14.5902
7127 39.8305
7128 19.5801
7129 1.5009
7130 12.1673
7131 9.5572
7132 14.4175
7133 3.1332
7134 1.2025
7135 36.7303
7136 39.2780
7137 2.4631
7138 19.8911
7139 26.8046
7140 24.5909
7141 10.3201
7142   NaN
7143 2.6997
7144 65.0607
7145 1.7129
7146 19.2261
7147 19.4182
7148 32.8359
7149 14.4099
7150 2.2075
7151 11.3883
7152 24.0209
7153 21.8151
7154 25.0297
7155 35.3906
7156 27.3207
7157 9.8735
7158 19.8869
7159 13.6774
7160 22.2283
7161 16.6947
7162 14.0150
7163 7.9167
7164 17.9653
7165 8.5541
7166 12.2297
7167 45.2338
7168 26.4179
7169 9.9637
7170 18.1807
7171 13.4515
7172 14.5063
7173 27.5137
7174 10.0571
7175 25.3766
7176 7.7502
7177 3.5591
7178 23.9054
7179 2.5371
7180 12.6171
7181 32.2420
7182 15.9650
7183   NaN
7184 15.3056
7185 3.8975
7186 13.9715
7187 7.4258
7188 9.5223
7189 25.8770
7190 13.5007
7191 8.2027
7192 20.8802
7193 21.7324
7194 14.5436
7195 18.3082
7196 16.3100
7197 10.8555
7198 3.2751
7199 4.0899
7200 4.3131
7201 8.7789
7202 20.1761
7203 30.2795
7204 18.4645
7205 11.6071
7206 11.0335
7207 28.0195
7208 24.0769
7209 18.7639
7210 7.5642
7211 14.7307
7212 17.8233
7213 13.7371
7214 10.7050
7215 6.3018
7216 14.6208
7217 24.3468
7218 27.7463
7219 15.6855
7220 28.0466
7221 18.0561
7222 32.6278
7223 16.4360
7224 5.8224
7225 3.3617
7226 26.5577
7227 10.3336
7228 4.1567
7229 8.0231
7230 9.1669
7231 6.4452
7232 12.8405
7233 10.2316
7234 12.5060
7235 18.2549
7236 16.7651
7237 29.2803
7238   NaN
7239 42.3498
7240 2.6463
7241 4.1391
7242   NaN
7243   NaN
7244   NaN
7245 5.5937
7246 32.9621
7247 2.6390
7248 19.8729
7249 8.5239
7250 23.7055
7251 3.0131
7252 6.7878
7253 43.8514
7254 12.7002
7255 9.4118
7256 13.7451
7257 6.3820
7258 22.7467
7259 35.2714
7260 9.5600
7261 22.4223
7262 6.7271
7263 2.1739
7264 20.3790
7265 2.9475
7266 30.9283
7267 11.3893
7268 24.2826
7269 7.2607
7270 5.7150
7271 6.8155
7272 8.8072
7273 15.4261
7274 21.7107
7275 25.9282
7276 18.3391
7277 41.1709
7278 16.2855
7279 8.5729
7280 24.3100
7281   NaN
7282 26.5052
7283 5.3390
7284 8.6180
7285 26.4080
7286 45.0114
7287 17.0781
7288 12.2137
7289 22.4393
7290 33.1384
7291 19.8168
7292 6.7656
7293   NaN
7294 19.1009
7295 5.2739
7296 17.6116
7297 5.8943
7298 22.1233
7299 13.2160
7300 43.8013
7301 9.4241
7302 10.3484
7303 9.1400
7304 26.3870
7305 30.0216
7306 8.8533
7307 18.1711
7308 33.4117
7309   NaN
7310   NaN
7311 10.5063
7312 13.9575
7313 6.0325
7314 4.9895
7315 9.0310
7316 17.7088
7317 22.1192
7318 3.8589
7319 23.7649
7320 16.9991
7321 8.6766
7322 3.6435
7323 13.8983
7324 30.5218
7325 19.9072
7326 8.5021
7327   NaN
7328 9.0810
7329 33.0061
7330 23.3107
7331 38.8581
7332 21.7206
7333 28.2858
7334 39.5282
7335 9.1623
7336 29.6498
7337 1.3509
7338 27.1180
7339 40.6880
7340 3.0622
7341 14.4582
7342 3.8098
7343 1.1032
7344 31.7497
7345 20.7372
7346 11.8219
7347 10.9296
7348 2.4717
7349 20.8595
7350 15.5934
7351 19.5490
7352 11.0345
7353 22.7627
7354 14.6947
7355 21.2223
7356 17.0967
7357 12.1647
7358 12.0028
7359 16.7271
7360 35.2806
7361 17.6755
7362 3.4496
7363 49.1826
7364 26.5862
7365 31.2261
7366 8.6651
7367 11.1826
7368 4.2056
7369 4.4401
7370 15.9283
7371 13.2043
7372 24.9775
7373 18.5515
7374 23.0839
7375 3.1255
7376 10.4702
7377 31.2741
7378 25.2363
7379 17.0206
7380 25.2644
7381 14.0344
7382 4.8737
7383 13.5321
7384 15.6044
7385 6.8658
7386 5.0057
7387 8.8615
7388 53.0811
7389 9.7061
7390 13.6794
7391 16.2962
7392 16.1377
7393 7.9374
7394 9.0715
7395 14.0143
7396 60.2381
7397 12.2588
7398 15.7512
7399   NaN
7400   NaN
7401 6.9198
7402 23.5509
7403 23.9695
7404 19.0055
7405 7.2236
7406   NaN
7407 2.5046
7408 120.8800
7409 8.2520
7410 32.7965
7411 32.1443
7412   NaN
7413 22.2835
7414 12.9519
7415 10.0410
7416 26.0913
7417 26.0938
7418 11.4276
7419 3.6211
7420 18.1996
7421 15.9455
7422 9.2072
7423 38.5980
7424 23.5673
7425 3.3195
7426 6.6620
7427 38.6024
7428 26.8504
7429 7.9173
7430 23.7097
7431 10.5872
7432 18.4251
7433 29.6423
7434 20.6882
7435 6.9885
7436 4.8605
7437 8.6993
7438 13.7102
7439 5.6333
7440 25.6980
7441 13.0264
7442 7.3026
7443 9.6097
7444 59.3073
7445   NaN
7446 4.2619
7447 19.2618
7448 2.0735
7449 8.4031
7450 14.7199
7451 3.6431
7452 30.2013
7453 13.0797
7454 24.6111
7455 19.6793
7456 17.4282
7457 14.1410
7458 4.7897
7459 20.2908
7460 19.9762
7461 18.1335
7462 37.0900
7463 6.6998
7464 4.9087
7465 8.9795
7466 22.9404
7467 2.6990
7468 17.4122
7469 11.6245
7470 10.4044
7471 8.8347
7472 12.3111
7473 38.5481
7474 10.6410
7475 9.5458
7476 25.7846
7477 30.6289
7478 9.6696
7479 5.3153
7480 4.6884
7481   NaN
7482 3.9669
7483 16.4855
7484 17.3317
7485 33.4551
7486 8.3826
7487 6.0006
7488 30.2854
7489 8.6156
7490 13.0435
7491   NaN
7492 11.2420
7493 6.1385
7494 8.0688
7495 16.8399
7496 10.9787
7497 19.0232
7498 23.8559
7499 4.7612
7500 26.6267
