2501 2.4998
2502 8.7771
2503 1.6633
2504 4.9724
2505 3.0324
2506 5.6792
2507 2.2912
2508 5.4695
2509 0.8897
2510 2.1870
2511 23.0506
2512 1.9100
2513 6.8775
2514 5.4035
2515 21.7063
2516 3.9509
2517 18.8116
2518 16.3631
2519 2.6492
2520 4.0793
2521 2.9808
2522 7.5777
2523 0.3779
2524 10.2346
2525 1.4188
2526 22.7987
2527 7.2676
2528 6.8966
2529 5.2690
2530 15.0586
2531 1.3743
2532 7.5364
2533 2.2472
2534 3.8954
2535 6.5289
2536 5.9329
2537 3.8934
2538 15.6143
2539 2.5679
2540 0.6729
2541 1.8551
2542 11.7749
2543 1.7599
2544 11.3457
2545 1.5260
2546 5.7821
2547 3.9176
2548 10.1216
2549 5.4231
2550 2.9179
2551 21.4006
2552 5.3827
2553 25.2410
2554 13.0224
2555 2.5296
2556 6.1624
2557 5.0256
2558 0.6849
2559 4.1782
2560 15.2362
2561 1.4957
2562 22.0795
2563 3.1981
2564 8.7106
2565 1.5675
2566 8.9329
2567 1.5231
2568 3.1890
2569 5.8957
2570 36.4995
2571 4.0974
2572 7.7836
2573 1.7999
2574 13.2749
2575 1.2381
2576 1.7998
2577 6.6522
2578 1.2276
2579 1.7041
2580 0.5005
2581 2.8469
2582 9.5209
2583 6.0677
2584 19.0293
2585 20.2989
2586 3.2190
2587 8.9900
2588 0.9796
2589 1.3313
2590 6.0923
2591 0.7862
2592 7.0958
2593 0.9343
2594 0.6000
2595 7.0330
2596 4.5063
2597 6.2354
2598 6.2714
2599 5.4872
2600 19.6222
2601 4.9477
2602 10.1273
2603 1.3600
2604 8.2007
2605 4.1954
2606 8.3719
2607 7.9416
2608 11.0625
2609 18.8346
2610 8.0574
2611 15.9792
2612 4.3725
2613 11.0083
2614 12.2006
2615 1.2888
2616 1.8181
2617 7.2481
2618 3.6256
2619 1.1628
2620 18.0633
2621 6.8071
2622 6.1435
2623 24.2788
2624 1.4319
2625 1.1776
2626 4.4144
2627 2.5452
2628 5.3277
2629 1.7501
2630 4.3844
2631 2.1512
2632 12.4494
2633 16.2483
2634 12.3243
2635 7.8339
2636 1.2958
2637 1.3966
2638 1.4125
2639 6.3056
2640 3.7154
2641 2.6476
2642 4.9814
2643 7.1738
2644 6.7712
2645 3.8740
2646 6.5301
2647 18.7053
2648 0.5845
2649 3.4037
2650 8.5740
2651 7.6885
2652 3.3152
2653 2.2928
2654 3.8005
2655 7.5115
2656 1.0564
2657 18.7978
2658 20.5678
2659 11.1529
2660 1.3804
2661 19.4007
2662 60.8431
2663 21.9072
2664 4.6255
2665 7.7544
2666 2.4660
2667 1.6300
2668 6.1664
2669 5.1184
2670 8.4243
2671 1.4067
2672 10.0494
2673 17.2603
2674 3.3753
2675 8.4034
2676 11.0338
2677 15.7795
2678 6.7396
2679 2.4242
2680 3.0324
2681 1.7739
2682 4.1631
2683 23.6390
2684 4.9753
2685 1.2568
2686 1.0178
2687 3.5405
2688 13.5877
2689 4.7103
2690 23.0454
2691 14.2484
2692 5.8315
2693 4.7923
2694 2.5623
2695 6.6740
2696 1.5710
2697 2.0784
2698 9.3851
2699 10.3517
2700 2.8463
2701 1.8915
2702 14.2068
2703 5.2524
2704 7.2458
2705 16.4934
2706 9.2277
2707 12.5286
2708 4.1478
2709 3.5366
2710 2.1645
2711 21.4468
2712 7.8146
2713 7.8567
2714 0.8679
2715 4.7566
2716 2.3762
2717 5.0428
2718 20.2543
2719 24.1393
2720 6.1033
2721 48.7655
2722 0.4825
2723 4.0857
2724 5.8813
2725 2.5650
2726 2.6047
2727 1.7926
2728 1.9437
2729 3.0749
2730 2.7634
2731 4.6882
2732 9.7908
2733 17.9532
2734 4.1399
2735 0.6037
2736 16.5809
2737 3.6186
2738 11.9836
2739 2.7944
2740 10.0451
2741 7.0773
2742 5.0877
2743 4.3402
2744 3.7362
2745 1.6424
2746 2.0419
2747 5.3944
2748 9.3494
2749 1.8406
2750 7.7101
2751 11.0434
2752 15.0427
2753 12.6722
2754 7.7509
2755 4.7594
2756 18.4938
2757 5.2300
2758 0.5343
2759   NaN
2760 6.9298
2761 1.1769
2762 1.2422
2763 6.2165
2764 6.1745
2765 17.3660
2766 1.7914
2767 4.7865
2768 1.2276
2769 7.1779
2770 5.6752
2771 3.0060
2772 3.7516
2773 8.0510
2774 14.9870
2775 0.6945
2776 1.2893
2777 1.0688
2778 5.7703
2779 2.5209
2780   NaN
2781 2.6384
2782 1.2211
2783 5.6951
2784 1.5068
2785 8.3388
2786 20.6523
2787 3.0887
2788 7.8486
2789 12.7827
2790 1.7078
2791 1.6448
2792 2.5671
2793 23.6319
2794 0.6905
2795 4.6990
2796 3.4554
2797 5.2114
2798 3.1985
2799 2.9020
2800 7.2481
2801 12.0093
2802 0.9869
2803 2.3243
2804 0.6231
2805 5.1972
2806 0.4090
2807 5.6853
2808 8.5777
2809 3.1190
2810 22.3355
2811 3.0823
2812 9.6136
2813 2.4039
2814 12.0923
2815 7.1042
2816 2.9390
2817 1.0388
2818 4.7072
2819 4.6256
2820 19.0459
2821 1.0907
2822 2.5742
2823 6.0680
2824 13.4981
2825 17.5882
2826 5.9155
2827 1.6947
2828 6.1534
2829 2.6623
2830 1.1274
2831 16.7186
2832 2.1351
2833 5.8467
2834 3.7455
2835 2.6770
2836 1.8746
2837 15.6471
2838 6.0883
2839 11.8493
2840 2.9066
2841 2.7396
2842 7.1015
2843 3.2848
2844 16.1481
2845 3.6049
2846 7.4828
2847 9.1820
2848 20.7309
2849 17.5047
2850 27.7688
2851 1.0847
2852 2.5993
2853 7.6788
2854 5.3533
2855 0.6630
2856 2.7527
2857 12.2599
2858 3.9543
2859 4.7115
2860 7.7798
2861 0.8474
2862 13.9720
2863 2.4259
2864 20.2582
2865 18.3832
2866 10.4728
2867 22.6561
2868 13.8904
2869 9.4761
2870 17.4526
2871 2.6406
2872 14.1046
2873 3.1651
2874 4.0793
2875 11.1310
2876 0.7200
2877 2.8274
2878 5.8341
2879 8.3902
2880 8.0575
2881 30.2052
2882 10.1347
2883 6.5313
2884 0.7074
2885 1.4494
2886 5.9099
2887 0.4441
2888 4.3121
2889 3.8043
2890 13.8771
2891 23.2995
2892 3.2476
2893 10.5276
2894 13.2357
2895 5.4978
2896 4.9986
2897 4.5567
2898 12.5684
2899 2.6744
2900 2.2015
2901 3.0186
2902 5.4786
2903 6.6333
2904 10.0818
2905 19.6320
2906 5.4308
2907 3.8652
2908 3.9168
2909 9.1748
2910 15.2682
2911 5.7029
2912 2.3660
2913 2.7713
2914 6.7425
2915 8.0042
2916 11.0582
2917 35.0213
2918 5.2532
2919 0.9692
2920 3.1665
2921 5.7064
2922 1.4788
2923 1.2508
2924 20.9722
2925 5.7975
2926 2.2319
2927 17.5468
2928 10.2802
2929 2.6003
2930 9.7034
2931 5.8417
2932 10.8015
2933 0.5375
2934 7.4551
2935 4.9408
2936 6.3272
2937 17.1700
2938 22.4254
2939 4.3576
2940 5.8119
2941 2.3410
2942 6.7168
2943 25.4033
2944 11.4032
2945 0.7267
2946 8.0307
2947 2.5931
2948 1.5920
2949 2.8955
2950 10.2197
2951 1.7545
2952 4.5633
2953 14.5087
2954 5.5463
2955 15.0942
2956 1.4460
2957 2.2986
2958 0.5212
2959 4.2020
2960 23.9208
2961 9.2053
2962 4.2645
2963 3.8509
2964 4.8708
2965 1.1017
2966 0.6758
2967 15.2171
2968 2.8652
2969 4.2951
2970 4.4883
2971 3.8931
2972 5.1664
2973 10.9031
2974 1.1775
2975 2.3449
2976 3.6121
2977 26.5532
2978 0.8284
2979 5.9630
2980 8.9194
2981 6.0308
2982 3.7670
2983 1.8512
2984 6.4136
2985 4.0174
2986 2.8205
2987 34.8493
2988 3.7104
2989 20.6850
2990 3.9107
2991 1.8643
2992 18.8221
2993 3.4616
2994 1.8285
2995 0.8927
2996 1.8538
2997 11.0843
2998 4.4667
2999 4.5942
3000 1.6918
3001 10.3733
3002 4.0410
3003 1.9262
3004 2.2561
3005 1.3310
3006 18.1186
3007 6.3800
3008 11.3241
3009 17.5224
3010 4.6486
3011 9.0921
3012 1.2802
3013 1.3535
3014 6.4844
3015 3.1943
3016 10.0781
3017 4.0932
3018 1.2589
3019 3.2139
3020 10.8909
3021 2.1450
3022 1.0595
3023 1.6317
3024 15.9211
3025 2.8433
3026 5.1814
3027 19.0120
3028 16.8472
3029 2.2592
3030 0.9595
3031 26.3160
3032 7.0016
3033 1.4530
3034 7.2507
3035 19.4126
3036 6.2046
3037 8.1818
3038 3.7346
3039 1.6031
3040 4.3519
3041 7.6516
3042 2.6158
3043 3.2244
3044 22.3597
3045 10.7600
3046 16.8346
3047 3.3619
3048 3.0032
3049 15.0376
3050 4.5085
3051 3.6683
3052 7.4629
3053 1.0602
3054 5.5071
3055 3.8004
3056 4.3487
3057 2.7949
3058 4.3519
3059 15.2851
3060 22.7920
3061 6.8086
3062 6.4532
3063 6.9870
3064 4.6233
3065 19.6088
3066 5.7119
3067 10.1320
3068 8.4205
3069 3.1403
3070 1.6648
3071 4.9015
3072 1.0717
3073 18.3059
3074 4.8907
3075 1.2134
3076 5.7200
3077 4.9752
3078 2.1465
3079 0.7753
3080 5.0457
3081 4.8020
3082 5.2320
3083 2.0747
3084 3.3791
3085 2.5923
3086 5.8561
3087 2.6428
3088 5.4899
3089 2.1349
3090 8.4147
3091 7.7823
3092 8.5904
3093 4.3280
3094 19.8184
3095 10.3814
3096 1.6250
3097 7.4855
3098 2.7816
3099 1.7254
3100 12.5983
3101 15.1198
3102 4.7238
3103 3.6029
3104 7.8881
3105 4.1639
3106 6.8873
3107 3.4818
3108 7.2828
3109 7.1707
3110 2.9170
3111 7.7671
3112 10.1006
3113 13.2870
3114 0.7481
3115 4.6965
3116 2.1150
3117 2.0942
3118 21.5321
3119 3.4986
3120 7.7606
3121 2.4765
3122 1.8064
3123 3.7996
3124 20.0079
3125 3.8063
3126 11.8176
3127 13.9072
3128 10.7122
3129 14.5649
3130 32.9332
3131 1.5583
3132 1.5006
3133 4.3836
3134 18.7712
3135 4.9937
3136 2.6440
3137 2.9981
3138 5.6084
3139 8.3848
3140 0.6161
3141 3.5130
3142 5.1739
3143 8.9262
3144 1.2644
3145 3.5901
3146 21.8655
3147 6.6556
3148 1.7043
3149 11.1161
3150 24.8830
3151 5.3543
3152 9.2971
3153 4.8388
3154 5.4877
3155 6.0021
3156 1.3701
3157 2.1801
3158 17.6438
3159 12.8366
3160 12.3093
3161 2.7927
3162 18.0302
3163 10.2416
3164 6.7207
3165 4.4880
3166 10.4772
3167 9.3069
3168 9.3584
3169 8.1217
3170 3.3458
3171 3.5685
3172 9.6536
3173 2.4907
3174 3.5115
3175 1.0062
3176 0.9406
3177 2.5495
3178 4.0219
3179 2.4875
3180 1.7122
3181 1.6563
3182 1.2570
3183 7.1904
3184 0.7736
3185 5.6359
3186 8.8412
3187 2.7070
3188 3.9255
3189 1.2079
3190 2.5311
3191 4.0982
3192 3.7199
3193 1.1286
3194 4.3418
3195 7.8220
3196 2.0021
3197 2.8846
3198 13.1332
3199 7.8048
3200 3.4554
3201 1.2078
3202 11.6996
3203 11.0862
3204 7.6215
3205 1.6228
3206 20.2557
3207 1.4805
3208 0.9402
3209 3.2051
3210 4.2435
3211 25.0749
3212 5.6615
3213 6.8295
3214 16.0805
3215 4.2491
3216 4.4443
3217 9.2961
3218 4.6971
3219 8.5265
3220 2.7584
3221 2.4090
3222 8.4535
3223 3.2395
3224 2.4018
3225 29.8706
3226 6.4411
3227 14.3562
3228 1.8594
3229 2.7609
3230 5.4572
3231 2.7903
3232 3.3391
3233 3.4338
3234 8.1756
3235 2.3597
3236 4.0543
3237 3.6229
3238 2.7018
3239 19.8384
3240 5.9643
3241 9.9078
3242 1.2373
3243 11.1570
3244 3.2517
3245 1.6348
3246 3.2820
3247 4.5854
3248 2.8412
3249 9.9657
3250 8.1267
3251 1.8827
3252 3.1505
3253 14.6111
3254 6.8279
3255   NaN
3256 2.9128
3257 4.7964
3258 6.9497
3259 8.0939
3260 6.5770
3261 15.1366
3262 22.5615
3263 5.0878
3264 32.6830
3265 2.3717
3266 0.8816
3267 4.1830
3268 10.9245
3269 1.2613
3270 5.4395
3271 6.5332
3272 9.8410
3273 8.9972
3274 1.4944
3275 13.5603
3276 2.8330
3277 2.4778
3278 4.3997
3279 9.7706
3280 7.1852
3281 2.6730
3282 3.3478
3283 19.3402
3284 2.5338
3285 5.3649
3286 0.7733
3287 4.1793
3288 2.2524
3289 4.3811
3290 7.4027
3291 0.2854
3292 2.3131
3293 0.9791
3294 1.4349
3295 8.1341
3296 0.4596
3297 6.3516
3298 4.1136
3299 5.9117
3300 10.4579
3301 22.7207
3302 6.9575
3303 1.5427
3304 1.6494
3305 5.6001
3306 12.4953
3307 3.7231
3308 5.0870
3309 2.9347
3310 1.4375
3311 4.3989
3312 3.4489
3313 11.8019
3314 2.7561
3315 27.4184
3316 2.0202
3317 6.9963
3318 12.6963
3319 5.6629
3320 0.3276
3321 0.1789
3322 6.8780
3323 3.2491
3324 1.5845
3325 9.2542
3326 9.4717
3327 2.6930
3328 10.0500
3329 1.1874
3330 2.9299
3331 1.0154
3332 3.0608
3333 21.0017
3334 6.9939
3335 12.0529
3336 36.8973
3337 2.9673
3338 2.8611
3339 5.2379
3340 7.8579
3341 2.6726
3342 5.6199
3343 13.5729
3344 8.9659
3345 1.4400
3346 1.0172
3347 28.7573
3348 4.0678
3349 2.3193
3350 18.6503
3351 1.6128
3352 10.6057
3353 10.4540
3354 7.9564
3355 21.8332
3356 13.6809
3357 15.6038
3358 7.5151
3359 2.3694
3360 16.5695
3361 11.0348
3362 2.4351
3363 3.7633
3364 1.6912
3365 3.2767
3366 9.0319
3367 8.1185
3368 10.3533
3369 15.9072
3370 14.2922
3371 2.0190
3372 5.6297
3373 12.5086
3374 4.2526
3375 2.8767
3376 3.5356
3377 5.5452
3378 0.7931
3379 1.5347
3380 3.5831
3381 6.1546
3382 12.8760
3383 22.5982
3384 2.5641
3385 1.8467
3386 2.8348
3387 3.7658
3388 4.0283
3389 2.7639
3390 1.4796
3391 5.0331
3392 16.5214
3393 2.6058
3394 16.1348
3395 11.2894
3396 10.8781
3397 7.3113
3398 14.3412
3399 3.6850
3400 4.6391
3401 1.0424
3402 4.6197
3403 2.5215
3404 1.0602
3405 6.3303
3406 8.1411
3407 19.2799
3408 11.7743
3409 4.0192
3410 3.5288
3411 22.6307
3412 9.1977
3413 14.2141
3414 10.9743
3415 5.1412
3416 3.5076
3417 1.3838
3418 5.1439
3419 9.0304
3420 10.6462
3421 2.6775
3422 4.2316
3423 4.2954
3424 3.5441
3425 2.1011
3426 3.1659
3427 1.3707
3428 4.6624
3429 16.3843
3430 7.5878
3431 9.3216
3432 2.9183
3433 11.4089
3434 5.7783
3435 17.0373
3436 10.0228
3437 24.1079
3438 1.2843
3439 10.8484
3440 14.0918
3441 17.9141
3442 17.2466
3443 10.8123
3444 5.9035
3445 1.4520
3446 23.1410
3447 6.3219
3448 20.2579
3449 19.1366
3450 8.2928
3451 4.1985
3452 2.8704
3453 3.2935
3454 3.9649
3455 14.9294
3456 5.2588
3457 4.8086
3458 4.7003
3459 7.5025
3460 13.2557
3461 3.4602
3462 21.8697
3463 3.1795
3464 1.3040
3465 5.7675
3466 1.7488
3467 30.5506
3468 4.2969
3469 3.0136
3470 38.3424
3471 3.2549
3472 1.2790
3473 1.5375
3474 7.2258
3475 3.3242
3476 3.3030
3477 2.1353
3478 5.6041
3479 20.1597
3480 5.3696
3481 5.7348
3482 8.9761
3483 1.3863
3484 5.5105
3485 3.5082
3486 1.5778
3487 14.2349
3488 8.8108
3489 1.6128
3490 16.4572
3491 3.9800
3492 1.3693
3493 1.1115
3494 13.8818
3495 3.5199
3496 1.0651
3497 3.6737
3498 8.2035
3499 13.2791
3500 6.9885
3501 3.6417
3502 6.9991
3503 1.9092
3504 3.2619
3505 3.3628
3506 2.8434
3507 15.0067
3508 13.5271
3509 8.7711
3510 2.9378
3511 30.2990
3512 22.2649
3513 0.8105
3514 3.6288
3515 7.4043
3516 3.3637
3517 3.6547
3518 1.8023
3519 4.5597
3520 3.7575
3521 6.3882
3522 7.2971
3523 2.7563
3524 1.5825
3525 2.1959
3526 2.9057
3527 7.3000
3528 3.4830
3529 11.2129
3530 3.7355
3531 16.1222
3532 2.0755
3533 8.2071
3534 24.7919
3535 8.3370
3536 1.3152
3537 0.4558
3538 2.7782
3539 8.9982
3540 1.4880
3541 1.5310
3542 15.6138
3543 14.0861
3544 3.0392
3545 2.3734
3546 0.6977
3547 1.6138
3548 1.9836
3549 10.4507
3550 12.5594
3551 9.5324
3552 8.4126
3553 2.6149
3554 2.1216
3555 4.8031
3556 2.6466
3557 3.0904
3558 8.6765
3559 12.9778
3560 5.1550
3561 3.1040
3562 26.0654
3563 4.1670
3564 8.9951
3565 9.3660
3566 4.8449
3567 1.1561
3568 11.8185
3569 1.7572
3570 4.6176
3571 2.3437
3572 1.5554
3573 10.1448
3574 2.7959
3575 6.9412
3576 6.7256
3577 1.8539
3578 3.3067
3579 2.9935
3580 3.4647
3581 4.4775
3582 1.8839
3583 22.0887
3584 14.1630
3585 0.8050
3586 5.1422
3587 3.9884
3588 31.2764
3589 5.9706
3590 1.1515
3591 5.5651
3592 1.2092
3593 9.1145
3594 13.5637
3595 11.2487
3596 5.5318
3597 5.0702
3598 2.3992
3599 16.7773
3600 5.6598
3601 6.6260
3602 0.9452
3603 15.4006
3604 2.2974
3605 4.7374
3606 1.7065
3607 3.6740
3608 2.8610
3609 0.8234
3610 2.5118
3611 2.7240
3612 2.5019
3613 2.9813
3614 5.1894
3615 4.2982
3616 10.2405
3617 0.9378
3618 1.3848
3619 3.3353
3620 6.5547
3621 6.3420
3622 24.3795
3623 1.4267
3624 13.4115
3625 2.9189
3626 2.9266
3627 28.3852
3628 1.5337
3629 3.9574
3630 7.9372
3631 7.7074
3632 4.3920
3633 19.4603
3634 3.2912
3635 5.8728
3636 2.4511
3637 7.1063
3638 1.3318
3639 17.9439
3640 2.6558
3641 7.8900
3642 3.5412
3643 17.5069
3644 18.6950
3645 42.0298
3646 3.9319
3647 9.1318
3648 6.4248
3649 18.6119
3650 2.9814
3651 5.7334
3652 8.0235
3653 4.9145
3654 5.3458
3655 8.5660
3656 1.0976
3657 11.1443
3658 1.1031
3659 1.3213
3660 2.7692
3661 0.6404
3662 1.2456
3663 9.8396
3664 0.8881
3665 3.1339
3666 2.0491
3667 0.6582
3668 20.0372
3669 6.7372
3670 14.0710
3671 13.4932
3672 0.4020
3673 2.8203
3674 1.8116
3675 0.8805
3676 7.4302
3677 5.9559
3678 6.0694
3679 16.3449
3680 6.9524
3681 15.0715
3682 2.0717
3683 6.9004
3684 2.0655
3685 1.3595
3686 2.0854
3687 5.4200
3688 6.0952
3689 2.5542
3690 10.2001
3691 6.4884
3692 11.1365
3693 12.2327
3694 8.1587
3695 5.2952
3696 1.1985
3697 3.5275
3698 5.4715
3699 0.5042
3700 20.6738
3701 4.1075
3702 11.6990
3703 1.9646
3704 3.0976
3705 5.8615
3706 5.3179
3707 6.2019
3708 13.3500
3709 7.7391
3710 7.8021
3711 24.9610
3712 3.7601
3713 2.5480
3714 8.8657
3715 5.6725
3716 6.7568
3717 2.4820
3718 8.2744
3719 2.8978
3720 4.1844
3721 1.8474
3722 3.8230
3723 5.3984
3724 11.3937
3725 3.0398
3726 3.9198
3727 1.2591
3728 1.4164
3729 0.8976
3730 9.2309
3731 1.6842
3732 1.1820
3733 1.4410
3734 27.8958
3735 3.3181
3736 5.9930
3737 2.0586
3738 2.6333
3739 1.4983
3740 1.3283
3741 1.8801
3742 2.9620
3743 5.1870
3744 4.1027
3745 6.8418
3746 3.0389
3747 5.1719
3748 0.9266
3749 1.7416
3750 1.2957
3751 1.9834
3752 14.3765
3753 4.9571
3754 3.7465
3755 5.5959
3756 1.1583
3757 6.8249
3758 1.6030
3759 3.9502
3760 1.7772
3761 9.2085
3762 4.9894
3763 3.3270
3764 3.3634
3765 11.8607
3766 1.8658
3767 8.2415
3768 1.9409
3769 10.5079
3770 9.5166
3771 27.7731
3772 0.5612
3773 9.1410
3774 7.6705
3775 2.4665
3776 2.3168
3777 4.9026
3778 5.8858
3779 11.7063
3780 3.6381
3781 3.4824
3782 6.4103
3783 6.0255
3784 24.5877
3785 11.0740
3786 7.3260
3787 5.8264
3788 4.4788
3789 22.1416
3790 2.9822
3791 1.9244
3792 10.3112
3793 1.6276
3794 4.0819
3795 3.9029
3796 7.2999
3797 1.9574
3798 5.1920
3799 1.7737
3800 18.0884
3801 1.7205
3802 0.9376
3803 0.5039
3804 6.7572
3805 3.5747
3806 7.4929
3807 7.4895
3808 5.3557
3809 5.3523
3810 5.0764
3811 7.9849
3812 10.4974
3813 2.4306
3814 1.5254
3815 16.5362
3816 4.5670
3817 2.1261
3818 0.5756
3819 1.5037
3820 5.2254
3821 6.6920
3822 4.1148
3823 3.0335
3824 12.5796
3825 1.3406
3826 4.4016
3827 14.6326
3828 2.0691
3829 11.3520
3830 7.8773
3831 1.1222
3832 7.1765
3833 0.8001
3834 6.7296
3835 7.6948
3836 2.9450
3837 3.2111
3838 17.8570
3839 1.6529
3840 2.4755
3841 3.5747
3842 2.3016
3843 8.9804
3844 1.2858
3845 2.2522
3846 4.3406
3847 14.3064
3848 5.7796
3849 9.5934
3850 7.2110
3851 12.3480
3852 2.6191
3853 1.6375
3854 11.1536
3855 1.6836
3856 3.1951
3857 3.3963
3858 19.4982
3859 10.1442
3860 2.0062
3861 4.6790
3862 8.7465
3863 1.4051
3864 0.6054
3865 13.2004
3866 2.4510
3867 1.5679
3868 9.4252
3869 2.6550
3870 7.3140
3871 1.1299
3872 2.3142
3873 11.6333
3874 2.2152
3875 14.8498
3876 4.9344
3877 7.0614
3878 2.3455
3879 1.5816
3880 12.1271
3881 3.9028
3882 5.0380
3883 2.0028
3884 1.6996
3885 0.7229
3886 1.3898
3887 7.6108
3888 3.2599
3889 2.8490
3890 11.3460
3891 0.6222
3892 9.0688
3893 25.3945
3894 2.0111
3895 24.6055
3896 3.8360
3897 3.6123
3898 1.7359
3899 6.4888
3900 2.9870
3901 0.3338
3902 6.0205
3903 15.1162
3904 10.6707
3905 4.6883
3906 6.6355
3907 1.5378
3908 26.1604
3909 4.5135
3910 1.9565
3911 27.8013
3912 10.6776
3913 18.8580
3914 3.5707
3915 5.6929
3916 4.2304
3917 14.2501
3918 17.8517
3919 2.8269
3920 8.8855
3921 5.7629
3922 2.6587
3923 4.6669
3924 1.8966
3925 1.8478
3926 16.5213
3927 4.7999
3928 8.5319
3929 4.9924
3930 19.7734
3931 8.6850
3932 5.9051
3933 4.8692
3934 1.5428
3935 5.7352
3936 2.1210
3937 21.3022
3938 9.2357
3939 6.3609
3940 7.6374
3941 22.6058
3942 4.8014
3943 1.3296
3944 11.0254
3945 5.4616
3946 3.6866
3947 4.3339
3948 1.7216
3949 4.7727
3950 5.7683
3951 1.9163
3952 3.5370
3953 4.5550
3954 2.7458
3955 2.2425
3956 6.5409
3957 6.9503
3958 2.1462
3959 4.6659
3960 9.1056
3961 9.5485
3962 0.8349
3963 6.7318
3964 8.9960
3965 2.6385
3966 8.2047
3967 0.8099
3968 3.3297
3969 10.4296
3970 3.8968
3971 2.3577
3972 3.9527
3973 4.8923
3974 2.0742
3975 2.2589
3976 6.1615
3977 6.6409
3978 9.8169
3979 4.8642
3980 1.4874
3981 5.0809
3982 6.6732
3983 3.8611
3984 9.1841
3985 6.8861
3986 3.7632
3987 4.8086
3988 0.9727
3989 4.4239
3990 9.5551
3991 7.1723
3992 2.2276
3993 0.6132
3994 1.3535
3995 8.5946
3996 2.8569
3997 4.1906
3998 27.2614
3999 4.1412
4000 0.6074
4001 4.2241
4002 1.5609
4003 5.2885
4004 16.1664
4005 11.4291
4006 1.5597
4007 7.5222
4008 1.9649
4009 3.3253
4010 2.4434
4011 3.8659
4012 3.1662
4013 3.7099
4014 3.6689
4015 47.3733
4016 7.3898
4017 3.6885
4018 23.6472
4019 1.0004
4020 1.8043
4021 2.6631
4022 6.0910
4023 1.3737
4024 3.2518
4025 1.5668
4026 7.3311
4027 6.7470
4028 9.1568
4029 18.6810
4030 11.1010
4031 2.9540
4032 2.8441
4033 8.6530
4034 2.8689
4035 11.2126
4036 1.1710
4037 18.1324
4038 7.2837
4039 2.6567
4040 3.4697
4041 25.6350
4042 22.5824
4043 4.3245
4044 2.0072
4045 8.2933
4046 7.2803
4047 1.9496
4048 3.8345
4049 3.5726
4050 19.0513
4051 7.0032
4052 9.3962
4053 5.5339
4054 15.9443
4055 3.8705
4056 5.6829
4057 7.0685
4058 3.2475
4059 3.9026
4060 35.2469
4061 2.1951
4062 4.5990
4063 14.4943
4064 6.9790
4065 4.9704
4066 0.8598
4067 1.8803
4068 15.8051
4069 3.9238
4070 1.2408
4071 2.6877
4072 17.2290
4073 5.6185
4074 4.5275
4075 2.4358
4076 3.4223
4077 3.8267
4078 5.0421
4079 8.4309
4080 5.4490
4081 2.0032
4082 20.5349
4083 3.7048
4084 2.0662
4085 6.0773
4086 1.2907
4087 0.3535
4088 2.4403
4089 29.1463
4090 1.4334
4091 9.0364
4092 3.1983
4093 41.0235
4094 6.1841
4095 2.4454
4096 2.4622
4097 1.3967
4098 28.5218
4099 2.3143
4100 1.7123
4101 6.5562
4102 4.9267
4103 3.4683
4104 0.5894
4105 2.4780
4106 19.6292
4107 5.7428
4108 1.3016
4109 1.6092
4110 0.9252
4111 5.4577
4112 5.0644
4113 0.5659
4114 14.0125
4115 4.9907
4116 14.9015
4117 2.7351
4118 9.1494
4119 8.4017
4120 3.6130
4121 7.8615
4122 10.9333
4123 3.5872
4124 2.2440
4125 18.1673
4126 6.0625
4127 2.5027
4128 4.7254
4129 2.9727
4130 1.9643
4131 22.8584
4132 5.2253
4133 3.7833
4134 5.3053
4135 3.8172
4136 1.0949
4137 0.9681
4138 5.2523
4139 2.6506
4140 2.1813
4141 0.5442
4142 3.1077
4143 7.8994
4144 3.5678
4145 2.1362
4146   NaN
4147 0.6775
4148 4.3954
4149 5.0356
4150 15.6688
4151 3.7526
4152 2.8192
4153 6.9973
4154 3.0036
4155 1.5786
4156 7.6892
4157 3.6837
4158 5.2333
4159 11.5843
4160 2.6441
4161 2.2416
4162 2.7921
4163 6.2100
4164 2.7641
4165 8.3046
4166 2.9269
4167 4.5870
4168 2.6080
4169 3.7381
4170 1.6633
4171 2.6160
4172 6.3377
4173 19.1543
4174 4.3530
4175 20.4531
4176 4.0509
4177 6.1034
4178 37.3037
4179 2.7602
4180 44.3255
4181 5.7024
4182 22.7532
4183 0.9848
4184 8.6439
4185 2.3794
4186 2.4659
4187 2.5954
4188 1.8256
4189 26.2176
4190 6.5073
4191 2.2251
4192 2.0339
4193 17.4733
4194 5.8300
4195 19.1168
4196 5.6676
4197 1.9861
4198 1.9891
4199 2.9321
4200 4.7759
4201 3.2745
4202 5.0403
4203 3.5923
4204 7.5169
4205 26.0903
4206 3.5495
4207 24.1045
4208 11.7621
4209 2.9962
4210 2.0881
4211 5.9139
4212 19.3330
4213 0.7251
4214 14.5350
4215 1.1171
4216 2.5750
4217 17.1170
4218 2.5602
4219 2.7090
4220 5.2806
4221 0.7682
4222 2.3342
4223 7.5406
4224 2.6965
4225 8.0337
4226 3.8706
4227 2.0225
4228 5.7169
4229 1.3775
4230 3.6600
4231 6.3596
4232 2.5614
4233 6.9102
4234 2.0192
4235 2.0431
4236 2.0722
4237 2.4387
4238 0.9033
4239 3.4935
4240 12.1013
4241 0.6040
4242 7.9130
4243 6.1513
4244 4.4445
4245 4.2535
4246 2.5278
4247 4.9167
4248 2.1746
4249 2.9083
4250 14.9364
4251 2.1927
4252 4.9040
4253 5.2591
4254 3.3639
4255 3.2046
4256 4.1960
4257 2.1134
4258 4.8299
4259 21.2045
4260 5.5724
4261 18.6452
4262 5.3062
4263 1.1886
4264 4.6712
4265 2.7887
4266 2.4358
4267 6.6455
4268 1.9780
4269 3.0284
4270 8.7866
4271 2.8224
4272 29.7278
4273 3.2862
4274 5.1141
4275 5.8750
4276 3.5444
4277 3.3792
4278 1.8505
4279 11.5333
4280 3.1348
4281 10.9539
4282 4.2910
4283 1.1345
4284 10.9826
4285 6.4297
4286 4.4147
4287 2.9526
4288 9.6289
4289 6.1786
4290 7.9322
4291 8.2073
4292 2.5514
4293 2.8759
4294 46.3852
4295 2.3604
4296 4.3974
4297 6.4906
4298 1.6524
4299 3.3919
4300 1.5744
4301 4.2864
4302 5.8572
4303 2.0074
4304 4.0368
4305 5.1286
4306 5.0926
4307 10.7873
4308 8.2528
4309 11.2384
4310 4.6505
4311 1.4138
4312 0.8770
4313 27.2470
4314 19.1921
4315 9.2574
4316 3.7772
4317 2.0462
4318 19.4548
4319 0.7210
4320 2.9110
4321 8.1290
4322 13.0523
4323 6.8310
4324 1.2344
4325 7.1365
4326 3.9477
4327 1.7278
4328 2.3549
4329 12.8773
4330 1.3327
4331 4.0455
4332 4.9096
4333 14.6399
4334 5.4047
4335 1.3425
4336 24.4188
4337 8.3561
4338 10.0483
4339 3.7175
4340 1.8437
4341 5.1323
4342 5.0856
4343 5.7620
4344 7.4158
4345 12.7211
4346 2.7779
4347 1.8645
4348 9.1683
4349 1.6381
4350 2.6394
4351 5.6716
4352 3.4410
4353 3.9747
4354 12.1034
4355 6.2973
4356 0.2915
4357 16.3136
4358 4.4643
4359 1.0360
4360 1.0786
4361 16.7948
4362 3.3858
4363 9.4909
4364 2.1371
4365 2.0176
4366 2.0514
4367 27.5262
4368 9.8915
4369 4.1738
4370 0.2943
4371 10.6618
4372 8.8306
4373 1.2723
4374 5.7349
4375 2.2586
4376 2.2305
4377 1.9567
4378 9.9455
4379 1.5562
4380 0.6954
4381 14.2554
4382 8.8737
4383 8.9780
4384 0.5848
4385 1.5193
4386 10.4517
4387 13.9800
4388 3.4243
4389 2.6022
4390 12.7513
4391 5.5419
4392 1.6695
4393 5.5444
4394 14.1420
4395 4.2645
4396 5.6407
4397 2.5561
4398 6.2260
4399 5.7941
4400 17.4124
4401 4.3870
4402 8.7574
4403 1.9549
4404 4.7974
4405 10.0358
4406 12.5101
4407 10.6360
4408 11.2414
4409 6.3378
4410 4.0145
4411 11.7623
4412 1.8999
4413 4.1447
4414 1.6914
4415 10.2005
4416 4.2503
4417 8.3201
4418 16.5544
4419 7.9422
4420 3.2471
4421 3.0168
4422 5.7096
4423 0.8253
4424 12.0525
4425 1.0098
4426 3.0322
4427 7.6083
4428 2.0404
4429 4.9919
4430 3.0748
4431 6.4563
4432 19.7526
4433 5.1129
4434 13.1976
4435 2.4890
4436 1.3373
4437 2.4805
4438 5.3719
4439 22.5355
4440 1.1814
4441 9.2188
4442 24.5679
4443 7.7125
4444 6.2243
4445 8.8065
4446 14.0301
4447 13.1748
4448 12.7228
4449 4.2631
4450 3.0241
4451 2.6878
4452 13.5561
4453 5.3054
4454 9.2836
4455 15.7600
4456 0.4701
4457 1.8746
4458 2.3816
4459 21.6610
4460 4.1306
4461 2.4212
4462 3.9120
4463 20.8498
4464 18.9285
4465 6.4051
4466 3.5393
4467 3.7427
4468 3.4405
4469 6.7557
4470 2.1882
4471 1.5909
4472 3.3473
4473 1.5564
4474 4.2684
4475 6.2072
4476 2.5313
4477 4.4243
4478 36.1827
4479 3.1707
4480 6.2555
4481 9.6015
4482 1.0972
4483 2.4319
4484 7.7316
4485 1.2636
4486 7.5448
4487 7.2061
4488 10.9131
4489 5.1770
4490 5.2676
4491 4.8051
4492 3.1019
4493 9.2885
4494 2.8286
4495 3.2003
4496 2.7313
4497 2.7484
4498 2.2922
4499 2.7846
4500 2.5433
4501 0.7327
4502 15.6657
4503 1.6254
4504 7.9138
4505 9.0135
4506 2.5305
4507 30.6485
4508 2.0169
4509 2.1962
4510 19.4836
4511 1.7135
4512 4.5190
4513 17.1619
4514 7.9790
4515 4.6875
4516 17.8364
4517 1.5954
4518 5.6011
4519 8.5246
4520 2.4458
4521 16.8362
4522 9.9422
4523 23.2983
4524 1.7403
4525 8.1955
4526 4.5394
4527 7.6891
4528 2.1865
4529 4.7840
4530 1.0163
4531 2.0647
4532 4.3650
4533 1.7466
4534 21.2387
4535 1.1001
4536 2.2810
4537 3.7604
4538 5.2662
4539 10.2312
4540 4.0359
4541 2.0986
4542 4.9344
4543 1.3689
4544 12.9479
4545 19.7566
4546 15.3253
4547 5.1486
4548 4.2982
4549 1.6461
4550 6.1648
4551 1.4765
4552 0.9611
4553 8.5513
4554 0.4166
4555 3.0918
4556 2.2699
4557 4.8396
4558 4.7666
4559 1.3775
4560 7.5639
4561 2.1728
4562 3.1539
4563 37.0470
4564 7.0201
4565 3.6056
4566 3.9572
4567 16.0890
4568 9.6523
4569 18.6340
4570 10.4384
4571 10.6205
4572 12.9783
4573 6.9650
4574 15.2258
4575 2.3730
4576 4.3892
4577 3.7246
4578 3.1128
4579 6.7160
4580 3.4761
4581 4.4001
4582 7.0941
4583 4.8536
4584 5.6617
4585 25.1024
4586 3.6262
4587 3.5975
4588 4.1793
4589 7.7432
4590 18.3886
4591 2.8642
4592 3.5974
4593 1.4597
4594 1.8961
4595 1.0967
4596 15.9857
4597 2.0882
4598 1.9442
4599 4.3824
4600 7.2820
4601 11.1896
4602 1.2075
4603 9.3127
4604 16.7448
4605 3.5436
4606 2.7555
4607 19.0569
4608 4.4841
4609 6.0292
4610 2.3019
4611 3.4290
4612 1.2618
4613 3.2086
4614 7.2742
4615 2.5452
4616 1.7194
4617 7.7315
4618 3.2865
4619 20.6253
4620 6.4483
4621 5.7948
4622 3.9183
4623 4.5332
4624 4.5437
4625 8.2666
4626 4.0649
4627 0.7266
4628 5.9492
4629 3.2042
4630 3.2467
4631 0.7494
4632 1.0322
4633 4.8668
4634 40.5631
4635 1.6710
4636 2.3151
4637 6.4753
4638 2.2949
4639 9.4743
4640 1.8919
4641 17.8082
4642 5.2818
4643 7.6690
4644 1.4636
4645 7.2048
4646 2.8622
4647 13.2201
4648 7.5078
4649 4.7642
4650 1.0310
4651 15.4300
4652 5.9083
4653 6.1596
4654 9.0979
4655 2.9034
4656 1.3954
4657 26.1251
4658 38.4968
4659 15.0693
4660 6.0236
4661 2.2665
4662 5.0977
4663 3.8219
4664 3.0799
4665 5.0694
4666 3.1361
4667 4.5385
4668 2.5141
4669 5.2258
4670 1.5153
4671 1.3230
4672 6.3067
4673 5.8123
4674 14.9510
4675 9.0881
4676 5.8553
4677 3.6026
4678 2.3290
4679 4.8917
4680 14.6909
4681 1.9128
4682 4.9484
4683 15.3122
4684 3.3505
4685 8.9584
4686 2.9267
4687 3.8898
4688 5.3376
4689 1.7684
4690 0.5154
4691 6.4468
4692 5.1401
4693 2.3640
4694 3.1211
4695 1.5160
4696 5.9959
4697 1.8187
4698 2.1169
4699 6.8843
4700 9.1612
4701 2.6753
4702 3.1533
4703 0.2267
4704 17.8588
4705 1.0206
4706 18.8231
4707 1.4379
4708 20.1172
4709 6.4828
4710 3.4780
4711 19.7568
4712 17.3448
4713 1.9716
4714 1.6022
4715 1.0141
4716 20.6394
4717 2.6487
4718 4.3150
4719 9.4465
4720 6.8383
4721 20.4298
4722 2.6168
4723 7.5553
4724 2.3414
4725 5.2583
4726 18.8698
4727 6.0030
4728 1.5281
4729 8.6337
4730 29.2022
4731 21.7303
4732 7.3203
4733 6.1466
4734 3.0287
4735 2.5301
4736 1.4932
4737 9.6177
4738 13.6473
4739 3.6674
4740 4.2282
4741 12.4927
4742 1.8565
4743 3.9282
4744 4.8941
4745 3.5684
4746 3.8989
4747 1.9336
4748 2.5844
4749 3.8446
4750 2.8586
4751 3.4860
4752 7.6835
4753 2.4553
4754 6.0438
4755 30.0729
4756 8.8854
4757 6.1262
4758 12.7431
4759 3.0356
4760 0.6853
4761 1.9919
4762 14.5418
4763 3.5406
4764 5.6054
4765 2.3629
4766 7.1142
4767 7.5188
4768 1.7019
4769 2.7180
4770 0.8754
4771 1.9445
4772 7.4065
4773 7.8922
4774 6.2065
4775 6.1275
4776 2.9202
4777 1.1372
4778 3.3486
4779 1.9416
4780 6.2284
4781 1.7842
4782 3.2225
4783 4.3033
4784 2.3094
4785 1.8390
4786 9.1175
4787 4.6247
4788 1.1779
4789 0.5984
4790 8.7648
4791 1.0120
4792 11.5762
4793 8.2596
4794 5.0794
4795 1.3035
4796 2.3158
4797 18.3954
4798 3.3998
4799 5.6208
4800 17.7284
4801 6.4397
4802 2.5305
4803 20.8905
4804 7.3404
4805 1.5291
4806 4.2611
4807 10.6506
4808 25.1288
4809 2.1966
4810 9.4290
4811 2.0876
4812 7.9782
4813 0.5592
4814 2.7690
4815 5.4685
4816 7.5739
4817 5.8893
4818 12.2119
4819 6.4925
4820 7.0619
4821 3.8776
4822 0.9084
4823 21.8388
4824 6.7171
4825 0.5226
4826 3.8104
4827 5.4452
4828 8.2000
4829 3.5967
4830   NaN
4831 3.1152
4832 1.9629
4833 5.1173
4834 6.8249
4835 15.5984
4836   NaN
4837 2.0397
4838 2.8994
4839 0.6937
4840 2.9342
4841 13.7555
4842 9.8761
4843 11.4799
4844 4.9054
4845 17.2133
4846 1.2956
4847 0.5279
4848 3.1679
4849 1.3275
4850 0.4523
4851 1.7707
4852 5.0780
4853 17.0206
4854 8.7334
4855 1.4227
4856 2.5405
4857 1.6027
4858 19.9613
4859 20.9238
4860 4.3713
4861 14.6132
4862 12.5183
4863 15.9758
4864 3.6164
4865 14.8893
4866 1.3903
4867 2.0438
4868 5.5989
4869 8.3879
4870 5.4536
4871 7.0200
4872 3.0742
4873 1.6825
4874 4.6980
4875 4.5612
4876 28.1396
4877 2.7108
4878 10.2927
4879 1.3843
4880 3.9538
4881 3.5176
4882 13.4271
4883 0.3769
4884 42.0980
4885 6.0346
4886 7.8573
4887 9.1447
4888 1.3646
4889 0.8295
4890 3.2861
4891 21.7840
4892 6.1764
4893 0.7239
4894 4.1852
4895 4.9981
4896 0.7425
4897 1.3515
4898 2.3594
4899   NaN
4900 0.9513
4901 4.3102
4902 4.1935
4903 3.1284
4904 18.3129
4905 3.1317
4906 1.2618
4907 4.1453
4908 7.2481
4909 22.0165
4910 20.7018
4911 1.8625
4912 7.5238
4913 14.1772
4914 2.9400
4915 10.3994
4916 1.8393
4917 7.9533
4918 4.5390
4919 22.8019
4920 1.0698
4921 4.5757
4922 5.9050
4923 23.0441
4924 3.1952
4925 13.2825
4926 4.6499
4927 0.4243
4928 6.0248
4929 22.5275
4930 0.7825
4931 3.6678
4932 4.0897
4933 2.6529
4934 0.3719
4935 2.7450
4936 2.6760
4937 2.4273
4938 23.2394
4939 3.4725
4940 6.2585
4941 1.6857
4942 0.8410
4943 0.3463
4944 2.9771
4945 13.0795
4946 3.3652
4947 8.9323
4948 2.1902
4949 8.9913
4950 23.8604
4951 0.2301
4952 2.5956
4953 5.3539
4954 4.9189
4955 9.2804
4956 1.5357
4957 6.6969
4958 1.2147
4959 1.3301
4960 3.6882
4961 3.4993
4962 3.3882
4963 3.5286
4964 9.9099
4965 5.2685
4966 11.1912
4967 3.3469
4968 7.0398
4969 9.8133
4970 4.0871
4971 5.2396
4972 11.3927
4973 3.5986
4974 4.3444
4975 3.1540
4976 6.2140
4977 4.1148
4978 8.5589
4979 3.9172
4980 3.6171
4981 5.7007
4982 4.0903
4983 7.3673
4984 1.3310
4985 2.4256
4986 2.2521
4987 2.0384
4988 19.9624
4989 4.6652
4990 3.4211
4991 1.8496
4992 1.4482
4993 36.5474
4994 9.3784
4995 3.4119
4996 4.9886
4997 7.9587
4998 3.4341
4999 2.5163
5000 1.3629
