5001 0.4439
5002 0.4592
5003 0.3130
5004 0.2067
5005 0.2848
5006 1.7588
5007 0.3835
5008 0.2788
5009 0.1865
5010 0.1818
5011 0.6450
5012 0.5110
5013 0.3902
5014 0.3656
5015 1.5504
5016 1.3569
5017 0.2353
5018 0.1858
5019 0.3540
5020 1.2564
5021 0.5012
5022 0.5210
5023 0.3623
5024 0.3539
5025 0.2435
5026 1.4494
5027 0.4687
5028 0.4391
5029 0.5956
5030 0.5512
5031 0.2357
5032 0.2353
5033 0.9457
5034 0.2201
5035 0.6928
5036 0.1272
5037 0.2225
5038 0.7077
5039 1.0565
5040 0.4586
5041 0.4858
5042 0.4854
5043 0.3192
5044 0.2055
5045 0.2515
5046 0.6589
5047 1.3044
5048 0.4258
5049 0.2912
5050 0.1824
5051 0.3731
5052 0.2340
5053 0.2150
5054 0.3946
5055 0.5563
5056 0.3080
5057 0.7079
5058 0.4073
5059 0.3548
5060 0.4061
5061 0.4716
5062 0.2992
5063 0.3963
5064 0.3715
5065 0.2558
5066 0.1840
5067 0.2075
5068 0.2106
5069 0.3541
5070 0.4150
5071 0.9632
5072 0.5660
5073 1.1352
5074 0.4948
5075 0.8031
5076 0.2294
5077 0.3392
5078 0.8026
5079 0.3500
5080 0.3907
5081 0.4402
5082 1.5341
5083 0.3617
5084 0.5362
5085 0.3707
5086 0.3450
5087 0.3088
5088 0.2453
5089 0.1778
5090 0.4989
5091 0.3468
5092 0.3272
5093 1.1922
5094 1.5131
5095 0.7413
5096 1.7966
5097 0.1572
5098 0.1246
5099 0.3507
5100 0.9323
5101 0.1622
5102 0.4330
5103 0.1551
5104 0.3054
5105 0.5190
5106 0.4000
5107 0.5292
5108 0.8333
5109 0.5327
5110 0.3670
5111 0.2010
5112 1.7764
5113 0.9299
5114 0.2103
5115 0.7074
5116 0.8308
5117 0.2422
5118 0.3835
5119 0.4370
5120 0.6918
5121 1.1976
5122 0.3569
5123 1.6842
5124 0.5349
5125 0.2233
5126 0.4644
5127 0.3493
5128 0.3494
5129 0.2248
5130 0.5461
5131 0.5183
5132 0.4136
5133 0.5987
5134 1.1831
5135 0.4455
5136 0.2834
5137 0.2944
5138 0.6495
5139 0.5403
5140 0.1520
5141 0.6834
5142 0.3695
5143 1.2495
5144 0.8977
5145 0.2630
5146 0.9295
5147 0.4108
5148 0.2627
5149 0.5644
5150 0.1962
5151 0.5248
5152 0.6691
5153 0.2211
5154 0.7979
5155 0.2415
5156 0.3455
5157 0.5202
5158 0.3749
5159 0.1686
5160 0.1603
5161 0.1954
5162 1.7169
5163 0.4151
5164 0.5949
5165 0.2604
5166 0.5872
5167 0.3524
5168 0.1847
5169 0.6858
5170 0.2875
5171 1.3145
5172 1.2439
5173 0.3756
5174 1.5876
5175 1.9064
5176 0.2899
5177 1.1597
5178 0.1505
5179 0.2135
5180 0.3070
5181 1.8651
5182 0.1765
5183 0.1780
5184 1.0873
5185 0.1302
5186 0.2037
5187 0.2749
5188 0.9498
5189 0.5999
5190 0.2402
5191 0.3753
5192 0.2040
5193 0.4089
5194 0.3036
5195 0.9050
5196 0.5245
5197 0.1412
5198 2.1015
5199 0.5842
5200 0.4376
5201 0.3815
5202 0.2044
5203 0.3859
5204 0.2970
5205 0.3662
5206 0.1716
5207 1.4237
5208 0.1924
5209 0.3182
5210 1.0133
5211 1.1295
5212 0.2529
5213 0.4327
5214 0.4064
5215 1.5995
5216 0.3021
5217 1.0951
5218 0.4197
5219 0.4612
5220 0.1740
5221 0.2505
5222 0.2951
5223 0.1540
5224 0.6595
5225 0.1887
5226 0.1920
5227 0.5655
5228 1.8280
5229 0.4199
5230 0.3715
5231 0.3189
5232 0.5708
5233 0.2274
5234 0.3393
5235 0.5230
5236 0.8517
5237 0.2140
5238 0.5477
5239 0.5426
5240 0.4920
5241 0.3339
5242 0.5081
5243 0.1918
5244 0.3906
5245 1.0645
5246 1.4120
5247 0.4911
5248 0.6410
5249 0.6396
5250 0.4373
5251 0.6907
5252 0.6965
5253 0.4166
5254 1.3189
5255 0.1819
5256 0.2860
5257 0.3707
5258 0.1643
5259 2.2685
5260 0.3068
5261 0.5394
5262 0.1691
5263 0.4463
5264 0.5661
5265 1.8006
5266 0.2962
5267 1.5796
5268 0.3766
5269 1.8636
5270 0.5245
5271 0.5082
5272 0.4584
5273 2.1927
5274 0.4833
5275 1.2834
5276 0.1334
5277 0.4060
5278 0.3531
5279 0.7579
5280 0.4782
5281 0.3797
5282 1.1201
5283 0.4056
5284 2.4598
5285 0.7026
5286 0.7722
5287 0.3683
5288 0.3818
5289 0.1864
5290 2.4757
5291 1.0903
5292 0.3230
5293 0.3251
5294 0.2842
5295 0.1582
5296 0.4020
5297 0.9911
5298 0.1793
5299 0.2566
5300 0.4058
5301 0.5161
5302 0.7722
5303 0.6681
5304 0.3793
5305 0.8602
5306 0.2341
5307 0.3464
5308 0.2256
5309 0.2977
5310 0.3655
5311 0.2994
5312 0.5222
5313 0.9897
5314 0.2481
5315 0.3260
5316 2.9658
5317 0.2690
5318 1.0071
5319 1.4538
5320 0.6211
5321 0.1409
5322 0.2830
5323 0.1971
5324 0.9308
5325 0.5649
5326 0.8379
5327 0.3872
5328 1.3558
5329 0.3659
5330 0.3661
5331 0.1860
5332 0.4109
5333 0.4167
5334 0.5075
5335 0.5183
5336 0.1899
5337 0.3140
5338 1.4380
5339 0.3067
5340 0.4567
5341 0.5951
5342 0.4946
5343 0.2162
5344 0.3584
5345 2.1838
5346 0.8052
5347 0.3638
5348 0.4865
5349 0.2086
5350 0.4567
5351 1.6289
5352 0.2865
5353 0.2406
5354 0.4547
5355 0.5111
5356 0.1829
5357 0.9908
5358 2.4115
5359 0.4350
5360 0.2538
5361 0.2358
5362 0.2171
5363 0.7576
5364 0.3072
5365 0.3695
5366 0.3211
5367 0.2915
5368 0.3196
5369 0.5013
5370 0.5391
5371   NaN
5372 0.2362
5373 0.1578
5374 0.6330
5375 0.6693
5376   NaN
5377 0.8965
5378 0.3510
5379 0.4109
5380 0.2923
5381 0.8097
5382 0.7042
5383 0.1622
5384 0.4115
5385 1.3502
5386 0.5679
5387 0.4908
5388 0.4607
5389 0.2076
5390 0.4645
5391 0.3141
5392 0.3118
5393 0.4683
5394 0.1791
5395 1.3353
5396 0.4559
5397 1.7644
5398 0.4303
5399 0.2855
5400 0.1662
5401 0.2437
5402 0.2897
5403 0.4667
5404 0.8964
5405 0.6766
5406 0.4897
5407 1.1257
5408 0.5846
5409 0.2468
5410 0.2059
5411 0.6590
5412 1.1294
5413 0.4758
5414 0.9870
5415 0.3723
5416 1.7849
5417 0.8812
5418 0.4531
5419 0.7735
5420 0.1331
5421 0.5290
5422 2.0244
5423 0.9214
5424 0.2952
5425 0.2253
5426 0.3580
5427 0.3597
5428 0.2234
5429 0.4274
5430 0.6931
5431 0.1975
5432 0.3854
5433 0.2037
5434 0.1785
5435 0.2921
5436 0.2052
5437 0.3901
5438 0.2563
5439 0.4456
5440 0.4563
5441 1.0133
5442 0.3520
5443 0.7947
5444 0.2399
5445 0.3003
5446 0.4668
5447 0.9473
5448 0.2547
5449 0.3279
5450 0.1791
5451 0.7771
5452 0.2191
5453 0.8868
5454 1.4056
5455 0.6316
5456 0.3231
5457 0.2363
5458 0.3918
5459 0.4197
5460 1.0637
5461 0.1463
5462 0.9125
5463 0.6526
5464 0.4355
5465 0.2472
5466 0.5538
5467 0.2830
5468 0.2521
5469 0.3354
5470 1.1016
5471 0.1787
5472 0.6533
5473 0.4751
5474 0.3478
5475 0.1610
5476 0.3590
5477 0.8473
5478 0.6981
5479 0.4353
5480 0.1842
5481 0.1515
5482 0.3052
5483 0.9480
5484 0.3085
5485   NaN
5486 0.3355
5487 0.6112
5488 0.6009
5489 0.4508
5490 0.9083
5491 0.1357
5492 0.7265
5493 0.3498
5494 0.4306
5495 0.2452
5496 0.7943
5497 0.6653
5498 0.4010
5499 0.8489
5500 0.3020
5501 0.3086
5502 0.5351
5503 0.1767
5504 2.6700
5505 0.2782
5506 0.1965
5507 0.2086
5508 0.2554
5509 0.5717
5510 0.4575
5511 0.4801
5512 0.6274
5513 2.0860
5514 0.4034
5515 0.1515
5516 0.1724
5517 0.4295
5518 0.3660
5519 0.3260
5520 0.3609
5521 0.6357
5522 0.2260
5523 0.2023
5524 0.3008
5525 0.2601
5526 0.6271
5527 0.2806
5528 0.6903
5529 0.3199
5530 0.2577
5531 0.3288
5532 0.7556
5533 0.2163
5534 0.4792
5535 0.2392
5536 0.4776
5537 0.3360
5538 0.3101
5539 0.2636
5540 0.3188
5541 0.3591
5542 0.6101
5543 0.7122
5544 0.3817
5545 1.3694
5546 0.1642
5547 0.4050
5548 0.2270
5549 0.3017
5550 0.1955
5551 0.4673
5552 0.2942
5553 0.9678
5554 0.1330
5555 0.3718
5556 1.3527
5557 0.7174
5558 0.3635
5559 0.1907
5560 0.3481
5561 1.1899
5562 0.2661
5563 0.3002
5564 0.3291
5565 0.6711
5566 0.4703
5567 0.2446
5568 0.4437
5569 0.1961
5570 0.1822
5571 0.3424
5572 0.3596
5573 1.8919
5574 0.1805
5575 0.1822
5576 0.6365
5577 0.2838
5578 0.6683
5579 0.2075
5580 0.3482
5581   NaN
5582 0.4437
5583 0.3458
5584 0.1119
5585 0.2969
5586 0.4212
5587 0.3402
5588 0.9715
5589 0.2980
5590 0.6577
5591 0.7072
5592 0.5209
5593 0.3745
5594 0.1630
5595 0.3593
5596 0.3817
5597 0.1320
5598 0.2926
5599 0.8865
5600 0.4737
5601 0.2931
5602 0.6818
5603 0.2042
5604 0.2816
5605 0.8346
5606 0.2618
5607 0.1884
5608 0.2936
5609 1.3106
5610 0.6054
5611 0.4634
5612 0.6622
5613 0.5330
5614 0.5130
5615 0.8121
5616 0.2187
5617 0.5982
5618 0.8952
5619 0.2597
5620 0.8218
5621 0.2191
5622 0.8336
5623 0.1782
5624 0.5894
5625 0.6824
5626 0.3316
5627 0.7424
5628 0.5809
5629 1.5478
5630 0.3843
5631 0.3623
5632 0.1383
5633 0.6785
5634 2.1769
5635 0.2134
5636 0.5310
5637 0.5099
5638 0.3446
5639 0.2571
5640 0.4671
5641 0.4710
5642 1.6000
5643 0.4401
5644 0.4754
5645 0.7241
5646 0.5371
5647 0.5743
5648 0.1909
5649 0.5294
5650 0.2441
5651 0.2284
5652 0.3646
5653 0.1951
5654 0.2432
5655 0.3634
5656 1.7854
5657 0.2814
5658 0.3269
5659 0.2614
5660 0.1573
5661 0.4051
5662 0.2935
5663 0.6888
5664 1.8739
5665 1.2555
5666 0.1968
5667 1.2666
5668 0.4704
5669 1.1783
5670 0.7005
5671   NaN
5672 0.6065
5673 0.3514
5674 0.1911
5675 2.5002
5676 0.2071
5677 0.2298
5678 0.4404
5679 0.4441
5680 1.1600
5681 0.3733
5682 0.3467
5683 1.8505
5684 0.3675
5685 1.0910
5686 0.2800
5687 0.2715
5688 0.3093
5689 1.0951
5690 0.6215
5691 2.0508
5692 1.0239
5693 0.6148
5694 1.6175
5695 0.5592
5696 0.4232
5697 0.3332
5698 0.2242
5699 0.9409
5700 0.8014
5701 0.1534
5702 0.2778
5703 0.5603
5704 0.2705
5705 0.3758
5706 1.0555
5707 1.6423
5708 0.1805
5709 0.9179
5710 0.2542
5711 0.2325
5712 1.8122
5713 0.1815
5714 0.5965
5715 1.0635
5716 0.4157
5717 0.2474
5718 1.4318
5719 0.4990
5720 0.1516
5721 0.2086
5722 0.8862
5723 0.2063
5724 0.2006
5725 0.2765
5726 1.0262
5727 0.2198
5728 0.4742
5729 0.3585
5730 0.5692
5731 0.1592
5732 0.2117
5733 0.6894
5734 0.4826
5735 0.5105
5736 0.3176
5737 0.2336
5738 0.6232
5739 0.2900
5740 1.1219
5741 0.2624
5742 0.2664
5743 0.2223
5744 0.3167
5745 0.3797
5746 0.3366
5747 0.1819
5748 1.0402
5749 0.5837
5750 0.2574
5751 0.3952
5752 1.0736
5753 1.2097
5754 0.4883
5755 0.1508
5756 1.3947
5757 0.2423
5758 0.7927
5759 0.6686
5760 0.2849
5761 2.5120
5762 2.5922
5763 0.5365
5764 0.7365
5765 1.0015
5766 2.7177
5767 0.1956
5768 0.4501
5769 0.7853
5770 0.1895
5771 0.2499
5772 0.3678
5773 0.2791
5774 0.4279
5775 0.3951
5776 1.4206
5777 0.2645
5778 0.3330
5779 0.3381
5780 0.5180
5781 3.6398
5782 0.1725
5783 0.2881
5784 0.4226
5785 0.5100
5786 1.3391
5787 0.2304
5788 0.2896
5789 1.9944
5790 0.3023
5791 0.2968
5792 0.2972
5793 0.3329
5794 0.4162
5795 0.1449
5796 0.1425
5797 0.5290
5798 0.2109
5799 0.6410
5800 0.4635
5801 0.9343
5802 0.2163
5803 0.4357
5804 0.4441
5805 0.4884
5806 0.5040
5807 0.5957
5808 0.5406
5809 0.3254
5810 0.3039
5811 0.3365
5812 1.0604
5813 2.0790
5814 0.4438
5815 1.4119
5816 0.2137
5817 0.2736
5818 1.2993
5819 1.3684
5820 0.5301
5821 0.4860
5822 0.9507
5823 4.3308
5824 0.3556
5825 0.9715
5826 0.2024
5827 0.3111
5828 0.2905
5829 0.2558
5830 0.3827
5831 0.1672
5832 0.5792
5833 0.2535
5834 0.8518
5835 0.9958
5836 0.2267
5837 0.4459
5838 1.4276
5839 0.7267
5840 1.0588
5841 0.6543
5842 0.1623
5843 1.6302
5844 0.3495
5845 0.4049
5846 0.1674
5847 0.2505
5848 0.1800
5849 0.5915
5850 0.7925
5851 0.5986
5852 0.2539
5853 0.4692
5854 0.6045
5855 0.2289
5856 0.3374
5857 0.1550
5858 0.9946
5859 0.2695
5860 0.7306
5861 0.3501
5862 2.2906
5863 0.1975
5864 0.2287
5865 0.4661
5866 0.8578
5867 1.1701
5868 0.3550
5869 0.1828
5870 0.3827
5871 0.7852
5872 0.5402
5873 0.2705
5874 0.8829
5875 1.9377
5876 0.9927
5877 0.9004
5878 0.4781
5879 0.4945
5880 0.3835
5881 0.9470
5882 0.3631
5883 0.6563
5884 0.2159
5885 0.8937
5886 1.3846
5887 0.9049
5888 0.2530
5889 0.2307
5890 1.1393
5891 0.3069
5892 0.3101
5893 0.1722
5894 0.1213
5895 0.6660
5896 0.4474
5897 0.2064
5898 0.3104
5899 0.6789
5900 0.9079
5901 0.1783
5902 0.5710
5903 0.6328
5904 0.6275
5905 0.7827
5906 0.1917
5907 0.3843
5908 0.3693
5909 0.2031
5910 1.4565
5911 0.4517
5912 0.3212
5913 0.8151
5914 0.7892
5915 0.3915
5916 0.5577
5917 0.6543
5918 0.4212
5919 0.3837
5920 0.7659
5921 0.2422
5922 0.4660
5923 0.2111
5924 0.3675
5925 0.2708
5926 0.1935
5927 0.1892
5928   NaN
5929 0.1859
5930 0.1838
5931 0.3435
5932 0.2095
5933 0.1864
5934 0.8437
5935 0.2139
5936 1.2242
5937 1.2893
5938 0.2773
5939 0.4452
5940 1.0621
5941 0.2202
5942 0.3292
5943 0.4632
5944 0.2199
5945 0.2603
5946 0.2776
5947 0.1470
5948 0.1679
5949 0.4116
5950 0.5974
5951 0.9585
5952 0.3381
5953 0.1627
5954 0.5292
5955 0.6332
5956 0.3582
5957 1.3593
5958 1.9940
5959 0.1918
5960 0.4071
5961 0.2885
5962 0.8112
5963   NaN
5964 1.1460
5965 0.3137
5966 0.6164
5967 0.2913
5968 0.5154
5969 0.1906
5970 0.1813
5971 0.2233
5972 0.5854
5973 0.1770
5974 0.5637
5975 0.5912
5976 0.1768
5977 0.3080
5978 0.9125
5979 0.3212
5980 0.5054
5981 0.2555
5982 0.2073
5983 0.3735
5984 0.4506
5985 0.4130
5986 0.3575
5987 0.3703
5988 0.7925
5989 0.4235
5990 0.1635
5991 0.4368
5992 0.1267
5993 1.3774
5994 0.1812
5995 0.3459
5996 0.3442
5997 0.4631
5998 0.2926
5999 0.3038
6000 0.2735
6001 0.1596
6002 0.6417
6003 0.5794
6004 0.4352
6005 0.3322
6006 0.8411
6007 0.4873
6008 0.1637
6009 0.1546
6010 0.2967
6011 0.4041
6012 0.4084
6013 0.5555
6014 0.2081
6015 0.2893
6016 0.1730
6017 0.5385
6018 0.4722
6019 0.1947
6020 0.3635
6021 0.2483
6022 0.2505
6023 0.2085
6024 0.7541
6025 0.3811
6026 0.2188
6027 0.2467
6028 0.3480
6029 0.3388
6030 2.2262
6031 0.5405
6032 0.3239
6033 0.7679
6034 0.7705
6035 0.9499
6036 2.1361
6037 0.4171
6038 0.2602
6039 0.4801
6040 0.2849
6041 0.4643
6042 0.2518
6043 0.1571
6044 0.2028
6045 0.4400
6046 0.2344
6047 0.4321
6048 1.3804
6049 0.3275
6050 0.2521
6051 0.2129
6052 0.4578
6053 0.4416
6054 0.4670
6055 2.4648
6056 0.5125
6057 1.5307
6058 0.3805
6059 1.3925
6060 0.4693
6061 0.4338
6062 0.4839
6063 0.2410
6064 0.2855
6065 0.1567
6066 1.2612
6067 1.4873
6068 0.9448
6069 0.1469
6070 0.5258
6071 1.8528
6072 0.4690
6073 0.4380
6074 0.5935
6075 0.3951
6076 0.1478
6077 0.7735
6078 0.5570
6079 0.6307
6080 0.3573
6081 1.3161
6082 0.6762
6083 1.2972
6084 0.6008
6085 0.9760
6086 0.4769
6087 1.8193
6088 0.3017
6089 3.1929
6090 1.1878
6091 0.6591
6092 0.5137
6093 1.0831
6094   NaN
6095 0.3292
6096 0.4963
6097 2.7074
6098 1.9037
6099 0.3294
6100 0.2021
6101 0.2191
6102 0.5029
6103 0.3801
6104 0.4709
6105 1.4814
6106 0.3371
6107 0.4518
6108 0.2615
6109 0.2276
6110 0.9106
6111 1.0451
6112 0.3232
6113 0.3281
6114 0.3486
6115 0.6512
6116 0.4189
6117 1.3839
6118 0.5885
6119 0.3751
6120 0.3985
6121 0.3602
6122 0.4542
6123 0.3781
6124 0.8148
6125 0.5787
6126 0.5296
6127 0.3804
6128 1.4969
6129 0.2043
6130 0.5962
6131 0.5997
6132 0.8412
6133 0.4056
6134 0.3365
6135 0.6010
6136 0.4442
6137 0.2468
6138 0.6840
6139 0.2130
6140 0.5055
6141 0.7879
6142 0.2828
6143 0.5339
6144 0.5862
6145 0.1652
6146 1.6634
6147 0.1371
6148 0.4933
6149 0.3165
6150 0.2427
6151 0.2209
6152 0.1874
6153 0.3588
6154 0.4872
6155 0.6849
6156 0.9959
6157 0.5772
6158 0.2359
6159 0.5003
6160 0.7976
6161 0.1366
6162 0.4395
6163 0.3396
6164 0.4159
6165 0.3403
6166 0.2997
6167 0.3098
6168 0.3205
6169 0.1887
6170 0.4084
6171 2.3606
6172 0.4329
6173 0.9529
6174 0.1525
6175 0.5570
6176 0.5640
6177 0.9772
6178 0.1652
6179 0.3557
6180 0.2119
6181 0.4215
6182 0.4563
6183 0.3618
6184 0.4743
6185 1.1683
6186 0.2231
6187 0.4162
6188 0.4940
6189 0.2021
6190 0.4515
6191 0.8439
6192 0.7491
6193 0.8013
6194 0.2988
6195 0.1656
6196 1.1259
6197 0.2337
6198 0.9203
6199 0.5224
6200 0.5726
6201 0.3318
6202 0.4486
6203 0.1731
6204 0.3965
6205 0.3951
6206 0.2343
6207 0.2662
6208 2.0696
6209 0.3818
6210 1.0768
6211 0.5684
6212 0.4286
6213 0.4325
6214 1.8183
6215 0.7521
6216 0.2574
6217 1.1901
6218 0.4818
6219 0.1781
6220 0.3219
6221 0.4004
6222 6.6969
6223 0.2406
6224 0.2664
6225 0.3802
6226 0.1937
6227 0.8235
6228 0.6175
6229 0.1727
6230 0.5340
6231 0.5063
6232 0.3029
6233 0.3797
6234 0.9637
6235 0.2652
6236 0.7746
6237 0.8631
6238 0.5023
6239 0.3626
6240 2.1871
6241 0.2603
6242 0.7335
6243 0.3230
6244 0.3272
6245 0.2913
6246 0.4974
6247 0.3849
6248 1.1102
6249 0.6173
6250 0.3211
6251 0.7451
6252 0.5743
6253 1.0634
6254 0.1792
6255 0.4565
6256 0.5612
6257 0.4149
6258 0.8715
6259 0.5068
6260 0.5734
6261 0.8366
6262 1.7108
6263 0.3920
6264 0.6254
6265 1.1372
6266 2.9168
6267 0.4229
6268 0.6361
6269 0.2444
6270 0.3707
6271 0.3833
6272 0.3930
6273 1.4685
6274 0.2953
6275 0.5810
6276 0.5582
6277 0.6870
6278 0.3160
6279 0.2762
6280 0.2518
6281 0.6034
6282 0.3448
6283 0.2277
6284 0.1737
6285 0.3736
6286 0.4348
6287 0.3700
6288 0.1826
6289 0.3087
6290 0.8415
6291 0.1955
6292 0.1732
6293 0.2690
6294 0.2557
6295 1.3485
6296 0.6491
6297 2.0543
6298 0.4635
6299 0.6921
6300 0.6312
6301 0.2736
6302 0.4996
6303 0.1616
6304 0.1421
6305 0.2653
6306 1.0107
6307 0.5086
6308 0.2260
6309 2.9990
6310 1.1477
6311 1.6986
6312 0.4772
6313 0.4942
6314 0.1843
6315 0.3553
6316 1.9997
6317 0.6505
6318 0.3352
6319 1.5795
6320 0.4819
6321 0.1885
6322 0.4597
6323 0.1708
6324 0.2637
6325 1.9013
6326 0.3329
6327 0.2537
6328 0.4244
6329 0.5905
6330 0.2528
6331 0.3517
6332 0.2959
6333 0.6945
6334 0.4275
6335 0.1837
6336 0.1781
6337   NaN
6338 0.2023
6339 0.4875
6340 0.5998
6341 0.2388
6342 0.2436
6343 0.2579
6344 0.3608
6345 0.5613
6346 0.3755
6347 0.2978
6348 2.1724
6349 0.3060
6350 0.5516
6351 1.5532
6352 0.6046
6353 0.2563
6354 0.6262
6355 0.4630
6356 0.4563
6357 1.8893
6358 0.2183
6359 0.2157
6360 0.5402
6361 0.3367
6362 1.1378
6363 0.1711
6364 0.2576
6365 0.4531
6366 0.2781
6367 0.1591
6368 0.3824
6369 0.2343
6370   NaN
6371 1.5134
6372 0.7302
6373 0.3957
6374 0.4878
6375 0.2616
6376 0.1831
6377 0.1785
6378 0.6019
6379 0.3597
6380 1.4768
6381 0.4720
6382 2.7007
6383 0.5262
6384 0.8451
6385 2.2256
6386 0.7339
6387 0.2407
6388 0.9446
6389 0.2463
6390 0.2147
6391 0.3511
6392 0.1337
6393 0.3078
6394 0.2079
6395 0.4025
6396 0.1571
6397 0.4977
6398 0.2986
6399 1.8465
6400 0.2100
6401 0.1539
6402 0.1700
6403 1.7084
6404   NaN
6405 0.2449
6406 0.4298
6407 0.2824
6408 0.4381
6409 0.5650
6410 0.1809
6411 0.3198
6412 0.6788
6413 1.4591
6414 0.2500
6415 1.2862
6416 2.2125
6417 0.4565
6418 0.6517
6419 0.3918
6420 0.9670
6421 0.4908
6422 0.8616
6423 0.5459
6424 0.2841
6425 0.3160
6426 0.2091
6427 0.8656
6428 0.2949
6429 0.3943
6430 0.2278
6431 0.2969
6432 0.3775
6433 0.3731
6434 0.2443
6435 0.3052
6436 0.2679
6437 0.4073
6438 0.2590
6439 0.4107
6440 0.2548
6441 0.6065
6442 2.4601
6443 0.1832
6444 0.2276
6445 0.4693
6446 0.2322
6447 0.3783
6448 0.7611
6449 1.3075
6450 0.3921
6451 0.4433
6452 1.3951
6453 0.7580
6454 0.3758
6455 0.2093
6456 0.2479
6457 0.2347
6458 0.2031
6459 0.2580
6460 0.2810
6461 0.3534
6462 0.1461
6463 0.9548
6464 0.9160
6465 0.6224
6466 0.3854
6467 0.4534
6468 0.1969
6469 4.3563
6470 0.5644
6471 0.3277
6472 0.2156
6473 0.2414
6474 0.1709
6475 0.1733
6476 0.1743
6477 0.4462
6478 0.3303
6479 0.9211
6480 0.2004
6481 0.4229
6482 0.5348
6483 0.3139
6484 0.1906
6485   NaN
6486 0.2098
6487 0.1581
6488 0.4566
6489 0.3004
6490 1.6111
6491 0.2059
6492 0.1456
6493 0.3028
6494 0.4688
6495 0.2760
6496 0.3304
6497 0.8667
6498 0.4339
6499 0.4662
6500 1.6685
6501 0.3392
6502 0.8063
6503 0.3764
6504 0.1870
6505 1.1462
6506 0.3090
6507 0.5909
6508 0.2423
6509 0.5494
6510 0.3629
6511 0.2346
6512 0.2039
6513 0.9443
6514 1.2375
6515 0.4883
6516 0.2790
6517 0.4066
6518 0.3318
6519 0.3758
6520 0.9029
6521 0.4617
6522 0.1981
6523 0.3098
6524 0.3589
6525 0.7552
6526 1.2167
6527 0.2884
6528 0.2950
6529 0.5518
6530 0.2862
6531 0.4636
6532 0.2088
6533 0.9573
6534 0.9810
6535 0.1602
6536 0.2621
6537 0.4015
6538 0.2485
6539 0.6415
6540 0.4610
6541 0.5381
6542 0.5475
6543 1.5055
6544 0.6619
6545 0.4165
6546 0.4256
6547 0.4249
6548 0.2170
6549 0.1970
6550 0.3243
6551 1.2516
6552 0.3636
6553 1.5087
6554 0.4879
6555 0.3370
6556 0.5068
6557 0.4296
6558 0.1744
6559 0.5011
6560 0.5586
6561 0.1739
6562 0.3242
6563 0.2812
6564 0.4122
6565 0.2665
6566 2.7718
6567 0.2316
6568 0.2723
6569 0.5875
6570 0.2526
6571 0.3162
6572 0.2268
6573 0.1173
6574 0.2068
6575 0.4856
6576 0.1281
6577 1.3571
6578 0.3916
6579 0.3200
6580 0.3796
6581 0.4118
6582 0.1625
6583 0.2629
6584 0.2439
6585 0.1591
6586 0.2681
6587 0.2996
6588 0.2371
6589 0.3831
6590 0.4251
6591 0.8395
6592 0.5544
6593 0.3011
6594 0.1522
6595 0.2510
6596 0.1997
6597 0.2993
6598 0.3126
6599 0.3235
6600 0.2923
6601 0.9675
6602 0.1217
6603 0.4073
6604 0.5316
6605 0.6559
6606 0.1959
6607 1.8484
6608 0.2155
6609 0.4319
6610 0.4989
6611 0.3640
6612 0.2156
6613 1.1831
6614 1.4382
6615 0.5060
6616 0.2109
6617 1.6478
6618 0.2676
6619 0.1675
6620 0.6300
6621 0.3854
6622 0.3800
6623 0.5048
6624 0.1593
6625 0.1722
6626 0.4003
6627 0.2054
6628 0.2279
6629 0.7099
6630 0.1498
6631 0.9644
6632 0.3088
6633 0.1654
6634 0.7750
6635 0.7090
6636 0.2214
6637 1.0273
6638 0.2608
6639 0.1696
6640 0.9232
6641 0.7210
6642 1.2000
6643 0.5225
6644 1.1554
6645 1.3110
6646 0.2476
6647 0.2383
6648 0.4282
6649 0.1749
6650 1.6028
6651 0.3216
6652 0.2538
6653 0.5678
6654 0.7776
6655 0.9955
6656 0.4206
6657 0.3309
6658 0.9005
6659 2.8530
6660 0.8844
6661 0.3187
6662 0.3939
6663 0.1704
6664 0.8224
6665 0.3512
6666 0.1192
6667 0.6854
6668 0.7484
6669 0.2231
6670 0.1792
6671 0.1478
6672 0.2866
6673 0.4388
6674 0.7737
6675 0.1301
6676 0.1464
6677 0.3846
6678 0.2564
6679 2.2935
6680 1.0061
6681 2.0789
6682 0.3893
6683 0.3269
6684 0.3859
6685 0.3346
6686 0.4510
6687 0.5488
6688 0.4360
6689 0.1831
6690 0.3782
6691 0.2811
6692 0.2199
6693 0.5069
6694 0.2051
6695 0.2571
6696 0.1874
6697 0.9318
6698 0.3315
6699 0.2015
6700 0.1774
6701 1.0097
6702 0.6366
6703 0.2524
6704 0.4055
6705 0.1715
6706 0.3263
6707 1.6156
6708 0.4241
6709 0.3321
6710 0.4345
6711 0.4033
6712 0.6043
6713 0.4876
6714 0.4447
6715 0.3853
6716 0.2473
6717 0.3234
6718 0.3578
6719 1.2008
6720 0.2659
6721 0.7064
6722 0.5095
6723 0.1853
6724 0.7802
6725 0.4226
6726 0.9939
6727 1.3193
6728 1.3199
6729 0.2664
6730 0.5317
6731 0.5545
6732 0.4557
6733 0.3805
6734 0.5957
6735 0.5486
6736 0.5011
6737 0.4230
6738 2.2260
6739 0.4167
6740 0.2212
6741 0.2879
6742 0.2768
6743 0.7793
6744 0.4503
6745 0.1698
6746 0.6959
6747 0.2924
6748 0.1920
6749 0.9301
6750 0.2002
6751 0.6320
6752 0.4030
6753 0.1811
6754 0.3699
6755 0.1832
6756 1.0664
6757 0.2738
6758 0.1707
6759 0.5170
6760 1.5784
6761 0.3957
6762 0.2645
6763 0.4494
6764 0.2127
6765 0.2305
6766 0.9593
6767 0.2698
6768 0.2555
6769 0.6497
6770 0.2984
6771 0.3858
6772 0.5284
6773 0.1842
6774 0.3177
6775 0.7453
6776 0.3743
6777 0.3012
6778 0.5248
6779 0.2634
6780 0.4777
6781 0.5029
6782 0.4436
6783 0.7566
6784 0.1710
6785 0.7417
6786 0.3557
6787 0.7644
6788 0.3069
6789 0.3509
6790 0.6982
6791 1.7254
6792 0.7957
6793 0.7432
6794 0.3125
6795 0.3859
6796 0.3511
6797 0.2342
6798 0.2563
6799 1.6304
6800 0.9767
6801 0.3556
6802 0.3680
6803 0.3780
6804 0.3358
6805 0.3190
6806 0.7751
6807 0.5255
6808 0.6524
6809 0.9201
6810 0.1643
6811 0.2778
6812 0.6682
6813 0.7976
6814 0.3821
6815 0.6475
6816 0.5685
6817 0.9857
6818 0.8760
6819 0.1729
6820 0.8629
6821 0.4666
6822 0.2408
6823 0.3394
6824 0.2801
6825 0.1624
6826 0.4233
6827 1.2936
6828 0.2705
6829 0.4842
6830 0.2446
6831 0.6986
6832 1.0490
6833 0.4778
6834 0.1647
6835 0.2455
6836 0.4028
6837 0.1885
6838 0.1657
6839 0.6586
6840 0.5467
6841 0.8861
6842 2.7955
6843 0.4220
6844 0.2551
6845 0.9118
6846 2.4569
6847 0.2813
6848 1.1138
6849 1.1219
6850 0.2860
6851 0.3815
6852 0.6231
6853 0.8616
6854 0.1783
6855 1.0049
6856 2.9726
6857 0.2468
6858 0.9212
6859 0.3972
6860 0.2064
6861 0.3309
6862 0.2712
6863 0.7465
6864 0.2909
6865 0.3406
6866 0.9387
6867 0.2847
6868 0.2426
6869 0.2083
6870 0.1616
6871 0.2939
6872 1.2534
6873 0.6412
6874 0.3368
6875 0.3636
6876 0.7001
6877 0.3127
6878 0.3501
6879 0.2914
6880 1.5946
6881 0.3748
6882 0.5220
6883 0.1523
6884 1.4050
6885 0.3412
6886 0.5338
6887 0.4640
6888 0.2983
6889 0.3242
6890   NaN
6891 0.4440
6892 0.3221
6893 0.1332
6894 0.1927
6895 0.3786
6896 0.7794
6897 0.1630
6898 0.1473
6899 0.2995
6900 0.2484
6901 0.2044
6902 0.1985
6903 0.2718
6904 0.4634
6905 0.5381
6906 0.4216
6907 0.6113
6908 0.3144
6909 0.2419
6910 0.3654
6911 1.7311
6912 0.2939
6913 0.2907
6914 2.7434
6915 0.2573
6916 0.3982
6917 1.5747
6918 0.2646
6919 0.2364
6920 0.2187
6921 0.4012
6922 0.7912
6923 0.3696
6924 0.2494
6925 0.4098
6926 0.6043
6927 1.2705
6928 0.2623
6929 0.2612
6930 0.3504
6931 0.3131
6932 0.1746
6933 0.4956
6934 0.6141
6935 0.5274
6936 0.4231
6937 0.3155
6938 0.6873
6939 0.2657
6940 0.2148
6941 1.2264
6942 0.2337
6943 0.7830
6944 0.9293
6945 0.1809
6946 0.3064
6947 0.2152
6948 0.5895
6949 0.8552
6950 1.0895
6951 0.4272
6952 0.6922
6953 1.2399
6954 1.3863
6955 0.2263
6956 0.1770
6957 1.1870
6958 0.3391
6959 0.8015
6960 0.7675
6961 0.4756
6962 0.4172
6963 0.3644
6964 0.2731
6965 0.1435
6966 0.2658
6967 0.8285
6968 1.3836
6969 2.1905
6970 0.1847
6971 0.1417
6972 0.5040
6973 1.2577
6974 0.4037
6975 0.3175
6976 0.1943
6977 0.9209
6978 0.5229
6979 0.9984
6980 0.4023
6981 0.3158
6982 0.5785
6983 0.6576
6984 0.2268
6985 0.1695
6986 0.3130
6987 0.5633
6988 0.1594
6989 0.2377
6990 0.6118
6991 0.3648
6992 0.2607
6993 0.3473
6994 0.6836
6995 0.5821
6996 0.3923
6997 0.7743
6998 0.3964
6999 0.3188
7000 0.4689
7001 0.2810
7002 0.2268
7003 1.0912
7004 0.5005
7005 1.1367
7006 0.3615
7007 0.4803
7008 0.3486
7009 0.2436
7010 1.8685
7011 0.2635
7012 0.5272
7013 0.2204
7014 0.2220
7015 0.4360
7016 0.2107
7017 0.1855
7018 1.2430
7019 0.3496
7020 1.2016
7021 0.6751
7022 0.4845
7023 0.5254
7024 0.5902
7025 0.6100
7026   NaN
7027 1.1579
7028 0.5254
7029 0.4785
7030 0.4019
7031 0.3822
7032   NaN
7033 0.4840
7034 0.2871
7035 0.3363
7036 0.4607
7037 0.1768
7038 0.4473
7039 0.2044
7040 0.3833
7041 0.5351
7042 1.1919
7043 0.5426
7044 0.4872
7045 1.6411
7046 0.7790
7047 2.1446
7048 0.4175
7049 0.2734
7050 0.3174
7051 0.3555
7052 0.2003
7053 2.6562
7054 1.6566
7055 2.1137
7056   NaN
7057 0.7843
7058 1.5587
7059 0.5582
7060 0.7246
7061 0.3775
7062 0.2617
7063 0.6704
7064 0.3573
7065 0.2059
7066 0.9293
7067 0.4091
7068 0.3399
7069 0.3026
7070 0.6590
7071 0.2434
7072 0.1600
7073 0.7248
7074 1.0469
7075 0.2960
7076 0.3739
7077 0.5229
7078 0.3598
7079 0.3107
7080 0.4847
7081 0.1914
7082 1.7671
7083 0.2212
7084 0.5532
7085 0.3195
7086 0.3230
7087 0.8311
7088 0.5722
7089 0.4008
7090 0.4314
7091 0.2034
7092 0.3716
7093 0.4477
7094 0.2380
7095 0.2252
7096 0.1936
7097 1.9947
7098 0.3059
7099 0.4176
7100 0.3761
7101 0.4238
7102 0.3139
7103 0.3392
7104 0.9576
7105 0.3073
7106 0.3207
7107 0.3333
7108 1.0673
7109 0.3603
7110 0.5052
7111 0.3376
7112 0.1792
7113 0.3785
7114 0.7312
7115 1.1600
7116 0.3921
7117 0.6603
7118   NaN
7119 0.3825
7120 1.2641
7121 0.3179
7122 0.9289
7123 0.4099
7124 0.3938
7125 0.7389
7126 0.4033
7127 1.5307
7128 0.4773
7129 0.1823
7130 1.0163
7131 0.1526
7132 0.3347
7133 0.2568
7134 0.3907
7135 1.5649
7136 0.8497
7137 0.2640
7138 0.5305
7139 0.9570
7140 0.5861
7141 0.1939
7142 0.3137
7143 2.1475
7144 1.2845
7145 0.5259
7146 0.2362
7147 0.4570
7148 0.1600
7149 0.1540
7150 0.4618
7151 1.2403
7152 0.2633
7153 0.7971
7154 0.5989
7155 0.6322
7156 0.2636
7157 0.8959
7158 0.1441
7159 0.2560
7160 1.4680
7161 0.2826
7162 0.2666
7163 1.1401
7164 1.3306
7165 0.1336
7166 0.2127
7167 0.3980
7168 0.3716
7169 0.3452
7170 0.2302
7171 0.2640
7172 0.5799
7173 0.3581
7174 0.4899
7175 0.1531
7176 0.8934
7177 0.1158
7178 1.0511
7179 0.2193
7180 0.4238
7181 0.4755
7182 0.2917
7183 0.7311
7184 0.4188
7185 0.4844
7186 0.5153
7187 0.3444
7188 0.3070
7189 0.3669
7190 0.7480
7191 0.1482
7192 0.4685
7193 0.2961
7194 1.0859
7195 0.1577
7196 0.4884
7197 0.5604
7198 1.1937
7199 0.2096
7200 0.8459
7201 0.1662
7202 0.2501
7203 0.4228
7204 0.7979
7205 0.3905
7206 0.3787
7207 0.3275
7208 1.3006
7209 1.3382
7210 0.4035
7211 0.2155
7212 0.3706
7213 0.4916
7214 0.6699
7215 0.4858
7216 0.5042
7217 0.5478
7218 0.1545
7219 0.3330
7220 0.2435
7221 0.5167
7222 0.8580
7223 0.6692
7224 0.6256
7225 0.5984
7226 0.5133
7227 0.5495
7228 0.5587
7229 0.2027
7230 0.4435
7231 0.1470
7232 0.9141
7233 0.3874
7234 0.8539
7235 0.3225
7236 2.1448
7237 0.3378
7238 0.4131
7239 0.6985
7240 0.2440
7241 0.8814
7242 0.2122
7243 0.4866
7244 0.2984
7245 0.1756
7246 0.4545
7247 0.5429
7248 1.0507
7249 0.2720
7250 0.9414
7251 0.6353
7252 0.4649
7253 0.3724
7254 0.1187
7255 0.9504
7256 1.3752
7257 0.4668
7258 0.2815
7259 0.1974
7260 0.1841
7261 0.1650
7262 0.5652
7263 0.1715
7264 0.6245
7265 1.8173
7266 1.8519
7267 3.4142
7268 0.5446
7269 0.3956
7270 0.3730
7271 1.0441
7272 0.3279
7273 0.7093
7274 0.4506
7275 0.5151
7276 0.4643
7277 0.5135
7278 0.2122
7279 0.2355
7280 0.2540
7281 0.8734
7282 0.2087
7283 0.4555
7284 0.6957
7285 0.5029
7286 0.3230
7287 0.1682
7288 1.5197
7289 0.2567
7290 0.6901
7291 0.3933
7292 0.9196
7293 0.2252
7294 0.6305
7295 0.4745
7296 0.4818
7297 0.5499
7298 1.3630
7299 0.8305
7300 0.4188
7301 0.6780
7302 0.4637
7303 0.6363
7304 0.1837
7305 0.4886
7306 1.0039
7307 0.2638
7308 0.6674
7309 0.5157
7310 0.5910
7311 0.2741
7312 0.7609
7313 0.4952
7314 0.8176
7315 0.1828
7316 0.3843
7317 0.5589
7318 0.3901
7319 0.4167
7320 0.5873
7321 0.6420
7322 1.3303
7323 0.5722
7324 0.2654
7325 0.7132
7326 0.4460
7327 0.4752
7328 0.1505
7329 0.2574
7330 0.3247
7331 0.3227
7332 0.6640
7333 0.2798
7334 0.3207
7335 0.3501
7336 0.2061
7337 0.8586
7338 1.2234
7339 0.7406
7340 0.3278
7341 0.2909
7342 1.4108
7343 0.6298
7344 1.2747
7345 0.9767
7346 0.1493
7347 0.1630
7348 1.1152
7349 0.4218
7350 4.7003
7351 0.5063
7352 2.0190
7353 0.2970
7354 0.1140
7355 0.4653
7356 0.4638
7357 0.3467
7358 0.2092
7359 0.2421
7360 0.7409
7361 0.4027
7362 1.2773
7363 0.4685
7364 0.4292
7365 1.5368
7366 0.2939
7367 0.4049
7368 0.1539
7369 0.2580
7370 0.4164
7371 0.4011
7372 1.6134
7373 0.3982
7374 0.2696
7375 0.4276
7376 0.6896
7377 0.4433
7378 0.3230
7379 0.2574
7380 0.3895
7381 0.3508
7382 0.4445
7383 0.1846
7384 0.8021
7385 1.9031
7386 0.8208
7387 0.3827
7388 0.3029
7389 0.6542
7390 0.2967
7391 0.2646
7392 0.6708
7393 0.3352
7394 0.5559
7395 0.4847
7396 0.4726
7397 1.0022
7398 0.4567
7399 0.1567
7400 0.4027
7401 0.3388
7402 0.2312
7403 0.6887
7404 0.4357
7405 0.1674
7406 0.3778
7407 0.5492
7408 0.5633
7409 0.1873
7410 0.1894
7411 0.1599
7412 0.1929
7413 0.2499
7414 1.5413
7415 0.4934
7416 0.2532
7417 0.3192
7418 0.5121
7419 0.9155
7420 0.2813
7421 0.4851
7422 0.4979
7423 0.3120
7424 1.2237
7425 0.4193
7426 0.9833
7427 1.2958
7428 0.6901
7429 0.5742
7430 0.4805
7431 0.2580
7432 0.6958
7433 0.3127
7434 0.4480
7435 0.3267
7436 0.7532
7437 0.6691
7438 0.3765
7439 0.3787
7440 0.3651
7441 0.6201
7442 0.3862
7443 0.3991
7444 0.1927
7445 0.9481
7446 0.1913
7447 0.4270
7448 0.6718
7449 0.4210
7450 0.7210
7451 0.1773
7452 0.9748
7453 0.1804
7454 0.4033
7455 1.5987
7456 0.9322
7457 0.3899
7458 0.4351
7459 0.3235
7460 0.3007
7461 0.4264
7462 0.3862
7463 0.1504
7464 0.4628
7465 0.7797
7466 0.2132
7467 0.3433
7468 0.3160
7469 0.2448
7470 0.4231
7471 0.4949
7472 1.1212
7473 0.8420
7474 0.4214
7475 0.1795
7476 1.4481
7477 0.5795
7478 0.3518
7479 0.4488
7480 0.4386
7481 0.2693
7482 0.6734
7483 1.1198
7484 0.1443
7485 1.0544
7486 0.3290
7487 0.6225
7488 1.0930
7489 0.2242
7490 0.4680
7491 0.1226
7492 0.4718
7493 0.3593
7494 0.3150
7495 0.3263
7496 0.3420
7497 0.1489
7498 0.6051
7499 0.3254
7500 0.4349
