2501 18.2735
2502 14.4204
2503 16.8951
2504 11.2145
2505 30.1508
2506 11.6862
2507 7.3156
2508 18.7296
2509 3.3897
2510 7.3029
2511 5.3982
2512 6.5886
2513 6.7959
2514 3.0784
2515 15.0710
2516 16.9817
2517 52.8163
2518 23.0182
2519 28.9819
2520 16.6946
2521 6.1659
2522 21.1271
2523 3.9489
2524 1.8693
2525 49.6088
2526 4.2081
2527 24.3833
2528 26.0902
2529 24.9152
2530 59.8953
2531 3.9828
2532 10.1459
2533 3.5566
2534 21.1548
2535 3.1859
2536 10.2745
2537 24.6945
2538   NaN
2539 15.5336
2540 3.7909
2541 2.1624
2542 22.2481
2543 20.3362
2544 13.6715
2545 5.4084
2546 24.6349
2547 16.0648
2548 7.1998
2549 21.4968
2550 26.5508
2551 27.8878
2552 24.0388
2553 18.8707
2554   NaN
2555 9.4188
2556 7.5930
2557 24.7846
2558 26.5463
2559 18.8443
2560 26.0770
2561 17.6875
2562 34.0398
2563 18.7457
2564 18.3292
2565 7.1503
2566 6.2055
2567 22.8708
2568 8.1212
2569 7.4176
2570 9.7765
2571 16.5921
2572 10.5259
2573 20.4315
2574 18.4045
2575 19.5238
2576 16.6778
2577 22.2055
2578 16.2597
2579 27.7532
2580 42.2324
2581 26.6285
2582 15.0561
2583 4.4005
2584 20.0480
2585 19.2348
2586 17.6057
2587 12.3483
2588 14.3436
2589 3.5023
2590 5.9231
2591 17.3825
2592 13.4363
2593 22.3394
2594 38.7783
2595 31.9398
2596   NaN
2597 22.8114
2598 10.0146
2599 25.5070
2600 32.6579
2601 13.8115
2602 5.0873
2603 6.3151
2604 24.9492
2605 24.1678
2606 30.7726
2607 8.3817
2608 27.0162
2609 8.8307
2610 14.1627
2611 2.8418
2612 33.6224
2613 18.2746
2614 28.7220
2615 13.5004
2616 9.7473
2617 10.7273
2618 19.8399
2619 8.9003
2620 20.7967
2621   NaN
2622 13.7028
2623 8.3062
2624 7.2455
2625 7.6313
2626 2.5759
2627   NaN
2628 6.1579
2629 31.5388
2630 39.0989
2631 10.8758
2632 34.3339
2633 6.2774
2634   NaN
2635 23.7128
2636 17.6902
2637 21.9291
2638 10.1045
2639 41.1103
2640 22.0323
2641 25.3175
2642 19.0763
2643 14.5452
2644 31.0384
2645 17.4326
2646 4.2365
2647 11.8532
2648 12.2698
2649 8.9793
2650   NaN
2651   NaN
2652 9.0201
2653 20.9014
2654 13.1515
2655 9.4017
2656 15.6415
2657 45.7354
2658   NaN
2659 5.9033
2660 13.9288
2661 4.2848
2662 5.0294
2663 5.7105
2664 13.2026
2665 9.8166
2666 8.3166
2667 9.8963
2668 7.7185
2669 3.5165
2670 5.9327
2671 3.5173
2672 26.9113
2673 30.6679
2674   NaN
2675 8.4365
2676 7.8738
2677 8.5724
2678 16.4531
2679 2.5535
2680 6.4303
2681 27.2828
2682 41.2773
2683 5.2820
2684 41.0318
2685 19.0078
2686 4.6063
2687 19.7300
2688 14.7484
2689 16.8597
2690 10.6960
2691 21.0650
2692   NaN
2693 9.1169
2694 6.9632
2695 20.8613
2696 22.6789
2697 15.7609
2698 17.4180
2699 1.6343
2700 4.7477
2701 2.8920
2702   NaN
2703 19.5903
2704 11.0920
2705 13.8993
2706 4.6427
2707 5.6860
2708 4.3723
2709   NaN
2710 7.6738
2711 16.1186
2712 9.5590
2713 8.1713
2714 49.6627
2715 27.7337
2716 29.9594
2717 35.2688
2718 9.9642
2719 7.3288
2720 23.8528
2721 11.0674
2722 2.9065
2723 19.3259
2724 5.2385
2725 9.6560
2726 29.7542
2727 9.9791
2728 16.8797
2729 17.7571
2730 3.6017
2731 26.5847
2732 16.6473
2733 24.4297
2734 19.7254
2735 25.4090
2736 32.4868
2737 6.2656
2738 38.0239
2739   NaN
2740 5.8507
2741 16.2402
2742 4.2867
2743   NaN
2744 21.1772
2745 11.4209
2746 24.2434
2747 4.6192
2748 25.8525
2749 12.2773
2750 14.7216
2751 20.1030
2752 47.6031
2753 19.8308
2754 21.8252
2755 21.3480
2756 6.6098
2757 20.1290
2758 5.4871
2759 21.9258
2760 2.3080
2761 16.9049
2762 25.5226
2763 19.4616
2764 30.3100
2765 6.6818
2766 8.4474
2767 7.5491
2768   NaN
2769 7.1243
2770 12.9898
2771 11.6314
2772 16.4438
2773 1.5086
2774 38.7204
2775 8.8296
2776 17.5769
2777 25.1728
2778 21.8792
2779 19.9168
2780 1.9210
2781 1.4777
2782 44.3444
2783 3.8680
2784 3.7540
2785 41.1828
2786 6.3706
2787 13.5920
2788   NaN
2789 14.2502
2790 23.4063
2791 7.6353
2792 4.3130
2793 7.5728
2794 36.7215
2795 4.0127
2796 1.2324
2797 20.8457
2798 52.7328
2799 2.4985
2800 30.3377
2801 6.2855
2802 1.9321
2803 19.5204
2804 5.8800
2805 33.5011
2806 5.3595
2807 19.3840
2808 18.8894
2809 52.6286
2810 18.8370
2811 32.3560
2812 6.1034
2813 18.2632
2814 10.8375
2815 22.3537
2816 21.8891
2817 9.0011
2818 10.4060
2819 3.7666
2820 3.8440
2821 27.0033
2822 11.2112
2823 3.2555
2824 30.5642
2825 6.7368
2826 15.8160
2827 2.3082
2828 37.4459
2829   NaN
2830 23.2370
2831 10.4661
2832 2.7790
2833 13.2896
2834 16.1793
2835 16.2598
2836   NaN
2837 13.6296
2838 30.0106
2839 22.8026
2840 24.6863
2841 28.0510
2842 18.8245
2843   NaN
2844 7.8399
2845 20.4870
2846 42.6085
2847 13.8563
2848 15.3224
2849 4.6385
2850 11.2221
2851 17.7890
2852 13.3786
2853 9.9844
2854 1.5935
2855 9.5599
2856 24.6207
2857 19.4072
2858 6.0102
2859 10.1824
2860 6.9947
2861 5.8204
2862 23.7485
2863 7.9460
2864 4.9021
2865 8.8824
2866 25.9797
2867 7.4534
2868 7.2504
2869 24.6268
2870 2.6994
2871 28.1733
2872 18.6832
2873 1.7478
2874 8.7670
2875 35.8023
2876 27.6354
2877 32.6791
2878 21.8590
2879 7.1938
2880 8.1199
2881 26.0255
2882 6.4433
2883 2.7261
2884 17.2545
2885 5.1774
2886 9.5447
2887 48.1579
2888 17.8633
2889 17.9407
2890 7.1758
2891 9.7412
2892 23.0138
2893 21.6572
2894   NaN
2895 9.4096
2896 3.9649
2897 13.0414
2898 25.4092
2899 10.6518
2900 21.0919
2901 12.1489
2902 18.8880
2903 3.8289
2904 9.3962
2905 4.2365
2906 11.9614
2907 26.5497
2908 24.1031
2909 7.4661
2910 15.5684
2911 26.4053
2912 5.6818
2913   NaN
2914 2.0566
2915 27.7746
2916 8.9633
2917 15.2371
2918 4.2359
2919 21.5364
2920 16.5713
2921 18.3856
2922 9.4569
2923   NaN
2924 19.6848
2925 18.8900
2926 5.9354
2927 10.5863
2928 6.3413
2929   NaN
2930 16.0081
2931 51.4128
2932 9.8886
2933 22.8275
2934 13.6368
2935 5.4110
2936 23.9652
2937 15.8017
2938 32.1467
2939 16.2041
2940   NaN
2941 4.4886
2942 7.3411
2943 25.9276
2944 7.6400
2945 32.8549
2946 7.9266
2947 11.2650
2948 7.2728
2949 23.6794
2950 34.2789
2951 14.1303
2952 26.4218
2953 4.3150
2954 46.3123
2955 17.3799
2956 28.6260
2957 4.9118
2958 4.4803
2959 7.1151
2960 20.5530
2961 24.9752
2962   NaN
2963 13.2341
2964 18.7329
2965 22.5947
2966 5.4360
2967 2.2258
2968 23.3803
2969 29.4778
2970 22.8394
2971 5.1228
2972 41.0275
2973 1.7260
2974 56.9090
2975 26.9569
2976 7.8817
2977 17.8625
2978 10.1449
2979 10.6068
2980 3.5287
2981 9.2900
2982 6.3989
2983 35.3134
2984 16.4032
2985 10.7032
2986 8.1433
2987 30.1147
2988   NaN
2989 3.1859
2990 14.7627
2991 23.6921
2992 10.1823
2993 6.6874
2994 4.2455
2995 3.1754
2996 22.5674
2997 8.8925
2998 4.6000
2999 16.0736
3000 19.2157
3001 11.2194
3002 4.5930
3003 37.3858
3004 11.4187
3005 27.8708
3006 19.0923
3007 20.2602
3008 29.3321
3009 10.1055
3010 32.7702
3011 4.3294
3012 34.7653
3013 6.3085
3014 3.3963
3015 34.5947
3016 9.3799
3017 43.8200
3018 8.9424
3019 30.4478
3020 23.3899
3021 39.3688
3022 14.5813
3023 16.7049
3024 15.4101
3025 9.2741
3026 5.0338
3027 10.3787
3028 2.5307
3029 4.8047
3030 29.5903
3031 18.2013
3032 14.5672
3033 26.3255
3034 6.5475
3035 13.5427
3036 24.3750
3037 30.0936
3038 20.2883
3039 9.0081
3040 16.8543
3041 19.1398
3042 20.8124
3043 3.2849
3044 1.8280
3045 51.4549
3046 4.1566
3047 53.8813
3048 10.5355
3049 5.8320
3050 12.4758
3051 12.2988
3052 19.4980
3053 24.1699
3054 24.0048
3055 4.7270
3056 44.3919
3057 21.9414
3058 7.4544
3059 6.7501
3060 6.1800
3061 23.9747
3062 28.5605
3063 27.8365
3064 9.6921
3065 8.9855
3066 33.4612
3067 7.4572
3068 7.8979
3069 24.8138
3070 68.6293
3071 10.1712
3072 9.5051
3073 25.9313
3074 7.5492
3075   NaN
3076 17.7066
3077 5.8975
3078 3.6302
3079 3.1011
3080 19.3717
3081 13.7644
3082 12.6119
3083 18.5571
3084 23.9086
3085 12.1815
3086 24.8828
3087 8.6036
3088 5.3181
3089 19.8230
3090 14.3674
3091 4.8514
3092 23.5442
3093 5.3580
3094 11.2725
3095 2.9026
3096 64.7696
3097 6.9327
3098 16.9403
3099 21.5769
3100 17.3865
3101 7.0455
3102 10.0702
3103 54.6046
3104 22.7969
3105 4.6352
3106 2.5793
3107 2.4896
3108 36.0366
3109 33.9298
3110 23.0386
3111 7.2412
3112 41.7433
3113 26.8933
3114 23.8349
3115 7.8873
3116 8.7207
3117 4.0729
3118 11.2722
3119 29.2760
3120 7.9392
3121 12.5827
3122 2.6732
3123 4.3651
3124 16.0698
3125 19.2459
3126 5.1000
3127 3.8063
3128 41.9179
3129 2.0438
3130 11.0211
3131 5.6988
3132 35.1237
3133 16.5557
3134 19.3043
3135 7.8239
3136 8.0681
3137 7.3575
3138 12.5672
3139   NaN
3140 28.5667
3141 22.1161
3142 48.6477
3143 23.7934
3144 7.8690
3145 11.1523
3146 21.0386
3147 8.5513
3148 5.1879
3149 23.9079
3150 14.2699
3151 3.2036
3152 13.1069
3153 24.7332
3154 2.7275
3155 2.0090
3156 2.3733
3157 22.6180
3158 7.6658
3159 21.8721
3160 14.4224
3161 10.1473
3162 3.1747
3163 10.4125
3164 8.5081
3165 21.1750
3166 5.7083
3167 21.5488
3168 1.3269
3169 7.8668
3170 33.3889
3171 12.6070
3172 15.6033
3173 2.4690
3174 2.6142
3175 21.8268
3176 9.1128
3177 29.6936
3178 26.4965
3179 21.8531
3180 11.3361
3181 20.4228
3182 16.0837
3183 20.3634
3184 22.6548
3185 1.7195
3186 10.0486
3187 21.7755
3188 27.5335
3189 9.2226
3190 10.0669
3191 20.3938
3192 29.3880
3193 2.5740
3194 13.0818
3195 22.1813
3196 6.7309
3197   NaN
3198 5.0966
3199 15.5571
3200 20.1162
3201 14.7548
3202 24.2889
3203 35.0278
3204 17.9410
3205 26.1715
3206 20.9158
3207 5.8162
3208 20.2425
3209 16.4333
3210 1.4533
3211 9.6325
3212 28.2005
3213 6.4941
3214 8.2388
3215 7.6777
3216 9.1364
3217 6.0990
3218 28.9866
3219 24.3803
3220 19.4925
3221 3.3424
3222 10.9468
3223 4.9269
3224 3.0250
3225 12.7145
3226 18.6923
3227   NaN
3228 11.2940
3229 3.8142
3230 16.3453
3231 3.7487
3232 6.5151
3233 1.8034
3234 9.1380
3235 32.5273
3236 38.7377
3237 3.5450
3238 16.6332
3239 22.7564
3240 35.1342
3241 5.4925
3242 7.1181
3243 22.0736
3244 7.6494
3245 4.8832
3246 2.6378
3247 25.2367
3248 10.0332
3249 2.0159
3250 4.1905
3251 17.6628
3252 8.2759
3253 6.4526
3254 28.8550
3255 2.5894
3256 5.1293
3257 6.7639
3258 16.2603
3259 26.4136
3260 23.1161
3261 5.9487
3262 2.1255
3263 8.8742
3264 15.3517
3265 4.4301
3266 13.2882
3267 6.0090
3268 20.4681
3269   NaN
3270 5.2064
3271 18.8138
3272 8.1710
3273 37.2210
3274 14.7235
3275 17.9228
3276 4.5690
3277 16.2776
3278 6.7921
3279 10.9611
3280 19.7110
3281 9.5439
3282 50.2640
3283 25.9569
3284   NaN
3285 73.5991
3286 6.3089
3287 27.9233
3288 10.8320
3289 19.4952
3290 3.9145
3291 42.1372
3292 11.8035
3293 22.4111
3294 15.7708
3295 35.2282
3296 1.6968
3297 11.8139
3298 3.2289
3299 29.2470
3300 38.9492
3301 29.7798
3302 12.9651
3303 17.8153
3304 4.9061
3305 33.3786
3306 4.8020
3307 19.0646
3308 15.7466
3309 22.2918
3310 4.1078
3311   NaN
3312 24.3354
3313 3.3414
3314 16.9955
3315 18.5444
3316 24.1869
3317 4.8195
3318   NaN
3319 16.6197
3320 10.3103
3321 26.1321
3322 4.9636
3323 4.1340
3324 13.9118
3325 10.9352
3326 21.7218
3327 5.3987
3328 29.1763
3329 21.2832
3330   NaN
3331 24.5959
3332 19.0297
3333 22.7156
3334 41.9757
3335 21.1677
3336 25.8429
3337 7.9470
3338 44.8709
3339 7.9667
3340 7.7489
3341 6.5999
3342 10.3713
3343 18.3728
3344 20.4505
3345 18.2188
3346 5.2313
3347 14.4580
3348 1.6321
3349 3.9400
3350 72.8788
3351 29.7967
3352 10.3214
3353 16.6479
3354 24.5212
3355 4.6042
3356 47.0457
3357 17.7416
3358 37.5766
3359   NaN
3360 7.3477
3361 12.0110
3362 6.6961
3363 12.0857
3364 13.3825
3365 13.3309
3366 11.8244
3367 23.4785
3368 17.6774
3369 2.9510
3370 19.9806
3371 5.0636
3372 39.7478
3373 5.4554
3374 6.5305
3375 10.4655
3376 26.6849
3377 15.7616
3378 15.0424
3379   NaN
3380 10.7425
3381 29.3470
3382 1.8698
3383 39.0790
3384 20.3478
3385 53.8690
3386 16.8073
3387 26.8956
3388 2.7700
3389 21.2357
3390 36.0582
3391 37.9800
3392 18.8020
3393 2.4840
3394 9.1169
3395 37.5255
3396 21.6824
3397 6.8692
3398 9.8081
3399 13.5278
3400 17.6933
3401 11.8486
3402 12.5500
3403 2.9307
3404 8.7134
3405 23.9873
3406 7.5768
3407 24.8472
3408 39.3695
3409 27.7047
3410 19.2232
3411 25.9337
3412 3.8430
3413 27.4270
3414 10.2819
3415 2.2697
3416 33.5590
3417   NaN
3418 1.8492
3419 41.3020
3420 16.1255
3421 7.3035
3422 8.4887
3423 35.9486
3424 25.9474
3425 8.9979
3426 4.1910
3427 4.9130
3428 35.6344
3429 29.5353
3430 19.9314
3431 3.7052
3432 35.0528
3433 13.4146
3434 35.1052
3435 15.2370
3436 3.3447
3437 10.7384
3438 27.3105
3439 18.4490
3440 16.5036
3441 26.1122
3442 3.5654
3443 39.9227
3444 6.8102
3445 8.5952
3446 4.8442
3447 21.3423
3448 1.4356
3449 10.1329
3450 27.9081
3451 26.7980
3452 4.5121
3453 3.3112
3454 44.0087
3455 21.1887
3456 6.7956
3457 24.2643
3458 22.8753
3459 21.6594
3460 16.9929
3461 13.0022
3462 4.8659
3463 19.7003
3464 11.8260
3465 17.0146
3466 1.2492
3467 44.8401
3468 18.3536
3469 6.4176
3470 3.7698
3471 19.9992
3472 25.5840
3473 16.3770
3474 23.0709
3475 15.0539
3476 7.4220
3477 30.1888
3478 9.4846
3479 30.2772
3480 23.5304
3481 23.7464
3482 26.6927
3483 4.0004
3484 16.4355
3485 22.2037
3486 26.0705
3487 19.3592
3488 7.0520
3489 18.6931
3490   NaN
3491 2.3580
3492 19.4712
3493 2.9914
3494   NaN
3495 10.3743
3496 20.9720
3497 31.8254
3498 26.5016
3499 33.4249
3500 19.8352
3501 19.7448
3502 23.2970
3503 3.9536
3504 16.6570
3505 4.5556
3506 7.0636
3507 22.4325
3508 21.2849
3509 2.8048
3510 11.5255
3511 12.1012
3512 27.8448
3513 16.6445
3514 3.1338
3515 6.6366
3516 17.5580
3517 24.1717
3518 8.8780
3519 8.7397
3520 8.1158
3521 30.9736
3522 12.2938
3523 14.6527
3524 8.7629
3525 53.4903
3526 19.2273
3527 21.5595
3528 14.5932
3529 7.5944
3530 9.0878
3531   NaN
3532 26.1936
3533 2.5139
3534 14.4622
3535 2.7501
3536 7.7949
3537 9.3456
3538 3.5487
3539 12.1274
3540 10.6510
3541 2.0832
3542 30.6288
3543 35.4316
3544 9.0932
3545 21.3235
3546 51.5559
3547 4.8077
3548 20.1347
3549 26.5900
3550 47.7525
3551 26.7833
3552 6.1211
3553 21.6124
3554 28.1105
3555 12.7129
3556 26.1180
3557 17.9762
3558 16.7135
3559 25.8204
3560 19.9055
3561 0.6456
3562 12.7229
3563 7.4368
3564 8.5837
3565 18.4284
3566 5.9760
3567 8.2792
3568 20.7952
3569   NaN
3570 6.4372
3571 25.4448
3572 15.4344
3573 26.3279
3574 24.9268
3575 36.9101
3576 26.7110
3577 34.0303
3578 20.0364
3579 13.8391
3580 26.7470
3581 12.1084
3582 18.9151
3583 8.7830
3584   NaN
3585 18.7142
3586 13.3956
3587 18.1214
3588 17.2845
3589 9.4138
3590 18.2578
3591 53.7025
3592 14.4372
3593 29.2906
3594 25.9057
3595   NaN
3596 26.2257
3597 28.6635
3598 15.6504
3599 25.5903
3600 14.8273
3601 3.7396
3602 1.3521
3603 5.7820
3604   NaN
3605 2.2180
3606 5.0778
3607 12.1191
3608 6.4106
3609 22.4953
3610 36.2534
3611 19.1661
3612   NaN
3613   NaN
3614 4.4412
3615   NaN
3616 24.4730
3617 8.1436
3618 15.2964
3619   NaN
3620 28.2965
3621 30.3369
3622 13.5307
3623 12.5234
3624 29.9722
3625 5.5427
3626 6.0597
3627 18.6853
3628 6.8589
3629 2.8115
3630 8.4217
3631 13.4021
3632 19.9556
3633   NaN
3634 7.9014
3635 6.2394
3636 9.5838
3637 19.3217
3638 13.2247
3639 13.1803
3640 19.3159
3641 22.8974
3642 11.7572
3643 17.4684
3644 12.9865
3645 22.5099
3646 20.7851
3647 25.8232
3648 30.1736
3649 6.1308
3650 15.1962
3651 20.3224
3652 1.7730
3653 17.0948
3654 18.7768
3655 18.9719
3656 18.8794
3657 26.0427
3658 4.7077
3659   NaN
3660 23.6423
3661 8.3714
3662 5.1522
3663 3.6302
3664 7.9085
3665 20.2537
3666   NaN
3667 2.4212
3668   NaN
3669 32.9999
3670 65.5705
3671   NaN
3672   NaN
3673 2.1588
3674 27.7323
3675 6.2657
3676 10.0599
3677 18.3254
3678 14.6149
3679 2.4368
3680 6.5889
3681 14.1281
3682 6.9504
3683 1.7064
3684 22.1400
3685 46.2933
3686 8.0650
3687 44.6578
3688 45.3183
3689 13.8243
3690 5.0905
3691 5.9280
3692 1.8892
3693 8.8532
3694 5.8079
3695 6.1062
3696 18.1878
3697 31.9155
3698 53.1043
3699 28.9644
3700 3.9807
3701 10.8173
3702 26.6502
3703 6.3927
3704 2.9382
3705 7.9774
3706 14.3865
3707 39.9979
3708 16.4802
3709 24.6012
3710 15.5962
3711 4.0709
3712 20.5793
3713 2.3690
3714 22.5458
3715 32.3868
3716 10.4053
3717 5.4231
3718 10.7042
3719 34.8024
3720 5.3227
3721 4.2413
3722   NaN
3723 42.7036
3724   NaN
3725 13.6309
3726 5.3176
3727 16.0036
3728 3.5450
3729 23.5746
3730 2.4036
3731 9.2420
3732 28.3032
3733   NaN
3734 10.4415
3735 25.1962
3736 9.7912
3737 21.3315
3738 16.1980
3739 1.4585
3740 4.6678
3741 43.7721
3742 55.1720
3743 6.1494
3744 47.3302
3745 24.6584
3746 14.1093
3747 14.5640
3748 17.2201
3749 2.8605
3750 10.1325
3751 6.6171
3752 15.3892
3753 6.4595
3754 4.9077
3755 44.4266
3756 18.9851
3757 62.0407
3758 8.9424
3759 29.6087
3760 5.6374
3761 38.8744
3762 87.1221
3763   NaN
3764 25.5815
3765   NaN
3766 5.5131
3767 20.1302
3768 5.4830
3769 21.5473
3770 24.7459
3771 33.3111
3772 17.6957
3773 12.2720
3774 8.3090
3775 25.0242
3776 17.9517
3777 9.8788
3778 16.4716
3779 4.2179
3780 10.6669
3781 34.7522
3782 4.4366
3783   NaN
3784 4.3839
3785 37.0927
3786 31.9997
3787 17.6785
3788 6.9546
3789 49.6537
3790 9.7085
3791 4.2598
3792 15.4009
3793 8.7960
3794 4.5057
3795 6.1173
3796 57.0564
3797 17.5582
3798 22.7798
3799 14.0038
3800 25.9453
3801 17.4497
3802 3.8267
3803 5.6131
3804 30.9174
3805 6.0592
3806 2.2176
3807 9.0291
3808 5.9590
3809 3.9494
3810 9.6434
3811 15.4827
3812 23.4175
3813 36.2325
3814 30.2324
3815 1.5360
3816 2.7338
3817 5.2122
3818 6.0362
3819 15.5450
3820 24.7128
3821 41.9360
3822 13.4712
3823 11.6217
3824 18.8043
3825 6.6981
3826 15.4141
3827 17.8766
3828 13.9419
3829 29.8158
3830 49.5179
3831 21.1301
3832 11.9798
3833 1.2880
3834 8.1839
3835   NaN
3836 6.7444
3837 15.0988
3838 29.9397
3839 4.1181
3840 22.5732
3841 1.4281
3842 10.7051
3843 21.4690
3844 5.0017
3845 15.0515
3846 3.2450
3847 6.6512
3848 41.3663
3849 20.1315
3850 6.2931
3851 2.2371
3852   NaN
3853 10.8583
3854 4.7505
3855 3.1362
3856 21.5039
3857 22.6561
3858 12.5979
3859 5.0597
3860 5.4402
3861 19.6707
3862 12.1298
3863 13.3996
3864 7.5737
3865 21.2952
3866 24.4006
3867 32.2905
3868 18.5165
3869 16.5803
3870 15.3018
3871 30.7530
3872 17.5825
3873 12.5757
3874 10.9961
3875 1.7466
3876 31.7202
3877 31.7034
3878 12.0974
3879 13.7163
3880 56.6485
3881 10.3205
3882 12.5728
3883   NaN
3884 21.6694
3885 8.6742
3886 4.1208
3887 4.4580
3888 8.6319
3889 23.5542
3890 1.4967
3891 42.7292
3892 1.6441
3893 22.4236
3894 8.0297
3895 8.9115
3896 19.5249
3897 28.6502
3898 3.8313
3899 2.3034
3900 35.6146
3901 10.4455
3902 17.5447
3903   NaN
3904 25.0369
3905 27.1514
3906 6.6032
3907 13.2858
3908 14.3058
3909 25.8515
3910 23.9834
3911 14.0461
3912 15.3191
3913 15.5072
3914 23.9992
3915 22.3333
3916 18.1031
3917 23.9741
3918   NaN
3919 27.8656
3920 7.7526
3921 18.9693
3922 5.9651
3923 17.7378
3924 21.2041
3925 5.0514
3926 4.6197
3927 27.5928
3928 5.2865
3929 15.7011
3930 30.9433
3931 12.0409
3932 34.6205
3933 2.3471
3934 15.3613
3935 14.3917
3936 16.1294
3937 12.0899
3938 10.1765
3939 25.7036
3940 5.6524
3941 7.1251
3942 1.6246
3943 23.4761
3944 29.0651
3945 58.4788
3946 5.7740
3947 7.2600
3948 5.4264
3949 1.7049
3950 39.3286
3951 60.1473
3952 3.3089
3953 7.1269
3954 29.1149
3955 50.2817
3956 50.7458
3957 17.2290
3958 19.6446
3959 11.4054
3960 9.7352
3961 15.4354
3962 3.7591
3963 45.5850
3964 7.5512
3965 4.3801
3966 6.4218
3967 9.5449
3968 35.3172
3969 13.5845
3970 28.4912
3971 7.4376
3972 8.6248
3973 27.2791
3974 19.7729
3975 64.4511
3976 21.6253
3977 23.2098
3978 22.0436
3979 67.8825
3980 2.3918
3981 8.0095
3982   NaN
3983 45.5194
3984 21.0568
3985 9.7368
3986 20.4942
3987 20.5489
3988 30.0729
3989 23.0396
3990   NaN
3991 8.8073
3992 15.0422
3993 41.1218
3994 25.4059
3995 36.4825
3996 47.2922
3997 8.9671
3998 33.6323
3999 7.4284
4000 18.3219
4001 5.4541
4002 9.9224
4003 24.7284
4004 57.4393
4005 18.4173
4006 30.1897
4007 41.3368
4008 1.8757
4009 22.9518
4010 5.4989
4011 5.9641
4012 27.1118
4013 8.6431
4014 25.4852
4015 8.8049
4016 21.0300
4017 26.6734
4018   NaN
4019 30.9271
4020 15.1753
4021 35.7523
4022 14.0052
4023 28.2185
4024 7.3612
4025 21.4937
4026   NaN
4027 30.1449
4028 21.2449
4029 25.6698
4030 18.9915
4031 55.6066
4032 5.8779
4033 7.5057
4034 3.5970
4035 21.7750
4036 34.0823
4037 10.5380
4038 18.4458
4039 3.3657
4040 7.5556
4041 31.6032
4042 9.0679
4043 6.8473
4044 20.8143
4045 1.4544
4046 14.6614
4047 26.1041
4048 19.3078
4049 15.4702
4050 74.8159
4051 26.1034
4052 10.5688
4053 18.6224
4054 21.1238
4055 13.4456
4056   NaN
4057 8.0560
4058 17.6907
4059 30.1541
4060 17.8844
4061 5.1605
4062 25.3383
4063 17.8338
4064 19.2007
4065 23.6942
4066 16.8375
4067   NaN
4068 12.9481
4069 13.2187
4070 14.9357
4071 15.4783
4072   NaN
4073 9.2964
4074 10.7256
4075 4.7066
4076 25.0165
4077 26.3066
4078 13.1742
4079 19.9697
4080 20.0405
4081 1.8242
4082 9.0012
4083 28.8672
4084 1.4475
4085 28.3658
4086 30.5045
4087 30.0844
4088 14.2607
4089 7.8115
4090 7.0770
4091 14.2157
4092 15.5975
4093 18.2236
4094 9.1704
4095 12.4028
4096 7.6881
4097 17.5887
4098 2.8539
4099 23.1401
4100 20.7122
4101 18.6893
4102 55.8615
4103 10.0351
4104 6.2190
4105 4.0262
4106 13.4472
4107 31.5777
4108 36.5063
4109 25.8559
4110 8.9294
4111   NaN
4112 4.4007
4113 16.0600
4114 7.3443
4115 5.5625
4116 20.7326
4117 4.5655
4118 17.5726
4119 27.6169
4120 16.8575
4121 0.6008
4122 14.6871
4123 23.7581
4124   NaN
4125 6.2178
4126 20.8885
4127 20.4830
4128 63.8125
4129 4.5408
4130 21.5300
4131 10.0127
4132 61.4270
4133 10.5633
4134 20.8499
4135 9.1342
4136 8.5169
4137 19.1100
4138   NaN
4139 6.5393
4140 18.5455
4141 17.5996
4142   NaN
4143 22.6728
4144 18.8425
4145 10.6368
4146 14.0458
4147 2.6093
4148   NaN
4149 7.2826
4150 10.3886
4151 6.1364
4152 23.0511
4153 4.5069
4154 4.8309
4155 12.2901
4156 25.5297
4157 7.4267
4158   NaN
4159 15.7632
4160 2.9183
4161 16.9554
4162 17.7502
4163 18.4145
4164 4.2497
4165 14.0375
4166 13.6264
4167 24.6137
4168 4.8588
4169 16.6006
4170 19.9713
4171 20.3180
4172 21.8386
4173 9.1037
4174 17.6971
4175 9.7280
4176 17.6488
4177 2.1939
4178 2.6219
4179 4.2248
4180 8.6440
4181 7.3585
4182 27.6082
4183 31.8207
4184 12.1790
4185 4.4649
4186 33.0333
4187 9.9011
4188 42.2272
4189 7.4247
4190 7.1212
4191 2.6430
4192 11.0019
4193 40.0061
4194 23.2591
4195 6.7044
4196 36.7442
4197 26.7401
4198 4.0699
4199 18.2654
4200 13.4145
4201 14.9589
4202 26.0748
4203 13.5466
4204 14.4822
4205 8.2227
4206 21.0083
4207 2.2951
4208 29.9490
4209 389.1666
4210 14.9562
4211 22.5444
4212 13.0522
4213 15.3645
4214 42.5828
4215 17.8589
4216 8.0625
4217 1.4771
4218 8.7330
4219 2.0313
4220 52.6360
4221 35.8249
4222 11.0406
4223 10.9731
4224 6.5891
4225 14.7861
4226 30.5992
4227 19.0545
4228 13.8892
4229 18.1294
4230 28.4247
4231 7.5291
4232 6.7698
4233 6.2040
4234 34.7087
4235 15.5494
4236 9.4258
4237 10.1410
4238 6.4587
4239 24.3446
4240 8.5519
4241 6.6896
4242 25.8038
4243 18.4209
4244 23.1066
4245 10.0294
4246 27.4232
4247 14.7697
4248 7.9281
4249 3.8480
4250 8.2523
4251 8.2419
4252 13.1589
4253 9.7951
4254 24.5353
4255 34.5228
4256 4.5873
4257 4.2194
4258 2.4398
4259 14.6519
4260 36.2494
4261 24.0923
4262 12.6608
4263 36.0801
4264 11.9323
4265 14.0991
4266 30.6001
4267 5.9812
4268 6.1806
4269 31.8165
4270 10.9403
4271   NaN
4272 9.0663
4273 12.7266
4274 13.7043
4275 6.1345
4276 3.1293
4277 8.8887
4278 11.8038
4279 14.4527
4280 1.6544
4281 9.5676
4282   NaN
4283   NaN
4284 23.4723
4285   NaN
4286 7.8532
4287 15.6876
4288 35.4446
4289 27.7986
4290 19.3200
4291   NaN
4292 15.9249
4293 5.3933
4294 29.7735
4295 3.3057
4296 7.5350
4297   NaN
4298 28.7325
4299 24.8835
4300 9.5811
4301 27.4396
4302 23.5440
4303 47.0140
4304 14.7314
4305 10.4993
4306 3.6920
4307 30.9438
4308 21.0120
4309 27.2568
4310 21.8160
4311 68.4803
4312 32.3923
4313 14.0840
4314 10.9173
4315 4.6976
4316 3.1669
4317 10.0537
4318   NaN
4319 4.5789
4320 27.6799
4321 16.0296
4322 42.5896
4323 9.0328
4324 6.7341
4325 3.6123
4326 20.7890
4327 21.2619
4328 24.9798
4329 1.9997
4330 13.4006
4331 14.3103
4332 17.0843
4333 31.9867
4334 34.9918
4335 18.9867
4336 21.8243
4337 4.2521
4338 7.3775
4339   NaN
4340 5.6755
4341 10.2863
4342 4.1983
4343 15.8182
4344 17.7896
4345 6.5996
4346 6.2266
4347 9.5827
4348 3.0808
4349 33.6404
4350 12.5145
4351 22.6534
4352 15.3241
4353 16.5096
4354 32.3503
4355 17.3678
4356 6.0490
4357 25.7748
4358 17.9941
4359 27.5238
4360 2.9861
4361 8.7853
4362 13.3321
4363 43.2016
4364 28.5003
4365 9.8418
4366 20.7601
4367   NaN
4368 25.4088
4369 30.6628
4370 14.3241
4371 32.4203
4372 13.3412
4373 32.2974
4374   NaN
4375 5.9430
4376 35.7690
4377 1.2517
4378 19.2979
4379 43.8138
4380 53.7888
4381 2.3999
4382 10.5770
4383 22.3335
4384 16.9297
4385   NaN
4386 21.8016
4387 1.9905
4388 24.9606
4389 19.0819
4390 16.0635
4391 44.4923
4392 6.0257
4393 2.3357
4394 21.9436
4395 1.3025
4396 10.1880
4397 25.9564
4398 25.8000
4399 24.2832
4400 15.1178
4401 9.4331
4402 16.4361
4403 21.8112
4404   NaN
4405 8.4815
4406 26.7221
4407 6.0805
4408 7.5780
4409 35.3971
4410 30.0974
4411 5.1858
4412 34.2549
4413 21.6898
4414 4.7127
4415 21.1334
4416 18.4427
4417 7.0845
4418 20.0742
4419 11.6760
4420 4.0727
4421 2.5631
4422 14.2725
4423 19.5238
4424 2.9924
4425 19.6108
4426 28.9760
4427 16.1471
4428 29.6396
4429 42.4482
4430 19.5720
4431 21.8167
4432 7.6085
4433 11.6930
4434 20.5960
4435 8.7815
4436 6.7671
4437 21.8831
4438 4.2888
4439 3.1008
4440 3.5342
4441 11.8702
4442 1.0479
4443 10.5637
4444 7.6755
4445 6.1590
4446 26.2507
4447 41.3424
4448 11.5704
4449 17.5880
4450 51.4886
4451 8.6621
4452 14.7031
4453 4.3217
4454 11.9326
4455 7.1116
4456 9.4743
4457 19.3824
4458 1.8840
4459 16.2593
4460 4.9997
4461 19.4909
4462 37.6184
4463 17.6014
4464 19.1552
4465 11.4146
4466 32.9653
4467 20.7779
4468 2.1513
4469 3.0629
4470 6.9391
4471 9.0187
4472 12.2167
4473 16.5773
4474 24.6800
4475 14.2548
4476 5.5273
4477 9.8891
4478 5.3964
4479 18.0187
4480   NaN
4481   NaN
4482 8.3874
4483 33.6450
4484 13.2455
4485 10.0929
4486 2.4287
4487   NaN
4488 16.8705
4489 56.3535
4490 4.0099
4491 16.1345
4492 3.2826
4493 17.8054
4494 24.5401
4495 13.5141
4496 17.8307
4497 3.2481
4498   NaN
4499 5.6418
4500 8.5864
4501 4.5871
4502 27.9584
4503 6.4887
4504 21.9110
4505 8.7342
4506 9.4120
4507 15.4428
4508   NaN
4509 26.4712
4510 42.2375
4511 4.3075
4512 49.2432
4513 14.0512
4514 40.5291
4515 4.4587
4516 3.9758
4517 10.4529
4518 7.5800
4519 41.6117
4520 25.4022
4521 7.3621
4522 22.0339
4523 2.0833
4524 18.3059
4525 27.6016
4526 29.1110
4527 16.1579
4528 35.2748
4529 28.4993
4530 53.7479
4531 21.9253
4532 617.1787
4533 2.9123
4534   NaN
4535 6.7298
4536 3.2316
4537 3.7457
4538 9.2241
4539 18.0667
4540 0.6320
4541 17.6371
4542 11.7534
4543 37.7125
4544 94.7521
4545 11.7303
4546 13.9453
4547 13.2212
4548 7.3116
4549 3.6349
4550 6.1082
4551 2.8697
4552 7.6125
4553 24.9828
4554 13.4622
4555 27.7171
4556 11.9838
4557 3.9597
4558   NaN
4559 2.6807
4560 24.6036
4561 10.6284
4562 9.9400
4563 34.0776
4564 14.3612
4565 5.5537
4566   NaN
4567 7.6614
4568 12.9523
4569 23.9823
4570 19.7851
4571 19.3030
4572 3.1714
4573 21.7097
4574 2.9944
4575 10.3905
4576 9.9953
4577 2.6084
4578   NaN
4579 16.8227
4580 17.6682
4581 14.3550
4582 9.1775
4583 8.5296
4584 17.1807
4585 2.3994
4586 15.6651
4587 22.9952
4588 1.6940
4589 2.8885
4590 24.3484
4591 5.5915
4592 17.6104
4593 25.0497
4594 4.6386
4595 1.2533
4596 9.2547
4597 36.8408
4598 9.1523
4599 3.5270
4600 14.9452
4601 5.1736
4602 14.8375
4603 27.9501
4604 21.7704
4605 33.4295
4606 2.9199
4607 4.4292
4608 9.8671
4609 15.6604
4610 13.2349
4611 26.4727
4612   NaN
4613 38.2211
4614   NaN
4615 1.6942
4616   NaN
4617 5.8428
4618 6.3507
4619 42.8182
4620 25.4532
4621 17.3156
4622 20.9741
4623 16.5940
4624 4.0412
4625 44.8126
4626 4.1667
4627 17.1120
4628 8.4070
4629 34.9980
4630 25.8359
4631 1.6425
4632 7.4702
4633 18.4040
4634 36.1616
4635 23.9789
4636 48.5324
4637 21.4704
4638 9.5075
4639 13.0544
4640 6.7650
4641 13.7260
4642 3.6721
4643 69.9131
4644 16.5522
4645 5.5489
4646 5.8623
4647 6.6091
4648   NaN
4649 22.2707
4650 12.9213
4651 15.0660
4652 1.4386
4653 12.5670
4654   NaN
4655 93.8816
4656 15.4019
4657 30.6451
4658 24.9091
4659 20.2765
4660 41.3408
4661 9.5720
4662   NaN
4663 7.3130
4664 6.7022
4665 29.5703
4666 24.4243
4667 3.3732
4668 6.3943
4669 18.5366
4670 36.0061
4671 18.3649
4672 2.3364
4673   NaN
4674 21.4911
4675 19.6428
4676 23.4218
4677 4.8174
4678 22.5816
4679 10.9375
4680 14.2686
4681   NaN
4682 8.3217
4683 19.8583
4684   NaN
4685 3.9549
4686 13.6219
4687   NaN
4688 11.1025
4689 12.4224
4690 24.4631
4691 22.3155
4692 18.5793
4693 15.9347
4694 6.9775
4695 39.1279
4696 22.6195
4697 15.1825
4698 5.5661
4699 6.7147
4700   NaN
4701 15.8620
4702 24.0958
4703 22.6139
4704 9.7920
4705 7.2831
4706 6.4041
4707 10.0784
4708 19.8385
4709 1.6599
4710 22.7188
4711 17.9301
4712 19.3233
4713 20.7200
4714 26.8931
4715 16.6670
4716 18.0994
4717 24.2838
4718 15.5525
4719 42.5213
4720 20.5904
4721 15.5152
4722 15.6435
4723 25.3957
4724 47.9469
4725 10.9395
4726 33.5675
4727 4.9533
4728 19.3248
4729 26.0656
4730 29.5307
4731 7.3079
4732 23.3922
4733 26.9808
4734 13.6208
4735 7.4853
4736 7.5741
4737 65.2991
4738 1.5610
4739 24.9717
4740 6.9964
4741 15.9778
4742 10.7099
4743 0.4829
4744 0.8304
4745 30.2078
4746   NaN
4747 18.0061
4748 2.3261
4749 21.9479
4750 19.3242
4751 6.2294
4752 19.4854
4753 21.9088
4754 5.4056
4755 14.4233
4756 21.2265
4757   NaN
4758 18.8579
4759 2.9958
4760 6.7077
4761 57.8032
4762 10.4929
4763 8.0796
4764 21.6561
4765 21.9903
4766 13.2447
4767 4.0700
4768 16.7946
4769 31.6694
4770 3.3047
4771 6.6533
4772 23.5288
4773 5.2709
4774 31.7403
4775 1.2271
4776 27.6622
4777 38.6417
4778 9.1254
4779 10.6991
4780 8.0131
4781 6.3089
4782 3.3134
4783 4.1995
4784 8.5466
4785 27.4102
4786 6.5130
4787 48.0284
4788 4.4075
4789 2.6305
4790 11.4396
4791 7.2402
4792 25.5387
4793 21.4699
4794 658.3311
4795 24.3026
4796 12.5365
4797 7.9324
4798 6.3913
4799 7.1159
4800   NaN
4801 30.8089
4802 54.4427
4803 29.8793
4804 45.7745
4805 32.3647
4806 9.5015
4807 31.2021
4808 13.2775
4809 24.0532
4810 10.6505
4811 21.1522
4812 5.4988
4813 6.1742
4814 21.9177
4815 30.4898
4816 24.5120
4817 4.2556
4818 2.7646
4819 28.5280
4820 3.4385
4821 40.9668
4822 3.8689
4823 1.5226
4824 16.6465
4825 22.1374
4826 11.4215
4827 32.0505
4828 6.5942
4829 21.7741
4830 12.6985
4831 3.7887
4832 18.0580
4833 30.3646
4834 16.5256
4835 11.5714
4836 26.8554
4837 5.9321
4838 17.6326
4839 21.0022
4840 12.4745
4841 10.1785
4842 12.2376
4843 15.1498
4844 10.2601
4845 12.7157
4846 15.1358
4847 6.9944
4848 19.4848
4849 18.5557
4850 19.1167
4851 23.7579
4852 14.9836
4853 47.7317
4854 3.8052
4855 23.2213
4856 9.5972
4857 17.3537
4858 15.2925
4859 36.9483
4860 8.2012
4861 15.4585
4862 2.6352
4863 6.1029
4864 14.2036
4865 47.9873
4866 45.9427
4867 37.7722
4868 19.8915
4869 16.6698
4870 25.9605
4871 11.0972
4872 9.2061
4873 6.7455
4874 24.9095
4875 17.5598
4876 62.7856
4877 28.0663
4878 29.6676
4879 6.9732
4880 7.3322
4881 7.7501
4882 14.1706
4883 17.9642
4884 25.3779
4885 2.9748
4886 26.1133
4887 9.0429
4888 25.0635
4889 37.9989
4890 5.6247
4891 13.1667
4892 29.5082
4893 13.6881
4894 4.8355
4895 9.2087
4896 8.9922
4897 25.9638
4898 2.9438
4899 20.0738
4900 7.0497
4901 4.8259
4902 11.6813
4903 20.9851
4904 53.5783
4905 5.6021
4906 8.5521
4907 29.2665
4908 21.5142
4909 4.2482
4910 27.6562
4911 14.2467
4912   NaN
4913 28.2669
4914 15.3803
4915 13.0197
4916 12.1058
4917 2.3633
4918 20.4594
4919 11.5563
4920 52.7905
4921   NaN
4922 17.6345
4923 27.5782
4924 34.4587
4925 3.6855
4926 17.8243
4927 22.5290
4928 4.1276
4929 37.0724
4930 19.1011
4931 20.9030
4932 3.4685
4933 18.5618
4934 5.8689
4935 9.2952
4936 5.2562
4937 21.9995
4938 10.1777
4939 23.0718
4940 9.5577
4941 28.0915
4942 6.4563
4943 11.2060
4944 11.2599
4945 13.6821
4946 13.0081
4947 16.2430
4948   NaN
4949 19.9403
4950 2.5653
4951 5.5751
4952 5.1040
4953 15.5157
4954 29.1554
4955 9.0845
4956 1.9806
4957 1.6028
4958 7.2538
4959 15.0030
4960 21.5833
4961 5.5193
4962 33.4528
4963 24.2719
4964 32.9268
4965 4.1997
4966 21.3569
4967 17.4634
4968 9.4692
4969 57.3741
4970 22.3989
4971 4.9087
4972 12.7937
4973 41.4633
4974 16.5479
4975 52.8401
4976 46.0499
4977 10.7139
4978 6.0089
4979 11.7273
4980 15.4452
4981   NaN
4982 6.4903
4983 8.2263
4984 9.5023
4985 19.2668
4986 8.3371
4987 19.8905
4988 12.2360
4989 22.0416
4990 10.5403
4991 18.2647
4992 0.6709
4993 18.8516
4994 11.1207
4995 34.7129
4996 14.9072
4997 23.3725
4998 43.4958
4999 14.0590
5000 8.8912
