5001 7.6650
5002 2.3963
5003 10.1260
5004 3.8957
5005 32.9122
5006 29.0478
5007 4.7382
5008 4.5239
5009 7.0274
5010 2.8936
5011 1.0394
5012 4.5347
5013 17.6534
5014 10.2626
5015 7.6405
5016 0.4908
5017 2.9761
5018 1.3487
5019 0.4309
5020 9.8037
5021 2.3046
5022 1.3681
5023 7.0035
5024 0.9888
5025 3.6562
5026 20.0951
5027 1.6240
5028 6.2308
5029 9.8195
5030 2.5921
5031 3.3267
5032 8.3627
5033 19.4255
5034 10.4883
5035 15.6516
5036 3.3143
5037 10.6684
5038 5.6356
5039 6.8605
5040 16.1239
5041 4.9793
5042 8.5925
5043 20.5208
5044 2.0788
5045 5.1826
5046 13.2033
5047 26.9257
5048 12.0551
5049 2.4735
5050 6.9769
5051 14.8396
5052 1.8099
5053 8.7138
5054 1.6573
5055 2.9270
5056 11.1120
5057 23.5721
5058 5.9212
5059 26.9999
5060 2.1539
5061 10.2337
5062 11.0456
5063 18.4802
5064 13.1957
5065 1.4626
5066 20.6524
5067 3.7911
5068 27.0254
5069 3.2877
5070 4.6961
5071 10.5822
5072 3.2450
5073 16.7262
5074 3.2576
5075 10.9999
5076 9.4154
5077 12.7603
5078 0.7484
5079 19.8624
5080 1.6546
5081 5.6129
5082 3.2300
5083 1.9826
5084 22.4685
5085 0.5583
5086 1.4222
5087 3.3520
5088 1.0772
5089 10.6346
5090 3.9585
5091 14.2597
5092 1.7799
5093 11.4239
5094 17.2149
5095 8.1005
5096 1.7105
5097 13.4682
5098 2.6414
5099 3.3688
5100 0.9462
5101 3.8439
5102 5.0723
5103 10.8229
5104 16.9123
5105 13.0652
5106 14.7800
5107 1.9529
5108 5.7656
5109 0.2741
5110   NaN
5111 7.3120
5112 2.4182
5113 1.6458
5114 20.9854
5115 3.5636
5116 7.1213
5117 7.4114
5118 2.9983
5119 15.4365
5120 36.0575
5121 14.8902
5122 13.2368
5123 5.6844
5124 0.9646
5125 4.4458
5126 1.3195
5127 1.7425
5128 26.2173
5129 12.2083
5130 4.4597
5131 12.2455
5132 2.4339
5133 8.5437
5134 0.7585
5135 4.9631
5136 1.8910
5137 4.8187
5138 2.3967
5139 1.3119
5140 2.0952
5141 7.2235
5142 7.7823
5143 5.8573
5144 14.7170
5145 22.5103
5146 3.2443
5147 5.7787
5148 8.2669
5149 0.1225
5150 11.4622
5151 3.5986
5152 21.9629
5153 3.7188
5154 4.7756
5155 9.6960
5156 10.5603
5157 11.7789
5158 11.1412
5159 5.5771
5160 4.2794
5161 2.1992
5162 5.7206
5163 29.9710
5164 6.6784
5165 9.4225
5166 0.5466
5167 30.2610
5168 7.2480
5169 14.9864
5170 3.0222
5171 5.7204
5172 9.3572
5173 1.3624
5174 1.3347
5175 7.7785
5176 0.8561
5177 6.8394
5178 10.5569
5179 7.5212
5180 12.0658
5181 23.1794
5182 2.0410
5183 9.9416
5184 30.6197
5185 23.2095
5186 7.2054
5187 8.8701
5188 6.6099
5189 12.1198
5190 32.1176
5191 25.4676
5192 24.5641
5193 9.3248
5194 6.1765
5195 6.8976
5196 13.9552
5197 9.3782
5198 1.7964
5199 7.2309
5200 2.4962
5201 10.7201
5202 10.8122
5203 7.7409
5204 29.3282
5205 5.3181
5206 3.3466
5207 8.6433
5208 2.7245
5209 9.9893
5210 17.3168
5211 1.0625
5212 2.8937
5213 1.7428
5214 22.2295
5215 4.9347
5216 13.9968
5217 9.3059
5218 9.0451
5219 4.5848
5220 1.4043
5221 15.8461
5222 18.7565
5223 2.3479
5224 25.0707
5225 1.7586
5226 6.5074
5227 7.7177
5228 3.4381
5229 4.2810
5230 10.9226
5231 5.3540
5232 19.9021
5233 36.9911
5234 6.8207
5235 11.9402
5236 4.2875
5237 1.7609
5238 4.1629
5239 10.8780
5240 1.6824
5241 16.8745
5242 10.1514
5243 10.4424
5244 0.2678
5245 24.2393
5246 5.4107
5247 9.7711
5248 10.6272
5249 0.8092
5250 14.0084
5251 7.0565
5252 9.4066
5253 3.0098
5254 10.5778
5255 11.8681
5256 4.1477
5257 18.0169
5258 2.0975
5259 11.0239
5260 18.0151
5261 5.0098
5262 3.9950
5263 3.0397
5264 9.8351
5265 25.7571
5266 6.1018
5267 1.1054
5268 0.2386
5269 6.0666
5270 16.5726
5271 9.0971
5272 26.5940
5273 18.6757
5274 8.2807
5275 5.2847
5276 4.1209
5277 2.1683
5278 6.1585
5279 12.9464
5280 22.5877
5281 7.1666
5282 33.7020
5283 11.9550
5284 0.5041
5285 9.6004
5286 3.5255
5287 2.3752
5288 5.1012
5289 9.2805
5290 30.2521
5291 4.9417
5292 2.5121
5293 28.2145
5294 2.1338
5295 8.0937
5296 22.6169
5297 3.4629
5298 3.6244
5299 7.2967
5300 1.4152
5301 3.8807
5302 4.2914
5303 6.3800
5304 10.9666
5305 5.8428
5306 6.7636
5307 4.8838
5308 14.7690
5309 3.4597
5310 1.7112
5311 3.3590
5312 9.8973
5313 0.9843
5314 0.5178
5315 6.8054
5316 6.0287
5317 5.6401
5318 3.9492
5319 13.3519
5320 1.3508
5321 7.7707
5322 1.4183
5323 21.3541
5324 6.0582
5325 2.9931
5326 2.0792
5327 9.5484
5328 19.4143
5329 11.3387
5330 14.3479
5331 10.3099
5332 6.0215
5333 11.9627
5334 7.1898
5335 7.8400
5336 3.4154
5337 5.7187
5338 6.3538
5339 15.2442
5340 1.5910
5341 2.0668
5342 13.4779
5343 13.6816
5344 2.1040
5345 17.4569
5346 6.5489
5347 0.5035
5348 20.1994
5349 4.2964
5350 9.8889
5351 11.7703
5352 0.7122
5353 0.7490
5354 5.1166
5355 1.2781
5356 4.5171
5357 10.6278
5358 9.0846
5359 11.4096
5360 0.2923
5361 1.0208
5362 13.9010
5363 1.0356
5364 20.6732
5365 2.7971
5366 2.2045
5367 0.7703
5368 0.2589
5369 3.1279
5370 10.5601
5371 6.0274
5372 10.5591
5373 17.1849
5374 15.6346
5375 15.1529
5376 0.8761
5377 10.1769
5378 2.6569
5379 4.3018
5380 2.6907
5381 17.3265
5382 4.1681
5383 16.1111
5384 3.7974
5385 5.6040
5386 4.9246
5387 10.7613
5388 1.1832
5389 1.6209
5390 4.5719
5391 19.1332
5392 5.0709
5393 5.2924
5394 17.8600
5395 1.4206
5396 20.7059
5397 12.7630
5398 2.1777
5399 0.9464
5400 3.7989
5401 1.6630
5402 8.6472
5403 3.6289
5404 0.3065
5405 2.3466
5406 1.3924
5407 1.4329
5408 2.6232
5409 5.3055
5410 0.7252
5411 10.6878
5412 4.3930
5413 11.1706
5414 2.8269
5415 1.7370
5416 3.3545
5417 10.4445
5418 11.5324
5419 4.2866
5420 3.8594
5421 2.9625
5422 9.1140
5423 16.7494
5424 4.3533
5425 1.2426
5426 1.8752
5427 1.6308
5428 15.2381
5429 1.2191
5430 22.8355
5431 2.6729
5432 12.8784
5433 1.5793
5434 13.1811
5435 18.7621
5436 0.7756
5437 3.7312
5438 4.2517
5439 11.5229
5440 26.6358
5441 21.8524
5442 11.4211
5443 30.8298
5444 1.8790
5445 4.8972
5446 2.1363
5447 1.9145
5448 3.5388
5449 9.7982
5450 13.4478
5451 5.1204
5452 11.4690
5453 8.8750
5454 1.8656
5455   NaN
5456 11.3314
5457 1.0841
5458 12.2759
5459 10.1569
5460 14.1305
5461 7.0378
5462 6.7821
5463 13.3667
5464 4.0885
5465 5.6471
5466 8.8612
5467 4.9761
5468 29.8743
5469 3.2370
5470 5.7306
5471 22.5865
5472 2.8103
5473 13.0622
5474 7.2241
5475 13.3517
5476 10.0876
5477 21.5395
5478 10.0985
5479 6.6793
5480 4.2359
5481 4.2553
5482 7.7069
5483 1.4390
5484 25.4922
5485 18.0747
5486 2.2971
5487 13.4435
5488 19.9815
5489 9.2808
5490 20.1843
5491 11.8920
5492 0.6849
5493 0.4084
5494 7.4022
5495 7.9754
5496 1.1645
5497 12.1951
5498 13.3623
5499 13.7980
5500 3.7837
5501 4.4127
5502 1.2335
5503 2.9332
5504 1.8554
5505 19.2598
5506 8.7461
5507 11.1114
5508 0.7438
5509 2.8178
5510 22.4974
5511 12.2757
5512 8.2771
5513 4.4190
5514 1.8140
5515 9.3438
5516 8.2075
5517 8.9780
5518 17.2147
5519 7.6183
5520 2.4480
5521 23.5374
5522 0.7917
5523 0.4256
5524 1.7994
5525 10.2457
5526 2.8503
5527 14.0770
5528 8.8226
5529 7.3520
5530 18.1777
5531 10.3116
5532 16.9600
5533 1.4445
5534 5.3375
5535 15.3946
5536 18.7554
5537 2.3215
5538 5.9875
5539 5.2448
5540 2.8367
5541 10.2189
5542 4.3315
5543 6.0217
5544 11.7431
5545 4.0294
5546 13.8666
5547 0.6899
5548 6.8615
5549 1.6125
5550 0.5560
5551 2.7052
5552 4.9290
5553 0.9443
5554 19.3555
5555 5.8174
5556 1.2098
5557 15.6285
5558 30.1107
5559 4.6161
5560 16.7032
5561 6.5471
5562 9.1045
5563 1.5836
5564 23.5998
5565 9.4026
5566 9.7768
5567 14.2307
5568 5.9168
5569 8.1327
5570 9.6054
5571 1.0891
5572 13.2503
5573 6.6988
5574 3.2940
5575 10.5505
5576 9.3149
5577 9.2287
5578 2.1807
5579 8.5891
5580 8.8685
5581 9.3121
5582 7.8024
5583 33.0631
5584 12.1076
5585 7.8412
5586 5.0360
5587 18.5962
5588 1.5355
5589 3.3501
5590 4.6451
5591 7.8341
5592 4.1010
5593 7.4610
5594 6.7781
5595 2.6947
5596 0.5724
5597 2.6814
5598 5.6546
5599 1.1808
5600 0.7037
5601 6.2758
5602 2.3190
5603 6.4943
5604 12.3977
5605 7.5820
5606 26.7346
5607 7.7922
5608 4.3647
5609 3.9319
5610 0.8724
5611 16.2931
5612 4.3963
5613 8.4954
5614 26.4030
5615 1.4017
5616 2.9621
5617 2.7399
5618 3.5318
5619 12.5833
5620 4.2745
5621 7.4834
5622 8.7551
5623 11.2762
5624 12.2534
5625 16.1101
5626 5.6754
5627 10.8980
5628 6.1167
5629 24.9277
5630 1.2428
5631 2.4108
5632 3.2237
5633 1.9622
5634 7.7480
5635 4.8648
5636 4.9774
5637 8.0573
5638 1.2400
5639 1.4292
5640 14.0169
5641 16.3029
5642 7.1775
5643 12.6866
5644 6.6503
5645 0.4842
5646 3.7069
5647 8.4385
5648 1.7186
5649 8.5218
5650 38.7492
5651 3.2110
5652 4.8831
5653 11.4383
5654 10.0294
5655 8.8308
5656 7.8982
5657 3.8671
5658 12.1653
5659 24.3300
5660 23.0227
5661 7.4277
5662 10.8911
5663 27.0642
5664 1.4838
5665 4.7266
5666 4.5064
5667 14.7903
5668 19.6548
5669 6.0369
5670 2.1016
5671 7.6624
5672 2.3262
5673 1.6437
5674 1.9637
5675 1.6386
5676 0.7271
5677 2.7748
5678 1.5611
5679 1.1674
5680 7.3928
5681 25.4024
5682 3.2720
5683 28.6937
5684 2.0404
5685 12.6711
5686 26.1785
5687 28.8668
5688 2.0436
5689 0.1547
5690 5.3681
5691 5.9629
5692 4.4605
5693 16.6924
5694 0.2332
5695 2.9556
5696 4.4516
5697 4.4730
5698 5.8201
5699 8.9309
5700 14.0825
5701 23.6421
5702 5.2562
5703 8.0278
5704 15.1651
5705 10.3185
5706 2.5183
5707   NaN
5708 5.0256
5709 25.3737
5710 2.6026
5711 14.8917
5712 0.6224
5713 11.8405
5714 15.0915
5715 0.8743
5716 10.6770
5717 6.1252
5718 1.4202
5719 6.2029
5720 11.1996
5721 1.3230
5722 2.5828
5723 25.3523
5724 14.8493
5725 1.1667
5726 14.6979
5727 27.8358
5728 4.1007
5729 16.8747
5730 20.2766
5731 2.4331
5732 1.1866
5733 1.3551
5734 8.3781
5735 2.8291
5736 1.5153
5737 5.0787
5738 14.9477
5739 18.1870
5740 8.7615
5741 27.1093
5742 5.8974
5743 1.0554
5744 2.3148
5745 1.2239
5746 6.6611
5747 5.5019
5748 6.5595
5749 15.8063
5750 6.5028
5751 7.5730
5752 8.1679
5753 12.8364
5754 3.3337
5755 9.2967
5756 30.4726
5757 9.2645
5758 1.1602
5759 2.4684
5760 24.8841
5761 12.0095
5762 11.4392
5763 4.8256
5764 24.3910
5765 6.1987
5766 10.4868
5767 1.6980
5768 6.4288
5769 5.9883
5770 8.4309
5771 7.0128
5772 7.5759
5773   NaN
5774 5.0919
5775 5.1838
5776 11.0160
5777 11.1028
5778 10.5411
5779 2.2289
5780 9.2438
5781 4.9014
5782 8.0278
5783 11.3748
5784 1.1320
5785 7.8319
5786 2.3376
5787 10.3035
5788 1.1200
5789 1.0593
5790 4.4039
5791 5.9868
5792 0.7209
5793 25.2121
5794 6.7561
5795 3.9130
5796 0.8466
5797 2.1998
5798 29.4969
5799 5.0490
5800 6.3057
5801 4.1201
5802 0.7109
5803 6.0682
5804 1.6560
5805 5.9523
5806 4.8847
5807 1.9784
5808 9.8967
5809 16.2321
5810 1.6553
5811 1.2193
5812 6.0747
5813 0.8821
5814 3.7369
5815 31.9005
5816 8.4666
5817 8.1223
5818 7.0651
5819 0.5132
5820 4.4588
5821 1.5873
5822 18.2332
5823 10.1206
5824 5.6475
5825 13.9624
5826 3.2103
5827 23.8563
5828 3.2412
5829 16.8847
5830 13.0722
5831 5.3331
5832 6.9190
5833 3.8796
5834 3.2170
5835 18.8050
5836 26.6721
5837 2.3257
5838 4.9679
5839 6.8761
5840 17.3718
5841 8.0223
5842 1.8875
5843 2.5438
5844 13.2220
5845 31.5352
5846 0.4911
5847 7.6746
5848 0.5593
5849 5.7476
5850 10.8760
5851 22.2466
5852 1.7834
5853 4.8983
5854 3.1162
5855 1.5024
5856 10.5809
5857 16.2031
5858 3.7455
5859 27.8324
5860 4.3689
5861 6.2767
5862 8.3951
5863 13.5505
5864 1.2903
5865 31.4345
5866 10.4530
5867 12.4462
5868 7.8774
5869 5.4909
5870 28.1659
5871 1.9679
5872 4.0021
5873 6.5236
5874 4.9520
5875 3.8639
5876 1.8514
5877 6.4768
5878 11.4167
5879 5.4457
5880 14.8391
5881 5.8567
5882 35.4803
5883 11.3992
5884 1.7831
5885 8.6551
5886 4.5799
5887 5.8256
5888 9.5373
5889 6.0626
5890 0.4497
5891 2.2120
5892 13.6734
5893 3.9789
5894 1.5741
5895 0.4385
5896 4.8284
5897 4.9828
5898 4.9258
5899 1.3334
5900 0.6049
5901 8.9456
5902 3.7315
5903 1.7288
5904 13.7113
5905 7.6097
5906 0.6218
5907 0.7640
5908 7.8262
5909 3.6180
5910 16.2025
5911 0.2024
5912 6.1646
5913 10.4403
5914 1.6775
5915 1.5407
5916 4.8121
5917 3.6059
5918 11.3052
5919 3.4602
5920 12.5564
5921 1.0004
5922 6.4534
5923 5.1938
5924 6.9420
5925 30.0474
5926 3.9554
5927 0.6623
5928 9.0077
5929 23.0588
5930 11.6949
5931 2.2764
5932 22.2934
5933 6.8876
5934 1.6130
5935 6.4180
5936 8.5611
5937 11.0591
5938 27.8167
5939 7.0659
5940 11.3190
5941 4.0491
5942 4.1702
5943 2.9224
5944 6.3304
5945 3.0998
5946 6.7224
5947 0.9270
5948 3.2319
5949 0.6280
5950 0.6711
5951 11.7217
5952 22.8496
5953 5.9975
5954 6.2417
5955 4.4123
5956 33.9971
5957 6.6749
5958 1.3415
5959 12.1678
5960 1.2026
5961 0.7863
5962 1.2605
5963 0.0902
5964 12.9017
5965 10.5929
5966 2.1785
5967 7.1760
5968 6.8597
5969 3.6631
5970 7.8522
5971 23.0730
5972 14.8537
5973 11.0965
5974 2.2739
5975 7.3031
5976   NaN
5977 2.4481
5978 4.4645
5979 30.4152
5980 2.6762
5981 9.0157
5982 1.1566
5983 2.0181
5984 18.4525
5985 4.6477
5986 1.6447
5987 10.1922
5988 2.8947
5989 23.2848
5990 5.9806
5991 4.8795
5992 5.1443
5993 15.8071
5994   NaN
5995 5.9949
5996 6.4404
5997 3.5367
5998 1.3604
5999 28.9406
6000 12.7329
6001 3.0615
6002 9.0478
6003 3.7201
6004 7.7495
6005 17.6964
6006 14.9309
6007 6.8121
6008 12.2652
6009 1.6902
6010 16.5575
6011 10.0744
6012 8.8757
6013 5.1830
6014 33.4246
6015 0.5905
6016 2.6166
6017 10.8029
6018 11.2714
6019 20.8952
6020 8.8289
6021 2.6224
6022 13.6352
6023 0.6717
6024 5.0763
6025 2.6561
6026 22.8978
6027 0.4537
6028 16.3105
6029 3.6300
6030 5.3075
6031 3.2054
6032 17.8717
6033 2.3689
6034 3.2782
6035 12.2008
6036 1.4758
6037 5.9566
6038 7.4809
6039 6.6324
6040 2.0854
6041 14.1300
6042 3.1038
6043 3.6185
6044 24.2420
6045 8.3055
6046 2.7609
6047 9.6907
6048 12.1846
6049 5.9794
6050 19.0516
6051 1.0102
6052 37.7093
6053 2.9203
6054 2.4356
6055 4.1187
6056 14.1223
6057 13.4741
6058 12.5009
6059 12.3286
6060   NaN
6061 26.6441
6062 18.0369
6063 3.5389
6064 30.4640
6065 7.1126
6066 2.3938
6067 32.2527
6068 10.5423
6069 3.4661
6070 6.6461
6071 4.0643
6072 35.3393
6073 10.3897
6074 3.5140
6075 2.2840
6076 0.9723
6077 18.6502
6078 12.4314
6079 22.8033
6080 1.1264
6081 10.4856
6082 2.4801
6083 9.9104
6084 26.0381
6085 3.5652
6086 10.4723
6087 1.2792
6088 7.4224
6089 0.5604
6090 3.7528
6091 0.2247
6092 6.4156
6093 28.9733
6094 1.5814
6095 8.6781
6096 2.6460
6097 24.7026
6098 0.3616
6099 4.3684
6100 12.9853
6101 2.4578
6102 2.3065
6103 8.0862
6104 4.0651
6105 3.2348
6106 13.7526
6107 16.5633
6108 6.3780
6109 10.7915
6110 23.3739
6111 27.5916
6112 7.5576
6113 9.2181
6114 1.2707
6115 6.5605
6116 18.9377
6117 18.6731
6118 18.6982
6119 2.8319
6120 11.8580
6121 4.8706
6122 3.2079
6123 24.2547
6124 2.5403
6125 13.3606
6126 1.9817
6127 8.2940
6128 2.7774
6129 1.5568
6130 1.4053
6131 5.9846
6132 6.7496
6133 18.2317
6134 4.9656
6135 1.3922
6136 2.2787
6137 3.1725
6138 8.2580
6139 4.9375
6140 0.7077
6141 3.2793
6142 4.6651
6143 3.3849
6144 11.4279
6145 8.3206
6146 18.8933
6147 0.7087
6148 4.1294
6149 2.3676
6150 2.3966
6151 7.3539
6152 10.9651
6153 1.6418
6154 7.1065
6155 9.6690
6156   NaN
6157 0.7872
6158 1.7062
6159 4.1658
6160 14.8499
6161 3.8048
6162 1.7481
6163 8.8878
6164   NaN
6165 9.7858
6166 12.2190
6167 1.4738
6168 1.0550
6169 13.2173
6170 0.9345
6171 6.1706
6172 2.2483
6173 3.1655
6174 4.6598
6175 35.0740
6176 16.3447
6177 0.9304
6178 0.6457
6179 5.6349
6180 0.9434
6181 6.3659
6182 18.6581
6183 4.7385
6184 1.4933
6185 4.7331
6186 32.4413
6187 2.2297
6188 1.2686
6189 2.5397
6190 9.7291
6191 5.3904
6192 31.8798
6193 3.4295
6194 2.0159
6195 0.5909
6196 3.0847
6197 6.4454
6198 12.4411
6199 4.2988
6200 1.7197
6201 0.6867
6202 9.5131
6203 15.9497
6204 9.6582
6205 21.5305
6206 4.4572
6207 1.1636
6208 12.5757
6209 1.4254
6210 23.1837
6211 19.4553
6212 1.8792
6213 4.4233
6214 0.6326
6215 16.2844
6216 3.9623
6217   NaN
6218 12.5532
6219 6.1629
6220 22.3648
6221 6.8932
6222 1.4500
6223 12.4583
6224 0.4262
6225 3.8456
6226 17.9670
6227 2.7389
6228 11.8220
6229 6.5591
6230 3.8761
6231 4.8634
6232 2.9582
6233 22.3948
6234 12.5336
6235 14.2214
6236 6.9406
6237   NaN
6238 5.3751
6239 11.5676
6240 3.1420
6241 5.5263
6242 8.7335
6243 8.2804
6244 15.3541
6245 7.0240
6246 2.6659
6247   NaN
6248 2.4131
6249 11.6421
6250 4.0037
6251 1.1366
6252 16.4674
6253 0.6417
6254 14.5063
6255 2.3958
6256 2.0904
6257 0.7346
6258 2.9372
6259 7.8956
6260 9.5420
6261 13.9910
6262 2.1043
6263 1.5618
6264 7.7628
6265 4.4106
6266 10.9258
6267 5.1615
6268 1.0315
6269 4.9045
6270 9.6363
6271 4.9921
6272 4.0129
6273 3.3404
6274 8.6484
6275 13.3499
6276 24.0794
6277 16.9985
6278 2.5727
6279 6.5603
6280 7.5801
6281 1.8481
6282 1.9787
6283 1.7468
6284 3.4961
6285 30.4472
6286 2.0136
6287 2.3123
6288 8.1708
6289 1.7477
6290 0.7479
6291 13.8903
6292 5.8458
6293 0.9837
6294 0.3341
6295 7.5222
6296 9.8911
6297 4.7636
6298 7.9428
6299 3.6390
6300 12.4019
6301 4.4867
6302 3.7504
6303 21.5747
6304 5.5740
6305 2.6640
6306 2.1724
6307 3.7338
6308 8.7171
6309 4.1860
6310 9.6982
6311 5.9385
6312 10.1694
6313 2.8080
6314 0.6700
6315 4.9184
6316 7.4957
6317 2.3103
6318 1.6934
6319 17.8546
6320 9.3335
6321 1.1609
6322 0.9975
6323 18.3510
6324 0.6844
6325 14.4415
6326 1.6347
6327 1.2644
6328 7.1811
6329 0.5203
6330 0.9972
6331 14.6832
6332 2.6747
6333 22.5958
6334 7.7604
6335 9.0437
6336 23.9628
6337 8.6618
6338 24.3764
6339 7.9295
6340 32.4806
6341 11.3142
6342 24.3128
6343 4.2765
6344 3.4876
6345 18.1432
6346   NaN
6347 7.7094
6348 0.7457
6349 15.3618
6350 9.8961
6351 3.6201
6352 1.2039
6353 15.5858
6354 13.0120
6355 15.4676
6356 18.8907
6357 3.7825
6358 22.3707
6359 5.8256
6360 6.4255
6361 2.5426
6362 6.1218
6363 1.3451
6364 1.4324
6365 4.2356
6366 13.6613
6367 2.4667
6368 0.5381
6369 3.1069
6370 1.6753
6371 3.8449
6372 4.2542
6373 8.1306
6374 29.7253
6375 2.8525
6376 7.0254
6377 11.3811
6378 11.5816
6379 20.7517
6380 5.6105
6381 0.8442
6382 5.3188
6383 5.9293
6384 8.7601
6385 7.8076
6386 12.8712
6387 4.1542
6388 6.5344
6389 1.0954
6390 3.4384
6391 18.4268
6392 2.1037
6393 0.3871
6394 5.4639
6395 2.7651
6396 0.8493
6397 18.2603
6398 1.1435
6399 2.3802
6400 7.3221
6401 7.4116
6402 23.4327
6403 12.4435
6404 2.9448
6405 2.8266
6406 15.8495
6407 4.3015
6408 7.9146
6409 9.4343
6410 12.9905
6411 8.6224
6412 19.3554
6413 10.6418
6414 4.2532
6415 5.4634
6416 9.4283
6417 1.1453
6418 2.5666
6419 4.2527
6420 10.1457
6421 2.1798
6422 8.6387
6423 3.8543
6424 12.7310
6425 5.2267
6426 10.7726
6427 14.3264
6428 10.4225
6429 2.4389
6430 4.4777
6431 8.2001
6432 2.1362
6433 4.2769
6434 6.3305
6435 0.7821
6436   NaN
6437 4.9138
6438 23.1464
6439 11.0584
6440 1.2171
6441 6.1898
6442 1.8683
6443 4.2249
6444 11.7833
6445 9.8637
6446 5.4375
6447 9.2746
6448 3.3660
6449 2.4839
6450 6.1992
6451 2.8169
6452 5.1443
6453 1.9307
6454 17.1582
6455 31.9048
6456 9.0796
6457 10.5667
6458 3.2942
6459 17.4927
6460 2.9355
6461 0.9039
6462 5.3110
6463 11.3290
6464 0.3246
6465 12.9970
6466 4.0352
6467 3.6185
6468 9.6797
6469 11.9347
6470 9.1657
6471 1.1609
6472 3.3519
6473 3.6638
6474 30.6391
6475 1.9500
6476 1.7169
6477 6.4281
6478 33.8345
6479 16.5327
6480 27.6714
6481 9.2792
6482 2.1732
6483 2.4109
6484 33.8604
6485 2.1778
6486 10.2573
6487 1.1650
6488 1.2579
6489 4.4444
6490 2.7036
6491 3.4094
6492 3.7765
6493 0.5403
6494 17.6754
6495 9.5163
6496 3.4116
6497 6.8369
6498 2.9260
6499 4.8509
6500 26.4847
6501 8.5569
6502 4.3052
6503 1.2228
6504 18.0767
6505 11.2838
6506 12.9374
6507 18.4834
6508 3.0644
6509 5.2446
6510 1.8523
6511 12.0002
6512 1.2487
6513 1.1157
6514 25.7843
6515 10.5514
6516 1.5893
6517 14.5674
6518 1.0470
6519 2.4709
6520 1.2246
6521 20.7956
6522 11.5623
6523 10.1180
6524 21.3263
6525 4.3226
6526 2.7449
6527 11.4860
6528 2.6155
6529 19.9487
6530 0.4582
6531 6.1900
6532 6.8570
6533 12.4405
6534 27.9939
6535 7.0700
6536 6.0099
6537 15.5594
6538 2.5577
6539 32.6009
6540 0.5013
6541 1.6400
6542 4.5285
6543 2.3183
6544 24.6483
6545 12.5776
6546 3.6749
6547 19.4245
6548 14.8743
6549 1.8271
6550 17.1405
6551 5.1852
6552 1.1369
6553 6.5794
6554 104.2290
6555 2.2434
6556 22.3281
6557 4.8620
6558 1.6099
6559 1.1832
6560 30.1490
6561 3.1163
6562 1.2716
6563 1.5849
6564 10.8204
6565 2.8630
6566 7.7843
6567 12.9609
6568 1.3505
6569 3.2714
6570 34.8233
6571 1.6957
6572 9.5952
6573 5.9853
6574 30.6680
6575 14.1976
6576 1.5773
6577 5.3316
6578 2.7532
6579 0.6067
6580 7.3339
6581 8.3412
6582 4.9193
6583 21.7518
6584 3.3099
6585 8.4203
6586 2.6411
6587 5.5682
6588 9.4199
6589 31.9487
6590 7.7197
6591 11.9049
6592 15.5916
6593 17.4843
6594 10.2201
6595 2.3939
6596 8.8318
6597 6.5216
6598 7.4363
6599 2.0061
6600 2.3302
6601 10.3449
6602 2.9776
6603 1.7077
6604 7.4907
6605 7.9496
6606 26.8577
6607 11.1098
6608 1.1752
6609 1.5595
6610 3.9723
6611 4.8040
6612 8.8430
6613 8.4310
6614 3.5364
6615 9.6800
6616 1.7391
6617 5.0524
6618 9.8754
6619 3.8133
6620 5.9714
6621 6.2700
6622 21.6440
6623 4.7335
6624 7.2108
6625 9.4263
6626 0.5689
6627 4.0235
6628 20.9659
6629 6.8348
6630 7.7509
6631 36.9631
6632 3.8414
6633 2.9400
6634 10.6655
6635 25.6272
6636 1.0597
6637 1.3643
6638   NaN
6639 12.0070
6640 2.7593
6641 43.7723
6642 0.7361
6643 4.2092
6644 4.1392
6645 1.3133
6646 14.3804
6647 8.7222
6648 1.0928
6649 11.6010
6650 32.9423
6651 10.1126
6652 10.5714
6653 6.0232
6654 14.6720
6655 7.2296
6656 7.8476
6657 17.6750
6658 1.2723
6659 2.8969
6660 1.9888
6661 27.0242
6662 9.7047
6663 10.8572
6664 3.3535
6665 0.3030
6666 10.5351
6667 3.4882
6668 19.9689
6669 19.8846
6670 1.3352
6671 7.7998
6672 3.0450
6673 16.2510
6674 16.9596
6675 4.4380
6676 0.6416
6677 18.0808
6678 5.8053
6679 2.1183
6680 11.1826
6681 18.7423
6682 3.2251
6683 12.6249
6684 10.5780
6685 9.3303
6686 14.8093
6687 4.2329
6688 9.4146
6689 2.5178
6690 0.8871
6691 6.8063
6692 9.4843
6693 3.4957
6694 7.8834
6695 0.7946
6696 1.9947
6697 4.8814
6698 1.3566
6699 23.0041
6700 13.0345
6701 38.0166
6702 25.1674
6703 10.6315
6704 13.5077
6705 2.8173
6706 1.8482
6707 8.2132
6708 5.1358
6709 4.1482
6710 8.9983
6711 8.3205
6712 27.4159
6713 14.0807
6714 6.8568
6715 16.4280
6716 3.0025
6717 11.6387
6718 5.2421
6719 31.4213
6720 2.9406
6721 3.9214
6722   NaN
6723 2.1026
6724 41.0117
6725 4.7556
6726 3.6781
6727 1.3256
6728 14.5889
6729 41.6878
6730 40.5726
6731 21.4562
6732 3.7207
6733 10.7318
6734 9.0376
6735 19.3264
6736 10.0242
6737 5.6990
6738 7.1635
6739 9.5799
6740 2.9530
6741 12.7152
6742 10.6797
6743 3.8344
6744 18.4293
6745 0.9004
6746 5.4026
6747 0.9115
6748 4.7916
6749 3.1246
6750 30.7039
6751 8.0267
6752 2.0258
6753 13.9581
6754 11.0918
6755 3.4228
6756 7.8321
6757 20.8236
6758 11.2839
6759 17.0665
6760 3.9687
6761 6.9332
6762 4.1554
6763 5.3554
6764 17.6592
6765 13.8013
6766 2.1170
6767 8.9388
6768 13.0825
6769 37.0606
6770 3.1720
6771 25.1279
6772 2.9111
6773 3.6070
6774 12.0893
6775 2.8895
6776 1.1043
6777 7.5682
6778 19.6987
6779 7.7571
6780 14.2274
6781 1.8104
6782 37.7579
6783 1.2033
6784 0.9905
6785 5.5090
6786 13.7893
6787 2.1975
6788 3.4536
6789 14.4574
6790 1.3856
6791 7.9251
6792 0.6739
6793 6.7130
6794 1.5279
6795 13.2798
6796 10.5529
6797 7.8315
6798 16.4866
6799 16.8010
6800 7.2710
6801 14.7599
6802 1.2403
6803 1.8522
6804 6.5986
6805 17.2954
6806 19.3674
6807 6.2498
6808 2.4153
6809 4.1173
6810 0.9525
6811 10.5287
6812 1.3311
6813 6.7204
6814 14.5403
6815 19.1615
6816 9.4150
6817 6.0714
6818 11.1466
6819 5.6150
6820 6.2967
6821 8.0654
6822 0.8264
6823 6.8736
6824   NaN
6825 5.5487
6826 30.1595
6827 1.6896
6828 4.8045
6829 1.8947
6830 21.1547
6831 9.0858
6832 15.6286
6833 5.8132
6834 1.4261
6835 8.1438
6836 5.0950
6837 11.5377
6838 8.3882
6839   NaN
6840 22.7041
6841 10.2272
6842 10.1564
6843 9.2166
6844 1.0612
6845 6.0043
6846 12.9691
6847 19.4495
6848 0.8932
6849 2.9692
6850 12.5003
6851 6.5322
6852 2.5418
6853 1.1248
6854 24.2749
6855   NaN
6856 9.8716
6857 13.3365
6858 6.0624
6859 2.6179
6860 3.2618
6861 17.0224
6862 7.8138
6863 2.2875
6864 24.3802
6865 3.8848
6866 17.7457
6867 4.8828
6868 4.9810
6869 17.2772
6870 8.9884
6871 7.7329
6872 9.9924
6873 25.4184
6874 11.8428
6875 8.8233
6876 1.2549
6877 0.9437
6878 3.3967
6879 5.5030
6880 7.6286
6881 2.2643
6882 5.7072
6883 7.3290
6884 24.7992
6885 5.5229
6886 15.2318
6887 32.9979
6888 9.2675
6889 7.6218
6890 0.7977
6891 3.4116
6892 0.8825
6893 8.2811
6894 2.5974
6895 36.3931
6896 11.3920
6897 1.0188
6898 7.3439
6899 14.0627
6900 4.5842
6901 9.6808
6902 17.7891
6903 35.5754
6904 4.8314
6905 27.0052
6906 6.2609
6907 0.4377
6908 28.5748
6909 4.9933
6910 2.4999
6911 17.9241
6912 1.5913
6913 16.8603
6914 8.5524
6915 16.6004
6916 7.6641
6917 3.4763
6918 3.2618
6919 0.5268
6920 5.6437
6921 0.8777
6922 2.8770
6923 11.8093
6924 15.5915
6925 33.1117
6926 1.5804
6927 3.0182
6928 3.6979
6929 6.5069
6930 5.0359
6931 16.6872
6932 3.1889
6933 8.9086
6934 0.6562
6935 12.8135
6936 2.1594
6937 1.0923
6938 2.1675
6939 17.5093
6940 33.0973
6941 5.3191
6942 1.0319
6943 26.1323
6944 8.8671
6945 13.0582
6946 4.2768
6947 9.7623
6948 11.7440
6949 2.8243
6950 7.2502
6951 33.1394
6952 9.5942
6953 3.4717
6954 1.0012
6955 0.5499
6956 3.8026
6957 36.5551
6958 1.8913
6959 2.4451
6960 10.6804
6961 6.2045
6962 3.3316
6963 0.4542
6964 9.2800
6965 4.1233
6966 0.2906
6967 22.8621
6968 3.1187
6969 6.5402
6970 5.8185
6971 6.7991
6972 36.1054
6973 26.3983
6974 17.5925
6975 18.8722
6976 13.1709
6977 8.8827
6978 18.1126
6979 27.0335
6980 3.6481
6981 0.2391
6982 3.1858
6983 14.1184
6984 1.1082
6985 1.1877
6986 13.8642
6987 2.0769
6988 7.4274
6989 0.9993
6990 10.2997
6991 10.1150
6992 3.2401
6993 9.6753
6994 1.1515
6995 5.3291
6996 4.1800
6997 1.4176
6998 11.5491
6999 18.5723
7000 3.7644
7001 13.5071
7002 3.4486
7003 11.7135
7004 9.6437
7005 6.3611
7006 2.3291
7007 0.6347
7008 4.6736
7009 15.3742
7010 12.7705
7011 14.6646
7012 2.9542
7013 8.8192
7014 4.8731
7015 1.0529
7016 8.6491
7017 1.5832
7018 9.6626
7019 2.5567
7020 5.4801
7021 1.0242
7022 11.2819
7023 3.9652
7024 0.4319
7025 2.6905
7026 11.3205
7027 5.1048
7028 11.9679
7029 15.0164
7030 3.8573
7031 0.7459
7032 8.2389
7033 1.5176
7034 0.3797
7035 4.7715
7036 4.9008
7037 3.0258
7038 1.2731
7039 4.7705
7040 9.7164
7041 10.2894
7042 3.1039
7043 2.4323
7044 9.9762
7045 13.6797
7046 5.1304
7047 1.5925
7048 1.7426
7049 27.0377
7050 20.0086
7051 37.9869
7052 15.0917
7053 5.8623
7054 6.4701
7055 2.7455
7056 18.2436
7057 20.1877
7058 3.3082
7059 3.2028
7060 9.5924
7061 2.1368
7062 11.1794
7063 4.5264
7064 6.6084
7065 17.2862
7066 7.9757
7067 12.7990
7068 10.0216
7069 8.6373
7070 3.0559
7071 1.5724
7072 9.6328
7073 5.1156
7074 7.0979
7075 5.5834
7076 6.7647
7077 1.2423
7078 2.0888
7079   NaN
7080 9.4525
7081 8.2903
7082 2.1312
7083 0.5463
7084 3.4964
7085 1.7003
7086 8.8857
7087 10.6253
7088 24.0508
7089 4.5664
7090 10.3169
7091   NaN
7092 7.8273
7093 8.2188
7094 15.0380
7095 5.1741
7096 1.8189
7097 4.7467
7098 6.8542
7099 9.5669
7100 10.5129
7101 4.8252
7102 21.2437
7103 3.4517
7104 2.2821
7105 5.4205
7106 3.8923
7107 29.2027
7108 8.8136
7109 7.2517
7110   NaN
7111 18.6608
7112 0.3273
7113 2.0696
7114 2.1548
7115 13.6938
7116 30.2086
7117 5.8390
7118 7.0829
7119 1.1492
7120 6.9981
7121 2.7649
7122 18.8276
7123 29.4930
7124 6.4236
7125 1.6659
7126 15.5632
7127 7.6273
7128 8.4964
7129 20.3234
7130 12.2422
7131 10.7888
7132 10.6649
7133 4.4777
7134 5.9728
7135 2.4209
7136 17.1607
7137 19.1042
7138 13.7609
7139 14.4870
7140 10.8954
7141 10.5052
7142 16.1266
7143 3.0093
7144 33.6397
7145 28.2066
7146 10.5203
7147 0.3979
7148 10.7992
7149 2.4666
7150 0.8237
7151 1.1409
7152 10.7576
7153 8.2408
7154 4.2187
7155 18.6079
7156 3.9361
7157 2.3035
7158 3.9650
7159 18.2063
7160 14.1829
7161 3.2820
7162 4.3003
7163 3.1157
7164 6.3573
7165 8.5010
7166 4.3646
7167 2.0795
7168 4.2464
7169 25.7581
7170 4.6917
7171 25.9042
7172 20.3335
7173 2.7672
7174 11.3054
7175 1.3467
7176 4.3355
7177 2.0854
7178 2.5902
7179 27.2365
7180 9.0162
7181 10.7923
7182 11.3289
7183 7.7966
7184 4.6916
7185 18.5581
7186 9.2070
7187 11.7809
7188 5.1788
7189 1.6093
7190 10.6041
7191 14.9018
7192 1.9607
7193 4.6855
7194 6.9030
7195 9.8019
7196 10.9778
7197 14.6867
7198 3.8930
7199 19.0352
7200 0.5663
7201 6.2143
7202 6.2010
7203 12.8959
7204 9.3750
7205 25.0337
7206 1.4110
7207 5.5411
7208 3.3955
7209 3.0999
7210 3.5210
7211 1.3848
7212 4.2673
7213 30.8933
7214 8.9062
7215 1.4984
7216 3.6611
7217 9.7791
7218 2.0955
7219 1.5761
7220 21.1414
7221 5.6643
7222 13.6520
7223 2.1588
7224 24.1249
7225 6.3469
7226 0.9384
7227 24.5087
7228 3.6191
7229 12.4693
7230 6.3161
7231 3.4226
7232 1.3866
7233 8.1492
7234 11.4402
7235 8.2802
7236 4.8682
7237 0.9345
7238 2.2494
7239 10.6232
7240 5.9091
7241 11.7389
7242 3.4265
7243 26.1414
7244 4.0385
7245 3.9288
7246 4.4018
7247 1.1708
7248 8.1086
7249 0.6430
7250 7.1792
7251 3.9878
7252 36.3668
7253 11.5594
7254 10.1814
7255 1.9774
7256 7.0061
7257 2.2423
7258 1.4242
7259 2.3213
7260 22.7045
7261 10.3584
7262 9.8876
7263 16.3656
7264 6.0133
7265 12.5335
7266 9.6181
7267 7.5124
7268 28.6803
7269 25.4420
7270 7.2841
7271 4.2725
7272 2.1115
7273 7.0432
7274 2.2091
7275 14.3442
7276 7.8058
7277 12.5155
7278 2.9579
7279 15.7136
7280 22.7420
7281 10.3319
7282 0.1011
7283 7.7811
7284 24.7804
7285 22.6831
7286 3.9655
7287 6.3989
7288 13.0504
7289 6.9882
7290 21.7452
7291 10.6154
7292 33.2388
7293 7.1537
7294 0.4017
7295 18.1269
7296 8.8873
7297 6.7584
7298 18.0294
7299 3.9187
7300 9.2777
7301 14.9329
7302 6.2018
7303 33.1739
7304 5.5659
7305 23.0657
7306 2.9851
7307 10.8739
7308 18.6653
7309 1.8835
7310 4.4052
7311 7.8206
7312 10.6297
7313 16.2796
7314 10.7419
7315 3.7707
7316 3.2678
7317 5.2810
7318 5.4210
7319 8.1111
7320 2.1711
7321 2.4921
7322 5.2241
7323 3.9151
7324 6.1743
7325 8.9314
7326 12.9034
7327 5.0455
7328 6.3593
7329 4.9765
7330 10.7117
7331 4.9459
7332 5.5525
7333 7.6553
7334 13.0606
7335 8.0631
7336 6.2121
7337 2.1507
7338 5.6154
7339 21.5528
7340 1.0487
7341 9.7006
7342 1.8948
7343 20.5844
7344 31.2132
7345 6.4750
7346 7.6310
7347 11.2916
7348 9.4939
7349 15.5915
7350 22.8430
7351 0.8097
7352 1.3303
7353 3.4567
7354 1.6020
7355 5.7606
7356 3.8598
7357 2.2944
7358 2.8829
7359 13.8862
7360 3.8536
7361 12.7548
7362 2.0817
7363 13.0055
7364 0.9968
7365 23.9215
7366 9.7753
7367 5.0907
7368 0.8536
7369 2.1703
7370 9.3192
7371 5.5310
7372 6.0721
7373 21.7588
7374 20.6462
7375 1.3675
7376 9.7808
7377 13.5546
7378 5.1850
7379 8.1599
7380 8.4426
7381 9.1997
7382 10.9811
7383 12.3156
7384 17.6594
7385 2.6393
7386 12.2997
7387 7.2443
7388 18.3617
7389 11.7370
7390 12.7753
7391 12.6491
7392 10.3328
7393 4.4765
7394 28.0994
7395 3.3262
7396 3.5925
7397 4.5803
7398 24.4910
7399 1.2544
7400 0.1067
7401 1.2237
7402 9.9499
7403 14.5987
7404 0.9950
7405 2.0872
7406 1.9904
7407 6.4521
7408 10.9548
7409 1.4244
7410 7.4931
7411 11.8819
7412 12.8006
7413 1.9960
7414 0.7133
7415 2.2524
7416 11.6570
7417 8.4321
7418 7.2861
7419 11.8764
7420 1.6194
7421 10.0207
7422 5.8036
7423   NaN
7424 8.9639
7425 8.3574
7426 2.9401
7427 6.6800
7428 1.0896
7429 4.6124
7430 3.7028
7431 2.5910
7432 26.8318
7433 0.3052
7434 11.5493
7435 4.5328
7436 1.1143
7437 15.1708
7438 6.2922
7439 5.0639
7440 3.1940
7441 6.8931
7442 1.8511
7443 3.8421
7444 4.7060
7445 16.0027
7446 3.3143
7447 22.4411
7448 10.6741
7449 5.2916
7450 3.4184
7451 1.3054
7452 4.4378
7453 3.8887
7454 8.4928
7455 17.7381
7456 1.8788
7457 7.4955
7458 31.1021
7459 3.0985
7460 4.8348
7461 8.3970
7462 19.8551
7463 3.4201
7464 2.3056
7465 4.6584
7466 21.8756
7467 1.5212
7468 13.8044
7469 1.8496
7470 31.7701
7471   NaN
7472 5.8688
7473 0.7876
7474 1.2814
7475 4.2692
7476 20.0626
7477 0.7515
7478 6.5252
7479 16.8443
7480 2.9138
7481 1.1450
7482 2.6260
7483 5.8614
7484 24.3532
7485 7.0570
7486 3.5153
7487 8.6527
7488 18.3912
7489 2.4941
7490 11.6806
7491 21.9154
7492 10.9414
7493 1.9213
7494 4.8336
7495 2.7159
7496 15.8611
7497 10.8967
7498 17.7865
7499 8.6393
7500 14.9217
7501 13.7666
7502 5.8245
7503 15.2492
7504 0.6568
7505 0.1633
7506 0.6079
7507 19.1828
7508 35.6684
7509 4.7215
7510 16.6793
7511 0.6564
7512 1.0087
7513 0.8223
7514 9.5582
7515 4.2393
7516 27.4334
7517 14.1658
7518 2.8308
7519 1.9070
7520 2.6975
7521 7.8099
7522 1.3806
7523 1.3751
7524 11.3581
7525 0.9489
7526 1.1331
7527 4.8362
7528 12.9268
7529 4.6910
7530 30.4707
7531 18.4369
7532 8.3167
7533 25.8641
7534 9.0686
7535 10.1105
7536 4.7498
7537 12.3559
7538 29.8240
7539 6.9386
7540 1.8475
7541 13.3634
7542 1.0580
7543 3.9237
7544 1.6470
7545 12.1627
7546 4.5894
7547 1.1479
7548 7.0408
7549 8.9496
7550 3.9708
7551 4.9429
7552 0.5894
7553 13.0574
7554 22.3128
7555 13.6945
7556 2.1438
7557 8.3066
7558 5.6734
7559 8.0975
7560 0.8341
7561 4.8681
7562 4.6100
7563 1.9283
7564 1.3400
7565 6.1828
7566 0.8084
7567 1.6779
7568 4.4921
7569 15.7373
7570 13.1852
7571 1.9486
7572 12.9498
7573 19.6713
7574 6.0850
7575 9.4072
7576 7.4430
7577 13.8516
7578 5.1905
7579 4.6998
7580 19.7370
7581 39.6156
7582 2.0893
7583 11.3459
7584 28.9291
7585 2.2251
7586 4.4012
7587 13.1061
7588 3.8070
7589 2.1636
7590 3.3481
7591 2.6779
7592 11.7762
7593 2.9883
7594 3.0947
7595 2.3602
7596 2.7453
7597 3.3542
7598 14.2906
7599 7.5440
7600 6.0821
7601 7.1204
7602 13.2834
7603 15.4233
7604 2.9094
7605 2.9805
7606 8.8109
7607 1.6341
7608 8.5882
7609 6.2637
7610 0.7244
7611 13.0709
7612 23.5364
7613 18.6329
7614 3.8300
7615 22.5791
7616 2.4863
7617 0.5464
7618 25.4145
7619 12.7835
7620 11.9166
7621 6.2982
7622 11.7691
7623 1.9080
7624 14.1812
7625 12.5815
7626 11.8069
7627 8.6837
7628 6.9371
7629 11.4392
7630 22.0807
7631 6.6137
7632 3.1694
7633 4.0744
7634 8.0768
7635 3.3951
7636 16.9197
7637 9.1294
7638 7.8227
7639 16.2929
7640 1.7766
7641 1.7250
7642 7.9079
7643 18.5453
7644 13.6150
7645 7.6752
7646 12.5335
7647 2.4605
7648 10.8174
7649 14.0285
7650 0.4039
7651 20.1634
7652 8.3248
7653 9.6306
7654 3.7472
7655 1.5539
7656 7.1810
7657 0.1621
7658 15.1922
7659 34.9454
7660 1.2240
7661 36.2358
7662 8.4961
7663 13.1898
7664 4.5083
7665 5.4789
7666 12.4669
7667 3.9263
7668 0.8120
7669 3.0183
7670 3.9447
7671 15.8925
7672 1.4397
7673 1.8700
7674 6.2314
7675 10.8704
7676 10.0516
7677 4.0722
7678 2.0587
7679 10.1716
7680 8.7707
7681 1.2667
7682 3.7808
7683 18.4602
7684 3.3356
7685 12.7197
7686 0.9915
7687 15.7265
7688 0.9315
7689 5.2924
7690 13.1423
7691 6.9034
7692 10.8279
7693 1.5604
7694 5.1802
7695 4.3181
7696 19.9367
7697 1.8973
7698 1.9548
7699 12.3682
7700 12.2444
7701 15.1835
7702 6.1056
7703 6.5955
7704 31.4811
7705 1.0170
7706 17.8427
7707 4.6549
7708 9.0130
7709 1.6232
7710 3.1453
7711 3.2976
7712 1.1138
7713 23.8230
7714 6.9844
7715 3.2331
7716 13.5169
7717 1.9435
7718 4.9725
7719 10.3384
7720 5.0309
7721 8.0873
7722 9.3634
7723 7.2065
7724 1.2515
7725 10.7788
7726 1.9580
7727 4.2295
7728 8.2488
7729 11.9328
7730 10.9607
7731 3.7943
7732 19.8551
7733 25.2729
7734 5.8883
7735 24.2243
7736 28.2607
7737 17.7303
7738 17.6643
7739 3.2474
7740 1.6352
7741 1.0133
7742 5.2519
7743 2.5894
7744 7.7615
7745 10.3612
7746 4.3524
7747 5.7333
7748 14.3079
7749 1.1566
7750 17.4364
7751 0.9756
7752 1.7060
7753 3.1384
7754 22.2526
7755 9.6671
7756 9.3531
7757 0.8717
7758 1.0278
7759 2.3092
7760 1.4260
7761 21.9171
7762 1.6871
7763 19.9018
7764 8.3712
7765 19.5266
7766 12.1887
7767 10.4079
7768 6.3674
7769 8.9223
7770 16.2919
7771 10.9148
7772 1.0568
7773 8.8945
7774 6.6843
7775 2.5762
7776 4.4728
7777 4.0545
7778 9.7469
7779 8.8975
7780 9.8607
7781 11.9627
7782 12.8018
7783 0.8367
7784 7.6029
7785 1.8318
7786 4.6258
7787 18.9705
7788 11.1429
7789 36.9923
7790 7.2756
7791 35.2713
7792 25.1625
7793 5.6622
7794 9.3397
7795 0.3208
7796 16.4515
7797 3.9286
7798 10.3926
7799 3.4079
7800 9.5074
7801 23.8041
7802 12.6189
7803 1.2305
7804 9.2547
7805 2.3419
7806 1.7165
7807 12.6823
7808 3.3864
7809 7.9434
7810 5.9453
7811 3.2278
7812 5.1096
7813 27.4540
7814 9.4480
7815 0.6453
7816 21.8672
7817 21.2738
7818 17.6372
7819 7.2294
7820 3.2910
7821 26.9565
7822 8.9883
7823 30.8072
7824 1.3594
7825 5.4872
7826 10.8725
7827 6.9987
7828 16.3113
7829 28.0649
7830 10.2708
7831 1.8307
7832 9.4993
7833 1.7736
7834 2.6600
7835 1.4882
7836 1.4681
7837 3.2976
7838 6.7047
7839   NaN
7840 13.0133
7841 5.6709
7842 5.2481
7843 29.9786
7844 2.3252
7845 20.1134
7846 2.2804
7847 3.8068
7848 1.5161
7849 8.5628
7850 26.3435
7851 1.6041
7852 11.5625
7853 1.2012
7854 19.5858
7855 10.4245
7856 1.8843
7857 54.0005
7858 2.7541
7859 5.3954
7860 18.7642
7861 7.1024
7862 15.0618
7863 5.1936
7864 26.9833
7865 6.7129
7866 0.8679
7867 11.6594
7868 1.7232
7869 1.7447
7870 3.1497
7871 3.0020
7872 11.7463
7873 1.3482
7874 4.8445
7875 1.1119
7876 2.9873
7877 7.9409
7878 4.7076
7879 29.9150
7880 0.6662
7881 9.1205
7882 3.9010
7883 9.6436
7884 4.5044
7885 29.1481
7886 7.4702
7887 6.2166
7888 5.8990
7889 4.6718
7890 7.2269
7891 18.3494
7892 12.8938
7893 25.9727
7894 4.7108
7895 3.5754
7896 7.9971
7897 11.3408
7898 6.8983
7899 10.2713
7900 4.5349
7901 19.2922
7902 21.6740
7903 0.6626
7904 8.5721
7905 9.0412
7906 9.3840
7907 18.5731
7908 8.8169
7909 27.0239
7910 2.6459
7911 2.0453
7912 8.4537
7913 8.3306
7914 21.6790
7915 1.7984
7916 21.1444
7917 7.4513
7918 2.1552
7919 6.2265
7920 14.6113
7921 1.7079
7922 4.0189
7923 1.4546
7924 4.0261
7925 2.2879
7926 11.1009
7927 16.8828
7928 0.2463
7929 2.6184
7930 5.4108
7931 7.1772
7932 6.3298
7933 11.8019
7934 11.1440
7935 14.4499
7936 1.7961
7937 27.0067
7938 6.8437
7939 8.3887
7940 8.3613
7941 4.4515
7942 8.9716
7943   NaN
7944 11.3542
7945 7.7119
7946 9.9831
7947 4.8748
7948 1.8206
7949 8.0294
7950 10.1888
7951 11.4623
7952 5.3145
7953 1.2472
7954 2.5474
7955 4.3782
7956 3.2806
7957 4.8112
7958   NaN
7959 11.3817
7960 10.9829
7961 10.5879
7962 28.9382
7963 2.1764
7964 2.3828
7965 15.9225
7966 9.5579
7967 8.8542
7968 22.5407
7969 7.7241
7970 17.3114
7971 10.4114
7972 12.7711
7973 3.1918
7974 2.5168
7975 2.5788
7976 2.8919
7977 8.1698
7978 2.3630
7979 1.3990
7980 1.9259
7981 11.9864
7982 28.1136
7983 2.4442
7984 5.2901
7985 2.3585
7986 17.7638
7987 11.6971
7988 17.0899
7989 17.6271
7990 5.6816
7991 5.7881
7992 5.3166
7993 3.4432
7994 6.9073
7995 2.1694
7996 2.6600
7997 10.0415
7998 9.5156
7999 4.7983
8000 12.0226
8001 11.6055
8002 2.1859
8003   NaN
8004 5.7484
8005 1.4163
8006 10.4796
8007 6.2599
8008 6.1442
8009 31.7459
8010 36.6641
8011 0.9131
8012 5.2666
8013 8.8517
8014 3.2144
8015 5.6841
8016 13.3961
8017 10.7587
8018 1.9321
8019 1.3601
8020 1.2522
8021 14.6360
8022 11.1185
8023 3.0650
8024 9.9246
8025 10.1634
8026 2.8815
8027 2.2211
8028 1.1540
8029 1.6315
8030 18.6979
8031 16.1754
8032 1.1374
8033 2.6102
8034 16.9987
8035 2.8580
8036 17.2669
8037 1.4150
8038 0.2840
8039 2.9797
8040 1.9891
8041 22.6789
8042 34.6061
8043 2.0875
8044 0.5903
8045 9.3325
8046 1.5453
8047 0.5593
8048 7.2825
8049 18.9360
8050 16.8978
8051 22.5384
8052 12.8473
8053 1.1015
8054 5.7908
8055 0.8441
8056 0.9087
8057 13.2302
8058 0.8385
8059 2.0545
8060 19.2124
8061 20.0512
8062 2.2393
8063 8.4210
8064 8.0129
8065 10.4848
8066 12.3727
8067 8.4162
8068 1.9917
8069 8.2994
8070 24.7009
8071 2.7421
8072 6.8960
8073 18.6736
8074 6.2954
8075 20.5101
8076 13.0149
8077 11.6513
8078 14.8956
8079 9.2439
8080 9.2690
8081 4.0032
8082 13.0886
8083 2.1557
8084 2.5396
8085 13.2085
8086 6.4372
8087 15.7182
8088 7.6201
8089 11.5907
8090 10.5866
8091 2.7242
8092 5.9395
8093 2.5688
8094 5.3581
8095 12.9447
8096 2.6057
8097 8.4246
8098 13.2845
8099   NaN
8100 2.2471
8101 11.8456
8102 0.5969
8103 4.8119
8104 7.0368
8105 12.0847
8106 22.7575
8107 21.5134
8108 16.8015
8109 25.7350
8110 2.7101
8111 17.3938
8112 1.2483
8113 7.8697
8114 8.1092
8115 19.4005
8116 4.5622
8117 2.0077
8118 2.5811
8119 12.1686
8120 1.4935
8121 1.1726
8122 6.9280
8123 3.7296
8124 4.2808
8125 6.4702
8126 33.2847
8127 13.2878
8128 3.0826
8129 13.9728
8130 5.0659
8131 5.1689
8132 0.8375
8133 1.2038
8134 8.2039
8135 6.1799
8136 31.4005
8137 2.4142
8138 7.9644
8139 0.6532
8140 14.0643
8141 17.3086
8142 8.3576
8143 13.5211
8144 6.4411
8145 9.0534
8146 17.7927
8147 1.4867
8148 1.1571
8149 0.2142
8150 10.9182
8151 21.9343
8152 10.9557
8153 0.7241
8154 3.5127
8155 4.0184
8156 4.2666
8157 24.9543
8158 5.8656
8159 23.1282
8160 6.8752
8161 0.2762
8162 4.1474
8163 0.4116
8164 4.7392
8165 2.9310
8166 3.0099
8167 7.7270
8168 1.3826
8169 13.4125
8170 6.1124
8171 6.2358
8172 4.7680
8173 8.9326
8174 11.7547
8175 1.7021
8176 23.1998
8177 2.2081
8178 0.9803
8179 4.9764
8180 21.6674
8181 18.0527
8182 0.6314
8183 8.8313
8184 17.8880
8185 4.3689
8186 12.6102
8187 3.0774
8188 23.8913
8189 6.4796
8190 1.4184
8191 32.7056
8192 35.2598
8193 2.1477
8194 6.9152
8195 3.0144
8196 4.9029
8197 7.5108
8198 0.8709
8199 4.9763
8200 2.8087
8201 3.9123
8202 15.1870
8203 3.6306
8204 5.1069
8205 14.1808
8206 2.7109
8207 13.5497
8208 5.0724
8209 14.5064
8210 2.6752
8211 1.7720
8212 4.0580
8213 0.9241
8214 2.4576
8215 7.0569
8216 10.6393
8217 1.3937
8218 2.7349
8219 14.6871
8220 2.1006
8221 6.6692
8222 0.6624
8223 9.1709
8224 7.9248
8225 20.9758
8226 9.9511
8227 19.4993
8228 1.4693
8229 13.9675
8230 9.7860
8231 2.9274
8232 6.3368
8233 0.2685
8234 2.7192
8235 7.0130
8236 14.5561
8237 6.7115
8238 1.2581
8239 12.7432
8240 15.8966
8241 22.6198
8242 2.0505
8243 10.6972
8244 1.9947
8245 9.1182
8246 3.2434
8247 13.6849
8248 0.7870
8249 4.7694
8250 2.9114
8251 5.8290
8252 15.1753
8253 19.2711
8254 8.2414
8255 1.5064
8256 17.8020
8257 10.5682
8258 10.6310
8259 9.1960
8260 9.9210
8261 12.7928
8262 7.5021
8263 11.2445
8264   NaN
8265 16.5757
8266 1.2417
8267 5.8288
8268 17.0655
8269 7.2492
8270 17.2403
8271 1.8909
8272 9.4750
8273 4.6650
8274 6.9419
8275 14.5665
8276 2.5462
8277 10.7483
8278 3.7004
8279 4.7251
8280 19.0675
8281 12.2264
8282 1.0345
8283 13.0488
8284 11.9083
8285 4.8556
8286 14.7667
8287 3.1938
8288 5.3510
8289 2.7697
8290 7.0629
8291 4.9512
8292 18.7449
8293 6.8275
8294 1.9640
8295 2.9157
8296 6.5119
8297 2.9153
8298 26.1326
8299 12.8299
8300 1.1258
8301 3.1284
8302 5.9795
8303 4.5511
8304 7.9659
8305 3.8713
8306 10.6011
8307 5.7261
8308 7.1863
8309 1.1660
8310 7.4570
8311 1.5398
8312 21.4805
8313 9.0903
8314 12.2190
8315 6.5310
8316 8.7414
8317 24.4294
8318 9.3517
8319 6.8186
8320 21.3798
8321 0.3623
8322 30.5535
8323 28.2278
8324 4.1413
8325 16.2236
8326 9.8827
8327 8.3875
8328 27.5848
8329 7.0731
8330 4.2714
8331 3.9958
8332 4.0795
8333 3.9723
8334 1.9883
8335 1.9243
8336 3.1101
8337 16.7448
8338 1.5122
8339 4.7900
8340 7.1320
8341 1.9453
8342 3.8168
8343 4.3977
8344 0.5258
8345 5.7656
8346 15.1698
8347 6.2626
8348 0.5565
8349 6.9133
8350 5.6976
8351 6.2397
8352 3.4597
8353 10.3826
8354 1.3745
8355 8.2795
8356   NaN
8357 7.6134
8358 1.0082
8359 10.3768
8360 1.0535
8361 1.7998
8362 22.5401
8363 6.4673
8364 11.1329
8365 6.5630
8366 7.2370
8367 4.2659
8368 1.7157
8369 6.9426
8370 1.2745
8371 10.9046
8372 6.0469
8373 8.4448
8374 4.1300
8375 11.7436
8376 1.4584
8377 2.0931
8378 0.6615
8379 11.0594
8380 32.1895
8381 1.5435
8382 5.6862
8383 2.4588
8384 15.2649
8385 30.4783
8386 1.9351
8387 4.8647
8388 0.7487
8389 17.3903
8390 7.8129
8391 5.6929
8392 15.4190
8393 24.7052
8394 31.1781
8395 1.7540
8396 9.9370
8397 12.3701
8398 16.6029
8399 2.6272
8400 12.3695
8401 23.6100
8402 4.0022
8403 9.6166
8404 0.1964
8405 11.2316
8406 7.1024
8407 1.3742
8408 3.2634
8409 14.2191
8410 12.5961
8411 22.7088
8412 3.4303
8413   NaN
8414 15.6032
8415 3.6781
8416 10.1146
8417 4.5432
8418 25.5950
8419 2.2044
8420 0.6581
8421 2.2918
8422 6.5694
8423 2.0854
8424 18.0535
8425 17.7919
8426 13.1020
8427 5.8943
8428 2.8403
8429 31.9769
8430 2.3033
8431 2.5100
8432 17.5359
8433 11.7739
8434 9.4970
8435 9.9906
8436 5.6402
8437 5.7162
8438 3.0083
8439 12.0415
8440 6.3290
8441 14.4452
8442 14.2121
8443 6.0453
8444 2.8315
8445 13.0216
8446 16.7077
8447 8.0706
8448 14.5740
8449 9.6657
8450 2.3250
8451 15.9152
8452 25.1735
8453 21.4103
8454 24.1252
8455 4.0902
8456 1.0720
8457 5.1864
8458 8.4896
8459 11.0665
8460 6.2305
8461 8.2832
8462 8.2601
8463 11.5264
8464 15.5198
8465 4.9283
8466 4.3062
8467 3.2290
8468 3.2119
8469 1.8865
8470 22.9185
8471 5.6692
8472 37.6251
8473 6.3430
8474 0.6460
8475 12.7631
8476 0.6691
8477 11.5971
8478 4.9539
8479 4.3400
8480 14.2854
8481 25.4489
8482 4.7132
8483 1.7967
8484 11.9088
8485 9.7155
8486 0.4623
8487 7.0742
8488 10.1296
8489 3.5404
8490 0.5080
8491 5.4202
8492 3.2455
8493 0.9178
8494 20.7177
8495 1.2856
8496 0.4013
8497 13.5264
8498 6.2480
8499 6.5078
8500 20.8567
8501 3.8006
8502 6.4473
8503 2.7685
8504 1.6764
8505 0.2636
8506 0.7056
8507 7.5433
8508 1.7890
8509 2.1618
8510 2.3188
8511 8.1681
8512 8.7622
8513 22.8968
8514 5.5780
8515 33.7000
8516 5.4376
8517 7.4683
8518 5.7563
8519 5.8309
8520 19.1031
8521 4.4651
8522 0.4778
8523 2.4086
8524 2.4335
8525 14.6802
8526 1.5129
8527 6.6566
8528 3.0963
8529 6.4141
8530 0.5316
8531 11.3858
8532 13.8516
8533 12.2491
8534 16.1634
8535 22.6776
8536 7.0001
8537 12.2175
8538 10.6377
8539 12.5571
8540 10.9039
8541 2.0395
8542 10.3074
8543 12.3694
8544 27.4249
8545 2.8042
8546 2.0879
8547 12.7753
8548 30.8560
8549 5.5861
8550 0.8668
8551 5.1863
8552 14.5496
8553 1.6858
8554 4.4784
8555 0.9911
8556 1.3244
8557 17.8535
8558 30.9184
8559 27.2839
8560 4.6771
8561 0.7815
8562 6.0309
8563 2.4772
8564 1.8507
8565 40.4079
8566 2.4058
8567 18.7221
8568 1.8003
8569 0.3782
8570 13.8371
8571 2.5327
8572 3.5295
8573 5.3369
8574 4.3417
8575 0.9696
8576 5.3409
8577 1.1500
8578 7.0473
8579 29.0603
8580 8.8477
8581 34.6848
8582 6.3670
8583 35.2982
8584 16.3822
8585 7.3702
8586 21.8654
8587 3.4982
8588 10.4508
8589 7.9902
8590 10.0814
8591 4.8038
8592 4.4368
8593 3.9556
8594 9.4988
8595 1.8421
8596 0.6807
8597 2.1142
8598 5.9791
8599 8.5243
8600 17.3262
8601 1.6555
8602 3.9525
8603 8.9853
8604 12.2642
8605 10.2778
8606 2.3553
8607 3.3733
8608 1.0359
8609 17.1810
8610 4.5821
8611 0.7124
8612 3.8559
8613 27.5190
8614 0.6952
8615 2.3512
8616 5.1531
8617 3.3924
8618 8.4143
8619 6.1938
8620 7.2684
8621 15.1933
8622 1.2073
8623 2.4628
8624 6.1226
8625 1.4840
8626 0.7056
8627 5.1555
8628 0.9545
8629 0.6634
8630 1.1272
8631   NaN
8632 1.4731
8633 7.6812
8634 12.3443
8635 5.3683
8636 6.9480
8637 0.4176
8638 1.8894
8639 6.7971
8640 9.0389
8641 8.6031
8642 4.3128
8643 1.7034
8644 20.0607
8645 3.0317
8646 10.9980
8647 31.2010
8648 4.2306
8649 4.5405
8650 1.7775
8651 13.8169
8652 7.4198
8653 3.8530
8654 2.2996
8655 5.1169
8656 8.7678
8657 3.3049
8658 5.9425
8659 1.6321
8660 0.9086
8661 3.5127
8662 18.0899
8663 7.7015
8664 3.5434
8665   NaN
8666 24.1751
8667 1.4188
8668 6.0194
8669 2.8739
8670 11.2281
8671 23.5457
8672 1.9741
8673 10.5663
8674 10.4339
8675 5.5508
8676 3.2249
8677 5.6528
8678 3.6961
8679 19.5576
8680 17.8190
8681 1.1439
8682 11.7081
8683 8.7259
8684 0.8605
8685 10.3978
8686 2.1868
8687 10.2655
8688 3.8856
8689 11.0302
8690 35.9294
8691 13.2540
8692 0.5996
8693 2.7210
8694 0.6476
8695 4.8804
8696 0.8460
8697 3.6219
8698 4.5674
8699 12.0602
8700 7.7194
8701 25.8765
8702 4.1020
8703 9.2156
8704 26.0340
8705 15.9625
8706 0.6557
8707 6.4046
8708 21.3921
8709 32.4416
8710 5.1713
8711 18.2576
8712 15.5309
8713 21.8960
8714 23.0827
8715 25.3265
8716 16.1491
8717 6.9454
8718 6.7071
8719 5.4755
8720 4.3191
8721 0.9473
8722 2.4502
8723 12.0615
8724 8.0702
8725 2.9717
8726 1.8612
8727 18.3119
8728 17.1562
8729 5.6760
8730 20.0664
8731 1.5372
8732 8.7253
8733 16.6090
8734 9.6788
8735 7.1629
8736 3.4852
8737 1.4063
8738 4.8813
8739 24.6547
8740 12.8492
8741 7.0775
8742 2.2607
8743 9.8560
8744 4.7719
8745 12.7555
8746 9.9965
8747 1.3240
8748 22.5558
8749 5.1270
8750 5.1963
8751 22.0020
8752 22.6752
8753 4.7912
8754 2.1077
8755 26.4315
8756 8.9757
8757 0.7334
8758 6.6700
8759 0.5447
8760 14.6631
8761 1.7343
8762 4.1169
8763 7.9989
8764 19.7903
8765 13.7301
8766 1.1816
8767 5.1230
8768 17.8268
8769 9.3859
8770 30.7804
8771 27.0055
8772   NaN
8773 15.4584
8774 12.6860
8775 1.1094
8776 9.9559
8777 7.3024
8778 1.2294
8779 6.2102
8780 5.9961
8781 9.9232
8782 7.6101
8783 2.2241
8784 1.4831
8785 5.7342
8786 3.1527
8787 9.6955
8788 9.9729
8789 17.7554
8790 8.2457
8791 0.9243
8792 1.3458
8793 5.8357
8794 10.4269
8795 30.2989
8796 10.4397
8797 15.9300
8798 0.4622
8799 1.9941
8800 1.7699
8801 12.9656
8802 2.6570
8803 4.6938
8804 12.0089
8805 15.1406
8806   NaN
8807   NaN
8808 18.2790
8809 1.0243
8810 10.9195
8811 5.2906
8812 12.1042
8813 20.3009
8814 0.6089
8815 8.5949
8816 8.1566
8817 7.4402
8818 2.1671
8819 2.0716
8820 4.2668
8821 19.3443
8822 8.8227
8823 2.7290
8824 26.8262
8825 30.7242
8826 4.6407
8827 19.2123
8828 2.7049
8829 1.1408
8830 6.4368
8831 14.4991
8832 1.7828
8833 7.0994
8834 12.1398
8835 23.7941
8836 14.1825
8837 10.5090
8838 8.2749
8839 1.0545
8840 1.4714
8841 16.8055
8842 19.7486
8843 1.6212
8844 11.8193
8845 34.2534
8846 6.8788
8847 4.7777
8848 11.5252
8849 7.1638
8850 7.7210
8851 10.6635
8852 5.1877
8853 3.7768
8854 3.1018
8855 4.5314
8856 14.2012
8857 28.0409
8858 6.1955
8859 15.1294
8860 0.7356
8861 9.9160
8862 2.3325
8863 10.1623
8864 1.9393
8865 2.8185
8866 8.3591
8867 5.7602
8868 0.1802
8869 6.4567
8870 0.1414
8871 1.1254
8872 6.1834
8873 5.6593
8874 1.6305
8875 5.7021
8876 2.1843
8877 25.7697
8878 12.4067
8879 1.1148
8880 0.4754
8881 18.9541
8882 6.2100
8883 1.9134
8884 5.5415
8885 11.2109
8886 5.7905
8887 12.1709
8888 12.7660
8889 0.6747
8890 5.2954
8891 19.8923
8892 32.2226
8893 8.7662
8894 19.9859
8895 4.6210
8896 4.4195
8897 7.1123
8898 0.7592
8899 4.4190
8900 24.3583
8901 11.7631
8902 28.5019
8903 6.5511
8904 12.8446
8905 6.9172
8906 3.4149
8907 10.7349
8908 7.3688
8909 3.2641
8910 0.7728
8911 22.7342
8912 2.0799
8913 7.5840
8914 2.0595
8915 2.1587
8916 2.2539
8917 10.6902
8918 8.7330
8919 14.4530
8920 5.8075
8921 13.5455
8922 9.4730
8923 12.7810
8924 1.1089
8925 9.7068
8926 0.7013
8927 8.4189
8928 11.0023
8929 22.7416
8930 3.6995
8931 3.7206
8932 17.5945
8933 27.4603
8934 11.5559
8935 0.9451
8936 0.6305
8937 16.5992
8938 4.8646
8939 6.7364
8940 1.8202
8941 2.9986
8942 21.3790
8943 9.5329
8944 2.2351
8945 11.6325
8946 6.5975
8947 7.8091
8948 2.9022
8949 8.1663
8950 16.2368
8951 2.0011
8952 40.3720
8953 2.7673
8954 12.8568
8955 15.1251
8956 8.1509
8957 1.0612
8958 4.4425
8959 26.1452
8960 1.2249
8961 11.0452
8962 4.8629
8963 1.4660
8964 9.4283
8965 4.8456
8966 8.1395
8967 0.7614
8968 9.0592
8969 8.7152
8970 4.2334
8971 2.2241
8972 6.5839
8973 7.8280
8974 3.8442
8975 3.7008
8976 7.9042
8977 8.4300
8978 13.7133
8979 3.9697
8980 0.9204
8981 2.5835
8982 6.2137
8983 8.5531
8984 10.5344
8985 0.7163
8986 4.0186
8987 9.0993
8988 3.3782
8989 3.0255
8990 1.5811
8991 1.5948
8992 4.5112
8993 4.6627
8994 5.5715
8995 8.5311
8996 10.6149
8997 13.4085
8998 2.1087
8999 6.0897
9000 0.3380
9001 6.1769
9002 8.2317
9003 1.0326
9004 9.1664
9005 0.5218
9006 8.3401
9007 2.9677
9008 18.5066
9009 3.1122
9010 7.4949
9011 0.5912
9012 1.8552
9013 10.7743
9014 24.8971
9015 0.7620
9016 5.3614
9017 36.1781
9018 11.6555
9019 9.0748
9020 5.2181
9021 26.6386
9022 1.3429
9023 26.5047
9024 1.5239
9025 10.3216
9026 7.9350
9027 26.3646
9028 17.5988
9029 0.6058
9030 2.0131
9031 3.0899
9032 22.1745
9033 24.8179
9034 4.9658
9035 18.0980
9036 15.8784
9037 5.3528
9038 0.9033
9039 19.6383
9040 1.6139
9041 0.8090
9042 2.6192
9043 4.2472
9044 4.5672
9045 10.4073
9046 4.6614
9047 3.0396
9048 1.7910
9049 3.1129
9050 5.6955
9051 5.5371
9052 8.6023
9053 10.7773
9054 2.4095
9055 22.3303
9056 1.5128
9057 12.0921
9058 8.5211
9059 3.0744
9060 7.0826
9061 19.6680
9062 1.0926
9063 13.2981
9064 4.8792
9065 30.4287
9066 8.3744
9067 1.2757
9068 1.9629
9069 21.6026
9070 1.7474
9071 3.3425
9072 4.8372
9073 2.3924
9074 5.5226
9075 17.7929
9076 21.7267
9077 1.4208
9078 16.7208
9079 5.8187
9080 12.7159
9081 18.1206
9082 21.5907
9083 13.6711
9084 0.4544
9085 8.4111
9086 10.1985
9087 1.5055
9088 1.3567
9089 8.5505
9090 0.3867
9091 31.9140
9092 5.6308
9093 2.7908
9094 2.3729
9095 14.2822
9096 5.8575
9097 0.2765
9098 8.9021
9099 19.8947
9100 4.2950
9101 25.5093
9102 5.2217
9103 5.0678
9104 2.0283
9105 36.8151
9106 13.9926
9107 6.8737
9108 9.6741
9109 7.4278
9110 2.3803
9111 1.6417
9112 19.0441
9113 5.8262
9114 12.2925
9115 0.6037
9116 2.0300
9117 11.6455
9118 1.2394
9119 10.6963
9120 3.3906
9121 3.5133
9122 7.4826
9123 26.3495
9124 9.7642
9125 19.6517
9126 8.4463
9127 10.9431
9128 2.0480
9129 2.7187
9130 13.4993
9131 3.6320
9132 10.7643
9133 10.0705
9134 5.7210
9135 1.1871
9136 2.1614
9137 7.8895
9138 0.3940
9139 7.1578
9140 10.0586
9141 16.3373
9142 6.4917
9143 0.9732
9144 2.3284
9145 12.3007
9146 2.0407
9147 2.4082
9148 3.6370
9149 2.8790
9150 6.2592
9151 19.0298
9152 5.9494
9153 8.6845
9154 5.9961
9155 8.8511
9156 6.3929
9157 12.7991
9158 13.1668
9159 4.0430
9160 7.2962
9161 2.8682
9162 7.3177
9163 2.7866
9164 2.9302
9165 27.6242
9166 4.7351
9167 2.2223
9168 6.9824
9169 7.6101
9170 19.3773
9171 11.1375
9172 12.0796
9173 2.9342
9174 18.9374
9175 2.0402
9176 1.7472
9177 2.4601
9178 24.5533
9179 7.6401
9180 12.3300
9181 23.1145
9182 2.2293
9183 16.3663
9184 17.4900
9185 22.1392
9186 3.8215
9187 8.2319
9188 0.9087
9189 4.6195
9190 23.7114
9191 6.7142
9192 1.3525
9193 10.8728
9194 1.3062
9195 4.1708
9196 8.7038
9197 6.4028
9198 7.8722
9199 6.9149
9200 10.5009
9201 15.3286
9202 3.6627
9203 4.2857
9204 7.7894
9205 1.9087
9206 17.0372
9207 2.3253
9208 4.5776
9209 2.8838
9210 7.0556
9211 3.5611
9212 4.3302
9213 12.5397
9214 20.7250
9215 26.6680
9216 1.1124
9217 10.4830
9218 8.2610
9219 1.5026
9220 0.9219
9221 0.9573
9222 8.2584
9223 14.3257
9224 2.6706
9225 12.5134
9226 0.3683
9227 4.7295
9228 24.7861
9229 3.2990
9230 7.4930
9231 13.4914
9232 2.7911
9233 0.5038
9234 5.4949
9235 5.8397
9236 1.5020
9237 8.0782
9238 18.5097
9239 2.0414
9240 22.9779
9241 0.4200
9242 6.6582
9243 4.2186
9244 3.1737
9245 12.3174
9246 36.1079
9247 1.7583
9248 8.1823
9249 1.3568
9250 1.7296
9251 2.8109
9252 0.8912
9253 5.4494
9254 25.5074
9255 13.5533
9256 19.4443
9257 2.0260
9258 1.6906
9259 2.1432
9260 24.7235
9261 9.2211
9262 12.0852
9263 25.4450
9264 3.8605
9265 29.6904
9266 3.0374
9267 7.9447
9268 2.5180
9269 8.4961
9270 6.1521
9271 23.3038
9272 3.8045
9273 0.8026
9274 9.1455
9275 5.4149
9276 1.3642
9277 14.4488
9278 11.3085
9279 2.4613
9280 8.0589
9281 0.8778
9282 0.7550
9283 6.0102
9284 2.3444
9285 28.1910
9286 13.2167
9287 6.6005
9288 13.4158
9289 7.1715
9290 1.1204
9291 17.5109
9292 10.2278
9293 0.9434
9294 10.3917
9295 10.1666
9296 2.8118
9297 3.3456
9298 3.9721
9299 12.3093
9300 10.4056
9301 7.7080
9302 4.1500
9303 0.5839
9304 7.9482
9305 1.0882
9306 10.5410
9307 14.3013
9308 7.3401
9309 19.5873
9310 18.1870
9311 2.9616
9312 9.5573
9313 6.8830
9314 0.8480
9315 0.9877
9316 1.2447
9317 6.0442
9318 7.7814
9319 1.1308
9320 0.9036
9321 6.9648
9322 8.1694
9323 2.1371
9324 12.8090
9325 2.3928
9326 9.1410
9327 4.0126
9328 23.5173
9329 2.8391
9330 1.0058
9331 0.8243
9332 6.8340
9333 7.8670
9334 7.2748
9335 14.5307
9336 1.6317
9337 38.2199
9338 12.1429
9339 5.7092
9340 20.5099
9341 23.8396
9342 11.4716
9343 4.0004
9344 2.0497
9345 6.8057
9346 2.6239
9347 5.3407
9348 2.1499
9349 21.6480
9350 2.9265
9351 2.7544
9352 0.9160
9353 11.6614
9354 6.9088
9355 2.2951
9356 11.2811
9357 6.2177
9358 13.8196
9359 7.7179
9360 3.4964
9361 6.1548
9362 12.6250
9363 21.7059
9364 2.0522
9365 4.6215
9366 1.2407
9367 12.6599
9368 28.2629
9369 11.9980
9370 0.2885
9371 35.2138
9372 11.2821
9373 10.1746
9374 3.0599
9375 4.1956
9376 5.7784
9377 3.2377
9378 10.2221
9379 36.1471
9380 6.8710
9381 9.8256
9382 8.2600
9383 5.1426
9384 5.3765
9385   NaN
9386 5.5401
9387 6.9653
9388 1.4140
9389 25.1595
9390 1.4611
9391 21.8608
9392 10.5251
9393 2.4579
9394 4.5570
9395 20.4677
9396 13.1192
9397 0.9994
9398 3.1625
9399 3.1944
9400 8.4297
9401 2.1744
9402 1.3085
9403 9.0425
9404 2.3556
9405   NaN
9406 7.6002
9407 14.2092
9408 4.6364
9409   NaN
9410 4.4426
9411   NaN
9412 2.1581
9413 11.9653
9414 9.4609
9415 15.4864
9416 12.2512
9417 9.0817
9418 17.4494
9419 4.1460
9420 9.1313
9421 10.0249
9422 23.7337
9423 1.8510
9424 2.0886
9425 3.2020
9426 12.6357
9427 28.3526
9428 6.0049
9429 2.2755
9430 0.6899
9431 4.8242
9432 9.2256
9433 18.9713
9434 5.1547
9435 0.9008
9436 5.2114
9437 8.4092
9438 4.1495
9439 2.4598
9440 8.8259
9441 1.4851
9442 2.1539
9443 20.3412
9444 3.9641
9445 3.6743
9446 6.4356
9447 26.4388
9448 2.8185
9449 3.6880
9450 6.5903
9451 25.2597
9452 4.1733
9453 1.9406
9454 6.5128
9455 9.5243
9456 2.9957
9457 5.3241
9458 3.3473
9459 0.0927
9460 11.9670
9461 3.8753
9462 5.6331
9463 12.0926
9464 10.0903
9465   NaN
9466 1.9639
9467 0.2912
9468 11.8946
9469 6.9519
9470 14.8618
9471 19.9868
9472 2.2623
9473 4.9166
9474 9.8227
9475 2.0490
9476 2.5790
9477 7.5815
9478 1.7036
9479 0.3154
9480 0.7302
9481 1.9728
9482 16.0998
9483 13.6909
9484 4.5984
9485 0.6170
9486 3.1800
9487 1.3959
9488 1.7983
9489 0.4429
9490   NaN
9491 2.3716
9492 7.1959
9493 11.7288
9494 2.9354
9495 7.0919
9496 4.0443
9497 19.2029
9498 0.8076
9499 7.5010
9500 22.0150
9501 2.6450
9502 1.0678
9503 5.0725
9504 4.4202
9505 0.6769
9506 2.2616
9507 3.4706
9508 3.7776
9509 1.5334
9510 6.4806
9511 5.8864
9512 3.5477
9513 30.0553
9514 3.1845
9515 18.4446
9516 25.3286
9517 2.0605
9518 8.5579
9519 1.3391
9520 6.0860
9521 5.5054
9522 4.7891
9523 11.5943
9524 15.0129
9525 18.7388
9526 7.4653
9527 23.1601
9528 0.4643
9529 0.6535
9530 8.8785
9531 5.6921
9532 0.5980
9533 10.1393
9534 19.2197
9535 7.6229
9536 12.8467
9537 7.1099
9538 5.1488
9539 14.1521
9540 10.1931
9541 15.5598
9542 8.7393
9543 0.8888
9544 23.7334
9545 2.4977
9546 4.4359
9547 11.9265
9548 3.5023
9549 10.9908
9550 5.5395
9551 9.8048
9552 0.8192
9553 12.9681
9554 9.2674
9555 2.5413
9556 13.9765
9557 30.3628
9558 2.4280
9559 4.4829
9560 3.1616
9561 2.9768
9562 3.7132
9563 1.5229
9564 0.7532
9565 5.1134
9566 4.2272
9567 1.9882
9568 1.2685
9569 2.6308
9570 1.3424
9571 9.0568
9572 9.1325
9573 0.7751
9574 1.6643
9575 13.6846
9576 7.6019
9577 8.3675
9578 10.1530
9579 2.5991
9580 3.6554
9581 0.2525
9582 9.7808
9583 9.8885
9584 17.0997
9585 3.7406
9586 4.3321
9587 9.7308
9588 11.0265
9589 15.4661
9590 2.0622
9591 8.0447
9592 3.0363
9593 1.9696
9594 5.1748
9595 28.5161
9596 9.3653
9597 11.3582
9598 8.0283
9599 0.8264
9600 3.7761
9601 3.6414
9602 1.4629
9603 13.5476
9604 26.6858
9605 1.7337
9606 11.1097
9607 5.0283
9608 0.3706
9609 4.1805
9610 11.4835
9611 18.6876
9612 3.5000
9613 2.4811
9614 7.0204
9615 11.6633
9616 7.9954
9617 3.7917
9618 1.8877
9619 0.5773
9620 13.2890
9621 27.7584
9622 22.8720
9623 4.5592
9624 2.7661
9625 5.6164
9626 0.2971
9627 21.4783
9628 16.7234
9629 3.1127
9630 11.8000
9631 3.0010
9632 3.4756
9633 2.4557
9634 13.4947
9635 5.7253
9636 3.6447
9637 5.6337
9638 12.4056
9639 3.7920
9640 0.7373
9641 2.8601
9642 2.6317
9643 2.3407
9644 12.6112
9645 3.7724
9646 4.1093
9647 3.7154
9648 12.4336
9649 7.7671
9650 5.1453
9651 1.4594
9652 2.7930
9653 2.7874
9654 8.2153
9655 25.7818
9656 1.9254
9657 1.7819
9658 11.7451
9659 22.7153
9660 0.5975
9661 28.2024
9662 2.7215
9663 2.7116
9664 1.3915
9665 2.2981
9666 3.8423
9667 8.6760
9668 6.4106
9669 6.6708
9670 1.8955
9671 12.5907
9672 3.4792
9673   NaN
9674 35.0071
9675 1.7962
9676 9.3252
9677 0.7487
9678 7.5837
9679 5.5277
9680 7.2131
9681 12.6075
9682 8.3388
9683 3.2665
9684 2.1184
9685 0.3919
9686 4.3876
9687 9.5790
9688 12.2154
9689 25.3240
9690 0.5636
9691 9.5497
9692 8.1014
9693 18.2500
9694 29.3748
9695 5.8576
9696 8.6589
9697 1.4573
9698 6.5213
9699 18.3657
9700 8.2499
9701 9.5498
9702 6.5406
9703 0.6300
9704 3.2825
9705 23.5727
9706 8.0708
9707 1.3818
9708 3.9436
9709   NaN
9710 4.8004
9711 2.6232
9712 1.6286
9713 6.0412
9714 9.1309
9715 5.4997
9716 24.0750
9717 2.5091
9718 29.1576
9719 2.1334
9720 3.5475
9721 11.3118
9722 3.5419
9723 4.9076
9724 3.3691
9725 0.9616
9726 5.4763
9727 3.3485
9728 11.0521
9729 6.3353
9730 0.4469
9731 18.5422
9732 2.2502
9733 3.1192
9734 16.8642
9735 16.2261
9736 3.7212
9737 7.1366
9738   NaN
9739 2.3454
9740 11.5510
9741 15.0576
9742 13.4598
9743 13.3687
9744 0.8166
9745 13.2877
9746 7.7117
9747 6.9733
9748 22.8961
9749 2.0548
9750 4.5782
9751 17.9398
9752 15.3695
9753 1.1905
9754 6.1504
9755 27.7309
9756 8.1912
9757 9.4751
9758 15.4873
9759 2.6589
9760 5.0393
9761 18.0669
9762 23.7483
9763 28.6786
9764 6.3869
9765 1.8699
9766 8.5512
9767 7.1135
9768 1.2660
9769 13.0110
9770 8.5387
9771 3.3461
9772 8.6693
9773 1.4902
9774 1.3977
9775 20.1627
9776 1.3342
9777 6.7210
9778 5.2962
9779 24.3214
9780 6.6017
9781 7.4928
9782 21.9015
9783 22.7114
9784 18.3022
9785 2.9641
9786 2.8696
9787 4.5892
9788 31.8584
9789 11.2677
9790 5.4097
9791 7.3319
9792 2.6320
9793   NaN
9794 5.1513
9795 1.2414
9796 20.2455
9797 11.0474
9798 8.8886
9799 3.4171
9800 4.9511
9801 6.3090
9802 7.7896
9803 10.6486
9804 22.5626
9805 19.2185
9806 9.8328
9807 1.6312
9808 5.1670
9809 8.5437
9810 2.1226
9811 4.1270
9812 2.4325
9813 4.8297
9814 8.2191
9815 8.8157
9816 12.0023
9817 9.2840
9818 2.9257
9819 23.3400
9820 11.2864
9821 12.3296
9822 28.6164
9823 9.9197
9824 10.1779
9825 26.3132
9826 16.0562
9827 2.0140
9828 9.7989
9829 10.0048
9830 2.6158
9831 10.4913
9832 6.5983
9833 4.6812
9834 5.6693
9835 17.3228
9836 5.7023
9837 9.5470
9838 11.3902
9839 3.5694
9840 4.7533
9841 9.7914
9842 3.5344
9843 8.4534
9844 9.3734
9845 9.1624
9846 10.0779
9847 2.9989
9848 5.5377
9849 13.4381
9850 40.7934
9851 9.7116
9852 2.9677
9853 12.9879
9854 3.1369
9855 8.4604
9856 24.3440
9857 13.1749
9858 8.5399
9859 14.9859
9860 4.3784
9861 7.9103
9862 1.7322
9863 8.6645
9864 20.8482
9865 9.9317
9866 9.0510
9867 11.3057
9868 34.7460
9869 4.1984
9870 7.6923
9871 6.1454
9872 9.3891
9873 3.8139
9874 1.3577
9875 1.2274
9876 3.5544
9877 15.9979
9878 4.1415
9879 8.7177
9880 3.1458
9881 5.8029
9882 0.5639
9883 1.8147
9884 7.0047
9885 1.3675
9886 1.1637
9887 12.9743
9888 21.0981
9889 12.0997
9890 5.8499
9891 4.9460
9892 1.2494
9893 31.4423
9894 25.3485
9895 34.3342
9896 15.2740
9897 4.8732
9898 14.2369
9899 13.4223
9900 16.7619
9901 3.1433
9902 25.3683
9903 4.9477
9904 0.6475
9905 10.8838
9906 16.1936
9907 2.1759
9908 14.8809
9909 5.8684
9910 6.6446
9911 12.7640
9912 8.0609
9913 7.1406
9914 15.0937
9915 4.2347
9916 1.5340
9917 1.2489
9918 26.8252
9919 14.1742
9920 2.0164
9921 13.3040
9922 8.6536
9923 14.4046
9924 15.3314
9925 7.2003
9926 4.1548
9927 18.0997
9928 5.1996
9929 11.9729
9930 0.7515
9931 5.1157
9932 5.9019
9933 2.9675
9934 1.7472
9935 2.2012
9936 1.2795
9937 11.2012
9938 36.2072
9939 11.4389
9940 4.1521
9941 5.3074
9942 30.5126
9943 1.3656
9944 5.7563
9945 2.9789
9946 10.4727
9947   NaN
9948 6.2460
9949 7.6350
9950 2.8234
9951 0.8067
9952 14.5239
9953 0.8919
9954 2.3120
9955 4.1031
9956 2.2882
9957 8.3018
9958 0.8936
9959 20.2990
9960 6.1170
9961 8.9773
9962 14.3614
9963 0.6932
9964 19.8227
9965 6.2856
9966 16.8959
9967 5.3555
9968 8.5580
9969 9.3944
9970 4.0843
9971 13.7521
9972 0.7264
9973 1.0182
9974 4.2321
9975 5.5337
9976 0.5667
9977 2.4147
9978 5.1361
9979 4.2873
9980 9.1047
9981 3.4212
9982 3.1869
9983 0.7863
9984 12.9426
9985 18.6521
9986 0.3351
9987 7.3536
9988 13.7447
9989 5.5718
9990 41.5802
9991 0.7903
9992 0.9837
9993 1.6552
9994 5.7319
9995 5.6044
9996 28.4823
9997 0.7832
9998 6.2041
9999 4.6254
10000   NaN
