7501 8.4432
7502 2.2955
7503 12.1135
7504 6.1949
7505 2.5453
7506 2.6135
7507 17.9213
7508 17.4354
7509 7.2926
7510 7.8727
7511 2.4280
7512 21.6698
7513 9.1931
7514 14.8516
7515 2.5823
7516 9.7319
7517 14.5015
7518 6.3128
7519 2.8882
7520 7.4340
7521 2.2370
7522 11.8807
7523 1.8202
7524 19.0643
7525 7.1056
7526 4.7050
7527 7.8480
7528 1.2609
7529 2.7735
7530 4.5829
7531 1.2759
7532 3.4985
7533 6.5143
7534 7.8663
7535 11.6274
7536 8.7298
7537 20.5127
7538 7.8883
7539 3.2333
7540 10.7895
7541 0.9884
7542 20.3390
7543 0.8342
7544 14.1445
7545 7.7240
7546 1.3944
7547 5.0834
7548 3.6106
7549 4.8856
7550 10.7776
7551 2.3080
7552 5.6462
7553 2.5723
7554 11.7215
7555 0.8730
7556 2.6668
7557 7.1085
7558 5.6078
7559 14.9813
7560 13.4205
7561 1.6804
7562 2.5462
7563 11.7007
7564 2.0791
7565 0.7486
7566 4.8574
7567 18.8625
7568 2.6229
7569 0.6751
7570 5.4140
7571 4.8310
7572 6.1350
7573 2.0914
7574 2.6985
7575 23.0593
7576 8.1764
7577 10.9937
7578 1.7452
7579 4.3737
7580 11.3930
7581 5.7757
7582 3.4079
7583 1.9630
7584 16.9735
7585 3.3553
7586 10.8535
7587 3.9695
7588 10.9186
7589 2.9285
7590 1.9815
7591 13.7164
7592 2.7807
7593 6.3542
7594 8.1370
7595 3.4628
7596 18.1379
7597 1.5193
7598 2.8321
7599 10.9796
7600 8.5223
7601 6.3234
7602 3.0937
7603 1.8922
7604 8.7491
7605 15.4018
7606 12.3825
7607 6.9731
7608 4.2667
7609 6.8012
7610 14.2485
7611 3.8734
7612 1.9723
7613 0.5851
7614 4.3193
7615 14.6920
7616 20.4752
7617 1.4983
7618 9.7529
7619 2.2002
7620 6.0446
7621 7.2481
7622 8.8452
7623 1.5634
7624 2.7109
7625 2.1732
7626 12.1593
7627 7.2982
7628 1.5469
7629 1.7999
7630 4.2857
7631 9.0365
7632 1.2270
7633 9.8481
7634 0.7776
7635 0.5732
7636 3.0197
7637 2.1109
7638 1.6365
7639 3.2251
7640 3.8743
7641 2.5750
7642 21.7165
7643 3.8509
7644 1.8575
7645 3.3293
7646 4.8299
7647 3.5718
7648 22.2918
7649 5.6932
7650 1.6004
7651 5.3098
7652 4.7542
7653 1.8779
7654 5.9538
7655 2.6327
7656 1.3905
7657 5.1984
7658 6.1288
7659 4.8418
7660 1.1677
7661 0.8736
7662 3.1941
7663 3.5316
7664 40.6064
7665 0.8642
7666 2.6013
7667 3.2030
7668 9.1900
7669 11.2720
7670 4.6180
7671 9.6851
7672 18.5771
7673 19.3329
7674 4.9130
7675 4.1868
7676 2.5281
7677 2.8805
7678 6.1617
7679 2.0763
7680 4.5408
7681 2.1081
7682 3.2189
7683 13.5809
7684 2.1519
7685 3.0082
7686 17.6571
7687 1.8974
7688 7.4684
7689 2.4027
7690 1.4078
7691 7.4948
7692 8.9731
7693 5.1078
7694 2.0725
7695 7.2274
7696 1.5900
7697 1.8264
7698 5.4466
7699 5.8513
7700 1.9228
7701 10.0303
7702 11.8623
7703 1.8019
7704 8.2025
7705 7.7203
7706 1.0254
7707 25.7385
7708 2.2880
7709 1.8895
7710 14.4294
7711 7.0520
7712 2.0892
7713 16.9107
7714 1.2498
7715 2.2406
7716 15.3691
7717 4.8347
7718 0.2937
7719 2.7891
7720 2.7162
7721 2.6353
7722 6.8514
7723 10.8149
7724 2.8892
7725 2.6112
7726 3.7757
7727   NaN
7728 25.6071
7729 3.8160
7730 2.0565
7731 14.5928
7732 9.6590
7733 12.5960
7734 14.0167
7735 14.3201
7736 1.5419
7737 4.5733
7738 7.4250
7739 7.3667
7740 6.2207
7741 2.1291
7742 4.2570
7743 1.2909
7744 7.6767
7745 21.3352
7746 3.0300
7747 1.1671
7748 8.3889
7749 7.0334
7750 3.4840
7751 21.0411
7752 11.0100
7753 1.0239
7754 1.7410
7755 2.1985
7756 19.4724
7757 3.5168
7758 4.1769
7759 6.5017
7760 15.3462
7761 6.8384
7762 1.1282
7763 4.1427
7764 8.3514
7765 4.2856
7766 0.9225
7767 1.8451
7768 1.3854
7769 6.9555
7770 3.9964
7771 1.8839
7772 2.3355
7773 10.4349
7774 2.7848
7775 2.3510
7776 2.8294
7777 5.4586
7778 2.1311
7779 6.4090
7780 16.8427
7781 1.8918
7782 3.0889
7783 4.2808
7784 1.1575
7785 7.1524
7786 2.0241
7787 1.8727
7788 2.1260
7789 5.0308
7790 2.2377
7791 5.0379
7792 1.4435
7793 1.8765
7794 4.2684
7795 6.3375
7796 4.9329
7797 5.0471
7798 1.1532
7799 1.7638
7800 1.8446
7801 7.9984
7802 3.4926
7803 5.7846
7804 4.5623
7805 5.4462
7806 2.7381
7807 10.9863
7808 16.7451
7809 31.7649
7810 5.7512
7811 2.1335
7812 10.4429
7813 3.3270
7814 22.8505
7815 7.1279
7816 1.9081
7817 13.1987
7818 7.5326
7819 10.7902
7820 1.2411
7821 2.8973
7822 13.0335
7823 3.5268
7824 2.4234
7825 19.5992
7826 4.0533
7827 2.5109
7828 1.1441
7829 1.9454
7830 1.7615
7831 12.2475
7832 2.5255
7833 2.6039
7834 2.2006
7835 2.1363
7836 4.1842
7837 19.2141
7838 4.5676
7839 0.7213
7840 1.8321
7841 4.5678
7842 3.4224
7843 1.2379
7844 5.2062
7845 1.9512
7846 16.4899
7847 18.2372
7848 4.5292
7849 5.7542
7850 2.6259
7851 15.9556
7852 24.1437
7853 3.3401
7854 1.8082
7855 2.4172
7856 1.3828
7857 2.0047
7858 3.6513
7859 9.6638
7860 12.8068
7861 4.1856
7862 1.1854
7863 2.7812
7864 2.9982
7865 2.3282
7866 6.5232
7867 7.6486
7868 2.7223
7869 10.9190
7870 2.1095
7871 4.5637
7872 5.3671
7873 9.5744
7874 0.8296
7875 7.5904
7876 3.2099
7877 1.7581
7878 0.2794
7879 6.9731
7880 26.1171
7881 18.0915
7882 10.3653
7883 2.8204
7884 12.8651
7885 2.3020
7886 7.2182
7887 7.0736
7888 3.8109
7889 13.0654
7890 3.3282
7891 11.2975
7892 14.8975
7893 1.9801
7894 6.0994
7895 9.8526
7896 2.8146
7897 4.3027
7898 17.9855
7899 3.1270
7900 14.5024
7901 9.2651
7902 5.2010
7903 6.4791
7904 5.0396
7905 4.9699
7906 6.3983
7907 4.8413
7908 6.9338
7909 10.0003
7910 10.0904
7911 1.7642
7912 10.3197
7913 3.2194
7914 3.2549
7915 12.0335
7916 2.1481
7917 19.8685
7918 1.5495
7919 1.1538
7920 0.9628
7921 4.8344
7922 10.6698
7923 1.9931
7924 7.5563
7925 3.5371
7926 13.0084
7927 3.2135
7928 2.7888
7929 4.5422
7930 1.3350
7931 9.8127
7932 14.8747
7933 1.3767
7934 3.3016
7935 12.4447
7936 4.3228
7937 5.6380
7938 2.6287
7939 2.5610
7940 9.1337
7941 26.8226
7942 4.0813
7943 2.0402
7944 3.1787
7945 18.9922
7946 1.5396
7947 1.3381
7948 14.0622
7949 11.6641
7950 5.3227
7951 7.4897
7952 5.3458
7953 1.9995
7954 1.0898
7955 3.0890
7956 12.5684
7957 1.4792
7958 5.3520
7959 3.4832
7960 0.7701
7961 4.3446
7962 5.1489
7963 6.3894
7964 21.0573
7965 4.2013
7966 10.4589
7967 1.6257
7968 9.3303
7969 1.3542
7970 36.4125
7971 2.8376
7972 10.6711
7973 2.5075
7974 1.1975
7975 1.4162
7976 17.4412
7977 2.0349
7978 11.6755
7979 17.2304
7980 2.3665
7981 4.2284
7982 0.6526
7983 1.7889
7984 16.0770
7985 5.1361
7986 5.8635
7987 3.8824
7988 2.2551
7989 1.7685
7990 2.3600
7991 4.2564
7992 1.0825
7993 3.5242
7994 9.2973
7995 5.8416
7996 7.2591
7997 3.8633
7998 7.7824
7999 4.9744
8000 12.1568
8001 8.4938
8002 7.6587
8003 6.0764
8004 14.1457
8005 1.4701
8006 6.3137
8007 4.4020
8008 0.7454
8009 3.9101
8010 8.4981
8011 3.0786
8012 10.8244
8013 6.6296
8014 3.6864
8015 4.0505
8016 3.0561
8017 13.8475
8018 9.1762
8019 5.6395
8020 7.1328
8021 0.3412
8022 2.5765
8023 5.6389
8024 8.6689
8025 7.3681
8026 9.6617
8027 2.7922
8028 5.5254
8029 2.2357
8030 3.1832
8031 16.6207
8032 1.8406
8033 5.8067
8034 3.2827
8035 6.7626
8036 6.9895
8037 2.1206
8038 1.0482
8039 5.3514
8040 2.0874
8041 5.7189
8042 0.8735
8043 1.7959
8044 2.7614
8045 8.8980
8046 5.4008
8047 2.3134
8048 5.1872
8049 6.4212
8050 3.5817
8051 0.6764
8052 12.7950
8053 3.5101
8054 5.9352
8055 4.7641
8056 12.1981
8057 5.2556
8058 4.9127
8059 7.7468
8060 5.6661
8061 2.4097
8062 0.9316
8063 1.8537
8064 13.1991
8065 7.6927
8066 12.2297
8067 10.0271
8068 7.5836
8069 5.1705
8070 8.1038
8071 4.8960
8072 5.6250
8073 6.5492
8074 2.9294
8075 7.9277
8076 2.0083
8077 7.1448
8078 3.4562
8079 3.9213
8080 10.3277
8081 1.9539
8082 9.1096
8083 7.7713
8084 10.8561
8085 4.1956
8086 13.5820
8087 5.0347
8088 1.4155
8089 3.6108
8090 1.7340
8091 6.8150
8092 1.5303
8093 2.4226
8094 8.7633
8095 1.5687
8096 4.9068
8097 4.3080
8098 1.1598
8099 7.7436
8100 11.3752
8101 4.8310
8102 3.5542
8103 2.1291
8104 1.7804
8105 12.2204
8106 3.6832
8107 13.4231
8108 6.7126
8109 4.3746
8110 2.8309
8111 8.2582
8112 1.9860
8113 2.6157
8114 8.1956
8115 3.3258
8116 1.2466
8117 6.7305
8118 2.9020
8119 5.0803
8120 4.1705
8121 4.3366
8122 3.1812
8123 4.9636
8124 6.4988
8125 3.2200
8126 11.3315
8127 4.0132
8128 0.9334
8129 0.2246
8130 4.1231
8131 1.7423
8132 1.4979
8133 2.6965
8134 24.9703
8135 8.4929
8136 6.9670
8137 9.1316
8138 10.5410
8139 1.2699
8140 8.4387
8141 1.3077
8142 4.2939
8143 5.3711
8144 16.1973
8145 0.5249
8146 9.0794
8147 3.2955
8148 2.5847
8149 6.6492
8150 6.5296
8151 9.7957
8152 16.1744
8153 3.1946
8154 1.4973
8155 1.2752
8156 4.8089
8157 15.5219
8158 1.8468
8159 6.2867
8160 6.7460
8161 0.6837
8162 9.4683
8163 8.6569
8164 5.6016
8165 4.4830
8166 2.7947
8167 1.4765
8168 17.9194
8169 4.9034
8170 10.9625
8171 1.8245
8172 4.2320
8173 16.5287
8174 6.3122
8175 1.4804
8176 3.5969
8177 3.2522
8178 12.2171
8179 3.1851
8180 5.3533
8181 42.2925
8182 5.8019
8183 6.0854
8184 6.1661
8185 3.4409
8186 3.8530
8187 7.9791
8188 2.8095
8189 3.1023
8190 0.5408
8191 7.3500
8192 6.3670
8193 3.1634
8194 2.0649
8195 9.0095
8196 7.8642
8197 4.4117
8198 1.4026
8199 34.0823
8200 20.9139
8201 10.3574
8202 7.5734
8203 3.7169
8204 8.9211
8205 1.8160
8206 6.1634
8207 2.5531
8208 0.8991
8209 5.9185
8210 2.4676
8211 4.1710
8212 4.6529
8213 6.3684
8214 1.4844
8215 2.6390
8216 1.6433
8217 0.6341
8218 6.9910
8219 6.5918
8220 5.1285
8221 2.5730
8222 2.6137
8223 21.2869
8224 1.4595
8225 2.0260
8226 3.2496
8227 7.4115
8228 8.6079
8229 1.2790
8230 1.6610
8231 3.1846
8232 5.9054
8233 0.3060
8234 10.4780
8235 1.4406
8236 4.2764
8237 5.5163
8238 3.1632
8239 5.4289
8240 36.7092
8241 7.9234
8242 13.6634
8243 12.0051
8244 2.6672
8245 8.5562
8246 13.6617
8247 1.2783
8248 2.6698
8249 1.7255
8250 17.5636
8251 27.3719
8252 1.5628
8253 0.5556
8254 2.3033
8255 6.3891
8256 22.1886
8257 5.5605
8258 28.4205
8259 26.4372
8260 4.6923
8261   NaN
8262 4.6711
8263 3.9034
8264 2.4500
8265 11.9899
8266 9.8436
8267 18.8275
8268 4.5338
8269 7.2023
8270 2.1341
8271 7.6407
8272 2.4831
8273 7.4123
8274 5.0205
8275 2.2123
8276 5.4281
8277 24.0963
8278 3.0073
8279 4.0346
8280 1.2651
8281 5.9268
8282 3.8281
8283 27.6212
8284 9.9780
8285 9.8746
8286 3.1064
8287 7.2378
8288   NaN
8289 5.6231
8290 6.5007
8291 11.1800
8292 1.1919
8293 4.2379
8294 2.6410
8295 4.4908
8296 3.4555
8297 9.9575
8298 4.8587
8299 24.3282
8300 8.4379
8301 9.0377
8302 4.9047
8303 4.7939
8304 6.9352
8305 3.4803
8306 6.5314
8307 1.7634
8308 10.2251
8309 7.8962
8310 11.0192
8311 9.2820
8312 3.6814
8313 1.7982
8314 0.3240
8315 9.8795
8316 4.6734
8317 4.0929
8318 1.0869
8319 35.1699
8320 3.8231
8321 20.6346
8322 3.7720
8323 16.3708
8324 2.6422
8325 0.9007
8326   NaN
8327 2.7689
8328 18.2648
8329 4.7239
8330 1.0529
8331 2.6350
8332 1.4435
8333 0.2230
8334 5.4591
8335 1.3592
8336 4.1867
8337 1.6810
8338 1.6465
8339 7.2115
8340 2.9085
8341 3.1772
8342 5.0845
8343 6.9324
8344 23.9334
8345 5.8353
8346 3.1254
8347 2.8033
8348 0.8581
8349 0.4538
8350 22.7260
8351 2.7405
8352 2.4661
8353 3.9085
8354 2.8612
8355 18.9439
8356 12.3201
8357 14.7341
8358 5.9515
8359 26.3182
8360 13.7039
8361 3.5135
8362 8.2304
8363 1.8437
8364 6.1042
8365 13.8369
8366 2.3704
8367 2.3198
8368 0.9537
8369 1.7438
8370 3.4043
8371 7.8278
8372 1.1783
8373 2.5311
8374 6.5727
8375 3.0985
8376 3.6093
8377 31.9306
8378 4.5055
8379 1.5061
8380 3.9732
8381 5.3878
8382 4.9530
8383 21.0102
8384 6.2961
8385 1.3220
8386 31.4097
8387 4.3484
8388 19.4022
8389 1.7512
8390 3.6633
8391 2.0043
8392 11.2875
8393 3.3605
8394 5.3446
8395 5.3987
8396 2.9803
8397 2.6888
8398 2.4017
8399 13.9866
8400 3.8746
8401 2.6489
8402 0.9827
8403 2.6269
8404 1.3839
8405 5.1080
8406 8.5736
8407 6.0499
8408 2.6193
8409 25.3491
8410 7.4376
8411 7.5802
8412 1.3026
8413 6.2733
8414 4.3180
8415 13.3736
8416 4.4813
8417 12.2705
8418 13.0268
8419 5.0441
8420 4.2012
8421 1.3523
8422 5.5371
8423 15.1972
8424 1.6977
8425 5.7033
8426 11.7409
8427 2.3713
8428 10.7822
8429 17.7170
8430 6.4380
8431 2.4237
8432 2.7601
8433 23.2910
8434 8.0877
8435 2.0626
8436 3.9526
8437 6.3379
8438 4.8997
8439 11.2066
8440 1.5544
8441 16.3243
8442 6.0939
8443 4.0531
8444 4.1337
8445 7.2416
8446 9.3340
8447 6.2144
8448 6.7493
8449 2.7127
8450 0.5550
8451 5.2579
8452 2.6531
8453 4.8860
8454 9.1340
8455 1.9083
8456 11.3711
8457 21.8196
8458 7.2924
8459 6.1391
8460 3.9011
8461 2.7314
8462 2.2964
8463 2.1395
8464 11.4239
8465 3.8013
8466 1.6031
8467 2.4689
8468 2.8734
8469 2.2062
8470 5.4290
8471 3.1690
8472 5.1136
8473 4.2806
8474 7.1013
8475 16.0027
8476 1.0081
8477 4.4663
8478 2.4218
8479 7.3213
8480 11.4537
8481 5.9403
8482 3.0067
8483 1.5880
8484 2.1555
8485 5.7951
8486 7.5476
8487 3.8257
8488 3.7447
8489 1.4676
8490 1.2939
8491 2.6056
8492 7.3164
8493 21.1291
8494 6.5235
8495 6.5132
8496 2.6272
8497 15.9841
8498 3.8973
8499 2.5328
8500 9.7803
8501 14.0060
8502 0.4003
8503 6.7470
8504 6.1709
8505 3.4163
8506 3.9335
8507 6.0333
8508 3.8379
8509 11.0374
8510 3.1447
8511 8.8287
8512 1.9602
8513 1.8754
8514 3.1731
8515 2.1528
8516 2.7404
8517 37.6650
8518 6.6142
8519 11.8003
8520 1.4788
8521 1.8849
8522 0.9702
8523 4.5206
8524 22.5031
8525 25.4647
8526 0.9570
8527 4.2280
8528 8.9605
8529 0.7331
8530 3.6283
8531 19.7898
8532 4.6087
8533 4.7984
8534 0.5553
8535 1.5567
8536 0.7195
8537 2.3277
8538 1.1557
8539 5.6686
8540 4.3642
8541 1.2796
8542 0.7347
8543 6.4182
8544 1.7351
8545 2.7075
8546 3.4973
8547 3.6977
8548 3.0907
8549 7.2335
8550 2.2063
8551 7.3021
8552 27.4660
8553 0.8382
8554 3.0165
8555 1.8058
8556 8.6205
8557 11.5877
8558 1.9230
8559 1.6084
8560 1.7468
8561 1.3243
8562 31.4287
8563 4.3418
8564 1.8463
8565 5.8285
8566 4.2159
8567 6.2299
8568 7.9980
8569 8.4254
8570 5.5040
8571 10.8183
8572 6.0480
8573 9.5733
8574 6.3772
8575 3.5593
8576 0.9439
8577 5.0417
8578 14.6977
8579 7.2068
8580 7.0233
8581 20.8370
8582 9.0114
8583 1.4868
8584 6.9887
8585 4.4355
8586 3.2794
8587 4.6709
8588 0.6308
8589 10.6169
8590 1.9786
8591 19.8723
8592 13.2385
8593 5.6149
8594 3.8614
8595 19.2951
8596 1.6858
8597 6.1779
8598 0.6880
8599 15.7403
8600 0.9498
8601 4.7373
8602 6.5298
8603 6.5339
8604 1.3234
8605 7.2883
8606 0.4854
8607 20.1375
8608 8.5068
8609 2.8841
8610 12.8575
8611 2.9831
8612 1.3305
8613 1.7463
8614 1.7342
8615 7.9492
8616 6.7620
8617 15.5283
8618 4.2374
8619 4.3556
8620 3.2237
8621 5.4241
8622 4.5832
8623 6.1047
8624 2.6274
8625 2.7251
8626 2.4615
8627 4.8296
8628 2.8106
8629 4.4034
8630 3.5583
8631 22.0735
8632 7.6017
8633 0.9591
8634 10.8193
8635 13.0156
8636 6.7584
8637 6.4180
8638 15.5808
8639 2.3990
8640 6.2492
8641 5.4550
8642 11.5071
8643 3.4275
8644 19.7220
8645 2.7591
8646 3.1251
8647 7.0239
8648 1.3248
8649 3.1788
8650 1.1065
8651 0.8794
8652 1.9183
8653 1.4284
8654 1.5493
8655 0.9188
8656 5.5288
8657 9.2345
8658 4.4554
8659 11.1212
8660 7.8322
8661 2.6365
8662 4.7613
8663 16.3899
8664 2.5214
8665 3.9315
8666 1.7466
8667 15.1915
8668 9.2910
8669 7.5026
8670 9.7450
8671 0.7029
8672 12.7645
8673 5.5202
8674 0.4926
8675 16.6259
8676 5.8075
8677 2.5739
8678 2.2730
8679 1.9089
8680 2.8695
8681 6.6294
8682 4.9744
8683 0.1767
8684 5.5549
8685 24.9718
8686 3.4787
8687 1.6383
8688 3.9145
8689 1.1645
8690 0.9049
8691 1.3638
8692 11.5692
8693 2.6971
8694 3.3487
8695 1.6237
8696 2.0056
8697 7.8670
8698 16.3400
8699 6.9918
8700 29.6345
8701 3.2214
8702 5.6471
8703 5.3535
8704 20.6917
8705 24.3994
8706 5.9101
8707 3.4897
8708 10.7864
8709 5.3745
8710 22.0907
8711 3.7573
8712 1.3426
8713 2.2273
8714 20.4394
8715 2.8818
8716 3.2879
8717 22.2500
8718 12.2554
8719 4.1507
8720 0.7631
8721 39.7258
8722 2.1838
8723 1.4662
8724 11.6058
8725 4.8021
8726 6.2375
8727 11.2776
8728 1.3409
8729 9.2394
8730 1.2830
8731 1.2625
8732 2.1665
8733 2.6504
8734 3.2998
8735 3.3140
8736   NaN
8737 18.4065
8738 2.1877
8739 0.8931
8740 1.6720
8741 2.2403
8742 2.5002
8743 2.9392
8744 20.0427
8745 5.0825
8746 4.1603
8747 4.2203
8748 1.4614
8749 3.0747
8750 2.4432
8751 5.1735
8752 14.3383
8753 3.3517
8754 2.0305
8755 4.1348
8756 8.2865
8757 1.8225
8758 15.0048
8759 3.0367
8760 1.1199
8761 2.7808
8762 4.8967
8763 0.1624
8764 5.9424
8765 26.2782
8766 17.6096
8767 7.3526
8768 5.0346
8769 2.3027
8770 4.8647
8771   NaN
8772 4.4561
8773 2.2596
8774 13.8002
8775 2.9485
8776 10.0612
8777 2.5482
8778 7.0723
8779 0.6773
8780 2.3849
8781 3.1459
8782 4.4375
8783 1.6513
8784 4.4212
8785 5.8791
8786 8.6721
8787 2.0016
8788 0.6018
8789 10.9259
8790 12.2132
8791 3.1983
8792 9.8286
8793 9.2525
8794 1.7897
8795 4.5929
8796 0.1643
8797 12.4371
8798 8.3869
8799 13.3899
8800 3.8573
8801 10.7632
8802 0.9894
8803 5.1989
8804 4.9815
8805 17.5117
8806 2.7611
8807 11.9275
8808 7.0568
8809 3.3537
8810 11.6693
8811 12.6337
8812 14.4908
8813 3.7474
8814 16.4100
8815 18.7115
8816 17.0860
8817 1.3557
8818 4.7427
8819 8.9362
8820 3.3164
8821 4.1907
8822 13.6720
8823 14.0803
8824 5.0854
8825 1.8874
8826 3.3326
8827 3.7601
8828 9.3013
8829 2.0871
8830 1.8854
8831 3.1185
8832 2.9972
8833 2.4624
8834 3.0012
8835 6.0783
8836 5.4606
8837 5.3235
8838 0.8183
8839 2.1109
8840 16.7733
8841 1.8434
8842 11.1933
8843 2.1173
8844 1.3738
8845 13.5294
8846 9.6355
8847 2.6217
8848 13.2031
8849 19.9974
8850 1.2063
8851 2.5846
8852 2.4245
8853 19.3959
8854 2.6913
8855 6.0152
8856 3.1592
8857 8.3892
8858 14.2997
8859 6.5156
8860 14.2177
8861 6.8940
8862 9.3018
8863 5.1832
8864 4.7387
8865 0.6815
8866 18.7428
8867 6.9957
8868 6.5624
8869 1.0597
8870 4.3648
8871 9.7474
8872 1.4264
8873 4.2621
8874 1.1319
8875 6.6444
8876 7.5589
8877 11.0194
8878 4.0156
8879 13.4248
8880 6.1721
8881 28.0656
8882 2.1180
8883 3.4915
8884 1.4245
8885 2.9366
8886 7.9386
8887 0.9356
8888 13.4360
8889 4.1045
8890 8.2077
8891 2.3513
8892 2.4605
8893 23.4846
8894 2.5380
8895 12.0717
8896 2.8969
8897 6.5382
8898 1.8185
8899 3.8347
8900 1.5230
8901 3.4813
8902 17.5926
8903 3.6644
8904 2.9989
8905 10.3788
8906 29.4152
8907 1.7297
8908 6.9537
8909 10.3782
8910 8.7564
8911 11.3992
8912 4.6778
8913 5.2929
8914 3.9346
8915 21.5369
8916 1.9326
8917 4.9715
8918 2.3313
8919 4.0670
8920 0.3355
8921 4.5940
8922 12.5380
8923 5.7169
8924 5.9888
8925 3.0558
8926 1.3306
8927 5.5148
8928 3.8948
8929 5.2192
8930 10.7577
8931 12.0962
8932 1.9022
8933 2.8403
8934 1.1920
8935 1.7743
8936 17.6517
8937 1.9626
8938 1.6482
8939 7.4890
8940 6.8743
8941 2.6847
8942 4.4760
8943 2.2864
8944 6.6682
8945 1.3952
8946 1.8819
8947 2.3261
8948 2.2545
8949 4.0927
8950 7.3856
8951 0.9211
8952 8.2612
8953 4.3915
8954 5.9115
8955 9.4870
8956 4.5591
8957 1.5374
8958 8.6422
8959 6.3670
8960 10.2727
8961 3.5916
8962 4.7544
8963 0.5671
8964 7.2120
8965 2.2750
8966 1.7968
8967 3.4517
8968 6.5997
8969 1.9155
8970 2.7666
8971 20.7808
8972 19.8719
8973 4.0492
8974 8.8965
8975 3.4456
8976 1.0643
8977 2.9817
8978 1.8970
8979 5.2389
8980 12.6584
8981 5.5347
8982 7.1124
8983 3.4892
8984 29.9663
8985 2.3939
8986 12.3904
8987 1.3300
8988 2.6612
8989 1.2818
8990 0.7225
8991 6.7653
8992 1.6694
8993 15.3986
8994 3.9791
8995 13.7756
8996 38.4793
8997 10.0439
8998 2.0112
8999 3.8741
9000 1.7429
9001 14.2961
9002 1.5012
9003 5.9478
9004 11.4097
9005 1.7679
9006 7.1704
9007 5.7867
9008 2.0814
9009 1.6523
9010 6.7902
9011 5.6148
9012 1.2460
9013 0.9344
9014 2.3463
9015 10.0914
9016 4.1158
9017 23.3969
9018 18.2751
9019 3.3129
9020   NaN
9021 17.8050
9022 1.5045
9023 12.2938
9024 10.9723
9025 7.0434
9026 11.0752
9027 13.0553
9028 2.8563
9029 4.0119
9030 7.5539
9031 9.6677
9032 12.1328
9033 6.4464
9034 42.9713
9035 1.8976
9036 3.0181
9037 7.9971
9038 4.5685
9039 4.1134
9040 2.8379
9041 3.1007
9042 31.2148
9043 6.1967
9044 12.7850
9045 6.6570
9046 3.0679
9047 4.4052
9048 9.5614
9049 6.0249
9050 9.0851
9051 3.5552
9052 8.4792
9053 2.0937
9054 7.6059
9055 4.5090
9056 1.5049
9057 13.5766
9058 1.6751
9059 1.8378
9060 4.6302
9061 6.8628
9062 8.3262
9063 4.7279
9064 7.4979
9065 4.7850
9066 5.5853
9067 1.3591
9068 8.1337
9069 2.2142
9070 16.5726
9071 1.7596
9072 17.4180
9073 2.1670
9074 4.6605
9075 3.5468
9076 1.8952
9077 0.2198
9078 22.0082
9079 4.9288
9080 15.0999
9081 5.2139
9082 0.4441
9083 2.2447
9084 0.4948
9085 3.0139
9086 10.9506
9087 9.8901
9088 7.8712
9089 1.7615
9090 5.0491
9091 0.8122
9092 6.5490
9093 9.0364
9094 7.2104
9095 1.3665
9096 11.4390
9097 2.2846
9098 2.2605
9099 4.5237
9100 5.5801
9101 1.6875
9102 4.4549
9103 11.9643
9104 19.8973
9105 2.2923
9106 1.1069
9107 0.8572
9108 1.7878
9109 4.4975
9110 6.2556
9111 1.8332
9112 1.0197
9113 2.5359
9114 2.5506
9115 3.9676
9116 1.6607
9117 18.5105
9118 28.1337
9119 26.8650
9120 12.3043
9121 0.8379
9122 4.2106
9123 10.1299
9124 6.4246
9125 1.6548
9126 14.4334
9127 18.6167
9128 3.0575
9129 3.8920
9130 6.7926
9131 4.6868
9132 3.5735
9133 3.6252
9134 2.0044
9135 6.0895
9136 6.1004
9137 6.4449
9138 2.0879
9139 9.8788
9140 26.4935
9141 1.5530
9142 3.4822
9143 1.2748
9144 5.9863
9145 1.0547
9146 0.8632
9147 1.3409
9148 2.1883
9149 5.1247
9150 3.7548
9151 3.2339
9152 1.5324
9153 4.4650
9154 1.0090
9155 7.3045
9156 2.6797
9157 8.0190
9158 8.0248
9159 5.1933
9160 0.7088
9161 4.6607
9162 2.6043
9163 6.7156
9164 0.4662
9165 1.9644
9166 0.5599
9167 2.8511
9168 2.4430
9169 0.8798
9170 6.5827
9171 1.2646
9172 7.0344
9173 4.5398
9174 1.6418
9175 4.1707
9176 0.5650
9177 1.6927
9178 14.1243
9179 15.0397
9180 10.5386
9181 44.8877
9182 12.5590
9183 33.0287
9184 2.2178
9185 20.9767
9186 4.3052
9187 5.0785
9188 2.7197
9189 5.9337
9190 18.6505
9191 10.6644
9192 2.6831
9193 15.2139
9194 6.4852
9195 6.4009
9196 2.2262
9197 8.1272
9198 9.8854
9199 3.6907
9200 3.9218
9201 20.8578
9202 11.6971
9203 4.1320
9204 2.2985
9205 2.8327
9206 4.7996
9207 26.1708
9208 5.2791
9209 2.7109
9210 1.1347
9211 0.4172
9212 9.0979
9213 19.9091
9214 3.7718
9215 5.7306
9216 4.7227
9217 12.9146
9218 12.1244
9219 4.3142
9220 5.0294
9221 1.3482
9222 16.3487
9223 5.2281
9224 4.6511
9225 16.8926
9226 3.9475
9227 3.4764
9228 7.0243
9229 2.7227
9230 2.6656
9231 0.8850
9232 7.6958
9233 6.1756
9234 4.4469
9235 3.7167
9236 3.4236
9237 3.2899
9238 3.4095
9239 0.9428
9240 1.3444
9241 4.9956
9242 5.3648
9243 12.1372
9244 18.3446
9245 7.5305
9246 5.8490
9247 11.6908
9248 9.7308
9249 4.1357
9250 4.9796
9251 3.3971
9252 1.4738
9253 52.3649
9254 4.0645
9255 7.1331
9256 1.4144
9257 3.8994
9258 13.9175
9259 5.0512
9260 10.6067
9261 7.7679
9262 2.3717
9263 4.4438
9264 10.7375
9265 1.5337
9266 1.6704
9267 4.7575
9268 4.0154
9269 0.9615
9270 8.0147
9271 8.8082
9272 1.4443
9273 0.5175
9274 2.5846
9275 12.5015
9276 4.2133
9277 23.7908
9278 4.8116
9279 4.9225
9280 1.9401
9281 11.4871
9282 1.7193
9283 6.3622
9284 6.2455
9285 3.4074
9286 4.6606
9287 8.7970
9288 1.7708
9289 3.5939
9290 9.5676
9291 12.5232
9292 15.1621
9293 7.8598
9294 3.0549
9295 3.1232
9296 4.1996
9297 5.1015
9298 18.8908
9299 0.6938
9300 26.9722
9301 2.7095
9302 22.3380
9303 1.3203
9304   NaN
9305 19.7744
9306 6.4839
9307 4.7434
9308 4.8229
9309 2.0832
9310 11.2987
9311 4.4149
9312 3.2913
9313 3.8905
9314 6.9868
9315 1.8403
9316 6.7200
9317 3.4310
9318 16.5502
9319 11.3523
9320 19.8774
9321 6.3641
9322 2.9802
9323 8.0478
9324 5.6777
9325 5.1110
9326 3.7940
9327 14.0818
9328 6.3884
9329 3.4856
9330 6.2058
9331 0.9861
9332 1.0271
9333 1.4830
9334 2.2257
9335 24.1179
9336 10.5947
9337 1.2838
9338 4.8122
9339 18.6880
9340 28.8988
9341 3.8498
9342 26.4687
9343 4.1748
9344 7.0453
9345 2.5108
9346 4.8204
9347 2.7275
9348 4.8520
9349 1.6513
9350 6.7697
9351 2.1791
9352 2.3387
9353 3.1172
9354 8.9881
9355 1.9479
9356 2.7551
9357 18.2635
9358 3.5404
9359 3.2651
9360 3.4798
9361 7.0398
9362 5.0935
9363 22.4168
9364 10.3826
9365 1.2067
9366 4.8764
9367 22.4877
9368 9.5514
9369 22.0347
9370 6.2508
9371 2.2503
9372 5.3542
9373 2.7810
9374 4.4215
9375 4.1034
9376 6.3452
9377 3.5271
9378 2.3776
9379 1.8031
9380 1.2900
9381 13.8727
9382 5.4418
9383 1.3856
9384 2.7928
9385 2.9830
9386 6.5324
9387 1.1543
9388 1.9235
9389 13.8900
9390 3.4396
9391 3.5953
9392 13.8992
9393 12.8691
9394 6.7243
9395 6.4249
9396 5.0153
9397 5.0938
9398 18.0747
9399 1.2515
9400 2.2715
9401 2.4701
9402 14.8788
9403 13.8292
9404 5.3546
9405 10.1357
9406 5.8738
9407 6.4156
9408 13.7327
9409 0.2391
9410 0.8700
9411 3.4652
9412 6.0105
9413 0.6562
9414 11.6222
9415 3.1577
9416 4.8815
9417 4.0829
9418 18.3941
9419 18.8847
9420 18.0927
9421 5.9236
9422 25.7296
9423 8.7131
9424 13.9543
9425 4.2108
9426 27.8272
9427 2.0207
9428 1.0374
9429 1.2159
9430 1.4484
9431 3.0676
9432 11.9211
9433 5.7936
9434 3.5056
9435 6.0701
9436 35.0973
9437 12.6966
9438 2.3152
9439 5.3017
9440 2.8975
9441 5.9454
9442 5.8826
9443 6.5282
9444 14.3910
9445 6.0205
9446 5.1169
9447 33.8887
9448 2.8705
9449 1.8510
9450 7.0818
9451 1.4691
9452 10.4586
9453 2.1456
9454 0.7631
9455 6.6064
9456 0.4668
9457 6.6308
9458 0.5962
9459 4.0953
9460 2.8840
9461 4.1830
9462 0.9808
9463 7.0464
9464 4.4403
9465 3.9453
9466 2.5407
9467 4.0556
9468 4.4377
9469 0.4161
9470 8.7413
9471 8.1225
9472 3.5022
9473 3.9455
9474 14.0038
9475 4.6496
9476 2.1588
9477 1.6342
9478 1.8734
9479 20.1116
9480 0.8147
9481 7.0485
9482 5.9640
9483 1.5194
9484 3.2784
9485 2.0561
9486 1.9778
9487 1.0826
9488 3.8735
9489 8.7053
9490 24.6344
9491 21.8867
9492 1.6126
9493 5.7059
9494 2.6163
9495 3.0649
9496 3.8134
9497 15.5529
9498 1.4055
9499 13.8878
9500 0.9009
9501 21.2366
9502 8.1397
9503 0.8762
9504 2.4385
9505 3.5185
9506 7.0019
9507 4.2019
9508 27.5880
9509 9.1976
9510 5.0627
9511 5.2074
9512 5.2271
9513 7.3593
9514 20.7519
9515 4.3869
9516 10.6358
9517 3.0600
9518 8.0380
9519 8.0320
9520 1.4183
9521 2.6782
9522 1.3927
9523 3.0588
9524 2.9107
9525 4.0289
9526 8.1787
9527 15.7707
9528 7.1241
9529 3.4741
9530 5.9425
9531 4.8671
9532 4.1314
9533 12.4393
9534 26.1101
9535 15.5881
9536 2.0517
9537 4.2184
9538 3.7590
9539   NaN
9540 5.4835
9541 1.9148
9542 5.4546
9543 2.1986
9544 9.0926
9545 10.7049
9546 1.1291
9547 6.0412
9548 7.2387
9549 6.5580
9550 5.3680
9551 19.4673
9552 4.8799
9553 3.8529
9554 2.9964
9555 7.7996
9556 9.2325
9557 9.1539
9558 7.0988
9559 3.7348
9560 1.6640
9561 1.5471
9562 0.6939
9563 4.2467
9564 1.9051
9565 5.9825
9566 2.7078
9567 1.3268
9568 4.3091
9569 14.6959
9570 5.2676
9571 4.5019
9572 4.9968
9573 6.7754
9574 22.2426
9575 3.6277
9576 8.8519
9577 2.6125
9578 8.0132
9579 22.6250
9580 2.1564
9581 1.2146
9582 37.0236
9583 1.4246
9584 9.5217
9585 2.6728
9586 20.0203
9587 0.2304
9588 4.3053
9589 1.6164
9590 5.3420
9591 0.9481
9592 0.4647
9593 2.0693
9594 9.2732
9595 2.0886
9596 8.4685
9597 1.6896
9598 5.8153
9599 4.9821
9600 7.9263
9601 1.7855
9602 10.9063
9603 3.1282
9604 3.0258
9605 3.7287
9606 3.5084
9607 15.6724
9608 2.1787
9609 1.5421
9610 5.9826
9611 27.6830
9612 11.9104
9613 13.4893
9614 1.8934
9615 1.9958
9616 13.9749
9617 3.8594
9618 11.6436
9619 1.6682
9620 2.2929
9621 0.6366
9622 9.1622
9623 18.6316
9624 12.8621
9625 13.5314
9626 8.5241
9627 4.2623
9628 5.3362
9629 12.9363
9630 1.8544
9631 5.9659
9632 9.8236
9633 3.3177
9634 3.9784
9635 0.8812
9636 15.5403
9637 2.5949
9638 1.8889
9639 4.7729
9640 18.1696
9641 2.3728
9642 7.4866
9643 2.2041
9644 6.6833
9645 4.6908
9646 6.0224
9647 7.7216
9648 2.6877
9649 13.1273
9650 20.3135
9651 0.8407
9652 14.0407
9653 1.1011
9654 0.5995
9655 16.2125
9656 3.6246
9657 8.0206
9658 8.5989
9659 0.2669
9660 4.5384
9661 2.5526
9662 8.0924
9663 12.5703
9664 3.6074
9665 0.9702
9666 2.7570
9667 2.9918
9668 14.5768
9669 2.6363
9670 39.8747
9671 1.3816
9672 1.9608
9673 3.7457
9674 1.1884
9675 3.4243
9676 17.0386
9677 4.2049
9678 17.5410
9679 14.5175
9680 13.9343
9681 2.5367
9682 8.0213
9683 1.3247
9684 7.8916
9685 9.2220
9686 9.4314
9687 2.5826
9688 1.9270
9689 10.2739
9690 1.8219
9691 5.9532
9692 6.2069
9693 2.7263
9694 3.6948
9695 27.0934
9696 11.4081
9697 0.4383
9698 1.3886
9699 26.7448
9700 2.4821
9701 7.1708
9702 2.0462
9703 5.1525
9704 2.9226
9705 12.2643
9706 5.0589
9707 9.9823
9708 4.1690
9709 2.3504
9710 17.9194
9711 1.2087
9712 3.1928
9713 4.1001
9714 1.6429
9715 35.2294
9716 26.2231
9717 0.7449
9718 8.1793
9719 3.1910
9720 5.1154
9721 3.0214
9722 8.2742
9723 10.6595
9724 1.2878
9725 13.4241
9726 5.7472
9727 3.6671
9728 14.5268
9729 4.2052
9730 27.8655
9731 14.1073
9732 10.4974
9733 1.4848
9734 1.3731
9735 1.3999
9736 4.7127
9737 1.9249
9738 2.3003
9739 1.9578
9740 6.5347
9741 1.2048
9742 4.9914
9743 1.5918
9744 0.8065
9745 0.9776
9746 2.3089
9747 17.9868
9748 2.1561
9749 7.2252
9750 3.5812
9751 5.4633
9752 5.5657
9753 1.6018
9754 5.1528
9755 0.4323
9756 3.9878
9757 4.2569
9758 2.5710
9759 1.1447
9760 15.4074
9761 3.3147
9762 0.6614
9763 2.8946
9764 19.3806
9765 8.3506
9766 2.6026
9767 1.5404
9768 2.2539
9769 6.7477
9770 7.9176
9771 4.3726
9772 3.0184
9773 0.8462
9774 7.3706
9775 3.7167
9776 7.2675
9777 14.3979
9778 17.2271
9779 3.8811
9780 2.4011
9781 7.4634
9782 3.6714
9783 7.5686
9784 2.9249
9785 2.0331
9786 21.7469
9787 6.9540
9788 3.2423
9789 3.0295
9790 2.1731
9791 3.0902
9792 6.2095
9793 3.1300
9794 2.1126
9795 0.9452
9796 18.9204
9797 3.1082
9798 3.4091
9799 2.5760
9800 8.2747
9801 2.3293
9802 17.3848
9803 0.7960
9804 3.4650
9805 2.8491
9806 6.1950
9807 3.9501
9808 4.9059
9809 3.1111
9810 1.2177
9811 0.9870
9812 3.1420
9813 2.6969
9814 6.7805
9815 5.0324
9816 0.3381
9817 13.4769
9818 6.5044
9819 1.7271
9820 0.5565
9821 17.8080
9822 16.3163
9823 5.6837
9824 4.6739
9825 2.2691
9826 20.5115
9827 1.5181
9828 2.1504
9829 5.4905
9830 3.4899
9831 17.0040
9832 4.7869
9833 2.6344
9834 3.8976
9835 1.6387
9836 2.8611
9837 2.9423
9838 1.7787
9839 2.5575
9840 5.6489
9841 2.5122
9842 12.3639
9843 11.6437
9844 2.7043
9845 2.2651
9846 2.4739
9847 3.9191
9848 2.6400
9849 15.3351
9850 16.0402
9851 6.9266
9852 26.6643
9853 3.7530
9854 7.7185
9855 12.3151
9856 1.4940
9857 5.7993
9858 12.4809
9859 1.4067
9860 5.3992
9861 10.2558
9862 10.1834
9863 4.8617
9864 7.2741
9865 10.6799
9866 12.1567
9867 5.3933
9868 3.6701
9869 0.7879
9870 0.9733
9871 4.5701
9872 2.6295
9873 16.4466
9874 3.5023
9875 2.1089
9876 1.2274
9877 11.7554
9878 6.2557
9879 6.6096
9880 11.5027
9881 8.2784
9882 4.8656
9883 4.2266
9884 5.0314
9885 0.4597
9886 10.9132
9887 5.9323
9888 4.7173
9889 31.1769
9890 2.0696
9891 7.8836
9892 4.2818
9893 2.9476
9894 1.9770
9895 1.9927
9896 3.4067
9897 10.2019
9898 5.1787
9899 32.3358
9900 2.1770
9901 1.3743
9902 3.0857
9903 0.8940
9904 5.7803
9905 2.2162
9906 4.1639
9907 23.2731
9908 3.3917
9909 2.0880
9910 3.4215
9911 6.2705
9912 2.2739
9913 5.7112
9914 1.1300
9915 1.8530
9916 6.5214
9917 2.7518
9918 4.4112
9919 4.9124
9920 5.7271
9921 29.6687
9922 3.9493
9923 2.9687
9924 7.0886
9925 21.7181
9926 14.6078
9927 1.5377
9928 4.9521
9929 7.4600
9930 6.6941
9931 2.5168
9932 3.3932
9933 8.7262
9934 4.4939
9935 3.1905
9936 4.4513
9937 2.6096
9938 5.2940
9939 3.0216
9940 3.5512
9941 14.5258
9942 3.8426
9943 8.0018
9944 4.3473
9945 0.8130
9946 2.0116
9947 4.4943
9948 1.2003
9949 3.2406
9950 2.1818
9951 2.2290
9952 2.7599
9953 18.0961
9954 2.7191
9955 1.7134
9956 1.4496
9957 5.8508
9958 0.6002
9959 2.4965
9960 1.5814
9961 6.1488
9962 4.7359
9963 3.2798
9964 2.3925
9965 4.1793
9966 1.5277
9967 3.7146
9968 8.7233
9969 2.9114
9970 3.1198
9971 43.6226
9972 4.4614
9973 5.2789
9974 7.0141
9975 1.7472
9976 1.9385
9977 7.7844
9978 7.5553
9979 20.9045
9980 5.0485
9981 2.2642
9982 5.1704
9983 1.2647
9984 20.5883
9985 1.2578
9986 9.5070
9987 3.5270
9988 3.9948
9989 1.2193
9990 7.4252
9991 2.6453
9992 1.4249
9993 21.9874
9994 1.5868
9995 8.5584
9996 4.0325
9997 2.1160
9998 2.4395
9999 7.7042
10000 6.4988
