2501 0.3780
2502 2.3612
2503 22.7401
2504 3.8197
2505 11.6782
2506 13.8239
2507 17.7129
2508 14.2589
2509 2.6907
2510 2.9468
2511 17.6859
2512 12.1651
2513 15.5761
2514 9.3103
2515 42.9570
2516 45.5001
2517 7.5688
2518 68.4661
2519 8.6767
2520 17.8258
2521 14.8670
2522 21.2997
2523 4.6888
2524 25.0113
2525 0.6406
2526 4.3741
2527 4.8868
2528 16.4903
2529 5.9522
2530 1.4444
2531 31.7533
2532 19.1041
2533 17.7574
2534 1.4176
2535 2.0851
2536 4.0872
2537 3.3230
2538 8.3842
2539 4.0439
2540 3.1203
2541 3.8039
2542 1.7830
2543 2.7078
2544 15.6273
2545 5.1984
2546 5.7232
2547 8.3459
2548 33.1146
2549 6.9185
2550 23.5834
2551 2.5443
2552 9.5488
2553 29.0472
2554 35.0116
2555 4.7675
2556 31.4960
2557 56.3145
2558 4.4428
2559 5.6724
2560 2.4080
2561 27.7252
2562 8.8261
2563 28.5974
2564 6.6009
2565 3.4883
2566 32.2679
2567 2.1475
2568 2.2419
2569 12.0094
2570 4.0754
2571 14.2121
2572 3.3808
2573 13.6948
2574 15.9414
2575 44.2845
2576 0.9745
2577 10.2717
2578 3.7719
2579 3.4091
2580 6.1838
2581 5.8823
2582 7.6845
2583 11.4844
2584 15.0162
2585 10.7649
2586 8.3968
2587 9.7051
2588 16.8252
2589 2.4439
2590 26.7873
2591 10.1399
2592 4.1101
2593 9.5152
2594 7.4308
2595 8.9025
2596 19.7825
2597 6.1031
2598 3.0648
2599 4.6926
2600 57.4397
2601 4.8777
2602 8.3604
2603 0.1715
2604 4.4116
2605 1.6585
2606 33.5882
2607 19.0353
2608 2.5707
2609 2.0756
2610 2.9264
2611 33.7370
2612 2.6969
2613 3.1004
2614 39.7626
2615 19.3191
2616 12.6219
2617 6.5604
2618 6.8839
2619 11.7505
2620 12.9344
2621 1.3266
2622 2.5230
2623 45.5127
2624 14.5553
2625 7.8941
2626 20.0625
2627 5.9084
2628 27.0025
2629 7.6763
2630 4.5628
2631 9.7604
2632 18.5999
2633 34.3135
2634 15.5775
2635 56.0505
2636 19.2538
2637 20.2833
2638 30.1509
2639 18.9710
2640 9.1340
2641 33.9836
2642 17.5944
2643 7.8224
2644 4.7015
2645 7.8624
2646 9.3252
2647 39.8736
2648 20.1221
2649 3.8089
2650 11.7716
2651 0.8746
2652 12.2478
2653 3.3168
2654 4.3768
2655 4.2967
2656 25.8945
2657 14.2694
2658 2.7883
2659 1.9777
2660 9.2088
2661 13.7171
2662 2.0192
2663 14.2631
2664 0.8216
2665 11.2362
2666 13.9424
2667 12.1117
2668 31.0885
2669 41.6583
2670 12.9181
2671 22.2455
2672 3.3267
2673 8.4776
2674 16.9152
2675 5.1026
2676 2.7893
2677 16.4730
2678 17.5295
2679 1.6442
2680 7.3860
2681 1.5852
2682 45.6407
2683 22.1986
2684 0.4064
2685 67.0393
2686 20.8036
2687 60.6299
2688 8.9046
2689 6.7849
2690 12.3062
2691 2.7045
2692 8.4534
2693 1.2937
2694 9.9984
2695 3.2468
2696 15.4357
2697 1.2791
2698 4.0595
2699 32.5436
2700 0.7911
2701 13.0968
2702 1.3862
2703 23.4258
2704 4.2591
2705 3.8271
2706 34.3316
2707 6.9373
2708 83.0229
2709 0.9104
2710 4.9316
2711 3.7580
2712 37.3257
2713 87.8317
2714 17.5934
2715 18.1669
2716 22.9010
2717 1.3942
2718 18.5864
2719 34.3862
2720 8.9132
2721 8.1466
2722 44.9796
2723 13.7743
2724 1.9785
2725 18.0508
2726 11.4675
2727 8.4678
2728 11.4143
2729 3.1522
2730 5.6738
2731 15.0169
2732 2.4670
2733   NaN
2734 0.4663
2735 3.1741
2736 10.5137
2737 21.1078
2738 7.8368
2739 2.5525
2740 44.3222
2741 18.2630
2742 26.1211
2743 62.2738
2744 17.1968
2745 24.3163
2746 13.0512
2747 13.0381
2748 9.6271
2749 4.8304
2750 11.9572
2751 6.7321
2752 6.9275
2753 85.1456
2754 11.7547
2755 46.6126
2756 3.8518
2757 9.6560
2758 5.6885
2759 18.3787
2760 12.0257
2761 11.4478
2762 4.3591
2763 28.2044
2764 4.4040
2765 16.8078
2766 1.1400
2767 12.8958
2768 17.4102
2769 4.1352
2770 1.0914
2771 18.3750
2772 24.7039
2773 2.2434
2774 15.0311
2775 3.0499
2776 13.0276
2777 12.4188
2778 0.1876
2779 13.7610
2780 11.1116
2781 10.4546
2782 11.0405
2783 1.3302
2784 22.3762
2785 48.3181
2786 2.3123
2787 26.1892
2788 34.6843
2789 12.4118
2790 11.9346
2791 24.8413
2792 4.6052
2793 53.1162
2794 20.4407
2795 10.3592
2796 7.4356
2797 40.1759
2798 14.8920
2799 10.8926
2800 13.3699
2801 12.7188
2802 2.8451
2803 12.9791
2804 8.2693
2805 16.7679
2806 4.9740
2807 13.6059
2808 8.4026
2809 5.5953
2810 26.6105
2811 34.9446
2812 23.6060
2813 13.0634
2814 52.0528
2815 27.8476
2816 4.4553
2817 21.5188
2818 13.2671
2819 6.9569
2820 10.8268
2821 2.4593
2822 0.9437
2823 1.9837
2824 2.4654
2825 6.6555
2826 3.8312
2827 39.3547
2828 17.2953
2829 2.5929
2830 19.1065
2831 36.6563
2832 3.6076
2833 10.6494
2834 34.3646
2835 3.8108
2836 2.2775
2837 20.0741
2838 3.4422
2839 6.7118
2840 13.1570
2841 26.9313
2842 19.2068
2843 19.1615
2844 3.7984
2845 9.2722
2846 7.8992
2847 3.6012
2848 1.8209
2849 8.4495
2850 10.9646
2851 75.5544
2852 4.0679
2853 5.6331
2854 14.5242
2855 2.8786
2856 18.6277
2857 26.0863
2858 16.8172
2859 5.5978
2860 12.6376
2861 17.3371
2862 59.6605
2863 4.9796
2864 16.0278
2865 6.5459
2866 21.0669
2867 9.2128
2868 55.9558
2869 7.3038
2870 13.4348
2871 24.9621
2872 5.3296
2873 5.0236
2874 12.0060
2875 6.2187
2876 20.1440
2877 6.8883
2878 17.0291
2879 20.9594
2880 21.3208
2881 6.5696
2882 17.5303
2883 4.7782
2884 80.1746
2885 25.8864
2886 5.0657
2887 19.9017
2888 8.4578
2889 7.2615
2890 12.9105
2891 50.2785
2892 25.5228
2893 2.2325
2894 9.6309
2895 17.7153
2896 6.8977
2897 1.5546
2898 3.3548
2899 13.7005
2900 3.2672
2901 16.1152
2902 1.6269
2903 14.7183
2904   NaN
2905 7.4117
2906 3.9756
2907 6.7253
2908 12.2644
2909 25.1629
2910 2.9468
2911 13.0340
2912 5.1590
2913 14.5275
2914 1.5939
2915 15.0916
2916 3.4888
2917 9.9925
2918 2.1849
2919 0.1988
2920 12.4789
2921 3.3372
2922 13.0893
2923 2.7242
2924 67.1054
2925 8.2373
2926 18.9307
2927 20.3770
2928 0.5167
2929 7.6927
2930 5.6319
2931 5.7723
2932 9.2162
2933 21.6287
2934 8.4847
2935 6.9113
2936 66.4012
2937 9.0236
2938 9.5161
2939 20.8648
2940 6.0669
2941 13.7609
2942 12.2112
2943 21.9830
2944 33.0237
2945 23.9888
2946 3.2711
2947 23.0519
2948 1.5025
2949 33.7618
2950 24.5029
2951 5.3164
2952 1.2502
2953 19.3946
2954 0.8805
2955 10.8132
2956 22.4393
2957 16.6133
2958 25.0427
2959 16.3857
2960 29.1663
2961 7.8049
2962 31.1039
2963 21.0681
2964 15.0072
2965 9.9024
2966 3.3533
2967 18.6960
2968 22.5650
2969 3.4264
2970 21.5874
2971 9.3755
2972 11.9940
2973 9.3730
2974 29.1163
2975 1.3687
2976 5.0584
2977 3.4998
2978 4.9434
2979 9.1100
2980 70.5441
2981 13.6463
2982 25.2406
2983 9.4709
2984 20.3020
2985 10.8108
2986 20.3828
2987 30.2747
2988 0.7600
2989 0.4170
2990 4.8718
2991 31.5996
2992 35.7221
2993 9.6030
2994 17.2985
2995 17.9714
2996 52.8006
2997 17.0998
2998 41.8469
2999 17.3515
3000 10.5917
3001 3.8443
3002 16.3980
3003 46.5218
3004 24.8690
3005 6.8832
3006 11.9019
3007 6.3221
3008 3.3603
3009 3.5902
3010 10.4925
3011 28.9218
3012 0.7710
3013 35.7283
3014 23.8625
3015 21.2976
3016 11.3541
3017 21.4288
3018 26.5917
3019 6.3202
3020 2.9061
3021 15.3900
3022 0.9655
3023 33.4024
3024 3.5355
3025 0.5660
3026 39.4043
3027 25.5938
3028 5.4250
3029 3.3689
3030 9.9259
3031 2.9176
3032 2.2038
3033 25.5828
3034 5.3988
3035 12.4533
3036 12.8595
3037 7.7505
3038 14.8513
3039 5.8730
3040 50.8434
3041 17.5234
3042 52.7935
3043 7.9977
3044 5.0937
3045 12.9038
3046 1.9295
3047 17.2887
3048 5.3861
3049 12.4383
3050 4.9759
3051 56.1686
3052 5.5266
3053 1.2960
3054 24.8017
3055 15.5036
3056 3.1686
3057 10.9455
3058 8.9638
3059 2.9408
3060 1.0603
3061 6.5930
3062 5.1641
3063 9.8154
3064 1.9356
3065 25.0953
3066 26.1676
3067 8.6900
3068 10.4262
3069 10.7527
3070 24.1349
3071 5.3480
3072 1.8948
3073 3.4423
3074 1.1414
3075 3.6756
3076 3.3714
3077 18.5655
3078 33.4342
3079 47.3434
3080 17.0190
3081 16.8159
3082 11.1292
3083 2.0344
3084 18.2100
3085 26.9319
3086 2.4643
3087 6.8517
3088 14.5919
3089 19.6844
3090 7.6717
3091 26.4218
3092 46.3738
3093 21.4369
3094 5.3378
3095 4.9975
3096 1.6192
3097 4.7826
3098 26.0126
3099 29.2047
3100 12.1525
3101 2.6564
3102 2.6091
3103 70.7375
3104 2.2108
3105 10.1946
3106 4.6105
3107 9.2784
3108 37.9243
3109 6.7537
3110 4.2481
3111 6.6973
3112 31.5967
3113 8.3123
3114 8.1470
3115 31.2022
3116 2.1942
3117 20.4995
3118 4.5051
3119 31.0764
3120 28.9827
3121 9.6445
3122 2.6194
3123 33.4842
3124 0.9228
3125 2.6929
3126 17.4456
3127 18.0556
3128 1.8027
3129 2.2822
3130 2.9178
3131 0.1303
3132 7.1816
3133 10.2413
3134 4.7297
3135 3.8240
3136 21.8110
3137 1.3352
3138 32.5713
3139 1.2795
3140 17.0682
3141 6.1002
3142 6.6264
3143 4.2231
3144 9.6560
3145 19.4377
3146 3.8941
3147 8.2178
3148 48.1336
3149 3.6695
3150 1.9250
3151 8.1488
3152 20.6380
3153 25.4025
3154 29.9751
3155 36.7485
3156 9.1917
3157 22.7871
3158 15.7652
3159 6.7505
3160 3.1968
3161 1.8654
3162 3.6055
3163 17.9298
3164 0.8206
3165 7.3202
3166 9.2946
3167 1.6790
3168 2.9551
3169 2.2989
3170 5.6397
3171 17.8035
3172 7.8215
3173 16.0726
3174 44.4817
3175 7.6102
3176 20.2319
3177 8.0068
3178 16.1838
3179 3.0852
3180 19.4636
3181 3.2456
3182 7.9645
3183 3.1462
3184 22.7011
3185 14.6501
3186 18.8441
3187 4.8094
3188 16.9094
3189 20.1609
3190 3.5013
3191 12.5468
3192 0.9974
3193 29.3410
3194 42.7565
3195 10.6828
3196 6.9696
3197 19.3139
3198 0.1798
3199 20.3345
3200 5.2924
3201 6.8487
3202 12.1268
3203 11.9632
3204 7.5815
3205 4.4891
3206 44.9142
3207 5.0716
3208 4.2276
3209 16.4648
3210 13.0011
3211 21.4782
3212 4.2829
3213 13.0080
3214 2.8248
3215 26.1997
3216 15.9869
3217 21.3548
3218 5.1979
3219 1.6661
3220 3.3146
3221 14.8110
3222 3.2658
3223 11.7557
3224 4.0575
3225 4.9676
3226 4.5545
3227 8.2010
3228 0.7052
3229 9.3152
3230 17.7112
3231 0.2749
3232 7.6450
3233 1.8640
3234 18.7945
3235 4.6009
3236 3.2914
3237 45.1953
3238 24.8728
3239 13.6113
3240 3.8266
3241 6.7375
3242 5.8477
3243 2.4521
3244 9.4596
3245 11.2144
3246 8.6221
3247 2.6524
3248 38.3493
3249 16.4522
3250 15.8404
3251 9.5881
3252 3.0312
3253 15.4073
3254 40.0122
3255 7.4318
3256 8.9153
3257 25.6984
3258 6.3064
3259 4.3367
3260 33.0692
3261 7.3535
3262 11.0746
3263 19.4463
3264 16.1774
3265 1.2205
3266 1.4848
3267 38.7609
3268 18.3481
3269 4.7693
3270 7.4051
3271 35.8757
3272 1.4829
3273 0.8868
3274 3.0345
3275 8.1696
3276 5.5686
3277 8.1185
3278 12.1653
3279 16.5558
3280 4.0761
3281 11.0482
3282 3.8978
3283 3.4483
3284 4.0462
3285 5.2645
3286 10.5502
3287 14.5537
3288 13.3433
3289 13.1826
3290 12.8120
3291 5.2095
3292 18.2055
3293 10.5098
3294 26.6088
3295 21.6097
3296 10.0453
3297 0.8195
3298 40.1554
3299 1.3394
3300 7.1106
3301 8.5152
3302 16.2922
3303 9.4564
3304 9.5074
3305 15.8382
3306 0.4616
3307 9.3616
3308 19.0555
3309 5.5671
3310 6.9182
3311 2.6181
3312 26.7482
3313 29.7975
3314 43.5876
3315 2.4192
3316 8.6512
3317 22.8892
3318 1.5396
3319 0.1455
3320 8.9580
3321 5.7437
3322 4.1721
3323 9.8508
3324 37.8220
3325 26.0127
3326 1.8656
3327 23.9501
3328 36.2456
3329 4.5794
3330 5.0323
3331 6.9392
3332 16.9536
3333 48.9495
3334 15.4593
3335 8.4465
3336 18.3917
3337 20.5203
3338 3.9485
3339 2.4456
3340 0.7811
3341 3.3227
3342 14.0685
3343 1.5260
3344 2.8257
3345 4.0819
3346 3.7254
3347 4.9113
3348 36.7716
3349 5.4389
3350 2.5359
3351 5.7316
3352 4.1728
3353 34.2234
3354 3.0492
3355 6.8302
3356 8.7237
3357 1.3566
3358 8.3254
3359 9.2222
3360 7.4485
3361 7.3156
3362 0.8066
3363 9.4743
3364 4.9456
3365 6.1998
3366 45.1681
3367 23.1471
3368 12.6836
3369 14.6689
3370 8.9118
3371 25.6369
3372 7.9454
3373 21.7997
3374 11.6053
3375 21.3316
3376 1.4023
3377 3.4244
3378 5.9364
3379 4.7029
3380 19.8756
3381 13.5361
3382 13.7108
3383 4.6659
3384 15.1873
3385 6.8228
3386 5.8174
3387 11.9449
3388 33.2879
3389 25.3821
3390 14.4682
3391 9.3495
3392 41.3950
3393 17.2722
3394 16.9685
3395 7.6895
3396 18.4849
3397 3.5073
3398 14.1508
3399 2.1818
3400 7.5346
3401 9.5106
3402 42.6233
3403 1.4582
3404 42.2264
3405 2.1339
3406 12.9562
3407 46.6338
3408 12.1786
3409 40.2070
3410 14.3525
3411 3.4718
3412 47.9220
3413 3.2824
3414 1.5763
3415 34.7015
3416 7.5901
3417 62.2769
3418 13.6359
3419 2.7157
3420 13.3857
3421 4.3816
3422 13.6150
3423 4.6500
3424 21.5457
3425 26.2927
3426 1.2962
3427 20.4766
3428 13.3930
3429 22.5060
3430 2.0263
3431 17.1504
3432 14.0450
3433 21.2702
3434 14.4720
3435 5.7320
3436 17.9727
3437 1.9376
3438 13.2079
3439 5.7545
3440 8.0867
3441 4.3382
3442 10.3573
3443 14.7363
3444 4.8596
3445 7.2353
3446 23.2506
3447 15.7252
3448 29.3618
3449 10.6118
3450 24.4521
3451 8.7993
3452 38.1696
3453 13.0335
3454 18.0398
3455 4.7950
3456 30.5042
3457 10.2908
3458 9.1581
3459 23.0069
3460 6.2292
3461 2.5645
3462 28.2926
3463 12.8365
3464 0.7751
3465 6.5693
3466 4.7759
3467 1.9726
3468 20.6807
3469 13.5778
3470 4.3729
3471   NaN
3472 12.5231
3473 8.1136
3474 12.2445
3475 8.1071
3476 9.8017
3477 7.5507
3478 16.7731
3479 16.4013
3480 15.3878
3481 19.0747
3482 17.5595
3483 11.9090
3484 12.6353
3485 4.4510
3486 22.4649
3487 31.4953
3488 20.9483
3489 37.5921
3490 7.8617
3491 9.7132
3492 6.5786
3493 9.1944
3494 18.1058
3495 1.2615
3496 21.1887
3497 0.2532
3498 5.5605
3499 5.7204
3500 2.0195
3501 18.9345
3502 23.6645
3503 13.1317
3504 13.2015
3505 8.3359
3506 48.2573
3507 20.0823
3508 6.7205
3509 0.6490
3510 9.5210
3511 1.0291
3512 14.0571
3513 17.5749
3514 12.9320
3515 9.4417
3516 3.9142
3517 9.7381
3518 13.3517
3519 39.2794
3520 1.4883
3521 21.7369
3522 15.3622
3523 1.7228
3524 21.9490
3525 17.5416
3526 1.9574
3527 2.6581
3528 1.0289
3529 62.3992
3530 6.2033
3531 1.6036
3532 11.0324
3533 5.0497
3534 18.8853
3535 27.0821
3536 4.7258
3537 6.5943
3538 2.6509
3539 9.3731
3540 3.2249
3541 15.5797
3542 22.5559
3543 9.0292
3544 7.9777
3545 1.8131
3546 9.7935
3547 42.8510
3548 12.0081
3549 22.9764
3550 0.3912
3551 34.0440
3552 23.5261
3553 11.0625
3554 31.1254
3555 1.9025
3556 10.2345
3557 1.5723
3558 18.2502
3559 18.1302
3560 17.7794
3561 9.2266
3562 6.2924
3563 0.3025
3564 4.0709
3565 15.8888
3566 4.6732
3567 12.1650
3568 7.9749
3569 5.8238
3570 4.9165
3571 1.4595
3572 13.2474
3573 10.2176
3574 4.8864
3575 2.3475
3576 2.2126
3577 49.8732
3578 27.2728
3579 78.0249
3580 7.7541
3581 0.7819
3582 50.4020
3583 0.2336
3584 3.1201
3585 15.7070
3586 11.4042
3587 7.2077
3588 2.9846
3589 7.4178
3590 5.8761
3591 9.6729
3592 3.0940
3593 18.9723
3594 1.5602
3595 9.2805
3596 3.4533
3597 12.3399
3598 8.7077
3599 13.7445
3600 54.6183
3601 21.8260
3602 8.6503
3603 33.1357
3604 24.0555
3605 51.7357
3606 14.8719
3607 14.7525
3608 4.6754
3609 16.7725
3610 27.2518
3611 13.3969
3612 2.2116
3613 28.5814
3614 11.2912
3615 2.3105
3616 1.7835
3617 7.8628
3618 12.8647
3619 11.6770
3620 58.2244
3621 11.3283
3622 1.5068
3623 4.6616
3624 17.9379
3625 32.4713
3626 27.7031
3627 6.8576
3628 15.0598
3629 10.1806
3630 16.1548
3631 9.3161
3632 65.4126
3633 19.7392
3634 10.1095
3635 9.0249
3636 3.4939
3637 25.4710
3638 9.6997
3639 3.6384
3640 13.5240
3641 11.7978
3642 2.5187
3643 11.4007
3644 5.4133
3645 4.5771
3646 14.4917
3647 17.3306
3648 9.2926
3649 1.6759
3650 18.0786
3651 0.6049
3652 33.0864
3653 22.8162
3654 2.4536
3655 3.5879
3656 16.4836
3657 35.7817
3658 33.2667
3659 1.0062
3660   NaN
3661 13.6190
3662 36.3872
3663 7.0147
3664 17.0041
3665 16.0485
3666 5.2185
3667 9.0719
3668 9.4665
3669 77.7452
3670 2.6602
3671 3.6891
3672 5.3258
3673 11.5688
3674 10.3773
3675 10.5586
3676 2.5063
3677 20.6181
3678 0.7298
3679 0.1212
3680 10.1647
3681 2.0988
3682 13.2888
3683 11.7001
3684 9.9124
3685 17.4831
3686 22.1447
3687 10.0618
3688 14.3263
3689 2.8985
3690 19.1088
3691 9.2638
3692 4.8433
3693 5.5985
3694 3.5149
3695 17.6985
3696 0.8796
3697 4.1525
3698 29.9469
3699 1.7914
3700 8.6794
3701 28.0258
3702 3.7570
3703 15.2928
3704 12.5693
3705 4.8543
3706 6.5643
3707 1.3439
3708 17.5063
3709 19.7948
3710 8.1141
3711 18.8619
3712 27.9660
3713 15.6824
3714 20.9265
3715 19.1575
3716 8.2432
3717 20.6708
3718 4.8866
3719 0.8325
3720 14.8816
3721 2.5597
3722 13.1318
3723 5.2903
3724 58.9302
3725 13.3804
3726 26.3199
3727 2.7342
3728 17.7396
3729 3.7058
3730 37.5999
3731 13.9127
3732 3.4953
3733 35.3850
3734 18.0935
3735 14.4293
3736 67.9276
3737 4.1342
3738 3.9052
3739 1.2442
3740 28.0025
3741 14.7833
3742 7.6562
3743 15.5489
3744 4.8346
3745 11.0277
3746 10.6372
3747 7.9152
3748 0.7919
3749 8.2605
3750 13.0887
3751 16.7157
3752 13.9776
3753 5.7479
3754 5.2892
3755 9.1958
3756 6.0535
3757 44.3086
3758 19.9710
3759 7.4183
3760 5.5438
3761 1.1928
3762 4.1664
3763 3.9080
3764 2.5515
3765 2.5537
3766 4.2709
3767 5.7839
3768 17.8694
3769 26.8222
3770 19.9297
3771 33.6097
3772 6.9408
3773 75.2159
3774 2.7781
3775 2.9460
3776 24.3505
3777 8.0687
3778 6.5691
3779 6.8642
3780 14.0775
3781 35.3277
3782 2.1529
3783 21.5701
3784 10.5703
3785 7.4777
3786 8.8442
3787 2.4070
3788 3.4508
3789 11.5913
3790 28.7404
3791 1.9089
3792 7.8011
3793 8.3331
3794 1.0077
3795 9.0931
3796 18.6947
3797 58.0214
3798 0.9355
3799 8.7234
3800 52.0920
3801 4.7858
3802 2.7536
3803 4.8534
3804 1.0401
3805 3.1278
3806 14.5517
3807 7.8808
3808 13.7355
3809 24.9974
3810 1.3575
3811 18.3174
3812 0.8679
3813 0.2272
3814 4.4389
3815 2.0991
3816 4.8158
3817 19.5336
3818 3.0558
3819 13.4102
3820 48.3424
3821 25.3836
3822 5.0527
3823 17.0005
3824 1.7922
3825 8.8164
3826 8.5019
3827 17.7085
3828 15.3466
3829 1.1686
3830 3.7084
3831 0.8789
3832 34.0105
3833 4.0268
3834 7.5141
3835 5.0439
3836 10.4124
3837 12.8670
3838 2.5504
3839 0.6770
3840 2.1681
3841 5.6439
3842 8.1301
3843 4.8371
3844 51.1621
3845 3.1877
3846 5.3618
3847 58.7626
3848 17.2251
3849 2.7629
3850 9.8267
3851 22.7842
3852 8.3038
3853 13.1313
3854 20.6343
3855 58.4079
3856 2.9579
3857 12.1078
3858 2.8162
3859 15.7067
3860 10.3205
3861 3.0696
3862 17.6188
3863 0.8122
3864 3.1993
3865 6.2758
3866 4.3914
3867 3.9718
3868 1.8423
3869 5.0872
3870 10.8041
3871 6.4420
3872 24.8421
3873 1.5437
3874 11.1219
3875 2.7222
3876 6.9722
3877 4.8416
3878 7.3823
3879 10.8922
3880 4.2537
3881 2.5321
3882 0.9330
3883 8.1691
3884 45.0383
3885 2.4525
3886 3.7089
3887 6.2222
3888 1.7375
3889 3.1162
3890 13.1355
3891 1.1045
3892 1.5385
3893 28.3251
3894 7.4921
3895 6.4709
3896 49.2651
3897 8.2430
3898 23.0308
3899 29.1642
3900 27.9552
3901 63.2316
3902 2.3050
3903 2.0427
3904 3.5425
3905 1.4576
3906 9.1444
3907 64.9933
3908 7.6676
3909 39.0801
3910 7.1312
3911 7.7555
3912 7.5748
3913 1.2102
3914 4.5878
3915 6.0495
3916 15.9258
3917 4.7184
3918 11.2168
3919 4.1947
3920 4.5465
3921 66.4407
3922 24.4730
3923 20.2461
3924 11.4668
3925 18.0006
3926 2.3190
3927 3.7425
3928 1.3806
3929 12.5931
3930 7.5742
3931 4.8271
3932 9.4150
3933 11.4139
3934 1.2872
3935 9.5001
3936 12.0025
3937 2.0859
3938 7.8046
3939 28.9897
3940 11.3920
3941 2.9135
3942 20.5863
3943 8.4845
3944 5.1419
3945 6.0258
3946 12.5323
3947 11.5280
3948 3.0087
3949 12.9037
3950 5.7060
3951 8.8379
3952 27.1966
3953 15.6360
3954 3.4117
3955 0.9807
3956 5.7274
3957 17.3581
3958 85.7836
3959 10.6138
3960 20.6853
3961   NaN
3962 7.1091
3963 20.7877
3964 14.0876
3965 7.2097
3966 14.1694
3967 13.8423
3968 44.3786
3969 24.4029
3970 5.8010
3971 10.6384
3972 14.4542
3973 8.7797
3974 10.1500
3975 0.3585
3976 23.5389
3977 6.6346
3978 7.0048
3979 9.9682
3980 6.3430
3981 2.2225
3982 3.9885
3983 26.2572
3984 13.7044
3985 13.1381
3986 14.3879
3987 9.8870
3988 6.9595
3989 22.2844
3990 4.5525
3991 2.3529
3992 1.9236
3993 2.1073
3994 11.5900
3995 6.9622
3996 5.2207
3997 15.3590
3998 12.0335
3999 1.4000
4000 33.0391
4001 0.7316
4002 7.3436
4003 3.8552
4004 2.3340
4005 4.2122
4006 12.3283
4007 38.8108
4008 1.4458
4009 8.0089
4010 1.2340
4011 3.5714
4012 0.9917
4013 33.6171
4014 5.8474
4015 4.0135
4016 7.0683
4017 10.5360
4018 6.9128
4019 13.6887
4020 0.7364
4021 3.5849
4022 19.4810
4023 6.7973
4024   NaN
4025 14.4166
4026 35.8869
4027 2.2859
4028 1.9872
4029 6.0132
4030 19.3324
4031 9.0381
4032 16.5480
4033 1.5360
4034 13.7264
4035 5.3198
4036 6.9524
4037 7.8140
4038 21.4701
4039 5.5636
4040 14.4303
4041 2.9157
4042 6.9428
4043 13.5307
4044 61.0406
4045 27.5861
4046 23.2122
4047 6.9937
4048 1.8406
4049 1.7422
4050 0.3768
4051 27.2663
4052 4.6459
4053 1.8267
4054 30.3374
4055 20.8559
4056 5.9507
4057 24.0408
4058 18.1915
4059 5.5987
4060 3.8925
4061 43.0047
4062 21.6109
4063 12.1511
4064 35.3829
4065 6.7348
4066 7.4348
4067 18.3248
4068 29.8598
4069 3.8349
4070 4.3043
4071 14.7296
4072 27.5289
4073 4.4149
4074 27.9649
4075 6.5630
4076 11.8218
4077 3.3463
4078 21.1609
4079 1.6363
4080 6.8870
4081 2.1928
4082 8.7681
4083 3.3413
4084 0.4545
4085 12.5219
4086 46.5157
4087 4.1926
4088 4.4913
4089 12.4129
4090 1.7726
4091 2.0760
4092 1.0739
4093 8.1312
4094 3.1179
4095 0.1584
4096 13.9963
4097 3.6690
4098 2.9388
4099 38.3999
4100 17.0778
4101 6.8923
4102 16.7507
4103 4.2454
4104 2.8917
4105 18.7006
4106 11.7122
4107 11.3442
4108 6.8409
4109 8.3627
4110 12.6479
4111 4.8618
4112 2.4808
4113 10.6816
4114 14.1695
4115 12.2729
4116 5.8181
4117 4.6614
4118 16.3181
4119 4.7388
4120 13.6352
4121 24.9253
4122 0.1372
4123 1.3706
4124 2.5955
4125 8.7974
4126 5.7221
4127 2.4055
4128 9.2467
4129 57.9489
4130 8.9037
4131 0.6261
4132 17.5940
4133 11.6795
4134 15.6887
4135 3.1198
4136 6.6785
4137 6.5433
4138 16.3812
4139 6.3338
4140 10.6137
4141 15.5317
4142 35.5495
4143 9.2392
4144 10.9108
4145 0.4769
4146 1.7335
4147 23.1985
4148 34.0718
4149 29.0928
4150 4.9869
4151 13.7577
4152 11.6104
4153 7.6470
4154 33.5077
4155 6.5536
4156 84.6822
4157 16.2500
4158 1.8521
4159 8.8300
4160 0.4035
4161 0.4050
4162 21.9977
4163 19.0997
4164 39.0514
4165 44.0550
4166 2.6774
4167 17.2983
4168 9.1681
4169 35.7347
4170 7.6889
4171 1.4894
4172 0.5267
4173 22.9673
4174 8.7791
4175 9.6601
4176 4.8303
4177 53.9479
4178 3.9341
4179 5.5777
4180 10.9746
4181 2.7260
4182 6.5591
4183 0.1635
4184 21.9749
4185 2.1096
4186 18.2389
4187 13.4929
4188 3.9064
4189 11.6606
4190 6.2508
4191 17.0769
4192 5.7833
4193 2.3341
4194 6.4367
4195 2.1271
4196 1.7873
4197 4.5975
4198 13.4307
4199 9.1396
4200 2.5462
4201 36.7145
4202 2.4312
4203 10.3615
4204 28.0647
4205 18.3886
4206 15.4617
4207 6.7232
4208 2.6580
4209 7.6079
4210 12.1632
4211 16.3996
4212 4.8778
4213 10.2577
4214 11.4966
4215 18.7210
4216 5.9903
4217 29.6139
4218 0.9292
4219 15.4679
4220 21.8132
4221 3.2092
4222 8.8819
4223 2.8874
4224 11.7156
4225 1.3788
4226 4.0948
4227 22.1122
4228 8.4090
4229 6.7533
4230 4.9526
4231 11.3880
4232 18.2255
4233 10.6828
4234 7.6719
4235 7.2694
4236 4.2855
4237 34.3771
4238 9.2608
4239 60.8707
4240   NaN
4241 29.6392
4242 18.7527
4243 49.1817
4244 18.8427
4245 7.6116
4246 17.0654
4247 18.4411
4248 19.5341
4249 6.5894
4250 9.6347
4251 14.0516
4252 60.5748
4253 28.5973
4254 4.8494
4255 12.8205
4256 7.4394
4257 2.5573
4258 25.7457
4259 8.4023
4260 37.9150
4261 10.7888
4262 16.9919
4263 2.5144
4264 44.9321
4265 15.9649
4266 17.9257
4267 22.7497
4268 37.8413
4269 1.5751
4270 18.6239
4271 9.8310
4272 52.3514
4273 41.8550
4274 9.0639
4275 14.7595
4276 11.1728
4277 0.8584
4278 2.8928
4279 8.5700
4280 19.5019
4281 23.8403
4282 7.5945
4283 0.3633
4284 10.3711
4285 4.3768
4286 17.3284
4287 54.2043
4288 17.6043
4289 2.4654
4290 84.4104
4291 19.1683
4292 4.0713
4293 9.9027
4294 56.0603
4295 58.9672
4296 18.8080
4297 9.1845
4298 12.5225
4299 23.6936
4300 11.0336
4301 1.3472
4302 2.0583
4303 11.3914
4304 67.8224
4305 44.1603
4306 0.2645
4307 1.8330
4308 3.2718
4309 52.9841
4310 1.0829
4311 2.3927
4312 5.3439
4313 9.8994
4314 11.3103
4315 15.0019
4316 23.7479
4317 9.3729
4318 17.1696
4319 6.5337
4320 3.0059
4321 4.1087
4322 16.0719
4323 23.2398
4324 21.2570
4325 17.5959
4326 2.7663
4327 14.0103
4328 1.5611
4329 16.5721
4330 5.7263
4331 0.1935
4332 2.4479
4333 4.7742
4334 10.6396
4335 6.1798
4336 15.6938
4337 36.1594
4338 9.7475
4339 47.5080
4340 4.7753
4341 2.6513
4342 1.4441
4343 43.9778
4344 16.2458
4345 4.2931
4346 14.6134
4347 9.8139
4348 25.0646
4349 8.4867
4350 0.7892
4351 5.2615
4352 1.3797
4353 37.7879
4354 11.1893
4355 9.7568
4356 1.2825
4357 3.8002
4358 6.8453
4359 4.5355
4360 2.2703
4361 11.5637
4362 11.7123
4363 18.8881
4364 23.4818
4365 18.0295
4366 14.4103
4367 17.3028
4368 2.5531
4369 7.0851
4370 32.6484
4371 6.6845
4372 2.1936
4373 6.0448
4374 7.4833
4375 5.3539
4376 2.4483
4377 9.7366
4378 19.1481
4379 6.8314
4380 4.7206
4381 3.2014
4382 4.5300
4383 29.5627
4384 17.3203
4385 4.5916
4386 11.5942
4387 3.9033
4388 1.1861
4389 6.3547
4390 6.7746
4391 0.8523
4392 4.4126
4393 8.1569
4394 6.3493
4395 4.0644
4396 13.5227
4397 8.6667
4398 9.7455
4399 29.0211
4400 18.7354
4401 6.0821
4402 1.9414
4403 3.3557
4404 5.6367
4405 2.5158
4406 8.3889
4407 25.1089
4408 24.1811
4409 15.4357
4410 10.3549
4411 9.9565
4412 21.3629
4413 55.9725
4414 7.2892
4415 9.1949
4416 2.5095
4417 18.4343
4418 5.0084
4419 3.2383
4420 24.9770
4421 3.6628
4422 12.4680
4423 17.6866
4424 1.1856
4425 25.2441
4426 8.3270
4427 9.5826
4428 35.5284
4429 18.6903
4430 6.3073
4431 16.2078
4432 10.7159
4433 25.1006
4434 10.1626
4435 2.6952
4436 21.1086
4437 15.6722
4438 1.6387
4439 5.1839
4440 7.5761
4441 7.0836
4442 3.1249
4443 6.9233
4444 10.4835
4445 2.9748
4446 2.0175
4447 25.5192
4448 52.4100
4449 3.0630
4450 6.2965
4451 14.6012
4452 2.3530
4453 37.2125
4454 16.1688
4455 22.7624
4456 10.3529
4457 28.8882
4458 28.0714
4459 1.7131
4460 38.6903
4461 7.7532
4462 4.7396
4463 14.6655
4464 13.6810
4465 9.1264
4466 4.1815
4467 4.5524
4468 15.0850
4469 13.4853
4470 3.5823
4471 20.5448
4472 5.8615
4473 3.9384
4474 4.9400
4475 7.8080
4476 25.8411
4477 4.9589
4478 14.9120
4479 4.5088
4480 19.3698
4481 1.5418
4482 6.3768
4483 3.8201
4484 11.1599
4485 3.6608
4486 8.1409
4487 7.0119
4488 30.2131
4489 33.5700
4490 3.5095
4491 34.1354
4492 4.2725
4493 18.6871
4494 2.3593
4495 9.2447
4496 0.3275
4497 5.2562
4498 9.5131
4499 75.6410
4500 25.1723
4501 11.6162
4502 15.3019
4503 23.9020
4504 85.9439
4505 8.2998
4506 7.2198
4507 11.5033
4508 8.0554
4509 17.3969
4510 8.7779
4511 20.1074
4512 20.0930
4513 25.4672
4514 13.7722
4515 3.8389
4516 17.7527
4517 9.7944
4518 2.5444
4519 20.8665
4520 61.0826
4521 21.0188
4522 9.5136
4523 2.3940
4524 26.9644
4525 22.4721
4526 2.8166
4527 33.5017
4528 7.3757
4529 2.8559
4530 14.6492
4531 7.9273
4532 3.1142
4533 3.0877
4534 1.6578
4535 7.0011
4536 16.6368
4537 9.5881
4538 8.7856
4539 7.7018
4540 15.5061
4541 11.3982
4542 8.4135
4543 15.3232
4544 54.5233
4545 2.4221
4546 37.2531
4547 102.7038
4548 10.5169
4549 14.4962
4550 2.9055
4551 6.3771
4552 8.5402
4553 3.5277
4554 8.8297
4555 2.2944
4556 4.5743
4557 5.2095
4558 14.2357
4559 3.3653
4560 7.4070
4561 12.3383
4562 2.8939
4563 4.1135
4564 7.4057
4565 8.5898
4566 1.5399
4567 3.6957
4568 6.4899
4569 19.9167
4570 7.0186
4571 0.7904
4572 31.7188
4573 2.4330
4574 5.3847
4575 35.1688
4576 3.2863
4577 1.8949
4578 0.5141
4579 11.7594
4580 0.9131
4581 3.3916
4582 1.0190
4583 5.3216
4584 6.5931
4585 13.5263
4586 0.7724
4587 0.1277
4588 28.9081
4589 37.9370
4590 4.3627
4591 26.7998
4592 2.6618
4593 4.2806
4594 0.9524
4595 14.7732
4596 4.6335
4597 1.9053
4598 2.0518
4599 3.5367
4600 6.3093
4601 0.3262
4602 50.9302
4603 29.3385
4604 13.8743
4605 16.6793
4606 44.0332
4607 25.9991
4608 7.4134
4609 13.9601
4610 2.9414
4611 1.8122
4612 12.3084
4613 18.3146
4614 13.1712
4615 1.2628
4616 2.9698
4617 18.0423
4618 29.9400
4619 15.8205
4620 2.0863
4621 10.5770
4622 6.0320
4623 28.4367
4624 9.0082
4625 17.7184
4626 19.1917
4627 6.0710
4628 69.7823
4629 36.5593
4630 9.8155
4631 2.4847
4632 28.5918
4633 0.9496
4634 1.5173
4635 6.9238
4636 0.7948
4637 35.2218
4638 4.7098
4639 18.6321
4640 2.7758
4641 13.2181
4642 15.3720
4643 0.8795
4644 5.1460
4645 3.9879
4646 0.9210
4647 6.9982
4648 64.3641
4649 17.0435
4650 19.2491
4651 49.1270
4652 3.6954
4653 4.3347
4654 16.3376
4655 1.4702
4656 34.6385
4657 1.2645
4658 6.6142
4659 3.5800
4660 13.7135
4661 10.8113
4662 4.4483
4663 7.4173
4664 9.5159
4665 10.6611
4666 11.5013
4667 5.2431
4668 15.2588
4669 15.6528
4670 27.7865
4671 0.2246
4672 23.2760
4673 22.3507
4674 19.4906
4675 5.0369
4676 4.9430
4677 26.7292
4678 48.2913
4679 4.8366
4680 22.4811
4681 3.0707
4682 4.7733
4683 11.5572
4684 29.7313
4685 4.6196
4686 9.9847
4687 3.0006
4688 29.4822
4689 1.8835
4690 14.7042
4691 8.0747
4692 16.3740
4693 4.0328
4694 6.6166
4695 4.4212
4696 4.6773
4697 9.7224
4698 24.6036
4699 17.7636
4700 13.7071
4701 22.4137
4702 24.7513
4703 10.0124
4704 3.5115
4705 7.1179
4706 5.7184
4707 7.2121
4708 12.9725
4709 26.6761
4710 17.3084
4711 24.0413
4712 6.4141
4713 3.3634
4714 16.9776
4715 8.8691
4716 1.1004
4717 16.4124
4718 3.8789
4719 21.9055
4720 5.7075
4721 18.7755
4722 3.9725
4723 8.5934
4724 3.9000
4725 10.1250
4726 2.2131
4727 12.1553
4728 32.9697
4729 17.7982
4730 20.3310
4731 11.0644
4732 2.2610
4733 17.6008
4734 7.0110
4735 8.7294
4736 6.4222
4737 3.4827
4738 29.6882
4739 11.2482
4740 1.9502
4741 32.8579
4742 10.2016
4743 70.4181
4744 3.0724
4745 12.1175
4746 1.7683
4747 5.4949
4748 4.0951
4749 30.1294
4750 1.0821
4751 29.5884
4752 21.0041
4753 30.4282
4754 4.5723
4755 3.9896
4756 2.6430
4757 3.0845
4758 4.1919
4759 7.5973
4760 13.8165
4761 12.4839
4762 2.1731
4763 74.3251
4764 7.4549
4765 1.5307
4766 1.6607
4767 0.8312
4768 12.0604
4769 2.5669
4770 6.5466
4771 5.5582
4772 30.2171
4773 26.1626
4774 5.4816
4775 6.7142
4776 12.2539
4777   NaN
4778 0.3340
4779 21.7676
4780 7.4065
4781 1.5975
4782 34.3557
4783 18.7174
4784 20.0230
4785 31.0584
4786 13.4082
4787 5.7366
4788 5.0282
4789 63.6067
4790 0.2730
4791 19.8173
4792 3.8218
4793 1.4784
4794 6.3959
4795 3.7498
4796 4.8366
4797 17.7338
4798 18.1741
4799 5.0532
4800 5.6985
4801 12.4889
4802 9.6677
4803 18.4008
4804 3.9895
4805 27.5484
4806 2.7661
4807 7.4742
4808 25.4117
4809 3.1906
4810 60.5549
4811 15.6723
4812 4.7836
4813 6.0244
4814 15.4564
4815 37.7395
4816 1.7988
4817 2.1186
4818 2.3995
4819 6.7495
4820 2.4998
4821 9.6864
4822 21.7382
4823 27.4852
4824 17.5623
4825 13.6185
4826 9.3199
4827 13.4968
4828 2.0715
4829 14.3320
4830 0.1644
4831 11.8054
4832 9.5112
4833 22.1149
4834 4.1435
4835 18.9846
4836 22.5688
4837 7.4613
4838 4.0569
4839 52.3226
4840 4.9989
4841 3.4431
4842 67.9437
4843 21.3496
4844 5.0368
4845 9.9749
4846 26.0136
4847 3.4799
4848 11.4674
4849 9.2522
4850 14.8211
4851 7.3732
4852 5.1754
4853 4.7112
4854 4.9311
4855 21.6898
4856 7.1692
4857 4.2073
4858 4.7769
4859 18.6818
4860 7.5731
4861 2.3822
4862 0.1606
4863 18.4581
4864 11.2844
4865 21.2554
4866 15.0427
4867 1.7372
4868 4.9829
4869 14.3387
4870 46.6084
4871 46.7925
4872 2.9734
4873 21.7591
4874 25.1095
4875 35.1743
4876 11.8661
4877 0.1794
4878 24.5655
4879 1.1910
4880 5.5600
4881 14.7091
4882 12.8536
4883 39.6839
4884 17.8643
4885 0.9968
4886 5.8201
4887 33.8927
4888 23.9147
4889 10.3428
4890 27.3495
4891 24.2799
4892 0.2025
4893 14.4688
4894 24.4718
4895 8.7270
4896 13.3054
4897 51.8865
4898 6.4196
4899 24.7036
4900 29.5127
4901 7.5969
4902 3.7294
4903 9.3249
4904 14.9675
4905 1.2960
4906 11.4705
4907 59.9858
4908 13.3747
4909 3.2269
4910 1.0417
4911 17.5105
4912 13.5932
4913 24.6973
4914 34.9506
4915 13.4791
4916 24.9281
4917 3.1009
4918 3.5514
4919 8.9943
4920 3.4233
4921 14.4036
4922 1.9500
4923 8.3560
4924 2.9969
4925 19.0415
4926 9.6357
4927 2.3514
4928 1.8482
4929 29.1583
4930 10.3749
4931 21.0770
4932 9.2924
4933 24.6769
4934 21.7114
4935 7.6064
4936 20.5869
4937 4.9563
4938 13.4644
4939 14.4455
4940 15.1347
4941 46.1620
4942 3.2504
4943 8.4721
4944 7.9181
4945 22.2650
4946 20.8830
4947 2.6585
4948 13.8382
4949 3.0330
4950 6.0716
4951 2.4033
4952 0.1783
4953 20.6875
4954 13.0312
4955 32.4728
4956 15.7996
4957 5.8872
4958 4.5285
4959 4.0694
4960 21.4383
4961 14.9504
4962 24.9651
4963 15.3075
4964 26.4084
4965 7.0487
4966 3.3908
4967 5.2052
4968 1.7955
4969 4.8974
4970 2.1853
4971 23.0492
4972 3.8974
4973 1.2280
4974 5.9553
4975 1.1285
4976 6.7020
4977 2.5392
4978 17.9326
4979 6.3531
4980 1.2614
4981 3.3660
4982 13.6247
4983 0.5076
4984 9.0859
4985 1.5672
4986 11.7033
4987 11.6824
4988 2.4344
4989 34.7789
4990 24.5428
4991 4.4242
4992 16.1701
4993 11.2261
4994 17.0859
4995 3.1900
4996 0.1738
4997 8.9247
4998 32.0738
4999 7.6049
5000 9.6309
