   1 0.4113
   2 0.3429
   3 0.4565
   4 0.4179
   5 0.2269
   6 0.1792
   7 0.4008
   8 0.1941
   9 0.6360
  10 1.1422
  11 0.2672
  12 0.2291
  13 0.3274
  14 0.6188
  15 0.4222
  16 0.3067
  17 0.3066
  18 0.1589
  19 0.5703
  20 0.3835
  21 0.2514
  22 0.8501
  23 0.3685
  24 0.2572
  25 0.1248
  26 0.6617
  27 0.4469
  28 0.4998
  29 0.4022
  30 0.6698
  31 0.3720
  32 0.1924
  33 0.2196
  34 0.2923
  35 0.5845
  36 0.9183
  37 0.2621
  38 0.9098
  39 0.4275
  40 0.6580
  41 0.3387
  42 0.1940
  43 0.4184
  44 0.3879
  45 0.3713
  46 1.9394
  47 0.2145
  48 0.2730
  49 0.1513
  50 0.2407
  51 0.2105
  52 0.2288
  53 0.2528
  54 0.6940
  55 0.4591
  56 0.4927
  57 0.7243
  58 0.1460
  59 1.7088
  60 0.3449
  61 0.3625
  62 0.5285
  63 0.1470
  64 0.6339
  65 0.6027
  66 0.2026
  67 0.2624
  68 0.4250
  69 0.1848
  70 0.6290
  71 0.1884
  72 1.8479
  73 0.5704
  74 0.9240
  75 0.2850
  76 0.2024
  77 0.7384
  78 0.2280
  79 0.1528
  80 0.2522
  81 0.5293
  82 0.2664
  83 0.1492
  84 0.1595
  85 0.1097
  86 0.1753
  87 0.2425
  88 0.2297
  89 0.7444
  90 1.1312
  91 0.5575
  92 0.3799
  93 0.4815
  94 0.4179
  95 0.5895
  96 1.0364
  97 1.4523
  98 0.1509
  99 0.2652
 100 0.6002
 101 0.1648
 102 0.1693
 103 0.1862
 104 0.4039
 105 0.3130
 106 0.3150
 107 0.8063
 108 0.1597
 109 0.3064
 110 0.2353
 111 0.3842
 112 0.2210
 113 0.1598
 114 0.1844
 115 0.3010
 116 0.1865
 117 0.4382
 118 0.5872
 119 0.5931
 120 0.2960
 121 0.5282
 122 0.1800
 123 0.3769
 124 0.1599
 125 0.2841
 126 0.2861
 127 0.2412
 128 1.3629
 129 0.2347
 130 0.1278
 131 0.2009
 132 0.1614
 133 0.3546
 134 0.1360
 135 0.1682
 136 0.5051
 137 0.1554
 138 0.3035
 139 0.3166
 140 0.2849
 141 0.1653
 142 0.1504
 143 0.4857
 144 0.1841
 145 0.3161
 146 0.2455
 147 0.4698
 148 0.5819
 149 0.4743
 150 0.1782
 151 0.3625
 152 0.3252
 153 0.2105
 154 0.1825
 155 0.6606
 156 0.1792
 157 0.1975
 158 0.2717
 159 0.3836
 160 0.9273
 161 0.2127
 162 0.1874
 163 0.4010
 164 0.2060
 165 0.2060
 166 0.3406
 167 0.1711
 168 0.2918
 169 0.7362
 170 0.3384
 171 0.4295
 172 0.4214
 173 1.0044
 174 0.1805
 175 0.5821
 176 0.3348
 177 0.1930
 178 0.2321
 179 0.1590
 180 0.4985
 181 0.1508
 182 0.1608
 183 0.2204
 184 0.1644
 185 0.2205
 186 0.1335
 187 0.3227
 188 0.4343
 189 0.8036
 190 0.1867
 191 0.4444
 192 0.5863
 193 1.0383
 194 0.6196
 195 0.4229
 196 0.3479
 197 0.2461
 198 0.2681
 199 0.1464
 200 0.2106
 201 0.1976
 202 0.6037
 203 1.2554
 204 0.2944
 205 0.5462
 206 0.5633
 207 0.2567
 208 0.5508
 209 0.4955
 210 1.5704
 211 0.4084
 212 1.3072
 213 0.2813
 214 0.4208
 215 0.1593
 216 0.2858
 217 0.7171
 218 0.1879
 219 0.1556
 220 0.1511
 221 0.3010
 222 0.1692
 223 0.5572
 224 0.8349
 225 0.1618
 226 0.1775
 227 0.1672
 228 0.2902
 229 0.1415
 230 0.1789
 231 0.3278
 232 0.5471
 233 0.4373
 234 0.4293
 235 0.2497
 236 0.2197
 237 0.3158
 238 0.4034
 239 0.1159
 240 0.3335
 241 0.1989
 242 0.7830
 243 0.5135
 244 0.4240
 245 0.3890
 246 0.2523
 247 0.4378
 248 0.7097
 249 0.5304
 250 0.2004
 251 0.2203
 252 0.6104
 253 0.2086
 254 0.5012
 255 0.1155
 256 0.1514
 257 0.2068
 258 0.3391
 259 0.1348
 260 0.1308
 261 0.3916
 262 0.1406
 263 0.2342
 264 0.5424
 265 0.5372
 266 0.3161
 267 0.3069
 268 0.2656
 269 0.2324
 270 0.3686
 271 0.2606
 272 0.3665
 273 0.6044
 274 0.2383
 275 0.5734
 276 0.5034
 277 0.2877
 278 0.1301
 279 0.1477
 280 0.6118
 281 0.3048
 282 1.1268
 283 0.7252
 284 0.1753
 285 0.5637
 286 0.1825
 287 0.2682
 288 0.2997
 289 0.1902
 290 0.1947
 291 0.3904
 292 0.2704
 293 0.5558
 294 0.2618
 295 0.4254
 296 0.2214
 297 0.3746
 298 0.7127
 299 0.8459
 300 0.3178
 301 0.6028
 302 0.1469
 303 0.3263
 304 0.4691
 305 0.4629
 306 0.1616
 307 0.6572
 308 1.1526
 309 0.5049
 310 0.1442
 311 0.3165
 312 1.1385
 313 0.2585
 314 1.5435
 315 1.2390
 316 0.3618
 317 0.3792
 318 0.8881
 319 0.1869
 320 0.2095
 321 1.1164
 322 0.3085
 323 0.4289
 324 0.1840
 325 0.2398
 326 0.2195
 327 0.5348
 328 0.1907
 329 0.5031
 330 0.2691
 331 0.3784
 332 0.2329
 333 0.2143
 334 0.2435
 335 0.3942
 336 0.2047
 337 1.1615
 338 0.3612
 339 0.4032
 340 0.4431
 341 0.2047
 342 0.2722
 343 0.1827
 344 0.1495
 345 0.3384
 346 0.3017
 347 0.1404
 348 0.2052
 349 0.1053
 350 0.2387
 351 0.2316
 352 0.2385
 353 0.2852
 354 0.8460
 355 0.1817
 356 0.8445
 357 0.2438
 358 0.3164
 359 0.1704
 360 0.4225
 361 0.2733
 362 0.2512
 363 0.5130
 364 0.3575
 365 0.1596
 366 0.2318
 367 0.3827
 368 0.1096
 369 0.2810
 370 0.1158
 371 0.4088
 372 0.5744
 373 0.1744
 374 0.6908
 375 0.4685
 376 0.2337
 377 0.1903
 378 0.9955
 379 0.3382
 380 0.5817
 381 0.2958
 382 0.3496
 383 0.2721
 384 0.3696
 385 0.1518
 386 1.1675
 387 0.4203
 388 0.4612
 389 0.3645
 390 0.1632
 391 0.1793
 392 0.3700
 393 0.6819
 394 0.2359
 395 0.5752
 396 0.3859
 397 0.2472
 398 0.1858
 399 0.7983
 400 0.2509
 401 0.2997
 402 0.1623
 403 0.2842
 404 0.2974
 405 0.4402
 406 0.9657
 407 0.2879
 408 0.3353
 409 0.1817
 410 0.2843
 411 0.7090
 412 0.3784
 413 0.3903
 414 0.2847
 415 0.3638
 416 0.1537
 417 0.2263
 418 0.2720
 419 0.3429
 420 0.7651
 421 0.2497
 422 0.1942
 423 0.2144
 424 0.4506
 425 0.6175
 426 0.1403
 427 0.2267
 428 0.5714
 429   NaN
 430 1.5098
 431 0.2279
 432 0.2668
 433 1.0082
 434 0.1927
 435 0.3467
 436 0.5439
 437 0.4442
 438 0.3473
 439 0.5182
 440 0.1746
 441 0.4006
 442 0.1993
 443 0.2953
 444 0.1477
 445 0.3934
 446 0.1146
 447 0.3779
 448 0.3254
 449 0.2582
 450 0.2067
 451 0.2379
 452 0.2972
 453 0.1689
 454 0.5292
 455 0.5461
 456 0.3051
 457 0.4744
 458 0.3400
 459 0.2116
 460 0.1941
 461 0.4267
 462 0.3274
 463 0.1497
 464 0.1738
 465 0.2753
 466 0.2381
 467 0.2965
 468 0.1700
 469 0.3370
 470 0.3843
 471 1.3749
 472 0.4822
 473 0.1808
 474 0.1784
 475 0.3897
 476 0.2151
 477 0.2542
 478 0.4485
 479 0.1604
 480 0.1401
 481 0.2794
 482 0.9227
 483 0.1514
 484 0.1657
 485 0.7086
 486 0.3719
 487 0.4506
 488 0.2724
 489 0.2840
 490 0.2936
 491 0.1663
 492 0.4419
 493 0.1766
 494 0.1696
 495 0.4928
 496 0.4072
 497 0.2342
 498 0.5574
 499 0.1651
 500 0.5664
 501 0.3315
 502 0.7550
 503 0.3096
 504 0.6045
 505 0.2263
 506 0.3044
 507 0.1576
 508 0.6699
 509 0.2268
 510 0.4855
 511 0.2703
 512 0.1836
 513 0.5505
 514 0.8460
 515 0.5220
 516 0.3744
 517 0.3613
 518 0.3929
 519 0.3475
 520 0.1702
 521 0.2405
 522 0.1669
 523 0.2444
 524 0.2620
 525 0.1933
 526 0.8715
 527 0.1659
 528 0.7122
 529 0.2104
 530 0.4493
 531 0.6860
 532 0.2067
 533 0.2706
 534 0.3306
 535 0.5318
 536 0.8402
 537 0.8775
 538 0.3814
 539 0.5775
 540 0.2053
 541 1.2295
 542 0.2535
 543 0.2380
 544 0.3819
 545 0.2294
 546 0.1843
 547 0.4317
 548 0.7199
 549 0.1176
 550 0.4990
 551 0.4870
 552 0.2040
 553 1.3803
 554 0.2453
 555 0.6580
 556 0.5584
 557 0.3737
 558 0.7532
 559 0.6511
 560 0.2147
 561 0.3534
 562 0.6261
 563 0.2458
 564 0.5704
 565 0.5382
 566 0.2451
 567 0.1799
 568 0.4365
 569 1.0542
 570 0.7223
 571 0.2575
 572 0.4149
 573 0.2175
 574 0.4363
 575 0.1666
 576 0.3112
 577 0.2084
 578 0.2576
 579 0.3232
 580 0.5278
 581 0.3690
 582 0.4864
 583 0.2005
 584 0.6736
 585 0.4110
 586 0.6235
 587 0.2441
 588 0.4842
 589 0.3565
 590 0.3413
 591 0.2694
 592 0.3474
 593 0.6945
 594 0.2026
 595 0.1263
 596 0.3610
 597 0.4672
 598 0.4832
 599 0.3892
 600 0.2150
 601 0.2675
 602 0.3449
 603 0.5589
 604   NaN
 605 0.4258
 606 0.2675
 607 0.4700
 608 0.2329
 609 0.2379
 610 0.3971
 611 0.4116
 612 0.4914
 613 0.5189
 614 0.6543
 615 0.3098
 616 0.2445
 617 1.1489
 618 0.3255
 619 0.3458
 620 0.4074
 621 0.2902
 622 0.3855
 623 0.5690
 624 0.4980
 625 0.2598
 626 0.1757
 627 0.3981
 628 0.3626
 629 0.2550
 630 0.5231
 631 0.3753
 632 0.3674
 633 0.7067
 634 0.1550
 635 0.3965
 636 1.2306
 637 0.2559
 638 0.3276
 639 0.2718
 640 0.2007
 641 0.2135
 642 0.1389
 643 0.4642
 644 0.6751
 645 0.2008
 646 0.7488
 647 0.2068
 648 0.2340
 649 0.1889
 650 0.3569
 651 0.3475
 652 0.1979
 653 0.4769
 654 0.2416
 655 0.2232
 656 1.1972
 657 0.1426
 658 0.5058
 659 0.3248
 660 0.1976
 661 0.1636
 662 0.3385
 663 0.7488
 664 0.2582
 665 0.7843
 666 0.3563
 667 0.1049
 668 0.4402
 669 0.4639
 670 0.2376
 671 0.4679
 672 0.2661
 673 0.4989
 674 0.2500
 675 0.1677
 676 0.2379
 677 0.2503
 678 0.5066
 679 0.3672
 680 0.5771
 681 0.5258
 682 0.3877
 683 0.5793
 684 0.1835
 685 0.1685
 686 0.1823
 687 0.1507
 688 1.8588
 689 0.3823
 690 0.2660
 691 0.2780
 692 0.2705
 693 0.2520
 694 0.2971
 695 0.4955
 696 0.2483
 697 0.5371
 698 0.7691
 699 0.4474
 700 0.8150
 701 0.2002
 702 0.2021
 703 0.1508
 704 0.6683
 705 0.6932
 706 0.2533
 707   NaN
 708 0.3872
 709 0.4233
 710 0.2616
 711 0.1828
 712 0.4859
 713 0.5300
 714 1.1083
 715 0.2761
 716 1.8217
 717 0.2713
 718 0.6863
 719 0.6902
 720 0.2727
 721 0.2000
 722 0.4686
 723 0.7277
 724 0.3112
 725 0.2574
 726 0.2319
 727 0.4391
 728 0.3352
 729 0.3613
 730 0.1755
 731 0.4061
 732 1.2170
 733 0.3067
 734 0.2710
 735 0.6799
 736 0.1789
 737 0.1509
 738 0.3178
 739 0.2939
 740 0.3530
 741 0.2564
 742 0.2284
 743 0.1707
 744 0.2962
 745 0.1719
 746 0.4632
 747 0.2558
 748 0.1608
 749 0.2516
 750 0.3840
 751 0.3512
 752 0.2295
 753 0.2037
 754 0.1756
 755 0.1532
 756 0.2555
 757 0.2063
 758 0.5042
 759 0.4056
 760 0.2469
 761 1.9533
 762 0.7709
 763 0.2250
 764 0.2121
 765 0.4979
 766 0.2086
 767 0.4717
 768 0.2347
 769 0.3768
 770 0.3775
 771 0.4511
 772 0.3742
 773 0.1624
 774 0.2370
 775 0.5037
 776 0.5966
 777 0.2896
 778 0.8667
 779 0.3019
 780 0.4825
 781 0.3834
 782 1.4514
 783 0.1785
 784 0.4371
 785 0.1686
 786 0.4525
 787 0.1720
 788 0.2092
 789 0.5641
 790 0.3044
 791 0.3375
 792 0.3460
 793 0.1709
 794 0.6658
 795 0.3123
 796 0.1986
 797 0.1681
 798 0.1670
 799 0.2224
 800 0.4498
 801 0.1455
 802 0.1719
 803 0.2261
 804 1.2364
 805 0.2384
 806 0.2342
 807 0.2092
 808 0.2395
 809 0.4263
 810 0.1998
 811 1.3111
 812 0.1473
 813 0.3646
 814 0.9654
 815 0.3905
 816 0.2064
 817 0.2830
 818 0.4040
 819 0.1898
 820 0.2986
 821 0.1790
 822 0.2106
 823 0.3875
 824 0.2878
 825 0.2841
 826 1.6121
 827 0.3319
 828 0.1593
 829 0.4135
 830 0.5729
 831 0.2131
 832 0.1847
 833 0.4121
 834 0.3412
 835 1.5671
 836 0.5530
 837 0.3330
 838 0.1810
 839 0.2845
 840 0.1860
 841 0.1820
 842 0.6462
 843 0.4119
 844 0.3938
 845 0.3166
 846 0.2791
 847 0.3940
 848 0.4140
 849 0.9452
 850 0.3006
 851 0.2161
 852 0.4300
 853 0.2989
 854 0.2395
 855 0.4104
 856 0.1800
 857 0.3360
 858 0.5076
 859 0.4264
 860 0.4932
 861 0.1366
 862 0.8339
 863 0.9235
 864 0.3483
 865 0.1534
 866 0.3842
 867 1.3741
 868 0.2470
 869 0.3146
 870 0.2968
 871 0.3341
 872 0.2499
 873 0.5195
 874 0.3072
 875 0.2455
 876 0.9298
 877 0.3232
 878 0.2355
 879 0.1789
 880 0.1723
 881 0.2334
 882 0.5189
 883 0.2316
 884 0.1739
 885 0.1926
 886 0.3969
 887 0.2221
 888 0.5565
 889 0.2049
 890 0.4702
 891 0.1543
 892 0.4708
 893 0.2283
 894 0.2038
 895 0.1922
 896 0.1178
 897 0.8807
 898 0.9651
 899 0.2276
 900 0.5130
 901 0.2507
 902 0.3791
 903 0.4493
 904 0.1879
 905 0.3106
 906 0.1638
 907 0.1993
 908 1.2589
 909 1.6726
 910 0.2864
 911 0.2708
 912 0.6100
 913 0.1607
 914 0.1939
 915 0.2333
 916 0.6492
 917 0.2286
 918 0.2450
 919 0.1565
 920 0.9470
 921 0.1465
 922 0.2361
 923 0.5126
 924 1.1645
 925 0.5552
 926 0.4309
 927 0.2302
 928 0.3904
 929 0.1931
 930 0.2165
 931 0.8517
 932 0.9929
 933 0.4345
 934 0.8851
 935 0.3323
 936   NaN
 937 0.3312
 938 0.2154
 939 0.4506
 940 0.1918
 941 0.4152
 942 1.0119
 943 0.5882
 944 0.5109
 945 0.1221
 946 0.4042
 947 0.4577
 948 0.2889
 949 0.4678
 950 0.5608
 951 0.1676
 952 0.1840
 953 0.4279
 954 0.1947
 955 0.2034
 956 0.3010
 957 0.2748
 958 0.3446
 959 0.5432
 960 0.1614
 961 0.5025
 962 0.2281
 963 0.5740
 964 0.2078
 965 1.7453
 966 0.6366
 967 0.8424
 968 0.2287
 969   NaN
 970 0.1911
 971 0.6603
 972 0.3716
 973 2.3468
 974 0.3215
 975 0.5541
 976 0.2146
 977 0.2271
 978 0.4538
 979 0.6458
 980 0.6801
 981 0.1895
 982 0.3074
 983 0.1629
 984 0.2180
 985 0.2491
 986 0.2313
 987 0.9473
 988 0.5165
 989 0.2743
 990 1.1470
 991 0.4876
 992 0.4575
 993 0.1717
 994 0.1797
 995 0.5623
 996 0.2321
 997 0.2745
 998 0.2227
 999 0.3321
1000 0.3197
1001   NaN
1002 0.5745
1003 0.5135
1004 0.3757
1005 0.4033
1006 0.6480
1007 0.1597
1008 0.3862
1009 0.8367
1010 0.2222
1011 0.6776
1012 0.2481
1013 0.2589
1014 0.1538
1015 0.4776
1016 0.4330
1017 0.5726
1018 0.3135
1019 0.7217
1020 0.4376
1021 0.1940
1022 0.4306
1023 0.7801
1024 0.2516
1025 0.4792
1026 0.1620
1027 0.4188
1028 0.1880
1029 0.5010
1030 0.2542
1031 0.2606
1032 0.1941
1033 0.3660
1034 0.2083
1035 0.1816
1036 0.2161
1037 0.3577
1038 0.6136
1039 0.2561
1040 0.1520
1041 0.8300
1042 0.3975
1043 1.2086
1044 0.1830
1045 0.2161
1046 0.4525
1047 0.2516
1048 0.4996
1049 0.5753
1050 0.4137
1051 0.2678
1052 2.5020
1053 0.3143
1054 0.3970
1055 0.2135
1056 0.1926
1057 0.1428
1058 0.4185
1059 0.1311
1060 0.3342
1061 1.1589
1062 0.3347
1063 0.3566
1064 0.2693
1065 0.1195
1066 0.2185
1067 0.2262
1068 0.2941
1069 0.1952
1070 1.1215
1071 0.6209
1072 0.6477
1073 0.1516
1074 0.3799
1075 0.2629
1076 0.3643
1077 0.2566
1078 0.2140
1079 0.5853
1080 0.2980
1081 0.2171
1082 0.2965
1083 0.4098
1084 0.5238
1085 0.2538
1086 0.2951
1087 1.2160
1088 0.2201
1089 0.3229
1090 0.8515
1091 0.2099
1092 0.1846
1093 0.2007
1094 0.3109
1095 0.3863
1096 0.3411
1097 0.2426
1098 0.3616
1099 0.4533
1100 0.2646
1101 0.2798
1102 0.1465
1103 0.1155
1104 0.3125
1105 0.3203
1106 0.2760
1107 0.3483
1108 0.4784
1109 1.8369
1110 0.1878
1111 0.3191
1112 0.1418
1113 0.1890
1114 0.5629
1115 0.3105
1116 0.1857
1117 0.1540
1118 0.4672
1119 0.3503
1120 0.3203
1121 0.2839
1122 0.3651
1123 1.6624
1124 0.2279
1125 0.3010
1126 0.1909
1127 0.2012
1128 0.3872
1129 1.4193
1130 0.1417
1131 0.3509
1132 0.6755
1133 0.4083
1134 0.5711
1135 1.3328
1136 0.4061
1137 0.4958
1138 0.2553
1139 0.2313
1140 0.2433
1141 0.4074
1142 0.5491
1143 0.4095
1144 0.1985
1145 0.3201
1146 0.6399
1147 1.3157
1148 0.6445
1149 0.5107
1150 0.1423
1151 0.4352
1152 0.5443
1153 0.1691
1154 0.2373
1155 0.2410
1156 0.1806
1157 0.2921
1158 0.2959
1159 0.3646
1160 0.2198
1161 0.2946
1162 0.2996
1163 0.2738
1164 0.4406
1165 0.1796
1166 0.7293
1167 0.3888
1168 0.2925
1169 0.2450
1170 0.7592
1171 0.4609
1172 0.5696
1173 0.1616
1174 0.3943
1175 0.4135
1176 0.4698
1177 0.5375
1178 0.6771
1179 0.2692
1180 0.2917
1181 0.3771
1182 0.2702
1183 0.2332
1184 0.2678
1185 0.5985
1186 0.3863
1187 0.1738
1188 0.3692
1189 0.2154
1190 0.3057
1191 0.1993
1192 0.6149
1193 0.1757
1194 0.4638
1195 0.3254
1196 0.3786
1197 0.6957
1198 0.3876
1199 0.5132
1200 0.2071
1201 0.2689
1202 0.4614
1203 0.3281
1204 0.5222
1205 0.1832
1206 0.4466
1207 0.5633
1208 0.2653
1209 0.5124
1210 0.2638
1211 0.7354
1212 0.1848
1213 0.1407
1214 0.1442
1215 0.2930
1216 0.3639
1217 0.3073
1218 0.1719
1219 0.6634
1220 0.2183
1221 0.4566
1222 0.9580
1223 0.2424
1224 0.1895
1225 0.1758
1226 0.4595
1227 0.2062
1228 0.1781
1229 1.2782
1230 0.3041
1231 0.2854
1232 0.3178
1233 0.4476
1234 0.1331
1235 0.2313
1236 1.8949
1237 0.2327
1238 0.1735
1239 0.3340
1240 0.3749
1241 1.6148
1242 0.1651
1243 0.1854
1244 0.2224
1245 0.4918
1246 0.4508
1247 0.3838
1248 0.4179
1249 0.5924
1250 0.1918
1251 0.4559
1252 0.1947
1253 0.3772
1254 0.2750
1255 0.5761
1256 0.4152
1257 0.2574
1258 0.4909
1259 0.3648
1260 0.1420
1261 0.4441
1262 0.3775
1263 0.5686
1264 0.2988
1265 0.5142
1266 0.8381
1267 0.2241
1268 0.1383
1269 0.1979
1270 1.6130
1271 0.1691
1272 0.4441
1273 0.2971
1274 0.6833
1275 0.2815
1276 0.1542
1277 0.2767
1278 0.6232
1279 0.4367
1280 0.1760
1281 0.2406
1282 0.6831
1283 0.3797
1284 0.1244
1285 0.1867
1286 0.1691
1287 0.7793
1288 0.1710
1289 0.5681
1290   NaN
1291 1.1595
1292 0.3121
1293 0.1554
1294 0.9017
1295 0.7861
1296 0.5303
1297 0.1822
1298 0.1234
1299 0.2327
1300 0.3284
1301 0.1537
1302 0.2117
1303 0.1383
1304 0.1971
1305 0.3909
1306 0.7130
1307 1.4199
1308 0.1652
1309 0.6576
1310 0.1404
1311 0.6600
1312 0.2303
1313 0.8290
1314 0.4947
1315 0.3254
1316 0.2918
1317 1.4823
1318 0.2229
1319 0.1989
1320 0.1365
1321 0.3839
1322 0.8299
1323 0.1477
1324 0.2048
1325 0.4263
1326 0.2350
1327 0.4705
1328 0.2252
1329 0.2603
1330 0.5540
1331 0.3639
1332 0.1934
1333 2.7187
1334 0.4491
1335 0.1888
1336 0.1783
1337 0.1912
1338 0.5192
1339 1.4636
1340 0.5811
1341 0.3102
1342 0.4683
1343 0.2498
1344 0.3324
1345 0.2401
1346 0.1627
1347 0.1738
1348 0.4543
1349 0.2087
1350 0.1865
1351 0.2958
1352 0.1047
1353 0.3504
1354 0.4887
1355 0.3384
1356 0.2860
1357 0.2532
1358 0.1880
1359 0.5334
1360 0.6512
1361 0.3431
1362 0.9697
1363 0.3686
1364 0.3713
1365 0.2597
1366 0.3662
1367 0.6874
1368 0.3754
1369 0.5310
1370 0.6776
1371 0.4039
1372 1.5620
1373 0.3346
1374 1.5229
1375 0.6031
1376 0.3896
1377 0.1591
1378 0.4158
1379 0.1711
1380 0.6025
1381 0.6736
1382 0.2367
1383 0.3534
1384 0.9608
1385 0.2547
1386 0.2113
1387 0.2723
1388 0.4854
1389 1.0634
1390 0.5169
1391 0.5572
1392 0.2337
1393 0.3497
1394 0.2179
1395 0.2653
1396 0.5832
1397 0.2279
1398 0.2127
1399 0.5169
1400 0.1443
1401 0.1786
1402 0.2257
1403 0.1668
1404 0.2919
1405 0.4056
1406 0.4284
1407 0.1916
1408 0.2274
1409 0.2507
1410 0.1919
1411 0.8915
1412 0.2388
1413 0.2881
1414 0.2329
1415 0.3885
1416 1.1847
1417 0.2147
1418 0.7954
1419 0.3698
1420 1.3605
1421 0.7134
1422 0.2077
1423 0.3617
1424 0.3193
1425 0.3610
1426 0.2541
1427 0.1634
1428 0.3996
1429 0.1112
1430 0.5688
1431 0.2332
1432 0.3438
1433 0.2066
1434 0.6222
1435 0.3217
1436 0.1821
1437 0.3992
1438 0.2534
1439 0.5268
1440 0.4971
1441 0.1188
1442 0.3491
1443 0.1484
1444 0.7993
1445 0.4113
1446 1.2419
1447 0.2219
1448 0.1658
1449 0.8294
1450 0.4892
1451 0.1867
1452 0.3934
1453 0.2883
1454 0.4054
1455 1.1818
1456 0.3262
1457 0.3403
1458 0.2159
1459 0.6462
1460 0.3562
1461 0.3861
1462 0.3608
1463 0.5983
1464 0.4584
1465 0.2278
1466 1.0246
1467 0.4271
1468 0.9227
1469 0.4765
1470 0.3770
1471 0.3918
1472 0.3170
1473 0.8608
1474 0.3634
1475 0.3006
1476 0.3400
1477 0.4237
1478 0.2203
1479 0.1954
1480 0.1715
1481 0.4692
1482 0.3115
1483 0.2109
1484 0.1443
1485 0.6643
1486 0.5492
1487 0.4444
1488 0.1989
1489 0.3355
1490 0.3235
1491 0.4756
1492 0.3881
1493 0.2489
1494 0.2557
1495 0.4036
1496 0.5053
1497 0.8100
1498 0.4391
1499 0.6137
1500 0.1948
1501 0.3143
1502 0.2632
1503 0.1839
1504 0.2610
1505 0.2288
1506 0.2457
1507 0.8424
1508 0.4163
1509 0.6188
1510 0.1647
1511 0.4635
1512 0.4765
1513 0.4891
1514 0.3638
1515 1.2207
1516 0.2768
1517 0.9592
1518 0.4351
1519 0.4492
1520 1.4891
1521 0.4075
1522 0.1874
1523 0.5432
1524 0.2174
1525 0.3798
1526 0.1972
1527 0.3880
1528 0.5310
1529 0.2871
1530 1.5928
1531 0.6101
1532 0.5259
1533 1.4214
1534 0.2470
1535 0.3144
1536 0.1342
1537 0.2288
1538 0.1833
1539 0.3845
1540 0.3478
1541 0.1319
1542 0.2754
1543 0.2607
1544 2.1543
1545 0.1492
1546 0.6633
1547 0.1747
1548 0.1835
1549 0.3752
1550 0.7843
1551 0.5428
1552 0.1487
1553 0.4060
1554 1.0754
1555 0.5356
1556 0.2794
1557 0.5568
1558 0.3274
1559 0.8508
1560 0.3405
1561 0.4898
1562 1.5521
1563 0.5479
1564 0.2885
1565 0.1961
1566 1.5079
1567 1.0957
1568 0.2301
1569 0.4466
1570 0.1567
1571 0.1342
1572 0.4444
1573 0.2808
1574 1.0191
1575 1.2565
1576 0.5402
1577 0.4690
1578 0.7934
1579 0.2813
1580 0.4266
1581 0.2352
1582 0.5108
1583 0.1355
1584 0.5417
1585 0.5554
1586 0.7076
1587 0.1514
1588 0.2237
1589 0.4129
1590 0.3523
1591 0.5050
1592 0.6772
1593 0.2573
1594 0.5970
1595 0.1723
1596 0.5352
1597 0.2789
1598 0.1409
1599 0.3097
1600 1.5351
1601 0.5496
1602 0.3925
1603 0.1896
1604 0.3970
1605 0.3129
1606 0.1403
1607 0.4110
1608 0.1546
1609 0.9578
1610 0.1913
1611 0.2596
1612 0.2053
1613 0.2867
1614 0.2665
1615 0.4901
1616 0.2011
1617 0.2069
1618 0.4927
1619 0.5072
1620 0.3870
1621 0.1574
1622 0.2088
1623 0.1662
1624 0.2802
1625 0.4011
1626 0.1790
1627 0.5193
1628 0.2032
1629 0.1918
1630 0.4428
1631 0.2909
1632 0.8057
1633 1.4179
1634 0.2044
1635 0.2085
1636 0.2730
1637 0.3665
1638 0.6045
1639 0.4848
1640 0.3735
1641 0.2721
1642 0.1631
1643 0.8254
1644 0.7134
1645 0.1610
1646 0.1834
1647 0.2619
1648 0.7705
1649 0.1819
1650 0.7138
1651 0.9153
1652 0.1619
1653 1.0299
1654 0.9037
1655 0.4229
1656 0.6715
1657 0.5721
1658 0.1461
1659 0.3874
1660 0.6914
1661 0.9021
1662 0.2173
1663 0.5695
1664 0.2752
1665 0.2411
1666 0.2726
1667 0.4345
1668 1.8658
1669 0.1423
1670 0.1757
1671 0.2222
1672 0.1997
1673 0.2786
1674 4.3766
1675 0.2010
1676 0.3499
1677 0.1857
1678 0.2731
1679 0.3539
1680 0.4978
1681 0.4032
1682 0.6027
1683 1.3297
1684 0.2591
1685 0.1906
1686 0.4310
1687 0.2229
1688 0.2138
1689 0.6780
1690 0.7414
1691 0.3183
1692 0.4142
1693 0.2483
1694 0.4274
1695 0.8747
1696 0.3150
1697 0.2416
1698 0.5105
1699 0.6362
1700 0.7905
1701 0.3618
1702 0.5342
1703 0.5914
1704 0.5950
1705 0.2372
1706 0.4244
1707 0.5585
1708 0.3784
1709   NaN
1710 0.5075
1711 0.2297
1712 0.9464
1713 0.3341
1714 0.1859
1715 0.6345
1716 0.1870
1717 0.2844
1718 0.2010
1719 0.2641
1720 0.4263
1721 0.1856
1722 0.4269
1723 0.4678
1724 1.1310
1725 0.2089
1726 0.7027
1727 0.8961
1728 0.1734
1729 0.3480
1730 1.6247
1731 0.1871
1732 0.2343
1733 0.2128
1734 0.1557
1735 0.2868
1736 0.2198
1737 0.2847
1738 0.6759
1739 0.1269
1740 0.2037
1741 0.1454
1742 0.4014
1743 0.4361
1744 0.5942
1745 0.3553
1746 0.4083
1747 0.3567
1748 0.4659
1749 0.2156
1750 0.1866
1751 0.9697
1752 0.6249
1753 0.1582
1754 0.2244
1755 0.4518
1756 0.1577
1757 0.1581
1758 0.1945
1759 0.4498
1760 1.0904
1761 0.2527
1762 0.2342
1763 0.1887
1764 0.1892
1765 0.1459
1766 1.2071
1767 0.6608
1768 0.2762
1769 0.3923
1770 0.3426
1771 0.2948
1772 0.4546
1773 0.6422
1774 0.2627
1775 0.5045
1776 0.9432
1777 0.2582
1778 1.3197
1779 0.2897
1780 0.4616
1781 0.6509
1782 0.1894
1783 0.1704
1784 0.6389
1785 0.5070
1786 0.4069
1787 0.1552
1788 1.9247
1789 0.3843
1790 0.5474
1791 0.6425
1792 0.4025
1793 0.2524
1794 0.1897
1795 1.4124
1796 0.6902
1797 1.9901
1798 0.6612
1799 0.5000
1800 0.3360
1801 0.1370
1802 0.3783
1803 0.2618
1804 0.2216
1805 0.2113
1806 0.3893
1807 0.1854
1808 0.4948
1809 0.9494
1810 1.7276
1811 0.2072
1812 0.4841
1813 0.7968
1814 0.5120
1815 0.2309
1816 0.7545
1817 0.2438
1818 0.6742
1819 0.1648
1820 0.2119
1821 0.2116
1822 0.2998
1823 0.2955
1824 0.1624
1825 0.9435
1826 0.3957
1827 0.3766
1828 0.3541
1829 0.2464
1830 0.2551
1831 0.1379
1832 0.2007
1833 0.1151
1834 0.6594
1835 0.5836
1836 0.1087
1837 0.2931
1838 0.3526
1839 0.4370
1840 0.2190
1841 0.4062
1842 0.2638
1843 0.1328
1844 0.1981
1845 0.6432
1846 0.4397
1847 0.3650
1848 0.1535
1849 0.1573
1850 0.1716
1851 0.2965
1852 0.1761
1853 0.7697
1854 0.2452
1855 0.3019
1856 0.2595
1857 0.3295
1858 0.1948
1859 0.2947
1860 0.3326
1861 0.2087
1862 0.1500
1863 0.4361
1864 0.1530
1865 0.8791
1866 0.3518
1867 0.1174
1868 0.3330
1869 0.1353
1870 0.6138
1871 0.4374
1872 0.3041
1873 0.2648
1874 0.1446
1875 0.6146
1876 0.4813
1877 0.3462
1878 0.7502
1879 0.5185
1880 0.4020
1881 0.1929
1882 0.3873
1883 0.1793
1884 0.9564
1885 1.2150
1886 0.3030
1887 0.2499
1888 0.4299
1889 0.7166
1890 0.3625
1891 0.4204
1892 0.3312
1893 0.4105
1894 0.8427
1895 1.4222
1896 0.1596
1897 0.4587
1898 0.4139
1899 0.1495
1900 0.2338
1901 0.4903
1902 0.2465
1903 0.9116
1904 0.2140
1905 0.3453
1906 0.2075
1907 0.3479
1908 0.4450
1909 0.3710
1910 0.2811
1911 0.2658
1912 0.8166
1913 0.2012
1914 0.2325
1915 0.9898
1916 0.9568
1917 0.1675
1918 0.2375
1919 0.2128
1920 0.2486
1921 0.2462
1922 1.5735
1923 0.2347
1924 0.1407
1925 0.2101
1926 0.1263
1927 0.1711
1928 0.2618
1929 0.2893
1930 0.2528
1931 0.4456
1932 0.2204
1933 0.1310
1934 0.4328
1935 0.8034
1936 0.1596
1937 0.4620
1938 0.3976
1939 0.3745
1940 0.1952
1941 0.3109
1942 0.2342
1943 0.3088
1944 0.1215
1945 0.2677
1946 0.2142
1947 0.4123
1948 0.3909
1949 0.3539
1950 0.1653
1951 0.2552
1952 0.1200
1953 0.2243
1954 0.3317
1955 0.4906
1956 0.1966
1957 0.1439
1958 1.4097
1959 0.2014
1960 0.5119
1961 0.2825
1962 0.2584
1963 0.4375
1964 0.2457
1965 0.6974
1966 0.4080
1967 0.2803
1968 0.5096
1969 0.3681
1970 0.1993
1971 0.3356
1972 0.3205
1973 0.1625
1974 0.1413
1975 0.5474
1976 0.3434
1977 0.1374
1978 0.2278
1979 0.3335
1980 0.6182
1981 0.2253
1982 0.6442
1983 0.4781
1984 0.2750
1985 0.3281
1986 0.5313
1987 0.1746
1988 0.5187
1989 0.2508
1990 0.6646
1991 0.2916
1992 0.3994
1993 0.4755
1994 0.1955
1995 0.2723
1996 0.1609
1997 0.3806
1998 0.3033
1999 1.4731
2000 0.2858
2001 0.2376
2002 0.3532
2003 0.2313
2004 0.5069
2005 1.1007
2006 0.2305
2007 0.2267
2008 0.5194
2009 0.2589
2010 0.2960
2011 0.2889
2012 0.3522
2013 0.2004
2014 0.2258
2015 0.2507
2016 0.3523
2017 0.1574
2018 0.1875
2019 0.9665
2020 0.6033
2021 0.7526
2022 0.5504
2023 0.3412
2024 0.4158
2025 0.7436
2026 0.2568
2027 0.1396
2028 0.2179
2029 0.4558
2030 0.4721
2031 0.3692
2032 0.9946
2033 0.2210
2034 0.5175
2035 0.1791
2036 0.2577
2037 0.1882
2038 0.2658
2039 0.1809
2040 0.9191
2041   NaN
2042 0.2546
2043 0.3161
2044 0.5775
2045 0.2698
2046 0.3632
2047 0.3314
2048 0.1772
2049 0.5764
2050 0.1835
2051 1.0861
2052 0.1488
2053 0.3856
2054 0.3405
2055 0.2159
2056 0.3246
2057 0.3919
2058 0.2952
2059 0.5796
2060 0.6383
2061 0.2112
2062 0.1850
2063 0.4692
2064 0.4336
2065 0.2196
2066 0.1451
2067 0.2886
2068 0.2816
2069 0.2110
2070 0.3140
2071 0.5702
2072 0.2244
2073 0.3554
2074 0.4127
2075 0.3399
2076 0.3910
2077 0.2762
2078 0.3514
2079 0.2945
2080 0.3728
2081 0.2740
2082 0.2088
2083 0.1370
2084 0.2467
2085 0.1842
2086 0.3998
2087 0.2181
2088 0.1732
2089 0.6304
2090 0.2101
2091 0.2282
2092 0.3017
2093 0.3081
2094 0.2615
2095 0.5701
2096 0.3157
2097 0.1907
2098 0.1528
2099 0.6350
2100 0.6238
2101 0.2786
2102 0.7534
2103 0.2668
2104 0.1672
2105 0.1774
2106 0.4691
2107 0.1671
2108 0.1813
2109 0.2405
2110 0.3941
2111 0.2314
2112 0.1932
2113 0.1915
2114 0.5266
2115 0.5046
2116 0.1973
2117 0.5741
2118 0.5866
2119 0.4483
2120 0.1778
2121 1.0723
2122 0.1802
2123 0.2031
2124 0.4465
2125 0.8366
2126 0.5517
2127 0.1593
2128 0.4432
2129 0.2001
2130 0.4373
2131 0.2601
2132 0.2896
2133 0.2160
2134 0.2621
2135 0.1458
2136 0.1714
2137 0.2972
2138 0.3753
2139 0.5027
2140 0.1856
2141 0.3651
2142 0.2231
2143 0.6407
2144 0.7618
2145 1.8835
2146 0.2343
2147 0.2666
2148 0.2279
2149 0.2478
2150 0.3983
2151 0.2141
2152 0.2886
2153 0.2434
2154 0.5806
2155 0.4523
2156 0.7243
2157 0.2354
2158 0.5819
2159 0.7224
2160 0.7104
2161 0.1507
2162 0.2437
2163 0.1962
2164 0.5115
2165 0.2420
2166 0.1837
2167 0.3211
2168 0.3306
2169 0.4406
2170 0.3145
2171 0.2687
2172 0.5538
2173 0.3584
2174 0.2107
2175 0.3571
2176 0.5548
2177 0.2458
2178 0.1624
2179 0.1135
2180 0.3250
2181 0.3414
2182 0.1633
2183 0.3379
2184 0.4909
2185 0.2486
2186 0.4613
2187   NaN
2188 0.3155
2189 0.4570
2190 0.3744
2191 0.6980
2192 0.1672
2193 0.2133
2194 0.7932
2195 0.2956
2196 0.1741
2197 1.0181
2198 0.5849
2199 0.1804
2200 0.2444
2201 0.3231
2202 0.2320
2203 0.3729
2204 0.5515
2205 0.3090
2206 0.2967
2207 0.5071
2208 0.6355
2209 0.1094
2210 0.1975
2211 0.2030
2212 0.3457
2213 0.1445
2214 0.2787
2215 0.1829
2216 0.1719
2217 0.3778
2218 0.4854
2219 0.4925
2220 0.6814
2221 0.3759
2222 0.3823
2223 0.5887
2224 0.3740
2225 0.1158
2226 0.4012
2227 0.3033
2228 0.3402
2229 0.1753
2230 0.3171
2231 0.2652
2232 0.7419
2233 0.2631
2234 0.4373
2235 0.1471
2236 0.4142
2237 0.2991
2238 0.1658
2239 0.2171
2240 0.3829
2241 0.3323
2242 0.5671
2243 0.2122
2244 0.3099
2245 0.3979
2246 0.2120
2247 0.3380
2248 0.4704
2249 0.2552
2250 0.2942
2251 0.2417
2252 0.6074
2253 0.3065
2254 0.4884
2255 0.2153
2256 0.1867
2257 0.8349
2258 0.2847
2259 0.3213
2260 0.1713
2261 0.4437
2262 0.1030
2263 0.4606
2264 0.2165
2265 0.2287
2266 0.1985
2267 0.1635
2268 0.6129
2269 0.2090
2270 0.6403
2271 0.2574
2272 0.2991
2273 0.3286
2274 0.1846
2275 0.1957
2276 0.1584
2277 0.2743
2278 0.2219
2279 1.1652
2280 0.3382
2281 0.2008
2282 0.4475
2283 0.2013
2284 0.2443
2285 0.4144
2286 0.8898
2287 0.6835
2288 0.3572
2289 0.4032
2290 0.2927
2291 0.1809
2292 0.2470
2293 0.5416
2294 0.2074
2295 0.1810
2296 0.1956
2297 0.2208
2298 0.2577
2299 0.1574
2300 0.4922
2301 0.3049
2302 0.1817
2303 0.3064
2304 0.3827
2305 0.3599
2306 0.5527
2307 0.2786
2308 0.2729
2309 1.5268
2310 0.2762
2311 0.4720
2312 0.2356
2313 0.3258
2314 0.2097
2315 0.3881
2316 0.3710
2317 0.3769
2318 0.3252
2319 0.1983
2320 0.2145
2321 1.6403
2322 0.2320
2323 0.2239
2324 0.2289
2325 0.2951
2326 0.2592
2327 0.2750
2328 0.7398
2329 0.2453
2330 0.2224
2331 0.1675
2332 0.3627
2333 0.2431
2334 0.4807
2335 0.5127
2336 0.7029
2337 1.0460
2338 0.6900
2339 0.2702
2340 0.2929
2341 0.3260
2342 0.1713
2343 0.2088
2344 0.2058
2345 0.4232
2346 1.3971
2347 0.1092
2348 0.4266
2349 0.2096
2350 0.4541
2351 0.2647
2352 0.3604
2353 0.5133
2354 0.4301
2355 0.9736
2356 0.1804
2357 0.5097
2358 0.1733
2359 0.9988
2360 0.7280
2361 0.2700
2362 0.6367
2363 1.1812
2364 0.2932
2365 0.2527
2366 0.3055
2367 0.3350
2368 0.2545
2369 0.2457
2370 0.6163
2371 0.3968
2372 0.2029
2373 0.2237
2374 0.2163
2375 0.1292
2376 0.3053
2377 0.4797
2378 0.2387
2379 0.2209
2380 0.4902
2381 0.2482
2382 0.2372
2383 0.2821
2384 0.1480
2385 0.3177
2386 0.1366
2387 0.5095
2388 0.1207
2389 0.6796
2390 0.1795
2391 0.2564
2392 0.3416
2393 0.1832
2394 0.4036
2395 0.7674
2396 0.9119
2397 0.2206
2398 0.1405
2399 0.1521
2400 1.3097
2401 0.3736
2402 0.2474
2403 0.3280
2404 0.2219
2405 0.9482
2406 0.1855
2407 0.3438
2408 0.3562
2409 0.2117
2410 0.1812
2411 0.1746
2412 0.2340
2413 0.3896
2414 0.4800
2415 0.4564
2416 0.2080
2417 0.3148
2418 0.8138
2419 0.2826
2420 0.2341
2421 0.4994
2422 0.1634
2423 0.3881
2424 0.3822
2425 0.2211
2426 0.1387
2427 0.1606
2428 0.1566
2429 0.4609
2430 0.1572
2431 0.3391
2432 0.2221
2433 0.2333
2434 0.4283
2435 0.1527
2436 0.1164
2437 0.1767
2438 0.2286
2439 0.2129
2440 0.1937
2441 0.3904
2442 0.2739
2443 0.1170
2444 0.2552
2445 0.2062
2446 0.2188
2447 0.2596
2448 0.2549
2449 0.2259
2450 0.7319
2451 0.4456
2452 0.7121
2453 0.1912
2454 0.2610
2455 0.1632
2456 0.2942
2457 0.4261
2458 0.1970
2459 0.1373
2460 0.3519
2461 0.7383
2462 0.2915
2463 1.3274
2464 0.4469
2465 0.2429
2466 0.4546
2467 0.3802
2468 0.2104
2469 0.1573
2470 0.3184
2471 0.5960
2472 0.9217
2473 0.2325
2474 0.1603
2475 0.1991
2476 0.1769
2477 0.4857
2478 0.2319
2479 0.3535
2480 0.3373
2481 0.3424
2482 0.4869
2483 0.2715
2484 0.4569
2485 0.5494
2486 0.3200
2487 1.8216
2488 0.2270
2489 0.6189
2490 0.1827
2491 0.2921
2492 0.2450
2493 0.2665
2494 0.1662
2495 0.1439
2496 0.2347
2497 0.4715
2498 0.8671
2499 0.1614
2500 0.1269
