7501 0.1861
7502 0.1504
7503 0.4707
7504 0.6967
7505 0.1869
7506 0.1250
7507 0.2355
7508 0.4865
7509 0.4375
7510 0.3982
7511 0.2511
7512 0.4466
7513 0.3631
7514 0.2126
7515 0.2195
7516 0.3416
7517 0.2228
7518 0.4952
7519 0.1499
7520 0.3018
7521 0.3873
7522 0.4409
7523 0.9095
7524 0.4286
7525 0.2114
7526 0.1450
7527 1.6155
7528 0.9850
7529 0.3997
7530 0.3692
7531 0.4667
7532 0.6963
7533 0.3009
7534 0.2460
7535 0.2072
7536 0.1965
7537 0.1859
7538 0.3075
7539 0.3699
7540 0.4304
7541 0.3542
7542 0.3926
7543 0.1397
7544 0.2544
7545 0.1373
7546 0.2649
7547 0.2426
7548 0.7790
7549 0.3308
7550 0.2069
7551 1.3106
7552 0.1841
7553 0.2164
7554 0.6946
7555 0.2869
7556 0.1573
7557 0.1851
7558 0.2050
7559 0.2971
7560 0.2139
7561 0.2337
7562 0.3699
7563 1.4424
7564 0.3748
7565 0.1773
7566 0.1868
7567 0.1890
7568 0.1305
7569 0.4931
7570 0.2933
7571 0.5294
7572 0.2003
7573 0.4668
7574 0.2432
7575 0.4171
7576 0.4659
7577 0.2824
7578 0.2809
7579 0.5694
7580 0.4101
7581 0.4912
7582 0.4249
7583 0.1877
7584 0.3166
7585 1.0003
7586 0.4814
7587 0.1757
7588 0.1650
7589 0.4105
7590 0.1477
7591   NaN
7592 0.4022
7593 0.4481
7594 0.3540
7595 0.7440
7596 0.2326
7597 0.1113
7598 0.1898
7599 1.0547
7600 0.5231
7601 0.2805
7602 0.6183
7603 0.2449
7604 0.2434
7605 0.2360
7606 0.2457
7607 1.6700
7608 0.6252
7609 0.2171
7610 0.9333
7611 0.2263
7612 1.2267
7613 1.0555
7614 0.2947
7615 0.2576
7616 0.4495
7617 0.4148
7618 0.5208
7619 0.1723
7620 0.1533
7621 0.1484
7622 1.9430
7623 0.3142
7624 0.3893
7625 0.1932
7626 0.2396
7627 0.4361
7628 0.6413
7629 0.4491
7630 0.1674
7631 0.9230
7632 0.4339
7633 0.2475
7634 0.1445
7635 0.1309
7636 1.2020
7637 0.4345
7638 0.3475
7639 0.2552
7640 0.2139
7641 0.1911
7642 0.2038
7643 0.2596
7644 0.3640
7645 0.2042
7646 0.2772
7647 0.9138
7648 0.2790
7649 0.2937
7650 0.2034
7651 0.6743
7652 0.5419
7653   NaN
7654 0.2391
7655 0.2553
7656 0.3905
7657 0.5485
7658 0.4119
7659 0.2110
7660 0.4912
7661 1.4663
7662 0.4419
7663 0.6307
7664 0.1631
7665 0.2575
7666 0.1825
7667 0.2203
7668 0.2060
7669 0.9164
7670 0.2520
7671 0.6524
7672 0.3539
7673 0.3431
7674 0.2676
7675 0.3516
7676 0.1683
7677 0.6737
7678 0.1640
7679 0.2225
7680 0.2816
7681 0.5026
7682 0.4276
7683 1.0101
7684 0.2160
7685 0.2047
7686 0.2539
7687 0.4054
7688 0.3727
7689 0.9007
7690 0.1791
7691 0.1784
7692 0.4334
7693 0.1374
7694 0.7704
7695 0.1262
7696 0.3336
7697 0.1855
7698 0.3926
7699 0.7588
7700 0.2472
7701 0.2605
7702 0.5681
7703 0.8215
7704 0.2961
7705 0.2171
7706 0.2512
7707 0.4075
7708 0.2496
7709 0.2298
7710 0.2844
7711 0.3133
7712 0.2015
7713 0.4262
7714 0.9261
7715 0.3342
7716 0.4661
7717 0.5469
7718 0.3100
7719 0.2673
7720 0.2474
7721 0.5760
7722 0.5807
7723 0.5303
7724 0.2250
7725 0.2139
7726 0.2276
7727 0.3317
7728 0.2979
7729 0.7208
7730 0.1734
7731 0.3217
7732 0.1949
7733 1.3734
7734 0.2370
7735 0.2168
7736 0.4230
7737 0.2144
7738 0.3704
7739 0.4321
7740 0.1674
7741 0.1655
7742 0.4947
7743 0.2063
7744 0.2247
7745 0.4894
7746 0.3394
7747 0.2433
7748 0.2037
7749 0.1852
7750 0.2858
7751 0.2019
7752 0.2730
7753 0.6255
7754 0.5618
7755 1.3407
7756 0.2637
7757 0.4567
7758 0.3524
7759 0.4529
7760 1.6174
7761 0.2111
7762 0.2073
7763 0.8609
7764 0.2232
7765 0.2262
7766 0.5124
7767 0.9383
7768 0.5235
7769 0.4748
7770 0.2601
7771 0.5000
7772 1.2085
7773 0.2757
7774 0.2849
7775 0.5561
7776 0.2732
7777 0.4468
7778 0.4312
7779 0.8424
7780 0.9888
7781 0.1780
7782 0.2007
7783 0.2754
7784 0.5608
7785 0.2253
7786 0.3987
7787 0.1996
7788 0.1575
7789 0.3363
7790 0.2815
7791 0.1216
7792 0.1404
7793 0.1538
7794 0.2795
7795 0.2305
7796 1.1772
7797 0.2947
7798 0.1076
7799 0.6767
7800 0.1917
7801 0.2357
7802 1.1825
7803 0.3413
7804 0.6154
7805 0.1856
7806 0.3248
7807 0.3008
7808 0.3738
7809 0.6704
7810 0.3032
7811 0.4779
7812 0.1401
7813 0.3401
7814 0.2980
7815 0.5250
7816 0.1472
7817 0.1479
7818 0.1793
7819 1.0956
7820 0.2093
7821 0.2119
7822 0.3015
7823 0.2475
7824 0.3304
7825 0.3314
7826 0.7158
7827 0.4869
7828 0.3419
7829 0.2303
7830 0.2705
7831 0.2721
7832 0.1514
7833 0.2192
7834 0.2019
7835 0.2527
7836 0.6829
7837 0.3913
7838 0.2921
7839 0.5427
7840 0.1733
7841 0.5119
7842 0.2432
7843 0.4897
7844 0.2290
7845 0.6824
7846 0.4178
7847 0.1897
7848 0.1564
7849 0.4003
7850 0.1890
7851 0.3220
7852 0.4760
7853 0.1421
7854 0.6262
7855 2.7394
7856 0.2396
7857 1.2137
7858 0.1790
7859 0.4802
7860 0.4299
7861 0.2562
7862 0.2095
7863 0.1770
7864 1.0566
7865 0.5948
7866 0.1523
7867 0.2882
7868 0.2326
7869 0.2222
7870 0.2979
7871 0.2225
7872 0.2202
7873 0.4348
7874 0.2103
7875 0.6207
7876 0.2251
7877 0.9208
7878 0.2400
7879 0.4754
7880 0.2162
7881 0.3313
7882 0.5107
7883 0.2746
7884 0.2691
7885 0.3833
7886 0.2010
7887 0.2904
7888 0.3292
7889 0.4213
7890 0.5799
7891 0.9768
7892 0.6073
7893 0.3195
7894 0.2775
7895 0.2141
7896 0.4691
7897 0.1565
7898 1.0520
7899 0.3657
7900 0.1757
7901 0.4462
7902 0.9509
7903 0.3510
7904 0.5334
7905 0.3703
7906 0.3715
7907 0.3978
7908 0.1856
7909 0.6133
7910 0.5216
7911 0.3268
7912 0.2300
7913 0.4590
7914 0.1552
7915 0.3662
7916 0.4847
7917 0.1398
7918 0.3007
7919 0.3975
7920 0.2424
7921 0.2360
7922 0.8110
7923 0.3068
7924 0.2243
7925 0.2908
7926 0.1985
7927 0.4256
7928 0.4285
7929 0.5790
7930 0.1854
7931 0.4129
7932 0.3255
7933 0.4564
7934 0.5799
7935 0.1416
7936 0.2303
7937 0.5126
7938 0.3968
7939 0.4233
7940 0.2955
7941 0.1994
7942 0.3893
7943 0.3200
7944 1.0755
7945 0.3880
7946 0.1789
7947 0.2241
7948 0.2855
7949 0.1815
7950 0.2149
7951 0.2658
7952 1.9518
7953 0.8285
7954 0.2623
7955 1.3871
7956 0.3202
7957 0.3836
7958 0.1605
7959 0.2814
7960 0.4348
7961 0.2262
7962 0.1558
7963 0.1718
7964 0.2495
7965 0.6912
7966 0.1577
7967 0.8295
7968 0.3792
7969 0.2833
7970 0.3206
7971 0.1909
7972 0.6442
7973 0.1641
7974 0.3563
7975 0.7359
7976 0.1654
7977 0.1842
7978 0.4631
7979 0.1315
7980 0.6309
7981 1.0666
7982 0.3642
7983 0.2504
7984 0.3757
7985 0.6761
7986 0.2428
7987 0.7473
7988 0.1704
7989 0.8858
7990 0.3331
7991 0.1729
7992 0.3132
7993 0.6150
7994 0.4593
7995 0.6736
7996 0.8208
7997 0.6040
7998 0.2474
7999 0.1515
8000 0.3494
8001 0.1734
8002 1.6552
8003 0.1960
8004 1.5923
8005 0.4061
8006 0.2581
8007 0.2162
8008 0.8427
8009 0.3404
8010 0.1684
8011 0.8916
8012 0.2795
8013 0.1965
8014 0.4454
8015 0.2354
8016 0.2879
8017 0.4630
8018 0.5105
8019 0.8850
8020 0.3465
8021 0.3251
8022 0.3896
8023 1.2457
8024 0.2687
8025 0.4082
8026 0.3464
8027 0.1934
8028 1.8636
8029 0.4884
8030 0.2142
8031 0.2246
8032 0.2206
8033 0.3974
8034 3.0946
8035 0.1940
8036 0.2125
8037 0.5541
8038 0.4371
8039 0.2002
8040 0.1859
8041 0.5285
8042 0.5742
8043 1.0240
8044 0.1948
8045 0.1875
8046 0.3476
8047 0.2999
8048 0.6676
8049 0.3778
8050 0.4563
8051 0.3143
8052 0.4179
8053 0.3674
8054 0.4225
8055 0.2313
8056 0.2648
8057 0.2175
8058 0.3156
8059 0.3780
8060 0.2812
8061 0.1978
8062 0.5425
8063 0.1769
8064 0.2480
8065 0.3961
8066 1.1888
8067 0.4101
8068 0.1901
8069 0.1538
8070 0.1265
8071 0.1244
8072 1.0240
8073 0.5216
8074 0.2980
8075 0.3101
8076 0.1075
8077 0.5148
8078 0.1484
8079 0.2171
8080 0.1447
8081 0.4341
8082 0.3139
8083 0.1879
8084 0.2663
8085 0.4960
8086 0.1791
8087 2.5408
8088 0.2442
8089 0.1696
8090 1.2093
8091 0.3481
8092 0.3471
8093 0.4014
8094 0.3350
8095 0.2689
8096 0.4514
8097 1.2779
8098 0.2112
8099 0.4737
8100 0.9763
8101 1.0987
8102 0.2144
8103 0.5611
8104 0.2101
8105 0.2586
8106 0.2683
8107 0.4868
8108 0.3830
8109 0.3888
8110 0.4651
8111 0.1411
8112 0.4803
8113 0.2870
8114 0.3080
8115 0.2678
8116 0.3059
8117 0.3661
8118 0.2566
8119 0.9991
8120 0.1921
8121 0.1414
8122 0.6387
8123 0.7190
8124 0.3252
8125 0.3283
8126 0.3178
8127 0.2809
8128 0.3073
8129 0.1164
8130 0.4624
8131 0.4346
8132 0.5787
8133 0.3778
8134 0.6169
8135 0.3107
8136 0.7077
8137 0.2902
8138 0.1805
8139 0.3308
8140 0.5036
8141   NaN
8142 0.7657
8143 0.6173
8144 0.1858
8145 1.1976
8146 0.1618
8147 0.2423
8148 0.3627
8149 0.1090
8150 0.1451
8151 0.4667
8152 0.6672
8153 0.9235
8154 0.4981
8155 0.5490
8156 0.1634
8157 0.3347
8158 0.5291
8159 0.5524
8160 0.3353
8161 0.4475
8162 0.1545
8163 0.3766
8164 0.4046
8165 0.9977
8166 0.2895
8167 0.2555
8168 0.1608
8169 0.1989
8170 0.1597
8171 0.4506
8172 0.4669
8173 0.4106
8174 0.5413
8175 0.3981
8176 0.3718
8177 0.2493
8178 0.1951
8179 0.9007
8180 0.2088
8181 0.6665
8182 0.1585
8183 0.2331
8184 0.3949
8185 0.1618
8186 0.5656
8187 0.1668
8188 0.3455
8189 0.2270
8190 0.2628
8191 0.3552
8192 0.4475
8193 0.3772
8194 0.2253
8195 0.5807
8196 0.2988
8197 0.4287
8198 0.4184
8199 0.3149
8200 0.3146
8201 0.2670
8202 0.1881
8203 1.6247
8204 0.4413
8205 0.2367
8206 0.1959
8207 0.2586
8208 0.4696
8209 0.2415
8210 0.2581
8211 1.1871
8212 0.3605
8213 0.3874
8214 0.2136
8215 0.4525
8216 0.4947
8217 0.5810
8218 0.3561
8219 0.1088
8220 0.2074
8221 0.2075
8222 0.3779
8223 0.2016
8224 0.3870
8225 0.3604
8226 0.2841
8227 0.2843
8228 0.4573
8229 1.0196
8230 0.2485
8231 0.3023
8232 0.3820
8233 0.1856
8234 0.5681
8235 0.5679
8236 0.1994
8237 0.2088
8238 0.4787
8239 0.1963
8240 0.4266
8241 1.1641
8242 0.1602
8243 0.3201
8244 0.1577
8245 1.0669
8246 0.2485
8247 0.4836
8248 0.2196
8249 0.2999
8250 0.2412
8251 0.3194
8252 0.6946
8253 0.5629
8254 0.5386
8255 0.2525
8256 0.2597
8257 0.3466
8258 0.3786
8259 0.7270
8260 0.5557
8261 0.3088
8262 0.4060
8263 0.2590
8264 0.1891
8265 0.4744
8266 1.8069
8267 0.2801
8268 0.1988
8269 0.6518
8270 0.3197
8271 0.4571
8272 0.3168
8273 0.2549
8274 0.5765
8275 0.4784
8276 0.2067
8277 0.2745
8278 0.3794
8279 0.2789
8280 0.7962
8281 0.2720
8282 0.5883
8283 0.2538
8284 0.3970
8285 0.2930
8286 0.3117
8287 0.4300
8288 0.9370
8289 0.2731
8290 0.2058
8291 0.2875
8292 0.2119
8293 0.7105
8294 0.2205
8295 0.4527
8296 0.3886
8297 0.1562
8298 0.3725
8299 0.1512
8300 0.8100
8301 2.2165
8302 0.3907
8303 0.2017
8304 0.3033
8305 0.1815
8306 1.2834
8307 0.2306
8308 0.3325
8309 0.1036
8310 0.2848
8311 0.1942
8312 0.2079
8313 0.2432
8314 0.1705
8315 1.2511
8316 0.1825
8317 0.4713
8318 0.2975
8319 0.6216
8320 0.3362
8321 0.2294
8322 0.1590
8323 0.3340
8324 0.5515
8325 0.2676
8326 0.4121
8327 0.6177
8328 0.2578
8329 0.3900
8330 0.2851
8331 0.3622
8332 0.5059
8333 0.3819
8334 0.1879
8335 0.3105
8336 0.4740
8337 0.2998
8338 0.2583
8339 0.2800
8340 0.5136
8341 0.2501
8342 0.4473
8343 0.2358
8344 0.1974
8345 0.3115
8346 0.1342
8347 0.1440
8348 0.2606
8349 0.1804
8350 0.1960
8351 0.2251
8352 0.1624
8353 0.1322
8354 0.4281
8355 2.5100
8356 0.2816
8357 0.4205
8358 0.3631
8359 0.7484
8360 0.8207
8361 0.2248
8362 0.1467
8363 0.1902
8364 0.2130
8365 0.2347
8366 0.1660
8367 0.4893
8368 0.3585
8369 0.3777
8370 0.2466
8371 1.3537
8372 0.4798
8373 0.1295
8374 0.3645
8375 0.7118
8376 0.2807
8377 0.5182
8378 0.1422
8379 0.2452
8380 0.6212
8381 0.1696
8382 0.5234
8383 0.7359
8384 0.2539
8385 0.2136
8386 0.2678
8387 0.5129
8388 0.3604
8389 0.3480
8390 0.8596
8391 0.7340
8392 0.2112
8393 0.2732
8394 0.3853
8395 0.3562
8396 0.3811
8397 0.2737
8398 0.4779
8399 0.2630
8400 0.1987
8401 0.2957
8402 0.1549
8403 1.0704
8404 0.7804
8405 0.1941
8406 0.2967
8407 0.6961
8408 0.4825
8409 0.1475
8410 0.3944
8411 0.3661
8412 0.6709
8413 0.4168
8414 0.5700
8415 0.4714
8416 0.3953
8417 0.4038
8418 0.1617
8419 0.1268
8420 0.3182
8421 0.3792
8422 0.2026
8423 0.2090
8424 1.2722
8425 0.9211
8426 0.4441
8427 0.1928
8428 0.2731
8429 0.2593
8430 0.2659
8431 0.2243
8432 0.3712
8433 0.1860
8434 0.4659
8435 0.3852
8436 0.2657
8437 0.3404
8438 0.9113
8439 0.1477
8440 0.6236
8441 0.2810
8442 0.2547
8443 0.1616
8444 0.4163
8445 0.2763
8446 0.9702
8447 0.2299
8448 0.2209
8449 0.3284
8450 0.4381
8451 0.4798
8452 0.2928
8453 0.3975
8454 0.1405
8455 0.3912
8456 0.6367
8457 0.1212
8458 0.1293
8459 0.2067
8460 0.4410
8461 0.1530
8462 0.8395
8463 0.2372
8464 0.2111
8465 0.1434
8466 0.2509
8467 0.3345
8468 0.3241
8469 0.7041
8470 0.2464
8471 0.8037
8472 0.2719
8473 0.3489
8474 0.3450
8475 0.2690
8476 0.1789
8477 0.4079
8478 0.3693
8479 0.3340
8480 0.2229
8481 0.1734
8482 0.5401
8483 0.1525
8484 0.7927
8485 0.1289
8486 0.5340
8487 0.4127
8488 0.2429
8489 0.3656
8490 0.3558
8491 0.2178
8492 0.1958
8493 0.4131
8494 0.8230
8495 0.2628
8496 0.2243
8497 0.1920
8498 0.2946
8499 0.1688
8500 0.2935
8501 0.2242
8502 0.2524
8503 0.7146
8504 0.3171
8505 0.2326
8506 0.2556
8507 0.2608
8508 1.0597
8509 0.8024
8510 0.7801
8511 0.2949
8512 0.4335
8513 0.2676
8514 0.3700
8515 0.2194
8516 1.6893
8517 0.2952
8518 0.2471
8519 0.2465
8520 0.2736
8521 0.1959
8522 0.2814
8523 0.4888
8524   NaN
8525 0.2008
8526 0.2599
8527 0.3500
8528 1.4008
8529 0.2790
8530 0.1437
8531 0.2778
8532 0.3700
8533 0.2691
8534 0.2069
8535 0.3011
8536 0.2146
8537 0.1816
8538 2.2544
8539 0.8911
8540 0.5166
8541 0.2131
8542 0.2590
8543 0.3039
8544 0.6646
8545 0.4661
8546 0.3042
8547 0.2027
8548 0.1447
8549 0.2279
8550 0.4374
8551 0.2041
8552 0.2029
8553 0.1946
8554 0.1954
8555 0.1361
8556 0.1614
8557 0.2817
8558 0.6281
8559 0.1577
8560 0.3869
8561 0.3099
8562 0.6280
8563 0.1341
8564 1.0192
8565 0.3247
8566 0.2583
8567 0.6489
8568 1.0731
8569 0.2575
8570 0.7338
8571 0.2824
8572 0.1859
8573 0.7834
8574 2.2244
8575 0.2480
8576 0.1509
8577 0.2312
8578 0.1968
8579 0.3907
8580 0.1969
8581 1.0706
8582 1.0966
8583 0.3141
8584 0.4048
8585 0.4901
8586 1.4205
8587 0.1819
8588 0.7525
8589 0.3415
8590 0.1584
8591 0.6278
8592 0.5444
8593 1.4677
8594 0.2257
8595 0.4842
8596 0.2621
8597 0.4252
8598 0.1996
8599 0.1905
8600 0.3446
8601 0.1317
8602 0.2884
8603 0.2280
8604 0.3415
8605 0.3638
8606   NaN
8607 1.1095
8608 0.2552
8609 0.3528
8610 0.2453
8611 0.1771
8612 0.2773
8613 0.2999
8614 0.1464
8615 0.3360
8616 0.3158
8617 0.2252
8618 0.4931
8619 1.5361
8620 0.1786
8621 0.6748
8622 0.3632
8623 0.2276
8624 0.1422
8625 0.3646
8626 0.5665
8627 0.2049
8628 0.3490
8629 0.1946
8630 0.2164
8631 0.4091
8632 0.1822
8633 0.2473
8634 1.4491
8635 0.2499
8636 0.8643
8637 0.4282
8638 0.2763
8639 0.2480
8640 0.4992
8641 0.2701
8642 0.1713
8643 0.3517
8644 0.2111
8645 0.2848
8646 0.3466
8647 0.4806
8648 0.1851
8649 0.4124
8650 0.6021
8651 0.1672
8652 0.4620
8653 1.3041
8654 0.3552
8655 0.3301
8656 0.6707
8657 0.2289
8658 0.1646
8659 0.5035
8660 0.4338
8661 0.1647
8662 0.2020
8663 0.4423
8664 0.2069
8665 0.5607
8666 0.4253
8667 0.3704
8668 0.3019
8669 0.2745
8670 0.1987
8671 0.2240
8672 0.3167
8673 0.7694
8674 0.5878
8675 0.2725
8676 0.3552
8677 0.3782
8678 0.5150
8679 0.5603
8680 0.2509
8681 0.2674
8682 0.2736
8683 0.3063
8684 0.5363
8685 0.1596
8686 0.6024
8687 0.3695
8688   NaN
8689 0.6881
8690 0.2226
8691 0.3694
8692 0.1724
8693 0.4493
8694 0.9722
8695 0.3902
8696 0.3445
8697 0.3112
8698 0.5785
8699 0.4097
8700 0.2410
8701 1.7215
8702 0.1625
8703 0.3631
8704 0.1727
8705 0.1882
8706 0.3353
8707 1.3245
8708 0.5777
8709 0.1043
8710 0.1711
8711 0.3569
8712 0.8889
8713 0.3479
8714 0.2044
8715 0.3674
8716 0.6502
8717 0.5079
8718 0.6360
8719 0.1617
8720 0.4460
8721 0.3121
8722 0.2482
8723 0.5244
8724 0.2654
8725 0.3706
8726 0.3233
8727 0.5282
8728 0.4305
8729 0.9743
8730 0.4371
8731 0.1407
8732 0.2652
8733 0.2270
8734 0.3314
8735 0.2547
8736 0.2274
8737 0.4708
8738 0.4054
8739 1.6515
8740 1.5474
8741 0.1976
8742 0.2140
8743 0.4428
8744 0.5324
8745 0.2148
8746 1.8728
8747 0.3425
8748 1.5255
8749 0.3486
8750 0.3995
8751 0.2243
8752 0.2969
8753 0.3685
8754 0.7811
8755 0.2211
8756 0.7762
8757 0.5775
8758 0.2925
8759 0.4316
8760 0.2039
8761 0.2702
8762 0.1708
8763 0.4244
8764 0.2063
8765 0.3596
8766 0.5933
8767 0.3365
8768 0.6049
8769 0.2880
8770 0.3643
8771 0.2537
8772 0.2689
8773 0.3325
8774 0.7816
8775 0.3456
8776 0.7443
8777 0.5316
8778 0.6682
8779 0.3707
8780 0.9027
8781 0.1837
8782 0.2212
8783 0.5135
8784 0.1479
8785 0.5158
8786 0.2707
8787 0.1787
8788 0.3668
8789 1.1421
8790 0.1821
8791 0.3370
8792 0.2147
8793 1.1429
8794 0.3530
8795 0.6516
8796 0.1637
8797 0.1699
8798 0.3699
8799 0.4559
8800 0.2859
8801 0.1248
8802 0.3346
8803 0.3309
8804 0.1724
8805 0.3303
8806 0.2270
8807 0.2049
8808 0.3296
8809 0.2508
8810 0.5190
8811 0.3279
8812 0.3659
8813 0.4354
8814 0.1833
8815 0.4656
8816 1.1257
8817   NaN
8818 0.4322
8819 0.3870
8820 0.5157
8821 0.2399
8822 0.1814
8823 0.1898
8824 0.3941
8825 0.1781
8826 0.2307
8827 0.1291
8828 1.0272
8829 0.2431
8830 0.4934
8831 0.2213
8832 0.6277
8833 1.0961
8834 0.4253
8835 0.1690
8836 0.1367
8837 0.2279
8838 0.5967
8839 0.2796
8840 0.5611
8841 0.2462
8842 0.4281
8843 0.1737
8844 0.1718
8845 0.6408
8846 0.1633
8847 0.4638
8848 0.4481
8849 0.4097
8850 0.1585
8851 0.2497
8852 1.0055
8853 0.3068
8854 0.1643
8855 0.1459
8856 0.7944
8857 0.3758
8858 0.3168
8859 0.8538
8860 0.4073
8861 0.4496
8862 0.5331
8863 0.6544
8864 0.3140
8865 0.3251
8866 0.1773
8867 0.6783
8868 0.1204
8869 0.1950
8870 0.2491
8871 0.5783
8872 1.1885
8873 0.3698
8874 0.3519
8875 0.2573
8876 0.1491
8877 0.3102
8878 0.4117
8879 0.2918
8880 0.5319
8881 0.5728
8882 0.5935
8883 1.2395
8884 0.2552
8885 0.4440
8886 0.1785
8887 0.7401
8888 0.2266
8889 0.7521
8890 0.8815
8891 0.2886
8892 0.2343
8893 0.1993
8894 0.1805
8895 0.2109
8896 0.5086
8897 0.4372
8898 0.1644
8899 0.1711
8900 0.1687
8901 1.0062
8902 0.1602
8903 0.9124
8904 0.5517
8905 0.5591
8906 0.2439
8907 0.2445
8908 1.1756
8909 0.2648
8910 1.3995
8911 0.2070
8912 0.1843
8913 0.2992
8914 0.1589
8915 0.3169
8916 0.3918
8917 0.4311
8918 0.3350
8919 0.3864
8920 0.4135
8921 0.2395
8922 0.1713
8923 0.2298
8924 0.7793
8925 0.2707
8926 0.4066
8927 0.4580
8928 0.4250
8929 0.1311
8930 0.1883
8931 0.4134
8932 0.4165
8933 0.2819
8934 0.2463
8935 0.8944
8936 0.5449
8937 0.6868
8938 0.3603
8939 0.5763
8940 0.2985
8941 0.2226
8942 0.6115
8943 0.3397
8944 0.5131
8945 0.2201
8946 0.2083
8947 0.2372
8948 0.2741
8949 0.4613
8950 0.2609
8951 0.5148
8952 0.3041
8953 0.2462
8954 0.3367
8955 0.4161
8956 0.3312
8957 0.4686
8958 0.5686
8959 0.4563
8960 0.2160
8961 0.4229
8962 0.2106
8963 0.8398
8964 0.3306
8965 0.3366
8966 0.3141
8967 0.4127
8968 0.4371
8969 0.3105
8970 0.2636
8971 0.5645
8972 0.2971
8973 0.1852
8974 0.5817
8975 0.5875
8976 0.1792
8977 0.3796
8978 0.1116
8979 0.8201
8980 0.8307
8981 0.2178
8982 0.2492
8983 0.1290
8984 0.6056
8985 0.3591
8986 0.4090
8987 1.5231
8988 0.4183
8989 0.2469
8990 0.4607
8991 0.1345
8992 0.3320
8993 1.4474
8994 0.8439
8995 0.2077
8996 0.1648
8997 0.2980
8998 0.2484
8999 0.2062
9000 0.1818
9001 0.7243
9002 0.3069
9003 0.4184
9004 1.4219
9005 0.6935
9006 0.2805
9007 1.2664
9008 0.1833
9009 0.2129
9010 0.5043
9011 0.2993
9012 0.7310
9013 0.1385
9014 0.2092
9015 0.2949
9016 0.2543
9017 0.3247
9018 0.2423
9019 0.5724
9020 0.8351
9021 0.1864
9022 0.4247
9023 0.4256
9024 0.3238
9025 0.3531
9026 0.1924
9027 0.3854
9028 0.2821
9029 0.4382
9030 0.1181
9031 0.4426
9032 0.6236
9033 0.2301
9034 0.1684
9035 0.4404
9036 0.2019
9037 0.3410
9038 0.5195
9039 0.1934
9040 0.4820
9041 0.5999
9042 0.2587
9043 0.4424
9044 0.2401
9045 0.1837
9046 0.3521
9047 0.2234
9048 0.3601
9049 0.1960
9050 0.1410
9051 0.4506
9052 4.4905
9053 0.6170
9054 0.4901
9055 1.7111
9056 0.1584
9057 1.0410
9058 0.2954
9059 0.5895
9060 0.3754
9061 0.5186
9062 0.3372
9063 0.3053
9064 0.3770
9065 0.7325
9066 0.1141
9067 0.1942
9068 0.9850
9069 0.7739
9070 1.0525
9071 0.1262
9072   NaN
9073 0.5942
9074   NaN
9075 0.1572
9076 0.2128
9077 0.2181
9078 0.6002
9079 0.6038
9080 0.7380
9081 0.3990
9082 0.3324
9083 0.1504
9084 0.5082
9085 0.1536
9086 0.3787
9087 0.1761
9088 0.3005
9089 0.2743
9090 0.3728
9091 0.2989
9092 0.2376
9093 0.3229
9094 0.2744
9095 0.6388
9096 0.3269
9097 0.1431
9098 0.2479
9099 0.4166
9100 0.1319
9101 0.2627
9102 0.3209
9103 0.6525
9104 0.3272
9105 1.3265
9106 0.2872
9107 0.7460
9108 0.2467
9109 0.1869
9110 0.1529
9111 0.4652
9112 0.4515
9113 0.2391
9114 0.7912
9115 0.8217
9116 0.4134
9117 0.3532
9118 0.3831
9119 0.3279
9120 0.5296
9121 0.3201
9122 0.3319
9123 0.3865
9124 0.4856
9125 0.1507
9126 0.1986
9127 0.1660
9128 0.2362
9129 0.2187
9130 0.2485
9131 0.3235
9132 0.2320
9133 0.4909
9134 0.4237
9135 0.2341
9136 0.1998
9137 0.4221
9138 0.6466
9139 0.4212
9140 0.2487
9141 0.2202
9142 0.2460
9143 0.3777
9144 0.1329
9145 0.1591
9146 0.3590
9147 0.1358
9148 0.1685
9149 0.1693
9150 0.1306
9151 0.3671
9152 0.2737
9153 0.8300
9154 0.2182
9155 0.2112
9156 0.2909
9157 0.4041
9158 0.4487
9159 0.1373
9160 0.5194
9161 0.3117
9162 0.1663
9163 0.7578
9164 0.4071
9165 0.1921
9166 0.2296
9167 1.3048
9168 0.1964
9169 0.2526
9170 1.4364
9171 0.2132
9172 0.5794
9173 0.6940
9174 0.1390
9175 0.2998
9176 0.3351
9177 0.2018
9178 0.4554
9179 0.2687
9180 0.1537
9181 0.3439
9182 0.1409
9183 0.3542
9184 0.2092
9185 0.5550
9186 0.5650
9187 0.2179
9188 0.3867
9189 0.6604
9190 0.1446
9191 0.1675
9192 0.1483
9193 0.4103
9194 0.3381
9195 0.1377
9196 0.4282
9197 0.2178
9198 0.4361
9199 0.2947
9200 0.5935
9201 0.4263
9202 0.2196
9203 0.1286
9204 0.2214
9205 0.4035
9206 0.1852
9207 0.8830
9208 0.5327
9209 0.2438
9210 0.3571
9211 0.4122
9212 0.1203
9213 0.1623
9214 0.5371
9215 0.2834
9216 0.1824
9217 0.2019
9218 0.1911
9219 0.2004
9220 0.6356
9221 0.8154
9222 0.4952
9223 0.4491
9224 0.4099
9225 0.3004
9226 0.2184
9227 0.1970
9228 0.3787
9229 0.3668
9230 0.1582
9231 0.8442
9232 0.2329
9233 0.1519
9234 0.2119
9235 0.4298
9236 0.4023
9237 0.5929
9238 0.4828
9239 0.4099
9240 0.3051
9241 0.1781
9242 0.3209
9243 0.3041
9244 0.1599
9245 0.2900
9246 0.3200
9247 0.1770
9248 0.4693
9249 0.1888
9250 0.1896
9251 0.2333
9252 0.2118
9253 0.4233
9254 1.3314
9255 0.2767
9256 0.6634
9257 0.4698
9258 0.4343
9259 0.2658
9260 0.2174
9261 0.2811
9262 3.7619
9263 0.1903
9264 0.9752
9265 0.3596
9266 0.5742
9267 0.8617
9268 1.3890
9269 0.4126
9270 0.3542
9271 0.6552
9272 0.4414
9273 0.7432
9274 0.4447
9275 0.6477
9276 0.3310
9277 0.6127
9278 0.3775
9279 0.3590
9280 0.3658
9281 0.3554
9282 0.2365
9283 0.2866
9284 0.2273
9285 2.6899
9286 0.1914
9287 0.1743
9288 0.2874
9289 0.9904
9290 0.3088
9291 0.3105
9292 0.1368
9293 0.1486
9294 0.7065
9295 0.2424
9296 0.2470
9297 0.4091
9298 0.1151
9299 0.2586
9300 0.2379
9301 0.4081
9302 0.8678
9303 0.4105
9304 0.5840
9305 0.2276
9306 0.2612
9307 0.1755
9308 0.2730
9309 0.4006
9310 0.2504
9311 0.2247
9312 0.2505
9313 0.5668
9314 0.1582
9315 0.2508
9316 0.3926
9317 0.4196
9318 0.1981
9319 0.1970
9320 0.4430
9321 0.1213
9322 0.2097
9323 0.2197
9324 2.6229
9325 0.3331
9326 0.1917
9327 0.2553
9328 0.9567
9329 0.1951
9330 0.1614
9331 0.1547
9332 0.1898
9333 0.7547
9334 0.9888
9335 0.2267
9336 0.3700
9337 0.5844
9338 0.2806
9339 0.8518
9340 0.3841
9341 0.2748
9342 0.2738
9343 0.3929
9344 0.2209
9345 0.2633
9346 0.2682
9347 0.2429
9348 0.4460
9349 0.1585
9350 0.3254
9351 0.1782
9352 0.9409
9353 1.7167
9354 0.6781
9355 0.5479
9356 0.4758
9357 0.3013
9358 0.4256
9359 0.2744
9360 0.2115
9361 0.2173
9362 0.1677
9363 0.3329
9364 0.1671
9365 0.3399
9366 0.5198
9367 0.3313
9368 1.2716
9369 0.1469
9370 2.0070
9371 0.2365
9372 0.1877
9373 0.1928
9374 0.3568
9375 0.2106
9376 0.1905
9377 0.2558
9378 0.2186
9379 0.2744
9380 0.3000
9381 0.2946
9382 0.2732
9383 0.9848
9384 0.3030
9385 0.3107
9386 0.2414
9387 0.4154
9388 0.3032
9389 0.2468
9390 0.4128
9391 0.3700
9392 0.6339
9393 0.2363
9394 0.2893
9395 0.4600
9396 0.2845
9397 0.6873
9398 0.4512
9399 0.1318
9400 0.3983
9401 0.1858
9402 0.1627
9403 0.2300
9404 0.1427
9405 0.2134
9406 0.5312
9407 0.3457
9408 0.6083
9409 0.3797
9410 0.4836
9411 0.6259
9412 0.4089
9413 0.3234
9414 0.3877
9415 0.4539
9416 0.4395
9417 0.2267
9418 0.1915
9419 0.6474
9420 0.2517
9421 0.3032
9422 0.1931
9423 0.5919
9424 1.9807
9425 0.2475
9426 0.1889
9427 0.2526
9428 0.2306
9429 0.6069
9430 0.2866
9431 0.2649
9432 0.2590
9433 0.4395
9434 0.3344
9435 0.3677
9436 0.3977
9437 0.1560
9438 0.1883
9439 0.4353
9440 0.1740
9441 0.1791
9442 0.9167
9443 0.1591
9444 0.2342
9445 0.1537
9446 0.1827
9447 0.4467
9448 0.8099
9449 0.5003
9450 0.1582
9451 0.1456
9452 0.5356
9453 0.2146
9454 0.5401
9455 0.1304
9456 0.2709
9457 0.1479
9458 0.2570
9459 0.4220
9460 0.2070
9461 0.1564
9462 0.2656
9463 0.1996
9464 0.3513
9465 0.3435
9466 1.3018
9467 0.2991
9468 0.2615
9469 0.2645
9470 0.2175
9471 0.2615
9472 0.1738
9473 0.3134
9474 1.1897
9475 0.4380
9476 0.2399
9477 0.4362
9478 1.2683
9479 0.1706
9480 0.1443
9481 0.2212
9482 0.4452
9483 0.7546
9484 0.4091
9485 0.3908
9486 0.1571
9487 0.7513
9488 0.2438
9489 2.1611
9490 0.3880
9491 0.1726
9492 0.4600
9493 0.5433
9494 0.2203
9495 0.1579
9496 0.3339
9497 0.1722
9498 0.2215
9499 0.4856
9500 0.3997
9501 0.3151
9502 0.2631
9503 0.4231
9504 0.2068
9505 0.3017
9506 0.2634
9507 0.2931
9508 0.3871
9509 0.1228
9510 0.5412
9511 0.2947
9512 0.5046
9513 0.1656
9514 0.1969
9515 0.3156
9516 0.1751
9517 0.4351
9518 0.1913
9519 0.1542
9520 0.1130
9521 0.1058
9522 0.7381
9523 0.2145
9524 0.1146
9525 0.3783
9526 0.4950
9527 0.3089
9528 0.2526
9529 0.2572
9530 1.2112
9531 0.1280
9532 0.3838
9533 0.2872
9534 0.2058
9535 0.3169
9536 0.1755
9537 0.1898
9538 0.2946
9539 0.4360
9540 0.6508
9541 0.1971
9542 0.1811
9543 0.2203
9544 0.3551
9545 0.2278
9546 0.2200
9547 0.6929
9548 0.2289
9549 0.3706
9550 0.1378
9551 0.4472
9552 0.2968
9553 0.1873
9554 0.2183
9555 0.1663
9556 0.2902
9557 0.2432
9558   NaN
9559 0.2108
9560 0.3601
9561 2.3406
9562 0.2746
9563 0.3606
9564 0.3513
9565 0.1780
9566 0.5108
9567 0.1727
9568 1.1791
9569 0.2749
9570 0.5178
9571 0.1961
9572 0.2118
9573 0.3914
9574 0.4218
9575 0.4172
9576 0.4228
9577 0.2196
9578 0.3067
9579 0.1990
9580 0.1640
9581 0.4218
9582 0.2806
9583 0.3165
9584 0.1518
9585 0.6130
9586 0.2105
9587 0.3262
9588 0.2794
9589 0.1941
9590 0.1683
9591 0.2576
9592 1.3529
9593 0.2180
9594 0.2956
9595 0.1569
9596 0.3044
9597 0.8839
9598 0.1475
9599 1.0090
9600 0.5077
9601 0.1878
9602 0.2795
9603 0.3771
9604 0.2313
9605 0.3519
9606 0.1727
9607 0.3354
9608 0.2806
9609 0.5614
9610 0.1611
9611 0.2037
9612 0.3105
9613 0.4479
9614 0.3492
9615 0.4329
9616 0.4428
9617 0.1648
9618 0.2165
9619 0.7344
9620 0.6331
9621 0.7488
9622 0.2755
9623 0.2020
9624 0.4589
9625 0.1791
9626 0.2453
9627 0.2001
9628 0.1967
9629 0.2705
9630 2.9742
9631 0.1630
9632 1.6268
9633 0.2819
9634 0.4109
9635 0.3475
9636 0.3272
9637 0.1563
9638 0.3131
9639 0.2893
9640 0.2353
9641 1.8533
9642 1.6146
9643 1.1780
9644 0.1748
9645 0.5329
9646 0.1828
9647 0.1332
9648 0.4766
9649 0.6035
9650 0.4521
9651 0.3179
9652 0.1970
9653 1.0820
9654 0.6221
9655 0.4893
9656 1.2591
9657 0.2519
9658 0.4680
9659 0.2188
9660 0.3398
9661 0.2161
9662 0.2853
9663 0.3828
9664 0.1630
9665 0.1764
9666   NaN
9667 0.1958
9668 0.2901
9669 0.2913
9670 0.8116
9671 0.2143
9672 0.3606
9673 0.2510
9674 0.3051
9675 0.2353
9676 3.0327
9677 0.4794
9678 0.1219
9679 0.3425
9680 0.5123
9681 0.3134
9682 0.3495
9683 0.5087
9684 0.6066
9685 0.2969
9686 0.2201
9687 0.3015
9688 0.1923
9689 0.5075
9690 0.2595
9691 0.3979
9692 0.1549
9693 0.9031
9694 0.2153
9695 0.9035
9696 0.1454
9697 0.2754
9698 0.2875
9699 0.2324
9700 0.3712
9701 0.2210
9702 0.1919
9703 0.1958
9704 0.4394
9705 0.3689
9706 0.1620
9707 0.2763
9708 0.2913
9709 0.2607
9710 0.1388
9711 0.3628
9712 0.6870
9713 0.3118
9714 0.1776
9715 0.5754
9716 1.0215
9717 0.1318
9718 0.2623
9719 0.2071
9720 0.4394
9721 0.2855
9722 0.3197
9723 0.3330
9724 0.2201
9725 0.5399
9726 0.1110
9727 0.3177
9728 0.5759
9729 0.2257
9730 0.2850
9731 0.1139
9732 0.3280
9733 0.2613
9734 0.3445
9735 0.1756
9736 0.2281
9737 0.6351
9738 0.6925
9739 0.1554
9740 0.4181
9741 0.1626
9742 0.2866
9743 0.1649
9744 0.3166
9745 0.2526
9746 0.4188
9747 0.1853
9748 0.4056
9749 1.2647
9750 0.3250
9751 0.2130
9752 0.2130
9753 0.4304
9754 0.4303
9755 0.2388
9756 0.2770
9757 0.2448
9758 0.3018
9759 0.2548
9760 0.1925
9761 0.5878
9762 0.3736
9763 0.3167
9764 0.1775
9765 0.6808
9766 0.1195
9767 0.3705
9768 0.3734
9769 0.4559
9770 0.3232
9771 0.4342
9772 0.3543
9773 0.2293
9774 0.3780
9775 0.3572
9776 0.2082
9777 0.5318
9778 0.6292
9779 0.2970
9780 0.1535
9781 0.3283
9782 0.6189
9783 0.2319
9784 0.3953
9785 0.5514
9786 0.3732
9787 0.2162
9788 0.4342
9789 0.5736
9790 0.4954
9791 0.4198
9792 0.6333
9793 0.2222
9794 0.2456
9795 0.1488
9796 0.1615
9797 0.2655
9798 0.3984
9799 0.3460
9800 0.2209
9801 0.3143
9802 1.0952
9803 0.4534
9804 0.5001
9805 0.1440
9806 0.3002
9807 0.3603
9808 0.2710
9809 0.2530
9810 0.2452
9811 0.2602
9812 0.3784
9813 0.4362
9814 0.4763
9815 0.6149
9816 0.1413
9817 0.6085
9818 0.8919
9819 0.2664
9820 0.2284
9821 0.1739
9822 0.2427
9823 0.4523
9824 0.2031
9825 0.1245
9826 0.2883
9827 0.2048
9828 0.4133
9829 0.1909
9830 0.1687
9831 0.4012
9832 0.1926
9833 0.4208
9834 0.9493
9835 0.9096
9836 1.0709
9837 0.1290
9838 0.3643
9839 0.3466
9840 0.1547
9841 0.2066
9842 0.4794
9843 0.1565
9844 0.1676
9845 0.2934
9846 0.1861
9847 0.9475
9848 0.3583
9849 0.4172
9850 0.2542
9851 0.2302
9852 0.2079
9853 0.2065
9854 0.4118
9855 0.5306
9856 0.2269
9857 0.1759
9858 0.1850
9859 0.4020
9860 0.6196
9861 0.3766
9862 0.1947
9863 0.3581
9864 0.3214
9865 0.1209
9866 0.1754
9867 0.5461
9868 0.6269
9869 0.3463
9870 0.4430
9871 0.2578
9872 1.1942
9873 0.1969
9874 0.1546
9875 0.9881
9876 0.2573
9877 0.3123
9878 0.1455
9879 0.1767
9880 0.1516
9881 0.4239
9882 0.5246
9883 0.2674
9884 0.9122
9885 0.1586
9886 0.2066
9887 1.2061
9888 0.3273
9889 0.2140
9890 0.1670
9891 0.2455
9892 0.2199
9893 0.7035
9894 0.4642
9895 0.6918
9896 0.4124
9897 0.3184
9898 0.3944
9899 0.3028
9900 0.2222
9901 0.4159
9902 0.2688
9903 0.2379
9904 0.3479
9905 0.5794
9906 0.1989
9907 0.2550
9908 0.1973
9909 0.2777
9910 0.2742
9911 0.2778
9912 0.1783
9913 0.2190
9914 0.6742
9915 0.7720
9916 0.4788
9917 0.7091
9918 0.5980
9919 1.1142
9920 0.1767
9921 0.5565
9922 0.1276
9923 0.2594
9924 0.4473
9925 0.2019
9926 0.3244
9927 0.2666
9928 0.4542
9929 0.3194
9930 0.3743
9931 0.1417
9932 0.2068
9933 0.1550
9934 0.2146
9935 0.4181
9936 0.3288
9937 0.1465
9938 0.1764
9939 2.9757
9940 0.4306
9941 0.3330
9942 0.2724
9943 0.3746
9944 0.4126
9945 0.2859
9946 0.6850
9947 0.8947
9948 0.2166
9949 0.4647
9950 0.4057
9951 0.1563
9952 0.6277
9953 0.5688
9954 1.5296
9955 0.4168
9956 0.3015
9957 0.1531
9958 0.1596
9959 0.5196
9960 0.1697
9961 0.3633
9962 1.3085
9963 0.3574
9964 0.1697
9965 0.1983
9966 0.1604
9967 0.4745
9968 0.2261
9969 0.2369
9970 0.3441
9971 0.3782
9972 0.2103
9973 0.4365
9974 0.5409
9975 0.6154
9976 0.3395
9977 0.2472
9978 0.2195
9979 0.2268
9980 0.1964
9981 0.3712
9982 0.7619
9983 0.1383
9984 0.3760
9985 0.2090
9986 1.0135
9987 0.2623
9988 0.2821
9989 0.6303
9990 0.2446
9991 0.1802
9992 0.4460
9993 0.4493
9994 0.1711
9995 0.2929
9996 0.2624
9997 0.2361
9998 0.3831
9999 0.3339
10000 0.2130
