5001 16.4021
5002 6.6054
5003 2.2602
5004 0.4030
5005 11.0308
5006 27.9109
5007 1.5391
5008 6.2801
5009 8.4584
5010 7.8821
5011 54.7754
5012 18.1307
5013 4.1119
5014 12.3582
5015 7.0747
5016 66.8896
5017 2.0912
5018 4.4219
5019 5.3921
5020 0.7497
5021 14.9388
5022 22.7837
5023 12.3732
5024 5.8495
5025 21.4758
5026 12.9405
5027 5.2282
5028 1.5227
5029 1.1783
5030 3.4775
5031 7.2036
5032 13.8979
5033 2.7847
5034 33.1322
5035 1.7592
5036 1.7347
5037 16.2710
5038 4.4701
5039 17.0023
5040 2.5082
5041 13.8892
5042 2.2079
5043 20.0725
5044 17.5116
5045 12.2939
5046 16.2289
5047 15.6667
5048 32.4485
5049 2.4131
5050 16.3016
5051 0.3220
5052 1.7667
5053 16.4062
5054 4.5263
5055 16.1038
5056 1.9511
5057 60.0946
5058 0.3369
5059 7.0734
5060 19.0388
5061 2.0684
5062 33.9551
5063 1.7242
5064 36.8256
5065 61.0817
5066 1.3488
5067 19.4518
5068 65.7661
5069 2.1379
5070 60.2088
5071 10.4579
5072 30.3351
5073 8.4810
5074 17.1041
5075 19.9263
5076 1.8311
5077 0.9752
5078 4.7268
5079 9.4348
5080 41.1539
5081 2.3244
5082 11.7946
5083 5.2436
5084 26.4066
5085 10.0023
5086 2.6790
5087 5.6523
5088 23.2072
5089 12.1335
5090 12.1256
5091 2.9825
5092 0.5093
5093 2.8766
5094 1.5950
5095 3.7418
5096 7.0930
5097 12.3853
5098 3.5541
5099 13.3357
5100 6.8280
5101 28.8948
5102 3.4212
5103 57.2962
5104 8.3826
5105 13.4178
5106 4.5109
5107 20.9461
5108 20.9940
5109 4.5715
5110 5.0200
5111 87.9638
5112 28.2208
5113 1.7940
5114 14.3422
5115 53.8543
5116 20.2626
5117 0.1821
5118 19.8209
5119 6.2482
5120 12.4657
5121 8.6675
5122 5.3439
5123 0.7266
5124 5.5377
5125 44.4269
5126 26.8740
5127 14.2285
5128 5.4583
5129 1.4688
5130 3.7299
5131 4.7578
5132 15.7405
5133 4.7113
5134 8.1228
5135 39.6484
5136 1.9294
5137 39.8410
5138 14.1231
5139 13.4264
5140 16.9330
5141 3.2630
5142 11.2334
5143 16.6189
5144 7.5676
5145 14.7677
5146 17.1656
5147 5.1353
5148 9.4913
5149 6.5525
5150 14.5700
5151 11.9805
5152 18.3197
5153 0.1448
5154 24.1230
5155 7.6010
5156 5.9497
5157 12.5923
5158 7.4329
5159 25.2191
5160 9.3366
5161 15.5811
5162 9.2353
5163 2.4647
5164 2.6922
5165 1.9228
5166 10.0463
5167 2.4073
5168 5.8848
5169 5.5652
5170 3.5086
5171 7.0055
5172 10.1796
5173 17.7905
5174 25.4538
5175 2.4160
5176 21.1077
5177 15.3084
5178 31.5687
5179 7.4090
5180 9.4201
5181 13.4761
5182 9.5182
5183 20.7333
5184 1.1014
5185 2.9867
5186 5.5975
5187 32.0195
5188 21.5586
5189 16.9984
5190 22.6931
5191 3.4411
5192 3.8717
5193 2.8780
5194 13.0547
5195 15.9467
5196 9.2022
5197 31.9385
5198 12.6693
5199 8.2862
5200 1.9008
5201 6.0427
5202 20.1478
5203 27.6828
5204 17.8460
5205 4.1328
5206 5.8597
5207 4.6573
5208 9.0121
5209 2.8211
5210 5.5593
5211 0.7388
5212 12.3882
5213 16.4018
5214 7.0340
5215 15.2054
5216 4.7709
5217 10.4363
5218 13.7663
5219 8.8461
5220 0.8573
5221 2.1091
5222 8.7367
5223 16.6841
5224 28.4937
5225 5.2264
5226 28.8002
5227 4.4146
5228 24.2076
5229 15.6477
5230 5.3889
5231 73.0487
5232 12.9051
5233 9.3164
5234 12.2807
5235 0.8726
5236 17.8369
5237 3.3845
5238 24.9507
5239 5.9694
5240 3.9563
5241 10.0322
5242 47.5183
5243 23.9614
5244 13.6310
5245 5.6432
5246 12.4506
5247 32.4963
5248 7.6275
5249 1.6323
5250 44.6026
5251 31.3006
5252 17.8822
5253 8.1380
5254 2.3779
5255 5.7516
5256 25.6375
5257 8.1270
5258 13.8314
5259 11.7001
5260 13.5679
5261 18.8672
5262 2.1450
5263 25.6337
5264 6.7391
5265 7.9440
5266 19.2264
5267 15.6656
5268 2.0328
5269 19.6384
5270 48.6503
5271 9.8467
5272 19.2571
5273 25.2796
5274 5.1682
5275 6.4434
5276 64.4636
5277 2.1536
5278 17.4227
5279 31.1565
5280 3.2587
5281 0.4116
5282 4.1542
5283 9.2251
5284 1.0523
5285 14.6682
5286 26.3812
5287 6.3594
5288 11.4899
5289 59.4716
5290 47.6662
5291 11.1325
5292 0.5268
5293 21.5547
5294 52.9510
5295 6.7981
5296 13.4485
5297 4.0825
5298 4.3342
5299 1.8419
5300 2.2119
5301 4.2194
5302 15.1481
5303 21.8178
5304 5.1789
5305 20.6791
5306 0.9938
5307 41.4974
5308 53.0508
5309 17.6725
5310 3.8146
5311 42.6558
5312 10.2091
5313 10.1791
5314 19.1736
5315 3.3748
5316 5.9118
5317 2.7519
5318 25.2115
5319 13.6023
5320 10.7688
5321 11.4169
5322 4.3359
5323 3.1982
5324 1.6744
5325 6.2723
5326 12.1925
5327 17.4976
5328 1.9215
5329 7.0266
5330 29.0081
5331 4.7149
5332 4.8111
5333 2.3660
5334 32.9183
5335 12.5263
5336 3.7266
5337 8.1468
5338 39.0659
5339 44.6135
5340 10.1268
5341 3.1154
5342 10.9771
5343 22.6149
5344 9.0698
5345 25.7128
5346 10.9140
5347 14.6688
5348 5.4253
5349 30.0478
5350 10.1168
5351 14.2517
5352 1.5343
5353 4.1858
5354 28.9046
5355 11.2900
5356 17.8268
5357 7.5310
5358 5.5948
5359 4.5290
5360 2.7530
5361 6.4732
5362 5.8938
5363 24.9745
5364 64.7961
5365 0.3429
5366 17.1653
5367 22.6003
5368 3.9741
5369 7.3978
5370 3.2385
5371 4.1233
5372 25.4728
5373 5.7623
5374 1.5781
5375 28.4224
5376 10.5425
5377 4.4537
5378 21.8017
5379 1.2223
5380 16.6591
5381 0.7730
5382 4.9364
5383 14.1596
5384 0.6443
5385 4.0620
5386 1.2854
5387 23.9726
5388 12.3921
5389 12.3984
5390 20.7235
5391 7.6045
5392 14.8898
5393 4.2179
5394 39.5375
5395 13.5783
5396 0.5397
5397 3.9519
5398 48.6056
5399 1.2944
5400 3.1652
5401 9.5587
5402 4.9242
5403 19.2165
5404 66.8601
5405 28.0178
5406 14.6141
5407 10.5319
5408 67.3516
5409 2.4442
5410 5.4973
5411 8.2601
5412 0.8876
5413 15.5017
5414 1.7994
5415 26.0804
5416 11.2789
5417 25.1205
5418 4.6370
5419 1.0040
5420 8.5201
5421 8.8818
5422 12.4650
5423 15.1136
5424 77.3249
5425 51.8965
5426 1.4523
5427 19.2401
5428 4.1066
5429 12.6559
5430 9.0172
5431 17.1323
5432 7.7996
5433 13.4937
5434 4.7196
5435 3.0334
5436 2.8162
5437 10.1648
5438 44.8491
5439 47.0109
5440 19.9308
5441 8.4949
5442 2.2326
5443 13.8759
5444 21.9005
5445 4.8516
5446 3.0232
5447 9.8187
5448 5.4250
5449 6.0632
5450 15.1508
5451 2.2206
5452 4.2777
5453 4.1026
5454 10.0439
5455 61.3925
5456 7.4224
5457 9.4409
5458 47.1539
5459 4.4821
5460 0.6727
5461 17.6752
5462 0.5630
5463 0.8249
5464 2.6751
5465 35.5349
5466 28.4107
5467 3.4036
5468 12.6561
5469 8.7409
5470 6.7390
5471 14.3353
5472 10.2421
5473 7.6821
5474 2.2814
5475 2.9912
5476 8.0866
5477 0.9858
5478 43.9867
5479 4.8026
5480 4.9444
5481 5.0330
5482 14.1391
5483 41.7370
5484 23.4963
5485 16.8582
5486 45.6455
5487 1.7792
5488 50.1942
5489 6.3744
5490 11.6273
5491 2.0234
5492 11.7596
5493 4.9877
5494 16.3981
5495 47.5503
5496 14.9000
5497 37.2665
5498 16.8396
5499 7.3644
5500 11.3894
5501 7.9711
5502 2.4452
5503 7.3783
5504 3.3898
5505 16.8469
5506 3.2857
5507 29.5312
5508 17.5564
5509 3.7637
5510 4.2246
5511 11.2294
5512 7.3905
5513 19.8330
5514 2.4770
5515 21.5039
5516 0.2064
5517 6.1076
5518 15.2745
5519 12.8792
5520 21.4271
5521 2.9935
5522 43.8446
5523 15.9469
5524 19.0054
5525 5.7727
5526 6.0048
5527 5.6155
5528 13.3396
5529 8.6066
5530 4.0257
5531 2.8342
5532 9.0226
5533 17.8980
5534 63.2213
5535 2.6061
5536 6.0222
5537 4.7618
5538 10.6442
5539 6.3666
5540 6.6001
5541 55.7977
5542 1.3168
5543 3.8509
5544 34.7427
5545 82.5896
5546 21.9156
5547 24.3287
5548 1.6816
5549 14.2662
5550 3.3720
5551 24.0148
5552 5.5174
5553 2.8702
5554 6.1116
5555 8.5590
5556 9.6714
5557 5.4660
5558 0.7312
5559 11.4076
5560 6.5332
5561 47.5837
5562 6.4614
5563 8.8669
5564 4.2654
5565 9.1032
5566 4.8837
5567 8.8881
5568 3.6340
5569 2.2829
5570 6.0447
5571 3.7804
5572 17.6702
5573 9.2974
5574 54.5721
5575 9.0952
5576 23.9783
5577 46.6864
5578 5.1544
5579 5.1671
5580 7.7790
5581   NaN
5582 45.4107
5583 4.1223
5584 5.8717
5585 22.0612
5586 1.6920
5587 9.9995
5588 7.6821
5589 47.8557
5590 2.4127
5591 3.2520
5592 2.9900
5593 19.5950
5594 10.1749
5595 17.9115
5596 2.8294
5597 31.3026
5598 2.7256
5599 85.6063
5600 3.7911
5601 3.0889
5602 12.9162
5603 15.9952
5604 11.9637
5605 12.6202
5606 42.6410
5607 40.8360
5608 19.0350
5609 10.4076
5610 22.0171
5611 26.1017
5612 21.8363
5613 20.2623
5614 21.4055
5615 3.7328
5616 1.0307
5617 7.8117
5618 25.7347
5619 1.5819
5620 16.7954
5621 4.5110
5622 33.8418
5623 2.2470
5624 7.8041
5625 38.4870
5626 16.1729
5627 19.0122
5628 2.9855
5629 39.6934
5630 2.3458
5631 14.1371
5632 4.5524
5633 14.5016
5634 21.3922
5635 7.5220
5636 17.1243
5637 9.5498
5638 17.9344
5639 5.5292
5640 56.3650
5641 1.0395
5642 4.1101
5643 17.1018
5644 0.3218
5645 1.9269
5646 22.0239
5647 23.6631
5648 37.6465
5649 15.8255
5650 6.1991
5651 20.3208
5652 4.5267
5653 4.3218
5654 4.3038
5655 10.1503
5656 17.4336
5657 3.9746
5658 3.1878
5659 4.0979
5660 41.3941
5661 14.6971
5662 9.0689
5663 23.5883
5664 11.1277
5665 8.4891
5666 13.0683
5667 14.3819
5668 22.4756
5669 67.2793
5670 30.1255
5671 26.9577
5672 4.8747
5673 1.2691
5674 6.8892
5675 18.1470
5676 9.9522
5677 2.3056
5678 15.8534
5679 22.0776
5680 13.5452
5681 16.0042
5682 67.7066
5683 6.4054
5684 20.5758
5685 34.4950
5686 20.6590
5687 5.3799
5688 14.4798
5689 11.5445
5690 11.7964
5691 0.1909
5692 4.2653
5693 7.4115
5694 68.0193
5695 8.5674
5696 6.0868
5697 15.9174
5698 9.4749
5699 60.5832
5700   NaN
5701 78.0252
5702 1.9316
5703 0.9245
5704 22.0099
5705 7.8269
5706 6.9530
5707 6.5499
5708 10.6685
5709 13.9411
5710 31.2392
5711 4.4779
5712 5.3706
5713 6.4255
5714 4.9647
5715 41.4509
5716 16.1021
5717 42.5651
5718 14.1750
5719 1.2259
5720 12.6378
5721 30.5725
5722 7.5674
5723 10.1972
5724 3.2196
5725 8.2853
5726 1.3726
5727 11.6005
5728 7.3725
5729 1.2253
5730 38.2329
5731 50.4967
5732 21.5081
5733 16.6033
5734 1.9322
5735 11.0020
5736 43.1459
5737 10.0912
5738 2.5811
5739 10.7097
5740 22.5151
5741 20.0512
5742 14.5288
5743 2.1031
5744 5.8094
5745 9.8511
5746 16.7114
5747 3.4111
5748 30.8476
5749 5.9744
5750 0.3589
5751 11.2467
5752 4.1032
5753 3.5833
5754 3.0368
5755 0.4755
5756 14.9811
5757 2.9482
5758 7.0689
5759 3.2928
5760 8.8954
5761 64.1688
5762 1.6493
5763 9.1543
5764 4.3279
5765 16.1083
5766 9.5083
5767 16.9987
5768 20.4802
5769 25.9984
5770 3.7553
5771 2.6699
5772 6.3204
5773 6.4786
5774 7.0752
5775 7.2965
5776 17.0594
5777 0.1089
5778 22.6301
5779 0.4125
5780 1.0549
5781 12.0857
5782 19.1848
5783 26.7798
5784 16.9957
5785 12.8134
5786 23.8338
5787 5.0430
5788 13.6979
5789 9.1829
5790 68.4785
5791 22.6452
5792 13.8777
5793 11.0916
5794 13.5970
5795 38.8026
5796 8.7807
5797 3.8091
5798 17.9848
5799 4.8247
5800 23.8947
5801 9.6476
5802 65.4672
5803 13.9181
5804 50.9511
5805 22.5429
5806 28.3793
5807 6.6918
5808 1.0931
5809 2.6203
5810 15.3380
5811 3.2993
5812 1.0480
5813 18.7703
5814 1.3871
5815 4.7994
5816 4.8930
5817 14.0414
5818 9.0070
5819 2.8795
5820 2.2706
5821 11.4578
5822 0.9422
5823 8.7827
5824 13.7796
5825 2.7912
5826 3.7855
5827 6.3712
5828 20.9696
5829 2.8986
5830 19.6198
5831 41.8412
5832 35.4443
5833 16.8454
5834 71.9270
5835 5.7092
5836 4.3582
5837 8.5510
5838 8.3298
5839 26.9857
5840 1.9979
5841 0.7803
5842 6.8257
5843 6.8902
5844 3.5085
5845 1.6900
5846 1.9606
5847 1.4322
5848 14.7366
5849 6.3807
5850 2.5306
5851 5.9703
5852 17.2125
5853 2.5591
5854 5.2638
5855 13.2752
5856 12.2364
5857 9.0880
5858 1.5316
5859 3.8371
5860 30.3909
5861 5.0910
5862 12.4439
5863 7.0998
5864 15.0607
5865 2.6807
5866 5.0232
5867 19.9804
5868 12.5305
5869 1.4354
5870 4.3799
5871 1.0887
5872 4.0270
5873 11.1338
5874 3.0554
5875 9.9200
5876 9.2071
5877 6.1599
5878 12.0934
5879 18.5674
5880 1.6607
5881 9.9414
5882 15.9943
5883 5.3456
5884 0.9348
5885 3.9328
5886 10.3348
5887 4.5666
5888 45.4264
5889 17.3853
5890 5.0484
5891 14.4750
5892 2.2833
5893 2.8091
5894 13.4624
5895 19.3271
5896 29.5694
5897 4.0777
5898 6.9899
5899 1.7006
5900 15.5428
5901 9.3797
5902 35.2342
5903 6.9160
5904 3.2565
5905 51.5617
5906 21.9813
5907 15.2691
5908 24.2696
5909 6.9501
5910 1.5674
5911 3.3962
5912 8.9058
5913 10.3994
5914 17.7706
5915 10.7309
5916 2.2017
5917 12.4224
5918 23.9733
5919 19.3797
5920 1.3718
5921 8.1318
5922 0.7777
5923 4.3179
5924 2.6887
5925 0.5897
5926 10.7746
5927 17.5054
5928 2.9846
5929 36.3145
5930 0.7933
5931 1.8037
5932 18.6311
5933 5.5645
5934 4.5713
5935 11.1433
5936 0.3865
5937 4.5466
5938 12.8048
5939 24.2185
5940 1.6655
5941 14.1590
5942 6.4772
5943 19.4658
5944 54.6502
5945 35.8602
5946 23.3334
5947 13.5071
5948 22.4662
5949 2.7755
5950 4.9106
5951 18.3094
5952 9.8751
5953 1.7605
5954 3.5275
5955 21.8007
5956 9.9837
5957 18.2508
5958 3.1294
5959 9.6578
5960 3.1303
5961 20.5445
5962 15.5312
5963 21.0112
5964 19.3977
5965 0.2378
5966 13.8570
5967 1.4863
5968 7.2543
5969 5.9420
5970 52.8455
5971 2.8709
5972 3.4291
5973 19.8779
5974 1.0818
5975 10.2043
5976 1.9268
5977 89.3561
5978 3.1070
5979 10.7019
5980 18.7613
5981 18.6491
5982 52.4714
5983 21.9399
5984 4.4295
5985 16.4454
5986 19.7715
5987 2.2881
5988 15.8701
5989 1.9972
5990 2.9938
5991 12.9932
5992 37.1090
5993 1.8438
5994 3.8840
5995 6.4172
5996 26.8318
5997 1.0860
5998 11.9670
5999 0.6019
6000 1.5131
6001 34.6612
6002 26.1484
6003 3.6864
6004 1.3423
6005 21.0001
6006 3.6134
6007 53.3890
6008 9.5867
6009 25.5782
6010 19.9798
6011 10.5986
6012 26.0160
6013 4.7338
6014 54.8198
6015 22.5474
6016 0.3661
6017 7.6909
6018 34.7821
6019 24.7990
6020 43.2367
6021 22.1012
6022 0.7560
6023 3.8604
6024 4.7318
6025 7.9742
6026 8.0732
6027 23.9006
6028 10.3922
6029 27.5144
6030 38.5309
6031 47.7267
6032 3.4448
6033 1.3082
6034 12.6544
6035 3.7527
6036 19.2305
6037 7.6000
6038 4.3485
6039 12.8366
6040 29.3152
6041 14.9522
6042 8.8757
6043 21.2947
6044 0.4297
6045 8.3124
6046 3.7563
6047 1.2257
6048 8.2600
6049 2.9651
6050 0.3901
6051 3.2345
6052 46.9620
6053 1.1378
6054 1.5841
6055 3.0918
6056 15.6505
6057 3.5655
6058 2.9573
6059 5.1053
6060 35.7257
6061 42.3507
6062 0.5421
6063 11.0975
6064 4.9564
6065 1.4657
6066 18.2797
6067 1.6475
6068 5.8117
6069 3.4069
6070 5.3508
6071 5.3200
6072 4.3221
6073 9.4122
6074 3.5650
6075 2.5340
6076 5.4407
6077 2.9107
6078 7.3078
6079 7.8675
6080 6.9471
6081 11.6238
6082 5.6590
6083 8.4385
6084 48.5956
6085 1.3780
6086 7.7524
6087 4.1728
6088 16.9790
6089 5.2870
6090 10.0918
6091 2.4101
6092 16.0045
6093 7.0179
6094 17.5539
6095 4.5465
6096 3.2408
6097 3.3836
6098 2.2462
6099 17.9818
6100 2.1998
6101 12.0199
6102 0.8242
6103 19.2754
6104 25.1292
6105 18.7290
6106 19.4408
6107 10.6808
6108 13.4619
6109 9.0438
6110 20.5931
6111 4.4425
6112 6.6428
6113 1.5881
6114 5.1142
6115 7.0795
6116 33.0630
6117 15.3228
6118 20.2056
6119 24.9886
6120 3.4439
6121 3.5073
6122 59.6356
6123 65.8810
6124 17.1093
6125 68.3708
6126 17.7234
6127 2.2845
6128 16.5092
6129 16.7639
6130 15.4609
6131 6.7030
6132 4.1889
6133 31.5648
6134 31.6393
6135 7.7141
6136 10.6032
6137 2.6417
6138 23.4095
6139 9.6662
6140 37.8765
6141 3.7562
6142 7.4130
6143 11.2236
6144 23.2548
6145 9.2411
6146 3.0349
6147 24.0065
6148 8.4279
6149 5.8886
6150 2.7063
6151 6.8256
6152 8.0872
6153 32.9739
6154 8.3375
6155 14.4534
6156 8.6241
6157 13.3329
6158 1.0273
6159 55.8891
6160 0.9449
6161 0.8044
6162 15.3802
6163 26.0092
6164 4.8761
6165 14.6972
6166 6.9608
6167 11.0725
6168 18.6533
6169 16.1278
6170 8.7191
6171 20.0291
6172 20.4102
6173 2.8823
6174 13.0726
6175 12.4621
6176 2.1043
6177 1.5265
6178 9.8028
6179 3.7643
6180 7.3009
6181 0.7540
6182 0.3902
6183 9.0900
6184 3.8768
6185 9.0961
6186 19.2897
6187 4.8267
6188 5.0409
6189 4.2905
6190 0.8765
6191 9.4824
6192 10.4669
6193 23.5215
6194 26.7600
6195 22.5581
6196 20.1115
6197 13.3625
6198 12.0572
6199 2.1018
6200 17.0573
6201 4.6007
6202 7.0593
6203 21.3634
6204 1.0094
6205 2.2814
6206 13.4247
6207 7.9246
6208 3.9543
6209 29.4607
6210 5.2544
6211 23.5363
6212 16.4448
6213 22.7016
6214 7.9527
6215 1.0300
6216 20.8225
6217 18.4551
6218 14.4929
6219 26.4078
6220 5.9581
6221 10.0441
6222 25.0203
6223 11.1959
6224 14.7709
6225 6.5028
6226 3.3032
6227 7.9214
6228 54.5915
6229 17.6395
6230 4.7829
6231 52.6948
6232 18.8874
6233 19.9989
6234 20.2150
6235 11.3430
6236 3.8873
6237 13.0534
6238 13.2076
6239 9.9964
6240 3.7293
6241 45.2263
6242 1.0570
6243 5.4572
6244 25.2133
6245 7.2393
6246 11.1264
6247 0.9606
6248 5.9691
6249 3.8343
6250 11.8180
6251 12.2125
6252 3.6394
6253 20.5438
6254 1.5218
6255 2.0444
6256 5.9927
6257 11.1853
6258 39.6852
6259 1.5750
6260 36.0596
6261 13.1893
6262 22.8147
6263 7.9281
6264 14.2425
6265 11.6323
6266 6.3616
6267 4.4125
6268 18.4100
6269 4.4963
6270 8.0060
6271 20.9248
6272 36.6875
6273 3.7880
6274 66.2347
6275 48.4408
6276 12.4091
6277 3.3718
6278 35.7364
6279 7.3030
6280 17.3842
6281 1.4382
6282 27.1024
6283 1.8146
6284 1.7853
6285 1.1966
6286 41.8494
6287 8.1212
6288 55.0972
6289 6.1025
6290 30.9180
6291 10.7819
6292 1.6199
6293 10.1069
6294 20.4704
6295 1.9149
6296 17.8979
6297 8.0626
6298 31.7115
6299 1.8198
6300 9.5416
6301 21.8328
6302 29.3045
6303 14.7741
6304 6.4664
6305 5.1746
6306 19.3549
6307 5.0186
6308 4.8504
6309 3.8337
6310 45.4760
6311 5.1047
6312 8.9431
6313 15.2722
6314 17.9831
6315 3.5181
6316 6.8982
6317 9.4260
6318 39.8818
6319 19.3198
6320 12.3588
6321 21.0686
6322 4.1064
6323 75.7146
6324 13.7600
6325 21.4861
6326 1.8681
6327 4.4554
6328 3.3625
6329 2.5631
6330 16.4504
6331 32.0678
6332 2.9033
6333 2.8518
6334 29.7678
6335 8.6822
6336 12.0656
6337 17.0632
6338 1.8302
6339 26.2749
6340 6.5179
6341 29.1492
6342 16.4866
6343 11.5035
6344 71.6115
6345 25.7751
6346 17.0227
6347 35.2826
6348 1.1839
6349 21.9974
6350 10.8857
6351 55.7866
6352 2.5066
6353 3.1187
6354 1.6975
6355 10.9566
6356 19.9392
6357 3.0121
6358 25.2117
6359 1.2211
6360 14.9426
6361 33.2920
6362 33.6880
6363 12.6008
6364 39.1592
6365 18.9230
6366 14.8967
6367 6.7997
6368 28.5457
6369 3.7124
6370 44.9368
6371 6.4420
6372 19.7052
6373 9.9856
6374 6.5540
6375 3.1068
6376 16.0598
6377 1.0347
6378 13.3219
6379 5.5636
6380 38.0086
6381 33.7359
6382 11.8792
6383 4.3332
6384 18.2101
6385 19.3425
6386 16.9371
6387 16.5366
6388 14.3083
6389 5.2064
6390 2.9695
6391 56.3761
6392 0.2425
6393 22.8894
6394 0.7759
6395 8.1812
6396 3.2601
6397 1.4344
6398 3.8939
6399 52.1512
6400 20.9832
6401 18.0435
6402 15.1217
6403 47.1393
6404 0.7258
6405 3.9240
6406 3.3518
6407 3.3867
6408 29.2733
6409 68.2002
6410 10.7330
6411 19.3026
6412 15.7691
6413 9.0492
6414 2.3820
6415 11.6224
6416 8.8104
6417 36.1875
6418 58.2852
6419 7.5669
6420 8.6372
6421 2.2162
6422 34.6759
6423 3.4201
6424 0.7693
6425 0.2993
6426 16.3932
6427 3.7834
6428 3.7247
6429 14.5385
6430 10.7856
6431 18.4439
6432 4.2867
6433 15.0741
6434 1.5914
6435 5.0889
6436 1.8153
6437 37.9309
6438 7.4247
6439 2.5322
6440 0.9143
6441 2.0660
6442 16.6308
6443 20.6687
6444 9.6155
6445 4.4491
6446 6.9264
6447 9.8535
6448 12.8704
6449 31.3351
6450 11.2710
6451 0.3424
6452 7.4550
6453 2.0404
6454 1.5456
6455 6.3983
6456 17.9141
6457 29.0181
6458 46.4178
6459 29.6049
6460 13.0884
6461 16.8537
6462 6.6943
6463 1.3317
6464 23.0070
6465 11.6400
6466 15.0671
6467 10.6276
6468 18.9711
6469 21.0949
6470 20.6144
6471 22.1760
6472 26.6236
6473 12.8065
6474 7.0648
6475 34.7238
6476 2.0099
6477 10.0086
6478 6.6424
6479 14.5590
6480 4.1960
6481 12.4088
6482 11.9454
6483 5.0086
6484 4.3893
6485 2.2368
6486 58.8720
6487 11.4140
6488 2.7004
6489 64.2324
6490 13.7402
6491 0.9303
6492 2.9608
6493 1.7049
6494 16.6159
6495 2.4287
6496 6.3067
6497 7.4834
6498 11.7411
6499 2.1830
6500 1.6901
6501 9.3500
6502 12.6162
6503 8.7715
6504 22.4816
6505 35.0611
6506 2.9587
6507 7.1696
6508 2.6275
6509 11.3205
6510 7.1472
6511 8.3756
6512 7.2413
6513 30.7854
6514 32.8636
6515 20.4294
6516 11.8081
6517 25.4682
6518 30.4849
6519 25.8749
6520 14.8715
6521 4.3669
6522 6.8756
6523 1.8867
6524 42.5055
6525 21.2096
6526 0.6931
6527 3.5095
6528 6.4626
6529 38.5490
6530 29.1204
6531 12.5789
6532 21.9330
6533 4.8157
6534 6.6492
6535 16.6102
6536 4.5462
6537 4.7077
6538 7.1121
6539 48.3675
6540 23.0287
6541 16.0427
6542 4.3508
6543 2.9558
6544 12.7051
6545 4.6155
6546 1.4451
6547 19.1443
6548 3.7363
6549 24.3477
6550 51.8933
6551 0.1523
6552 8.5845
6553 13.0182
6554 3.0788
6555 11.7813
6556 15.0399
6557 5.5630
6558 16.3030
6559 7.6217
6560 7.0744
6561 18.7256
6562 11.5712
6563 4.3268
6564 15.1103
6565 3.5533
6566 0.3508
6567 25.5838
6568 16.6995
6569 28.1767
6570 1.1198
6571 10.6053
6572 5.8998
6573 7.7868
6574 31.7720
6575 10.2427
6576 9.3668
6577 3.2742
6578 0.2978
6579 0.8882
6580 16.9067
6581 10.4163
6582 14.0770
6583 8.8767
6584 19.1169
6585 2.3400
6586 65.5759
6587 2.4406
6588 2.5051
6589 3.4936
6590 2.1457
6591 24.3207
6592 37.5839
6593 6.3248
6594 2.7509
6595 20.2390
6596 1.7437
6597 21.5860
6598 15.2163
6599 41.5777
6600 35.8327
6601 5.5490
6602 15.7851
6603 3.0180
6604 14.6710
6605 5.8965
6606 38.9797
6607 19.4924
6608 0.1676
6609 11.8839
6610 35.3081
6611 12.6778
6612 1.1758
6613 9.5972
6614 3.3614
6615 21.6695
6616 3.2108
6617 25.8050
6618 11.7999
6619 24.2002
6620 14.7227
6621 14.0785
6622 8.6087
6623 1.5498
6624 8.6090
6625 3.9870
6626 53.0457
6627 10.6571
6628 5.6933
6629 5.9393
6630 22.0166
6631 13.5087
6632 1.2756
6633 6.3580
6634 3.2759
6635 27.1941
6636 10.1030
6637 13.7282
6638 39.1675
6639 1.5058
6640 49.5759
6641 2.4891
6642 74.9446
6643 36.1855
6644 6.5631
6645 8.6586
6646 18.9579
6647 5.9328
6648 12.1550
6649 17.3954
6650 4.1497
6651 13.9092
6652 1.2395
6653 6.9502
6654 64.4809
6655 16.2869
6656 18.5259
6657 6.2829
6658 4.2585
6659 40.9316
6660 17.7185
6661 13.9809
6662 10.2616
6663 22.8422
6664 22.5541
6665 22.2006
6666 0.8775
6667 0.2472
6668 6.8274
6669 30.2733
6670 1.6096
6671 25.5939
6672 2.6911
6673 6.1720
6674 20.7627
6675 13.6923
6676 18.7372
6677 48.6666
6678 9.6842
6679 1.3668
6680 1.2340
6681 13.4058
6682 20.7385
6683 50.8750
6684 22.3480
6685 2.7584
6686 11.7823
6687 13.1932
6688 0.8122
6689 45.2700
6690 1.5824
6691 10.5670
6692 0.2363
6693 3.7106
6694 3.9216
6695 14.2600
6696 16.4736
6697 10.1571
6698 19.6078
6699 15.4995
6700 15.7953
6701 5.0401
6702 26.1229
6703 9.4280
6704 22.0418
6705 1.8334
6706 13.8073
6707 2.1453
6708 0.4719
6709 6.7297
6710 1.7933
6711 1.3205
6712 0.6311
6713 2.5814
6714 58.6763
6715 1.3757
6716 15.4858
6717 1.5438
6718 12.1977
6719 1.6767
6720 6.7660
6721 6.9796
6722 21.7872
6723 8.6231
6724 5.7166
6725 17.4549
6726 17.9533
6727 8.7392
6728 3.5210
6729 6.2392
6730 3.7253
6731 0.9740
6732 41.1294
6733 8.4830
6734 21.2526
6735 79.1334
6736 11.4277
6737 7.8564
6738 9.0696
6739 29.2332
6740 5.7100
6741 11.8891
6742 7.5245
6743 10.3811
6744 1.6451
6745 12.8654
6746 77.1433
6747 1.4782
6748 18.9330
6749 5.8977
6750 20.0544
6751 20.2410
6752 4.5949
6753 3.4227
6754 17.9900
6755 40.9503
6756 7.3228
6757 7.7289
6758 1.2366
6759 14.1953
6760 21.7540
6761 5.3020
6762 10.2460
6763 5.9310
6764 4.5984
6765 10.5925
6766 43.4372
6767 10.3641
6768 31.2300
6769 1.9782
6770 9.3301
6771 12.6928
6772 17.3424
6773 10.6675
6774 13.0636
6775 6.8189
6776 25.1272
6777 8.9146
6778 26.9938
6779 11.5539
6780 13.1616
6781 12.6256
6782 19.3800
6783 5.7342
6784 1.7751
6785 2.9082
6786 8.6563
6787 11.2245
6788 13.0059
6789 4.8805
6790 7.6518
6791 27.7252
6792 4.8043
6793 8.3695
6794 8.7632
6795 18.8485
6796 17.8645
6797 4.3049
6798 12.9049
6799 18.4426
6800 5.9591
6801 6.1164
6802 13.1455
6803 5.8296
6804 7.6973
6805 4.1532
6806 8.5898
6807 7.5240
6808 2.1000
6809 11.1356
6810 11.1378
6811 5.1152
6812 1.0079
6813 4.7077
6814 8.4258
6815 14.1582
6816 1.5397
6817 46.6065
6818 32.6192
6819 2.1272
6820 6.3100
6821 16.9071
6822 4.7352
6823 26.3309
6824 9.9025
6825 19.0810
6826 9.1079
6827 10.8157
6828 19.3490
6829 11.8765
6830 12.0642
6831 8.9065
6832 9.6121
6833 10.1704
6834 5.7146
6835 2.1535
6836 13.9228
6837 29.3311
6838 17.5446
6839 0.6987
6840 19.0565
6841 11.1871
6842 3.7814
6843 12.8359
6844 7.5737
6845 42.3419
6846 4.6758
6847 2.6263
6848 6.7796
6849 7.9214
6850 22.4174
6851 2.0159
6852 47.2129
6853 0.9901
6854 6.3497
6855 10.4533
6856 23.1878
6857 4.0938
6858 27.2664
6859 2.8564
6860 2.7793
6861 1.1756
6862 8.6416
6863 5.6517
6864 15.5903
6865 2.3544
6866 20.9698
6867 54.7424
6868 14.7968
6869 4.2877
6870 4.7667
6871 15.0216
6872 25.8134
6873 3.1847
6874 14.0684
6875 22.5854
6876 14.8679
6877 21.8478
6878 12.5944
6879 2.4009
6880 11.3200
6881 14.7885
6882 24.4255
6883 1.7914
6884 12.7737
6885 2.2078
6886 1.2012
6887 1.7721
6888 21.5203
6889 97.6502
6890 7.6406
6891 23.6937
6892 13.5977
6893 7.1194
6894 4.5996
6895 34.3489
6896 23.0072
6897 4.3877
6898 17.2065
6899 22.1728
6900 2.4651
6901 15.9502
6902 4.3468
6903 7.4196
6904 9.8521
6905 64.5254
6906 3.1233
6907 4.6002
6908 26.9099
6909 3.3718
6910 15.8041
6911 1.2105
6912 2.6095
6913 25.0132
6914 4.4646
6915 12.3927
6916 19.3783
6917 15.6340
6918 23.5213
6919 9.6340
6920 11.9931
6921 13.4943
6922 27.6209
6923 4.1025
6924 20.7668
6925 8.2077
6926 16.9110
6927 4.5106
6928 21.9413
6929 2.7177
6930 17.4686
6931 23.9922
6932 2.6804
6933 25.1180
6934 1.2587
6935 56.3380
6936 2.8575
6937 11.0612
6938 20.0095
6939 1.3739
6940 14.3632
6941 15.3266
6942 7.7987
6943 34.6309
6944 3.3185
6945 23.2758
6946 22.3340
6947 17.2421
6948 20.9616
6949 6.0665
6950 60.0518
6951 0.7139
6952 4.3231
6953 6.9986
6954 0.2077
6955 2.9157
6956 3.9015
6957 3.3761
6958 8.2491
6959 32.9969
6960 18.2538
6961 5.4699
6962 7.4782
6963 3.2320
6964 9.8411
6965 38.1835
6966 6.6374
6967 32.4903
6968 4.9509
6969 2.0380
6970 4.4698
6971 12.0996
6972 1.1876
6973   NaN
6974 16.9394
6975 5.5992
6976 6.6209
6977 12.1875
6978 4.8614
6979 11.0539
6980 13.9425
6981 31.4099
6982 75.4913
6983 32.9924
6984 19.0407
6985 3.5899
6986 2.8640
6987 3.3104
6988 2.9413
6989 6.9105
6990 1.6141
6991 9.6198
6992 3.5769
6993 3.5137
6994 29.2596
6995 9.5301
6996 31.6960
6997 9.5317
6998 6.7727
6999 26.4791
7000 1.9562
7001 15.8802
7002 2.7712
7003 1.2720
7004 0.2410
7005 1.5440
7006 17.3002
7007 21.3678
7008 2.2642
7009 4.5931
7010 1.7319
7011 10.9753
7012 9.3744
7013 7.7872
7014 7.7181
7015 7.8256
7016 39.4462
7017 23.2489
7018 10.7032
7019 5.4966
7020 11.5755
7021 2.4703
7022 6.7637
7023 2.3639
7024 1.9990
7025 25.4030
7026 4.0432
7027 15.6231
7028 2.6652
7029 31.5119
7030 23.2549
7031 24.7333
7032 13.2607
7033 47.1035
7034 12.2506
7035 15.7649
7036 1.5245
7037 2.5665
7038 48.7874
7039 24.1284
7040 25.8651
7041 8.5832
7042 22.4128
7043 8.4515
7044 5.7841
7045 12.6141
7046 7.1562
7047 0.9091
7048 10.3018
7049 9.0084
7050 8.7107
7051 6.2695
7052 45.1449
7053 12.4492
7054 6.2117
7055 4.2335
7056 1.9816
7057 0.1663
7058 27.7576
7059 30.4796
7060 21.3319
7061 8.5095
7062 4.7133
7063 6.5114
7064 5.5216
7065 14.5301
7066 22.0563
7067 1.3365
7068 18.6462
7069 9.8777
7070 24.9449
7071 3.6831
7072 1.5700
7073 13.4404
7074 16.0067
7075 4.2447
7076 9.8321
7077 17.3422
7078 11.9775
7079 4.3516
7080 19.2528
7081 6.6576
7082 3.6541
7083 0.1711
7084 4.4837
7085 0.9337
7086 39.8116
7087 19.3398
7088 18.6201
7089 24.7262
7090 16.9819
7091 3.8828
7092 4.6188
7093 23.5079
7094 3.2224
7095 7.6910
7096 12.6260
7097 2.3412
7098 8.4674
7099 2.1525
7100 7.8564
7101 8.6267
7102 41.6716
7103 25.6048
7104 75.0735
7105 13.2071
7106 19.3816
7107 17.3348
7108 8.4394
7109 22.2683
7110 13.1155
7111 8.5118
7112 1.8222
7113 15.6266
7114 7.8932
7115 4.7226
7116 24.7022
7117 18.1948
7118 5.9371
7119 32.8811
7120 33.2584
7121 2.8473
7122 4.0379
7123 35.9194
7124 28.4063
7125 13.0769
7126 3.6070
7127 4.8467
7128 3.0257
7129 46.5885
7130 8.2787
7131 39.5560
7132 4.9713
7133 1.2481
7134 31.9729
7135 15.8269
7136 10.6883
7137 3.0535
7138 36.0227
7139 7.1901
7140 6.8231
7141 10.8501
7142 5.8340
7143 0.5674
7144 55.4095
7145 11.9784
7146 34.6377
7147 4.3330
7148 4.7351
7149 2.4754
7150 11.4930
7151 6.4763
7152 3.6625
7153 34.4278
7154 9.8900
7155 28.4987
7156 12.2621
7157 16.7039
7158 6.4265
7159 13.9262
7160 20.1012
7161 1.9795
7162 14.7677
7163 21.8980
7164 21.7102
7165 11.2765
7166 13.5229
7167 18.3567
7168 3.9666
7169 35.8964
7170 9.7152
7171 1.2263
7172 12.7479
7173 20.5579
7174 22.3029
7175 3.6651
7176 27.3309
7177 2.8574
7178 6.8188
7179 11.3671
7180 8.7521
7181 52.8297
7182 26.7738
7183 3.3431
7184 1.9269
7185 6.6648
7186 4.4256
7187 8.4797
7188 7.7496
7189 7.1868
7190 10.5354
7191 1.6235
7192 17.9357
7193 54.4516
7194 0.8667
7195 7.5663
7196 11.1516
7197 9.7875
7198 9.1020
7199 2.7093
7200 17.3718
7201 14.6922
7202 17.8939
7203 9.7892
7204 13.5735
7205 5.3809
7206 10.4556
7207 4.4941
7208 3.1611
7209 19.3505
7210 33.1319
7211 1.5161
7212 10.6684
7213 12.8400
7214 4.9389
7215 7.6614
7216 2.6261
7217 8.4661
7218 4.0626
7219 8.5195
7220 9.4204
7221 1.8108
7222 6.1572
7223 15.8857
7224 8.1037
7225 4.0285
7226 5.2662
7227 7.0543
7228 18.8184
7229 40.9331
7230 33.2386
7231 5.7716
7232 14.9211
7233 2.0894
7234 13.6063
7235 32.9161
7236 22.2484
7237 8.2182
7238 11.0430
7239 12.7709
7240 9.2554
7241 18.1702
7242 37.8421
7243 7.4254
7244 4.0643
7245 3.5530
7246 3.2857
7247 24.6277
7248 1.5229
7249 15.9844
7250 17.6126
7251 3.0397
7252 22.9080
7253 21.5684
7254 7.1402
7255 2.3759
7256 21.5536
7257 2.8449
7258 22.0491
7259 48.8510
7260 11.0217
7261 17.7327
7262 21.6237
7263 0.9840
7264 16.4768
7265 7.5348
7266 3.6955
7267 2.0425
7268 4.4921
7269 26.8344
7270 2.5752
7271 8.9108
7272 13.7591
7273 25.1955
7274 21.4699
7275 5.9581
7276 7.3706
7277 10.2634
7278 1.4285
7279 41.5597
7280 0.8712
7281 11.5370
7282 2.1937
7283 6.5370
7284 66.6762
7285 4.9932
7286 4.7470
7287 2.9558
7288 11.4547
7289 3.2551
7290 8.6888
7291 1.4589
7292 12.0508
7293 8.3288
7294 7.5006
7295 5.3217
7296 11.2034
7297 17.2819
7298 0.3636
7299 11.7485
7300 61.7372
7301 0.8356
7302 12.5686
7303 2.9227
7304 10.2000
7305 21.2664
7306 3.2504
7307 12.1362
7308 67.3689
7309 18.8293
7310 3.4495
7311 91.9204
7312 12.7895
7313 10.2656
7314 23.4022
7315 2.7184
7316 15.6543
7317 20.2938
7318 7.3446
7319 15.4240
7320 30.7023
7321 18.9642
7322 13.9886
7323 3.3625
7324 2.8015
7325 4.2910
7326 15.8523
7327 3.1430
7328 0.1480
7329 2.5866
7330 20.7175
7331 1.8633
7332 15.1752
7333 18.5918
7334 4.0410
7335 78.2118
7336 16.1057
7337   NaN
7338 10.0151
7339 7.5266
7340 35.4937
7341 11.7916
7342 15.6574
7343 0.3814
7344 2.3333
7345 4.6351
7346 7.3442
7347 3.2506
7348 10.5935
7349 9.1400
7350 7.0314
7351 22.4736
7352 10.3775
7353 1.3610
7354 10.2041
7355 6.1165
7356 15.3316
7357 20.5410
7358 6.8328
7359 11.6665
7360   NaN
7361 14.9917
7362 0.1637
7363 18.3633
7364 35.0605
7365 49.4481
7366 31.5571
7367 18.0962
7368 15.1720
7369 2.7862
7370 2.3372
7371 7.5919
7372 16.8721
7373 17.0706
7374 53.7578
7375 3.2210
7376 12.8486
7377 7.8732
7378 17.8918
7379 22.9725
7380 2.2682
7381 2.0864
7382 2.9454
7383 2.3980
7384 2.3877
7385 17.4667
7386 4.5320
7387 23.7138
7388 6.4097
7389 14.9052
7390 39.7246
7391 14.9937
7392 10.3513
7393 16.4799
7394 7.0089
7395 16.1299
7396 62.2835
7397 12.4115
7398 15.6318
7399 10.8142
7400 6.8689
7401 3.3627
7402 29.3121
7403 5.8734
7404 8.2109
7405 43.6894
7406 3.0249
7407 7.8515
7408 10.1827
7409 19.8793
7410 36.6616
7411 27.7638
7412 19.0190
7413 2.8986
7414 17.2959
7415 15.4176
7416 6.9606
7417 0.3794
7418 22.0778
7419 30.0363
7420 4.8717
7421 1.6471
7422 5.4813
7423 5.8186
7424 0.8781
7425 23.3630
7426 10.9821
7427 1.0724
7428 0.4185
7429 4.1815
7430 28.8206
7431 13.0534
7432 1.7681
7433 11.7613
7434 0.1165
7435 25.7677
7436 21.0793
7437 3.0688
7438 16.0102
7439 6.9367
7440 42.0094
7441 30.6416
7442 15.0986
7443 31.7731
7444 13.6038
7445 18.5311
7446 27.8857
7447 8.3969
7448 7.8278
7449 37.1373
7450 6.3461
7451 18.3408
7452 10.8865
7453 0.7260
7454 2.2484
7455 8.8058
7456 1.0439
7457 7.3896
7458 12.1725
7459 14.5590
7460 4.9071
7461 63.5617
7462 9.0934
7463 3.9652
7464 12.7553
7465 6.8047
7466 7.3744
7467 3.3636
7468 13.1170
7469 7.8688
7470 16.7071
7471 7.0396
7472 30.6379
7473 15.5538
7474 12.6282
7475 20.6325
7476 19.7912
7477 17.1030
7478 8.2534
7479 35.6449
7480 26.5536
7481 18.4313
7482 4.6182
7483 6.1530
7484 58.8503
7485 19.2177
7486 15.5352
7487 2.9480
7488 19.4929
7489 35.2262
7490 11.7242
7491 7.5336
7492 1.3969
7493 3.0222
7494 6.1238
7495 8.6988
7496 3.9258
7497 53.2919
7498 33.8634
7499 20.8185
7500 23.2559
