7501 13.9630
7502 8.5465
7503 11.3078
7504 14.4710
7505 4.2354
7506 9.1590
7507 10.2767
7508 2.4117
7509 6.1838
7510 23.0851
7511 1.3607
7512 9.4043
7513 11.6398
7514 9.1254
7515 19.4281
7516 5.1979
7517 11.4670
7518 36.4315
7519 19.1112
7520 17.5722
7521 25.2587
7522 20.6308
7523 24.1432
7524 8.0693
7525 11.2566
7526 26.5658
7527 3.0797
7528 6.7323
7529 3.0015
7530 7.0856
7531 14.0285
7532 25.7729
7533 13.3454
7534 11.8163
7535 3.4007
7536 7.7275
7537 21.1037
7538   NaN
7539 9.9669
7540 5.1022
7541 15.1339
7542 7.2110
7543 16.7563
7544 9.1891
7545 7.3500
7546 15.7239
7547 3.4928
7548 8.5590
7549   NaN
7550 5.5643
7551 6.4705
7552 6.0604
7553 39.1339
7554 12.3916
7555 3.1961
7556 39.9502
7557 31.3736
7558 5.2737
7559 36.0215
7560 18.1021
7561 21.3829
7562 31.8626
7563 10.1134
7564 21.5536
7565 4.4132
7566 20.4090
7567 7.5288
7568 8.0150
7569 10.7355
7570 32.8353
7571 20.7578
7572 34.0316
7573   NaN
7574 12.1148
7575 18.5986
7576 9.4723
7577 9.3684
7578 3.8683
7579 6.6691
7580 1.5059
7581 15.2987
7582 16.6464
7583 13.4718
7584 16.0556
7585 30.8736
7586 24.8517
7587 10.2001
7588   NaN
7589 7.1456
7590 10.8864
7591 18.6140
7592 6.2724
7593 22.0005
7594 11.2768
7595 3.2930
7596 15.2161
7597 30.5332
7598 15.2111
7599 5.9416
7600 27.2719
7601 14.1520
7602   NaN
7603 12.1248
7604 21.3728
7605 22.7787
7606 3.4631
7607 13.0250
7608 4.4048
7609 6.7087
7610 14.1167
7611 3.6614
7612 7.1757
7613   NaN
7614 45.0975
7615 34.7972
7616 22.7650
7617 20.6909
7618 39.8816
7619 3.9180
7620 30.1536
7621 4.4292
7622 13.3030
7623 27.9368
7624   NaN
7625 32.3211
7626 11.6173
7627 15.2113
7628 21.1628
7629 26.8881
7630 29.7062
7631   NaN
7632 15.3600
7633 6.1533
7634 15.5663
7635 7.1379
7636 3.8758
7637 11.7794
7638 7.1695
7639 6.3337
7640   NaN
7641 57.4167
7642 2.4485
7643 6.7326
7644 25.2767
7645 13.0236
7646 6.7520
7647 31.6138
7648 23.0231
7649 24.6300
7650 28.0129
7651   NaN
7652 12.7129
7653 6.1808
7654 14.4917
7655 4.1186
7656 14.8709
7657 22.7567
7658 15.3990
7659 19.6676
7660 11.8030
7661 9.0267
7662 9.9381
7663 16.2833
7664 4.9684
7665 19.1609
7666 5.1253
7667 16.4722
7668 8.2226
7669 20.1746
7670 17.4709
7671 25.3378
7672 8.2646
7673 20.0877
7674 31.6155
7675 9.1664
7676 28.9134
7677 2.4042
7678 37.1240
7679 7.4002
7680 46.9060
7681 23.8431
7682 6.8872
7683 19.0140
7684 23.7695
7685 13.5300
7686 42.1033
7687 18.1700
7688 11.1045
7689 32.7501
7690 39.7526
7691 11.8846
7692 19.6187
7693 33.4338
7694 16.8497
7695 18.7033
7696 16.7670
7697 14.3267
7698 7.6604
7699 60.7184
7700 41.2316
7701 8.3413
7702 1.1483
7703 5.0536
7704 3.4961
7705 13.6058
7706 20.3568
7707 32.8689
7708 19.4388
7709 10.6115
7710 17.6002
7711 9.1710
7712 5.9348
7713 11.8487
7714 15.5267
7715 21.2124
7716 3.0841
7717 12.1161
7718 8.2794
7719 34.4783
7720 33.9853
7721 7.8275
7722 5.9238
7723 20.8015
7724 22.7562
7725 15.8772
7726 79.9416
7727 6.9413
7728 12.7149
7729 16.2773
7730 16.1771
7731 48.5640
7732 22.3913
7733 8.9064
7734 13.4428
7735 5.2409
7736 1.2934
7737 5.5001
7738 13.6172
7739 23.6357
7740 7.2387
7741 13.8060
7742 14.0356
7743 31.0147
7744 19.0553
7745 13.5096
7746 45.7869
7747 24.5221
7748 4.4797
7749 45.2454
7750 2.9477
7751 11.6062
7752 40.3117
7753 7.8547
7754 7.7783
7755 6.5181
7756 10.9993
7757 10.0474
7758 9.8615
7759 13.9890
7760 20.8531
7761 13.5243
7762   NaN
7763 14.9389
7764 26.8636
7765 22.1556
7766 5.0718
7767 5.8052
7768 26.3894
7769 21.5726
7770 6.1121
7771 42.1739
7772 4.5235
7773 4.3380
7774 35.9937
7775 63.6231
7776 12.9604
7777 8.8431
7778 4.4479
7779 29.7573
7780 23.2941
7781 22.9669
7782 13.8129
7783 19.3053
7784 8.9869
7785 74.3583
7786 7.1498
7787 5.0444
7788 11.5510
7789 4.9689
7790 40.4591
7791 1.5937
7792 4.9974
7793 3.9012
7794 31.5836
7795 13.2755
7796 23.3817
7797 9.5370
7798 21.6861
7799 6.5076
7800 42.0304
7801 41.2511
7802 20.5384
7803 31.3728
7804 30.0099
7805 20.5409
7806 9.1858
7807 7.5584
7808 6.9224
7809 6.5796
7810 28.8183
7811 30.0766
7812 8.4955
7813 1.5988
7814 1.9026
7815 13.0894
7816 13.4989
7817 18.2940
7818 42.7749
7819 10.7013
7820 49.0237
7821 84.8391
7822 71.0820
7823 12.6402
7824 7.3249
7825 32.1799
7826 27.1438
7827 5.1189
7828 24.8263
7829 2.4133
7830 10.6741
7831 21.3381
7832 5.2684
7833 2.7674
7834 11.6552
7835 15.9999
7836 1.1467
7837 14.4517
7838 9.0597
7839 8.2957
7840 19.6552
7841 16.9936
7842 30.7943
7843 7.7517
7844   NaN
7845 20.6031
7846 14.0878
7847 12.7671
7848 13.3541
7849 5.4205
7850 8.0635
7851 4.5492
7852 38.0229
7853 3.2584
7854   NaN
7855 3.6803
7856 27.7495
7857 35.4232
7858 17.7693
7859 12.8448
7860 4.4261
7861 17.2910
7862 18.7640
7863 27.6149
7864 15.1542
7865 42.4159
7866 7.0715
7867   NaN
7868 4.9720
7869 26.3990
7870 29.3209
7871 21.3253
7872 20.7181
7873 11.1836
7874 10.1000
7875   NaN
7876 21.5065
7877 8.4990
7878   NaN
7879 22.3052
7880 24.2765
7881   NaN
7882 3.4453
7883 13.9361
7884 8.2940
7885 5.7103
7886 16.5846
7887 22.4659
7888 8.1919
7889 4.6589
7890 34.6662
7891 18.6746
7892 35.7227
7893   NaN
7894 23.4164
7895 15.7213
7896 18.1396
7897 8.5678
7898 37.0907
7899 11.7935
7900 30.1914
7901 26.0589
7902 32.9769
7903 15.8044
7904 5.3226
7905 12.5681
7906 19.2271
7907 4.0318
7908 20.1103
7909 25.9763
7910 10.2293
7911 54.0555
7912 6.4633
7913 2.0341
7914 7.9887
7915 14.2040
7916 20.9537
7917 9.3853
7918 6.6888
7919 6.9043
7920   NaN
7921 10.2875
7922 24.2672
7923 8.4951
7924 7.6122
7925 21.4767
7926 13.7389
7927 3.4849
7928 17.2353
7929 20.6720
7930 16.7100
7931 16.0382
7932 22.5657
7933 10.1549
7934 6.5716
7935 1.4136
7936 19.2497
7937 12.2999
7938 16.1100
7939 49.1266
7940 2.8566
7941 7.3602
7942 15.5294
7943 19.5188
7944 6.2287
7945 2.8819
7946 11.4492
7947 40.6099
7948 9.5640
7949 8.2357
7950 4.0222
7951 25.2610
7952 9.2201
7953 1.5941
7954 9.7157
7955 3.2808
7956   NaN
7957 6.5391
7958 6.7799
7959 8.2348
7960 4.2999
7961 9.4512
7962 7.5038
7963 3.6115
7964   NaN
7965 19.5621
7966 10.4716
7967 1.7180
7968 23.8832
7969   NaN
7970 15.1884
7971 8.4001
7972 16.4980
7973 10.5815
7974 2.5768
7975 38.7029
7976 9.7994
7977 11.9984
7978 5.2288
7979   NaN
7980 30.3556
7981 9.5683
7982 9.1191
7983 13.0822
7984 16.7925
7985 9.7930
7986 8.9638
7987 10.5011
7988 10.5762
7989 33.9115
7990 18.3720
7991 4.6025
7992 13.3098
7993 46.5249
7994 8.7009
7995 14.3754
7996 1.9029
7997 5.4926
7998 11.7919
7999 5.2322
8000 12.4612
8001 6.3366
8002 17.7527
8003 31.8854
8004 2.6062
8005 12.2795
8006 12.9782
8007 18.7214
8008 55.2279
8009 21.8033
8010 18.9172
8011 19.2212
8012 28.4971
8013 20.0596
8014 14.4211
8015 3.5363
8016 10.0697
8017 2.7463
8018 18.2143
8019 9.6746
8020 28.8377
8021 5.3497
8022 24.6348
8023 3.3776
8024 9.4375
8025 17.4283
8026 26.6253
8027 12.3659
8028 20.7819
8029 15.5167
8030 28.9015
8031 12.3454
8032 1.7912
8033 1.8409
8034 24.1797
8035 29.1991
8036 18.6834
8037 28.4982
8038 29.4802
8039 15.1768
8040 23.6999
8041 30.1513
8042 13.4797
8043 5.4347
8044 17.0228
8045 30.9455
8046 18.1448
8047 33.5188
8048 11.2283
8049 13.9308
8050 33.6021
8051 31.4293
8052 16.8066
8053 17.3324
8054 40.6854
8055 12.2610
8056 32.2394
8057 18.4761
8058 5.8266
8059 6.7780
8060 28.4737
8061 9.4408
8062   NaN
8063 26.2923
8064 23.3162
8065 8.2265
8066 1.3910
8067 20.4234
8068   NaN
8069 28.3871
8070   NaN
8071 6.6524
8072 19.0517
8073 7.3967
8074 8.4940
8075 21.5420
8076   NaN
8077 11.8518
8078 26.4189
8079 19.6719
8080 25.9786
8081 15.4860
8082 24.7206
8083   NaN
8084 17.9969
8085 26.2325
8086 5.6176
8087 8.1142
8088 2.4882
8089 15.2790
8090 7.6244
8091 2.6331
8092 20.8197
8093 5.5017
8094   NaN
8095 18.8609
8096 5.6102
8097 21.3294
8098 19.3864
8099 11.0653
8100 31.2586
8101 4.1304
8102 15.7348
8103 7.7594
8104 11.3554
8105 4.3454
8106 2.4213
8107 26.3899
8108 15.7265
8109 26.2455
8110 18.1844
8111 20.0574
8112 9.7187
8113 17.0220
8114 6.7966
8115 5.8308
8116 19.3454
8117 3.0430
8118 18.6905
8119 13.6941
8120 31.1182
8121 8.2975
8122 2.6829
8123 33.9127
8124   NaN
8125 3.9597
8126 17.7842
8127 9.1574
8128 31.5359
8129 6.5346
8130 18.9343
8131 31.3605
8132 25.0746
8133   NaN
8134 25.5941
8135 9.7343
8136 7.5199
8137 24.9782
8138 22.3535
8139 23.4371
8140 27.4125
8141 8.1577
8142 16.3518
8143 9.1130
8144 20.3970
8145 40.9097
8146 23.3919
8147 10.6559
8148 6.4986
8149 18.2367
8150 20.6939
8151 2.3570
8152 6.8100
8153 13.3013
8154 9.1999
8155 7.7181
8156 9.3269
8157 20.2693
8158 28.5703
8159 14.2261
8160 26.0210
8161 17.3227
8162 28.5751
8163 7.0427
8164 8.9795
8165 23.2974
8166 9.3381
8167 7.2616
8168 14.9892
8169 4.9870
8170 11.0610
8171 28.4187
8172 29.9157
8173 5.8703
8174   NaN
8175 8.3999
8176 6.5296
8177   NaN
8178 8.8808
8179 4.8317
8180   NaN
8181 28.3970
8182 4.5243
8183 17.3118
8184 10.2202
8185 28.7781
8186 32.3953
8187   NaN
8188 22.2408
8189 4.9289
8190 22.7009
8191 6.1351
8192 12.6371
8193 15.4839
8194 8.0883
8195 9.9119
8196 2.4394
8197 4.3157
8198 2.2962
8199 6.7793
8200 13.2955
8201 16.2823
8202 18.8230
8203 31.9829
8204 4.8898
8205 16.7049
8206 23.7263
8207 5.2916
8208 11.9039
8209 7.0379
8210 32.2185
8211 26.0296
8212 20.9016
8213 37.4280
8214 4.0890
8215 30.5333
8216 12.7811
8217 24.9160
8218 31.9807
8219 6.0120
8220 22.3588
8221 10.3770
8222 3.6440
8223 4.0335
8224 9.5150
8225 3.6249
8226 18.7495
8227 19.1557
8228   NaN
8229 17.8033
8230 20.8278
8231   NaN
8232 8.1930
8233   NaN
8234 10.0732
8235 9.3034
8236 40.3456
8237 22.9460
8238 7.2175
8239   NaN
8240 3.1214
8241 5.8840
8242 7.5292
8243 25.0876
8244 25.8694
8245 15.5699
8246 21.3677
8247 3.8114
8248 36.9746
8249 27.5736
8250 3.7134
8251 27.7000
8252 2.1266
8253 15.8749
8254   NaN
8255 17.5216
8256 5.6276
8257 3.8831
8258 11.6630
8259 20.0233
8260 37.4000
8261 18.6959
8262 9.1387
8263 6.2525
8264 26.9534
8265 19.3294
8266 12.7526
8267 44.1740
8268 10.7762
8269 19.7418
8270 32.2736
8271 10.8679
8272 19.2185
8273 14.3681
8274   NaN
8275 13.7210
8276 17.2797
8277 23.6320
8278 1.4576
8279 20.7958
8280 9.2710
8281 68.0474
8282   NaN
8283 25.1174
8284 14.0813
8285 64.7354
8286 4.5973
8287 46.3773
8288 15.1449
8289 20.9938
8290 15.4645
8291 16.6865
8292 0.7456
8293 11.3684
8294 41.3497
8295 8.5434
8296 31.8906
8297 19.1954
8298 30.3977
8299 31.6989
8300 16.5355
8301 16.7911
8302 6.2292
8303 14.0513
8304 19.5715
8305 20.7065
8306 20.6173
8307 37.2558
8308 26.1553
8309 24.7917
8310 22.0575
8311 12.0596
8312 23.7051
8313 8.2291
8314 23.0302
8315 12.3350
8316 22.0052
8317 13.9432
8318 39.2635
8319 62.5995
8320 19.5861
8321 11.9215
8322 20.7087
8323 6.6685
8324 14.8082
8325 30.1049
8326 30.6780
8327 11.3630
8328 24.0326
8329 4.2102
8330 13.7513
8331 11.0576
8332 19.0102
8333 3.6648
8334 3.2646
8335 13.0832
8336 18.9239
8337 17.8484
8338 1.5943
8339 11.2398
8340 27.2057
8341 5.6444
8342 27.8874
8343 18.1285
8344   NaN
8345 7.9391
8346 28.1837
8347 10.1115
8348 12.7911
8349 10.6506
8350 26.7059
8351 5.3943
8352 22.9129
8353   NaN
8354 23.6958
8355 35.3109
8356 35.0247
8357 26.3477
8358 3.3234
8359 17.7293
8360 24.5612
8361 27.2418
8362 5.5804
8363 2.1130
8364 17.5251
8365 7.4460
8366 6.1536
8367 6.4866
8368 15.8722
8369 10.5363
8370 6.9334
8371 22.2336
8372 12.8678
8373 21.7872
8374 19.9234
8375 29.9905
8376 27.8290
8377 12.5859
8378 17.5352
8379 14.8822
8380 35.8483
8381 25.5623
8382 4.1242
8383 23.5951
8384 14.1145
8385 5.2206
8386 28.6872
8387 25.4598
8388 11.7510
8389   NaN
8390 25.7522
8391 11.2839
8392 6.4604
8393 10.8590
8394 18.2802
8395 10.1574
8396 56.8126
8397 4.1277
8398 21.1976
8399 13.9271
8400 17.4308
8401 20.1666
8402 10.6820
8403 8.6407
8404 4.5992
8405 9.3516
8406 7.3156
8407 6.5556
8408 18.3615
8409 3.7276
8410 13.7459
8411 24.0031
8412 4.0486
8413 12.3991
8414 20.5000
8415 20.3757
8416 19.1143
8417 13.2183
8418 10.7433
8419 21.3819
8420 8.3683
8421 14.4729
8422 69.2120
8423 15.6424
8424   NaN
8425 2.2110
8426 7.2703
8427 16.5278
8428 26.2967
8429 23.5234
8430 12.7858
8431 15.1078
8432 34.3467
8433 14.6600
8434 14.6017
8435 59.6288
8436 4.7709
8437 15.0387
8438 5.7064
8439 68.9839
8440 13.1924
8441 19.3046
8442 8.9988
8443 6.1985
8444 2.4104
8445 11.2955
8446 17.8809
8447 12.2651
8448 13.5214
8449 19.7228
8450 20.9697
8451 5.6576
8452 12.7781
8453 26.1006
8454   NaN
8455 10.0060
8456 24.8989
8457 3.0689
8458 2.4308
8459 10.2610
8460 48.8414
8461 14.8179
8462   NaN
8463 5.3396
8464 0.9751
8465 15.1863
8466 10.5822
8467 16.0729
8468 57.2886
8469 4.0618
8470 21.4166
8471 6.7902
8472 14.6623
8473 19.1128
8474 23.3589
8475 12.7257
8476   NaN
8477 4.3012
8478 7.1026
8479 20.7631
8480 11.4199
8481 20.3029
8482 9.5082
8483 16.3769
8484 9.1727
8485 17.8510
8486 15.0287
8487 12.3415
8488 32.7122
8489 7.5623
8490 25.5526
8491 21.3699
8492 21.6260
8493 8.0503
8494 19.0735
8495 67.2429
8496 63.8250
8497 10.1681
8498 20.8899
8499 5.5628
8500   NaN
8501 27.0006
8502 1.2788
8503 49.0121
8504 34.1402
8505 2.9708
8506 12.8547
8507 38.2424
8508 10.0009
8509 20.5950
8510 14.6035
8511 22.6179
8512 21.1379
8513 36.3076
8514 50.7364
8515 2.1384
8516 50.0094
8517 42.1730
8518 7.1865
8519 9.3012
8520 32.4828
8521 22.3352
8522 13.6132
8523 16.3732
8524 19.0111
8525 11.2023
8526 13.5480
8527 11.9218
8528 1.7014
8529 62.9145
8530 46.7988
8531 10.8431
8532 8.3926
8533 8.0524
8534 28.6072
8535 21.7558
8536 8.3339
8537 17.5337
8538 2.0642
8539 15.0267
8540 10.7175
8541 27.1780
8542 20.7640
8543 9.7501
8544 17.4046
8545 38.5414
8546 17.2103
8547 54.5792
8548 36.8755
8549 16.6706
8550 23.5618
8551 6.1670
8552 17.9403
8553 7.1704
8554 27.7324
8555 16.1407
8556 9.9256
8557 3.8293
8558 35.2456
8559 19.2331
8560 28.8510
8561 21.1844
8562 18.9595
8563 8.4945
8564 22.5948
8565 25.1922
8566 9.4055
8567 10.3423
8568 6.9445
8569 11.3005
8570 23.8026
8571 25.4799
8572 23.0664
8573   NaN
8574 19.1425
8575 8.7466
8576 8.4934
8577 4.1513
8578 6.7534
8579 1.7926
8580 3.6665
8581 2.5655
8582 15.8356
8583 23.5877
8584 1.5642
8585 24.1190
8586 9.7590
8587 0.5974
8588 22.0241
8589 38.4305
8590 18.9368
8591 13.8385
8592 40.7686
8593 6.8195
8594 17.9789
8595   NaN
8596 8.7757
8597 4.8559
8598 17.2548
8599 8.7993
8600 22.8391
8601 8.7762
8602 7.0407
8603 15.2423
8604 5.6004
8605 2.8323
8606 2.6272
8607 22.5046
8608 13.0850
8609 35.5447
8610 11.5323
8611 7.8377
8612 20.5529
8613 6.6270
8614 14.6387
8615 7.0441
8616 12.7590
8617 1.6925
8618 5.5839
8619 8.0501
8620 5.7726
8621 2.0208
8622 2.0110
8623 4.6374
8624 7.6781
8625   NaN
8626 7.9364
8627 17.1507
8628 27.1585
8629 15.2752
8630 3.8572
8631 9.7756
8632 16.6045
8633 26.1843
8634 6.9804
8635 11.8678
8636 7.0854
8637 20.6511
8638 10.3035
8639 32.6736
8640 12.2930
8641 6.7275
8642   NaN
8643 9.0418
8644 3.5203
8645 13.1789
8646 21.6252
8647 15.7887
8648 7.8779
8649 16.0644
8650 2.0036
8651 1.1801
8652 24.4705
8653 9.7472
8654 12.9495
8655 31.2815
8656 8.3331
8657 11.4412
8658 20.6667
8659 67.1563
8660 1.6714
8661   NaN
8662 2.4110
8663 4.7132
8664 30.1476
8665 4.6634
8666 1.5105
8667 7.9421
8668 19.0793
8669 25.4639
8670 4.7388
8671 12.8335
8672 7.4859
8673 6.8133
8674   NaN
8675 17.8782
8676 27.9502
8677 30.1978
8678 18.8159
8679 20.4733
8680 17.3163
8681 5.3387
8682 10.5383
8683 8.3444
8684 20.8925
8685 13.2661
8686 9.1143
8687 5.3001
8688 5.5969
8689 7.9210
8690 20.2272
8691 40.8845
8692 20.5290
8693 6.1152
8694 11.3194
8695 7.2199
8696 10.4297
8697 13.8889
8698 48.9667
8699 9.5347
8700 5.7646
8701 1.2175
8702 6.6234
8703 6.5125
8704 12.1424
8705 23.3260
8706 36.9510
8707 43.8781
8708 20.3281
8709 24.7744
8710 20.1429
8711 2.0057
8712 545.7602
8713 17.8500
8714 17.2667
8715 8.7775
8716 10.7251
8717 4.4406
8718 15.9559
8719 18.0086
8720 24.6348
8721 24.5106
8722 11.9396
8723 18.6490
8724 33.8231
8725 4.9187
8726 10.3849
8727 5.4710
8728 6.3398
8729 21.1749
8730 13.1453
8731 17.6852
8732 6.4527
8733 7.0590
8734 21.2733
8735   NaN
8736 11.4887
8737 21.1634
8738 25.9097
8739 3.6261
8740 19.6561
8741 20.6734
8742 1.1698
8743 34.1966
8744 14.5684
8745 28.5546
8746 23.3111
8747 25.3934
8748 6.5546
8749 17.8319
8750   NaN
8751 11.5332
8752 2.5421
8753 25.7658
8754 6.1769
8755 6.2419
8756 26.3702
8757 11.3575
8758 22.0376
8759 4.8357
8760 30.1741
8761 22.2703
8762 30.1810
8763 3.5673
8764 20.6733
8765 14.8828
8766 6.5533
8767 17.4768
8768 16.7511
8769 11.7493
8770 28.0136
8771 2.8381
8772 3.6375
8773 22.4598
8774 24.0481
8775 24.2538
8776 9.2006
8777 12.7082
8778 11.0583
8779 4.7329
8780 13.3122
8781   NaN
8782 14.6438
8783 8.7315
8784 5.6247
8785 13.9950
8786 18.1174
8787 33.9985
8788 24.1530
8789 18.5161
8790 40.0984
8791 9.5221
8792 8.6496
8793 9.2551
8794 4.3383
8795   NaN
8796 12.9932
8797 1.6798
8798 22.8388
8799 29.9119
8800 13.8022
8801 2.3997
8802 19.5050
8803 18.5758
8804 25.1415
8805 37.0638
8806 36.0074
8807 6.0603
8808 33.9348
8809 78.9486
8810 14.6775
8811 37.7678
8812 48.7811
8813 18.2750
8814 4.4396
8815 4.3688
8816 28.1854
8817 7.8346
8818 10.2703
8819 24.6702
8820 8.1679
8821 20.7451
8822 20.3017
8823 13.0560
8824 27.3486
8825 25.2265
8826 6.7013
8827 26.8781
8828 4.5896
8829 21.3407
8830 7.3679
8831 18.0338
8832 16.3430
8833 33.1594
8834 2.0689
8835 15.6429
8836 31.6241
8837 8.9110
8838 2.9111
8839 11.3544
8840 10.8322
8841 28.6742
8842   NaN
8843 10.8600
8844   NaN
8845 2.6331
8846 15.4718
8847 17.5289
8848 18.0652
8849 6.3159
8850 16.4482
8851 10.7396
8852 10.1819
8853 21.0332
8854 24.7879
8855 2.1912
8856 28.2865
8857 11.0945
8858 18.2385
8859 44.1618
8860 6.2551
8861 20.4804
8862 29.5236
8863 1.6019
8864 4.1330
8865 7.0047
8866 14.4347
8867 9.5178
8868 18.4852
8869 9.4527
8870 25.9379
8871 16.4168
8872   NaN
8873 9.5003
8874   NaN
8875 18.8038
8876 25.5006
8877 7.7754
8878   NaN
8879 8.4232
8880 7.2131
8881 14.7412
8882 23.8366
8883 1.0096
8884 20.3347
8885 21.7282
8886 49.3008
8887 32.1003
8888 10.5839
8889   NaN
8890 30.7125
8891 31.6396
8892 4.6470
8893 8.7836
8894 33.1530
8895 27.8909
8896 13.6724
8897 4.1655
8898 6.1887
8899 19.8218
8900 15.6111
8901 38.5808
8902 22.9364
8903 2.1477
8904 1.8114
8905 3.1418
8906 26.1793
8907 41.2925
8908 18.7324
8909 11.9586
8910 9.8468
8911 18.8410
8912 6.7741
8913 20.1934
8914 4.7563
8915 26.4274
8916 3.6990
8917 7.7379
8918 6.2336
8919 8.2590
8920 18.5579
8921 21.0935
8922 10.9858
8923 9.8517
8924 22.6812
8925 32.7212
8926 5.0824
8927 8.0131
8928 26.1461
8929 11.5831
8930 7.2257
8931 3.5869
8932 6.3751
8933   NaN
8934 24.9475
8935 19.0669
8936 28.7921
8937 40.2938
8938 17.8736
8939 2.3836
8940 8.9758
8941 10.9781
8942 46.0010
8943 35.6886
8944 7.0529
8945 15.7918
8946   NaN
8947 50.0426
8948 34.3883
8949 11.2015
8950 16.6899
8951 9.3690
8952   NaN
8953 26.2215
8954 8.9322
8955 20.5724
8956 40.2474
8957 22.4755
8958 8.5308
8959 28.7087
8960 18.7451
8961 8.4943
8962 10.7077
8963 24.7743
8964 25.8018
8965 18.9032
8966 11.0545
8967 4.1331
8968 16.8073
8969 3.7487
8970 33.4783
8971 5.8383
8972 2.6692
8973 41.5638
8974 16.3790
8975 5.8165
8976 14.0846
8977 23.2570
8978   NaN
8979 18.0179
8980 8.0816
8981 29.5213
8982 17.1221
8983 9.6441
8984 16.7521
8985   NaN
8986 10.2003
8987 13.6783
8988 4.2575
8989   NaN
8990 9.9548
8991 19.9183
8992 21.8466
8993 27.2421
8994 33.7041
8995 0.8200
8996 18.2437
8997 15.5846
8998 22.3090
8999 22.6869
9000 8.5395
9001 42.2082
9002 34.5733
9003 6.8662
9004 7.6071
9005 36.4747
9006 13.3795
9007 14.3965
9008 10.3325
9009 27.7213
9010 11.0558
9011 21.3307
9012 50.5559
9013 5.3414
9014 19.7108
9015 13.0242
9016 29.1671
9017 17.4025
9018 26.9178
9019   NaN
9020 16.4799
9021 6.1938
9022 16.6729
9023 43.3241
9024 8.4294
9025 3.0265
9026 32.9309
9027 27.9463
9028 14.5364
9029 3.4666
9030 1.6309
9031 7.9206
9032 31.2292
9033 28.5775
9034 24.5811
9035 16.8329
9036 13.1082
9037 27.7036
9038 20.9149
9039 5.1999
9040 11.9430
9041 19.8860
9042   NaN
9043 18.4319
9044 21.2422
9045 41.5927
9046 3.5758
9047 22.6357
9048 12.1754
9049 23.0675
9050 36.9631
9051 9.9106
9052 8.7768
9053 42.2583
9054 26.9159
9055   NaN
9056 22.9067
9057 2.6067
9058 11.1661
9059 22.2928
9060 6.9190
9061 33.9717
9062 18.8041
9063 37.0769
9064 8.8601
9065 18.7128
9066 17.6131
9067 39.1219
9068 16.4820
9069 21.4941
9070 16.7013
9071 4.4307
9072 0.3719
9073 24.3518
9074 15.5162
9075 3.2260
9076 9.0262
9077 10.9674
9078 25.9181
9079 15.9285
9080 18.4070
9081 12.8500
9082 10.7679
9083 10.6142
9084 4.4227
9085 22.9591
9086 15.8507
9087 19.2599
9088 14.9407
9089 15.2914
9090 16.5952
9091 23.8653
9092 8.2788
9093 16.2928
9094 8.1367
9095 18.4650
9096 24.2820
9097 10.7175
9098 19.0533
9099 30.9798
9100 12.3076
9101 20.5089
9102 51.2733
9103 33.5801
9104 23.1575
9105 9.2587
9106 8.3018
9107 16.3522
9108 31.2948
9109 18.5652
9110 20.3406
9111 33.8655
9112   NaN
9113 30.2317
9114 8.3281
9115 8.8635
9116 21.9487
9117 12.5945
9118 7.5894
9119 19.9715
9120 15.9931
9121 27.8226
9122 6.4488
9123 8.7286
9124 4.7733
9125 11.1362
9126 45.4793
9127 3.2474
9128 27.6885
9129 21.6436
9130 3.2287
9131 9.8086
9132 22.8037
9133 2.9032
9134 1.9099
9135 11.9490
9136 32.3194
9137 9.7522
9138 16.7639
9139 3.1208
9140 7.2751
9141 2.6212
9142 29.5874
9143 16.7285
9144 21.6128
9145 27.4344
9146 3.7298
9147 19.8204
9148 18.0151
9149 29.0761
9150 573.0446
9151 5.2847
9152   NaN
9153 10.2844
9154 20.2969
9155 4.5939
9156 12.1135
9157 4.4036
9158 27.8920
9159 42.2214
9160 22.0560
9161 11.3089
9162 7.4872
9163 5.7565
9164   NaN
9165   NaN
9166 21.7947
9167   NaN
9168 8.2463
9169 24.4023
9170   NaN
9171 31.0110
9172 11.9629
9173 14.9789
9174 25.0997
9175 4.1145
9176 15.1740
9177 6.0549
9178 21.2626
9179 9.3837
9180 7.5612
9181 49.7569
9182 28.7976
9183   NaN
9184 10.8281
9185 16.0972
9186 24.1124
9187 17.1700
9188 0.7915
9189 14.1215
9190 5.0129
9191   NaN
9192 36.3360
9193 3.0472
9194 18.7718
9195 8.6462
9196 21.8995
9197 21.6382
9198 26.2878
9199 13.3059
9200 9.8461
9201 13.6303
9202 2.6457
9203 35.1230
9204 5.4334
9205 20.2595
9206 26.8846
9207 16.0381
9208 15.0430
9209 35.1353
9210 52.9774
9211 22.5270
9212 31.1342
9213   NaN
9214 21.0380
9215 6.5848
9216 17.0500
9217 27.8504
9218 10.1996
9219 25.2185
9220 3.9227
9221 22.1885
9222 6.5273
9223 14.9802
9224 1.7496
9225 5.8214
9226 7.1748
9227   NaN
9228 5.2416
9229 25.6935
9230 26.5812
9231 16.9317
9232 4.3536
9233 20.9875
9234 31.4621
9235 8.1519
9236 16.0630
9237 9.2980
9238 8.7369
9239 5.4146
9240 7.6932
9241 8.5261
9242 8.0411
9243 7.4650
9244 14.6508
9245 23.0719
9246 52.4389
9247 11.7740
9248 14.0305
9249 32.2091
9250 7.1190
9251 34.8369
9252 67.0278
9253 29.6193
9254 27.5560
9255 37.2128
9256 11.2488
9257 20.5108
9258 35.3974
9259 17.2510
9260 8.2994
9261 14.1492
9262 6.4397
9263 24.6801
9264 7.7257
9265 45.9114
9266 7.8227
9267 4.8629
9268 6.5280
9269 12.5042
9270 16.4734
9271 6.1814
9272 29.2375
9273 7.5524
9274 25.4208
9275 20.1421
9276 14.5391
9277 18.6341
9278 22.0669
9279 24.5765
9280 27.6508
9281 14.5552
9282 8.4012
9283 14.5182
9284 14.8598
9285 12.8967
9286   NaN
9287 34.2012
9288 29.7683
9289 18.5875
9290 8.4353
9291 7.0667
9292 8.6107
9293 30.3132
9294 27.3456
9295 27.7146
9296 21.9298
9297 20.8114
9298 2.0279
9299 4.5681
9300 12.9874
9301 8.4082
9302 5.4994
9303 20.5393
9304 5.5781
9305 30.8909
9306   NaN
9307 46.9566
9308 31.7514
9309 7.8726
9310 18.6010
9311 23.9772
9312 25.9625
9313 10.1283
9314 38.3404
9315 22.9249
9316 5.5722
9317 9.2160
9318 21.2695
9319 27.3677
9320 37.6394
9321 3.0268
9322 26.9612
9323 12.3273
9324 12.0200
9325 33.5040
9326 15.8046
9327 9.6001
9328 7.3484
9329 18.8605
9330 22.1653
9331 38.5658
9332 57.7361
9333 17.8317
9334 56.9505
9335 4.5660
9336 16.5546
9337 23.9062
9338 16.1828
9339 12.2399
9340 25.3562
9341 16.8628
9342 31.9654
9343   NaN
9344 20.8425
9345 1.3178
9346 9.7484
9347 4.6662
9348 14.5073
9349 28.3760
9350 8.4548
9351 6.8183
9352 5.3187
9353 7.6180
9354 16.3509
9355 11.0590
9356 11.5575
9357 14.0271
9358 14.6733
9359   NaN
9360 19.1270
9361 8.0507
9362 10.1022
9363 11.1346
9364   NaN
9365 7.7412
9366 17.5182
9367 25.9289
9368 23.0810
9369 5.7682
9370 1.5791
9371 29.3997
9372 4.0104
9373 28.2271
9374 28.6990
9375 9.5643
9376 29.3781
9377 25.8886
9378 22.3241
9379 20.9474
9380 1.6553
9381 23.0811
9382 24.4539
9383 4.8777
9384 11.3998
9385 4.5861
9386 12.5219
9387 16.0393
9388 7.4672
9389 13.3374
9390 16.6621
9391 23.8817
9392 2.6019
9393 29.9992
9394 1.9710
9395 5.2672
9396 15.1490
9397 11.2250
9398 26.3810
9399 20.0724
9400 18.4077
9401 20.7225
9402 5.5448
9403 22.3545
9404 22.7030
9405 12.7205
9406 27.6303
9407 21.4229
9408 14.4930
9409 22.0693
9410 17.3271
9411 51.6344
9412 17.5861
9413 15.0760
9414 9.7047
9415 9.6407
9416 25.5140
9417 23.5250
9418 12.8242
9419 1.8076
9420 5.5152
9421 14.3287
9422 28.0465
9423   NaN
9424 18.2727
9425 12.7153
9426 24.8720
9427 5.6768
9428 8.8018
9429 19.3497
9430 11.5401
9431 5.4496
9432 39.7052
9433 27.1375
9434 4.8890
9435 18.9355
9436 13.4194
9437 25.9564
9438 11.9382
9439 6.0582
9440 14.8666
9441 12.9156
9442 8.6235
9443 20.6660
9444 3.1861
9445 8.7715
9446 4.0584
9447 3.4784
9448 4.6511
9449 9.6491
9450 3.5051
9451 1.5780
9452 11.4353
9453 11.9111
9454   NaN
9455 5.6598
9456 12.2074
9457 10.5448
9458 6.1755
9459 19.1532
9460 22.2433
9461 35.5262
9462 8.7589
9463 25.7829
9464 48.5111
9465 47.5831
9466 51.7840
9467 32.9964
9468 16.2425
9469 17.1165
9470 20.9743
9471 17.4802
9472 14.0318
9473 11.0943
9474 17.6984
9475 4.8920
9476 5.0357
9477 25.1450
9478 2.1779
9479 2.7678
9480 16.9143
9481 14.8463
9482 21.8678
9483 3.5674
9484 4.2496
9485 57.3522
9486 22.0647
9487 6.4619
9488 2.3745
9489 3.9953
9490   NaN
9491 14.3567
9492 25.2155
9493 27.6455
9494 13.1431
9495   NaN
9496 25.7646
9497 24.8214
9498 7.0907
9499 26.7713
9500 8.0944
9501 10.2415
9502 37.0809
9503 17.8562
9504 10.2745
9505 2.4454
9506 1.5488
9507 13.8476
9508 28.2232
9509 23.6641
9510 4.2445
9511 9.7935
9512 10.8886
9513 22.4214
9514 18.1700
9515 8.7768
9516 8.3488
9517 13.7390
9518 16.2137
9519 17.4826
9520 15.3353
9521 9.6551
9522 3.0399
9523 40.3998
9524 17.2288
9525 26.2125
9526 14.2941
9527   NaN
9528 42.1703
9529 24.0549
9530 5.9566
9531 21.6733
9532 8.1980
9533 6.6088
9534 11.3120
9535 25.1737
9536 3.0760
9537 5.1112
9538 1.5286
9539 40.1049
9540 5.7699
9541 28.3963
9542 18.3374
9543 6.9210
9544 13.8822
9545 9.2525
9546 2.2856
9547 26.0356
9548 1.7027
9549 17.4086
9550 2.9827
9551 3.9256
9552 24.5435
9553 22.2026
9554 5.8633
9555 15.0372
9556 8.6861
9557 19.5588
9558 19.5754
9559 5.1938
9560 31.9114
9561 7.8361
9562 22.7633
9563 11.1038
9564 11.2438
9565 48.3747
9566 16.1188
9567 27.1895
9568 19.1765
9569 11.4443
9570 14.3757
9571 4.3523
9572 24.5503
9573 6.5874
9574 15.6178
9575 9.6987
9576 34.8924
9577 23.6832
9578 13.3497
9579 24.4951
9580 17.1070
9581 15.2321
9582 4.3035
9583 3.0236
9584 13.7629
9585 14.2500
9586 27.5473
9587 29.6145
9588 3.2791
9589 4.5434
9590 1.6915
9591 31.3327
9592 11.1789
9593 12.8060
9594 59.1566
9595 8.4892
9596 16.9856
9597 40.5613
9598 12.2025
9599 19.3979
9600 11.9335
9601 10.0293
9602 22.7290
9603   NaN
9604 22.2778
9605 22.8819
9606 11.9516
9607 25.4033
9608 30.5055
9609 12.5792
9610 75.2529
9611 19.3555
9612 3.3123
9613 18.8789
9614 3.9666
9615 46.9764
9616 5.1622
9617 11.1450
9618   NaN
9619 22.7057
9620 9.3660
9621 5.6544
9622 5.9813
9623 5.3666
9624 3.5552
9625 26.6797
9626 21.3584
9627 8.8662
9628 6.4933
9629 3.9061
9630 26.6993
9631 12.8934
9632 2.5158
9633 35.6728
9634 13.1913
9635 11.5516
9636 3.6339
9637 23.1526
9638 8.1771
9639 7.9324
9640 18.2731
9641 7.9299
9642 8.1377
9643 17.6856
9644 1.8660
9645 20.9921
9646 5.2022
9647 12.8794
9648 16.4011
9649 23.7055
9650 2.1862
9651 9.3156
9652 31.0310
9653 5.7766
9654   NaN
9655 9.1768
9656 11.3738
9657 10.1427
9658 19.9325
9659 10.8347
9660 12.1213
9661 12.7745
9662 46.1200
9663 28.1249
9664 39.0552
9665 29.0907
9666 15.7570
9667 12.1373
9668 1.1608
9669 16.6772
9670 24.1269
9671 29.9581
9672 4.4371
9673 6.0652
9674 5.2570
9675 43.3139
9676 5.0878
9677 18.9904
9678 6.7331
9679 23.3439
9680 15.7102
9681 19.5441
9682 12.3869
9683 31.8847
9684 10.6741
9685 9.6392
9686 42.0060
9687 26.8302
9688 16.9716
9689   NaN
9690 36.2770
9691 14.8332
9692 8.1903
9693 7.1409
9694 21.2339
9695 29.5697
9696 26.2728
9697 22.8833
9698 7.2983
9699 9.2561
9700 23.8456
9701 6.8476
9702   NaN
9703 22.1524
9704   NaN
9705 10.6730
9706 15.9303
9707 61.1284
9708 3.5628
9709 20.8165
9710 58.9275
9711 65.4877
9712 24.8809
9713 23.2783
9714 4.6118
9715 17.8572
9716 13.6296
9717 6.1361
9718 14.0227
9719 28.6405
9720 18.2054
9721 5.1342
9722 1.3015
9723 11.4195
9724 18.8269
9725 44.5747
9726 21.5219
9727 18.2563
9728 8.9333
9729 21.6475
9730   NaN
9731 25.2487
9732 31.9207
9733 22.9777
9734 9.9603
9735 4.2622
9736 37.8883
9737 1.2120
9738 26.7079
9739 7.4023
9740 28.3682
9741 29.6077
9742 12.2770
9743 11.9661
9744 5.4727
9745 4.8082
9746   NaN
9747 27.4188
9748   NaN
9749 10.3575
9750 12.1903
9751 11.9626
9752 2.9799
9753 55.9100
9754 20.1019
9755 10.6526
9756 20.5916
9757 20.4504
9758 5.2657
9759 5.6456
9760 8.8158
9761 18.9288
9762 30.8397
9763 2.4611
9764 14.1327
9765 4.4943
9766 22.4419
9767 10.1073
9768 14.0613
9769 3.2703
9770 31.7795
9771 23.7848
9772 8.5152
9773 15.4554
9774 43.4652
9775 10.4113
9776 24.5038
9777 10.2360
9778   NaN
9779 29.6590
9780 22.7607
9781 21.1714
9782 19.0637
9783 1.3933
9784   NaN
9785 4.5399
9786 26.3822
9787   NaN
9788 5.5939
9789 16.5889
9790 6.5959
9791 11.9636
9792 3.8021
9793 6.5527
9794 17.3522
9795 20.0388
9796 1.2718
9797 15.2245
9798 15.6351
9799 15.4597
9800 8.2121
9801 6.2759
9802 7.9444
9803 3.6471
9804 20.9156
9805 8.8758
9806 11.8461
9807 38.0685
9808 20.7722
9809 0.2742
9810 25.8213
9811 46.5844
9812 6.7083
9813   NaN
9814 31.3244
9815 11.9812
9816 5.3157
9817 17.1092
9818 3.1207
9819 5.4417
9820 17.4572
9821 14.2359
9822 17.1495
9823 42.7732
9824 10.0254
9825 27.7537
9826 25.1040
9827 23.9087
9828 36.0345
9829 43.2384
9830 4.2420
9831 22.8957
9832 6.3333
9833 63.9466
9834 7.4982
9835 14.1586
9836 7.6893
9837 14.7409
9838 51.5617
9839 28.5747
9840 18.9822
9841 15.3999
9842 4.4755
9843 8.7821
9844 16.0667
9845 4.4820
9846 14.5935
9847 6.7879
9848 18.7736
9849 3.2704
9850 5.6155
9851 38.2656
9852 24.4409
9853 7.0538
9854 28.6140
9855 18.0419
9856 24.0718
9857 67.2532
9858 26.1789
9859 27.0290
9860 16.6196
9861 1.9095
9862 16.8679
9863 10.3863
9864 4.3453
9865 11.2681
9866 8.8620
9867 24.3571
9868 18.3888
9869 36.1101
9870 20.9371
9871 28.2819
9872 14.3182
9873 21.7103
9874 7.5389
9875 4.1588
9876 19.8313
9877 10.1858
9878 9.2801
9879 17.7576
9880 11.6391
9881 7.3189
9882 16.0278
9883 6.4508
9884 33.1164
9885 28.6876
9886 5.8470
9887   NaN
9888 17.6622
9889 6.4082
9890 11.7767
9891 8.1168
9892 20.4806
9893 7.9800
9894 16.0871
9895 6.3516
9896 14.5804
9897   NaN
9898 12.7969
9899 3.1579
9900 20.2077
9901 10.5693
9902 3.0681
9903 10.0412
9904 15.1312
9905 5.1134
9906 33.4381
9907 2.2241
9908 5.9060
9909 4.8305
9910 23.0014
9911 12.7171
9912 5.3967
9913 11.6685
9914 16.5112
9915 17.7527
9916 6.1045
9917 8.1143
9918 12.5514
9919 14.0847
9920 4.1405
9921 13.9539
9922 11.5929
9923 2.7661
9924   NaN
9925 31.6635
9926 22.1068
9927 34.2946
9928 18.3625
9929 25.2193
9930 25.5435
9931 5.6553
9932 45.2247
9933 7.1687
9934   NaN
9935 13.2159
9936 3.8066
9937 11.7619
9938 7.4963
9939   NaN
9940 5.7249
9941 21.1926
9942 14.2693
9943   NaN
9944 33.7842
9945 9.4317
9946 55.5719
9947 10.6946
9948 15.1541
9949 33.4460
9950 19.1974
9951 21.3025
9952 10.6149
9953   NaN
9954 1.3682
9955 5.4597
9956 21.4733
9957 11.7322
9958 22.7066
9959 12.9124
9960 4.6518
9961 6.9691
9962 20.6832
9963 12.4607
9964 34.6724
9965 28.4306
9966 10.7913
9967 34.6288
9968 43.8537
9969 7.9178
9970 23.6689
9971 18.8453
9972 21.0201
9973 5.6068
9974 26.9616
9975 2.1390
9976 5.8680
9977 10.3639
9978 4.0574
9979 7.6114
9980 8.7738
9981 50.7433
9982 15.9878
9983 6.6851
9984 3.0282
9985 2.9537
9986 50.5287
9987 32.5867
9988 19.6516
9989 7.0953
9990 9.3150
9991 51.8861
9992 32.3080
9993 2.6890
9994 51.9942
9995 18.0094
9996 5.5123
9997 4.7382
9998 6.4864
9999 4.3425
10000 26.8170
