   1 16.2252
   2 17.9961
   3 30.8692
   4 17.9778
   5 1.8897
   6 6.6580
   7 19.9859
   8 12.5239
   9 37.1641
  10 7.2349
  11 16.7447
  12 18.0468
  13 17.3533
  14 47.2502
  15 9.5827
  16 6.0873
  17 34.5637
  18 16.6955
  19 18.1180
  20 16.1161
  21 9.5756
  22 2.0017
  23 48.7066
  24 37.3043
  25 16.6204
  26 4.3467
  27 7.8852
  28 14.9209
  29 23.1972
  30 71.1799
  31 6.8059
  32 12.9030
  33 33.3988
  34 11.3754
  35 31.1357
  36 4.3898
  37 5.2517
  38 7.8427
  39   NaN
  40 15.2724
  41 24.4975
  42 8.7510
  43   NaN
  44 11.4624
  45 31.8159
  46   NaN
  47 23.8437
  48 5.5962
  49 25.2758
  50 9.3662
  51 10.9018
  52 15.0369
  53 19.4294
  54 18.8938
  55 5.3398
  56 20.2156
  57 35.8258
  58 8.2450
  59   NaN
  60 23.8703
  61 9.7773
  62 32.6559
  63 19.8152
  64 3.1929
  65 2.6014
  66 33.5530
  67 9.6502
  68 22.3556
  69 14.6459
  70 5.8894
  71 18.2288
  72 8.2191
  73 26.3470
  74 0.8186
  75 11.3182
  76 2.4483
  77 16.4364
  78 29.7315
  79 5.4087
  80 12.8244
  81 24.0578
  82 24.6570
  83 24.0253
  84 3.8226
  85 27.8286
  86 4.6582
  87 6.9353
  88 21.4751
  89 29.4912
  90 23.8838
  91 21.3077
  92 2.8883
  93   NaN
  94 18.0518
  95 8.7087
  96 17.6537
  97 16.7146
  98 34.9011
  99 20.7354
 100 26.5752
 101 29.0111
 102 45.6583
 103 13.0480
 104 27.8992
 105 27.4414
 106 16.1284
 107 7.0191
 108 30.6585
 109 37.3338
 110   NaN
 111 27.8909
 112 14.1098
 113 16.0210
 114 35.6756
 115 26.6646
 116 15.2589
 117 6.6855
 118 17.5177
 119 11.5961
 120 11.2711
 121 5.3717
 122 10.3044
 123 19.0943
 124 23.6631
 125 19.9952
 126 36.7748
 127 2.2347
 128 13.5407
 129 38.4688
 130 16.0775
 131 20.0729
 132 38.3389
 133   NaN
 134 41.0318
 135 2.2998
 136   NaN
 137 3.6288
 138   NaN
 139 2.2291
 140 17.5088
 141 7.0103
 142 4.0852
 143 5.3696
 144 17.5257
 145 21.2376
 146 9.8355
 147 13.5133
 148 2.5382
 149 22.4825
 150 11.2936
 151 13.8939
 152 5.8043
 153 8.8638
 154 6.4732
 155 9.4065
 156 61.1646
 157 59.5116
 158 8.3747
 159 29.4283
 160 16.3208
 161 23.0526
 162 33.7111
 163 3.0654
 164 2.5405
 165 20.9760
 166 7.6585
 167 14.8876
 168 71.6909
 169 19.9088
 170 8.4157
 171 5.5377
 172 7.3848
 173 17.4491
 174   NaN
 175 3.7620
 176 16.4960
 177 53.4941
 178 35.0990
 179 3.6655
 180 12.3938
 181 8.5022
 182 9.3100
 183   NaN
 184 6.8580
 185 6.2696
 186 24.8396
 187 7.3457
 188 5.8666
 189 8.0466
 190 19.3075
 191 17.3293
 192 9.0258
 193 4.6479
 194 31.0070
 195 32.1309
 196 27.1945
 197 12.0913
 198 8.1008
 199 3.7289
 200 25.3017
 201 4.0240
 202 2.8440
 203 29.0003
 204 49.1928
 205 18.2750
 206 28.2237
 207 4.7861
 208 8.6267
 209 34.1034
 210 15.6776
 211 11.2085
 212 18.3890
 213 19.0251
 214 15.6963
 215 45.2129
 216 27.4696
 217 1.9807
 218 19.9193
 219 41.3133
 220 1.9247
 221 8.5407
 222 26.3617
 223 18.1056
 224 1.9339
 225 13.6974
 226 5.7823
 227 28.7907
 228 1.5782
 229 4.6542
 230 15.4670
 231 15.7003
 232   NaN
 233 4.6581
 234 22.5890
 235 6.1388
 236 8.4495
 237 16.2425
 238 15.1970
 239 24.4728
 240 23.5914
 241 1.6149
 242 16.7833
 243 22.1604
 244 16.8732
 245   NaN
 246 8.1418
 247 4.7946
 248 30.6891
 249 13.8741
 250 5.9217
 251 13.6056
 252 21.7421
 253 23.4137
 254 9.5660
 255 14.8886
 256 18.8824
 257 18.3648
 258 12.5131
 259 5.8807
 260 3.2389
 261 37.9115
 262 2.2791
 263 30.3782
 264 12.9505
 265 9.2948
 266 12.1545
 267 4.3003
 268 12.0989
 269 46.8570
 270 3.0027
 271 14.0742
 272 30.4871
 273 5.7229
 274 6.7140
 275 5.3294
 276 10.3044
 277 18.1650
 278   NaN
 279 22.4210
 280 45.0189
 281 5.1987
 282 18.4672
 283 48.7892
 284 41.4164
 285 17.7509
 286 6.5151
 287 30.2032
 288 8.2801
 289 10.1311
 290 3.2207
 291 27.8495
 292 28.8505
 293 3.3678
 294 25.9573
 295 24.8696
 296 4.5199
 297   NaN
 298 8.8815
 299 7.9003
 300 26.0291
 301 20.6656
 302 6.4691
 303 9.3439
 304 21.3276
 305 36.7011
 306 57.4376
 307 15.7093
 308   NaN
 309 27.5867
 310 37.2834
 311 33.8586
 312   NaN
 313 23.8976
 314 9.7248
 315 10.8129
 316 40.8499
 317 23.1157
 318 16.1734
 319 5.0165
 320 3.8163
 321 5.1397
 322 21.7561
 323 12.1243
 324 18.9536
 325 16.6442
 326 27.0980
 327 32.2068
 328 44.2016
 329 17.6668
 330 20.4382
 331 9.9548
 332 61.9429
 333 12.0735
 334 26.5436
 335 8.3683
 336   NaN
 337 6.8267
 338 26.6256
 339 3.7063
 340 5.3296
 341 4.0211
 342 12.8341
 343 5.6056
 344 11.5363
 345 18.0856
 346 35.7324
 347 20.0970
 348 5.2815
 349 24.4563
 350 5.4447
 351 16.8568
 352 6.5316
 353 30.6964
 354 15.5704
 355 5.9475
 356 6.1107
 357 19.3989
 358 1.4120
 359 14.0231
 360 2.2913
 361 19.5181
 362   NaN
 363 27.5984
 364 16.7824
 365 15.7212
 366 47.8724
 367 6.6839
 368 8.5191
 369 23.2369
 370   NaN
 371 9.3815
 372 24.0449
 373 21.2290
 374 3.1658
 375 25.1689
 376   NaN
 377 20.6047
 378 32.6931
 379   NaN
 380 23.3626
 381 12.2016
 382 6.5500
 383 28.6752
 384 10.8025
 385 10.0189
 386 19.7146
 387 20.4101
 388 1.8184
 389 3.8808
 390 9.4659
 391   NaN
 392 14.5679
 393 2.3598
 394 2.6561
 395 8.9705
 396 14.3409
 397 50.2824
 398 18.8887
 399 8.3537
 400 4.7396
 401 22.0438
 402 19.3059
 403 10.3670
 404 7.7357
 405 26.6783
 406 1.9782
 407   NaN
 408 49.2677
 409 16.7398
 410 3.7686
 411 18.8062
 412 20.9926
 413 5.3670
 414 28.4794
 415 30.1931
 416 21.3993
 417 3.8307
 418 4.2740
 419 10.3685
 420 3.7293
 421 12.1509
 422 13.7990
 423 18.2805
 424 11.6140
 425 7.0334
 426   NaN
 427 11.5877
 428 2.6720
 429 12.5881
 430 20.1073
 431 19.0591
 432 19.8977
 433 26.7235
 434 12.0323
 435 5.6014
 436 15.0520
 437 5.0825
 438 8.1731
 439 2.8716
 440 16.4232
 441 18.8744
 442 39.3159
 443 3.6075
 444 27.3572
 445 21.8957
 446 4.8849
 447 37.5111
 448 20.4812
 449 24.0738
 450 9.6675
 451 14.7368
 452 25.9620
 453 13.1675
 454 11.4735
 455 35.2745
 456 25.4513
 457 14.8287
 458 29.6312
 459 52.4708
 460 6.5203
 461 20.0450
 462 17.9416
 463 8.1796
 464   NaN
 465 16.8505
 466 13.0706
 467 32.5190
 468 7.0844
 469 17.7724
 470   NaN
 471 14.3735
 472 8.1713
 473 4.1424
 474 15.5918
 475 26.8236
 476 4.8916
 477 53.5227
 478 33.4405
 479 2.8415
 480 12.2723
 481 10.3867
 482 21.9548
 483 11.0841
 484 27.5139
 485 10.5055
 486 19.6321
 487   NaN
 488 11.2841
 489 18.4394
 490 41.0946
 491 7.6559
 492 9.8658
 493   NaN
 494 7.9306
 495 33.9998
 496 11.3540
 497 1.1236
 498 4.4116
 499 15.1079
 500 7.4673
 501 38.1249
 502 7.6991
 503 15.4305
 504 11.2212
 505 6.9324
 506 14.5051
 507 12.0129
 508 6.5392
 509 4.3843
 510 19.8123
 511 5.9207
 512 10.1762
 513 9.8417
 514 25.8243
 515   NaN
 516 13.7051
 517 76.0042
 518 31.0681
 519 4.2217
 520 4.0065
 521 44.9632
 522 7.8186
 523 3.3753
 524 18.7109
 525 1.7332
 526 2.2792
 527 19.1382
 528 22.0144
 529 52.5471
 530 52.9122
 531 46.5195
 532 2.7601
 533 18.5608
 534 7.9854
 535 12.6360
 536 14.8864
 537 5.2937
 538   NaN
 539 7.7942
 540 1.2143
 541   NaN
 542 22.2830
 543 17.4042
 544   NaN
 545 1.7829
 546 36.9292
 547 3.3991
 548 6.2819
 549 6.1416
 550 6.4845
 551 2.7461
 552 43.4217
 553 33.9581
 554 58.8032
 555 24.8884
 556 34.3395
 557 6.7858
 558 4.3694
 559 10.0705
 560 30.1303
 561 5.3568
 562 21.1975
 563 13.2314
 564 7.0994
 565 12.6896
 566 7.7711
 567 13.9832
 568 22.9964
 569 32.4246
 570 1.4543
 571 8.8191
 572 15.1200
 573 49.0527
 574 8.0755
 575 24.2344
 576 3.1619
 577 15.9163
 578 23.5889
 579   NaN
 580 3.9535
 581 18.0902
 582 5.0613
 583 27.8647
 584 25.2933
 585 30.1328
 586 17.8383
 587 9.6459
 588 2.5128
 589 1.8251
 590 12.3519
 591 2.0282
 592 16.4114
 593 7.4423
 594 51.2519
 595 3.2341
 596 9.6686
 597 31.4660
 598 22.1160
 599 16.0046
 600 5.2875
 601 50.1074
 602 12.7894
 603 1.9174
 604 2.3049
 605 17.7676
 606 5.2538
 607 39.0101
 608 6.0978
 609 37.5611
 610 18.1666
 611 13.8993
 612 1.8021
 613 29.3908
 614 34.3339
 615 16.7912
 616 12.2474
 617 40.9088
 618 16.0984
 619 21.2258
 620 2.6191
 621 9.5817
 622 19.8250
 623 18.1347
 624 16.2756
 625 23.5939
 626 32.2506
 627 16.0381
 628 21.0999
 629 3.4932
 630 10.9480
 631 7.5462
 632 21.0524
 633 29.1979
 634 5.9735
 635 5.3614
 636 21.5468
 637 4.0303
 638 13.9347
 639 13.6074
 640 4.2164
 641 14.4904
 642 9.2701
 643 2.5092
 644 1.7697
 645   NaN
 646 2.5167
 647 18.3057
 648 16.2673
 649 32.6527
 650 5.9921
 651 18.1506
 652 26.6632
 653 2.8618
 654 40.5074
 655 21.5755
 656 32.7959
 657   NaN
 658 53.6723
 659   NaN
 660 10.5898
 661 6.3285
 662 13.8139
 663 45.7118
 664 23.0543
 665   NaN
 666 43.3405
 667 14.9949
 668 13.1308
 669 26.7601
 670 16.8936
 671   NaN
 672 28.3152
 673 4.9385
 674 30.9988
 675 17.8835
 676 7.3323
 677 22.2168
 678 18.2227
 679 22.0182
 680 42.3659
 681 6.2886
 682 16.6154
 683 7.9613
 684 6.5039
 685 12.6095
 686 25.0176
 687 3.6715
 688 6.2634
 689 28.1198
 690 11.2793
 691 18.5049
 692 8.5877
 693 15.0287
 694 1.2295
 695 5.5484
 696 6.1411
 697 16.2178
 698 7.4584
 699 2.8283
 700 9.4478
 701 9.8105
 702 13.8592
 703 43.5168
 704 7.4910
 705 5.2838
 706 5.0347
 707 22.7914
 708 3.5410
 709   NaN
 710 11.8428
 711 4.5407
 712 22.1498
 713 26.3439
 714 16.3476
 715 23.9298
 716 23.0108
 717 25.4023
 718 24.6269
 719 18.5241
 720 9.1837
 721 4.3744
 722   NaN
 723 24.3852
 724 2.9311
 725 22.9456
 726 15.3706
 727 21.6311
 728 47.9838
 729 9.0378
 730 4.9014
 731 3.5885
 732 14.5919
 733 4.2617
 734 12.8684
 735 1.4289
 736 28.5912
 737 4.9647
 738 14.6138
 739 46.6914
 740 16.9813
 741 19.3041
 742 5.9346
 743 2.0338
 744 9.7844
 745 17.7615
 746 26.5084
 747 29.8961
 748 6.8082
 749 5.3494
 750 15.5677
 751 4.5403
 752 12.4902
 753 24.6364
 754 8.6371
 755 14.6791
 756 4.7490
 757 19.3071
 758 19.0936
 759 12.0022
 760 27.5696
 761 28.6321
 762 19.7058
 763 38.4359
 764   NaN
 765 19.8068
 766 21.3204
 767 4.6094
 768 6.2087
 769 8.0780
 770 18.6416
 771   NaN
 772 24.8218
 773 2.3826
 774 7.9529
 775 2.8030
 776 20.1818
 777 20.0424
 778 19.2812
 779 12.9413
 780 24.4500
 781 21.7487
 782 14.4587
 783 24.9675
 784 5.8314
 785 7.3691
 786 9.7354
 787 20.5815
 788 10.3884
 789 3.8952
 790 7.7136
 791 17.3995
 792   NaN
 793 37.7922
 794 24.7232
 795 15.6629
 796 34.8701
 797 8.4772
 798 10.0071
 799 30.5167
 800 14.1340
 801 37.1586
 802 38.6763
 803 26.9064
 804 42.1963
 805 13.6719
 806 21.4493
 807 9.7182
 808 11.6445
 809 2.6178
 810 20.5438
 811 3.1224
 812 5.9656
 813 19.6940
 814 61.9981
 815 11.3046
 816 15.5817
 817 3.4517
 818 4.2924
 819 17.5020
 820 14.0093
 821 3.9068
 822 66.9491
 823 33.6706
 824 25.7831
 825 12.0430
 826 3.1189
 827 8.7808
 828 26.4956
 829 10.2136
 830 25.3005
 831 7.3304
 832 29.9450
 833 4.8173
 834 16.9184
 835 29.7159
 836 20.7368
 837 6.6566
 838 20.8614
 839 19.0121
 840 20.9438
 841 10.4499
 842 28.6077
 843 37.0633
 844 8.5969
 845 16.0158
 846 10.6826
 847 19.9848
 848 22.5477
 849 2.0054
 850 35.6340
 851 7.8674
 852 5.2729
 853 7.3114
 854 8.1817
 855 21.2700
 856 4.2169
 857 14.7344
 858 5.6932
 859 8.0294
 860 20.4882
 861 17.6562
 862 2.6971
 863 4.1462
 864 38.3636
 865 4.0948
 866 8.3261
 867 8.6800
 868 11.1791
 869 4.8557
 870 19.0660
 871 13.7794
 872 15.7124
 873 5.9313
 874 6.2019
 875 16.4438
 876 28.8299
 877 8.0919
 878 40.5788
 879 9.1526
 880 27.0459
 881 39.1417
 882 6.2569
 883 12.4269
 884 49.2979
 885 3.9794
 886 4.5268
 887 12.5016
 888 6.6647
 889 4.3056
 890 18.3899
 891 5.6419
 892 10.3016
 893 34.7500
 894 14.8596
 895 17.0718
 896 18.3113
 897 8.8646
 898 5.9327
 899 10.7706
 900 2.0276
 901 5.2306
 902 10.2588
 903 13.1915
 904 5.2651
 905 68.9934
 906 12.3700
 907 38.5019
 908 38.9609
 909 23.0030
 910 9.7985
 911 18.5278
 912 4.7938
 913 2.8360
 914 14.7675
 915 21.4043
 916 6.5693
 917   NaN
 918 7.6550
 919 4.5829
 920 4.2707
 921 6.2650
 922 22.3315
 923 6.5131
 924 69.1461
 925 10.6782
 926 27.8335
 927 27.4766
 928   NaN
 929 7.8709
 930 8.1477
 931 14.7342
 932 19.1278
 933 12.6963
 934 17.2464
 935 12.3617
 936 5.6534
 937 1.7335
 938 12.7682
 939 7.2749
 940 4.1986
 941 19.6542
 942 21.6493
 943 11.6358
 944 7.2153
 945 7.6039
 946 23.6924
 947 20.3563
 948 4.8565
 949 16.8609
 950 62.3781
 951 6.7023
 952 15.4683
 953 22.7433
 954 2.3286
 955 28.0541
 956 13.6228
 957 23.2271
 958 13.4501
 959 6.6607
 960 10.1729
 961   NaN
 962 6.3963
 963 18.6226
 964 7.0503
 965 3.3971
 966 9.3159
 967   NaN
 968 4.9629
 969 27.0782
 970 1.6790
 971 17.6954
 972 8.3967
 973 7.1289
 974 7.6808
 975 18.8100
 976 24.7005
 977 61.8806
 978 6.9698
 979 25.0075
 980 5.3095
 981 19.2888
 982 5.0930
 983 3.1401
 984 5.3361
 985 4.9930
 986 23.7458
 987 8.6949
 988 19.1944
 989   NaN
 990 17.1415
 991 10.0911
 992 16.0856
 993 12.1914
 994 4.8870
 995 10.0910
 996 2.9921
 997   NaN
 998 22.0641
 999 25.2411
1000 11.3971
1001 13.6918
1002 17.2414
1003 3.4034
1004 17.0041
1005 7.4678
1006 0.9237
1007 6.3616
1008 14.5752
1009 67.2493
1010   NaN
1011 12.0092
1012 10.7762
1013 4.4123
1014 21.5617
1015 22.5393
1016 7.9554
1017 7.1820
1018 4.3289
1019 2.6924
1020   NaN
1021 44.1868
1022   NaN
1023 20.6969
1024 19.6344
1025 3.3077
1026 3.5249
1027 6.6358
1028 19.3547
1029 12.9788
1030 13.4892
1031 4.3753
1032 27.4678
1033 1.5772
1034 17.2644
1035 12.5974
1036 18.4466
1037 19.3266
1038 5.9819
1039 10.7555
1040 5.7457
1041 20.7594
1042 6.9612
1043 2.7278
1044 17.3852
1045 9.6793
1046 16.0600
1047 23.1527
1048 12.3526
1049 5.3572
1050 25.4716
1051 14.3702
1052 12.9125
1053 21.9668
1054 5.7766
1055 14.8243
1056 8.3960
1057 30.8936
1058   NaN
1059 12.5887
1060 6.1003
1061 24.5386
1062 1.6414
1063   NaN
1064 31.8681
1065 23.5316
1066 10.6080
1067 1.2150
1068 1.2260
1069 12.7422
1070 25.7652
1071 21.6233
1072 35.6172
1073 10.5182
1074 12.1080
1075 16.4649
1076 6.2881
1077 9.1210
1078 60.3888
1079 13.7759
1080 52.3147
1081 18.2718
1082 6.7605
1083 13.9434
1084 6.4427
1085 11.5539
1086 8.0570
1087 5.7155
1088 20.8567
1089 7.0390
1090 31.4188
1091 19.8037
1092 3.7458
1093 11.8183
1094 2.1315
1095 37.1190
1096 10.2806
1097 13.2334
1098 15.8236
1099 9.1552
1100 17.2684
1101 18.3748
1102 23.6093
1103 27.3397
1104 8.0471
1105 4.4208
1106 3.3385
1107 6.0973
1108 25.1121
1109 17.4623
1110 7.4021
1111 28.4000
1112 24.4983
1113 375.0093
1114 18.0323
1115 13.0161
1116 17.5083
1117 15.4433
1118 6.0439
1119 18.8780
1120 38.8389
1121 19.3859
1122 21.5177
1123 11.9803
1124 28.1272
1125 15.1786
1126 18.7073
1127 30.3613
1128 25.5230
1129   NaN
1130 5.7662
1131 48.0381
1132 11.4141
1133 15.5890
1134   NaN
1135 9.1686
1136   NaN
1137 25.0852
1138 18.9385
1139 27.3155
1140   NaN
1141   NaN
1142 9.8456
1143 2.4818
1144 3.7958
1145 12.7786
1146 14.2966
1147 2.1475
1148 5.3818
1149 12.2108
1150 4.3189
1151 37.1431
1152 5.9438
1153 17.2973
1154 51.1619
1155 18.2672
1156 7.2271
1157 19.1087
1158 10.0900
1159 34.5678
1160 21.8292
1161 64.3203
1162 23.5683
1163 9.1562
1164 4.8009
1165 4.9951
1166 27.8839
1167 11.8532
1168 29.7999
1169 10.7509
1170 7.5478
1171 14.2920
1172 36.3330
1173 17.9976
1174 32.4684
1175 11.6564
1176 17.8509
1177 16.3744
1178 17.0009
1179 24.8006
1180 11.3777
1181 9.4604
1182 6.6497
1183 22.6753
1184 4.6726
1185 26.6090
1186 5.2244
1187 15.8303
1188 5.8222
1189 23.8180
1190 6.6496
1191 8.9393
1192 1.6798
1193 5.7913
1194 27.5573
1195 1.1547
1196 6.8341
1197 38.9139
1198 13.1532
1199 13.7093
1200 6.8332
1201 26.3327
1202 8.3274
1203   NaN
1204 28.4050
1205 31.4054
1206 5.4038
1207 5.7578
1208   NaN
1209 1.2736
1210 8.2038
1211 18.6968
1212 4.9523
1213 15.8961
1214 12.1073
1215 18.1518
1216 31.2517
1217 2.7604
1218   NaN
1219 5.9907
1220 12.6146
1221 23.7715
1222 29.4256
1223 1.8877
1224 27.8679
1225   NaN
1226 15.1178
1227 16.9400
1228 15.1920
1229 7.4226
1230 29.9736
1231 17.5819
1232 10.7932
1233 21.6472
1234 17.8093
1235 5.1325
1236 33.8884
1237 16.3116
1238 7.1378
1239 20.3619
1240 17.6013
1241 20.0523
1242 4.9146
1243 26.5108
1244   NaN
1245 14.5960
1246   NaN
1247 2.2257
1248 9.1594
1249 5.9432
1250 2.7589
1251 10.3155
1252 4.0848
1253 14.9701
1254 14.7051
1255 2.3558
1256 5.0396
1257 16.7382
1258 25.8563
1259 5.4482
1260 9.2327
1261 16.5231
1262 17.3601
1263 6.1288
1264 39.4083
1265 5.0056
1266 8.2886
1267   NaN
1268 40.4776
1269 6.9560
1270 4.5447
1271 7.2087
1272 18.9307
1273 6.9841
1274 13.9257
1275 21.6440
1276 26.1168
1277 5.7927
1278 34.5181
1279 14.3256
1280 1.5544
1281 21.2666
1282 16.7241
1283 19.1563
1284 6.5411
1285 18.6844
1286 13.4316
1287 5.8357
1288 14.1053
1289 7.8445
1290 12.2282
1291 7.3160
1292 13.0569
1293 4.6398
1294 22.0186
1295 8.0128
1296 18.5143
1297 5.6338
1298 8.7511
1299 6.0979
1300 13.8965
1301 21.0968
1302 10.6594
1303 5.1021
1304 20.0724
1305 20.8229
1306 26.0950
1307 9.3993
1308 21.4195
1309 5.7583
1310 6.5671
1311 18.8437
1312 15.3599
1313 5.9677
1314 23.2304
1315 7.3270
1316 4.4664
1317 39.6774
1318 33.9477
1319 15.0739
1320 19.3462
1321 42.2308
1322 18.2753
1323 47.6912
1324 29.0453
1325 8.0585
1326 17.7129
1327 18.9920
1328 15.9529
1329   NaN
1330 1.8458
1331 3.9489
1332 2.1363
1333 50.3921
1334 2.5320
1335 3.5530
1336   NaN
1337 5.3517
1338 19.4870
1339 1.8180
1340 12.6377
1341 9.2700
1342 5.5633
1343 26.2957
1344 15.8572
1345   NaN
1346 14.3208
1347 6.5695
1348 10.0976
1349 5.0935
1350 4.1467
1351 19.0993
1352 15.8400
1353 21.9424
1354   NaN
1355 15.6863
1356 4.2121
1357 50.8002
1358 4.9857
1359 67.7712
1360 2.7717
1361 3.9991
1362 21.8675
1363 4.6227
1364 20.1360
1365 15.5062
1366 23.9955
1367 37.2533
1368 20.4667
1369 24.4654
1370 31.6946
1371 45.0218
1372 17.5906
1373   NaN
1374 35.8500
1375   NaN
1376 11.7419
1377 11.2082
1378 19.6286
1379 18.1869
1380 18.9231
1381 13.7867
1382   NaN
1383 12.9954
1384 10.7224
1385 3.9743
1386 35.7852
1387 19.9206
1388 14.6687
1389 13.8159
1390 19.0535
1391 17.0651
1392 20.2263
1393 8.0019
1394 29.4472
1395 57.1039
1396 11.7844
1397 14.1544
1398 13.1443
1399 4.1088
1400 34.1551
1401 6.7872
1402 4.8822
1403 7.9018
1404 21.4229
1405 18.4932
1406 42.7497
1407 20.4781
1408 1.6267
1409 4.5278
1410 12.1196
1411 10.9385
1412 24.7045
1413 9.6006
1414 23.1018
1415 8.1383
1416 23.5320
1417 24.6128
1418 27.7977
1419 11.9182
1420 13.0085
1421 24.0007
1422 8.0785
1423 22.2581
1424 15.6521
1425 24.4933
1426 13.4604
1427 35.9828
1428 43.9086
1429 4.8657
1430 35.4376
1431 9.8261
1432 18.6203
1433 10.2995
1434 21.7309
1435   NaN
1436 53.3955
1437 7.3404
1438 3.3771
1439 19.9877
1440 11.6300
1441 33.3131
1442 17.2951
1443 17.9532
1444 31.6319
1445 3.3900
1446 19.2740
1447 10.9799
1448 14.7775
1449 18.5988
1450 27.4398
1451 21.2274
1452 6.4377
1453   NaN
1454 24.4321
1455 2.4840
1456 3.0395
1457 5.0679
1458 2.4708
1459 1.7696
1460 8.4651
1461 15.5052
1462 27.9381
1463 13.0152
1464 8.4765
1465 28.0898
1466 20.1985
1467 3.4875
1468 2.6311
1469 5.9895
1470 10.9937
1471 9.2482
1472   NaN
1473 25.1925
1474 59.6753
1475 21.9108
1476 17.8555
1477 21.8573
1478 29.3747
1479 37.3860
1480 17.0696
1481 9.8749
1482 10.8517
1483 14.7087
1484 22.7828
1485 22.1835
1486 4.0887
1487 12.7911
1488 5.7838
1489 29.8790
1490 20.4896
1491 40.5223
1492 5.2833
1493 24.4574
1494 7.3815
1495 7.3437
1496 2.6897
1497 26.3601
1498 4.8887
1499 10.1689
1500 1.5471
1501 17.4921
1502 10.0312
1503 7.8247
1504 21.7766
1505 18.2462
1506 29.2835
1507 7.4058
1508 12.6515
1509 26.6173
1510 17.7621
1511 25.0340
1512 15.2998
1513 11.1550
1514 10.6642
1515 4.4379
1516 6.1412
1517 20.4430
1518 43.4038
1519 8.2128
1520 37.2182
1521 7.8528
1522 18.4589
1523 16.5467
1524 5.1507
1525 5.5827
1526 22.5394
1527 24.3404
1528 42.2662
1529 13.1901
1530 3.5628
1531 2.6318
1532 4.5184
1533 1.4190
1534 41.9975
1535 2.4017
1536 21.9343
1537 49.3794
1538 22.0520
1539 8.1555
1540 10.7697
1541 17.9606
1542 5.5865
1543 21.0829
1544 10.2488
1545 16.6961
1546 3.3475
1547 23.1557
1548 17.4967
1549 11.4498
1550 44.4450
1551 22.2850
1552 5.3498
1553 5.4794
1554 5.1493
1555 15.9028
1556 17.4579
1557 18.7183
1558 6.0328
1559   NaN
1560 21.4799
1561 4.6164
1562 0.6735
1563 21.5531
1564 16.7809
1565 19.4842
1566 17.9691
1567 44.9246
1568 21.4356
1569 5.9119
1570 14.9821
1571 23.4494
1572 14.5490
1573 4.7017
1574 17.3288
1575 25.4447
1576 21.7884
1577 4.4821
1578 26.0596
1579 11.2572
1580 9.0777
1581 10.3321
1582 18.7613
1583 0.9566
1584 9.7794
1585 18.1407
1586 39.5712
1587 17.8999
1588 6.0966
1589 9.2593
1590 12.3926
1591 44.3439
1592 21.6890
1593 13.2070
1594 32.4016
1595 17.5788
1596 27.7992
1597 7.3055
1598 4.0339
1599   NaN
1600 11.2502
1601 5.2282
1602 2.2338
1603 2.6130
1604 7.6064
1605 14.0057
1606 6.0238
1607 64.2837
1608 3.3502
1609 15.6499
1610   NaN
1611 11.1760
1612 41.1921
1613 4.8630
1614 31.5096
1615 10.5497
1616 23.7636
1617 3.1959
1618 26.0234
1619 19.7254
1620 25.4690
1621 7.5749
1622 5.5022
1623 6.5508
1624 12.5394
1625 4.9589
1626 8.4479
1627 64.6253
1628 17.3586
1629 8.9010
1630 9.6023
1631 20.6837
1632 17.9949
1633 15.4803
1634 20.5586
1635 11.8240
1636 29.1174
1637 39.6387
1638 21.7237
1639 4.5288
1640 18.5952
1641 32.4505
1642 28.3071
1643 4.8561
1644 17.9439
1645 25.1909
1646 27.9275
1647 14.7782
1648 5.0455
1649 9.0104
1650 14.7496
1651 3.0234
1652 10.9527
1653 15.6425
1654 6.3091
1655 26.4304
1656 2.3537
1657 5.5663
1658 22.8083
1659 9.5525
1660 21.2274
1661 20.5687
1662 17.6922
1663 14.1890
1664 7.0160
1665 6.5265
1666 17.7394
1667 19.2588
1668 14.8714
1669 13.3215
1670 16.5158
1671 10.3040
1672 10.5213
1673 8.9531
1674 9.9649
1675 25.5768
1676   NaN
1677 4.7029
1678 9.6650
1679 22.6598
1680 11.2089
1681 6.2427
1682 19.4633
1683 28.4172
1684   NaN
1685 15.0094
1686 4.4609
1687 15.7642
1688 6.3493
1689 2.9874
1690   NaN
1691 19.8952
1692 28.3860
1693 25.3159
1694 2.4831
1695 21.0447
1696 19.5815
1697   NaN
1698 9.1774
1699 4.5673
1700 26.2443
1701 3.2470
1702 20.8956
1703 11.4179
1704 25.3079
1705 13.7385
1706 18.7330
1707 17.6811
1708 9.2648
1709 27.3903
1710 21.3573
1711 3.9478
1712 11.6791
1713 15.1346
1714 8.5937
1715 10.6653
1716 20.4174
1717 12.0110
1718 12.1822
1719 18.0286
1720 11.1562
1721 12.7827
1722 54.1966
1723 16.9863
1724 3.9126
1725   NaN
1726 10.0742
1727 2.9979
1728 26.6842
1729 4.8509
1730   NaN
1731 21.0190
1732 17.2350
1733 6.2092
1734 3.2896
1735 9.4941
1736 28.0729
1737 19.9040
1738 46.8742
1739 4.8728
1740 21.0832
1741 10.3507
1742 4.1050
1743 10.0546
1744 6.2470
1745 24.6683
1746 5.4495
1747 14.3601
1748 57.8381
1749 18.2888
1750 7.0517
1751 29.7988
1752 2.0742
1753 6.6605
1754 7.4779
1755 1.9610
1756 2.1833
1757 14.9784
1758 4.9446
1759 18.0799
1760 5.1477
1761 6.0327
1762 6.4877
1763 19.8413
1764 12.5620
1765 16.9685
1766 5.7262
1767 38.2027
1768 114.9651
1769 20.3764
1770 3.7048
1771 22.7782
1772 6.3695
1773 2.0765
1774 1.2726
1775 14.3001
1776 22.8758
1777 6.9461
1778 9.6428
1779 4.9384
1780 25.7169
1781 16.4688
1782 12.4852
1783 32.7076
1784 1.1505
1785 15.8658
1786 24.0612
1787 7.2600
1788 34.0887
1789 19.0926
1790 27.3535
1791 14.9599
1792 6.9775
1793 36.2345
1794 6.1577
1795 11.6353
1796 24.2813
1797 26.9087
1798 19.8815
1799 38.9752
1800   NaN
1801 22.0605
1802 12.1210
1803 2.6362
1804 11.8837
1805 8.1854
1806 33.6707
1807   NaN
1808   NaN
1809 21.4053
1810 23.0988
1811 10.1301
1812 25.8018
1813 29.3820
1814 15.5840
1815 49.0090
1816 26.8016
1817 15.3327
1818 16.5443
1819 6.0635
1820 3.1668
1821 18.3600
1822 8.0607
1823 4.7994
1824 16.1126
1825 7.1516
1826 10.9808
1827 19.4678
1828 8.0292
1829 57.4490
1830 5.4465
1831   NaN
1832 4.7160
1833 25.6646
1834 26.9665
1835 25.2147
1836 5.5584
1837 18.6530
1838 20.2317
1839 20.2937
1840 21.0363
1841 26.3765
1842 4.6827
1843 4.1941
1844   NaN
1845 28.0174
1846 18.7389
1847 18.5073
1848 22.9059
1849 9.7585
1850 4.8091
1851 40.5663
1852 34.2349
1853 35.7585
1854 19.9417
1855 18.2758
1856 18.6357
1857 45.2825
1858 3.7385
1859 2.6750
1860 0.8028
1861 14.9624
1862 25.4251
1863 17.2404
1864 17.0041
1865 10.2764
1866 13.0010
1867 8.9906
1868 27.2634
1869 4.5143
1870 11.7765
1871 3.0530
1872 21.3246
1873 31.4198
1874 21.3854
1875 4.7719
1876 5.6139
1877 1.5072
1878 20.2206
1879 33.3228
1880 14.1565
1881 5.9063
1882 19.4967
1883 7.0624
1884 5.9472
1885 20.0847
1886 10.8428
1887 26.8956
1888 3.7216
1889 17.0063
1890 4.5354
1891 6.5335
1892 17.7796
1893 15.4007
1894 12.0671
1895 14.8822
1896 19.6718
1897 27.8024
1898 26.2260
1899 24.9400
1900 67.4211
1901 40.5293
1902 12.5962
1903 6.3925
1904 13.4166
1905 25.1554
1906 7.2749
1907 27.9049
1908 13.5830
1909 17.8105
1910 6.8895
1911 22.7904
1912 35.9362
1913 7.2591
1914 15.9715
1915 8.9707
1916 16.0766
1917   NaN
1918 16.8756
1919 16.7572
1920 32.0718
1921 8.1402
1922 2.8610
1923 12.0410
1924 2.3287
1925 1.5876
1926 24.0481
1927 27.9936
1928 5.8649
1929 6.7249
1930 22.1372
1931 2.6610
1932 2.8599
1933 3.5330
1934 9.8793
1935 6.0483
1936 7.4194
1937 9.3698
1938 21.2450
1939 5.0806
1940 6.0335
1941 17.7837
1942 6.9792
1943 10.6588
1944 30.9181
1945 35.2347
1946 4.1230
1947 5.1664
1948 7.7679
1949 22.6720
1950 3.9309
1951 23.4098
1952 15.6211
1953 12.4205
1954 28.0631
1955 6.9872
1956 2.2020
1957 6.7151
1958 24.0851
1959 16.9635
1960 4.8650
1961 13.3554
1962 4.1139
1963 31.7834
1964 1.0240
1965 21.2010
1966 4.0337
1967 26.0002
1968 6.0455
1969 20.5813
1970 26.6295
1971 15.0329
1972 14.0300
1973 38.4984
1974 9.1356
1975   NaN
1976 4.3547
1977 7.2315
1978 2.8169
1979 18.4551
1980 5.3258
1981 14.2446
1982 14.1786
1983 13.1609
1984 6.9349
1985 9.6364
1986 2.3169
1987 6.2154
1988 10.5944
1989 17.5249
1990 13.5466
1991 15.8673
1992 7.5406
1993 2.2999
1994 5.4508
1995 20.6909
1996 7.4509
1997 28.4751
1998 22.8814
1999 2.2937
2000 7.4147
2001 8.3428
2002 18.5358
2003 44.3177
2004 4.5819
2005 8.8821
2006   NaN
2007 39.8890
2008   NaN
2009 28.7976
2010 6.6447
2011 25.1401
2012 13.1831
2013 0.2616
2014 3.3137
2015 19.1611
2016 11.9095
2017 44.2895
2018   NaN
2019 1.7680
2020 16.2837
2021 8.1891
2022 64.5397
2023   NaN
2024 54.4676
2025 5.9484
2026 7.1699
2027 83.1987
2028 19.7784
2029 7.8155
2030 5.6197
2031 71.7234
2032   NaN
2033 14.0896
2034 23.1778
2035 16.2238
2036 1.4655
2037 23.6115
2038   NaN
2039 31.2485
2040 2.2395
2041 14.1799
2042 9.0744
2043 28.3122
2044 8.7030
2045 23.5830
2046 19.9158
2047   NaN
2048 13.7709
2049 42.1406
2050 27.1650
2051 9.7223
2052 16.1167
2053 16.3343
2054 22.8410
2055 39.5716
2056 24.2478
2057 23.8990
2058 6.0235
2059 2.7465
2060 19.9611
2061 51.0999
2062 15.4854
2063 2.1939
2064 15.3478
2065 6.2422
2066 3.2420
2067 2.5867
2068   NaN
2069 4.4504
2070 2.2361
2071 11.1045
2072 12.3434
2073 7.4917
2074 22.1909
2075 3.1337
2076 18.4255
2077 4.4926
2078 17.5534
2079 14.0360
2080 3.4991
2081 10.7466
2082 41.1907
2083 4.8922
2084   NaN
2085 4.2511
2086 12.2913
2087 19.8766
2088 6.5318
2089 8.3506
2090 20.9215
2091 47.4876
2092 4.7307
2093 4.0211
2094 6.0828
2095 43.4973
2096 8.6168
2097 8.1892
2098 19.1588
2099 5.1135
2100 6.0752
2101 22.0561
2102 8.0568
2103 5.6313
2104 27.2424
2105 5.6225
2106 19.4484
2107 7.3461
2108 24.6435
2109 21.5844
2110 1.1216
2111 24.6743
2112 19.4949
2113 22.6146
2114 6.3979
2115 15.2396
2116 10.2718
2117 2.5841
2118 8.8473
2119 36.6680
2120 4.0041
2121 8.1989
2122 6.7878
2123 10.0346
2124 11.5188
2125 13.2080
2126 25.0393
2127 5.9096
2128 19.1243
2129 12.1500
2130 16.2577
2131 7.8358
2132 1.5214
2133 19.8382
2134 29.5705
2135 52.5496
2136 15.8583
2137 18.5957
2138 15.4338
2139 26.3198
2140 14.7069
2141 32.1964
2142 24.2120
2143 24.7369
2144 13.2306
2145 26.3414
2146 9.5480
2147 61.8427
2148 6.2937
2149 12.6321
2150 5.6678
2151 15.2140
2152 8.8652
2153 23.0768
2154 7.6629
2155 9.5330
2156 1.7365
2157 6.7664
2158 10.2162
2159 26.7540
2160 11.3944
2161 6.1044
2162 23.6282
2163 16.4527
2164 5.4876
2165 18.2064
2166 24.9104
2167 37.7152
2168 5.5184
2169 1.8101
2170 16.2907
2171 25.0319
2172 37.9326
2173 21.3189
2174 12.0974
2175 8.8535
2176 6.9675
2177 9.6347
2178 11.6054
2179 26.7468
2180 2.3234
2181 7.7480
2182 9.9530
2183 15.8789
2184 15.7606
2185 14.8323
2186 6.4973
2187 4.5725
2188 17.8048
2189 14.9594
2190 32.4177
2191 13.4869
2192 31.6240
2193 13.2544
2194 13.7587
2195 7.0894
2196 8.1486
2197 21.3878
2198 12.5968
2199 24.6530
2200 6.0428
2201 2.3858
2202 12.4751
2203 21.9857
2204   NaN
2205 11.9919
2206 1.5239
2207 15.0090
2208 8.3673
2209 16.2151
2210 10.7707
2211 2.9494
2212 7.7201
2213 16.5181
2214 14.6579
2215 5.0197
2216 28.3475
2217 20.1238
2218 33.2643
2219 7.2355
2220 31.8751
2221   NaN
2222 18.2237
2223 1.5248
2224 21.2948
2225 3.7081
2226 6.1226
2227 4.0441
2228 3.7603
2229 14.8658
2230 19.5841
2231 8.1218
2232 10.7833
2233 31.2834
2234 48.2967
2235 3.3854
2236   NaN
2237 8.8390
2238 33.7807
2239 16.0654
2240 19.4282
2241   NaN
2242 5.0907
2243   NaN
2244 5.8192
2245 9.9861
2246 12.2153
2247 22.0914
2248 14.0392
2249 23.8913
2250 1.2458
2251 2.4214
2252 4.0686
2253 9.8319
2254 5.5790
2255 11.7815
2256   NaN
2257 21.3725
2258 24.8400
2259 24.2124
2260 16.3593
2261 0.7480
2262 11.1936
2263 9.4777
2264 18.8383
2265 10.6484
2266 9.7011
2267 32.4034
2268 8.3744
2269 9.0874
2270 7.8400
2271 26.3712
2272 9.0879
2273 18.0410
2274 6.7237
2275 50.4907
2276 3.3754
2277 5.2487
2278 15.1943
2279 16.6214
2280 20.7041
2281 8.6748
2282 13.9126
2283 17.1831
2284 29.4497
2285 21.8628
2286 18.3467
2287 7.1881
2288   NaN
2289 7.6937
2290 38.2953
2291 3.9331
2292 3.6062
2293 2.7584
2294 17.3836
2295 13.5545
2296 5.1634
2297 5.8069
2298 17.4920
2299 40.5201
2300 5.8888
2301 13.0374
2302 18.3882
2303 13.9897
2304 30.6461
2305 28.6677
2306 20.7787
2307 9.9614
2308 79.5414
2309 16.6279
2310 11.2303
2311 6.7784
2312 17.8210
2313 5.7714
2314 14.1133
2315 10.4809
2316 14.3611
2317 18.1676
2318 19.7581
2319 2.6964
2320 41.5377
2321 8.0695
2322 17.2566
2323 29.3078
2324 22.8819
2325 6.7313
2326 0.6491
2327 15.1111
2328 18.2460
2329 7.1818
2330 27.8663
2331 7.8355
2332 22.8288
2333 9.1914
2334 11.4780
2335 14.8212
2336 44.4485
2337 39.1111
2338 23.6867
2339 22.4316
2340   NaN
2341 18.0597
2342 10.8704
2343 11.8632
2344 26.8342
2345 15.4467
2346 17.7962
2347 18.7495
2348 17.7043
2349 19.2061
2350 28.0530
2351 12.1363
2352 21.7088
2353 24.6908
2354 18.5608
2355   NaN
2356 59.6272
2357 7.1274
2358 34.3836
2359 16.9179
2360 9.7746
2361 6.9857
2362 12.8392
2363 7.2134
2364 25.2127
2365 8.3118
2366 11.6181
2367 18.1363
2368 30.8086
2369 28.9776
2370 24.4875
2371 11.4773
2372 7.4432
2373 9.1244
2374 35.0553
2375 7.3777
2376 21.5846
2377 14.5193
2378 15.1795
2379 21.8079
2380   NaN
2381 10.6283
2382 22.0373
2383 17.3076
2384 24.7319
2385 3.9384
2386 26.1691
2387 1.6649
2388 7.9959
2389 24.4337
2390 5.8739
2391 20.7273
2392 9.9863
2393   NaN
2394 6.1244
2395 12.4956
2396 20.0670
2397 3.5440
2398 10.1715
2399 2.5373
2400 25.2348
2401 18.5276
2402 40.9725
2403 21.6881
2404 13.1934
2405 2.5200
2406 29.6698
2407   NaN
2408 19.2919
2409 8.0470
2410 21.0197
2411   NaN
2412 3.2429
2413 10.0654
2414 8.2519
2415 21.0855
2416 15.0904
2417 19.2849
2418 10.6966
2419 33.3020
2420 9.2955
2421 14.8668
2422 18.8835
2423 15.4634
2424 45.9829
2425 3.0937
2426 27.8661
2427 6.0732
2428 17.0096
2429 20.1536
2430 12.0583
2431 26.3899
2432 17.5163
2433 9.8279
2434 7.6964
2435 30.3990
2436 2.0494
2437 12.8387
2438 28.6037
2439 17.7743
2440 7.9958
2441 3.1237
2442 9.2022
2443 22.3335
2444 26.7603
2445 31.2520
2446 8.8932
2447 2.5376
2448 10.2808
2449 12.9329
2450 6.1670
2451 9.5870
2452   NaN
2453 2.8392
2454   NaN
2455 9.8395
2456 23.1666
2457 16.7080
2458 4.8407
2459 11.5244
2460 8.8524
2461 20.4972
2462   NaN
2463 15.7549
2464 21.1169
2465 13.6309
2466 12.4046
2467 11.9165
2468 25.7402
2469 2.4583
2470 15.4012
2471 26.2875
2472 54.3688
2473 2.7040
2474 11.8026
2475 17.4757
2476 2.3271
2477 3.1931
2478 18.6855
2479 32.2723
2480 49.9284
2481   NaN
2482 2.2720
2483 26.4335
2484 8.6881
2485 18.1851
2486 16.7231
2487 15.7046
2488 10.6860
2489 23.3032
2490 17.3735
2491   NaN
2492   NaN
2493 20.3850
2494 28.7810
2495 7.4844
2496 27.1857
2497 8.1348
2498 9.7009
2499 15.9598
2500 4.6479
