7501 1.7453
7502 0.1885
7503 0.5256
7504 0.4041
7505 0.2355
7506 0.3362
7507 0.7034
7508 0.3278
7509 0.7510
7510 0.4297
7511 1.5278
7512 0.5437
7513 1.3038
7514 0.2454
7515 0.8227
7516 0.4454
7517 0.3404
7518 1.1218
7519 1.0103
7520 0.3066
7521 0.5609
7522 0.8151
7523 1.9751
7524 0.9507
7525 0.9999
7526 1.5829
7527 0.9120
7528 1.0874
7529 0.2159
7530 2.3196
7531 0.6690
7532 1.1224
7533 0.8048
7534 1.0421
7535 0.4808
7536 0.1835
7537 0.8595
7538 0.3960
7539 1.1630
7540 0.7995
7541 0.3059
7542 4.7752
7543 0.2815
7544 0.2751
7545 0.4576
7546 0.6904
7547 0.4602
7548 1.0024
7549 0.6418
7550 1.0604
7551 0.3746
7552 0.4102
7553 0.7825
7554 0.8035
7555 0.3718
7556 1.0150
7557 0.2497
7558 3.1087
7559 1.4418
7560 0.2818
7561 0.4850
7562 0.8759
7563 1.2780
7564 0.5574
7565 0.8973
7566 0.2250
7567 0.2538
7568 0.5167
7569 0.4521
7570 0.4578
7571 0.4077
7572 2.0150
7573 0.4165
7574 0.2769
7575 0.9091
7576 1.4692
7577 0.2248
7578 0.2636
7579 0.4154
7580 0.7247
7581 0.9662
7582 0.2115
7583 1.6689
7584 0.1486
7585 0.4727
7586 1.7494
7587 0.3806
7588 0.5612
7589 0.4450
7590 0.3859
7591 0.2411
7592 1.3246
7593 1.6856
7594 0.2697
7595 0.2095
7596 0.8053
7597 0.4280
7598 1.1724
7599 0.5166
7600 0.3031
7601 2.5093
7602 1.8460
7603 0.5258
7604 0.4552
7605 0.6408
7606 0.6023
7607 0.3075
7608 0.3156
7609 1.8061
7610 1.2064
7611 0.8115
7612 0.2667
7613 0.2616
7614 1.8558
7615 1.5357
7616 1.3797
7617 0.2928
7618 0.3014
7619 1.3934
7620 0.8973
7621 1.4958
7622 0.3904
7623 0.5322
7624 0.8026
7625 0.2593
7626 0.1599
7627 0.4123
7628 2.9367
7629 1.1809
7630 0.5946
7631 0.3748
7632 1.1760
7633 1.8494
7634 3.8035
7635 0.3465
7636 0.9921
7637 0.3607
7638 0.2991
7639 0.2293
7640 0.4700
7641 0.1686
7642 3.3895
7643 0.6846
7644 0.9169
7645 0.4115
7646 1.2661
7647 0.4268
7648 0.5162
7649 0.7486
7650 0.2432
7651 1.5352
7652 0.4891
7653 0.3711
7654 1.1903
7655 0.8324
7656 0.4632
7657 0.7528
7658 0.9734
7659 0.5998
7660 0.5363
7661 0.6310
7662 1.3781
7663 0.3205
7664 0.9128
7665 0.1542
7666 0.1678
7667 0.3873
7668 0.4157
7669 0.2262
7670 0.4041
7671 0.4405
7672 0.3228
7673 2.4839
7674 0.8171
7675 0.5047
7676 0.3329
7677 0.2043
7678 0.3364
7679 0.3075
7680 2.5304
7681 0.3156
7682 1.2568
7683 0.4960
7684 0.3599
7685 0.6514
7686 1.2807
7687 0.3957
7688 1.8006
7689 0.4935
7690 1.7334
7691 0.1351
7692 2.8415
7693 0.2742
7694 0.4370
7695 0.1692
7696 0.8328
7697 0.2334
7698 1.4675
7699 0.7027
7700 2.5791
7701 0.2383
7702 0.3701
7703 0.3473
7704 1.0324
7705 0.2430
7706 1.8006
7707 2.4383
7708 1.3870
7709 0.6031
7710 1.6755
7711 0.8019
7712 1.2121
7713 0.5060
7714 0.8052
7715 0.4464
7716 1.1376
7717 0.2849
7718 1.0225
7719 3.8877
7720 0.4855
7721 0.4598
7722 0.3310
7723 0.4690
7724 2.7812
7725 3.6970
7726 0.4158
7727 0.3705
7728 0.5696
7729 0.3889
7730 0.1692
7731 0.3409
7732 2.8281
7733 1.9217
7734 0.2542
7735 0.7007
7736 1.0470
7737 0.9730
7738 2.4552
7739 0.4087
7740 0.1683
7741 0.2952
7742 1.6051
7743 0.8608
7744 0.5642
7745 0.5166
7746 1.6261
7747 0.3542
7748 0.4268
7749 0.2916
7750 0.3237
7751 2.2758
7752 0.7757
7753 0.5265
7754 0.2220
7755 0.7988
7756 0.2247
7757 0.2315
7758 0.7531
7759 0.3547
7760 0.5097
7761 3.1676
7762 2.3695
7763 3.3757
7764 0.4470
7765 0.3832
7766 1.4009
7767 0.5911
7768 1.0385
7769 0.4368
7770 0.7226
7771 2.5736
7772 0.4982
7773 0.6346
7774 1.3713
7775 0.4506
7776 1.5307
7777 0.2572
7778 0.7962
7779 0.2427
7780 0.9481
7781 0.1858
7782 0.3453
7783 0.6372
7784 0.7536
7785 0.6827
7786 0.4297
7787 0.1370
7788 0.3377
7789 0.4002
7790 0.4479
7791 0.2628
7792 1.0182
7793 2.0353
7794 0.2568
7795 0.2476
7796 0.5291
7797 0.1615
7798 0.4440
7799 0.6450
7800 0.2596
7801 0.1374
7802 0.8763
7803 0.2052
7804 0.5961
7805 0.6518
7806 0.6925
7807 0.3747
7808 1.8036
7809 0.3518
7810 0.4256
7811 0.7251
7812 0.8796
7813 0.7322
7814 0.3868
7815 0.3853
7816 0.1622
7817 1.5426
7818 1.5181
7819 0.1494
7820 2.5530
7821 0.4913
7822 2.8268
7823 0.7930
7824 1.9462
7825 0.2593
7826 0.2937
7827 0.4840
7828 0.5818
7829 0.6315
7830 1.7233
7831 1.0610
7832 2.1265
7833 0.4255
7834 1.4047
7835 0.9121
7836 0.7761
7837 0.2572
7838 0.4585
7839 0.2086
7840 1.6513
7841 0.4344
7842 0.4597
7843 1.7257
7844 0.2819
7845 0.1859
7846 1.3566
7847 1.5937
7848 0.6013
7849 0.5042
7850 0.2878
7851 4.0048
7852 0.3002
7853 1.3168
7854 0.3374
7855 0.6005
7856 0.8624
7857 0.3609
7858 0.1496
7859 0.1772
7860 0.6323
7861 1.3995
7862 0.4664
7863 0.5993
7864 0.3273
7865 3.2404
7866 1.1250
7867 2.2367
7868 1.5755
7869 1.6556
7870 0.4654
7871 0.5298
7872 0.1630
7873 2.2062
7874 1.4533
7875 0.3142
7876 0.2692
7877 1.6368
7878 0.4295
7879 0.6821
7880 0.5203
7881 1.7533
7882 0.1533
7883 0.2623
7884 0.8181
7885 0.1926
7886 0.2741
7887 0.4506
7888   NaN
7889 0.1727
7890 0.5498
7891 1.6716
7892 1.1192
7893 0.2801
7894 1.2052
7895 2.7952
7896 0.5302
7897 0.3665
7898 3.8455
7899 0.2714
7900 0.2917
7901 0.8096
7902 0.6054
7903 0.5892
7904 0.3844
7905 0.4038
7906 2.5623
7907 0.2481
7908 0.7475
7909 0.8865
7910 0.7803
7911 1.6177
7912 0.6017
7913 0.6007
7914 2.0362
7915 0.5295
7916 1.3483
7917 0.8323
7918 0.8892
7919 1.1650
7920 0.5946
7921 0.9140
7922 2.9269
7923 1.2072
7924 0.7767
7925 0.3180
7926 0.3498
7927 0.3997
7928 0.2069
7929 0.2180
7930 0.5743
7931 0.8644
7932 0.8151
7933 1.1474
7934 0.8412
7935 0.5043
7936 0.6474
7937 2.4522
7938 1.9559
7939 1.6439
7940 0.3288
7941 1.1820
7942 1.3520
7943 0.1957
7944 1.1076
7945 1.4938
7946 0.3893
7947 0.5489
7948 1.1927
7949 0.1571
7950 0.4883
7951 0.6269
7952 0.3794
7953 1.4203
7954 2.8976
7955 1.1747
7956 2.0967
7957 0.3082
7958 0.2527
7959 0.7001
7960 0.5340
7961 1.2434
7962 0.3722
7963 0.7559
7964 0.6682
7965 0.3864
7966 0.5262
7967 0.1838
7968 0.4417
7969 0.3752
7970 1.5016
7971 0.5346
7972 0.4721
7973 1.7536
7974 0.2832
7975 0.4398
7976 0.2757
7977 0.8792
7978 0.7880
7979 0.2751
7980 0.3356
7981 0.9192
7982 1.3325
7983 1.0579
7984 0.4786
7985 0.5008
7986 1.7509
7987 1.3650
7988 0.6379
7989 0.4684
7990 0.1532
7991 0.3500
7992 0.5366
7993 0.7533
7994 0.4120
7995 0.4000
7996 1.1118
7997 0.7266
7998 0.7451
7999 1.6056
8000 0.2976
8001 0.6177
8002 0.4574
8003 0.1438
8004 0.4142
8005 0.8270
8006 0.5792
8007 0.6574
8008 0.2124
8009 1.4902
8010 1.1761
8011 0.1604
8012 0.3186
8013 1.6872
8014 0.4517
8015 0.8407
8016 0.3232
8017 0.4258
8018 0.4318
8019 0.6285
8020 0.3032
8021 0.3308
8022 0.4390
8023 2.1179
8024 2.6639
8025 0.6711
8026 0.5492
8027 0.8849
8028 0.1726
8029 0.3240
8030 0.5063
8031 0.4534
8032 1.0357
8033 0.5316
8034 0.1635
8035 0.2832
8036 0.3221
8037 3.9220
8038 0.4266
8039 1.6644
8040 0.4063
8041 0.6270
8042 2.1973
8043 1.5534
8044 0.3227
8045 0.8978
8046 1.0281
8047 0.4485
8048 4.0669
8049 0.7329
8050 0.3848
8051 0.6472
8052 0.5484
8053 0.4718
8054 0.3745
8055 0.3044
8056 3.4042
8057 0.3354
8058 1.4745
8059 0.6585
8060 2.0146
8061 1.3957
8062 0.6557
8063 1.7770
8064 0.2475
8065 0.8305
8066 0.6130
8067 0.1347
8068 0.2925
8069 0.3150
8070 0.1704
8071 0.3332
8072 1.3207
8073 0.2242
8074 1.4713
8075 0.9294
8076 0.9236
8077 0.2803
8078 0.3600
8079 0.3094
8080 0.1896
8081 0.3517
8082 0.5654
8083 1.3060
8084 0.4777
8085 0.2453
8086 0.4319
8087 1.3074
8088 1.4236
8089 0.3225
8090 0.5540
8091 1.2376
8092 0.2604
8093 0.5130
8094 0.6573
8095 0.3366
8096 2.0067
8097 0.4830
8098 0.7230
8099 1.5793
8100 0.3737
8101 0.3853
8102 0.3445
8103 1.0299
8104 0.8341
8105 2.7866
8106 0.9032
8107 0.2141
8108 0.4215
8109 0.9457
8110 0.4163
8111 0.4646
8112 0.7169
8113 0.3186
8114 0.4783
8115 0.2225
8116 0.9791
8117 1.0558
8118 0.3874
8119 0.6793
8120 0.9030
8121 0.2085
8122 1.3595
8123 0.2279
8124 0.5173
8125 0.1433
8126 0.1947
8127 0.9026
8128 2.4418
8129 0.6209
8130 0.4266
8131 1.3980
8132 0.4512
8133 0.2855
8134 0.8950
8135 0.6823
8136 1.5099
8137 0.8073
8138 0.9782
8139 0.4752
8140 1.3559
8141 0.3083
8142 0.3876
8143 0.4085
8144 0.9110
8145 0.3461
8146 3.9340
8147 0.5047
8148 0.6712
8149 0.2130
8150 0.3629
8151 0.5024
8152 1.8768
8153 0.2425
8154 0.4560
8155 0.7729
8156 0.3130
8157 0.3954
8158   NaN
8159 1.2963
8160 1.6367
8161 0.1193
8162 0.1789
8163 1.9997
8164 0.3153
8165 1.1745
8166 0.1814
8167 0.5126
8168 0.5418
8169 0.4504
8170 1.6374
8171 0.6868
8172 0.2664
8173 0.7898
8174 1.0568
8175 0.2501
8176 0.3771
8177 0.4921
8178 4.1298
8179 1.6448
8180 0.3250
8181 3.0727
8182 0.6947
8183 0.1640
8184 0.2011
8185 1.4276
8186 0.5596
8187 0.9814
8188 0.1567
8189 0.2323
8190 1.7495
8191 0.9124
8192 0.1707
8193 0.7674
8194 0.3563
8195 1.6138
8196 1.3146
8197 0.6141
8198 0.4240
8199 1.1233
8200 0.4361
8201 0.6646
8202 0.2755
8203 0.1652
8204 0.2681
8205 0.9734
8206 0.4248
8207 0.2402
8208 0.6455
8209 1.3326
8210 3.4036
8211 6.6825
8212 0.9450
8213 0.7547
8214 0.4970
8215 1.5719
8216 0.4711
8217 0.9396
8218 0.1469
8219 0.2657
8220 0.1505
8221 0.3465
8222 0.7553
8223 0.4375
8224 1.2108
8225 0.3670
8226 0.7431
8227 0.5698
8228 2.9081
8229 1.1233
8230 1.2106
8231 0.2528
8232 0.3228
8233 1.2378
8234 0.4821
8235 2.1182
8236 0.3021
8237 1.4238
8238 1.0074
8239 3.3269
8240 1.0591
8241 1.7279
8242 0.2032
8243 1.2771
8244 0.4685
8245 0.9331
8246 0.5145
8247 0.1658
8248 0.3248
8249 0.2137
8250 0.8306
8251 0.1452
8252 0.7184
8253 0.3309
8254 0.7144
8255 0.4620
8256 0.8660
8257 0.6304
8258 0.4995
8259 1.7046
8260 0.1940
8261 0.6661
8262 0.8269
8263 1.5534
8264 0.2443
8265 0.1992
8266 0.3759
8267 0.1883
8268 0.3774
8269 1.0309
8270 0.7723
8271 0.3238
8272 0.1301
8273 2.3507
8274 2.3739
8275 3.0432
8276 0.6865
8277 1.2506
8278 0.9152
8279 1.6647
8280 1.4882
8281   NaN
8282 0.1501
8283 1.0851
8284 1.9998
8285 0.4752
8286 0.3929
8287 0.5235
8288 0.3380
8289 0.3429
8290 0.3623
8291 0.6940
8292 0.4754
8293 2.2083
8294 0.4921
8295 1.0990
8296 1.1260
8297 0.2041
8298 0.2006
8299 3.3496
8300 0.2685
8301 0.3180
8302 1.6861
8303 0.2623
8304 0.1729
8305 0.7826
8306 2.1356
8307 0.3751
8308 1.8482
8309 1.0846
8310 1.3307
8311 0.9152
8312   NaN
8313 0.8458
8314 1.1125
8315 3.5807
8316 0.5274
8317 0.1981
8318 0.3726
8319 0.6496
8320 0.9373
8321 1.1181
8322 0.2402
8323 0.9995
8324 2.7607
8325 2.8714
8326 1.6312
8327 1.0900
8328 0.5710
8329 1.0775
8330 0.6663
8331 3.9794
8332 0.3848
8333 0.8736
8334 0.1421
8335 0.4283
8336 0.6192
8337 0.1759
8338 1.4221
8339 0.3668
8340 0.3732
8341 0.5062
8342 0.3986
8343 0.9679
8344 1.2999
8345 0.6326
8346 0.5751
8347 0.3484
8348 0.8095
8349 1.0727
8350 0.3067
8351 0.5379
8352 0.8986
8353 0.1927
8354 0.8425
8355 0.8925
8356 1.7442
8357 0.2445
8358 1.2042
8359 0.3901
8360 0.8510
8361 0.4178
8362 0.3725
8363 0.6792
8364 0.6071
8365 0.6118
8366 0.2673
8367 3.0599
8368 0.5705
8369 0.4796
8370 0.3945
8371 1.9994
8372 0.6649
8373 0.5061
8374 0.3721
8375 0.7211
8376 0.2398
8377 0.4158
8378 1.2447
8379 2.5212
8380 0.1587
8381 0.7483
8382 0.3836
8383 0.3894
8384 1.7890
8385 0.2882
8386 1.8629
8387 2.0988
8388 0.2054
8389 0.4941
8390 0.3988
8391 1.5069
8392 0.9637
8393 0.4560
8394 0.2316
8395 0.3205
8396 0.5103
8397 0.5988
8398 0.3633
8399 0.4813
8400 0.8175
8401 2.0060
8402 0.4051
8403 0.5027
8404 0.1647
8405 1.7754
8406 0.4155
8407 0.4117
8408 1.9542
8409 0.4606
8410 0.4947
8411 2.5192
8412 1.0709
8413 0.9128
8414 1.6803
8415 1.0419
8416 1.2385
8417 0.1963
8418   NaN
8419 0.9505
8420 0.1952
8421 1.0108
8422 1.5452
8423 0.6260
8424 0.4926
8425 0.6594
8426 0.6559
8427 3.0899
8428 0.9481
8429 0.7147
8430 0.8371
8431 0.1911
8432 0.6919
8433 1.7728
8434 0.2943
8435 1.1699
8436 1.4983
8437 0.2640
8438 1.9293
8439 0.4319
8440 0.8041
8441 3.0965
8442 0.3125
8443 0.3358
8444 0.8878
8445 0.3868
8446 0.5120
8447 0.4102
8448 0.9758
8449 0.1739
8450 0.5956
8451 2.8151
8452 1.7947
8453 0.9096
8454 0.3939
8455 0.7837
8456 2.3380
8457 0.2002
8458 0.2444
8459 0.9495
8460 0.2764
8461 2.4885
8462 0.2549
8463 0.1886
8464 0.4614
8465 0.2933
8466 0.2580
8467 0.8228
8468 0.2011
8469 2.7227
8470 0.8107
8471 0.4509
8472 0.7379
8473 0.9348
8474 0.3562
8475 0.2761
8476 0.4486
8477 1.1102
8478 1.1788
8479 0.5094
8480 3.0926
8481 0.6472
8482 1.0581
8483 1.2800
8484 0.2588
8485 0.3690
8486 0.2393
8487 0.3294
8488 0.9429
8489 1.6052
8490 0.2182
8491 0.5405
8492 0.8439
8493 0.4048
8494 0.4380
8495 0.6092
8496 3.0354
8497 0.2142
8498 0.2812
8499 2.0540
8500 2.4052
8501 1.2075
8502 0.1941
8503 0.5158
8504   NaN
8505 0.8031
8506 0.7798
8507 0.7812
8508 0.2643
8509 1.2164
8510 1.5423
8511 0.2281
8512 1.5331
8513 0.2470
8514 2.0966
8515 0.2185
8516 0.4317
8517 0.6177
8518 0.2681
8519 0.3554
8520 0.5007
8521 0.9104
8522 0.1366
8523 1.5828
8524 1.3261
8525 1.7041
8526 0.3889
8527 0.3936
8528 3.4316
8529 0.9768
8530 0.6557
8531 0.3053
8532 0.7197
8533 3.2058
8534 0.4484
8535 0.7104
8536 0.6622
8537 0.1940
8538 1.5833
8539 0.4722
8540 0.5685
8541 1.1407
8542 0.5834
8543 0.6159
8544 0.2672
8545 1.4375
8546 1.6455
8547 2.2307
8548 1.1851
8549 0.2762
8550 1.3657
8551 0.4327
8552   NaN
8553 0.6818
8554 0.3450
8555 0.5027
8556 2.1938
8557 0.4716
8558 0.1675
8559 0.9730
8560 1.1187
8561 0.2248
8562 0.7938
8563 0.1544
8564 0.6429
8565 0.2353
8566 0.4075
8567 0.1817
8568 0.7839
8569 0.4027
8570 0.1776
8571 0.4642
8572 1.3243
8573 0.5469
8574 3.2873
8575 1.3976
8576 0.9309
8577 1.7108
8578 0.3127
8579 0.2182
8580 0.2247
8581 0.3262
8582 0.6524
8583 0.5662
8584 0.4610
8585 0.5654
8586 1.2016
8587 1.8064
8588 1.9760
8589 0.3448
8590 1.3096
8591 0.5807
8592 0.3912
8593 0.2465
8594 0.4942
8595 0.2905
8596 2.7096
8597 0.4507
8598 1.8066
8599 0.3810
8600 1.6479
8601 0.2761
8602 1.4312
8603 1.1279
8604 0.4909
8605 0.2502
8606 0.4679
8607 0.2828
8608 0.3229
8609 0.9423
8610 2.6310
8611 2.6799
8612 0.7177
8613 2.4639
8614 0.6157
8615 0.2740
8616 0.2030
8617 0.2831
8618 0.8366
8619 0.5001
8620 0.1734
8621 0.4693
8622 0.3469
8623 0.3378
8624 0.7220
8625 0.5094
8626 0.3460
8627 1.6418
8628 0.2086
8629 0.8344
8630   NaN
8631 1.1503
8632 0.3438
8633 0.2474
8634 0.4014
8635 0.4462
8636 0.8901
8637 0.3172
8638 0.7212
8639 0.5839
8640 0.4369
8641 0.6038
8642 1.2531
8643 1.2529
8644 0.6005
8645 1.4471
8646 0.1235
8647 0.4296
8648 0.2947
8649 0.4401
8650 0.4237
8651 1.0342
8652 0.2347
8653 0.2406
8654 1.4793
8655 0.1936
8656 0.3938
8657 2.2987
8658 1.1557
8659 2.8233
8660 0.4975
8661 0.4056
8662 0.3217
8663 1.8503
8664 0.6486
8665 0.9496
8666 0.6292
8667 0.2239
8668 0.2810
8669 0.2556
8670 0.5384
8671 0.4261
8672 0.3644
8673 0.1898
8674 0.4350
8675 1.8926
8676 0.3373
8677 0.1718
8678 0.3690
8679 1.0898
8680 0.7132
8681 0.8503
8682 0.4401
8683 1.6568
8684 1.2140
8685 1.7840
8686 0.2079
8687 2.3072
8688 1.3723
8689   NaN
8690 1.7694
8691 0.3787
8692 0.9058
8693 0.2012
8694 0.2271
8695 0.5511
8696 1.8015
8697 0.2189
8698 1.5170
8699 3.3851
8700 1.0929
8701 0.6671
8702 0.3384
8703 1.1940
8704 0.8977
8705 0.3340
8706 2.7183
8707 0.1627
8708 0.2265
8709 2.2440
8710 0.1945
8711 2.1574
8712 0.6008
8713 1.1469
8714 0.2721
8715 0.2072
8716 1.6444
8717 0.3474
8718 0.9570
8719 1.2171
8720 0.3509
8721 0.4257
8722 0.4518
8723 0.4045
8724 0.7390
8725 2.0306
8726 0.1707
8727 0.7745
8728 0.3273
8729 1.7986
8730 2.6093
8731 0.7964
8732 0.4598
8733 1.7595
8734 0.2947
8735 0.7510
8736 0.4113
8737 0.6485
8738 0.2259
8739 0.3733
8740 0.3390
8741 0.1851
8742 0.1488
8743 0.1913
8744 0.3746
8745 4.2060
8746 0.3631
8747 0.9800
8748 0.1986
8749 0.4049
8750 0.4438
8751 0.2915
8752 1.6176
8753 1.3189
8754 0.6009
8755 0.9117
8756 0.4555
8757 0.4322
8758 0.1954
8759 0.6123
8760 0.2976
8761 0.4186
8762 0.4986
8763 1.3814
8764 0.2577
8765 0.4038
8766 0.2790
8767 1.0140
8768 2.6140
8769 0.4719
8770 0.8740
8771 0.1695
8772 1.5196
8773 0.4263
8774 0.1929
8775 0.2411
8776 0.1868
8777 0.3165
8778 0.5302
8779 0.3141
8780 1.8065
8781 1.1750
8782 0.2941
8783 1.4560
8784 0.8182
8785 1.8923
8786 0.8502
8787 0.3544
8788 2.6714
8789 0.6409
8790 1.7536
8791 0.4730
8792 0.8250
8793 0.3661
8794 0.3435
8795 0.3615
8796 0.3757
8797 1.1743
8798 0.4251
8799 0.6107
8800 1.1726
8801 0.3583
8802 1.4441
8803 0.2814
8804 0.3608
8805 0.9208
8806 0.7557
8807 1.1048
8808 0.3942
8809 0.3321
8810 0.2787
8811 1.9854
8812 0.5903
8813 0.6817
8814 0.2393
8815 0.3711
8816 2.6888
8817 2.2351
8818 0.4143
8819 0.2191
8820 0.4314
8821 0.3917
8822 0.2211
8823 0.5421
8824 0.2354
8825 0.5740
8826 0.6489
8827 0.7694
8828 0.7482
8829 0.4918
8830 0.3704
8831 0.8495
8832 1.5024
8833 0.1762
8834 0.1789
8835 1.2884
8836 1.3604
8837 0.1683
8838 0.7529
8839 1.2542
8840 0.3896
8841 0.7553
8842 2.4342
8843 0.5064
8844 0.1560
8845 2.7924
8846 0.2317
8847 0.6612
8848 2.1714
8849 0.1780
8850 4.4450
8851 0.5195
8852 0.3855
8853 1.0830
8854 1.1245
8855 0.1599
8856 1.2759
8857 0.2724
8858 2.9946
8859 0.4854
8860   NaN
8861 0.7366
8862 0.2913
8863 1.1330
8864 0.7195
8865 0.2540
8866 0.3083
8867 0.8499
8868 0.6494
8869 1.6590
8870 0.1657
8871 0.2861
8872 0.4568
8873 1.2779
8874 0.8062
8875 1.0228
8876 1.4876
8877 0.7291
8878 0.4751
8879 0.2248
8880 1.3972
8881 1.0350
8882 0.4564
8883 1.0634
8884 0.2477
8885 2.1677
8886 0.4849
8887 0.9692
8888 0.4078
8889 0.2249
8890 0.4702
8891 0.3998
8892 1.2498
8893 0.7367
8894 0.4346
8895 1.6411
8896 1.0353
8897 0.2822
8898 1.3499
8899 0.1626
8900 0.6016
8901 1.2324
8902 0.6001
8903 1.2228
8904 0.2575
8905 0.5184
8906 1.0820
8907 0.3513
8908 1.3400
8909 2.0606
8910 1.1918
8911 0.6156
8912 0.8894
8913 5.1859
8914 0.6885
8915 0.4148
8916 0.6316
8917 1.3062
8918 0.5707
8919 1.3337
8920 0.4346
8921 0.6578
8922 0.1930
8923 0.4266
8924 0.6793
8925 0.9900
8926 0.2742
8927 0.2398
8928 2.7136
8929 2.7521
8930 0.3466
8931 0.7168
8932 0.2900
8933 0.1805
8934 0.5647
8935 1.4732
8936 0.4090
8937 0.2033
8938 0.3199
8939 0.3592
8940 1.7368
8941 0.8401
8942 0.6897
8943 1.1950
8944 0.1800
8945   NaN
8946 2.6611
8947 1.3533
8948 1.1855
8949 0.7467
8950 0.1391
8951 0.2167
8952 0.3741
8953 1.4166
8954 0.7083
8955 0.2174
8956 0.2355
8957 0.8135
8958 0.3674
8959 1.2011
8960 0.7579
8961 0.3066
8962 0.5479
8963 0.2610
8964 0.3476
8965 1.1589
8966 0.2013
8967 1.5794
8968 0.5154
8969 0.5980
8970 0.6384
8971 0.1534
8972 0.6477
8973 1.8962
8974 0.8933
8975 1.3913
8976 0.2555
8977 1.2374
8978 0.5276
8979 0.2522
8980 1.8080
8981 1.5329
8982 0.4137
8983 0.2469
8984 2.9806
8985 1.9957
8986 0.3648
8987 1.1692
8988 0.1713
8989 0.1591
8990 1.6599
8991 2.9864
8992 0.5074
8993 0.1622
8994 1.8262
8995 0.3422
8996 0.5380
8997 2.6878
8998 0.3687
8999 0.4752
9000 1.1821
9001   NaN
9002 0.3329
9003 0.5522
9004 0.8422
9005 0.1748
9006 3.1096
9007 0.2563
9008 0.7787
9009 1.0780
9010 1.1396
9011 0.2640
9012 0.5076
9013 0.4548
9014 0.4103
9015 0.4298
9016 0.2797
9017 0.4750
9018 0.3243
9019 0.9654
9020 0.2591
9021 0.9565
9022 0.2053
9023 0.4317
9024 2.3748
9025 0.6970
9026 0.4826
9027 0.4462
9028 0.2660
9029   NaN
9030 0.7217
9031 0.7284
9032 0.2645
9033 0.4125
9034 0.7201
9035 0.4680
9036 0.4707
9037 0.3940
9038 0.1328
9039 3.5339
9040 0.2093
9041 0.2723
9042   NaN
9043 0.2857
9044 0.1119
9045 0.3031
9046 1.3089
9047 1.4033
9048 0.4799
9049 1.2528
9050 1.1678
9051 1.8164
9052 2.9845
9053 0.8281
9054 0.5753
9055 2.1605
9056 0.3383
9057 1.7106
9058 1.8335
9059 0.4442
9060 0.2895
9061 0.2056
9062 0.3078
9063 0.7175
9064 0.3391
9065 0.8328
9066 0.4853
9067 0.5225
9068 0.2552
9069 0.5344
9070 2.8025
9071 0.2680
9072 0.8420
9073 0.7019
9074 2.8574
9075 0.5216
9076 0.7008
9077 0.4243
9078 0.2076
9079 1.6348
9080 0.4033
9081 0.6598
9082 1.3422
9083 0.2700
9084 1.2824
9085 0.3225
9086 0.5874
9087 0.8352
9088 0.6088
9089 0.2668
9090 0.6579
9091 0.7873
9092 0.1527
9093 0.4274
9094 0.6572
9095 0.5208
9096 0.5376
9097 0.2097
9098 0.4626
9099 0.6743
9100 0.2051
9101 0.5231
9102 0.2784
9103 0.3637
9104 0.5647
9105 0.3411
9106 0.3952
9107 0.6852
9108 0.4399
9109 1.1354
9110 0.7739
9111 0.3168
9112 0.7591
9113 0.4229
9114 0.2456
9115 0.1579
9116 1.1310
9117 0.3797
9118 1.5501
9119 0.5652
9120 1.5602
9121 1.0185
9122 0.9105
9123 0.6033
9124 0.5554
9125 2.0811
9126 0.2655
9127 0.4474
9128 1.1268
9129 0.5186
9130 1.9035
9131 0.2629
9132 0.2133
9133 0.1698
9134 2.3841
9135 0.8378
9136 1.5478
9137 0.9475
9138 0.4620
9139 0.4300
9140 0.6352
9141 0.3972
9142 0.5583
9143 0.3677
9144 0.2294
9145 0.3928
9146 0.4801
9147 0.7373
9148 0.3697
9149 0.8744
9150 0.6003
9151 0.2230
9152 0.4018
9153 2.5593
9154 0.4135
9155 0.3381
9156 1.0199
9157 0.8160
9158 0.1724
9159 0.2892
9160 0.3798
9161 0.7642
9162 0.2613
9163 0.5122
9164 0.5918
9165   NaN
9166 0.2997
9167 0.6689
9168 0.9604
9169 0.4705
9170 0.6461
9171 0.3806
9172 3.4421
9173 0.3069
9174 0.6058
9175 0.4330
9176 0.5780
9177 0.1774
9178 0.7767
9179 0.6256
9180 1.0739
9181 0.4672
9182 0.2247
9183 1.7305
9184 0.3255
9185 1.2698
9186 0.9389
9187 0.5241
9188 0.4704
9189 0.3770
9190 1.2625
9191 0.3250
9192 3.4413
9193 0.1412
9194 0.9722
9195 1.9445
9196 1.4402
9197 0.8904
9198 0.2895
9199 0.3860
9200 0.7833
9201 1.6183
9202 1.9458
9203 0.7217
9204 0.3291
9205 0.4687
9206 0.2278
9207 0.2413
9208 0.3113
9209 0.2662
9210 0.9200
9211 0.5619
9212 1.0535
9213 0.5106
9214 0.4159
9215 0.2614
9216 1.0285
9217   NaN
9218 0.2406
9219 0.4731
9220 0.1937
9221 0.4643
9222 0.4018
9223 0.9496
9224 0.4259
9225 0.2416
9226 0.1716
9227 1.4254
9228 0.8203
9229 0.4956
9230 1.4220
9231 0.3210
9232 0.2691
9233 0.8938
9234 1.3493
9235 0.2859
9236 1.1805
9237 0.5752
9238 0.5802
9239 1.7130
9240 0.8649
9241 0.4443
9242 0.2163
9243 0.2775
9244 1.1271
9245 1.0607
9246 0.1671
9247 0.4842
9248 0.6673
9249 1.2941
9250 0.5525
9251 0.3606
9252 2.7096
9253 0.1798
9254 1.4084
9255 0.3723
9256 0.9297
9257 0.4794
9258 0.3402
9259 0.9025
9260 1.3186
9261 3.0338
9262 0.2808
9263 2.6061
9264 0.2018
9265 0.2004
9266 0.3989
9267 0.4269
9268 0.7136
9269 0.1792
9270 2.4446
9271 1.0967
9272 0.7314
9273 0.4042
9274   NaN
9275 1.5238
9276 1.1899
9277 0.4891
9278 1.2107
9279 0.2790
9280 0.3965
9281 1.6717
9282 0.2169
9283 1.5910
9284 0.5967
9285 0.2857
9286 0.2910
9287 0.3437
9288 1.2032
9289 5.2182
9290 0.3888
9291 0.2825
9292 0.2535
9293 0.3622
9294 0.2944
9295 0.3795
9296 0.9746
9297 0.7825
9298 0.3868
9299 1.6074
9300 0.4833
9301 0.6933
9302 3.0187
9303   NaN
9304 0.5679
9305 0.9340
9306 3.0666
9307 0.2453
9308 0.3489
9309 0.4199
9310 0.9901
9311 0.6771
9312 1.1635
9313 0.6017
9314 2.2301
9315 0.6991
9316 0.3508
9317 0.6233
9318 0.5609
9319 0.4295
9320 0.2426
9321 0.3672
9322 0.3852
9323 0.4363
9324 0.1279
9325 0.3033
9326   NaN
9327 0.5425
9328 0.4036
9329   NaN
9330 0.6240
9331 2.0177
9332 1.2970
9333 0.8044
9334 1.3955
9335 1.1266
9336 0.9944
9337 0.7639
9338 1.0415
9339 1.6678
9340 0.5837
9341 0.4429
9342 2.9494
9343 0.5560
9344 0.5300
9345 1.9906
9346 0.7821
9347 2.1573
9348 1.5400
9349 0.4953
9350 0.4559
9351 0.5545
9352 0.6456
9353 0.7076
9354 1.0554
9355 0.5769
9356 1.9115
9357 0.5748
9358 1.6930
9359 0.1608
9360 0.2890
9361 0.5342
9362 0.6640
9363 0.5226
9364 0.1798
9365 0.2198
9366 0.7251
9367 0.3227
9368 0.3713
9369 0.3140
9370 2.0911
9371 0.1990
9372 1.6702
9373 1.5150
9374 0.5159
9375 0.9941
9376 0.4223
9377 1.6820
9378 0.7768
9379 0.8638
9380 2.7994
9381 0.5061
9382 0.9426
9383 1.6764
9384 1.3208
9385 0.7128
9386 0.4300
9387 0.2687
9388 1.0824
9389 0.4447
9390 2.0037
9391 1.4418
9392 0.3735
9393 2.1140
9394 0.8790
9395 0.4052
9396 0.3979
9397 1.0379
9398 0.5775
9399 0.1973
9400 1.5657
9401 0.5833
9402 0.2245
9403 1.1687
9404 0.5354
9405 0.3695
9406 0.2871
9407 2.4903
9408 0.2328
9409 0.8706
9410 0.4093
9411 0.2826
9412 0.3683
9413 0.2202
9414 2.6851
9415 1.4314
9416 0.3589
9417 0.4894
9418 0.1741
9419 1.0891
9420 0.3672
9421 0.2410
9422 1.7668
9423 0.3574
9424 1.3504
9425 0.8589
9426 1.5056
9427 0.5617
9428 0.7620
9429 0.3127
9430 0.9835
9431 0.2626
9432 0.6338
9433 0.3670
9434 0.4815
9435 0.7013
9436 0.2192
9437 0.2722
9438 0.3400
9439 0.4425
9440 0.5891
9441 1.1901
9442 0.1516
9443 0.5666
9444 0.9707
9445 1.8303
9446 1.3317
9447 0.4374
9448 0.3972
9449 0.2176
9450 0.3978
9451 0.7471
9452 0.6799
9453 0.4550
9454 0.4290
9455 0.7496
9456 0.5881
9457 2.4385
9458 0.1830
9459 0.3367
9460 0.3693
9461 0.2249
9462 4.1506
9463 0.3797
9464 1.2355
9465 0.2631
9466 3.1532
9467 0.2230
9468 0.5427
9469 0.1796
9470 0.2996
9471 0.4754
9472 0.4304
9473 0.6194
9474 0.5318
9475 0.3245
9476 1.7246
9477 1.8311
9478 0.8898
9479 0.7581
9480 0.2125
9481 0.8342
9482 2.6554
9483 0.1431
9484 0.1914
9485 0.6761
9486 1.9970
9487 3.2229
9488 2.0015
9489 0.2529
9490 0.3468
9491 0.7940
9492 0.7226
9493 2.0963
9494 0.2401
9495 1.4872
9496 2.3745
9497 0.2405
9498 0.2728
9499 0.4267
9500 0.5232
9501 0.2317
9502 0.3492
9503 1.6304
9504 1.4770
9505 0.2246
9506 0.4546
9507 0.6474
9508 2.0526
9509 0.4478
9510 1.0797
9511 0.9492
9512 1.8569
9513 0.4845
9514   NaN
9515 0.4341
9516 1.2871
9517 0.7488
9518 3.4788
9519 0.7121
9520 0.7131
9521 0.8846
9522 0.7943
9523 0.3148
9524 1.3979
9525 0.3822
9526 0.7797
9527 0.8074
9528 0.2048
9529 0.2807
9530 0.2247
9531 0.4848
9532 0.5583
9533 1.6930
9534 0.4285
9535 2.8131
9536 1.3955
9537 1.2815
9538 0.2360
9539 0.3052
9540 0.7428
9541 0.3143
9542 0.7786
9543 0.9863
9544 1.5599
9545 1.5230
9546 1.5898
9547 0.2233
9548 0.8947
9549 0.5087
9550 1.9593
9551 0.7106
9552 1.1482
9553 1.0439
9554 0.1574
9555 0.6217
9556 0.4450
9557 0.6548
9558 0.3741
9559 0.6869
9560 0.5438
9561 0.2060
9562 0.7036
9563 0.9204
9564 0.1569
9565 0.8795
9566 1.2340
9567 0.8052
9568 0.3399
9569 0.1669
9570 0.3078
9571 0.6781
9572 0.4651
9573 0.6353
9574 0.4649
9575 1.2456
9576 0.3101
9577 0.2208
9578 0.4645
9579 0.3166
9580 0.1519
9581 1.3966
9582 1.1330
9583 0.4677
9584 0.5073
9585 0.1713
9586 0.5964
9587 0.3292
9588 0.3774
9589 0.8786
9590 0.4720
9591 0.2828
9592 0.4018
9593 1.1481
9594 0.2816
9595 0.2510
9596 0.8823
9597 0.3848
9598 2.7834
9599 0.2687
9600 0.3810
9601 2.0473
9602 0.2099
9603 0.7100
9604 1.4875
9605 1.4046
9606 1.5047
9607 0.2237
9608 0.1598
9609 1.2997
9610 0.2786
9611 0.4922
9612 4.6737
9613 0.7595
9614 0.3329
9615 0.7849
9616 0.2427
9617 2.4925
9618 0.9259
9619 0.3671
9620 1.4115
9621 1.4034
9622 0.2202
9623 0.5270
9624 0.2007
9625 0.3502
9626 0.2595
9627 0.7795
9628 0.2128
9629 1.1558
9630 1.3558
9631 2.7963
9632 0.3948
9633 0.4709
9634 0.2826
9635 0.2247
9636 1.2169
9637 1.8380
9638 3.1815
9639 0.5749
9640 0.2322
9641 0.5533
9642 0.3322
9643 0.7553
9644 3.9529
9645 0.7288
9646 0.5541
9647 0.3645
9648 0.2096
9649 2.1925
9650 1.2212
9651 1.3330
9652 0.4975
9653 1.2131
9654 0.5196
9655 0.9688
9656 3.2230
9657 0.4365
9658 0.4818
9659 0.1809
9660 0.2342
9661 0.5735
9662 0.3036
9663 1.6479
9664 3.0437
9665 0.2872
9666 0.4104
9667 2.7153
9668 0.3725
9669 0.2892
9670 0.3941
9671 0.7403
9672 0.3101
9673 0.4750
9674 0.8641
9675 0.2587
9676 0.4794
9677 0.5713
9678 1.1507
9679 0.4929
9680 1.0094
9681 3.4825
9682 0.8427
9683 0.6224
9684 1.9381
9685 3.2232
9686 0.3815
9687 0.6526
9688 0.4884
9689 0.4867
9690 1.5427
9691 0.5649
9692 0.2744
9693 0.4892
9694 0.8400
9695 5.5834
9696 1.5039
9697 0.2434
9698 0.5338
9699 0.3691
9700 0.8204
9701 0.2689
9702 0.5188
9703 1.8445
9704 0.4163
9705 1.0753
9706 1.0869
9707 0.4355
9708 0.3357
9709 0.2040
9710 0.8782
9711 0.7912
9712 2.6835
9713 0.3112
9714 0.3211
9715 0.5750
9716 0.4139
9717 0.5590
9718 0.2958
9719 0.6540
9720 0.4882
9721 0.1378
9722 0.4064
9723 0.5145
9724 0.6187
9725 0.8151
9726 0.4091
9727 0.1446
9728 0.5706
9729 1.5466
9730 0.8307
9731 0.2605
9732 0.7470
9733 3.2230
9734 1.1826
9735 0.8383
9736 0.6952
9737 0.3838
9738 0.2914
9739 0.8387
9740 0.4700
9741 0.6234
9742 0.4759
9743 0.4957
9744 0.5286
9745 0.3594
9746 0.2051
9747 0.5876
9748 0.7779
9749 0.3571
9750 0.4974
9751 0.5984
9752 1.1393
9753 0.5690
9754 3.2369
9755 0.8067
9756 0.3477
9757 1.9429
9758 1.1695
9759 0.5831
9760 0.5822
9761 0.2749
9762 1.6162
9763 0.6334
9764 0.1824
9765 0.3009
9766 0.3285
9767 0.2727
9768 0.4713
9769 2.4910
9770 1.3391
9771 1.1867
9772 0.2161
9773 0.2398
9774 7.0663
9775 0.1775
9776 0.1591
9777 0.3737
9778 0.3288
9779 0.8788
9780 0.1090
9781 0.3895
9782 1.4756
9783 3.2486
9784 0.4147
9785 0.5199
9786 0.3451
9787 1.6158
9788 2.9241
9789   NaN
9790 0.5732
9791 0.2475
9792 0.9995
9793 0.6906
9794 3.1912
9795 0.4166
9796 0.4818
9797 1.1480
9798 0.9217
9799 1.0408
9800 0.5407
9801 0.1987
9802 0.2034
9803 0.5870
9804 1.5894
9805 1.5943
9806 0.1921
9807 0.3204
9808 0.3637
9809 0.2399
9810 0.5048
9811 0.5688
9812 1.2958
9813 1.9657
9814 0.3616
9815 1.3869
9816 1.6838
9817 0.2712
9818 1.0197
9819 0.3018
9820 0.4627
9821 1.1618
9822 0.4165
9823 0.6897
9824 0.3551
9825 0.8051
9826 1.1516
9827 0.8307
9828 1.7605
9829 0.6274
9830 2.4523
9831 0.4249
9832 2.0212
9833 0.1701
9834 0.3585
9835 2.3901
9836 0.7996
9837 0.5249
9838 1.7194
9839 3.2035
9840 0.5612
9841 0.1668
9842 0.5145
9843 3.9272
9844 0.7358
9845 0.6416
9846 0.6833
9847 0.3189
9848 1.0989
9849 0.4079
9850 1.0822
9851 1.6462
9852 0.5589
9853 0.6353
9854 0.3253
9855 0.5274
9856 0.4369
9857 0.7093
9858 2.6729
9859 0.3231
9860 0.8379
9861 0.4201
9862 0.1929
9863 1.2949
9864 0.2021
9865 0.1658
9866 0.3051
9867 1.5523
9868 2.0355
9869 0.3374
9870 0.4967
9871 0.6645
9872 0.2228
9873 0.2252
9874 0.4449
9875 0.5737
9876 3.0662
9877 0.2647
9878 0.3669
9879 1.5232
9880 0.2673
9881 1.4711
9882 0.7214
9883 1.0834
9884 0.3001
9885 0.7713
9886 1.1151
9887 0.9552
9888 0.1730
9889 0.2553
9890 0.5474
9891 0.3489
9892 1.9332
9893 1.9569
9894 0.4330
9895 0.3923
9896 2.1123
9897 0.8098
9898 0.2235
9899 1.7908
9900 0.5586
9901 0.1568
9902 1.1888
9903 0.3451
9904 0.2944
9905 1.1570
9906 0.3091
9907 2.4843
9908 0.1615
9909 0.6868
9910 2.3211
9911 0.2886
9912 0.3449
9913 0.3994
9914 0.9493
9915 0.5807
9916 0.3316
9917 0.5728
9918 0.7085
9919 0.5140
9920 1.7499
9921 0.6800
9922 0.7386
9923 0.2941
9924 1.6838
9925 0.5657
9926 2.4959
9927 1.5463
9928 1.6536
9929 0.4053
9930 0.9019
9931 0.4328
9932 0.5670
9933 0.4374
9934 0.4701
9935 0.9873
9936 2.4387
9937 3.0117
9938   NaN
9939 2.4284
9940 0.5744
9941 0.2366
9942 2.6281
9943 0.3407
9944 0.4872
9945 0.4961
9946 1.1843
9947 0.8190
9948 1.3415
9949 0.9126
9950 1.0929
9951 1.7415
9952 0.5084
9953 1.1380
9954 1.2513
9955 0.5339
9956 1.3872
9957 0.5546
9958 0.1992
9959 0.4337
9960 1.8057
9961 0.9626
9962 2.4604
9963 0.1613
9964 0.4467
9965 0.7073
9966 2.3248
9967 0.5892
9968 1.9198
9969 0.3711
9970 0.5312
9971 0.1442
9972 0.2039
9973 0.6131
9974 0.7800
9975 0.7454
9976 0.6044
9977 1.5961
9978 0.4774
9979 0.4180
9980 0.2106
9981 2.3136
9982 0.3329
9983 0.8832
9984 1.2772
9985 0.5786
9986 0.4658
9987 0.7841
9988 0.3879
9989 0.4986
9990 0.4057
9991 0.3811
9992 0.7747
9993 0.1875
9994 0.6260
9995 0.2097
9996 0.6601
9997 0.8432
9998 1.6010
9999 0.4233
10000 0.3632
