2501 0.2989
2502 0.1853
2503 0.2379
2504 0.5908
2505 0.4857
2506 0.3705
2507 0.3289
2508 0.4974
2509 0.4107
2510 0.3385
2511 0.2114
2512 0.2629
2513 0.1802
2514 0.2812
2515 0.1286
2516 0.9692
2517 0.3586
2518 0.2009
2519 0.2805
2520 0.2933
2521 0.1712
2522 1.8713
2523 0.7320
2524 0.4848
2525 0.2613
2526 0.1518
2527 0.3117
2528 0.3066
2529 0.3396
2530 0.1889
2531 1.2521
2532 1.7705
2533 0.2047
2534 0.9854
2535 0.5796
2536 0.4182
2537 0.2022
2538 0.4098
2539 0.4073
2540 0.1401
2541 0.9106
2542 0.2784
2543 0.5412
2544 0.3277
2545 0.4731
2546 0.8051
2547 0.3117
2548 0.3784
2549 0.3362
2550 0.2253
2551 0.1723
2552 0.4743
2553 0.2454
2554 0.2260
2555 0.4270
2556 0.2670
2557 0.1750
2558 0.1208
2559 0.8844
2560 0.2259
2561 0.3811
2562 0.2551
2563 0.7404
2564 0.5529
2565 0.1410
2566 0.5056
2567 1.9095
2568 0.5204
2569 0.4641
2570 0.7875
2571 0.2727
2572 0.2554
2573 0.2197
2574 0.8235
2575 0.4745
2576 0.4007
2577 0.4205
2578 0.2736
2579 1.1853
2580 0.4671
2581 0.5024
2582 0.2215
2583 0.8233
2584 0.1944
2585 0.4160
2586 0.5212
2587 0.1723
2588 0.6405
2589 0.3875
2590 0.4392
2591 0.3627
2592 0.1813
2593 0.2267
2594 0.2305
2595 0.1736
2596 0.2271
2597 0.4457
2598 0.2386
2599 0.6673
2600 0.1811
2601 0.2182
2602 0.1730
2603 0.4292
2604 0.2030
2605 0.3797
2606 0.2575
2607 0.3743
2608 0.6971
2609 0.2187
2610 0.3207
2611 0.2072
2612 0.2265
2613 0.6115
2614 0.2105
2615 0.2939
2616 0.2120
2617 0.4338
2618 0.4605
2619 0.1771
2620 0.1167
2621 0.4060
2622 0.1620
2623 0.4348
2624 0.2975
2625 0.5544
2626 0.2551
2627 0.5738
2628 0.4167
2629 0.5064
2630 0.3741
2631 0.4010
2632 0.1569
2633 0.2193
2634 0.2746
2635 0.2508
2636 0.3678
2637 0.2506
2638 0.4665
2639 0.8868
2640 0.2941
2641 0.2054
2642 0.4436
2643 0.1955
2644 0.1682
2645 0.5170
2646 0.1917
2647 0.1694
2648 0.7582
2649 0.2227
2650 0.3108
2651 0.3168
2652 1.9101
2653 0.1772
2654 0.1888
2655 0.1633
2656 0.3661
2657 1.1295
2658 0.4270
2659 0.1660
2660 0.2560
2661 0.3434
2662 0.6285
2663 0.2945
2664 1.0254
2665 0.2045
2666 0.2470
2667 0.4890
2668 0.2480
2669 0.6341
2670 0.2103
2671 0.2238
2672 0.2702
2673 0.1735
2674 0.5569
2675 0.6332
2676 0.3223
2677 0.1323
2678 0.2174
2679 0.7284
2680 0.4852
2681 0.4160
2682 0.1705
2683 0.4105
2684 0.2717
2685 0.3413
2686 0.3407
2687 0.3548
2688 0.1988
2689 0.2167
2690 0.3185
2691 0.5548
2692 0.2423
2693 0.2013
2694 0.4924
2695 0.2827
2696 0.1440
2697 0.8665
2698 0.6713
2699 0.2676
2700 1.4844
2701 0.2121
2702 0.1782
2703 0.4965
2704 0.1711
2705 0.4229
2706 0.1658
2707 0.5112
2708 0.3892
2709 0.2194
2710 0.2911
2711 0.1660
2712 0.5469
2713 0.4719
2714 0.1513
2715 0.5757
2716 0.4271
2717 1.4338
2718 0.3848
2719 0.2111
2720 0.7192
2721 0.5258
2722 0.4634
2723 0.3034
2724 0.1783
2725 0.5241
2726 0.2060
2727 0.2327
2728 0.2696
2729 0.2349
2730 0.3167
2731 0.2051
2732 0.1428
2733 0.2181
2734 0.6849
2735 0.1792
2736 0.1537
2737 0.1657
2738 0.3436
2739 0.4897
2740 0.6921
2741 0.2039
2742 0.2428
2743 0.3882
2744 0.3543
2745 0.2808
2746 0.3418
2747 0.1891
2748 0.2666
2749 0.8477
2750 0.2324
2751 0.7539
2752 1.1826
2753 0.1942
2754 1.3463
2755 0.2286
2756 0.1703
2757 0.3443
2758 0.2272
2759 0.2247
2760 0.2622
2761 1.8284
2762 0.8118
2763 0.4800
2764 0.1174
2765 0.6323
2766 0.3357
2767 0.7080
2768 0.9947
2769 0.2110
2770 0.2025
2771 0.1975
2772 0.1897
2773 0.7294
2774 0.2677
2775 0.3891
2776 0.4441
2777 0.3842
2778 0.2536
2779 0.6480
2780 0.3167
2781 0.2554
2782 0.3595
2783 0.6601
2784 0.2897
2785 0.1437
2786 0.4417
2787 0.3015
2788 0.1960
2789 0.2281
2790 0.2478
2791 0.2983
2792 0.2218
2793 0.1717
2794 0.4111
2795 0.5792
2796 1.0103
2797 0.2371
2798 1.2487
2799 0.1860
2800 0.9844
2801 0.7243
2802 0.6151
2803 0.1678
2804 0.4737
2805 0.2618
2806 0.3434
2807 0.1456
2808 0.3392
2809 0.3964
2810 0.1232
2811 0.3967
2812 0.2044
2813 0.5665
2814 0.2453
2815 0.2001
2816 0.1405
2817 0.2011
2818 0.3063
2819 0.7490
2820 0.6861
2821 0.4404
2822 0.1777
2823 0.2825
2824 0.4070
2825 0.8096
2826 0.4340
2827 0.4474
2828 0.1459
2829 0.3702
2830 0.4543
2831 0.7289
2832 0.3169
2833 0.3149
2834 0.3789
2835 0.3986
2836 0.4969
2837 0.1639
2838 0.7406
2839 0.4990
2840 0.1974
2841 0.1158
2842 0.2631
2843 1.5406
2844 0.2941
2845 1.0155
2846 0.1294
2847 0.2226
2848 0.3423
2849 0.5872
2850 0.2039
2851 0.4576
2852   NaN
2853 0.3471
2854 0.2791
2855 0.4428
2856 1.5980
2857 0.6369
2858 0.2524
2859 0.4673
2860 0.4839
2861 0.2962
2862 0.1731
2863 0.3171
2864 0.3613
2865 0.1590
2866 0.8501
2867 0.1876
2868 0.2056
2869 0.5392
2870 0.5950
2871 0.1875
2872 0.2894
2873 1.0441
2874 0.6829
2875 0.3327
2876 0.2719
2877 0.2204
2878 0.3812
2879 0.2647
2880 0.2346
2881 0.1793
2882 0.3725
2883 1.3101
2884 0.3864
2885 0.7876
2886 0.5907
2887 0.2519
2888 0.3760
2889 0.2520
2890 0.6464
2891 0.6144
2892 0.1431
2893 1.2027
2894 0.1532
2895 0.6114
2896 0.3117
2897 0.1393
2898 0.1890
2899 0.3019
2900 0.2393
2901   NaN
2902 0.2219
2903 0.3346
2904 0.2615
2905 0.4220
2906 0.1185
2907 0.2073
2908 0.2513
2909 0.1796
2910 0.1825
2911 0.1563
2912 0.3755
2913 0.1221
2914 0.2675
2915 0.1866
2916 0.3692
2917 0.2768
2918 1.3130
2919 0.2456
2920 0.3618
2921 0.2693
2922 1.2741
2923 0.4193
2924 0.3750
2925 0.1705
2926 0.3006
2927 0.1142
2928 0.5574
2929 0.2626
2930 0.2074
2931 0.4132
2932 0.1947
2933 0.5420
2934 0.4364
2935 0.6862
2936 0.3344
2937 0.1859
2938 0.9591
2939 0.2141
2940 0.2767
2941 0.2037
2942 0.1706
2943 0.3575
2944 0.2819
2945 0.4928
2946 0.3770
2947 0.2149
2948 0.2610
2949 0.2627
2950 0.2635
2951 0.2120
2952 0.3946
2953 1.2217
2954 0.5691
2955 0.4457
2956 0.3319
2957 0.1774
2958 0.1965
2959 0.1964
2960 0.2472
2961 0.3420
2962 0.3536
2963 0.4215
2964 0.2279
2965 2.9019
2966 0.5041
2967 0.4322
2968 0.2405
2969 0.1931
2970 0.6826
2971 0.2557
2972 1.0372
2973 0.2160
2974 0.3705
2975 0.5030
2976 0.1756
2977 0.1346
2978 0.2096
2979 0.1300
2980 0.3604
2981 0.2407
2982 0.5686
2983 0.3159
2984 0.1927
2985 0.2384
2986 0.3296
2987 0.1704
2988 0.1918
2989 0.3336
2990 0.4866
2991 0.3697
2992 0.3906
2993 0.2178
2994 0.1643
2995 0.3848
2996 0.4514
2997 0.6054
2998 0.6018
2999 0.2937
3000 0.3804
3001 0.4464
3002 0.6327
3003 0.3359
3004 0.2804
3005 1.2138
3006 0.5445
3007 0.2066
3008 0.1165
3009 0.1075
3010 0.1381
3011 0.1640
3012 0.3586
3013 1.4409
3014 0.2673
3015 0.6863
3016 0.3177
3017 0.3196
3018 0.7804
3019 0.1733
3020 0.3744
3021 0.2396
3022 1.2794
3023 0.1700
3024 0.2733
3025 0.6418
3026 0.2632
3027 0.5657
3028 0.7705
3029 0.4167
3030 0.4653
3031 0.2923
3032 0.1970
3033 0.1601
3034 0.2946
3035 0.2576
3036 0.2235
3037 0.9612
3038 0.4334
3039 0.1627
3040 0.2091
3041 0.5881
3042 0.1910
3043 0.2524
3044 1.0459
3045 0.1728
3046 0.2823
3047 0.2321
3048 0.5975
3049 0.1645
3050 0.1395
3051 0.3596
3052 0.3335
3053 0.7036
3054 0.2499
3055 0.1775
3056 0.3269
3057 0.2523
3058 0.2779
3059 0.1888
3060 0.4240
3061 0.3427
3062 0.2124
3063 0.4108
3064 0.4257
3065 0.3439
3066 0.3005
3067 0.2655
3068 0.1283
3069 0.4292
3070 0.3151
3071 0.2246
3072 0.2051
3073 0.1560
3074 0.2622
3075 0.4511
3076 0.4055
3077 0.8338
3078 0.1586
3079 0.2192
3080 0.2785
3081 0.2986
3082 0.3285
3083 0.1361
3084 0.1172
3085 0.4449
3086 0.2622
3087 0.1681
3088 0.4482
3089 1.5736
3090 0.2908
3091 0.1509
3092 0.1271
3093 0.4927
3094 1.0073
3095 0.2329
3096 0.5522
3097 0.2149
3098 0.2047
3099 0.2406
3100 0.2340
3101 0.5526
3102 1.1772
3103 0.3295
3104 0.6542
3105 0.2129
3106 0.2327
3107 0.1381
3108 0.3918
3109 0.2000
3110 0.1858
3111 0.9225
3112 0.5395
3113 0.2313
3114 0.4632
3115 0.1865
3116 0.2227
3117 0.2253
3118 0.2102
3119 0.3890
3120 0.2282
3121 0.5008
3122 0.2370
3123 0.2999
3124 0.2429
3125 0.2337
3126 0.1753
3127 0.2314
3128 0.2654
3129 0.6129
3130 0.3287
3131 0.4307
3132 0.2379
3133 0.3701
3134 0.3184
3135 0.3259
3136 0.3354
3137 0.3418
3138 0.2359
3139 2.0159
3140 0.2777
3141 0.2856
3142 0.2284
3143 0.3060
3144 0.2825
3145 0.4860
3146 0.3635
3147 0.2100
3148 0.4870
3149 0.8159
3150 0.9607
3151 0.2031
3152 0.1848
3153 0.4046
3154 1.6452
3155 0.1748
3156 0.6217
3157 0.3783
3158 0.7611
3159 0.2851
3160 0.2676
3161 0.3042
3162 1.1708
3163 0.1612
3164 0.1720
3165 0.2748
3166 0.3454
3167 0.3846
3168 0.1526
3169 0.5016
3170 0.1799
3171 0.2508
3172 0.2605
3173 0.7237
3174 0.3333
3175 0.8312
3176 0.4080
3177 0.1937
3178 0.3076
3179 0.3219
3180 0.1726
3181 0.1728
3182 0.2412
3183 0.5138
3184 0.1826
3185 0.3060
3186 0.3622
3187 0.2935
3188 0.9791
3189 0.1967
3190 0.2612
3191 0.1481
3192 0.1988
3193 0.1885
3194 1.3633
3195 0.3477
3196 0.5655
3197 0.5682
3198 0.3676
3199 0.4911
3200 0.1925
3201 0.2160
3202 0.3284
3203 0.3746
3204 0.2084
3205 0.1626
3206 0.3882
3207 0.5978
3208 0.1449
3209 0.2988
3210 0.3668
3211 0.3764
3212 0.2004
3213 0.6066
3214 0.1603
3215 0.1600
3216 0.1881
3217 0.4184
3218 0.2950
3219 0.3200
3220 0.2313
3221 0.4120
3222 0.3282
3223 0.2514
3224 0.1952
3225 0.3492
3226 0.2043
3227 0.1801
3228 0.4911
3229 0.1576
3230 0.3811
3231 0.3476
3232 1.1903
3233 0.1815
3234 0.3315
3235 0.1734
3236 0.6568
3237 1.6084
3238 0.4164
3239 0.3686
3240 0.2239
3241 0.3269
3242 0.2107
3243 0.2887
3244 0.2248
3245 0.6263
3246 0.4626
3247 0.2099
3248 0.2003
3249 0.2698
3250 0.4240
3251 0.3133
3252 0.2196
3253 0.3717
3254 0.1660
3255 0.5293
3256 0.1910
3257 0.3381
3258 0.4465
3259 0.3191
3260 0.2066
3261 0.4155
3262 0.4845
3263 0.5843
3264 0.3681
3265 0.1479
3266 0.3439
3267 0.2173
3268 0.3489
3269 0.2445
3270 0.4615
3271 0.2480
3272 0.3344
3273 0.2650
3274 0.2726
3275 0.3084
3276 0.3628
3277 0.2009
3278 0.3388
3279 0.1843
3280 1.5407
3281 0.3351
3282 0.1345
3283 0.5776
3284 0.2560
3285 1.1329
3286 1.0991
3287 0.5380
3288 0.4138
3289 0.1458
3290 0.1564
3291 0.4948
3292 0.7752
3293 0.1291
3294 0.3404
3295 0.3218
3296 0.2993
3297 0.3327
3298 0.1351
3299 0.2274
3300 0.1369
3301 0.1605
3302 0.2262
3303 0.1964
3304 0.2831
3305 0.2440
3306 0.1960
3307 0.1636
3308 0.2569
3309 1.9977
3310 0.1844
3311 1.1035
3312 0.2488
3313 0.1361
3314 0.2288
3315 0.2811
3316 0.2797
3317 1.4679
3318 0.2467
3319 0.2107
3320 1.0047
3321 0.3075
3322 0.2413
3323 0.3005
3324 0.2234
3325 0.2871
3326 0.2726
3327 0.2560
3328 0.1197
3329 0.4328
3330 1.0008
3331 0.9310
3332 0.2040
3333 0.2196
3334 0.2357
3335 0.2398
3336 0.4363
3337 0.2178
3338 0.1894
3339 0.6816
3340 0.4544
3341 0.3205
3342 0.1572
3343 0.3977
3344 1.5070
3345 0.2093
3346 0.7672
3347 0.1761
3348 0.3199
3349 0.1754
3350 0.3181
3351 0.1937
3352 0.3923
3353 0.1943
3354 0.5399
3355 0.3139
3356 0.3914
3357 0.4699
3358 0.5863
3359 0.4885
3360 0.3778
3361 0.2332
3362 0.7578
3363 0.5634
3364 0.2854
3365 0.2407
3366 0.1343
3367 0.2523
3368 0.4054
3369 0.2633
3370 0.2260
3371 0.3249
3372 1.4183
3373 0.1631
3374 0.5224
3375 0.3001
3376 0.1656
3377 0.1285
3378 0.2624
3379 0.3744
3380 0.2183
3381 0.3680
3382 0.1950
3383 0.2905
3384 0.1582
3385 0.2088
3386 0.8284
3387 0.4599
3388 0.2936
3389 0.5774
3390 0.5039
3391 0.2239
3392 0.2443
3393 0.1374
3394 0.4122
3395 0.3270
3396 0.6626
3397 0.8847
3398 0.7979
3399 0.1980
3400 0.1350
3401 0.3699
3402 0.8364
3403 1.2981
3404 0.3977
3405 0.8349
3406 0.5988
3407 0.2938
3408 0.1459
3409 0.2827
3410 0.2461
3411 0.2631
3412 0.1550
3413 0.1779
3414 0.1808
3415 0.2218
3416 0.3347
3417 0.3417
3418 0.2880
3419 0.6204
3420 0.2069
3421 0.3807
3422 0.4319
3423 0.6530
3424 0.2338
3425 0.3483
3426 0.1893
3427 0.2670
3428 0.2495
3429 0.1896
3430 0.4198
3431 0.3740
3432 0.1720
3433 0.1471
3434 0.6645
3435 0.2198
3436 0.2266
3437 0.2434
3438 0.5818
3439 0.2446
3440 0.6887
3441 0.1447
3442 0.2168
3443 0.5863
3444 0.6141
3445 0.5931
3446 0.4497
3447 0.3652
3448 0.2175
3449 0.8325
3450 0.2749
3451 0.3318
3452 0.7368
3453 1.7271
3454 0.2170
3455 0.7446
3456 0.1787
3457 0.6975
3458 0.5046
3459 0.2194
3460 0.3473
3461 0.2726
3462 0.3767
3463 0.2342
3464 0.2641
3465 1.6421
3466 0.1923
3467 0.2805
3468 0.4661
3469 0.1929
3470 0.3903
3471 0.2222
3472 0.1672
3473 0.8132
3474 0.2071
3475 0.1426
3476 0.3024
3477 0.4576
3478 0.7726
3479 0.3748
3480 0.4118
3481 0.1586
3482 0.3510
3483 0.1225
3484 0.2096
3485 0.2001
3486 0.5499
3487 0.3280
3488 1.9361
3489 0.5698
3490 0.2835
3491 0.4692
3492 0.1913
3493 0.4700
3494 0.7712
3495 0.5174
3496 0.9131
3497 0.5116
3498 0.1786
3499 0.1735
3500 0.7552
3501 0.3881
3502 0.2329
3503 0.5849
3504 0.4420
3505 0.5159
3506 0.5437
3507 0.3467
3508 0.1309
3509 0.2706
3510 0.4117
3511 0.2334
3512 0.4121
3513 0.2528
3514 0.7942
3515 0.2603
3516 0.3045
3517 0.3768
3518 0.2827
3519 0.7514
3520 0.5945
3521 0.8755
3522 1.5323
3523 0.1887
3524 0.2733
3525 0.2097
3526 0.2191
3527 0.3786
3528 0.1799
3529 0.1852
3530 0.2626
3531 0.3474
3532 0.5862
3533 0.1419
3534 0.2423
3535 0.6421
3536 0.2640
3537 0.8828
3538 1.4109
3539 0.4443
3540 0.6213
3541 0.4704
3542 0.2748
3543 0.3647
3544 0.2096
3545 0.1522
3546 0.2662
3547 0.4847
3548 0.2557
3549 0.2605
3550 0.1817
3551 0.7342
3552 0.1983
3553 0.2808
3554 0.2802
3555 0.2828
3556 0.4385
3557 0.3688
3558 0.3437
3559 0.2330
3560 0.5115
3561 0.2354
3562 0.2972
3563 0.2308
3564 1.5844
3565 0.4055
3566 0.2170
3567 0.2289
3568 0.2274
3569 0.5298
3570 0.1726
3571 0.2396
3572 0.2610
3573 0.1713
3574 0.2669
3575 0.7029
3576 0.5206
3577 0.1433
3578 0.4456
3579 0.3320
3580 0.6031
3581 0.3444
3582 0.3038
3583 0.2262
3584   NaN
3585 0.1447
3586 0.1961
3587 0.1925
3588 0.2904
3589 0.2790
3590 0.3958
3591 0.3381
3592 0.1607
3593 0.1702
3594 0.2884
3595 0.3644
3596 0.2140
3597 0.3393
3598 0.6402
3599 0.8212
3600 0.5659
3601 0.2802
3602 0.5471
3603 0.3590
3604 0.8673
3605 0.1243
3606 0.6867
3607 0.1840
3608 0.1935
3609 0.2568
3610 0.1619
3611 0.3540
3612 0.2808
3613 0.4226
3614 0.3612
3615 0.3336
3616 0.3187
3617 0.1896
3618 0.2213
3619 0.2400
3620 0.1542
3621 0.2530
3622 0.8757
3623 0.4229
3624 0.2375
3625 0.4937
3626 0.1946
3627 0.2949
3628 0.4261
3629 0.7303
3630 0.2670
3631 0.3320
3632 0.3101
3633 0.2257
3634 0.4216
3635 0.2543
3636 0.1920
3637 0.5155
3638 0.3267
3639 0.1192
3640 0.3714
3641 0.3780
3642 0.7023
3643 0.5861
3644 0.6269
3645 0.3460
3646 0.2991
3647 0.7362
3648 0.2360
3649 0.2915
3650 0.3425
3651 0.1628
3652 0.3794
3653 0.1429
3654 0.5612
3655   NaN
3656 0.9387
3657 0.4218
3658 0.2707
3659 0.2789
3660 0.2845
3661 0.4345
3662 1.2403
3663 1.1265
3664 0.3674
3665 0.2483
3666 0.4097
3667 0.4944
3668 0.3503
3669 1.8832
3670 1.4361
3671 0.4581
3672 0.1259
3673 0.4178
3674 0.3571
3675 0.3549
3676 0.3810
3677 0.3687
3678 0.3804
3679 0.2955
3680 0.4157
3681 0.1936
3682 0.1549
3683   NaN
3684 0.6655
3685 0.5586
3686 0.4757
3687 0.2843
3688 0.4893
3689 0.3609
3690 0.1722
3691 0.6187
3692 0.3407
3693 0.2635
3694 0.4025
3695 0.2004
3696 0.5142
3697 0.4313
3698 0.3950
3699 0.2374
3700 0.4471
3701 0.4984
3702 0.3442
3703 0.2667
3704 0.2452
3705 1.0302
3706 0.5461
3707 1.0303
3708 0.7381
3709 0.5081
3710 1.8306
3711 0.3036
3712 0.6525
3713 0.3474
3714 0.3112
3715 0.3206
3716 0.3532
3717 0.1301
3718 0.3043
3719 0.2367
3720 0.1410
3721 0.4548
3722 0.2736
3723 0.3766
3724 0.2643
3725 0.4122
3726 0.1372
3727   NaN
3728 0.8104
3729 0.1294
3730 0.4854
3731 0.5876
3732 0.3706
3733 0.4118
3734 0.3989
3735 0.1794
3736 0.3187
3737 0.8881
3738 0.2050
3739 0.1761
3740 0.3166
3741 0.3279
3742 0.4504
3743 1.3771
3744 0.1642
3745 0.4651
3746 0.2032
3747 1.1272
3748 0.2116
3749 0.5057
3750 0.1612
3751 0.2654
3752 0.1685
3753 0.1656
3754 0.6210
3755 0.2166
3756 0.2120
3757 0.4597
3758 0.1523
3759 0.2201
3760 0.8441
3761 0.2782
3762 0.1916
3763 0.2545
3764 0.4437
3765 0.2618
3766 0.1888
3767 0.2003
3768 0.1736
3769 0.3420
3770 0.5210
3771 0.3343
3772 2.2352
3773 0.2937
3774 0.4514
3775 0.5656
3776 0.1383
3777 0.3292
3778 0.2980
3779 1.3760
3780 0.3895
3781 0.6305
3782 0.7469
3783 0.2187
3784 0.4521
3785 0.1858
3786 0.1647
3787 0.1645
3788 0.2024
3789 0.1865
3790 0.3285
3791 0.1308
3792 0.4985
3793 0.1801
3794 0.2753
3795 0.2191
3796 0.1954
3797 0.2576
3798 0.3384
3799 0.1797
3800 0.2305
3801 0.2438
3802 0.5845
3803 0.1828
3804 0.2169
3805 0.3624
3806 0.5774
3807 0.1641
3808 0.4254
3809 0.1605
3810 0.3745
3811 0.1864
3812 0.1361
3813 0.5100
3814 0.4719
3815 0.1384
3816 0.4672
3817 0.2008
3818 0.2447
3819 0.5808
3820 0.5733
3821 0.2146
3822 0.3507
3823 0.3691
3824 0.2103
3825 0.5086
3826 0.1959
3827 0.2170
3828 0.3129
3829 0.3334
3830 0.4884
3831 0.2067
3832 0.1446
3833 0.2670
3834 0.6236
3835 0.1612
3836 0.3792
3837 0.1891
3838 1.4171
3839 0.1587
3840 0.6635
3841 0.4085
3842 0.4043
3843 0.1806
3844 0.1526
3845 0.8436
3846 0.2543
3847 0.3162
3848 0.6450
3849 0.3182
3850 0.3366
3851 0.4903
3852 0.2436
3853 1.2665
3854 0.2066
3855 0.1427
3856 0.2319
3857 0.3015
3858 0.1716
3859 0.1750
3860 0.5004
3861 0.4190
3862 0.1983
3863 0.4623
3864 0.6131
3865 0.2345
3866 0.3586
3867 0.5005
3868 0.2034
3869 0.2405
3870 0.1903
3871 0.3670
3872 1.1630
3873 0.2751
3874 0.3734
3875 0.2557
3876 0.6067
3877 0.6667
3878 1.5280
3879 0.2139
3880 0.2212
3881 0.4539
3882 0.1356
3883 0.2135
3884 0.6322
3885 0.4251
3886 0.3999
3887 0.3287
3888 0.3795
3889 0.3985
3890 1.1249
3891 0.4358
3892 0.2199
3893 0.4484
3894 0.2177
3895 0.2636
3896 0.1802
3897 0.2129
3898 0.3340
3899 0.1713
3900 0.1422
3901 0.3945
3902 0.1475
3903 1.0211
3904 0.3665
3905 0.4269
3906 0.3974
3907 0.8884
3908 0.2702
3909 0.1339
3910 0.1335
3911 0.3174
3912 0.2475
3913 0.2711
3914 0.6700
3915 0.3070
3916 0.2016
3917 0.3781
3918 0.7793
3919 0.1416
3920 0.6905
3921 1.4444
3922 0.2428
3923 0.2226
3924 0.3755
3925 0.2174
3926 0.8350
3927 0.3104
3928 0.1406
3929 1.3110
3930 0.2644
3931 0.2422
3932 1.0135
3933 0.4455
3934 0.2813
3935 0.1959
3936 0.3736
3937 0.2318
3938 0.4645
3939 0.7318
3940 0.1915
3941 1.0235
3942 0.4673
3943 0.2456
3944 0.3563
3945 0.1394
3946 0.1896
3947 0.3195
3948 0.1436
3949 0.2214
3950 0.1488
3951 0.3802
3952 0.2934
3953 0.1417
3954 0.1489
3955 0.6299
3956 0.3705
3957 0.4992
3958 0.3214
3959 0.4553
3960 0.2534
3961 0.2285
3962 0.9875
3963 0.5669
3964 0.2204
3965 0.4307
3966 0.3158
3967 0.1681
3968 0.1855
3969 0.2414
3970 0.2333
3971 0.2042
3972 0.1660
3973 0.1342
3974 0.1378
3975 0.4836
3976 0.2007
3977 0.2195
3978 0.3234
3979 0.5522
3980 0.3390
3981 0.1597
3982 0.8284
3983 0.3840
3984 0.2727
3985 2.3360
3986 0.5448
3987 0.2027
3988 0.2219
3989 0.3798
3990 0.3508
3991 0.2563
3992 0.2978
3993 0.1684
3994 0.3567
3995 0.1632
3996 0.4006
3997 0.2864
3998 0.4281
3999 0.3650
4000 0.4240
4001 0.1238
4002 0.1512
4003   NaN
4004 0.2933
4005 0.2533
4006 0.2809
4007 0.1885
4008 0.5445
4009 0.3471
4010 0.3105
4011 0.5602
4012 0.2031
4013   NaN
4014 0.2097
4015 0.5752
4016 0.4021
4017 0.1755
4018 0.4849
4019 1.3669
4020 0.4733
4021 0.4012
4022 0.2010
4023 0.2106
4024 0.5088
4025 0.3878
4026 0.5153
4027 4.5675
4028 0.4856
4029 0.1703
4030 0.2989
4031 0.6171
4032 1.2159
4033 0.6772
4034 0.9236
4035 0.1872
4036 0.1858
4037 0.3669
4038 0.3625
4039 0.2410
4040 0.4278
4041 0.5669
4042 0.3933
4043 0.2271
4044 0.1842
4045 0.3142
4046 0.2250
4047 0.3401
4048 0.5617
4049 0.2054
4050 0.3332
4051 0.3211
4052 0.1521
4053 0.4213
4054 1.3648
4055 0.2922
4056 0.1464
4057 0.3943
4058 0.2024
4059 0.2333
4060 0.3805
4061 0.2372
4062 2.0659
4063 0.9341
4064 0.2547
4065 0.7746
4066 0.3231
4067 0.2513
4068 0.7661
4069 0.2904
4070 0.2319
4071 0.2492
4072 1.3020
4073 0.2944
4074 0.1929
4075 0.2240
4076 0.2151
4077 1.7859
4078 0.2469
4079 0.2994
4080 0.6193
4081 0.7914
4082 0.2015
4083 0.7379
4084 0.1517
4085 0.7873
4086 0.3467
4087 0.1436
4088 0.7811
4089 0.2941
4090 0.6579
4091 0.4779
4092 0.1772
4093 0.4390
4094 0.5453
4095 0.2840
4096 0.1495
4097 0.3081
4098 0.3113
4099 0.1329
4100 0.3438
4101 0.1832
4102 0.2498
4103 0.2212
4104 0.1579
4105 0.4952
4106 0.2658
4107 0.3642
4108 0.3803
4109 0.4421
4110 0.3915
4111 0.5495
4112 0.5052
4113 0.8547
4114 0.2047
4115 0.6415
4116 0.3431
4117 0.3270
4118 0.3831
4119 0.2351
4120 0.1978
4121 0.2430
4122 1.9860
4123 0.1609
4124 0.4275
4125 0.9484
4126 0.8211
4127 0.1766
4128 1.2086
4129 0.3280
4130 0.1966
4131 0.2118
4132 0.4904
4133 0.1719
4134 0.4080
4135 0.3703
4136 0.1537
4137 0.2377
4138 0.3403
4139 0.2200
4140 0.1235
4141 0.3693
4142 0.3077
4143 0.2543
4144 0.4910
4145   NaN
4146 0.4680
4147 0.3692
4148 1.3312
4149 0.2041
4150 0.2699
4151 0.1436
4152 0.5368
4153 0.3750
4154 0.3534
4155 0.5216
4156 0.3718
4157 0.2929
4158 0.3133
4159 1.4164
4160 0.1675
4161 0.3394
4162 0.6120
4163 0.2361
4164 0.4328
4165 0.3209
4166 0.4298
4167 0.1782
4168 0.1641
4169 0.2220
4170 0.2325
4171 0.3693
4172 0.4426
4173 0.2719
4174 0.1730
4175 0.7847
4176 0.2201
4177 0.3983
4178 0.4975
4179 0.4788
4180 0.5080
4181 0.5289
4182 0.3063
4183 0.2829
4184 0.1990
4185 0.3762
4186 0.1618
4187 0.2956
4188 0.4856
4189 1.6610
4190 0.2860
4191 0.2801
4192 0.3085
4193 0.3970
4194 0.1596
4195 0.4468
4196 0.3601
4197 0.2329
4198 0.2550
4199 1.2269
4200 0.1695
4201 0.1698
4202 0.2867
4203 0.2637
4204 0.2352
4205 0.2566
4206 1.0526
4207 0.7754
4208 0.1606
4209 0.3847
4210 0.4087
4211 0.3428
4212 0.1464
4213 0.1552
4214 0.3891
4215 0.8678
4216 0.3942
4217 0.3200
4218 0.1497
4219 0.3469
4220 0.4699
4221 0.2514
4222 0.6635
4223 0.1860
4224 0.2490
4225 0.1627
4226 0.5782
4227 0.1909
4228 0.5697
4229 0.1703
4230 0.3515
4231 0.1906
4232 2.2835
4233 0.3949
4234 0.3192
4235 0.1703
4236 0.1624
4237 0.1980
4238 0.2934
4239 0.3148
4240 0.2100
4241 0.2757
4242 0.3454
4243 0.3993
4244 0.2268
4245 0.1565
4246 0.7514
4247 0.2671
4248 0.3595
4249 1.3656
4250 0.2139
4251 0.2561
4252 0.2960
4253 0.1970
4254 0.3589
4255 0.2175
4256 0.2062
4257 0.4497
4258 0.3712
4259 0.2576
4260 0.9538
4261 0.2921
4262 0.1889
4263 0.4903
4264 0.4917
4265 0.4848
4266 0.1961
4267 0.3012
4268 0.3683
4269 0.3276
4270 1.7045
4271 0.3189
4272 0.7048
4273 0.4019
4274   NaN
4275 0.1955
4276 0.1824
4277 0.4481
4278 0.2596
4279 1.3182
4280 0.6348
4281 0.1763
4282 0.6048
4283 0.2262
4284 0.3543
4285 0.1996
4286 0.3713
4287 0.2332
4288 1.0321
4289 0.4097
4290 0.3066
4291 1.3460
4292 0.2598
4293 0.1488
4294 0.5586
4295 0.5110
4296 0.2668
4297 0.1562
4298 0.2495
4299 0.3603
4300 0.1951
4301 0.5841
4302 0.9477
4303 0.1552
4304 0.3850
4305 0.3086
4306 0.3695
4307 0.2763
4308 0.2130
4309 0.2977
4310 0.4298
4311 0.3639
4312 0.9562
4313 0.1702
4314 0.7844
4315 0.3473
4316 0.2990
4317 0.2732
4318 0.2412
4319 0.2712
4320 0.2340
4321 0.6013
4322 0.2216
4323 0.3234
4324 0.5121
4325 0.5923
4326 0.4901
4327 0.4019
4328 0.4819
4329 0.3775
4330 0.1793
4331 0.3690
4332 1.7036
4333 0.9194
4334 0.2325
4335 0.4876
4336 0.1566
4337 0.2829
4338 0.2454
4339 0.3283
4340 0.5096
4341 0.1825
4342 0.4888
4343 0.5283
4344 0.3103
4345 0.1790
4346 1.4823
4347 0.1234
4348 0.1913
4349 0.1920
4350 0.2157
4351 0.2434
4352 0.6148
4353 0.2256
4354 0.6651
4355 0.1999
4356 0.1904
4357 0.5580
4358 0.2630
4359 0.3041
4360 0.5348
4361 0.4472
4362 0.3455
4363 0.1950
4364 1.3035
4365 0.1727
4366 0.1940
4367 0.4173
4368 0.4992
4369 0.2447
4370 0.1789
4371 0.2842
4372 0.2941
4373 0.2137
4374 0.5458
4375 0.5574
4376 0.8012
4377 0.1662
4378 0.3514
4379 0.3150
4380 0.7007
4381 0.8914
4382 0.2247
4383 0.1944
4384 0.2724
4385 0.3662
4386 0.3297
4387 0.4880
4388 0.1794
4389 0.1672
4390 0.2180
4391 0.3229
4392 0.2362
4393 0.2022
4394 0.2141
4395 0.4665
4396 0.4170
4397 0.4812
4398 0.2216
4399 0.1984
4400 0.3871
4401 0.2200
4402 0.7044
4403 0.2911
4404 0.1665
4405 0.3884
4406 0.1836
4407 0.7175
4408 0.5916
4409 0.3077
4410 0.4545
4411 0.3502
4412 0.4939
4413 0.4518
4414 0.5476
4415 0.5120
4416 0.7511
4417 0.2146
4418 0.4041
4419 0.2161
4420 0.4021
4421 0.4493
4422 0.3542
4423 0.2265
4424 0.9454
4425 0.5396
4426 0.2284
4427 0.6551
4428 0.1649
4429 0.1335
4430 0.2762
4431 0.4657
4432 0.2917
4433 0.1290
4434 0.3612
4435 0.2531
4436 1.9528
4437 0.5046
4438 0.2186
4439 0.2645
4440 0.2229
4441 0.1928
4442 0.1804
4443 0.3104
4444 0.3634
4445 0.2040
4446 0.2263
4447 0.1581
4448 0.3393
4449 0.2199
4450 0.6037
4451 0.2261
4452 0.2790
4453 0.3025
4454 0.1144
4455 0.3605
4456 0.2493
4457 0.7188
4458 0.2206
4459 0.4836
4460 0.3797
4461 1.2327
4462 0.4444
4463 0.8205
4464 0.3951
4465 0.1205
4466 0.3129
4467 0.7987
4468 0.4778
4469 0.8147
4470 0.6864
4471 0.3686
4472 0.2095
4473 0.1655
4474 0.4986
4475 0.3001
4476 0.3375
4477 0.3950
4478 0.6418
4479 0.3806
4480 0.2589
4481 0.3512
4482 0.5631
4483 0.1990
4484 0.1415
4485 0.7817
4486 0.4765
4487 0.6016
4488 0.1145
4489 0.3850
4490 0.4835
4491 1.7425
4492 0.1757
4493 0.2344
4494 1.0404
4495 0.2817
4496 0.2297
4497 0.4515
4498 1.6269
4499 0.3402
4500 0.2623
4501 0.2696
4502 0.4574
4503 0.4817
4504 0.3342
4505 0.4835
4506 0.5843
4507 1.3151
4508 0.1665
4509 0.7923
4510 0.2218
4511 0.2227
4512 0.2040
4513 0.3931
4514 0.3154
4515 0.8114
4516 0.7837
4517 0.1600
4518 0.2048
4519 0.4170
4520 0.2292
4521 0.1814
4522 0.3831
4523 0.1648
4524 0.2655
4525 0.3036
4526 0.1340
4527 0.2407
4528 0.3812
4529 1.4424
4530 0.1874
4531 0.8678
4532 0.3118
4533 0.1732
4534 0.4016
4535 1.5512
4536 0.2415
4537 0.3673
4538 0.5282
4539 0.6244
4540 0.3238
4541 0.2356
4542 0.3993
4543 0.4066
4544 0.3622
4545 0.2448
4546 0.2970
4547 0.2460
4548 0.3138
4549 0.2592
4550 0.2023
4551 0.4871
4552 0.3277
4553 0.1869
4554 0.4555
4555 0.1688
4556 0.2385
4557 0.3470
4558 0.1790
4559 0.4992
4560 0.1838
4561 0.4379
4562 0.3977
4563 0.1816
4564 0.2039
4565 0.4811
4566 0.5228
4567 0.2487
4568 0.2641
4569 0.2469
4570 0.1985
4571 0.2262
4572 0.2467
4573 0.4712
4574 0.1656
4575 0.8019
4576 0.6055
4577 0.1816
4578 1.2007
4579 0.2269
4580 0.2503
4581 0.2051
4582 0.3872
4583 0.3279
4584 0.3374
4585 0.1902
4586 0.4589
4587 0.4295
4588 0.2268
4589 0.2321
4590 0.1477
4591 0.1803
4592 0.2437
4593 0.5563
4594 0.3166
4595 0.1776
4596 0.7142
4597 0.3070
4598 0.2927
4599 0.2002
4600 0.2988
4601 0.1590
4602 0.4300
4603 0.6817
4604 0.2496
4605 0.1891
4606 0.4542
4607 0.3487
4608 0.4857
4609 0.1758
4610 0.3950
4611 0.3268
4612 0.3960
4613 0.2410
4614 0.7327
4615 0.4777
4616 0.1802
4617 0.3198
4618 0.6972
4619 0.2407
4620 0.4552
4621 0.4050
4622 0.2344
4623 0.1976
4624 0.2920
4625 0.1645
4626 0.2122
4627 0.2032
4628 0.2926
4629 0.3452
4630 0.4005
4631 0.3180
4632 0.3837
4633 0.5867
4634 0.2495
4635 0.3616
4636 0.1859
4637 0.2205
4638 0.2951
4639 0.5829
4640 0.7951
4641 0.7682
4642 0.3113
4643 0.1567
4644 0.3023
4645 0.2070
4646 0.1585
4647 0.2245
4648 0.7480
4649 0.1430
4650 0.7616
4651 0.3457
4652 0.2053
4653 1.7324
4654 0.2678
4655 0.3973
4656 0.1803
4657 0.2605
4658 0.1931
4659 0.1875
4660 0.6611
4661 0.1610
4662 0.8722
4663 0.1661
4664 0.1421
4665 0.1761
4666 0.2085
4667 0.4687
4668 0.1629
4669 0.4505
4670 0.8368
4671 0.8358
4672 0.2783
4673 0.3145
4674 0.3205
4675 0.3602
4676 0.1700
4677 0.4225
4678 0.3361
4679 0.3034
4680 0.2399
4681 0.3134
4682 0.2463
4683 0.1219
4684 0.2502
4685 0.3295
4686 0.2447
4687 0.3126
4688 0.1536
4689 0.1956
4690 0.2652
4691 1.0937
4692 0.2506
4693 0.8146
4694 0.3665
4695 0.2108
4696 0.6068
4697 0.5706
4698 0.3985
4699 0.3109
4700 1.5038
4701 0.2357
4702 1.2477
4703 0.1983
4704 0.3974
4705 0.6441
4706 0.2758
4707 0.4190
4708 0.5725
4709 0.5675
4710 0.2909
4711 0.5308
4712 0.3096
4713 0.2002
4714 0.3376
4715 0.4960
4716 0.3494
4717 0.1523
4718 0.2188
4719   NaN
4720 0.3995
4721 0.2752
4722 0.2703
4723 0.7843
4724 0.3780
4725 0.2946
4726 0.5551
4727 0.5230
4728 0.1903
4729 0.4947
4730 0.4478
4731 0.1960
4732 0.3258
4733 0.2063
4734 0.2153
4735 0.3563
4736 0.1812
4737 0.4829
4738 0.1977
4739 0.4024
4740 0.1673
4741 0.2247
4742 0.2703
4743 0.5240
4744 0.5309
4745 0.7721
4746 0.1440
4747 0.4250
4748 0.5813
4749 0.1782
4750 0.2292
4751 0.1477
4752 0.4322
4753 0.4903
4754 0.4548
4755 0.2831
4756 0.1543
4757 0.1622
4758 0.5512
4759 0.3234
4760 0.5096
4761 0.3048
4762 0.2718
4763 0.1493
4764 0.2395
4765 0.5980
4766 0.4470
4767 0.3844
4768 1.1111
4769 0.3364
4770 0.3130
4771 0.4371
4772 0.2138
4773 0.3339
4774 0.3670
4775 0.6475
4776 0.5259
4777 0.2423
4778 0.3792
4779 0.1495
4780 0.2039
4781 0.1381
4782 0.2821
4783 0.2266
4784 0.1888
4785 0.3250
4786 0.4771
4787 0.8182
4788 0.4642
4789 0.2891
4790 0.1525
4791 0.4601
4792 0.1120
4793 0.8262
4794 0.4445
4795 0.2386
4796 0.8693
4797 0.3940
4798 0.2689
4799 0.3786
4800 0.1390
4801 0.2962
4802 0.1273
4803 0.4540
4804 1.0991
4805 0.1555
4806 0.2462
4807 0.1085
4808 0.5205
4809 0.3054
4810 0.6303
4811 0.6435
4812 0.1690
4813 0.6358
4814 0.1806
4815 0.1321
4816 0.4148
4817 0.4701
4818 0.6718
4819 0.2813
4820 0.7392
4821 0.5921
4822 0.1627
4823 0.5588
4824 0.5220
4825 0.5372
4826 2.7272
4827 0.2206
4828 0.2580
4829 0.2250
4830 0.3289
4831 0.1698
4832 1.9178
4833 0.3027
4834 0.2745
4835 0.3468
4836 0.4372
4837 0.2074
4838 0.2649
4839 0.2348
4840 0.4288
4841 0.9479
4842 0.4234
4843 0.1290
4844 0.1658
4845 1.8780
4846 0.3716
4847 0.3708
4848 0.3802
4849 0.1629
4850 0.3562
4851 1.4695
4852 1.5693
4853 0.3114
4854 0.2394
4855 0.4249
4856 0.8540
4857 0.8182
4858 0.2350
4859 0.6510
4860 0.5495
4861 0.3494
4862 0.8240
4863   NaN
4864 0.6363
4865 0.7292
4866 0.2464
4867 0.4585
4868 1.4522
4869 0.1903
4870 0.2781
4871 0.3216
4872 0.1626
4873 0.1882
4874 0.6813
4875 0.2620
4876 0.1466
4877 0.3096
4878 0.2081
4879 0.3597
4880 0.5683
4881 0.4227
4882 0.3985
4883 0.2163
4884 0.6951
4885 1.0514
4886 0.2855
4887 0.2239
4888 0.1445
4889 0.1374
4890 0.2563
4891 0.2458
4892 1.1320
4893 0.2745
4894 0.1644
4895 0.2176
4896 0.3194
4897 0.3458
4898 0.2052
4899 0.2296
4900 0.3961
4901 0.3511
4902 0.4664
4903 0.1760
4904 0.7768
4905 0.4275
4906 0.1375
4907 0.1563
4908 0.8018
4909 0.1967
4910 0.1987
4911 0.1781
4912 0.4287
4913 0.3146
4914 0.1930
4915 0.2325
4916 0.2983
4917 0.7781
4918 0.4170
4919 0.1537
4920 0.2335
4921 0.5674
4922 0.4222
4923 0.1668
4924 0.4717
4925 0.2932
4926 0.3934
4927 0.7509
4928 0.3081
4929 0.3635
4930 0.1747
4931 0.4127
4932 0.5468
4933 0.7107
4934 0.2282
4935 0.3815
4936 0.4180
4937 0.3931
4938 0.2807
4939 1.0267
4940 0.3567
4941 0.5792
4942 0.4409
4943 0.2024
4944 0.1830
4945 0.3492
4946 0.2118
4947 0.5383
4948 0.2207
4949 0.6267
4950 0.1814
4951 0.3108
4952 0.5852
4953 0.2200
4954 0.1591
4955 0.3617
4956 0.3062
4957 0.3199
4958 0.3009
4959 0.2923
4960 0.6025
4961 0.1488
4962 0.4143
4963 0.1663
4964 1.0317
4965 2.2565
4966 0.4126
4967 0.3037
4968 0.2683
4969 0.4046
4970 0.6228
4971 0.3088
4972 0.6735
4973 0.1974
4974 0.6053
4975 0.4686
4976 0.2393
4977 0.1594
4978 0.3120
4979 0.2301
4980 0.7351
4981 0.3410
4982 0.4351
4983 0.9405
4984 2.1631
4985 0.1774
4986 0.2848
4987 0.2373
4988 0.3528
4989 0.4766
4990 0.2421
4991 0.4955
4992 0.1076
4993 0.1349
4994 0.1494
4995 0.3240
4996 0.1844
4997 1.1717
4998 0.2524
4999 0.2498
5000 0.4428
