   1 0.1818
   2 0.4310
   3 1.4176
   4 1.2409
   5 0.2036
   6 0.7386
   7 0.6547
   8 0.3814
   9 1.9714
  10 0.4029
  11 0.3422
  12 0.2721
  13 0.7515
  14 0.4299
  15 0.5922
  16 1.3824
  17 0.8664
  18 0.4247
  19 0.2544
  20 0.1901
  21 0.6249
  22 0.5967
  23 0.4688
  24 0.7839
  25 1.2264
  26 0.1394
  27 0.2965
  28 0.4205
  29 1.3190
  30 0.8331
  31 0.5669
  32 0.2570
  33 1.5756
  34 0.6018
  35 1.1526
  36 1.9772
  37 0.7466
  38 0.4092
  39 0.8251
  40 0.3667
  41 0.3850
  42 0.3922
  43 0.5009
  44 0.1893
  45 0.6812
  46 1.4293
  47 1.6144
  48 1.4928
  49 0.2830
  50 0.3593
  51 0.7111
  52 0.1618
  53 1.2972
  54 0.8179
  55 0.4477
  56 0.4644
  57 0.3242
  58 0.4399
  59 0.3530
  60 0.4845
  61 0.5766
  62 2.0979
  63 0.1936
  64 0.4983
  65 0.1822
  66 0.3007
  67 0.3542
  68 0.7226
  69 2.8209
  70 0.5182
  71 0.2824
  72 0.3761
  73 0.9692
  74 0.2521
  75 0.4220
  76 0.2327
  77 0.4819
  78 0.8042
  79 0.8120
  80 0.7394
  81 2.8447
  82 0.1772
  83 0.1629
  84 2.5012
  85 0.2167
  86 1.3845
  87 0.3641
  88 0.1607
  89 0.2854
  90 0.3100
  91 2.1443
  92 1.5207
  93 0.3783
  94 0.5490
  95 0.2090
  96 0.4880
  97 1.4919
  98 1.3286
  99 0.5291
 100 0.3677
 101 0.4595
 102 0.7876
 103 0.5753
 104 0.4299
 105 0.1627
 106 0.2836
 107 0.8174
 108 0.3845
 109 0.7865
 110 2.2105
 111 0.7911
 112 0.4520
 113 1.3493
 114 0.6967
 115 0.3577
 116 0.8368
 117 0.5677
 118 0.5605
 119 0.9984
 120 0.6169
 121 1.9855
 122 1.4796
 123 0.9410
 124 0.8780
 125 0.5264
 126 1.5404
 127 0.5594
 128 1.3718
 129 0.3380
 130 1.5574
 131 0.2988
 132 1.0086
 133 0.2427
 134 0.9253
 135 0.3390
 136 0.2185
 137 0.3602
 138 2.3636
 139 0.4984
 140 0.4827
 141 0.8512
 142 0.4021
 143 0.3888
 144 0.6800
 145 0.3904
 146 0.8086
 147 0.5586
 148 1.9652
 149 0.9088
 150 0.2646
 151 0.3189
 152 1.6169
 153 0.3455
 154 0.7644
 155 0.6572
 156 0.3733
 157 0.3745
 158   NaN
 159 0.4770
 160 0.6009
 161 0.4630
 162 0.3770
 163 0.5507
 164 0.9875
 165 1.5492
 166 1.1054
 167 0.9041
 168 0.6215
 169 0.2298
 170 0.7249
 171 0.1891
 172 0.9051
 173 1.0360
 174 0.3536
 175 0.4346
 176 1.6293
 177 1.1855
 178 0.6109
 179 0.6253
 180 0.2776
 181 0.8594
 182 0.9043
 183 0.4622
 184 0.2701
 185 2.5373
 186 0.2732
 187 0.2066
 188 0.4414
 189 5.3686
 190 0.6728
 191 0.5908
 192 0.6812
 193   NaN
 194 0.6929
 195 0.2504
 196 0.4852
 197 0.3400
 198 0.4505
 199 0.8615
 200 0.7838
 201 0.3793
 202 1.0095
 203 0.3054
 204 1.2697
 205 1.1495
 206 0.6864
 207 0.1435
 208 2.3309
 209 0.6682
 210 0.5365
 211 0.6309
 212 0.3796
 213 2.1667
 214 1.5022
 215 0.3566
 216 1.0085
 217 1.6658
 218 0.2505
 219 2.9134
 220 0.3992
 221 0.6595
 222 0.3059
 223 3.4590
 224 0.2680
 225 0.3234
 226 1.4026
 227 0.8170
 228 0.2768
 229 0.3736
 230 0.4452
 231 0.3876
 232 0.4148
 233 0.4989
 234 0.5141
 235 0.5389
 236 1.2017
 237 0.5248
 238 1.1448
 239 0.3398
 240 0.1956
 241 2.1377
 242 1.7957
 243 2.5936
 244 0.4065
 245 0.4126
 246 0.3964
 247 0.8378
 248 2.4360
 249 1.0715
 250 3.1745
 251 2.0293
 252 0.2548
 253 0.3792
 254 0.3419
 255 1.7221
 256 0.2445
 257 0.4639
 258 0.7525
 259 0.2696
 260 2.1718
 261 0.3441
 262 0.6960
 263 0.3709
 264 0.6865
 265 0.3052
 266 0.5834
 267 1.1805
 268 0.5738
 269 0.7028
 270 0.1482
 271 0.5534
 272 0.5946
 273 0.5391
 274 1.3935
 275 0.6211
 276 1.0116
 277 0.3301
 278 0.4399
 279 0.5593
 280 0.2117
 281 0.5167
 282 0.4763
 283 0.4278
 284 0.3022
 285 2.0392
 286 0.8051
 287 5.7828
 288 0.1374
 289 2.2496
 290 1.4997
 291 1.2818
 292 0.1256
 293 0.9385
 294 0.5675
 295 0.4646
 296 0.3774
 297 0.1821
 298 0.2647
 299 0.4935
 300 2.0238
 301 1.5370
 302 0.2519
 303 0.5041
 304 0.4665
 305 0.5598
 306 0.3263
 307 0.8985
 308 0.4193
 309 0.5970
 310 2.4588
 311 0.3190
 312 0.7166
 313 0.4083
 314 0.8506
 315 0.4149
 316 0.3859
 317 0.9013
 318 0.9305
 319 0.7199
 320 0.6024
 321 0.9824
 322 0.7988
 323 1.9787
 324 0.1630
 325 0.3776
 326 2.0357
 327 0.4059
 328 4.8944
 329 0.3192
 330 0.3209
 331 1.3720
 332 0.3957
 333 2.8833
 334 0.8697
 335 0.1534
 336 0.4364
 337 1.9214
 338 0.2936
 339 1.4428
 340 0.4310
 341 0.2240
 342 0.6808
 343 0.3847
 344 0.6074
 345 1.3668
 346 0.1433
 347 1.8865
 348 1.7407
 349 0.3940
 350 1.4509
 351 3.2991
 352 0.3629
 353 1.9952
 354 0.5242
 355 0.3179
 356 0.7199
 357 1.2368
 358 0.1995
 359 0.7953
 360 0.8248
 361 0.3811
 362 1.8499
 363 1.5641
 364 0.3300
 365 0.6214
 366 0.1421
 367 1.2531
 368 0.5495
 369 0.2572
 370 1.2766
 371 1.8220
 372 2.1400
 373 0.3116
 374 0.2357
 375 0.2293
 376 0.4201
 377 1.7321
 378 1.7579
 379 0.4137
 380 0.7742
 381 0.1852
 382 0.7752
 383 1.2636
 384 1.1479
 385 1.2736
 386 0.2900
 387 1.2616
 388 0.4284
 389 0.4924
 390 1.6292
 391 0.8951
 392 1.1611
 393 0.2333
 394 1.5011
 395 0.3536
 396 0.2788
 397 0.4228
 398 0.6127
 399 0.4545
 400 0.5060
 401 0.1861
 402 0.9318
 403 0.4693
 404 1.5891
 405 0.5740
 406 1.4339
 407 0.9489
 408 0.9401
 409 0.3558
 410 3.7001
 411 0.5094
 412 1.4475
 413 4.2496
 414 0.4008
 415 0.3649
 416 0.4894
 417 0.7783
 418 1.9577
 419 1.0471
 420 0.4173
 421 0.6294
 422 0.3060
 423 0.3391
 424 0.4695
 425 0.4538
 426 0.3599
 427 2.4449
 428 0.3654
 429 1.8385
 430 0.4990
 431 0.3327
 432 0.7195
 433 0.8072
 434 0.7997
 435 0.2080
 436 0.8231
 437 0.5571
 438 2.0247
 439 0.3941
 440 0.3256
 441 0.7980
 442 0.3814
 443 0.6022
 444 1.5797
 445 0.2434
 446 0.5303
 447 1.3434
 448 1.5184
 449 1.5715
 450 0.7316
 451 0.4993
 452 0.4194
 453 1.3611
 454 0.3702
 455 2.6355
 456 0.4887
 457 0.5393
 458 3.4194
 459 0.3838
 460 1.4751
 461 1.3647
 462 0.5014
 463 1.0173
 464 0.3875
 465 0.4232
 466 0.7510
 467 2.4197
 468 0.1763
 469 0.9397
 470 0.3144
 471 1.6515
 472 0.4564
 473 3.3661
 474 0.7242
 475 0.2887
 476 0.9958
 477 2.2391
 478 0.9338
 479 0.3771
 480 0.9631
 481 0.5893
 482 0.3065
 483 1.2021
 484 0.9639
 485 1.2587
 486 0.6433
 487 0.9039
 488 0.6433
 489 0.3744
 490 1.0023
 491 0.7892
 492 0.3349
 493 0.3670
 494 0.3538
 495 1.2663
 496 0.5921
 497 1.0361
 498 0.7626
 499 0.8825
 500 1.3136
 501 2.6679
 502 0.7493
 503 0.2241
 504 0.4589
 505 0.9932
 506 0.4198
 507 0.4131
 508 1.6219
 509 0.3420
 510 0.4365
 511 0.5288
 512 1.0320
 513 0.4768
 514 1.0115
 515 0.3464
 516 1.5498
 517 0.2109
 518 0.2469
 519 0.5087
 520 0.6988
 521 0.2925
 522 0.3466
 523 0.3035
 524 0.2349
 525 0.3302
 526 0.3731
 527 1.4174
 528 0.3110
 529 0.3941
 530 0.6000
 531 0.2705
 532 0.3539
 533 0.9224
 534 0.5427
 535 0.4732
 536 0.2126
 537 0.2801
 538 2.0123
 539 0.4214
 540 3.7337
 541 0.3676
 542 0.2683
 543 1.3904
 544 0.1794
 545 0.3297
 546 0.3873
 547 0.3782
 548 0.1716
 549 0.2057
 550 2.2028
 551 1.2725
 552 0.8238
 553 0.6184
 554 0.3847
 555 0.6550
 556 0.3185
 557 0.8407
 558 0.2884
 559 1.7261
 560 2.9373
 561 1.0219
 562 0.6298
 563 1.1121
 564 0.4011
 565 1.6054
 566 0.3046
 567 1.5489
 568   NaN
 569 0.6303
 570 0.5719
 571 0.4815
 572 0.5339
 573 1.6581
 574 0.3274
 575 0.4146
 576 0.8218
 577 1.8594
 578 0.3660
 579 1.2200
 580 0.9561
 581 0.4214
 582 0.4584
 583 1.8412
 584 0.9862
 585 0.3013
 586 0.8321
 587 0.1642
 588 0.6349
 589 0.7106
 590 0.2608
 591 1.6768
 592 5.7310
 593 0.5346
 594 0.4549
 595 1.4446
 596 0.8303
 597 0.8433
 598 1.7196
 599 1.8906
 600 0.5288
 601 0.7028
 602 0.4061
 603 0.5385
 604 0.4966
 605 0.6428
 606 0.5461
 607 2.1226
 608 0.3000
 609 2.1410
 610 0.4288
 611 0.4550
 612 2.3086
 613 0.4628
 614 1.2903
 615 0.3114
 616 0.7013
 617 0.7019
 618 0.5147
 619 0.8213
 620 0.3089
 621 1.1905
 622 0.8600
 623 0.3385
 624 0.8407
 625 0.7316
 626 0.3587
 627 1.0725
 628 1.9965
 629 1.5156
 630 0.5415
 631 0.4032
 632 0.5512
 633 0.1605
 634 1.9518
 635 0.2756
 636 0.2967
 637 1.3597
 638 0.3792
 639 0.1488
 640 0.1691
 641 0.2384
 642 0.2544
 643 0.3628
 644 0.8598
 645 0.2066
 646 1.1814
 647 1.2247
 648 0.6918
 649 0.8318
 650 1.2679
 651 0.4150
 652 0.4295
 653 0.5707
 654 0.7161
 655 0.4125
 656 1.9514
 657 1.5613
 658 0.1724
 659 2.3433
 660 0.2596
 661 0.4470
 662 0.3408
 663 0.2243
 664 0.5115
 665 0.2338
 666 0.8473
 667 0.5821
 668 0.5431
 669 1.9104
 670 3.1557
 671 0.5440
 672 0.8021
 673 0.3411
 674 1.4729
 675 0.6940
 676 0.5778
 677 0.3370
 678 1.5205
 679 1.8462
 680 2.1545
 681 0.9326
 682 0.4434
 683 0.7547
 684 0.6136
 685 0.9196
 686 0.9895
 687 3.7847
 688 2.9352
 689 1.2675
 690 1.3244
 691 2.2480
 692 0.4026
 693 1.0401
 694 1.0043
 695 1.8874
 696 0.4229
 697 0.9683
 698 1.8632
 699 0.7118
 700 0.2281
 701 1.2039
 702 1.5947
 703 3.8069
 704 1.0261
 705 0.2522
 706 1.2864
 707 1.4442
 708 0.1822
 709 0.6123
 710 0.3181
 711 3.9004
 712 0.9381
 713 0.5172
 714 2.2264
 715 0.4173
 716 0.4016
 717 0.4732
 718 0.5618
 719 0.7094
 720 0.8912
 721 0.1401
 722 0.1973
 723 0.4039
 724 0.4864
 725 0.3897
 726 0.4968
 727 0.7359
 728 0.6249
 729 0.1705
 730 0.4105
 731 0.7223
 732 0.9483
 733 0.5778
 734 0.5668
 735 0.7594
 736 2.3951
 737 0.1755
 738 0.2423
 739 0.2335
 740 0.5001
 741 1.0620
 742 0.4721
 743 0.1651
 744 0.8274
 745 0.3197
 746 3.1925
 747 1.1311
 748 0.4698
 749 0.6914
 750 1.1239
 751 1.6646
 752 0.7188
 753 1.0870
 754 0.6225
 755 0.9868
 756 1.0378
 757 1.6278
 758 0.2381
 759 0.4890
 760 0.3236
 761 0.5283
 762 0.7729
 763 0.5846
 764 1.2283
 765 0.5736
 766 0.2600
 767 0.1666
 768 2.6062
 769 1.1470
 770 0.7552
 771 0.9568
 772 0.4089
 773 2.6894
 774 0.7300
 775 0.4030
 776 0.8386
 777 1.2593
 778 0.7913
 779 1.4431
 780 0.6895
 781 1.7199
 782 1.9521
 783 0.5619
 784 0.1590
 785 0.2725
 786 0.9419
 787 0.2461
 788 1.0562
 789 1.5854
 790 0.9137
 791 0.2498
 792 1.5489
 793 0.2404
 794 0.2670
 795 2.6015
 796 0.2403
 797 0.3290
 798 0.4020
 799 0.3710
 800 0.9577
 801 1.3198
 802 1.4170
 803 0.2513
 804 1.9062
 805 0.3642
 806 0.3542
 807 0.5743
 808 0.9434
 809 0.5660
 810 1.1617
 811 1.1309
 812 0.3448
 813 1.8589
 814 0.3708
 815 0.5032
 816 0.2056
 817 1.7329
 818 0.6706
 819 1.8237
 820 0.5179
 821 0.1299
 822 0.9279
 823 0.3971
 824 2.6489
 825 0.3682
 826 0.3512
 827 0.7010
 828 0.5238
 829 0.7054
 830 0.6485
 831 1.7656
 832 0.6762
 833 0.3176
 834 0.2849
 835 0.1849
 836 0.3662
 837 1.9675
 838 0.5261
 839 0.7632
 840 0.6375
 841 2.2449
 842 1.2622
 843 1.1540
 844 0.4535
 845 1.4337
 846 1.1979
 847 2.0698
 848 0.2593
 849 1.5464
 850 0.4155
 851 0.5741
 852 0.3547
 853 1.3580
 854 0.2499
 855 0.3678
 856 2.9073
 857 0.9224
 858 0.5313
 859 0.1461
 860 0.5481
 861 0.3556
 862 0.1687
 863 0.5748
 864 0.2277
 865 0.4296
 866 1.2836
 867 1.1797
 868 7.5891
 869 0.4795
 870 0.8594
 871 0.4556
 872 0.4636
 873 0.3878
 874 0.3413
 875 0.6872
 876 0.3154
 877 0.3417
 878 1.1855
 879 0.6015
 880 0.2672
 881 1.0240
 882 0.6886
 883 0.8803
 884 0.5673
 885 0.3413
 886 0.2841
 887 0.3888
 888 0.3988
 889 0.1627
 890 0.5081
 891 1.2518
 892 0.3204
 893 0.3578
 894 0.3227
 895 0.8575
 896 0.4149
 897 0.4625
 898 0.3009
 899 0.4620
 900 0.5233
 901 0.5224
 902 0.3087
 903 0.4170
 904 1.5821
 905 0.3059
 906 0.3390
 907 0.2128
 908 0.1744
 909 2.3415
 910 0.5190
 911 1.4613
 912 0.8635
 913 0.5471
 914 0.5797
 915 0.7290
 916 0.2134
 917 0.3856
 918 0.4776
 919 0.8159
 920 1.8300
 921 0.9001
 922 0.2620
 923 0.7808
 924 0.1629
 925 0.3011
 926 0.8134
 927 0.3181
 928 1.2544
 929 0.5432
 930 1.0843
 931 0.2978
 932 0.4690
 933 0.2067
 934 0.6200
 935 0.4608
 936 1.4453
 937 2.2817
 938 0.8577
 939 0.9917
 940 0.4203
 941 0.5541
 942 0.7442
 943 0.1674
 944 0.5268
 945 0.1587
 946 0.6046
 947 1.0088
 948 0.5190
 949 0.3532
 950 0.3440
 951 0.3402
 952 0.2472
 953 0.5059
 954 0.5714
 955 0.6851
 956 0.3646
 957 0.2228
 958 0.6483
 959 0.3093
 960 1.1641
 961 0.1708
 962 1.1568
 963 0.6360
 964 1.3488
 965 0.1507
 966 2.1476
 967 0.2911
 968 0.3184
 969 0.1745
 970 0.2002
 971 0.4788
 972 0.5487
 973 0.4030
 974 0.2036
 975 0.3039
 976 1.4654
 977 0.4182
 978 0.5457
 979 1.4972
 980 0.2531
 981 1.1794
 982 0.6472
 983 0.2314
 984 0.3501
 985 0.3941
 986 0.2745
 987 0.1920
 988 0.5609
 989 1.0483
 990 0.2756
 991 0.6384
 992 0.3332
 993 0.4773
 994 0.3951
 995 3.0747
 996 1.5402
 997 0.2919
 998 0.5283
 999 0.2860
1000 0.2504
1001 0.4444
1002 0.2817
1003 0.5369
1004 0.2146
1005 1.0227
1006 0.4351
1007 0.7099
1008 0.4998
1009 1.1080
1010 0.5708
1011 0.4373
1012 0.8203
1013 1.0448
1014 0.3246
1015 0.3966
1016 2.1387
1017 0.5067
1018 0.9057
1019 1.1246
1020   NaN
1021 0.5109
1022 0.2905
1023 0.5184
1024 0.3349
1025 0.5551
1026 0.7424
1027 0.2559
1028 0.2660
1029 1.0544
1030 0.1423
1031 0.7200
1032 4.0144
1033 0.3371
1034 0.1431
1035 0.3975
1036 0.3758
1037 0.4133
1038 0.7843
1039 0.4930
1040 2.1466
1041 0.5753
1042 2.7325
1043 0.4078
1044 0.4978
1045 0.8469
1046 1.4018
1047 0.2507
1048 1.7169
1049 0.5861
1050 0.4967
1051 2.1746
1052 2.3693
1053 1.6097
1054 1.3281
1055 0.6608
1056 0.3079
1057 0.6229
1058 1.3832
1059 1.5713
1060 0.7437
1061 1.5722
1062 0.3476
1063 0.5881
1064 0.8019
1065 1.5361
1066 0.9674
1067 0.8430
1068 0.3839
1069 1.7356
1070 0.4333
1071 0.8991
1072 0.8994
1073 0.8933
1074 0.4215
1075 0.7371
1076 0.7577
1077 0.9373
1078 0.2630
1079 0.3608
1080 0.3660
1081 1.5891
1082 0.9315
1083 0.8623
1084 1.0338
1085 0.5022
1086 1.1090
1087 0.7799
1088 1.0493
1089 0.3281
1090 0.5590
1091   NaN
1092 0.2390
1093 0.2322
1094 0.9767
1095 1.1206
1096 0.2944
1097 2.0557
1098 0.3034
1099 0.4296
1100 0.3252
1101 0.6425
1102 2.1524
1103 0.5020
1104 0.8565
1105 0.2132
1106 1.7496
1107 0.7691
1108 0.8070
1109 0.1784
1110 1.7259
1111 0.4149
1112 0.4113
1113 0.4717
1114 0.3779
1115 0.9860
1116 0.8802
1117 0.4898
1118 2.3781
1119 0.2919
1120 1.0118
1121 0.4832
1122 0.2775
1123 0.6336
1124 1.2887
1125 2.0324
1126 0.1186
1127 0.4242
1128 3.2484
1129 1.3788
1130 0.5189
1131 0.1913
1132 0.2128
1133 0.3356
1134 0.2694
1135 0.5869
1136 0.2040
1137 0.3776
1138 0.1724
1139 1.1506
1140 1.2153
1141 1.9133
1142 0.4722
1143 0.9031
1144 2.7701
1145 0.6626
1146 0.1511
1147 1.9115
1148 0.5868
1149 1.0808
1150 0.9523
1151 0.2474
1152 1.3553
1153 0.3506
1154 1.1183
1155 0.5183
1156 0.2239
1157 0.6871
1158 0.7426
1159 0.3422
1160 0.4739
1161 1.4010
1162 1.0111
1163 0.2945
1164 0.2967
1165 0.8975
1166 0.4072
1167   NaN
1168 0.5001
1169 0.7937
1170 0.1115
1171 0.1810
1172 0.6461
1173 0.8096
1174 0.7122
1175 0.1620
1176 1.3195
1177 0.6188
1178 0.4734
1179 0.8448
1180 0.2324
1181 0.5757
1182 1.1907
1183 3.6778
1184 2.3593
1185 1.4023
1186 0.3551
1187 0.8635
1188 0.7783
1189 0.3006
1190 0.3510
1191 0.3662
1192 0.6338
1193 1.1957
1194 0.9872
1195 0.4054
1196 1.6223
1197 1.3716
1198 0.2680
1199 0.2019
1200 0.7639
1201 0.1781
1202 0.6074
1203 0.6756
1204 0.6516
1205 0.2675
1206 2.1106
1207 0.4382
1208 0.8654
1209 1.1412
1210 1.1196
1211 0.2078
1212 0.8114
1213 0.1889
1214 2.4952
1215 0.4608
1216 0.2375
1217 0.5452
1218 0.4473
1219 0.2065
1220 0.5367
1221 2.4244
1222 0.4323
1223 1.8903
1224 0.3459
1225 0.7807
1226 1.0176
1227 0.3798
1228 0.5882
1229 0.1804
1230 0.2661
1231 0.2308
1232 0.3783
1233 2.8536
1234 0.4661
1235 1.3103
1236 0.4251
1237 0.4572
1238 0.3255
1239 0.3860
1240 2.7407
1241 1.9175
1242 1.2343
1243 0.7598
1244 1.8790
1245 1.2729
1246 0.1637
1247 1.1998
1248 1.2681
1249 0.4277
1250 1.3531
1251 0.5572
1252 0.3060
1253 0.7917
1254 0.6251
1255 0.2454
1256 0.3970
1257 0.2347
1258 0.2985
1259 0.8668
1260 0.2072
1261 0.9084
1262 0.9501
1263 1.6233
1264 0.3200
1265 0.2234
1266 0.7152
1267 1.4341
1268 0.7542
1269 0.5599
1270 0.6262
1271 0.4321
1272 0.7090
1273 0.8074
1274 0.5563
1275 0.6635
1276 1.1209
1277 1.3742
1278 1.8580
1279 0.5710
1280 1.4128
1281 0.3659
1282 0.2115
1283 0.3963
1284 0.6141
1285 0.9266
1286 0.9505
1287 1.2779
1288 0.7392
1289 0.5320
1290 1.2088
1291 0.8496
1292 2.2947
1293 0.6620
1294 0.1962
1295 1.2753
1296 2.4656
1297 0.5512
1298 0.7498
1299 0.8904
1300 3.4353
1301 0.1735
1302 0.5745
1303 1.3846
1304 1.6504
1305 2.1837
1306 0.4880
1307 0.4416
1308 0.2439
1309 0.2566
1310 0.6209
1311 1.0196
1312 0.4436
1313 0.5221
1314 0.3364
1315 0.2367
1316 1.7507
1317 0.5088
1318 0.1652
1319 1.5342
1320 0.3922
1321 0.3201
1322 0.2535
1323 0.5817
1324 0.2374
1325 1.2832
1326 1.7610
1327 0.1411
1328 0.6668
1329 0.5229
1330 1.6323
1331 0.3164
1332 0.4966
1333 0.5322
1334 0.4336
1335 0.4154
1336 0.4372
1337 0.3544
1338 0.3472
1339 1.2626
1340 0.6328
1341 0.6310
1342 0.4303
1343 0.1510
1344 1.4021
1345 0.3998
1346 0.2093
1347 0.7050
1348 2.1961
1349 0.4139
1350 0.3651
1351 0.3350
1352 0.2717
1353 0.7041
1354 2.7982
1355 0.4349
1356 0.4882
1357 1.3270
1358 1.2313
1359 0.3319
1360 0.6623
1361 0.6282
1362 0.8891
1363 0.3015
1364 0.2239
1365 0.6230
1366 0.2387
1367 0.5851
1368 1.9793
1369 0.3717
1370 1.2003
1371 0.2179
1372 0.1562
1373 0.9447
1374 1.3643
1375 1.2139
1376 0.7705
1377 0.9725
1378 0.1822
1379 0.3035
1380 0.7053
1381 0.6502
1382 0.6050
1383 0.4428
1384 0.6264
1385 0.3080
1386 0.9438
1387 0.6473
1388 0.2326
1389 0.8491
1390 0.6194
1391 0.4277
1392 0.6033
1393 1.1195
1394 2.8439
1395 0.2679
1396 0.4492
1397 1.2143
1398 0.3856
1399 0.1946
1400 0.2246
1401 0.4024
1402 0.4149
1403 0.2923
1404 0.4222
1405 0.8368
1406 1.9725
1407 0.6729
1408 2.6462
1409 0.2328
1410 0.5435
1411 0.3995
1412 0.7291
1413 1.0680
1414 0.7547
1415 0.4850
1416 0.8991
1417 0.4008
1418 1.8079
1419 0.2255
1420 0.3579
1421 0.4380
1422 1.8835
1423 0.3907
1424 0.6306
1425 1.3399
1426 0.2994
1427 0.7896
1428 2.3015
1429 0.4423
1430 0.1484
1431 2.2845
1432 0.5259
1433 0.7050
1434 0.7508
1435 0.5209
1436 0.6191
1437 1.1359
1438 2.8421
1439 0.1686
1440 2.5039
1441 0.3351
1442 0.5899
1443 0.7316
1444 1.5489
1445 0.1995
1446 0.4060
1447 0.9204
1448 0.2886
1449 1.2032
1450 0.7867
1451 0.5228
1452 1.5143
1453 0.3020
1454 0.5922
1455 0.3557
1456 0.7986
1457 0.5102
1458 0.3263
1459 14.2322
1460 0.5543
1461 0.2870
1462 0.9509
1463 0.2375
1464 0.7112
1465 2.1684
1466 0.2769
1467 2.7693
1468 1.1192
1469 1.0807
1470 1.2374
1471 0.2809
1472 0.4382
1473 1.1495
1474 0.2086
1475 1.4396
1476 0.5439
1477 0.7776
1478 1.0243
1479 0.9211
1480 2.4547
1481 0.2301
1482 0.7159
1483 0.5935
1484 1.4530
1485 0.6223
1486 0.3969
1487 1.3821
1488 0.2545
1489 2.2115
1490 0.9377
1491 0.5431
1492 0.2403
1493 0.3537
1494 1.6362
1495 0.4046
1496 0.5174
1497 1.2519
1498 0.9544
1499 0.2509
1500 0.3962
1501 0.3287
1502 0.1929
1503 0.7187
1504 0.3146
1505 0.2017
1506 0.7261
1507 0.2728
1508 1.5037
1509 0.2153
1510 2.3890
1511 0.9894
1512 1.0945
1513 2.9326
1514 0.6995
1515 0.8298
1516 0.3135
1517 0.2721
1518 0.2757
1519 0.7026
1520 0.5057
1521 0.5390
1522 0.4937
1523 0.3495
1524 0.2160
1525 0.9175
1526 0.3615
1527 0.3207
1528 0.3640
1529 0.4249
1530 1.4140
1531 0.3724
1532 1.0646
1533 0.8061
1534 2.1458
1535 0.5852
1536 1.8588
1537 0.4025
1538 0.1393
1539 0.4210
1540 0.9392
1541 0.7118
1542 1.7220
1543 0.7970
1544 0.2364
1545 1.1862
1546 0.1756
1547 1.0045
1548 0.2189
1549 0.9947
1550 0.3132
1551 1.8833
1552 0.4056
1553 0.7792
1554 1.4917
1555 0.1844
1556 1.4390
1557 0.4676
1558 0.4045
1559 2.2821
1560 0.2294
1561 1.4238
1562 0.2878
1563 0.5444
1564 0.8235
1565 0.9469
1566 0.7800
1567 0.7207
1568 0.4137
1569 0.4616
1570 0.2005
1571 1.5530
1572 0.5494
1573 0.3207
1574 0.8584
1575 1.4463
1576 1.8309
1577 1.2301
1578 0.4678
1579 0.2225
1580 0.2585
1581 0.7962
1582 0.2628
1583 0.4644
1584 0.8977
1585 0.4091
1586 1.3669
1587 0.2289
1588 1.9135
1589 1.3866
1590 0.8073
1591 1.4640
1592 0.2556
1593 0.6978
1594 0.4433
1595 0.3881
1596 0.2092
1597 1.3099
1598 1.4625
1599 0.9699
1600 1.0064
1601 1.8440
1602 0.6381
1603 0.5426
1604 1.5978
1605 1.9560
1606 0.3454
1607 0.2241
1608 2.6745
1609 0.6604
1610 0.6694
1611 0.3386
1612 0.6869
1613 0.2704
1614 0.8108
1615 0.4205
1616 0.2965
1617 0.2770
1618 0.3537
1619 0.2326
1620 0.8139
1621 0.3533
1622 0.1758
1623 0.6317
1624 1.3972
1625 0.1624
1626 0.9007
1627 0.2259
1628 1.8677
1629 0.3732
1630 0.3088
1631 1.8896
1632 0.4070
1633 1.7722
1634 0.5655
1635 0.3355
1636   NaN
1637 1.3173
1638 0.1565
1639 0.1254
1640 1.1492
1641 0.9470
1642 0.4257
1643 0.4722
1644 0.4427
1645 0.5308
1646 2.9089
1647 0.5042
1648 0.6624
1649 0.6928
1650 1.9041
1651 0.3401
1652 0.3295
1653 0.2764
1654 0.8286
1655 0.4300
1656 1.2964
1657 0.2183
1658 0.5109
1659 1.1791
1660 1.1928
1661 0.5796
1662 1.4112
1663 0.2574
1664 0.1399
1665 0.8918
1666 3.1695
1667 0.5648
1668 0.4586
1669 0.2981
1670 0.3883
1671 0.4366
1672 1.2983
1673 3.0250
1674 0.4273
1675 0.4611
1676 0.2453
1677 0.5752
1678 0.3557
1679 1.0064
1680 1.4567
1681 1.2362
1682 0.4116
1683 0.8704
1684 0.3006
1685 0.5887
1686 0.1992
1687 1.3084
1688 0.2588
1689 1.1451
1690 0.1942
1691 0.6855
1692 0.1584
1693 0.2188
1694 0.5831
1695 0.4233
1696 0.1946
1697 0.9280
1698 0.8055
1699 0.7335
1700 0.4991
1701 1.1596
1702 1.7486
1703 0.4214
1704 1.0423
1705 0.2709
1706 0.2401
1707 1.1530
1708 2.2194
1709 0.7763
1710 4.4922
1711 0.3395
1712 0.2691
1713 1.6539
1714 0.3318
1715 0.3599
1716 0.4008
1717 0.2342
1718 0.3272
1719 0.2362
1720 5.3766
1721 0.9870
1722 1.4308
1723 2.1105
1724 0.7317
1725 0.2119
1726 3.6165
1727 0.9522
1728 0.1527
1729 0.5788
1730 0.3723
1731 0.7081
1732 0.7184
1733 0.2534
1734 0.7765
1735 3.0277
1736 0.8191
1737 2.9531
1738 0.1381
1739 0.4667
1740 0.3533
1741 2.4206
1742 0.3275
1743 0.3588
1744 0.9002
1745 0.5110
1746 0.5448
1747 0.2777
1748 0.9124
1749 0.2693
1750 1.8424
1751 1.3507
1752 1.7613
1753 0.3457
1754 0.5872
1755 1.7273
1756 1.2348
1757 0.3050
1758 0.5166
1759 0.3264
1760 0.9001
1761 0.2937
1762 0.2306
1763 1.2085
1764 0.4273
1765 0.3329
1766 1.2241
1767 1.0092
1768 0.8706
1769 0.4026
1770 2.6721
1771 0.1628
1772 0.4740
1773   NaN
1774 0.3387
1775 1.7316
1776 0.3328
1777 0.2969
1778 0.3800
1779 1.7782
1780 0.5524
1781 0.3409
1782 1.2475
1783 2.6755
1784 0.4799
1785 0.1893
1786 0.9985
1787 0.2620
1788 0.6896
1789 1.2935
1790 0.4280
1791 0.1413
1792 1.2481
1793 0.2997
1794 0.5395
1795 1.3398
1796 0.8502
1797 0.5361
1798 0.7864
1799 0.9817
1800 2.2622
1801 1.0496
1802 1.0918
1803 0.8260
1804 0.7406
1805   NaN
1806 1.3604
1807 1.3292
1808 0.2601
1809 0.2132
1810 0.6417
1811 1.1980
1812 0.8392
1813 0.5976
1814 0.2898
1815 0.2231
1816 3.7540
1817 0.2641
1818 0.5294
1819 2.5771
1820 0.4133
1821 1.3575
1822 1.7582
1823 0.9934
1824 0.6243
1825 0.5130
1826 0.1872
1827 1.0317
1828 0.3843
1829 1.1679
1830 1.1700
1831 0.3973
1832 0.6393
1833 1.0232
1834 0.7573
1835 0.2482
1836 0.4550
1837 0.2860
1838 0.2556
1839 0.5430
1840 0.2250
1841 2.4220
1842 0.5289
1843 0.9122
1844 0.4226
1845 2.0343
1846 1.8975
1847 1.6550
1848 0.2334
1849 2.0039
1850 0.5909
1851 1.9399
1852 0.8935
1853 3.4733
1854 1.4585
1855 0.6032
1856 0.8753
1857 0.4812
1858 0.2617
1859 0.7583
1860 1.9442
1861 0.1171
1862 0.1686
1863 1.8189
1864 0.7850
1865 0.8117
1866 0.3571
1867 0.4024
1868 0.4130
1869 0.9882
1870 0.7158
1871 0.1556
1872 1.3472
1873 1.4068
1874 0.2932
1875 0.3555
1876 0.2781
1877 0.3507
1878 0.3596
1879 0.8968
1880 0.2938
1881 0.3787
1882 2.0669
1883 2.4773
1884 0.5102
1885 0.4491
1886 1.2048
1887 0.3537
1888 1.8848
1889 2.0199
1890 0.5559
1891 0.2606
1892 0.9022
1893 1.2940
1894 0.6622
1895 0.3841
1896 0.3258
1897 8.1122
1898 2.3317
1899 0.7392
1900 0.4452
1901 0.3531
1902 2.7312
1903 0.1671
1904 0.5017
1905 0.2479
1906 2.1343
1907 0.4893
1908 0.2570
1909 0.5400
1910 0.3919
1911 0.6628
1912 0.4933
1913 4.6406
1914 0.5052
1915 0.5488
1916 0.2313
1917 1.0805
1918 0.9021
1919 2.3234
1920 0.4237
1921 0.3874
1922 0.3197
1923 0.3526
1924 0.4059
1925 0.3664
1926 0.6274
1927 0.3547
1928 0.3971
1929 0.9031
1930 0.4191
1931 0.7950
1932 0.6403
1933 0.2452
1934 0.5181
1935 1.4678
1936 0.3856
1937 1.2496
1938 0.5355
1939 1.3822
1940 0.3253
1941   NaN
1942 0.2421
1943 0.3505
1944 1.4640
1945 0.6953
1946 0.2864
1947 2.5195
1948 0.5448
1949 0.2924
1950 2.3074
1951 4.9124
1952 0.2680
1953 1.9297
1954 0.4845
1955 0.7102
1956 0.2260
1957 0.4162
1958 0.3899
1959 3.2766
1960 0.2459
1961 1.0534
1962 0.3832
1963 0.1689
1964 0.6988
1965 0.3459
1966 1.3842
1967 0.4786
1968 1.1024
1969 0.6655
1970 0.6038
1971 0.5055
1972 0.8683
1973 1.2173
1974 0.8625
1975 0.4669
1976 0.7990
1977 1.8435
1978 0.4014
1979 0.1116
1980 0.6931
1981 0.2897
1982 1.3554
1983 2.9485
1984   NaN
1985 2.1260
1986 0.5948
1987 0.5164
1988 1.7098
1989 1.6909
1990 0.4504
1991 0.5846
1992 0.1875
1993 0.2491
1994 0.3391
1995 0.3691
1996 0.6193
1997 0.5331
1998 1.7779
1999 1.3212
2000 4.4070
2001 0.5818
2002 0.2776
2003 0.2561
2004 1.9587
2005 1.2000
2006 0.4360
2007 0.5386
2008 0.3533
2009 0.4581
2010 0.6388
2011 0.3039
2012 0.3374
2013 1.4153
2014 0.4889
2015 0.4545
2016 0.7549
2017 0.5328
2018 0.3568
2019 0.1982
2020 0.2591
2021 0.4613
2022 0.9856
2023 0.5602
2024 2.0949
2025 3.0775
2026 0.7415
2027 0.5436
2028 0.6609
2029 0.2562
2030 0.6452
2031 0.9192
2032 0.9908
2033 1.5034
2034 0.5167
2035 0.6979
2036 2.2001
2037 0.2081
2038 0.7654
2039 1.2507
2040 0.4910
2041 1.5125
2042 0.3409
2043 1.3678
2044 1.5026
2045 0.5582
2046 0.4320
2047 0.2506
2048 0.6980
2049 0.5190
2050 0.1867
2051 0.4921
2052 1.1076
2053 0.4173
2054 0.2400
2055 0.3302
2056 4.2096
2057 0.8372
2058 0.3010
2059 0.8837
2060 0.5306
2061 0.5392
2062 0.2885
2063 0.3766
2064 0.4037
2065 2.8981
2066 0.5997
2067 0.2793
2068 3.1769
2069 0.6137
2070 0.6027
2071 3.5301
2072 0.3307
2073 0.2620
2074 3.9497
2075 0.5995
2076 0.7316
2077 0.1735
2078 0.3587
2079 0.4065
2080 0.4303
2081 0.4264
2082 0.5933
2083 0.5643
2084 0.2848
2085 0.3356
2086 1.9690
2087 0.5239
2088 3.1663
2089 1.6994
2090 0.8339
2091 0.5946
2092 0.7877
2093 0.1854
2094 0.4226
2095 0.4066
2096 0.2582
2097 1.7526
2098 0.3038
2099 1.5372
2100 1.1971
2101 0.7835
2102 0.1336
2103 0.5536
2104 0.6417
2105 1.1482
2106 0.2899
2107 2.4615
2108 0.5314
2109 1.2849
2110 0.4040
2111 0.5521
2112 0.4913
2113 0.3189
2114 1.6279
2115 0.5094
2116 0.2117
2117 0.8460
2118 1.5193
2119 0.4249
2120 1.3182
2121 0.8948
2122 0.2185
2123 0.3743
2124 0.4068
2125 3.1064
2126 0.1739
2127 0.3603
2128 0.2637
2129 0.3853
2130 0.2159
2131 0.6699
2132 0.8730
2133 0.7114
2134 0.3873
2135 0.8791
2136 0.4233
2137 0.5364
2138 0.4855
2139 1.2937
2140 2.5298
2141 2.2084
2142 0.2517
2143 0.6642
2144 3.3661
2145 0.1390
2146 0.2466
2147 1.0775
2148 0.8337
2149 0.8021
2150 0.9381
2151 0.6436
2152 0.5693
2153 0.2437
2154 0.1625
2155 0.3327
2156 0.2852
2157 0.2710
2158 0.3784
2159 0.3711
2160 0.2278
2161 1.6627
2162 0.3028
2163 1.9114
2164 0.5264
2165 2.3485
2166 0.3631
2167 0.3454
2168 0.9046
2169 0.5603
2170 0.3743
2171 0.5822
2172 0.9105
2173 0.1447
2174 1.4894
2175 1.3876
2176 0.1400
2177 0.2102
2178 1.2200
2179 0.5997
2180 0.2064
2181 0.3343
2182 0.6260
2183 0.2609
2184 1.2952
2185 0.1774
2186 0.9389
2187 0.3648
2188 0.8187
2189 0.2330
2190 0.3409
2191 0.2460
2192 1.4593
2193 0.3312
2194 1.9388
2195 1.2602
2196 1.4494
2197 0.9151
2198 0.4338
2199 0.2589
2200 0.3684
2201 0.7648
2202 0.5108
2203 0.5107
2204 0.7135
2205 0.7175
2206 2.0528
2207 0.8152
2208 1.2378
2209 0.1856
2210 1.4555
2211 0.6386
2212 0.5751
2213 0.6144
2214 0.4575
2215 0.2726
2216 0.5052
2217 0.7726
2218 0.4142
2219 0.4644
2220 0.4221
2221 0.2076
2222 1.0609
2223 0.2468
2224 0.1653
2225 1.2330
2226 0.9145
2227 0.6192
2228 2.0691
2229 1.2183
2230 0.3029
2231 1.5479
2232 0.5692
2233 0.9104
2234 1.0369
2235 2.8859
2236 0.3418
2237 0.6977
2238 1.0565
2239 0.2673
2240 1.8424
2241 0.8933
2242 0.4317
2243 0.5474
2244 0.6902
2245 0.1696
2246 0.2082
2247 0.4265
2248 0.6127
2249 1.0958
2250 2.0102
2251 0.5221
2252 0.1785
2253 1.5557
2254 0.9133
2255 0.5679
2256 1.1874
2257 0.6081
2258 1.2478
2259 0.5092
2260 1.6516
2261 2.2756
2262 0.9408
2263 4.9666
2264 0.3361
2265 0.5454
2266 0.3226
2267 0.9963
2268 0.8274
2269 0.5307
2270 0.7008
2271 0.5802
2272 0.4079
2273 0.4866
2274 0.2369
2275 0.6529
2276 1.4157
2277 1.1462
2278 0.3738
2279   NaN
2280 1.8120
2281 0.8641
2282   NaN
2283 2.3915
2284 0.2580
2285 1.7066
2286 4.0746
2287 1.5754
2288 0.7647
2289 1.1530
2290 0.8364
2291 1.0630
2292 0.3975
2293 0.3566
2294 0.3456
2295 0.3218
2296 0.4946
2297 0.2576
2298 0.2095
2299 0.5472
2300 0.9494
2301 0.7977
2302 0.7684
2303 0.3088
2304 0.3903
2305 0.7834
2306 0.1635
2307 0.4972
2308 0.3170
2309 0.4018
2310 0.3858
2311 0.5161
2312 1.3393
2313 0.5070
2314 0.1869
2315 0.3803
2316 0.3431
2317 1.3918
2318 1.5622
2319 0.2081
2320 0.3861
2321 0.6430
2322 0.2070
2323 0.5478
2324 1.5506
2325 0.9482
2326 0.5070
2327 0.8581
2328 0.1986
2329 0.4082
2330 0.4264
2331 2.0354
2332 0.4597
2333 0.8781
2334 0.3430
2335 0.3258
2336 0.4358
2337 0.3420
2338 1.4673
2339 0.3352
2340   NaN
2341 0.5630
2342 0.4530
2343 0.7098
2344 1.5774
2345 0.6837
2346 0.1762
2347 1.1833
2348 0.3851
2349 1.1983
2350 0.6435
2351 0.6057
2352 1.1951
2353 0.2577
2354 1.1724
2355 0.4171
2356 1.0227
2357 9.2242
2358 1.0617
2359 1.5900
2360 0.3339
2361 0.3160
2362 0.4700
2363 0.4382
2364 2.2227
2365 0.2349
2366 0.8696
2367 0.1987
2368 1.1603
2369 1.1732
2370 1.2613
2371 0.4247
2372 0.9220
2373 0.8003
2374 0.1660
2375 2.6026
2376 7.3486
2377 0.3326
2378 0.7508
2379 1.1921
2380 0.7754
2381 0.5280
2382 0.1964
2383 0.6414
2384 1.7525
2385 0.3311
2386 0.2206
2387 0.4254
2388 0.7885
2389 0.8669
2390 0.2244
2391 0.3662
2392 0.3253
2393 0.4049
2394 0.6318
2395 0.3640
2396 1.2911
2397 0.8555
2398 0.5403
2399 1.5514
2400 0.5596
2401 0.5220
2402 0.3229
2403 0.5729
2404 0.3857
2405 0.7965
2406 1.2988
2407 0.2051
2408 0.7406
2409 1.1851
2410 0.4296
2411 0.4497
2412 1.0095
2413 0.5756
2414 0.3976
2415 0.6553
2416 0.4619
2417 0.3603
2418 1.1709
2419 0.3368
2420 0.2303
2421 0.2041
2422 0.7251
2423 2.7635
2424 0.5142
2425 0.3284
2426 1.3017
2427 2.1343
2428 0.4324
2429 1.2157
2430 1.4621
2431 0.6931
2432 1.6565
2433 1.3264
2434 0.4625
2435 0.1442
2436 0.1942
2437 1.3260
2438 0.7011
2439 0.1892
2440 0.4611
2441 0.2326
2442 1.4657
2443 1.2574
2444 0.3390
2445 1.3907
2446 1.3000
2447 1.9516
2448 1.7793
2449 2.7228
2450 1.2641
2451 1.6944
2452 0.8409
2453 1.7211
2454 1.1247
2455 0.4387
2456 0.1554
2457 0.4471
2458 0.7510
2459 0.4682
2460 1.1363
2461 0.4285
2462 0.9276
2463 0.9630
2464 0.2850
2465 0.8650
2466 0.4651
2467   NaN
2468 2.3280
2469 1.1538
2470 0.8808
2471 0.7592
2472 0.6306
2473 1.8181
2474 2.7161
2475 0.3530
2476 1.0515
2477 0.9992
2478 0.4306
2479 2.1182
2480 0.4559
2481 1.6030
2482 0.4002
2483 0.4367
2484 1.1734
2485 1.1267
2486 0.5688
2487 0.2179
2488 0.3141
2489 0.3268
2490 0.4228
2491 0.4480
2492 0.6312
2493 0.1566
2494 0.1179
2495 0.2399
2496 2.3967
2497 0.9721
2498 0.2882
2499 2.8071
2500 0.2590
