2501 0.8208
2502 2.8488
2503 1.5590
2504 0.1615
2505 2.2539
2506 1.4978
2507 2.0668
2508 0.8475
2509 1.9295
2510 1.1307
2511 0.9305
2512 1.4774
2513 0.5399
2514 0.9077
2515 1.5988
2516 5.7521
2517 2.3082
2518 4.0271
2519 1.9882
2520 8.2360
2521 1.1454
2522 3.4013
2523 0.2411
2524 1.3311
2525 1.4398
2526 3.2247
2527 7.6736
2528 0.4081
2529 0.8590
2530 0.9602
2531 2.8074
2532 2.7003
2533 0.8464
2534 2.6578
2535 4.7146
2536 3.3374
2537 1.3260
2538 0.7713
2539 2.1749
2540 2.7961
2541 0.6792
2542 4.3747
2543 1.3076
2544 2.5200
2545 1.8697
2546 1.5827
2547   NaN
2548 0.7347
2549 0.4187
2550 2.0054
2551 1.8877
2552 2.1072
2553 1.7809
2554 2.4315
2555 1.7373
2556 3.2790
2557 3.6314
2558 2.0599
2559 0.7623
2560 0.9141
2561 1.5294
2562 0.8802
2563 0.5997
2564 0.5717
2565 4.0703
2566 0.7755
2567 0.7747
2568 0.2393
2569 0.6043
2570 1.3175
2571 0.2371
2572 0.4225
2573 1.3077
2574 1.8326
2575 0.4161
2576 1.2460
2577 0.1968
2578 0.8729
2579 0.4147
2580 1.8793
2581 0.7521
2582 0.6020
2583 1.1902
2584 1.4858
2585 2.9392
2586 1.3317
2587 0.3066
2588 6.1974
2589 5.8442
2590 1.4100
2591 3.0960
2592 1.7415
2593 4.6028
2594 3.5235
2595 0.4447
2596 3.7547
2597 2.6363
2598 1.5242
2599 6.7850
2600 5.3267
2601 2.0336
2602 1.8216
2603 1.7585
2604 1.3229
2605 3.8454
2606 0.3719
2607 2.0809
2608 3.3207
2609 0.4128
2610 0.8644
2611 0.3582
2612 0.9777
2613 1.8659
2614 3.7246
2615 1.2708
2616 1.5311
2617 2.3193
2618 7.1134
2619 0.7502
2620 0.4882
2621 0.2592
2622 0.6805
2623 2.2858
2624 2.7030
2625 0.3625
2626 1.4059
2627 9.2200
2628 3.6527
2629 0.9393
2630 0.9226
2631 1.0983
2632 1.7574
2633 0.2992
2634 3.6614
2635 2.1754
2636 1.9735
2637 2.5059
2638 1.2169
2639 2.4073
2640 4.6120
2641 2.0337
2642 3.5970
2643 2.6780
2644 1.7535
2645 1.5094
2646 1.1569
2647 1.3787
2648 0.3843
2649 1.5549
2650 1.9215
2651 4.0509
2652 0.4385
2653 1.2633
2654 2.1783
2655 1.2223
2656 0.4897
2657 0.6372
2658 2.5219
2659 2.9472
2660 1.7892
2661 0.4858
2662 6.7077
2663 3.1295
2664 3.4527
2665 1.3358
2666 0.4501
2667 2.1676
2668 0.8501
2669 1.8325
2670 1.6812
2671 0.2943
2672   NaN
2673 3.7169
2674 0.9566
2675 3.2898
2676 1.4383
2677 0.6329
2678 1.6282
2679 6.8607
2680 11.5739
2681 1.4838
2682 1.2535
2683 5.9491
2684 8.9150
2685 0.9856
2686 0.3791
2687 5.3929
2688 1.0127
2689 1.7045
2690 1.5347
2691 0.3837
2692 2.5320
2693 1.2630
2694 1.0619
2695 0.1726
2696 0.8645
2697 0.8596
2698 0.4425
2699 2.6055
2700 0.5812
2701 2.6277
2702 2.1649
2703 4.9986
2704 1.1304
2705 0.5519
2706 7.1182
2707 5.1555
2708 3.6505
2709 0.1120
2710 0.9150
2711 7.7900
2712   NaN
2713 0.9491
2714 2.3800
2715 1.8269
2716 2.3015
2717 2.3768
2718 0.6939
2719 3.8259
2720 2.7379
2721 0.9597
2722 3.6549
2723 6.0112
2724 1.6890
2725 0.4230
2726 0.9881
2727 1.1360
2728 4.4789
2729 0.8093
2730 1.7022
2731 0.3171
2732 0.5130
2733 1.5406
2734 2.8743
2735 15.6578
2736 0.5215
2737 0.5462
2738 3.3896
2739 0.5860
2740 2.1698
2741 5.3060
2742 1.4703
2743 9.5296
2744 2.0918
2745 2.0023
2746 1.3521
2747 4.9346
2748 3.6525
2749 3.8479
2750 0.2834
2751 1.7041
2752 0.8327
2753 2.2488
2754 3.3094
2755 0.9859
2756 0.9661
2757 1.1325
2758 1.0530
2759 3.9240
2760 3.3816
2761 1.1701
2762 2.2081
2763 1.6854
2764 0.5281
2765 1.9134
2766 1.6842
2767 0.5157
2768 4.5820
2769 3.6693
2770 0.4346
2771 0.9364
2772 0.8332
2773 4.0321
2774 2.5575
2775 2.4984
2776 2.4174
2777 4.4122
2778 1.5254
2779 2.1676
2780 2.5497
2781 0.1662
2782 1.5472
2783 0.9718
2784 2.0484
2785 0.5901
2786 3.1284
2787 5.0002
2788 1.3324
2789 0.8937
2790 0.5392
2791 0.3890
2792 1.5019
2793 0.4181
2794 0.9209
2795 1.2607
2796 0.6156
2797 2.0800
2798 1.2263
2799 0.2881
2800 4.9896
2801 2.5510
2802 0.6492
2803 0.6413
2804 2.9213
2805 1.5580
2806 1.3706
2807 1.3420
2808 0.2590
2809 0.4221
2810 0.3187
2811 2.2111
2812 1.2018
2813 2.6809
2814 1.3855
2815 0.6725
2816 1.8167
2817 2.5106
2818 2.6955
2819 0.4012
2820 1.4048
2821 1.0760
2822 2.3089
2823 0.1384
2824 2.9628
2825 2.0226
2826 3.6460
2827 4.9437
2828 5.1354
2829 1.4772
2830 2.9878
2831 2.5338
2832 0.4275
2833 0.3732
2834 2.0365
2835 1.0021
2836 1.0662
2837 1.1340
2838 1.1083
2839 2.3974
2840 2.6748
2841 0.6428
2842 0.4522
2843 3.2794
2844 5.4814
2845 3.5060
2846 0.7766
2847 4.6464
2848   NaN
2849 1.1256
2850 0.2955
2851 1.0139
2852 0.7049
2853 1.8473
2854 0.4531
2855 0.6540
2856 0.5063
2857 3.9615
2858 2.5027
2859 0.8983
2860 1.0951
2861 8.1207
2862 1.0600
2863 2.9926
2864 2.7220
2865 1.3508
2866 0.5659
2867 2.1443
2868 4.6527
2869 18.9922
2870 1.8757
2871 3.5617
2872 8.4891
2873 2.1430
2874 1.8257
2875 0.8557
2876 0.3961
2877 0.2990
2878 1.3431
2879 0.9368
2880 1.0835
2881 1.1931
2882 0.8506
2883 1.6143
2884 1.5386
2885 1.1130
2886 2.7836
2887 0.3552
2888 6.1346
2889 0.9973
2890 1.1005
2891 1.0970
2892 5.6669
2893 1.3474
2894 6.8110
2895 5.6669
2896 1.2842
2897 4.7277
2898 0.6957
2899 0.4264
2900 2.3415
2901 1.2924
2902 5.0329
2903 3.1421
2904 0.8420
2905 0.2422
2906 1.5081
2907 0.3972
2908 2.2478
2909 3.8032
2910 1.2758
2911 0.8731
2912 0.5299
2913 1.6775
2914 3.9075
2915 0.4792
2916 1.2443
2917 0.1586
2918 0.7244
2919 2.7932
2920 1.2258
2921 0.7208
2922 1.7363
2923 8.3194
2924 6.8715
2925 0.8317
2926 3.1729
2927 5.7772
2928 3.8694
2929 1.8636
2930 2.8920
2931 1.9895
2932 0.9208
2933 2.0136
2934 7.6976
2935 1.1905
2936 0.9224
2937 4.1937
2938 1.5162
2939 0.8292
2940 9.5643
2941 0.5556
2942 1.6315
2943 2.1996
2944 0.8951
2945 1.0896
2946 0.5157
2947 3.4737
2948 4.3633
2949 1.6182
2950 11.5217
2951 1.0482
2952 2.4513
2953 0.4979
2954 13.7300
2955 0.4229
2956 0.8000
2957 1.7639
2958 1.9442
2959 1.6212
2960 3.2529
2961 1.1617
2962 1.1014
2963 1.0826
2964 1.7626
2965 4.4021
2966 5.5152
2967 1.0956
2968 0.4025
2969 4.0836
2970 1.5006
2971 0.5959
2972   NaN
2973 0.4903
2974 2.6254
2975 7.1898
2976 8.0759
2977 0.6739
2978 0.8167
2979 2.2416
2980 2.8805
2981 1.1568
2982 0.3114
2983 0.9974
2984 2.3707
2985 3.9248
2986 1.2306
2987 2.4220
2988 2.4234
2989 0.4467
2990 0.4727
2991 3.1221
2992 3.1081
2993 1.8355
2994 1.7181
2995 0.4886
2996 2.3033
2997 1.6658
2998   NaN
2999 0.9870
3000 2.4549
3001 11.9021
3002 2.6925
3003 1.3137
3004 2.9634
3005 5.2208
3006 2.8552
3007 0.3351
3008 0.3767
3009 0.2828
3010 5.6973
3011 4.2763
3012 4.2227
3013 0.6471
3014 0.3291
3015 0.9189
3016 0.4954
3017 6.1436
3018 1.9224
3019 2.0711
3020 7.0664
3021 2.7361
3022 1.6518
3023 1.9290
3024 6.4846
3025 3.0607
3026 1.5668
3027 1.9202
3028 2.9260
3029 2.7346
3030 2.4731
3031 3.6719
3032 2.1718
3033 1.3922
3034 0.4193
3035 4.9219
3036 1.4934
3037 3.7957
3038 4.0249
3039 0.8824
3040 4.2102
3041 0.3751
3042 4.9590
3043 4.9553
3044 2.5077
3045 1.3024
3046 2.6778
3047 1.8219
3048 0.5584
3049 0.6342
3050 1.4217
3051 1.4594
3052 2.9430
3053 0.9013
3054 0.5983
3055 4.0707
3056 2.0694
3057 0.8343
3058 0.4811
3059 0.6480
3060 0.4220
3061 4.9815
3062 8.4863
3063 3.6165
3064 5.7166
3065 3.0731
3066 1.7082
3067 0.5801
3068 2.2693
3069 0.4093
3070 1.4107
3071 2.9439
3072 0.3240
3073 0.6119
3074 0.5350
3075 6.8800
3076 2.8540
3077 2.0263
3078 4.6604
3079 2.5489
3080 1.3960
3081 2.4334
3082 0.4525
3083 2.6756
3084 2.2755
3085 0.4925
3086 1.2310
3087 0.6421
3088 4.7832
3089 3.4307
3090 1.8003
3091 0.1935
3092 2.7961
3093 2.2727
3094 1.9504
3095 0.4864
3096 1.7138
3097 2.7976
3098 1.3526
3099 2.0055
3100 0.4240
3101 1.0461
3102 1.6147
3103 2.3343
3104 0.4751
3105 0.8847
3106 1.0766
3107 0.4610
3108 1.4344
3109 4.1199
3110 0.4025
3111 4.0546
3112 2.7578
3113 1.2850
3114 1.5993
3115 4.1618
3116 1.8764
3117 0.8200
3118 0.9152
3119 0.4842
3120 2.0624
3121 2.3418
3122 0.7174
3123 1.1810
3124 2.1224
3125 1.3828
3126 2.4641
3127 1.6489
3128 0.9548
3129 1.4814
3130 2.6418
3131 1.2289
3132 0.9326
3133 1.2885
3134 0.5258
3135 6.6749
3136 3.2214
3137 0.5569
3138 2.4387
3139 2.1495
3140 1.6668
3141 1.2024
3142 2.4327
3143 1.5662
3144 3.4143
3145 1.1186
3146 1.8211
3147 1.7054
3148 2.3622
3149 6.2864
3150 3.5521
3151 1.9883
3152 2.5988
3153 2.0738
3154 4.5366
3155 0.8410
3156 0.6823
3157 1.1629
3158 1.0168
3159 2.7362
3160 1.5639
3161 16.1365
3162 2.2013
3163 2.1271
3164 1.1547
3165 0.3183
3166 0.4353
3167 3.8281
3168 3.4367
3169 1.2493
3170 0.2979
3171 2.3927
3172 1.8489
3173 7.6280
3174 2.2675
3175 0.9278
3176 1.3300
3177 2.4350
3178 3.0838
3179 1.0264
3180 5.7695
3181 0.2033
3182 0.7765
3183 1.4816
3184 2.6268
3185 0.4531
3186 0.7387
3187 1.4963
3188 2.3019
3189 4.2552
3190 0.2115
3191 3.3576
3192 4.3567
3193 1.9894
3194 16.5776
3195 1.6523
3196 2.9038
3197 1.1646
3198 1.0828
3199 1.7961
3200 1.0021
3201 1.8801
3202 1.5316
3203 1.5779
3204 4.1223
3205 0.3952
3206 5.3897
3207 3.3522
3208 1.2845
3209 2.3484
3210 4.9686
3211 0.8783
3212 3.8818
3213 1.3944
3214 2.0999
3215 4.5077
3216 3.4400
3217 1.5289
3218 10.6446
3219 3.0370
3220 1.7679
3221 4.0285
3222 2.1062
3223 1.1674
3224 0.7300
3225 3.2361
3226 0.6067
3227 3.2827
3228 1.3147
3229 2.4059
3230 0.7417
3231 0.8049
3232 3.4747
3233 0.8368
3234 2.0003
3235 0.5274
3236 19.3941
3237 1.4281
3238 1.0602
3239 11.9327
3240 0.2346
3241 1.6702
3242 1.4040
3243 0.4507
3244 0.9020
3245 2.7571
3246 0.4412
3247 0.5516
3248 0.9162
3249 2.9175
3250 0.6614
3251 0.9104
3252 1.2276
3253 2.6997
3254 0.2488
3255 2.5952
3256 1.1917
3257 0.9769
3258 4.0286
3259 0.9319
3260 0.9212
3261 1.8161
3262 2.1357
3263 2.2422
3264 0.4571
3265 1.7223
3266 0.9032
3267 1.2040
3268 1.4118
3269 2.6835
3270 1.5921
3271 2.6307
3272 3.4779
3273 0.2743
3274 0.9490
3275 1.1926
3276 1.3899
3277 0.1948
3278 2.5186
3279 5.1933
3280 3.1886
3281 3.0763
3282 0.8576
3283 4.3938
3284 8.5242
3285 2.3070
3286 0.6163
3287 0.2830
3288 2.0837
3289 0.6836
3290 0.4854
3291 1.3529
3292 0.4724
3293 1.8979
3294 0.5978
3295 7.9812
3296 1.2738
3297 0.9221
3298 0.8179
3299 1.9567
3300 1.0505
3301 1.1054
3302 2.5403
3303 5.1937
3304 0.8797
3305 1.4827
3306 3.1471
3307 3.3523
3308 1.7557
3309 1.5061
3310 0.4094
3311 5.2261
3312 0.9859
3313 2.5178
3314 1.3568
3315   NaN
3316 0.3819
3317 1.4270
3318 3.7288
3319 1.2839
3320 0.3025
3321 2.7655
3322 1.7581
3323 3.2379
3324 0.1875
3325 0.7031
3326 2.1401
3327 1.5028
3328 2.7171
3329 0.9125
3330 2.6501
3331 1.0035
3332 4.0138
3333 2.7978
3334 1.2299
3335 1.3348
3336 4.5895
3337 0.4155
3338 0.5633
3339 7.8784
3340 2.7526
3341 4.3316
3342 1.2232
3343 3.5688
3344 0.6375
3345 2.5641
3346 0.3966
3347 1.6335
3348 25.1639
3349 1.4070
3350 4.0012
3351 3.8823
3352 3.1153
3353 1.9624
3354 7.0674
3355 4.1305
3356 1.7921
3357 0.4654
3358 0.6485
3359 0.5404
3360 2.2524
3361 3.9444
3362 1.2731
3363 1.3973
3364 2.2196
3365 0.9860
3366 0.2391
3367 2.7522
3368 0.8399
3369 0.4310
3370 5.0718
3371 0.6255
3372 0.5084
3373 0.3506
3374 1.1262
3375 0.5411
3376 2.1247
3377 0.3492
3378 3.8018
3379 2.6591
3380 0.2141
3381 1.7291
3382 4.1991
3383 0.3498
3384 0.3428
3385 0.3344
3386 0.5455
3387 1.5499
3388 3.6012
3389 2.9366
3390 0.4585
3391 3.2881
3392 0.4733
3393 2.2873
3394 1.4286
3395 0.7377
3396 1.7809
3397 1.2623
3398 2.2899
3399 5.0165
3400 4.5214
3401 1.1119
3402 0.3196
3403 1.1635
3404 0.8074
3405 1.8110
3406 7.0649
3407 1.4959
3408 0.4041
3409 3.1506
3410 0.3164
3411 2.9122
3412 1.2336
3413 0.9802
3414 4.5311
3415 1.6172
3416 0.8667
3417 0.7409
3418 1.2276
3419 1.5023
3420 1.2342
3421 1.8506
3422 2.6356
3423 2.6272
3424 1.8753
3425 1.8711
3426 0.7931
3427 1.9633
3428 1.5270
3429 6.1547
3430 3.3231
3431 1.4681
3432 2.9633
3433 0.6833
3434 1.3146
3435 1.8754
3436 2.1754
3437 1.7390
3438 1.0975
3439 2.7220
3440 3.5882
3441 0.5785
3442 2.1209
3443 1.0630
3444 0.6507
3445 5.9196
3446 1.9848
3447 1.3129
3448 1.4779
3449 2.9072
3450 0.8222
3451 1.7608
3452 2.9765
3453 8.4064
3454 4.3825
3455 0.5503
3456 3.2384
3457 2.2105
3458 2.6984
3459 1.2205
3460 1.0883
3461 0.9670
3462 1.1321
3463 1.4065
3464 1.4462
3465 1.6946
3466 0.8153
3467 0.1989
3468 5.7202
3469 1.2443
3470 6.2738
3471 1.7488
3472 1.9929
3473 1.2659
3474 4.7491
3475 0.4923
3476 1.1070
3477 0.9854
3478 0.6548
3479 3.7801
3480 1.8319
3481 2.5035
3482 2.1210
3483 4.3755
3484 0.8874
3485 0.3340
3486   NaN
3487 2.0371
3488 1.1999
3489 4.1938
3490 1.9174
3491 0.4462
3492 2.2921
3493 0.5745
3494 2.5827
3495 1.2935
3496 3.8017
3497 2.1607
3498 0.5239
3499 2.3647
3500 2.1005
3501 0.7755
3502 4.5555
3503 0.8275
3504 2.6143
3505 0.7739
3506 0.4748
3507 2.8317
3508 1.4007
3509 1.0421
3510 6.0236
3511 0.6132
3512 1.7357
3513 1.2818
3514 0.4661
3515 2.2938
3516 1.6315
3517 0.3948
3518 1.8377
3519 2.3227
3520 0.3958
3521 1.2859
3522 4.0869
3523 6.6451
3524 1.0817
3525 0.6795
3526 1.7202
3527 0.7829
3528 1.0642
3529 1.2129
3530 3.2075
3531 1.8081
3532 4.3161
3533 2.3945
3534 0.9008
3535 1.4167
3536 0.6754
3537 1.3464
3538 0.4272
3539 1.3169
3540 6.1297
3541 2.2308
3542 0.3416
3543 4.4012
3544 5.4104
3545 0.4035
3546 1.6140
3547 8.2383
3548 2.3923
3549 0.7000
3550 7.4879
3551 1.6712
3552 1.2159
3553 1.1197
3554 0.4293
3555 0.8538
3556 0.8827
3557 1.3688
3558 0.5572
3559 4.0801
3560 1.5726
3561 2.8667
3562 2.8324
3563 0.2065
3564 0.3824
3565 3.6410
3566 4.7618
3567 0.3695
3568 1.6497
3569 0.5329
3570 7.6313
3571 0.4141
3572 2.0472
3573 2.2652
3574 1.2581
3575 7.4878
3576 1.8017
3577 2.4876
3578 2.2990
3579 1.0352
3580 0.4620
3581 1.5458
3582 1.3816
3583 3.1821
3584 2.7677
3585 0.6480
3586 1.5116
3587 0.2254
3588 1.1484
3589 7.0374
3590 6.6021
3591 3.6996
3592 2.4327
3593 0.7595
3594 2.8345
3595 1.6702
3596 2.7222
3597 1.6530
3598 2.1895
3599 1.8009
3600 1.3830
3601 5.9899
3602 1.1444
3603 8.8033
3604 0.4551
3605 1.1586
3606 3.1286
3607 2.5016
3608 3.3397
3609 1.7057
3610 8.7380
3611 1.2305
3612 0.3442
3613 0.2868
3614 6.2708
3615 1.6491
3616 0.8394
3617 0.7843
3618 1.4956
3619 1.7764
3620 0.4187
3621 1.5027
3622 0.6403
3623 5.4039
3624 0.2913
3625 0.6044
3626 12.6074
3627 1.4413
3628 2.2265
3629 4.2997
3630 2.8746
3631 0.3099
3632 2.9719
3633 1.5691
3634 0.8193
3635 2.1015
3636 0.6924
3637 2.7345
3638 0.6776
3639   NaN
3640 1.0838
3641 0.4617
3642 5.9811
3643 0.8887
3644 0.5752
3645 1.6894
3646 1.8153
3647 0.5968
3648 1.7261
3649 0.8575
3650 1.2003
3651 1.6719
3652 4.3839
3653 1.0456
3654 1.0505
3655 2.0692
3656 2.5381
3657 0.9291
3658 1.2614
3659   NaN
3660 1.0373
3661 3.1609
3662 0.9032
3663 0.8119
3664 3.5985
3665 3.3801
3666 0.5898
3667 1.6290
3668 2.5785
3669 0.7833
3670 1.0382
3671 11.8098
3672 3.3111
3673 1.3471
3674 0.4621
3675 2.7140
3676 9.8638
3677 2.3484
3678 0.8225
3679 0.5017
3680 0.8872
3681 1.5588
3682 0.5565
3683 0.7675
3684 1.3482
3685 1.3449
3686 0.4855
3687 5.3819
3688 1.2967
3689 2.4871
3690 1.6102
3691 0.5479
3692 1.6450
3693 0.4290
3694 3.2532
3695 2.3484
3696 3.8950
3697 0.8161
3698 2.6444
3699 16.9642
3700 2.8978
3701 0.5662
3702 7.4193
3703 1.5641
3704 2.2207
3705 3.9330
3706 2.7747
3707 6.0819
3708 0.4096
3709 1.0914
3710 2.8589
3711 1.8931
3712 1.7841
3713 4.5658
3714 1.2958
3715 1.0526
3716 11.0292
3717 0.4846
3718 3.1659
3719 0.5555
3720 0.9929
3721 0.3722
3722 9.8472
3723 4.7791
3724 1.6472
3725 0.6740
3726 0.6319
3727 2.8749
3728 5.0642
3729 2.6200
3730 2.0103
3731 1.0775
3732 2.6366
3733 0.6037
3734 6.5999
3735 2.7278
3736 4.3440
3737 2.8110
3738 0.9925
3739 1.2905
3740 3.3181
3741 1.2268
3742 3.2125
3743 0.6828
3744   NaN
3745 0.2422
3746 0.7133
3747 3.0115
3748 1.7541
3749 6.4728
3750 7.5695
3751 2.1562
3752 2.8947
3753 2.9995
3754 1.6438
3755 1.4123
3756 1.3474
3757 1.6185
3758 3.1695
3759 3.3074
3760 2.0231
3761 0.9977
3762 1.7651
3763 5.9911
3764 0.4291
3765 3.0187
3766 0.6792
3767 2.7046
3768 6.5115
3769 4.6314
3770 0.4392
3771 0.8360
3772 3.4736
3773 2.8001
3774 3.0483
3775 8.3307
3776 0.6481
3777 4.8923
3778 1.3049
3779 1.5259
3780 5.7328
3781 1.0010
3782 0.4347
3783 2.3890
3784 2.1059
3785 1.0442
3786 4.0003
3787 2.1699
3788 1.3855
3789 1.7823
3790 2.8133
3791 3.3934
3792 12.7922
3793 3.0930
3794 0.3292
3795 7.0158
3796 1.9254
3797 0.4694
3798 1.7003
3799 0.4513
3800 13.1623
3801 3.1708
3802 8.2114
3803 23.3675
3804 5.2697
3805 3.1754
3806 3.1983
3807 1.7224
3808 2.7192
3809 1.7413
3810 0.3917
3811 1.3282
3812 3.0870
3813 1.4964
3814 0.7936
3815 3.3287
3816 2.8333
3817 2.3099
3818 0.4093
3819 1.1145
3820 1.1909
3821 0.8658
3822 0.3974
3823 3.3686
3824 0.9737
3825 5.3249
3826 9.9131
3827 0.4487
3828 0.5420
3829 1.6484
3830 3.2627
3831 1.6381
3832 0.6955
3833 5.7456
3834 0.9974
3835 1.3161
3836 0.1577
3837 0.7843
3838 0.1911
3839 3.0248
3840 1.3134
3841 4.2620
3842 1.7538
3843 0.4006
3844 1.3152
3845 1.0992
3846 5.9945
3847 1.2139
3848 1.0998
3849 1.9122
3850 1.6719
3851 5.1132
3852 2.2015
3853 1.2419
3854 2.7036
3855 2.6864
3856 3.7827
3857 5.6017
3858 5.2045
3859 1.2785
3860 0.5559
3861 1.0816
3862 2.0469
3863 1.0267
3864 0.6125
3865   NaN
3866 2.2549
3867 0.4188
3868 2.4043
3869 1.7462
3870 0.2211
3871 0.8982
3872 1.3629
3873 2.0001
3874 3.8277
3875 1.2838
3876 0.3888
3877 3.1072
3878 0.9415
3879 0.7026
3880 1.8730
3881 0.4106
3882 1.6112
3883 0.5209
3884 4.0189
3885 2.2651
3886 0.9216
3887 1.1528
3888 0.7343
3889 1.0303
3890 1.0610
3891 1.3936
3892 0.2656
3893 1.1434
3894 8.3625
3895 0.8676
3896 0.8128
3897 1.5109
3898 1.8595
3899 1.3974
3900 2.1560
3901 0.8289
3902 0.5780
3903 0.4135
3904 0.8733
3905 0.2959
3906 1.9515
3907 1.1145
3908 1.1231
3909 1.3407
3910 0.4334
3911 1.2191
3912 1.8983
3913 0.4030
3914 5.9870
3915 0.4412
3916 1.4749
3917 0.9853
3918 0.8228
3919 2.0395
3920 4.5764
3921 3.7651
3922 0.4551
3923 0.9124
3924 0.6453
3925 2.5494
3926 0.3693
3927 8.1356
3928 2.4755
3929 1.5189
3930 0.3808
3931 2.8163
3932 0.7423
3933 0.4167
3934 1.2766
3935 1.1621
3936 0.4415
3937 0.4670
3938 0.9178
3939 2.4686
3940 1.7321
3941 0.2635
3942 0.5698
3943 3.4251
3944 2.4521
3945 4.1898
3946 1.4419
3947 0.8263
3948 1.8334
3949 1.0841
3950 0.5114
3951 0.6076
3952 1.9625
3953 0.4757
3954 2.2081
3955 1.0295
3956 1.3617
3957 3.8531
3958 1.1913
3959 1.3526
3960 2.0979
3961 1.5808
3962 0.3789
3963 1.7079
3964 1.4186
3965 2.8245
3966 1.4525
3967 0.4291
3968 0.4021
3969 1.1822
3970 0.9139
3971 0.4095
3972 3.2361
3973 1.8398
3974 2.4462
3975 0.9307
3976 1.8456
3977 0.2135
3978 3.2766
3979 5.1406
3980 0.4858
3981 9.1016
3982 3.8474
3983 1.5738
3984 1.6646
3985   NaN
3986 0.6984
3987 1.5991
3988 0.8356
3989 1.1386
3990 2.2779
3991 1.2479
3992 1.5915
3993 0.2333
3994 0.5777
3995 0.4415
3996 1.5683
3997 5.5926
3998 0.3867
3999 2.6001
4000 1.1377
4001 3.1603
4002 1.7239
4003 2.3723
4004 1.2497
4005 3.3415
4006 1.7572
4007 1.5317
4008 0.6865
4009 0.5122
4010 1.4172
4011 3.8851
4012 0.3597
4013 0.3534
4014 1.4003
4015 2.0314
4016 2.8831
4017 2.0873
4018 3.0684
4019 1.4032
4020 14.9196
4021 4.0103
4022 1.3062
4023 0.5630
4024 0.4803
4025 1.4525
4026 2.5622
4027 1.0881
4028 0.7045
4029 4.5193
4030 3.7709
4031 1.3305
4032 2.3022
4033 1.1945
4034 8.9336
4035 0.6979
4036 0.8698
4037 1.7441
4038 1.2980
4039 0.6854
4040 0.8690
4041 2.2990
4042 1.3686
4043 2.3132
4044 0.7495
4045 3.7649
4046 4.2681
4047 2.4968
4048 5.2362
4049 6.6740
4050 0.8881
4051 0.7920
4052 1.5858
4053 0.5241
4054 7.5041
4055 0.8504
4056 1.2761
4057 0.4014
4058 0.5428
4059 0.7942
4060 3.8296
4061 3.0824
4062 1.1018
4063 1.3261
4064 0.5932
4065 1.6644
4066 2.1857
4067 1.6908
4068 0.4265
4069 0.3818
4070 1.5350
4071 1.2306
4072 4.5639
4073 4.1251
4074 2.7578
4075 0.9974
4076 4.3543
4077 2.2881
4078   NaN
4079 2.1739
4080 1.4568
4081 5.2576
4082 3.1542
4083 1.4786
4084 0.7659
4085 2.8621
4086 1.7215
4087 6.3617
4088 1.3028
4089 0.7184
4090 1.1472
4091 1.3761
4092 0.6970
4093 2.4861
4094 6.0502
4095 0.2828
4096 0.4884
4097 3.6768
4098 2.2904
4099 0.6246
4100 2.8061
4101   NaN
4102 0.8995
4103 1.9885
4104 2.9534
4105 1.4113
4106 4.8281
4107 3.5348
4108 2.0324
4109 0.6698
4110 1.8820
4111 2.9329
4112 2.0259
4113 0.6561
4114 2.1807
4115 5.9439
4116 1.3514
4117 3.0168
4118 0.9872
4119 2.6393
4120 8.6119
4121 1.7975
4122 0.6459
4123 1.0421
4124 1.0415
4125 1.8636
4126 1.4926
4127 4.3947
4128 2.7050
4129 4.8571
4130 0.7843
4131 7.2549
4132 0.7275
4133 3.0908
4134 8.0034
4135 1.2759
4136 1.8727
4137 6.2338
4138 5.3313
4139 0.9063
4140 1.2911
4141 1.8703
4142 2.7163
4143 5.8406
4144 1.5423
4145 0.9105
4146 2.3290
4147 1.1845
4148 0.8336
4149 0.6100
4150 0.8073
4151 0.7667
4152 1.7129
4153 4.2734
4154 1.0300
4155 3.2646
4156 6.1284
4157 0.2887
4158 4.5479
4159 0.2774
4160 0.2054
4161 4.5994
4162 3.7079
4163 1.8106
4164 2.5796
4165 1.2275
4166 2.8318
4167 0.9274
4168 1.9918
4169 1.2740
4170 1.1687
4171 1.4386
4172 0.8335
4173 3.4940
4174 2.2020
4175 1.3910
4176 3.1193
4177 1.6561
4178 1.8008
4179 0.4044
4180 2.0513
4181 1.0286
4182 0.3351
4183 0.3431
4184 1.0711
4185 1.2818
4186 1.1632
4187 1.5966
4188 15.0703
4189 6.0924
4190 1.1002
4191 1.6603
4192 1.2665
4193 1.5273
4194 4.4629
4195 1.7538
4196 0.1832
4197 1.6341
4198 1.2159
4199 2.4680
4200 4.3683
4201 0.4907
4202 1.2251
4203 0.2408
4204 3.5081
4205 6.7516
4206 5.4924
4207 4.7760
4208 2.2572
4209 0.5046
4210 0.7059
4211 1.8826
4212 5.4533
4213 1.8344
4214 0.7899
4215 1.2756
4216 3.0618
4217 2.0938
4218 1.5214
4219 1.1146
4220 4.8202
4221   NaN
4222 0.3169
4223 2.1479
4224 4.8322
4225 1.7946
4226 0.8703
4227 2.3767
4228 0.2952
4229 1.5894
4230 1.7098
4231 2.8081
4232 3.7994
4233 3.9798
4234   NaN
4235 0.9590
4236 0.9867
4237 1.5300
4238 3.7707
4239 1.4366
4240 1.7526
4241 4.1118
4242 2.3380
4243 3.3006
4244 0.7863
4245 1.0250
4246 0.9746
4247 1.1503
4248 0.7572
4249 0.9935
4250 3.6404
4251 0.6824
4252 2.4350
4253 8.6924
4254   NaN
4255 1.5691
4256 1.6033
4257 0.9076
4258 1.8736
4259 2.9470
4260 3.5544
4261 2.6912
4262 3.3840
4263 1.6918
4264 0.7783
4265 1.0734
4266 0.9796
4267 3.5875
4268 4.3190
4269 1.2988
4270 1.5667
4271 0.5837
4272 1.0513
4273 1.5323
4274 1.9650
4275 3.8802
4276 1.6189
4277 1.8620
4278 0.8094
4279 8.1630
4280 0.1717
4281 2.9778
4282 0.8826
4283 3.8532
4284 0.7656
4285 1.0686
4286 4.1683
4287 4.1639
4288 5.3831
4289 3.4453
4290 4.3878
4291 3.7898
4292 1.3389
4293 3.8963
4294 0.6316
4295 0.5652
4296 3.2330
4297 0.6874
4298 4.3777
4299 4.0684
4300 1.6706
4301 0.3860
4302 0.7490
4303 0.6927
4304 0.8625
4305 0.3672
4306 4.7235
4307 1.5480
4308 1.4350
4309 2.3737
4310 3.5904
4311 5.6412
4312 0.3676
4313 2.2722
4314 4.9991
4315 3.0983
4316 3.6931
4317 0.3438
4318 0.2999
4319 0.5752
4320 3.1478
4321 1.1741
4322 2.0329
4323 1.4692
4324 0.2333
4325 0.5257
4326 0.8461
4327 0.8886
4328 3.2151
4329 0.5079
4330 2.2480
4331 1.3069
4332 0.8206
4333 0.4041
4334 7.7597
4335 7.6163
4336 3.0237
4337 4.0934
4338 1.3512
4339 7.3830
4340 1.2567
4341 1.1417
4342 1.5781
4343 1.1163
4344 3.7128
4345 1.0169
4346 2.9828
4347 2.0619
4348 5.8152
4349 0.8667
4350 1.3059
4351 1.9827
4352 1.3754
4353 1.6315
4354 0.9457
4355 0.7096
4356 5.2777
4357 8.0086
4358 1.3205
4359 2.5607
4360 3.6575
4361 0.5095
4362 2.9676
4363 1.5001
4364 1.4469
4365 1.0065
4366 0.8895
4367 3.4126
4368 0.5452
4369 0.4566
4370 5.1378
4371 1.0717
4372 2.5998
4373 0.4093
4374 5.6492
4375 1.0392
4376 4.5398
4377 2.0246
4378 1.5968
4379 2.0277
4380 1.5641
4381 0.5241
4382 0.3795
4383 1.8355
4384 3.9002
4385 1.5488
4386 3.1880
4387 3.8993
4388 1.1208
4389 0.1830
4390 1.4971
4391 0.1869
4392 1.9250
4393 0.4417
4394 1.3127
4395 1.2148
4396 0.5621
4397 1.6102
4398 1.8555
4399 2.8250
4400 3.6262
4401 2.4976
4402 0.5745
4403 4.9289
4404 6.2117
4405 3.0245
4406 2.3738
4407 1.7937
4408 0.4259
4409 2.5897
4410 2.0705
4411 3.7419
4412 3.1724
4413 3.3089
4414 2.9798
4415 2.0588
4416 0.4044
4417 1.8391
4418 1.1390
4419 1.2045
4420 1.2162
4421 0.9677
4422 1.6494
4423 2.5982
4424 2.8649
4425 0.5887
4426 2.1565
4427 1.8309
4428 5.1136
4429 0.3760
4430 2.1111
4431 0.7150
4432 0.3235
4433 4.6930
4434 1.1073
4435 1.0607
4436 5.8706
4437 1.1861
4438 1.3042
4439 0.6669
4440 0.7327
4441 1.4460
4442 2.5114
4443 3.0443
4444 0.8625
4445 0.4560
4446 7.8493
4447 3.1681
4448 2.7347
4449 0.7161
4450 0.4296
4451 4.5255
4452 0.5894
4453 1.7297
4454 14.3974
4455 1.8833
4456 1.7047
4457 1.5349
4458 0.2235
4459 0.7756
4460 0.3961
4461 1.1423
4462 1.7999
4463 2.1766
4464 2.5670
4465 0.8328
4466 3.4030
4467 1.2807
4468 0.7128
4469 3.3385
4470 0.2980
4471 1.2592
4472 1.8962
4473 1.1334
4474 2.4145
4475 2.4871
4476 6.2932
4477 1.4056
4478 2.2622
4479 1.4991
4480 2.3065
4481 2.0520
4482 0.9810
4483 2.8204
4484 3.5007
4485 0.8215
4486 1.2681
4487 0.9641
4488 1.4183
4489 0.3247
4490 2.7993
4491 2.5582
4492 1.2841
4493 0.9043
4494 1.5223
4495 0.3380
4496 7.5027
4497 1.7435
4498 0.8485
4499 4.1522
4500 0.5340
4501 0.4249
4502 1.3464
4503 4.2670
4504 1.3236
4505 0.3850
4506 7.7965
4507 0.8724
4508 1.5782
4509 2.0205
4510 1.0741
4511 1.3125
4512 1.8216
4513 1.4290
4514 1.2283
4515 0.3591
4516 0.4419
4517 0.9765
4518 1.1531
4519 7.3829
4520 4.6823
4521 1.2502
4522 1.3161
4523 3.1242
4524 1.6838
4525 1.2100
4526 5.2243
4527 0.7474
4528 0.3284
4529 6.2973
4530 1.8982
4531 0.2923
4532 2.2636
4533 0.7691
4534 5.2830
4535 20.0911
4536 1.1210
4537 2.2853
4538 0.6484
4539 3.3249
4540 0.3364
4541 1.3777
4542 2.1919
4543 1.3847
4544 2.0315
4545 0.6469
4546 0.3168
4547 1.0653
4548 2.2551
4549 3.0244
4550 1.2659
4551 0.4722
4552 1.5287
4553 0.5498
4554 0.2451
4555 2.9084
4556 6.0972
4557 1.5649
4558 0.7197
4559 1.3559
4560 1.7050
4561 5.6511
4562 0.6584
4563 0.3112
4564 7.1664
4565 0.7805
4566 2.8201
4567 0.8056
4568 0.4036
4569 2.9678
4570 0.5915
4571 2.6915
4572 2.5307
4573 3.4129
4574 1.5820
4575 5.2502
4576 0.8560
4577 7.4557
4578 8.3565
4579 0.3319
4580 1.2002
4581 1.4419
4582 1.4119
4583 2.2026
4584 11.2358
4585 3.5274
4586 1.6373
4587 0.7923
4588 0.4259
4589 0.6870
4590 3.7525
4591 4.3481
4592   NaN
4593 1.5158
4594 0.5345
4595 3.6274
4596 1.8443
4597 0.6679
4598 2.1214
4599 1.1718
4600 3.5503
4601 7.5500
4602 1.0798
4603 0.8254
4604 1.6245
4605 1.1201
4606 0.8117
4607 2.3631
4608 2.8102
4609 1.8067
4610 4.6026
4611 0.8347
4612 8.2833
4613 1.6599
4614 1.4909
4615 1.4858
4616 1.7283
4617 0.7238
4618 1.7598
4619 0.8479
4620 2.4030
4621 2.1930
4622 1.0936
4623 1.9294
4624 1.1109
4625 1.4359
4626 6.0965
4627 1.2388
4628 0.8890
4629 0.9945
4630 1.6419
4631 1.8401
4632 5.3868
4633 4.9185
4634 3.8074
4635 0.9271
4636 2.3551
4637 5.8875
4638 0.5684
4639 2.2633
4640 1.5771
4641 0.5370
4642 0.4313
4643 0.4225
4644 0.7113
4645 1.3108
4646 1.5895
4647 4.2015
4648 3.8044
4649 3.9317
4650 1.4645
4651 0.7245
4652 2.8797
4653 0.7937
4654 3.9236
4655 0.1541
4656 0.6379
4657 6.6561
4658 0.6871
4659 6.4231
4660 0.2994
4661 1.9487
4662 3.0479
4663 0.4698
4664 2.8224
4665 0.2419
4666 2.3112
4667 0.6184
4668 2.4844
4669 5.0411
4670 1.6201
4671 7.5842
4672 2.7402
4673 0.4979
4674 1.7179
4675 2.7237
4676 0.7116
4677 0.7151
4678 4.8328
4679 2.7215
4680 3.3254
4681 3.0172
4682 1.0590
4683 0.3781
4684 1.7900
4685 2.3178
4686 0.1514
4687 2.4051
4688 1.5555
4689 0.6974
4690 2.6525
4691 3.0040
4692 0.2524
4693 4.0247
4694 3.8992
4695 1.0679
4696 0.3320
4697 3.9062
4698 0.2072
4699 7.3105
4700 1.4458
4701 4.2140
4702 0.5539
4703 1.4628
4704 0.4401
4705 0.5624
4706 0.8372
4707 1.0076
4708 1.0411
4709 0.5999
4710 1.6770
4711 2.2233
4712 5.0358
4713 1.0948
4714 1.7716
4715 0.5168
4716 1.2646
4717 1.5832
4718 3.0307
4719 0.7311
4720 0.3796
4721 1.1433
4722 3.1717
4723 5.4804
4724 5.9165
4725 2.6302
4726 0.9792
4727 0.5443
4728 2.5878
4729 1.6322
4730 1.7646
4731 1.5478
4732 0.8857
4733 1.3775
4734 0.9666
4735 0.9363
4736 0.6116
4737 6.4613
4738 4.6902
4739 2.1459
4740 4.3074
4741 0.8778
4742 0.4843
4743 0.6176
4744 0.3236
4745 2.8400
4746 0.5059
4747 1.9296
4748 0.4219
4749 3.8707
4750 0.8779
4751 0.4223
4752 1.1254
4753 5.7347
4754 2.6741
4755 3.2492
4756 2.0780
4757 1.4476
4758 6.3358
4759 0.8454
4760 0.4205
4761 5.7753
4762 2.8661
4763 1.2876
4764 0.2934
4765 1.3559
4766 1.1496
4767 5.3893
4768 0.2122
4769 2.4063
4770 0.4983
4771 0.4454
4772 6.1900
4773 1.4874
4774 1.2592
4775 2.2582
4776 0.4728
4777 1.2447
4778 6.6049
4779 0.4986
4780 0.5877
4781 0.5892
4782 2.8683
4783 4.1182
4784 16.4112
4785 1.4423
4786 2.4068
4787 0.5184
4788 4.4976
4789 2.6632
4790 2.2365
4791 2.8394
4792 1.5076
4793 1.7663
4794   NaN
4795 0.6294
4796 6.2934
4797 1.4091
4798 2.3711
4799 4.5741
4800 1.0964
4801 1.0300
4802 3.0864
4803 6.7610
4804 1.5358
4805 2.7634
4806 2.1492
4807 0.6875
4808 1.3686
4809 12.7073
4810 6.1942
4811 0.2872
4812 0.7871
4813 2.7325
4814 1.7152
4815 2.9741
4816 13.9582
4817 1.3735
4818 0.1231
4819 5.8739
4820 0.2548
4821 1.7185
4822 4.6500
4823 3.7235
4824 2.3704
4825 1.7804
4826 5.1203
4827 2.7376
4828 0.5963
4829 10.5692
4830 0.5532
4831 2.5210
4832 0.9555
4833 1.7939
4834 2.5690
4835 0.9559
4836 2.7715
4837 3.5838
4838 3.1988
4839 0.6768
4840 2.6059
4841 1.1543
4842 2.3989
4843 0.5178
4844 1.8836
4845 0.6226
4846 5.0053
4847 0.3105
4848 0.9565
4849 0.8072
4850 0.5044
4851 0.2496
4852 1.6495
4853 1.6485
4854 0.9780
4855 1.1006
4856 1.3965
4857 1.6032
4858 1.6689
4859 1.9292
4860 2.0265
4861 0.3144
4862 0.4544
4863 0.5365
4864 1.0405
4865 1.3078
4866 1.1831
4867 1.1501
4868 1.5856
4869 5.1969
4870 0.3129
4871 1.5238
4872 3.0877
4873 2.7882
4874 0.2957
4875 0.6405
4876 4.5597
4877   NaN
4878 0.5214
4879 5.2729
4880 2.0985
4881 1.1389
4882 0.6328
4883 4.0302
4884 1.1387
4885 0.6046
4886 1.6229
4887 8.1537
4888 2.5830
4889 0.9511
4890 4.4023
4891 2.6063
4892 2.1764
4893 3.1844
4894 1.5548
4895 1.2777
4896 1.9491
4897 0.7049
4898 1.0065
4899 4.5174
4900 1.2831
4901 0.6611
4902 1.6733
4903 2.4293
4904 0.2476
4905 2.6897
4906 0.3863
4907 2.1869
4908 0.4044
4909 1.4285
4910 2.4006
4911 3.0326
4912 0.4934
4913 2.1837
4914 0.5816
4915 1.5548
4916 3.1628
4917 2.1310
4918 3.2334
4919 0.9272
4920 1.8165
4921 5.2720
4922 2.1127
4923 8.5043
4924 1.5385
4925 0.2425
4926 7.4266
4927 2.3846
4928 2.0848
4929 1.9836
4930 0.5778
4931 0.6201
4932 1.7918
4933 2.3079
4934 1.1283
4935 0.6548
4936 9.3945
4937 2.4468
4938 2.0760
4939 1.5967
4940 0.7677
4941 3.4703
4942 1.7469
4943 0.8924
4944 1.7080
4945 2.0831
4946 3.9686
4947 1.5448
4948 1.3727
4949 3.5688
4950 0.5332
4951 14.9744
4952 2.9226
4953 3.1116
4954 1.5094
4955 0.3472
4956 0.8131
4957 3.3813
4958 1.3840
4959 1.7188
4960 8.1757
4961 1.7726
4962 2.1135
4963   NaN
4964 1.5033
4965 2.7300
4966 2.9309
4967 0.3205
4968 1.3707
4969 0.2699
4970 1.1879
4971 2.0256
4972 2.0790
4973 2.5297
4974 0.3788
4975 5.1250
4976 8.4245
4977 3.2113
4978 0.3952
4979 4.1346
4980 4.8314
4981 0.7996
4982 0.8348
4983 3.0078
4984 5.8776
4985 2.1866
4986 2.3718
4987 0.7710
4988 3.4172
4989 3.9969
4990 1.1843
4991 1.2497
4992 1.2579
4993 3.2030
4994 2.0564
4995 0.5738
4996 1.1268
4997 8.1771
4998 0.6401
4999 1.2224
5000 0.6844
