7501 21.5089
7502 46.7681
7503 16.9483
7504 43.6727
7505   NaN
7506 27.6036
7507 42.7127
7508 14.9136
7509 11.6014
7510 25.9160
7511 15.5091
7512 30.5385
7513 15.5570
7514 21.3294
7515 46.6178
7516 18.8359
7517 8.3726
7518 26.5953
7519 5.5756
7520 7.7158
7521 21.5026
7522 18.8521
7523 14.2627
7524 74.3132
7525 59.8428
7526 16.3431
7527 36.6579
7528 42.7812
7529 12.0593
7530 60.6619
7531 23.9096
7532 27.4753
7533 48.7700
7534 17.0307
7535 25.1217
7536 14.1414
7537 13.6649
7538   NaN
7539 12.6281
7540 28.2394
7541 19.9413
7542 5.4215
7543 18.0500
7544 31.2386
7545 20.7450
7546 12.2745
7547 70.4228
7548 27.7534
7549 51.0482
7550 20.8084
7551 30.5272
7552 36.3327
7553 68.3021
7554 13.4269
7555 16.3475
7556 6.8268
7557 52.7916
7558 9.5899
7559 15.0757
7560 37.4427
7561   NaN
7562 58.7892
7563 53.4356
7564 25.2274
7565 16.8764
7566 29.3366
7567 26.4357
7568 34.8781
7569 17.1911
7570 19.0944
7571 17.6890
7572 6.4003
7573 21.2234
7574 68.3532
7575 73.9940
7576 20.2436
7577 67.6538
7578 22.7581
7579 64.8111
7580 15.3396
7581 40.1160
7582 58.7619
7583 20.0469
7584 14.8234
7585 64.1432
7586 61.9557
7587 5.2171
7588 16.8779
7589 2.4080
7590 83.7343
7591 21.2849
7592 14.1174
7593 4.2134
7594 57.6806
7595 31.7297
7596 19.5190
7597 22.9746
7598 12.0312
7599 25.3579
7600 23.8364
7601 17.4291
7602 18.4779
7603 19.6654
7604 37.6520
7605 78.2124
7606 19.6177
7607 30.4342
7608 43.2035
7609 4.4420
7610 13.0137
7611   NaN
7612 58.0747
7613 26.4741
7614 51.0119
7615 20.0241
7616 14.9912
7617 33.5974
7618 10.2005
7619 37.2840
7620 8.2943
7621 4.4216
7622 44.4986
7623 13.8830
7624   NaN
7625 14.5732
7626 11.9840
7627 10.2285
7628 43.1363
7629 20.3867
7630 39.7539
7631 46.2520
7632 12.5230
7633 5.8998
7634 19.7461
7635 17.5522
7636 6.6524
7637 26.4418
7638 33.4897
7639 70.4807
7640 54.7712
7641 27.9505
7642 61.6693
7643 61.5208
7644 10.5304
7645 48.7369
7646 63.6220
7647 24.4412
7648 33.3330
7649 8.5153
7650 32.6212
7651 17.1542
7652 21.9465
7653 36.7940
7654 34.4784
7655 22.5153
7656 10.2154
7657 35.1531
7658   NaN
7659 3.7366
7660 18.0330
7661 13.6087
7662 17.6113
7663   NaN
7664 28.0321
7665 15.0714
7666 58.9466
7667 53.4905
7668 17.5103
7669 71.8371
7670 20.0541
7671 3.5301
7672 64.5130
7673 32.8628
7674 50.2866
7675 22.8838
7676 77.0538
7677 16.4342
7678 45.3052
7679 8.1438
7680 7.2564
7681 5.7976
7682 4.0909
7683 45.0527
7684 25.9528
7685 19.7111
7686 62.8412
7687   NaN
7688 21.0940
7689 16.1687
7690 58.4144
7691 13.8946
7692 6.4110
7693 35.3473
7694 28.5065
7695 7.1600
7696 46.8367
7697 42.4376
7698 22.3744
7699 16.1743
7700 24.3983
7701 18.8699
7702 14.1299
7703 3.5848
7704 51.1183
7705 50.2247
7706 48.3216
7707 16.5445
7708 18.5294
7709 13.5220
7710 28.5105
7711 30.6107
7712 45.5501
7713 18.6117
7714 12.2680
7715 28.0718
7716 24.7520
7717 10.2487
7718 30.2675
7719 18.6579
7720 58.3747
7721 7.3687
7722 41.9940
7723 61.8910
7724   NaN
7725 17.8004
7726 90.6661
7727 51.8894
7728 24.5213
7729 29.1338
7730 4.3971
7731 14.9279
7732 16.6403
7733 47.5491
7734 32.7553
7735 5.5939
7736 6.2248
7737 88.4467
7738 30.1305
7739 44.5391
7740   NaN
7741 21.8437
7742 9.3865
7743 14.6873
7744 19.5047
7745 1.1245
7746 17.1966
7747 57.4843
7748 15.7030
7749 15.8114
7750 17.0751
7751 87.7128
7752 21.9098
7753 16.5735
7754 24.4026
7755 15.8730
7756 28.2099
7757 10.7406
7758 94.7796
7759 37.9283
7760 16.9806
7761 22.1515
7762 83.4067
7763 2.5705
7764 11.5253
7765 65.3308
7766 32.3847
7767 45.2233
7768 13.3514
7769 8.0274
7770 20.1690
7771 25.8313
7772 52.2848
7773 21.6588
7774 17.4660
7775 61.2451
7776 35.7940
7777 31.0656
7778 3.4831
7779 80.3602
7780 11.9819
7781 19.5939
7782 50.9755
7783 14.5469
7784   NaN
7785 83.1871
7786 11.7071
7787 20.5902
7788 6.5300
7789 35.4419
7790 21.0245
7791   NaN
7792 18.0944
7793 19.4801
7794 34.0936
7795 60.8883
7796 18.1398
7797 19.7120
7798 69.0737
7799 19.7329
7800 30.1977
7801 61.6410
7802 10.5963
7803 22.8319
7804 57.3211
7805 5.7919
7806 14.4951
7807 27.1454
7808 12.2255
7809 7.6758
7810 10.7838
7811 25.4375
7812 12.4571
7813 46.5102
7814 55.0479
7815 15.4797
7816 39.8864
7817 86.7040
7818 33.8295
7819 31.7994
7820 24.2663
7821 9.6447
7822 22.9275
7823 55.2574
7824   NaN
7825 13.3573
7826 15.4849
7827 5.6860
7828 66.1310
7829 65.6543
7830 80.5839
7831 32.5909
7832 16.3818
7833 36.4015
7834 81.4594
7835 9.2677
7836 21.9464
7837 15.5074
7838 86.0013
7839 17.6744
7840   NaN
7841 11.3385
7842 44.0252
7843 14.1119
7844 51.8197
7845   NaN
7846 83.8316
7847 8.1892
7848 24.5315
7849 19.7611
7850 78.2200
7851 19.1144
7852 16.6874
7853 29.6996
7854 15.2399
7855 1.8107
7856 35.3876
7857   NaN
7858   NaN
7859 12.4109
7860 62.4234
7861 8.6679
7862 41.4506
7863 14.4818
7864 7.4856
7865 45.2324
7866 44.7780
7867 51.1162
7868 6.6053
7869 17.9326
7870 20.6669
7871   NaN
7872 5.4834
7873 9.1065
7874 15.0373
7875 17.5308
7876 25.7158
7877 4.5046
7878 71.3661
7879 19.7641
7880 13.1993
7881 88.1861
7882 11.0964
7883 23.2155
7884 1.0021
7885 60.8249
7886 28.9942
7887 21.7152
7888   NaN
7889 13.1516
7890 36.2761
7891 15.0141
7892 24.8907
7893 13.0933
7894 53.3578
7895 41.2762
7896 34.4656
7897 37.2679
7898 43.0106
7899 31.6432
7900 28.9387
7901 4.1925
7902 56.1900
7903 13.2060
7904 3.9043
7905 18.0466
7906 12.1691
7907 66.8340
7908 7.4053
7909 9.0472
7910 16.1238
7911   NaN
7912 22.7114
7913 34.5972
7914 42.0389
7915 8.2391
7916 6.9413
7917 2.3183
7918   NaN
7919 36.9951
7920 32.3751
7921 20.9477
7922 44.0776
7923 50.9309
7924 66.2323
7925 23.8931
7926 18.1413
7927 38.8384
7928 3.2605
7929 23.1261
7930 14.4010
7931 73.1002
7932 27.6116
7933 9.9700
7934 41.8633
7935 48.0089
7936 15.4929
7937 2.9187
7938 27.0769
7939 61.4339
7940 61.0611
7941 27.2490
7942 24.0236
7943 25.7508
7944   NaN
7945 16.4143
7946 19.4017
7947   NaN
7948 71.2524
7949 30.8667
7950   NaN
7951 46.1707
7952 9.8794
7953 9.6356
7954 43.6750
7955 76.9686
7956 35.2772
7957 20.6524
7958   NaN
7959 10.5114
7960 55.5957
7961 45.3040
7962 78.6988
7963 13.1942
7964 19.5699
7965 16.8601
7966 46.3347
7967 6.8942
7968 32.3555
7969 34.9320
7970 50.1265
7971 11.8791
7972 18.8432
7973 28.4403
7974 8.6411
7975 14.4488
7976 49.3490
7977 17.5071
7978 24.0048
7979 4.1099
7980 30.8163
7981 48.2550
7982 30.9999
7983 20.2764
7984 39.4049
7985 62.8941
7986 8.9571
7987 1.5680
7988 21.7382
7989 12.6424
7990 26.6337
7991 14.5264
7992 55.8455
7993 56.8985
7994 36.9317
7995 38.1682
7996 41.1565
7997 173.2924
7998 20.3768
7999 69.0473
8000 19.6153
8001 36.5031
8002 16.9049
8003 12.2060
8004 65.5850
8005 7.9991
8006   NaN
8007 14.5760
8008 23.7818
8009 40.7860
8010 67.9865
8011 21.6228
8012 29.9403
8013 43.8327
8014 35.6051
8015 2.7242
8016 25.2550
8017 45.7774
8018 23.9543
8019 22.2034
8020 33.0742
8021 70.0137
8022 22.2500
8023 9.3623
8024 22.2350
8025 57.8398
8026 11.0194
8027 23.2011
8028   NaN
8029 20.6194
8030   NaN
8031   NaN
8032 13.5048
8033 21.9868
8034 43.2810
8035 68.6556
8036 33.2769
8037 47.1768
8038 62.9424
8039 0.9061
8040 2.2239
8041 19.4489
8042 8.2051
8043 81.0310
8044 74.0809
8045 36.1805
8046   NaN
8047 61.2410
8048 57.9535
8049   NaN
8050 35.0308
8051 46.9923
8052 66.6110
8053 13.9947
8054 9.6918
8055 42.1782
8056 19.0536
8057 6.5348
8058   NaN
8059   NaN
8060   NaN
8061 13.2194
8062 67.4557
8063 6.6282
8064 78.3024
8065 12.2824
8066 20.7278
8067 7.9565
8068 44.4975
8069 4.2035
8070 34.7986
8071 24.1389
8072 28.7731
8073 4.8622
8074 3.6562
8075 26.2768
8076 6.4233
8077 53.3226
8078 6.5713
8079 18.4470
8080   NaN
8081 11.9331
8082 42.3588
8083 20.1789
8084 43.1159
8085 30.1200
8086 0.7773
8087 22.3255
8088 61.0196
8089 7.5854
8090 11.3040
8091 8.0536
8092 18.9293
8093 46.5023
8094 50.4499
8095 9.9073
8096 77.8352
8097 70.5317
8098 56.6015
8099 93.1327
8100 55.7276
8101 31.5982
8102 71.9214
8103 56.2427
8104 24.0617
8105 17.3977
8106 46.0535
8107 14.9429
8108 23.6075
8109 8.3930
8110 60.5062
8111 12.1115
8112 47.3173
8113 17.9630
8114 13.3387
8115 59.2239
8116 26.5602
8117 9.6236
8118 13.0848
8119 75.8411
8120 9.5632
8121 47.0342
8122   NaN
8123 17.4726
8124 94.0235
8125 26.2224
8126 4.5839
8127 26.7218
8128 23.4534
8129 28.5879
8130 16.4093
8131 23.0577
8132 25.6484
8133 40.0749
8134 60.3881
8135 21.5329
8136 27.8777
8137 23.0722
8138 7.8934
8139 5.4692
8140 6.7154
8141 2.3312
8142 14.3012
8143 52.7686
8144 33.8199
8145 3.8821
8146 42.1173
8147 25.6074
8148 8.2589
8149 8.7524
8150 29.5684
8151 64.5076
8152 44.3649
8153 46.8517
8154 36.7437
8155 62.5033
8156 19.1469
8157 4.2479
8158 27.5753
8159 5.9117
8160 17.1829
8161 7.1992
8162 21.5460
8163 45.3858
8164 53.0421
8165 38.2007
8166   NaN
8167 7.0556
8168 23.5287
8169 12.2068
8170 36.5118
8171 15.2881
8172 37.5398
8173 10.8550
8174 15.5033
8175 6.6796
8176 21.3682
8177 9.5275
8178 1.8913
8179 18.5855
8180 22.1848
8181 53.8209
8182 44.9834
8183 24.5346
8184 42.8529
8185 59.5942
8186 20.3068
8187 22.3434
8188   NaN
8189 64.5267
8190 32.6987
8191 21.3552
8192 20.6190
8193 61.2782
8194 52.9677
8195 7.0701
8196 63.2974
8197 19.6746
8198 8.3425
8199 24.6944
8200 20.6356
8201 22.1570
8202 55.9112
8203 19.0139
8204 63.8689
8205 10.9523
8206 54.2217
8207 67.3454
8208 9.1339
8209 43.9686
8210 36.9538
8211 54.3960
8212 9.7265
8213 25.9083
8214 29.9791
8215 18.6786
8216 26.8424
8217 65.8718
8218 12.9813
8219 35.5630
8220 23.1043
8221 15.3657
8222 23.8728
8223   NaN
8224 65.2719
8225 14.3606
8226 9.0102
8227 14.3013
8228 54.5348
8229 44.7612
8230 52.4823
8231 4.7028
8232 68.7246
8233 19.9065
8234 16.4733
8235 59.1563
8236   NaN
8237 22.6261
8238   NaN
8239 66.0052
8240 9.5324
8241 21.5433
8242 9.0041
8243 12.2206
8244 68.8711
8245 3.0180
8246 46.3708
8247 15.1433
8248 24.5234
8249 15.7103
8250 35.2563
8251 56.4663
8252 17.8500
8253 89.9172
8254   NaN
8255 15.8106
8256   NaN
8257 12.2130
8258 33.2254
8259 61.7213
8260 40.8509
8261 19.3375
8262 14.9962
8263 40.5487
8264 14.3039
8265 90.4472
8266 25.4904
8267 30.3579
8268 81.7126
8269 40.2195
8270 17.1453
8271 48.7699
8272 33.2415
8273 9.4274
8274 13.4914
8275 17.1919
8276 12.2053
8277 20.0964
8278 27.3309
8279 19.1166
8280 20.6996
8281 7.1239
8282 53.7835
8283 18.6579
8284 6.5574
8285 11.4660
8286 23.5082
8287 19.0090
8288 31.4912
8289 33.1351
8290 33.3967
8291 40.1256
8292 58.6237
8293 24.3542
8294 1.9381
8295 53.1457
8296 33.8543
8297 38.1503
8298 22.1862
8299 7.2030
8300 12.7113
8301   NaN
8302 21.2566
8303 7.0386
8304 14.5604
8305 24.5475
8306 59.5394
8307 11.8353
8308 14.2657
8309 17.8534
8310 52.8668
8311 26.6049
8312 22.6421
8313 71.6166
8314 31.6734
8315 21.2514
8316 15.6151
8317 3.4103
8318 46.8984
8319 13.9173
8320 17.7415
8321 30.2579
8322 44.2483
8323   NaN
8324 17.2985
8325 44.0503
8326 2.4534
8327 111.9673
8328   NaN
8329 21.3871
8330 14.1147
8331 11.0622
8332 67.7677
8333 69.8254
8334 44.1226
8335 78.4380
8336 43.8677
8337 38.1253
8338 4.7562
8339 57.3438
8340 56.7351
8341 48.0937
8342 5.2134
8343 2.7949
8344 10.6840
8345 19.3044
8346 12.0238
8347 63.1250
8348 55.0040
8349 20.0500
8350 84.2354
8351 18.1980
8352 23.0630
8353 22.3575
8354 40.4662
8355 40.2310
8356 76.4060
8357 4.1880
8358 19.6259
8359 7.7327
8360 32.8927
8361 65.7106
8362 31.7828
8363 16.2441
8364 30.3499
8365 32.9836
8366 103.1294
8367 9.2287
8368 58.5046
8369 41.1912
8370 17.7380
8371   NaN
8372 37.7192
8373 24.1290
8374 1.7500
8375 10.4347
8376 53.3928
8377 6.1811
8378 20.8079
8379 30.9018
8380 37.3234
8381 28.4960
8382 25.9669
8383 13.8061
8384   NaN
8385 37.7422
8386 34.8135
8387 45.2465
8388 27.9629
8389 20.7377
8390   NaN
8391 11.3727
8392 18.4125
8393 11.0081
8394 5.1137
8395 13.9586
8396 6.9061
8397 20.1883
8398 20.3774
8399 63.2452
8400 42.1291
8401 7.5565
8402 46.0765
8403 55.8202
8404 39.2069
8405   NaN
8406 17.7659
8407 22.5701
8408 75.5210
8409 24.1680
8410 66.2607
8411 34.6596
8412 9.8872
8413 22.6542
8414 22.6798
8415 24.2895
8416 190.9607
8417 41.5849
8418 10.2479
8419 18.5057
8420 77.4804
8421 24.5448
8422 3.6311
8423 31.6212
8424 9.4083
8425 17.8515
8426 6.5795
8427 16.0410
8428 24.0317
8429 26.0850
8430 15.1264
8431 18.1655
8432 40.4296
8433   NaN
8434 7.2225
8435 11.4335
8436 14.2108
8437 37.7985
8438 20.5461
8439 2.1400
8440 57.9429
8441 11.3954
8442 35.2260
8443 10.7192
8444 15.1889
8445 6.4634
8446 45.3220
8447 59.3015
8448 86.1624
8449 17.2892
8450 8.8625
8451 28.5710
8452 39.7310
8453 22.1757
8454 30.1264
8455 2.1372
8456 17.5849
8457 63.0182
8458   NaN
8459 28.5013
8460 80.4561
8461 42.9473
8462 47.5421
8463 5.9794
8464 28.7321
8465 82.9757
8466 66.2742
8467 4.5335
8468 15.5743
8469 23.9858
8470 59.5242
8471 11.0442
8472 66.0079
8473 77.9259
8474   NaN
8475 43.9506
8476 18.9878
8477 3.1943
8478 56.6290
8479 13.0480
8480 24.0520
8481 25.2108
8482 46.0122
8483 11.5807
8484 70.7620
8485 8.1041
8486 24.3975
8487 75.2339
8488 24.6799
8489 4.0225
8490 23.6621
8491 51.8002
8492 34.2806
8493 13.9685
8494   NaN
8495 5.1391
8496 17.9286
8497 36.0842
8498 19.5890
8499 11.1350
8500 50.7549
8501 19.8504
8502 10.0699
8503 28.5701
8504 19.2851
8505 87.7437
8506 37.5870
8507 42.3807
8508 48.7267
8509 11.3490
8510 27.2020
8511 31.2418
8512 24.4594
8513 32.2565
8514 20.2506
8515 13.9853
8516 11.7102
8517 8.1370
8518 51.1189
8519 35.6937
8520 38.1250
8521 15.4958
8522   NaN
8523 21.6684
8524 53.8896
8525   NaN
8526 5.2596
8527 7.8511
8528   NaN
8529 26.1765
8530 26.7260
8531 17.1824
8532 27.9619
8533 29.7608
8534 13.8686
8535 48.4710
8536 35.5665
8537 68.9117
8538 7.5988
8539 26.0682
8540 18.0211
8541 19.7804
8542 54.0352
8543 16.8754
8544 13.0087
8545 49.3842
8546 58.4295
8547 57.3662
8548 52.3494
8549 23.6675
8550 25.1574
8551 21.7455
8552 34.1319
8553 36.6568
8554 16.0903
8555 42.6655
8556 59.5069
8557 40.8813
8558 31.3663
8559 76.9337
8560 30.5713
8561 13.0329
8562 55.1838
8563 7.3590
8564 9.9812
8565 16.9492
8566 36.6735
8567 31.1760
8568 5.8140
8569 26.3849
8570 20.0930
8571 25.4548
8572 18.1121
8573 22.3589
8574 15.4558
8575 35.7710
8576 37.3589
8577 23.7924
8578 13.0575
8579 87.9665
8580 333.3455
8581 21.2927
8582 70.0432
8583 31.6016
8584 15.6099
8585 94.9148
8586   NaN
8587 23.3909
8588 19.4825
8589 19.5807
8590 75.4406
8591 7.9237
8592 14.5149
8593 17.7876
8594 17.6334
8595 48.5371
8596 43.5673
8597 12.8993
8598 13.9247
8599 39.8789
8600 43.3158
8601 6.2637
8602 55.7051
8603 8.1290
8604   NaN
8605 17.7420
8606 29.1341
8607 25.4393
8608 3.5752
8609 209.9681
8610 18.6242
8611 74.4313
8612 18.8296
8613 43.5104
8614 37.3599
8615 41.6297
8616 30.7575
8617 26.4160
8618 45.1655
8619   NaN
8620 24.7170
8621 55.8985
8622   NaN
8623 25.2276
8624   NaN
8625 22.8910
8626 42.5813
8627 4.1606
8628 16.0529
8629 16.3306
8630 168.6277
8631 25.4704
8632 76.3723
8633 9.2854
8634 11.6167
8635 19.8887
8636 5.9814
8637 22.3974
8638 10.4297
8639 21.4292
8640 13.2746
8641 78.5591
8642 25.7233
8643 21.9078
8644 57.8804
8645 7.3106
8646 27.9985
8647 37.2383
8648 32.0521
8649 22.1468
8650 25.5509
8651 19.6678
8652 46.8117
8653 20.5760
8654 39.7772
8655 15.3130
8656 14.1675
8657 48.7509
8658 44.0127
8659 8.4918
8660 16.9241
8661 17.7149
8662 21.8058
8663 23.0590
8664 39.7404
8665 15.6283
8666 22.9065
8667 41.7021
8668 32.2152
8669 33.5220
8670 46.9654
8671 15.1843
8672 21.9870
8673 7.2552
8674 16.2025
8675 33.8971
8676 27.2852
8677 75.0659
8678 14.9327
8679 15.5279
8680 62.1838
8681 37.8683
8682   NaN
8683 59.5988
8684 20.5481
8685 40.8202
8686 13.8982
8687 40.0967
8688 44.0292
8689 38.0458
8690 26.7073
8691 10.7257
8692 31.9741
8693   NaN
8694 12.9666
8695 5.5147
8696 18.0158
8697 8.4529
8698 6.7828
8699 40.8523
8700 28.7553
8701 13.0609
8702 39.1768
8703 17.2729
8704 82.6412
8705 67.3985
8706 28.3991
8707 72.1704
8708 8.8456
8709 14.8745
8710 22.4387
8711 12.5048
8712 63.1573
8713 10.5539
8714 31.7242
8715 22.5904
8716 18.1738
8717 67.8385
8718 60.0804
8719 35.5030
8720 27.5741
8721 27.6402
8722 51.6659
8723 10.0977
8724 15.5088
8725 2.0420
8726 40.1695
8727 6.3041
8728 45.2894
8729 24.1701
8730 54.9206
8731 4.0830
8732 24.8380
8733 24.6104
8734 12.3909
8735 74.5655
8736 32.6883
8737 93.5503
8738 28.4739
8739 14.7998
8740 13.7990
8741 22.3658
8742 17.5372
8743 47.9683
8744 19.7544
8745 19.1704
8746 140.6778
8747 5.2871
8748 19.7244
8749 48.5704
8750 11.9323
8751 23.8826
8752 31.1074
8753 9.0475
8754 4.3814
8755 61.3918
8756 27.3021
8757 28.4209
8758 108.2595
8759 54.6690
8760 59.8971
8761 8.5630
8762 51.5437
8763 17.4427
8764 27.0861
8765 30.4996
8766 61.9612
8767 17.1576
8768 46.4243
8769   NaN
8770 56.4918
8771 35.2502
8772 20.5994
8773 33.3628
8774 17.2955
8775 26.1090
8776 12.9283
8777 23.5898
8778   NaN
8779 25.5207
8780 42.1940
8781 45.4552
8782 4.2987
8783 79.9326
8784 23.9349
8785 21.9147
8786 40.0676
8787 50.9348
8788   NaN
8789 31.3012
8790 29.8750
8791 80.8471
8792 25.8377
8793 33.7163
8794 19.8510
8795 18.7984
8796 10.9941
8797 18.0992
8798 6.2157
8799 13.1847
8800 50.2353
8801 32.3456
8802 60.1050
8803 15.0320
8804 10.5802
8805 36.9551
8806 3.4339
8807 33.1978
8808 67.9754
8809 9.3439
8810 14.4365
8811 17.2711
8812 10.7782
8813   NaN
8814 15.9176
8815   NaN
8816 12.4353
8817   NaN
8818 38.3257
8819 75.9827
8820 22.7130
8821 45.4147
8822 20.1567
8823 123.1929
8824 6.8983
8825 78.9746
8826 12.8372
8827 30.5326
8828 65.9080
8829 18.9579
8830 64.2288
8831 99.7321
8832 2.7539
8833 21.5271
8834 8.7012
8835 82.5881
8836 9.4204
8837 25.1959
8838 13.0392
8839   NaN
8840 19.2481
8841 68.6311
8842 58.6880
8843 5.6810
8844 7.4731
8845 18.5276
8846 47.3773
8847 22.4772
8848 17.8417
8849 34.7373
8850 37.2688
8851 29.8813
8852 42.5129
8853 3.0736
8854 24.6024
8855 32.4766
8856 10.6488
8857 26.3480
8858 29.7749
8859 45.1999
8860 6.3827
8861 30.9183
8862 23.1559
8863 14.8397
8864 28.7560
8865 51.3309
8866 21.1055
8867 20.3554
8868 6.3607
8869 20.4308
8870 54.3615
8871 28.5392
8872 32.1693
8873 16.7992
8874 31.2483
8875 14.5574
8876 21.2067
8877 38.0653
8878 2.6213
8879 25.1537
8880 27.5113
8881 84.0966
8882 22.5167
8883 29.3552
8884 30.8254
8885 20.5839
8886 25.6703
8887 29.1633
8888 84.4585
8889 30.9363
8890 31.2542
8891 12.1422
8892 26.5733
8893 78.9293
8894 23.8731
8895 22.4032
8896   NaN
8897 59.9114
8898 31.7508
8899 8.7624
8900 10.2500
8901 34.8513
8902   NaN
8903 16.3455
8904 5.7907
8905 36.5968
8906   NaN
8907 49.9054
8908 4.6135
8909 12.1700
8910 15.0692
8911 41.0049
8912 33.0055
8913 7.0968
8914 26.2890
8915 12.6216
8916 20.0167
8917 28.3624
8918 53.2718
8919 17.2809
8920 21.4050
8921 31.1482
8922 30.9015
8923 49.4225
8924 44.2272
8925 71.3092
8926 19.3372
8927 21.9856
8928 58.7432
8929 21.2683
8930 75.7868
8931 13.2818
8932 31.5585
8933 18.0634
8934 0.9951
8935 27.3836
8936 47.8500
8937 16.8767
8938 21.2740
8939 35.1071
8940 10.8309
8941 64.9101
8942 9.0541
8943 9.0208
8944 27.8808
8945 26.6715
8946 8.3231
8947 6.8366
8948 54.2660
8949 46.5761
8950 14.7208
8951 35.3924
8952 43.4746
8953 8.7324
8954 1.4061
8955 20.6344
8956 36.3715
8957 24.9512
8958 11.1196
8959 33.4927
8960   NaN
8961 28.2653
8962 18.7060
8963 32.4628
8964 6.4360
8965 42.7815
8966 36.8429
8967 13.4015
8968 10.1129
8969 18.3944
8970 17.8872
8971 20.4304
8972 78.1476
8973 72.6906
8974 54.3991
8975 15.4692
8976 60.5743
8977 22.3988
8978 6.1606
8979 14.7660
8980 23.4267
8981 9.0188
8982 78.9347
8983 65.7059
8984 90.7970
8985 24.2481
8986 3.2513
8987 60.1176
8988   NaN
8989 8.2625
8990 33.3443
8991 60.5773
8992 11.4415
8993 9.9349
8994 15.6954
8995 46.4809
8996 18.7099
8997 21.2004
8998 52.6546
8999 3.1146
9000 49.3400
9001 29.5423
9002 29.7145
9003 12.7294
9004 30.4485
9005 82.5459
9006 73.1882
9007 34.3176
9008 0.7245
9009 22.3241
9010 64.8523
9011   NaN
9012 41.4014
9013 77.9053
9014 7.9648
9015 75.4129
9016 9.8814
9017 17.3133
9018 75.9375
9019 13.0420
9020 21.9607
9021 9.1679
9022 13.5060
9023 12.5867
9024 5.6813
9025 73.4117
9026 20.6910
9027 65.5657
9028 11.7577
9029 14.3439
9030 161.0776
9031 35.8626
9032 16.5550
9033 22.4859
9034 45.5037
9035 12.8589
9036 12.4469
9037 58.8620
9038 48.6609
9039 9.1128
9040 37.2328
9041 10.4663
9042 18.1734
9043 71.4342
9044   NaN
9045 80.1068
9046 67.0126
9047 9.2389
9048   NaN
9049   NaN
9050 19.3878
9051 37.0651
9052 19.2242
9053 14.1999
9054   NaN
9055 13.9887
9056 79.8535
9057 23.8942
9058 38.1524
9059 49.6439
9060 12.7398
9061 59.4579
9062 23.7882
9063 51.5635
9064 65.3961
9065 50.3580
9066 24.8245
9067 10.2351
9068 13.1425
9069 41.5354
9070 57.1295
9071   NaN
9072 32.8928
9073 3.2753
9074 13.3303
9075 28.3238
9076 19.2189
9077 21.6376
9078 13.4248
9079   NaN
9080 1.5907
9081 32.1882
9082 34.1904
9083 9.7610
9084 62.8633
9085 44.3362
9086 12.7467
9087 15.1578
9088 47.8437
9089 4.8010
9090 21.3016
9091 59.6517
9092 28.4060
9093 1.4495
9094 39.6317
9095 33.8810
9096 57.9836
9097 19.7113
9098 43.4429
9099 40.0110
9100 20.7848
9101 48.5513
9102 11.5558
9103 11.2588
9104 19.7335
9105 25.4320
9106 32.9580
9107 7.7313
9108 32.1416
9109 67.1512
9110 28.7607
9111 34.6625
9112 553.4174
9113 67.4930
9114 47.6918
9115 26.5074
9116 77.0026
9117 19.5071
9118 47.9012
9119 27.5276
9120 63.5365
9121 36.5291
9122 10.7943
9123 12.7775
9124 18.8265
9125 36.2990
9126 75.0426
9127 14.8775
9128   NaN
9129 16.1099
9130 24.0726
9131 64.8962
9132 45.4234
9133   NaN
9134 19.0938
9135 54.2906
9136 23.8403
9137 24.7732
9138 60.5003
9139 19.7138
9140 21.1265
9141 13.2735
9142 63.6399
9143 28.6491
9144 15.0304
9145 15.7136
9146 43.9727
9147 22.7725
9148 10.5868
9149 54.2034
9150 26.1214
9151 42.7828
9152 53.4889
9153 49.2032
9154 22.8833
9155 17.4337
9156 45.3022
9157 25.7078
9158 7.7314
9159 16.3994
9160 16.1528
9161 41.7025
9162 70.7837
9163 21.1966
9164 17.5752
9165 15.6799
9166 25.2398
9167 24.5715
9168 24.2674
9169   NaN
9170 7.7916
9171 9.0484
9172 49.3095
9173 12.4820
9174 6.9026
9175 21.0619
9176 62.1346
9177 24.0766
9178 24.6597
9179 34.8936
9180   NaN
9181 55.6901
9182 56.6286
9183 60.9218
9184 8.2869
9185 62.8420
9186 56.0728
9187 19.1171
9188 52.6124
9189 52.0463
9190 3.6312
9191 34.1991
9192 42.4952
9193 21.8351
9194 31.6026
9195 77.2299
9196 45.9812
9197 62.4821
9198 55.3765
9199 70.3316
9200 90.8548
9201 3.5977
9202 24.9698
9203 26.1520
9204 14.6780
9205 18.3486
9206 20.4346
9207 18.3614
9208 21.3291
9209 67.1040
9210 67.4317
9211 22.4543
9212 71.8519
9213 26.1103
9214 47.2617
9215 49.4576
9216 41.3353
9217 34.3312
9218 23.9021
9219 8.0180
9220 54.3588
9221   NaN
9222 11.9238
9223 25.8083
9224 13.0687
9225 9.1311
9226 41.2891
9227 13.1208
9228 37.2214
9229   NaN
9230 24.8867
9231 41.8587
9232 33.4380
9233   NaN
9234 21.7067
9235 13.6278
9236 16.8843
9237 29.1120
9238 23.6943
9239 68.0244
9240 33.2234
9241 3.5729
9242 14.1738
9243 18.4278
9244 41.8262
9245 15.4819
9246 4.1029
9247 31.8333
9248 54.3900
9249 28.9122
9250 49.5411
9251 61.3504
9252 28.8668
9253 23.9484
9254 25.5637
9255 12.8389
9256 44.8355
9257 24.8582
9258   NaN
9259 46.9734
9260 6.7986
9261 21.2075
9262 4.0775
9263 45.6214
9264 24.1597
9265 48.8949
9266 6.9821
9267 39.1626
9268 21.6796
9269 10.7399
9270 24.4567
9271 20.2547
9272 27.7363
9273 95.6061
9274 75.8082
9275 19.3913
9276 9.2692
9277 5.9810
9278 40.8230
9279   NaN
9280 21.9191
9281 11.6378
9282 49.9878
9283 10.9214
9284 10.8166
9285 42.5356
9286 5.1313
9287 46.6087
9288 35.8536
9289 31.1565
9290 69.6394
9291 73.9177
9292 30.5763
9293 56.7718
9294 44.0582
9295 57.1241
9296 102.0918
9297 12.4044
9298 9.5826
9299 7.9315
9300 49.7917
9301 62.9338
9302 9.9883
9303 4.6324
9304 7.3695
9305 22.5786
9306 22.3924
9307 8.6009
9308 21.5945
9309 10.3613
9310 16.2038
9311 95.3683
9312 69.7991
9313 10.0482
9314 1.9396
9315 24.7087
9316 17.3198
9317 6.7942
9318 96.1703
9319 25.0140
9320 14.0932
9321 15.5394
9322   NaN
9323 26.1863
9324 19.3786
9325 6.7648
9326 45.5259
9327 58.9949
9328 25.2260
9329 7.7445
9330 17.4986
9331 16.1581
9332 58.1087
9333 74.0378
9334   NaN
9335 11.9575
9336 23.2502
9337 9.5483
9338 22.9135
9339 6.9623
9340 38.1303
9341 14.7052
9342 18.8941
9343 41.8010
9344 62.1183
9345 17.3156
9346 16.4952
9347 51.6628
9348 17.7614
9349 19.4602
9350 81.0787
9351 65.2392
9352 36.8281
9353 20.9482
9354 3.6759
9355 33.8061
9356 16.7584
9357 30.9652
9358 16.8179
9359 2.1747
9360 42.8386
9361 24.9212
9362 15.3544
9363 52.5791
9364 18.6481
9365 31.5251
9366 19.5732
9367 18.0554
9368 24.2773
9369 6.2782
9370 27.6612
9371 61.2863
9372 5.3611
9373 60.6174
9374 62.6630
9375 55.4860
9376 33.4783
9377 6.2783
9378 22.3278
9379 18.8850
9380 22.8285
9381 19.4018
9382 63.4569
9383 49.1370
9384 72.6748
9385 11.4546
9386 32.7063
9387 37.8747
9388 36.9438
9389 47.1907
9390 9.4140
9391 78.2121
9392 52.1254
9393 38.5839
9394 8.9708
9395 13.7891
9396 9.9431
9397 9.2263
9398 29.1377
9399 12.7170
9400 6.3438
9401 13.6971
9402 19.9212
9403 53.4324
9404 51.8905
9405 76.5233
9406 44.4651
9407 20.8090
9408 20.3657
9409 29.5054
9410   NaN
9411 59.4513
9412 22.3538
9413 50.6078
9414 5.5583
9415 22.5830
9416   NaN
9417 70.1955
9418 40.0622
9419 21.8715
9420 29.9902
9421 56.4017
9422 16.2341
9423 30.1373
9424 71.8863
9425 40.3369
9426 27.1199
9427 23.2113
9428 13.6925
9429 29.4990
9430 6.0893
9431 43.4838
9432 5.6304
9433 42.6147
9434 60.8969
9435 42.1885
9436 47.4332
9437 9.0877
9438 61.3730
9439 36.5774
9440 85.6846
9441 15.0273
9442   NaN
9443 1.3633
9444 38.2234
9445 31.7268
9446 52.7357
9447 12.8273
9448 24.2659
9449 22.0662
9450 34.8969
9451 14.4708
9452 28.0375
9453 49.3304
9454 6.5448
9455 19.7348
9456 22.3723
9457 66.4978
9458 22.9355
9459 18.8399
9460 25.1533
9461 13.9330
9462 44.5334
9463 12.7274
9464 54.7749
9465 73.9621
9466 70.3632
9467 6.6422
9468 10.1168
9469 20.7655
9470   NaN
9471 23.6572
9472 499.5702
9473 15.9571
9474 72.8623
9475 7.5199
9476 24.6779
9477 72.9499
9478 62.3482
9479 36.2357
9480 41.9990
9481   NaN
9482 55.9334
9483 79.3939
9484 9.6545
9485 52.5385
9486 5.6901
9487 14.1953
9488 61.4452
9489 66.4217
9490 9.2757
9491 21.7807
9492 60.9512
9493 17.5338
9494 7.5937
9495 14.0320
9496 11.3392
9497 72.8131
9498 20.5454
9499 38.8087
9500 43.4150
9501 24.9768
9502 32.2943
9503 67.6851
9504 7.6831
9505 33.0056
9506   NaN
9507 17.8818
9508 17.4554
9509 21.6259
9510 25.5985
9511 11.9695
9512 29.6883
9513 8.6382
9514 6.9415
9515 37.1918
9516 24.0064
9517 8.2737
9518 6.3376
9519 28.6747
9520 31.0539
9521 46.4026
9522 39.2738
9523 53.3136
9524 41.6919
9525 37.7855
9526 14.5695
9527 33.9206
9528 66.1838
9529 34.2863
9530 64.5465
9531 4.2051
9532 43.8264
9533 21.1414
9534 66.3708
9535 53.2610
9536 24.3675
9537 10.5548
9538 4.0308
9539 72.8437
9540 41.5563
9541 22.8674
9542 17.8308
9543 19.2468
9544 15.6760
9545 51.1731
9546 3.4597
9547 5.8302
9548 43.5655
9549 18.3557
9550 22.8869
9551 12.3102
9552 44.0528
9553 20.4128
9554 38.1769
9555 40.2586
9556 49.8759
9557 13.8342
9558   NaN
9559 8.5699
9560 62.8974
9561 43.6995
9562 67.0761
9563 17.9531
9564 46.3087
9565 22.0047
9566 86.4575
9567 12.5313
9568 27.1955
9569 54.1934
9570 23.5117
9571 37.5086
9572 53.0532
9573 24.9948
9574 4.7097
9575 51.5346
9576 7.0061
9577 8.5855
9578 9.8237
9579 22.8709
9580 6.1218
9581   NaN
9582 68.7607
9583 8.3907
9584   NaN
9585 20.2643
9586 41.1901
9587 79.0110
9588 28.2997
9589 35.7415
9590 23.3257
9591 9.5253
9592 16.9413
9593 21.9923
9594 51.6885
9595 23.4972
9596 20.9814
9597 10.9718
9598 9.5660
9599 42.4293
9600 27.9034
9601 14.6741
9602 30.2355
9603 42.9444
9604 73.1050
9605 13.7076
9606 9.8425
9607 38.4259
9608 39.8455
9609 14.2728
9610 46.3823
9611 28.6919
9612 12.1972
9613 60.7887
9614 13.4710
9615 25.7526
9616 12.9111
9617 12.3085
9618 28.4197
9619 9.2625
9620 49.1582
9621 9.6938
9622 10.8901
9623 20.6855
9624 10.3728
9625 8.7231
9626 46.4182
9627 22.7610
9628 37.5655
9629 7.0807
9630 61.6713
9631 29.1349
9632 27.4147
9633 13.0719
9634 53.1077
9635 12.4915
9636 21.3866
9637 24.2086
9638 60.4948
9639   NaN
9640 2.8097
9641 8.6400
9642 19.7815
9643 36.5635
9644 48.7165
9645 26.9198
9646 23.1355
9647 40.5140
9648 24.9526
9649 36.7497
9650 28.1607
9651 17.8303
9652 26.2150
9653 9.2661
9654 53.6348
9655 63.5278
9656 11.7800
9657 15.1651
9658 16.6386
9659 15.2930
9660 158.7202
9661 8.2113
9662 24.1343
9663 15.4580
9664 47.1008
9665 55.5062
9666 26.4766
9667 44.7853
9668 10.5139
9669 16.8461
9670 11.8456
9671 6.9447
9672 38.7658
9673 24.9761
9674 38.8402
9675 42.1302
9676 8.4584
9677 28.5318
9678 82.9244
9679 18.7255
9680 18.4301
9681 44.5435
9682 44.3089
9683 78.2219
9684 15.8245
9685 30.2182
9686 30.8822
9687 11.5856
9688 22.8639
9689 43.8869
9690 21.4797
9691 54.8067
9692 30.4719
9693 20.2867
9694 8.1281
9695 25.8584
9696 15.0664
9697 18.3133
9698 11.1434
9699 15.5597
9700 37.4961
9701 36.9060
9702 51.0677
9703 8.6927
9704 20.7148
9705 2.6027
9706 61.0409
9707 29.8392
9708 50.0011
9709 10.0920
9710 22.3702
9711 56.2496
9712   NaN
9713 16.1165
9714 29.3271
9715 40.2098
9716 12.9806
9717 25.3281
9718 11.4925
9719 30.3291
9720 25.7997
9721 66.8711
9722 11.6996
9723 43.4454
9724 22.5079
9725 26.7706
9726 22.7296
9727 84.6957
9728 33.6607
9729 9.8773
9730 20.8023
9731 31.3240
9732 77.6579
9733   NaN
9734 40.2409
9735 5.5360
9736 7.8945
9737 16.4542
9738   NaN
9739 21.0343
9740 18.3768
9741   NaN
9742 42.5140
9743 24.6747
9744 37.0267
9745 11.3363
9746 23.3385
9747 32.7125
9748 53.4640
9749 46.5743
9750 60.3556
9751 39.3164
9752 17.2113
9753 33.6317
9754 14.1858
9755 31.3759
9756 22.7272
9757 76.2055
9758 54.4088
9759 25.3815
9760 85.8630
9761 38.3043
9762 44.6788
9763 12.8435
9764 5.9852
9765 13.2946
9766 1.5415
9767 14.6442
9768 75.0271
9769 1.4038
9770 28.1163
9771 43.9618
9772 30.2631
9773 6.5709
9774 42.9904
9775 24.6508
9776 17.2635
9777 87.1826
9778 56.1751
9779 13.2262
9780 37.9650
9781 43.2763
9782 12.3973
9783 65.6285
9784 82.2643
9785 82.6939
9786 38.3675
9787 16.5905
9788 16.1312
9789 13.3007
9790 7.0331
9791 41.2004
9792 38.7803
9793 54.2718
9794 77.0868
9795 13.6036
9796 30.8891
9797 42.3099
9798   NaN
9799   NaN
9800 96.7745
9801 23.2615
9802 50.7112
9803 56.5120
9804 29.0239
9805 8.8144
9806 23.2738
9807 22.3296
9808 83.8353
9809 56.1724
9810 14.4018
9811 29.5953
9812 35.8929
9813 5.6621
9814 45.4280
9815 59.6791
9816 34.4692
9817 22.1060
9818 59.3813
9819 12.1629
9820 23.0245
9821 18.5420
9822   NaN
9823   NaN
9824 54.7292
9825 8.7976
9826 12.8584
9827 16.5620
9828 44.4731
9829 19.5168
9830 5.3360
9831 14.7957
9832 80.2683
9833 54.0105
9834 57.1138
9835 16.6162
9836 33.6950
9837 17.7668
9838 23.8678
9839 19.9501
9840 69.6017
9841 12.3755
9842 46.2732
9843 63.0050
9844 10.8693
9845 42.1348
9846 15.9001
9847 0.8267
9848 65.7587
9849 11.6230
9850 8.5727
9851 58.2223
9852 62.4153
9853 23.5188
9854 33.8667
9855 87.2538
9856 27.4528
9857 5.2270
9858 69.7607
9859 64.0206
9860 42.5584
9861 172.6060
9862 10.4251
9863 13.7375
9864 17.1311
9865 4.7892
9866 12.9013
9867 56.8875
9868 27.3863
9869 9.9371
9870 47.6042
9871 60.4494
9872 26.2310
9873 67.6065
9874 22.5093
9875 45.2274
9876 7.2471
9877 10.7375
9878 30.6210
9879 43.0380
9880 12.6485
9881   NaN
9882 25.2743
9883 21.0362
9884 66.4278
9885 29.6302
9886 18.8722
9887 17.3665
9888   NaN
9889 13.3245
9890 43.5764
9891 12.4805
9892 30.8736
9893 41.8296
9894   NaN
9895 20.9751
9896 79.3376
9897 36.4837
9898   NaN
9899 19.6614
9900 28.9317
9901 42.0408
9902 3.5743
9903 29.6685
9904 18.7287
9905 14.1395
9906 17.1806
9907 20.1761
9908 10.1372
9909 12.9109
9910 17.2736
9911 43.8345
9912 12.7761
9913 28.1007
9914 6.8820
9915 35.5792
9916   NaN
9917 24.3970
9918 25.1259
9919 37.7419
9920 49.9993
9921 18.7673
9922 5.3122
9923 19.2321
9924 18.8640
9925 23.6028
9926 6.1978
9927 17.1873
9928 62.0926
9929 9.5290
9930 21.3974
9931 23.8743
9932 21.0318
9933 6.1770
9934 35.2651
9935   NaN
9936 1.7004
9937 21.9289
9938 73.0359
9939 34.2726
9940   NaN
9941   NaN
9942 11.1299
9943 25.8874
9944 16.7017
9945 23.8448
9946 38.4644
9947 73.7045
9948 36.2725
9949 29.6658
9950   NaN
9951 9.3850
9952 18.3316
9953 6.8598
9954 6.6891
9955 2.9521
9956 6.9795
9957 14.5131
9958 16.6164
9959 37.3363
9960 17.9560
9961 9.2793
9962 2.8953
9963 83.8836
9964 11.6039
9965 15.6317
9966 10.6902
9967 37.7415
9968 22.3434
9969 10.0425
9970 65.3974
9971   NaN
9972 27.3211
9973 19.8573
9974 12.1748
9975 19.8022
9976 57.4837
9977 32.6778
9978 27.8432
9979 3.6994
9980 18.1393
9981 26.8916
9982 76.7168
9983 13.0447
9984 17.0083
9985   NaN
9986 17.0622
9987 64.9415
9988 74.6454
9989 68.5848
9990 32.8461
9991 15.6906
9992 17.2390
9993 47.7244
9994 50.0890
9995 19.0464
9996 37.5393
9997 102.1342
9998 51.9823
9999 53.0653
10000   NaN
