   1 16.1442
   2 21.2477
   3 7.3676
   4 11.4766
   5 6.3917
   6 25.5004
   7 5.9656
   8 17.8893
   9 18.5719
  10 8.5164
  11 3.0703
  12 7.9570
  13 25.6163
  14 58.5029
  15 1.5606
  16 8.0849
  17 12.4959
  18 4.8010
  19 32.5140
  20 9.5517
  21 12.3327
  22 17.2072
  23 28.8597
  24 37.9879
  25 25.9482
  26 11.4471
  27 9.9127
  28 2.9877
  29 17.2812
  30 10.4846
  31 40.6579
  32 6.5060
  33 7.5450
  34 21.6938
  35 2.1534
  36 9.1333
  37 25.9629
  38 45.1912
  39 15.7382
  40 8.8572
  41 10.7527
  42 83.5697
  43 22.9112
  44 5.9996
  45 19.1391
  46 10.2448
  47 2.0962
  48 2.1369
  49 50.0948
  50 66.8887
  51 15.9019
  52 35.5631
  53 17.9581
  54 3.3097
  55 40.9025
  56 19.6904
  57 4.6140
  58 5.9410
  59 23.7671
  60 15.8576
  61 31.2909
  62 79.4605
  63 9.7662
  64 30.6492
  65 24.5727
  66 34.1295
  67 7.2965
  68 26.1417
  69 3.5954
  70 38.9578
  71 29.6116
  72 25.2421
  73 31.2332
  74 33.6202
  75 8.7084
  76 17.3939
  77 3.1147
  78 3.4282
  79 7.6244
  80 2.6368
  81 61.2265
  82 31.9614
  83 72.9810
  84 19.2294
  85 12.2822
  86 26.1429
  87 54.5690
  88 69.1444
  89 33.4364
  90 32.1931
  91 24.7899
  92 13.9415
  93 14.4288
  94 12.3293
  95 7.5516
  96 9.9101
  97 31.4137
  98 13.2601
  99 89.0991
 100 33.3743
 101 4.2320
 102 22.0380
 103 31.6714
 104 24.6961
 105 4.0341
 106 5.5932
 107 9.1554
 108 69.8154
 109 10.8347
 110 20.1999
 111 1.3536
 112 40.8809
 113 3.2224
 114 17.7438
 115 2.7785
 116 20.6163
 117 14.1962
 118 49.6764
 119 49.2714
 120 17.4785
 121 43.6851
 122 13.9767
 123 66.3826
 124 3.8515
 125 22.7138
 126 7.2564
 127 53.8288
 128 23.1238
 129 40.2331
 130 28.6878
 131 10.9246
 132 4.4941
 133 14.8946
 134   NaN
 135 18.4950
 136 5.5536
 137 1.6455
 138 7.7595
 139 86.5272
 140 8.5527
 141   NaN
 142 7.7322
 143   NaN
 144 17.5731
 145 28.4819
 146 16.6668
 147 20.5716
 148 15.3122
 149 3.1397
 150 1.3666
 151 9.1496
 152 36.5553
 153 10.7175
 154 24.0332
 155 49.6452
 156 64.5648
 157 8.9009
 158 34.0607
 159 21.3467
 160 35.2248
 161 11.0368
 162 11.1902
 163 41.9711
 164 27.2232
 165 10.1584
 166 2.2362
 167 14.1983
 168 82.5971
 169 15.8095
 170 24.9558
 171 18.4987
 172 31.1630
 173 72.2142
 174 1.1448
 175 15.7683
 176 14.1161
 177 5.1841
 178 40.5892
 179 2.7424
 180 16.1461
 181 20.9089
 182 61.5675
 183 2.9922
 184 16.6710
 185 16.7979
 186 18.3119
 187 76.1545
 188 32.4497
 189 10.3458
 190 20.8771
 191 7.4560
 192 0.6325
 193 10.0511
 194 67.4366
 195 16.5409
 196 38.1888
 197 18.1991
 198 22.2222
 199 20.8270
 200 11.3929
 201 21.1879
 202 15.8064
 203 24.6080
 204 25.1216
 205 4.6289
 206 24.3958
 207 19.8075
 208 6.2047
 209 42.2156
 210 33.2757
 211 17.1025
 212 41.2352
 213 89.2786
 214 13.8376
 215 44.9957
 216 11.9126
 217 2.2626
 218 35.0749
 219 22.4589
 220 21.3097
 221 7.0150
 222 46.5167
 223 10.9593
 224 22.2226
 225 0.7574
 226 19.1623
 227 16.0607
 228 20.8574
 229 13.0031
 230 18.5593
 231 21.5329
 232 47.7146
 233 9.3697
 234 34.4317
 235 16.1606
 236 26.0112
 237 26.0454
 238 7.3210
 239 6.0906
 240 3.9022
 241 7.9131
 242 19.2577
 243 22.9305
 244 58.7075
 245 4.5474
 246 13.3609
 247 17.6118
 248 60.7746
 249 0.5808
 250 19.7388
 251 4.3180
 252 4.2687
 253 83.0318
 254 34.3657
 255 16.3650
 256 7.5482
 257 63.9428
 258 18.9556
 259 25.6577
 260 3.0868
 261 13.2844
 262 65.8658
 263 15.2263
 264 17.6814
 265 20.7199
 266 17.5090
 267 11.7756
 268 32.2385
 269 61.6457
 270 21.2483
 271 57.5980
 272 6.9392
 273 15.8203
 274 14.0455
 275 18.6949
 276 18.0027
 277 73.6493
 278 7.3937
 279 52.1027
 280 27.1713
 281 80.6339
 282 7.6503
 283 4.4396
 284 41.0859
 285 18.6802
 286 76.8327
 287 2.9900
 288 23.5909
 289 29.9636
 290 19.4484
 291 11.5093
 292 4.3550
 293 28.4765
 294 5.5235
 295 18.1043
 296 14.2691
 297 16.9995
 298 6.3500
 299 9.8838
 300 9.0744
 301 21.7395
 302 1.7429
 303 6.2603
 304 18.8137
 305 14.6437
 306 16.6950
 307 77.9505
 308 17.6992
 309 40.3957
 310 3.9927
 311 8.1277
 312 15.8875
 313 16.4459
 314 40.2952
 315 21.5265
 316 4.7620
 317 65.3024
 318 9.1672
 319 19.5692
 320 22.1878
 321 12.0295
 322 12.9781
 323 72.4538
 324 2.9289
 325 33.6947
 326 28.0059
 327 24.4175
 328 5.5194
 329 3.1650
 330 23.4298
 331 37.6256
 332 40.2289
 333 4.8996
 334 48.0795
 335 15.9585
 336 55.5608
 337 6.2026
 338 11.8817
 339 27.1861
 340 33.3901
 341 27.0452
 342 12.3210
 343 7.7066
 344 14.5423
 345 37.4019
 346 4.0226
 347 4.2719
 348 26.1635
 349 45.0572
 350 1.5970
 351 54.5932
 352 43.4361
 353 34.0643
 354 30.8090
 355 23.7468
 356 14.4123
 357 4.8402
 358 9.0765
 359 9.1031
 360 6.1736
 361 43.7477
 362 16.5971
 363 0.8483
 364 10.5407
 365 38.2058
 366 52.1817
 367 9.6033
 368 66.0816
 369 3.9522
 370 8.1285
 371 5.0804
 372 58.8606
 373 12.3262
 374 21.5405
 375 6.1804
 376 3.3235
 377 7.7716
 378 15.2463
 379 19.6202
 380 3.4392
 381 3.0220
 382 20.5866
 383 16.6043
 384 1.6953
 385 14.2101
 386 20.1240
 387 18.8418
 388 8.5230
 389 32.5208
 390 30.6324
 391   NaN
 392 20.0580
 393 3.6378
 394 9.3749
 395 55.3226
 396 62.2976
 397 2.3479
 398 29.7183
 399 13.1113
 400 17.0306
 401 9.9623
 402 6.4209
 403 6.2651
 404 7.7957
 405 1.4258
 406 29.8500
 407 81.2779
 408 16.5220
 409 21.1636
 410 20.2844
 411 42.6089
 412 61.0672
 413 47.2950
 414 10.6595
 415 22.7619
 416 6.5812
 417 65.7818
 418 22.6225
 419 19.6799
 420 2.8252
 421 10.8183
 422 39.8316
 423 11.8965
 424 60.6594
 425 11.8720
 426 72.8637
 427 3.0493
 428 10.2731
 429 45.9294
 430 24.4027
 431 47.6325
 432 28.6354
 433 56.3058
 434 52.2262
 435 59.2152
 436 1.0117
 437 7.4725
 438 41.8327
 439 21.3455
 440 17.5741
 441 12.3593
 442 21.7429
 443 20.1974
 444 12.0567
 445 7.1648
 446 6.6710
 447 1.4735
 448 20.9215
 449 26.6211
 450 17.7981
 451 8.5416
 452 7.4314
 453 12.7488
 454 19.4020
 455 13.6677
 456 19.3017
 457 51.1954
 458 12.5691
 459 5.3283
 460 5.2767
 461 73.1727
 462 10.4824
 463 10.4755
 464 22.1003
 465 17.0295
 466 8.2883
 467 18.5275
 468 10.9311
 469 23.7699
 470 82.5274
 471 7.6265
 472 11.2343
 473 7.9985
 474 7.6784
 475 5.4056
 476 13.3345
 477 26.2683
 478 8.9971
 479 68.5368
 480 19.1218
 481 5.2222
 482 4.8719
 483 51.7506
 484 29.4941
 485 47.8900
 486 17.3317
 487 11.4690
 488 14.0781
 489 16.7128
 490 18.5841
 491 7.8780
 492 13.6739
 493 2.3818
 494 26.2808
 495 9.3673
 496 25.2904
 497 70.0858
 498 7.4509
 499 20.7270
 500 49.2244
 501 2.8605
 502 45.5539
 503 97.2139
 504 12.4699
 505 26.4786
 506 22.4497
 507 8.3997
 508 8.5262
 509 37.3464
 510 21.6720
 511 25.9664
 512 9.0344
 513 3.6096
 514 5.6995
 515 56.2215
 516 6.5054
 517 53.4246
 518 12.7175
 519 3.2148
 520 15.6427
 521 21.8272
 522 51.1267
 523 9.8952
 524 14.1391
 525 15.6722
 526 41.2678
 527 11.0766
 528 8.5771
 529 18.1796
 530 11.5389
 531 27.7766
 532 40.7624
 533 24.5100
 534 2.3573
 535 4.0173
 536 35.7839
 537 31.0240
 538 37.0148
 539 83.3679
 540 23.6797
 541 4.3054
 542 11.4073
 543 7.3952
 544 17.5329
 545 27.2324
 546 16.2352
 547 50.6309
 548 4.3997
 549 44.7175
 550 81.6481
 551 77.5218
 552 10.4413
 553 18.2885
 554 33.6336
 555 58.0146
 556 12.6469
 557 23.4576
 558 31.4018
 559 14.3858
 560 11.7546
 561 17.6183
 562 6.2674
 563 4.4009
 564   NaN
 565 14.3255
 566 60.4864
 567 6.9747
 568 52.9427
 569 14.3419
 570 24.4366
 571 67.4176
 572 8.9999
 573 19.0601
 574 83.3106
 575 10.7241
 576 14.0138
 577 20.9051
 578 7.4740
 579 53.2157
 580 52.0354
 581 21.9062
 582 8.6085
 583 1.6762
 584 21.9698
 585 5.9306
 586 27.8800
 587 11.7014
 588 1.7740
 589 37.6002
 590 7.8360
 591 25.5692
 592 18.9066
 593 9.5798
 594 3.7027
 595 64.5280
 596 36.3259
 597 6.5670
 598 45.9388
 599 52.2157
 600 51.6884
 601 40.6948
 602 28.8322
 603 37.5745
 604 14.3524
 605   NaN
 606 28.4305
 607 20.8694
 608 12.9317
 609 31.7336
 610 5.0366
 611 19.2056
 612 4.5482
 613 23.3004
 614 7.1279
 615 16.7631
 616 15.9801
 617 20.4437
 618 6.3046
 619 21.4348
 620 27.3537
 621 31.2841
 622 4.3811
 623 38.5151
 624 6.2002
 625 75.2927
 626 10.0750
 627 26.3633
 628 72.1997
 629 15.8784
 630 63.5781
 631 46.6626
 632 10.4879
 633 20.2008
 634 9.1044
 635 61.6364
 636 16.1795
 637 9.6132
 638 17.9505
 639 1.7721
 640 3.6402
 641 4.4932
 642 39.8711
 643 21.5914
 644 41.1333
 645 12.1641
 646 80.5928
 647 5.3454
 648 9.1747
 649 19.3559
 650 15.4326
 651 13.0386
 652 30.3813
 653 37.9195
 654 79.6876
 655 23.2311
 656 17.4500
 657 16.9797
 658 11.8898
 659 11.3446
 660 49.6374
 661 17.3869
 662 27.8625
 663 20.6692
 664 16.5529
 665 9.1292
 666 25.7556
 667 52.9158
 668 26.2998
 669 4.7119
 670 12.5353
 671 50.7213
 672 11.5719
 673 18.8820
 674 17.6211
 675 14.8637
 676 16.0844
 677 26.2190
 678 9.2128
 679 4.5882
 680 1.5101
 681 16.3762
 682 6.1505
 683 8.1099
 684 44.6165
 685 16.9331
 686 72.3313
 687 2.6341
 688 21.2777
 689 19.6558
 690 16.5896
 691 2.0997
 692 13.5738
 693 18.4760
 694 23.5290
 695 3.6572
 696 24.3239
 697 9.8367
 698 5.6126
 699 15.1198
 700 17.1357
 701 44.0310
 702 18.0465
 703 16.3473
 704 3.1286
 705 32.6812
 706 21.2491
 707 4.4544
 708 6.8723
 709 15.2994
 710 37.4208
 711 22.4025
 712 58.6831
 713 49.1606
 714 50.3493
 715 20.0277
 716 7.7879
 717 2.7468
 718 35.6882
 719 30.7575
 720 33.3983
 721 22.4200
 722 30.6421
 723 6.4280
 724 17.8344
 725 46.7837
 726 22.9714
 727 3.2650
 728 20.2413
 729 12.5696
 730 16.4901
 731 28.1496
 732 26.1882
 733 9.1531
 734 16.9067
 735 11.0997
 736 52.6251
 737 30.8000
 738 25.8234
 739 5.4689
 740 31.4265
 741 4.7699
 742 11.2551
 743 12.0876
 744 12.5153
 745 6.3746
 746 33.5520
 747 11.9776
 748 5.0603
 749 26.8330
 750 45.7976
 751 66.7894
 752 3.3000
 753 16.8755
 754 31.7582
 755 23.3982
 756 14.2641
 757 58.6932
 758 15.3107
 759 6.8100
 760 4.9587
 761 7.4889
 762 3.2105
 763 40.2470
 764 21.6574
 765 8.8169
 766 20.1776
 767 21.6463
 768 12.4479
 769 15.3487
 770 50.5059
 771 15.9291
 772 36.8512
 773 35.6300
 774 20.1996
 775 2.8565
 776 1.8822
 777 11.1747
 778 17.8097
 779 26.1338
 780 48.4118
 781 19.7772
 782 25.5912
 783 16.1196
 784 9.7031
 785 5.8091
 786 7.2247
 787 29.7782
 788 5.0561
 789 8.6164
 790 1.2596
 791 3.7732
 792 54.0869
 793 11.2383
 794 5.2512
 795 20.3689
 796 15.3443
 797 10.1536
 798 8.4994
 799 8.8258
 800 18.2462
 801 8.0635
 802 13.1270
 803 20.9207
 804 4.7952
 805 9.0690
 806 9.9657
 807 8.2735
 808 66.7433
 809 16.2315
 810 18.0211
 811 10.6284
 812 40.0496
 813 49.3692
 814 47.9273
 815 65.5204
 816 2.5960
 817 7.4619
 818 30.6493
 819 6.7942
 820 51.9803
 821 35.5663
 822 48.7724
 823 9.2998
 824 48.3822
 825 6.9110
 826 9.0028
 827 23.3014
 828 11.4805
 829 8.1072
 830 7.4783
 831 18.6702
 832 37.6788
 833 46.4615
 834 72.3599
 835 13.5335
 836 45.1712
 837 11.1548
 838 6.9169
 839 17.2548
 840 12.9828
 841 29.4777
 842 5.9178
 843 16.4891
 844 16.7446
 845 8.3707
 846 55.5181
 847 10.7068
 848 32.4406
 849 38.0022
 850 58.7934
 851 14.2367
 852 8.9306
 853 1.6327
 854 4.3993
 855 34.4880
 856 4.1988
 857 16.1654
 858 3.4120
 859 13.9905
 860 18.1575
 861 21.3893
 862 46.6283
 863 9.3765
 864 16.3709
 865 5.9995
 866 1.7023
 867 12.0382
 868 49.0326
 869 12.9061
 870 44.1392
 871 23.0652
 872 16.7575
 873 23.1037
 874 21.1876
 875 3.8487
 876 22.6086
 877 17.5585
 878 54.8909
 879 39.5484
 880 4.7953
 881 3.1582
 882 13.6978
 883 15.9524
 884 2.2653
 885 3.6337
 886 21.4738
 887 4.7140
 888 17.5842
 889 36.2250
 890 20.7747
 891 56.2996
 892 31.5678
 893 20.7710
 894 15.9418
 895 15.6318
 896 58.4210
 897 49.4076
 898 19.9146
 899 24.7571
 900 10.9108
 901 12.4036
 902 38.5036
 903 17.2711
 904 33.9754
 905 7.2339
 906 35.4375
 907 5.2310
 908 64.8053
 909 26.5022
 910 11.5644
 911 11.4903
 912 33.8258
 913 26.1621
 914 2.4175
 915 64.6783
 916 85.6315
 917 34.9607
 918 17.8489
 919 37.3421
 920 9.7068
 921 24.2089
 922 30.9188
 923 11.4820
 924 18.4935
 925 22.5108
 926 44.4454
 927 12.2378
 928 5.9435
 929 47.4118
 930 13.7852
 931 26.0438
 932 3.3173
 933 45.3660
 934 12.4983
 935 8.6178
 936 55.9459
 937 48.0702
 938 68.9119
 939 63.9657
 940 21.4462
 941 29.3456
 942 1.3475
 943 12.6541
 944 10.5136
 945 8.8774
 946 7.5806
 947 57.0202
 948 13.5094
 949 8.1081
 950 62.6343
 951 48.5271
 952 3.9837
 953 11.4858
 954 16.8817
 955 7.1457
 956 21.4657
 957 16.9289
 958 6.6642
 959 33.3751
 960 15.6130
 961 9.9996
 962 22.0996
 963 21.0779
 964 34.7354
 965 9.5743
 966 15.4159
 967 18.6168
 968 67.5108
 969 17.7825
 970 13.4472
 971 22.5715
 972 11.2739
 973 19.7982
 974 9.8072
 975 21.7708
 976 41.3461
 977 20.5619
 978 68.3725
 979 46.3580
 980 19.9952
 981 10.1085
 982 19.6230
 983 57.0626
 984 15.8750
 985 54.3613
 986 12.2069
 987 11.1544
 988 10.4790
 989 5.4854
 990 18.3992
 991 6.7498
 992 10.2765
 993 9.0963
 994 26.6207
 995 14.7334
 996 11.3421
 997 39.1684
 998 6.8136
 999 3.5072
1000 6.4636
1001 22.4756
1002 18.0754
1003 6.9944
1004 14.1420
1005 12.9948
1006 68.6232
1007 24.1895
1008 12.8273
1009 12.2574
1010 1.5968
1011 11.4417
1012 81.6356
1013 60.5521
1014 12.2304
1015 21.1060
1016 55.4613
1017 80.8069
1018 4.8390
1019 10.4924
1020 22.7505
1021 58.1509
1022 4.7312
1023 60.4789
1024 30.6324
1025 18.7330
1026 8.3623
1027 29.2657
1028 8.2280
1029 19.0700
1030 25.5801
1031 2.7940
1032 15.1171
1033 18.7595
1034 11.8655
1035 6.6927
1036 0.8750
1037 40.8260
1038 10.6386
1039 17.9847
1040 51.1061
1041 5.2759
1042 11.8375
1043 35.0738
1044 66.5762
1045 12.7014
1046 20.7825
1047 7.8735
1048 18.8999
1049 22.8193
1050 28.2916
1051 76.1425
1052 10.7362
1053 19.8984
1054 53.0997
1055 12.1820
1056 53.1755
1057 31.1458
1058 18.4701
1059 2.2330
1060 43.1340
1061 27.2560
1062 31.1464
1063 21.1306
1064 5.2080
1065 56.1047
1066 4.2461
1067 85.4073
1068 8.4386
1069 42.7431
1070 30.1859
1071 25.3117
1072 8.8623
1073 15.7136
1074 50.8990
1075 11.4584
1076 10.3714
1077 20.5014
1078 10.8554
1079 7.2703
1080 17.0654
1081 45.2320
1082 25.9575
1083 6.6180
1084 1.8288
1085 12.0755
1086 1.4876
1087 24.7581
1088 59.9150
1089 6.5766
1090 17.0414
1091 7.8486
1092 33.6209
1093 14.9307
1094 19.5115
1095 25.6061
1096 34.8944
1097 44.8283
1098 5.2132
1099 20.2329
1100 28.8870
1101 26.1387
1102 18.3613
1103 14.7389
1104 5.4260
1105 33.4183
1106 2.9981
1107 11.2980
1108 32.9887
1109 1.7016
1110 6.0988
1111 28.4141
1112 78.5188
1113 20.6225
1114 11.1754
1115 36.4708
1116 16.4041
1117 5.2413
1118 41.6939
1119 29.1888
1120 8.8848
1121 54.3291
1122 38.7967
1123 3.2073
1124 20.2902
1125 2.1373
1126 6.4384
1127 35.4711
1128 10.6654
1129 21.6584
1130 21.7865
1131 12.2310
1132 20.0872
1133 21.7723
1134 10.5931
1135 0.8894
1136 49.2604
1137 21.4414
1138 21.3503
1139 15.1599
1140 3.5806
1141 9.8394
1142   NaN
1143 8.9048
1144 53.0310
1145 34.8312
1146 15.1159
1147 76.4175
1148 13.0793
1149 9.1469
1150 61.5654
1151 62.2294
1152 1.4770
1153 63.5078
1154 24.7189
1155 3.0717
1156 12.9605
1157 8.5385
1158 7.4146
1159 5.7157
1160 14.3725
1161 8.3288
1162 19.2240
1163 68.7341
1164 11.6009
1165 11.4248
1166 6.2528
1167 38.4037
1168 7.0938
1169 4.7830
1170 6.6080
1171 27.9570
1172 11.7579
1173 41.8188
1174 25.5121
1175 63.9513
1176 58.7837
1177 17.6396
1178 14.1737
1179 35.1297
1180 48.2930
1181 5.0435
1182 46.5612
1183 32.9155
1184 20.1306
1185 25.7979
1186 5.3215
1187 35.2257
1188 63.1404
1189 70.5129
1190 2.2661
1191 62.1392
1192 20.2815
1193 5.6867
1194 32.3890
1195 4.8981
1196 19.6808
1197 23.0792
1198 3.7402
1199 53.8278
1200 16.4858
1201 34.4841
1202 6.4636
1203 29.3681
1204 33.8872
1205 3.4074
1206 2.0649
1207 4.2364
1208 72.5293
1209 13.0169
1210 5.2508
1211 17.2153
1212 1.7913
1213 41.9567
1214 40.2290
1215 22.3485
1216 4.5889
1217 50.8680
1218 86.6410
1219 21.1761
1220 63.1611
1221 15.5294
1222 17.2960
1223 18.4545
1224 16.0745
1225 15.8919
1226 36.8022
1227 7.4358
1228 14.5635
1229 19.0448
1230 44.7275
1231   NaN
1232 15.1303
1233 7.1002
1234 14.5380
1235 2.8001
1236 24.8719
1237 0.6642
1238 2.8035
1239 13.4013
1240 21.9642
1241 10.4631
1242 2.5988
1243 39.2681
1244 24.0215
1245 3.8721
1246 57.3170
1247 14.5820
1248 23.7866
1249 19.0201
1250 3.5184
1251 1.5597
1252 12.1769
1253 18.6846
1254 8.9439
1255 0.6010
1256 19.0888
1257 4.2372
1258 4.5808
1259 11.2500
1260 17.5206
1261 15.1944
1262 6.9480
1263 5.7667
1264 24.2320
1265 18.4613
1266 4.2045
1267 31.1902
1268 8.2826
1269   NaN
1270 31.6040
1271 6.8255
1272 45.6904
1273 11.9416
1274 9.7912
1275 17.1502
1276 20.4734
1277 26.8849
1278 2.0073
1279 29.1883
1280 19.8740
1281 31.6223
1282 14.4611
1283 27.2917
1284 50.9540
1285 21.4925
1286 25.4169
1287 17.2710
1288 16.2278
1289 45.0686
1290 11.2068
1291 52.1454
1292 17.8468
1293 67.4599
1294 26.3861
1295 20.0821
1296 13.2842
1297 16.3049
1298 7.4869
1299 13.6152
1300 13.5616
1301 22.5069
1302 25.4891
1303 14.3389
1304 39.6488
1305 8.4836
1306 56.8850
1307 28.3294
1308 12.8516
1309 75.3096
1310 19.0821
1311 11.5042
1312 9.3711
1313 27.6347
1314 12.0254
1315 7.6558
1316 42.8347
1317 9.7716
1318 46.3497
1319 16.7432
1320 22.5544
1321 17.4929
1322 18.5022
1323 21.8460
1324 35.3591
1325 20.0846
1326 5.9725
1327 34.6755
1328 4.7130
1329 52.3524
1330 16.8256
1331 5.1059
1332 15.2163
1333 7.1776
1334 3.3930
1335 18.1565
1336 27.4540
1337 4.1202
1338 21.3817
1339 8.7764
1340 26.2885
1341 16.6252
1342 24.6602
1343 11.7571
1344 19.5999
1345 76.1214
1346 0.2331
1347 18.7886
1348 59.2047
1349 4.3953
1350 15.7145
1351 14.8071
1352 24.3674
1353 25.7380
1354 17.4672
1355 60.8086
1356 18.7694
1357 22.5974
1358 18.5594
1359 49.4864
1360 21.3536
1361 70.2733
1362 11.0688
1363 7.8100
1364 4.6145
1365 19.5040
1366 45.6225
1367 17.1694
1368 15.4095
1369 5.1394
1370 1.1330
1371 5.4931
1372 13.1053
1373 21.9361
1374   NaN
1375 13.6853
1376 61.7071
1377 33.0907
1378 3.9682
1379 37.4881
1380 12.3947
1381 1.4683
1382 37.7556
1383 6.7959
1384 16.7581
1385 76.4694
1386 10.6733
1387 9.5789
1388 7.3986
1389 15.5622
1390 30.8705
1391 25.5330
1392 2.1403
1393 10.1525
1394 7.2937
1395   NaN
1396 18.7376
1397 12.5138
1398 43.0552
1399 7.1822
1400 2.5784
1401 2.1802
1402 14.0542
1403 4.9376
1404 10.7207
1405 18.8659
1406 23.7904
1407 13.4253
1408 36.6793
1409 14.1678
1410 4.7670
1411 14.7008
1412 24.6284
1413 8.4678
1414 10.9296
1415 63.8816
1416 23.3168
1417 16.5257
1418 35.3432
1419 73.2628
1420 13.8751
1421 13.0197
1422 17.0992
1423 8.3999
1424 30.3850
1425 15.3089
1426 43.0978
1427 39.1006
1428 15.3167
1429 45.5062
1430 21.8519
1431 12.5580
1432 14.1681
1433 5.0673
1434 12.9415
1435 11.7671
1436 29.2074
1437 52.2896
1438 14.0239
1439 78.4237
1440 14.2462
1441 28.4083
1442 1.3170
1443 36.3268
1444 61.0433
1445 45.4965
1446 11.8250
1447 0.7420
1448 19.1165
1449 32.5378
1450 6.9841
1451 17.9427
1452 67.3760
1453 14.1255
1454 2.6619
1455 8.8549
1456 46.7310
1457 50.7401
1458 14.2024
1459 46.4626
1460 9.1680
1461 33.2151
1462 2.7808
1463 10.1260
1464 6.9145
1465 24.7601
1466 10.0175
1467 49.3541
1468 4.4636
1469 12.3251
1470 21.8286
1471 8.0096
1472 5.7006
1473 34.6929
1474 79.7673
1475 26.1127
1476 2.2134
1477 33.9984
1478 4.3764
1479 33.8682
1480 6.4340
1481 57.3551
1482 41.0282
1483 16.9311
1484 8.6997
1485 29.5540
1486 10.9371
1487 15.1399
1488 42.0875
1489 17.3517
1490 12.8810
1491 4.6079
1492 66.8534
1493 7.1547
1494 1.9614
1495 18.5375
1496 16.9251
1497 19.0290
1498 40.2354
1499 35.1760
1500 5.2190
1501 73.7729
1502 3.5957
1503 11.9326
1504 3.8114
1505 6.8356
1506 2.1002
1507 21.0420
1508 7.7190
1509 2.9162
1510 56.0678
1511 13.9537
1512 29.3954
1513 11.5977
1514 44.4814
1515 15.2850
1516 17.6022
1517 11.5783
1518 13.5836
1519 19.4474
1520 5.9587
1521 56.8727
1522 36.1101
1523 4.9886
1524 34.5179
1525 83.0924
1526 24.5980
1527 37.7399
1528 13.7500
1529 27.4910
1530 78.7748
1531 14.3076
1532 2.1921
1533 14.2705
1534 6.6684
1535 18.6355
1536 10.6163
1537 18.5662
1538 30.9612
1539 17.9787
1540 69.5626
1541 36.6045
1542 14.6022
1543 26.7694
1544 13.9133
1545 4.2883
1546 29.2727
1547 24.0240
1548 5.4664
1549 11.6436
1550 20.7211
1551 61.3668
1552 8.4440
1553 61.6061
1554 31.1042
1555 27.9362
1556 20.4058
1557 18.7095
1558 68.9116
1559 69.2302
1560 18.4917
1561 17.1533
1562 5.8224
1563 5.3096
1564 23.0481
1565 61.4406
1566 19.1052
1567 11.5999
1568 18.2902
1569 46.7271
1570 26.9443
1571 6.8487
1572 42.9648
1573 51.4961
1574 64.7789
1575 23.6374
1576 4.8708
1577 0.4585
1578 10.3365
1579 26.8004
1580 22.0457
1581 11.2352
1582 35.6379
1583 63.9339
1584 19.4850
1585 28.5898
1586 18.7718
1587 52.5930
1588 8.1942
1589 22.5428
1590 12.3621
1591 19.9127
1592 9.9098
1593 4.1657
1594 12.1688
1595 2.6898
1596 21.4367
1597 18.5040
1598 13.9530
1599 40.5380
1600 25.1704
1601 3.0357
1602 5.0762
1603 20.7387
1604 13.6648
1605 6.7294
1606 7.7019
1607 60.2168
1608 5.2844
1609 53.7631
1610 20.6355
1611   NaN
1612 23.9450
1613 2.0316
1614 27.0409
1615 11.4710
1616 19.8063
1617 33.6475
1618 35.0049
1619 6.7233
1620 4.9141
1621 14.5485
1622 29.8878
1623 60.4469
1624 9.1812
1625 12.7673
1626 43.8746
1627 10.0960
1628 28.3968
1629 15.4438
1630 24.7510
1631 45.4253
1632 31.4186
1633 20.2854
1634 17.9122
1635 38.8498
1636 17.9742
1637 7.1324
1638 16.8712
1639 13.6749
1640 9.1507
1641 4.5991
1642 24.3915
1643 3.6592
1644 15.1826
1645 20.0708
1646 22.4542
1647 3.6292
1648 5.4032
1649 12.3166
1650 3.2867
1651 39.5758
1652   NaN
1653 14.6377
1654 47.1878
1655 36.4347
1656 0.2135
1657 1.2409
1658 35.9979
1659 10.5883
1660 36.6764
1661 38.5113
1662 10.9073
1663 6.1195
1664 14.5226
1665 26.9379
1666 4.0417
1667 16.3676
1668 32.8875
1669 58.0326
1670 21.8377
1671 17.5029
1672 18.2112
1673 88.7986
1674 31.0847
1675 23.9331
1676 10.3596
1677 27.1679
1678 19.0658
1679 16.4772
1680 68.4479
1681 27.7442
1682 5.7820
1683 7.2119
1684 23.8479
1685 18.7237
1686 41.6507
1687 57.3834
1688 6.3455
1689 77.8370
1690 22.6306
1691 5.8509
1692 4.4762
1693 1.9022
1694 13.4640
1695 14.7336
1696 92.3254
1697 18.7113
1698 76.7051
1699 7.7901
1700 8.8983
1701 4.1948
1702 6.8099
1703 6.6931
1704 12.1616
1705 5.2843
1706 8.8093
1707 42.9481
1708 27.9473
1709 21.6087
1710 18.8425
1711 37.6590
1712 18.8890
1713 54.6016
1714 5.3243
1715 47.6337
1716 21.4426
1717 30.2406
1718 25.8916
1719 50.1158
1720 9.1289
1721 4.9233
1722 41.1146
1723 12.8670
1724 1.1584
1725 21.5076
1726 8.6437
1727 3.4725
1728 25.9530
1729 19.6663
1730 22.2664
1731 6.8667
1732 16.9054
1733 3.2324
1734 13.0790
1735 17.7952
1736 12.2229
1737 51.7152
1738 2.9011
1739 87.5318
1740 22.7028
1741 11.1390
1742 32.3463
1743 47.4617
1744 24.2926
1745 29.0908
1746 19.0361
1747 13.3426
1748 47.5821
1749 65.6614
1750 59.9243
1751 59.7314
1752 6.2227
1753 21.1142
1754 28.2355
1755 12.2882
1756 80.9863
1757 27.3174
1758 0.7534
1759 12.8881
1760 11.3628
1761 206.5160
1762 2.4607
1763 23.2194
1764 5.7636
1765 1.9884
1766 39.5505
1767 52.2281
1768 25.9250
1769 26.8002
1770 70.0188
1771 12.1967
1772 39.6765
1773 7.7174
1774 14.0798
1775 7.2521
1776 39.9372
1777 12.4764
1778 19.0758
1779 7.2035
1780 6.5177
1781 25.2244
1782 0.7573
1783 9.0854
1784 18.9470
1785 14.7090
1786 70.4952
1787 40.5887
1788 27.9604
1789 13.6180
1790 6.6325
1791 5.7043
1792 7.1710
1793 15.5400
1794 53.4519
1795 74.0016
1796 29.8202
1797 1.1900
1798 16.4491
1799 32.3973
1800 2.2443
1801 7.7082
1802 42.2259
1803 8.4943
1804 14.3351
1805 22.5723
1806 4.5332
1807 33.6544
1808 30.7127
1809 10.5336
1810 15.9798
1811 3.9221
1812 7.9425
1813 23.5269
1814 32.9174
1815 29.6317
1816 3.6784
1817 28.7508
1818 14.3596
1819 9.0117
1820 11.9933
1821 15.6220
1822 10.1999
1823 0.6940
1824 24.4601
1825 30.0646
1826 46.9170
1827 45.1427
1828 5.2790
1829 19.6557
1830 68.8131
1831 48.6860
1832 23.0974
1833 3.9206
1834 8.3532
1835 6.1492
1836   NaN
1837 24.6568
1838 3.8237
1839 4.2364
1840 14.1179
1841 15.8466
1842 15.1401
1843 12.6833
1844 7.6569
1845 76.3213
1846 15.1565
1847 65.6997
1848 24.4162
1849 5.5679
1850 19.0227
1851 36.4706
1852 22.1513
1853 11.3543
1854 7.7412
1855 6.3870
1856 58.0719
1857 27.1456
1858 1.0867
1859 14.3489
1860 21.4317
1861 10.1052
1862 12.1677
1863 12.0888
1864 10.3564
1865 18.8660
1866 13.5972
1867 19.5020
1868 14.4198
1869 22.0853
1870   NaN
1871 69.8382
1872 14.7915
1873 26.1037
1874 6.6074
1875 2.6660
1876 19.0071
1877 42.6002
1878 9.1425
1879 4.8483
1880 9.7048
1881 36.5624
1882 48.5521
1883 33.6190
1884 10.3279
1885 21.1444
1886 4.7312
1887 60.5058
1888 21.8973
1889 9.3015
1890 57.6461
1891 4.6156
1892 37.3241
1893 9.2686
1894 47.8527
1895 9.0271
1896 12.2204
1897 7.7401
1898 18.1923
1899 41.9914
1900 1.5816
1901 16.1307
1902 16.0989
1903 37.1679
1904 26.3437
1905 27.7247
1906 75.9129
1907 7.6820
1908 13.4440
1909 1.5406
1910 12.9186
1911 20.8204
1912 32.7984
1913 37.4039
1914 18.3489
1915 13.4476
1916 59.6286
1917 18.7948
1918   NaN
1919 7.8623
1920 25.8045
1921 19.3859
1922 14.7944
1923 0.8829
1924 11.7330
1925 30.0114
1926 5.0156
1927 20.6220
1928 16.1296
1929 47.3970
1930 26.9119
1931 7.0010
1932 35.5819
1933 29.2332
1934 21.2455
1935 13.0754
1936 20.5040
1937 33.2247
1938 61.6014
1939 6.7819
1940 11.0666
1941 17.2642
1942 23.1359
1943 38.9211
1944 17.3055
1945 22.7996
1946 3.5250
1947 6.5933
1948 20.0815
1949 6.8614
1950 41.7025
1951 47.8654
1952 51.9291
1953 47.7430
1954 64.4028
1955 28.6466
1956 16.1045
1957 16.1106
1958 38.3176
1959 38.9120
1960 24.8152
1961 35.8309
1962 27.6818
1963 47.8865
1964 6.5223
1965 21.1794
1966 26.1168
1967 44.2163
1968 6.5117
1969 30.3768
1970 31.9208
1971 14.1085
1972 15.0846
1973 60.4087
1974 53.7209
1975 3.0031
1976 13.2441
1977 29.8640
1978 11.8484
1979 43.6350
1980 24.0750
1981 59.2713
1982 32.0093
1983 11.4000
1984 48.8720
1985 11.4682
1986 28.5439
1987 4.5342
1988 8.3724
1989 18.7990
1990 28.8798
1991 20.9899
1992 15.3813
1993 11.7877
1994 3.6267
1995 69.6982
1996 48.3033
1997 66.0294
1998 13.0180
1999 71.0869
2000 12.7167
2001 50.2862
2002   NaN
2003 22.8613
2004 10.4461
2005 19.7719
2006   NaN
2007 45.3123
2008 5.4720
2009 7.2965
2010 33.1662
2011 3.5425
2012 7.6428
2013 25.6402
2014 17.5380
2015 11.9769
2016 26.9513
2017 67.9994
2018 9.4548
2019 2.8968
2020 38.2420
2021 6.6549
2022 4.5089
2023 3.2155
2024 16.8772
2025 7.4869
2026 3.1043
2027 24.9176
2028 2.0115
2029 11.8634
2030 4.3938
2031 4.3047
2032 32.6869
2033 15.0274
2034 26.2128
2035 15.2536
2036 21.6065
2037 19.9868
2038 20.7759
2039 14.2828
2040 8.6536
2041 5.8959
2042 15.2903
2043 19.5878
2044 10.5187
2045 4.3593
2046 25.0238
2047 15.4193
2048 17.7304
2049 3.8647
2050 5.7600
2051 7.6816
2052 25.8654
2053 19.8133
2054 32.1827
2055 14.5888
2056 22.8806
2057 16.5919
2058 8.4041
2059 25.2086
2060 25.9650
2061 4.1730
2062 22.6765
2063 3.3960
2064 42.4304
2065 36.1064
2066 33.4734
2067 32.2138
2068 19.1338
2069 10.3593
2070 39.7317
2071 38.1426
2072 24.0613
2073 3.4992
2074 19.3371
2075 70.2200
2076 21.6674
2077 26.5301
2078 3.9733
2079 22.1047
2080 5.3634
2081 4.1324
2082 8.1086
2083 21.2498
2084 2.9845
2085 24.1220
2086 26.2466
2087 6.3517
2088 11.0751
2089 77.5811
2090 14.0063
2091 4.7393
2092 8.7052
2093 27.2207
2094 27.5902
2095 21.1333
2096 5.0174
2097 41.9236
2098 43.1091
2099 46.5161
2100 43.3878
2101 13.3484
2102 52.9421
2103 8.3727
2104 11.3061
2105 14.5972
2106 36.9246
2107 8.4510
2108 3.5637
2109 2.0123
2110 17.6351
2111 37.3924
2112 46.9229
2113 59.4920
2114 0.7705
2115 6.0033
2116 28.9473
2117 1.4248
2118 3.2916
2119   NaN
2120 8.6377
2121 21.1922
2122 1.0010
2123 4.1997
2124 19.6524
2125   NaN
2126 30.8452
2127 2.2103
2128 29.6013
2129 20.9035
2130 35.3365
2131 10.6102
2132 44.0343
2133 13.9207
2134 6.1307
2135 7.6429
2136 13.7653
2137 23.8072
2138 9.4344
2139 21.5812
2140 65.0119
2141 39.1953
2142 13.5963
2143 25.7793
2144 24.2927
2145 4.8745
2146 24.9507
2147 45.8550
2148 4.9077
2149 14.6911
2150 25.1922
2151 64.4084
2152 28.1665
2153 4.2017
2154 28.9126
2155 31.9464
2156 22.3864
2157 50.9871
2158 75.6505
2159 5.6982
2160 25.0068
2161 6.1751
2162 20.0465
2163 53.3969
2164 8.2023
2165 25.2096
2166 36.9585
2167 30.4947
2168 71.5027
2169 24.0181
2170 10.8344
2171 14.9818
2172 13.1285
2173 4.9829
2174 48.9030
2175   NaN
2176 36.3664
2177 14.8786
2178 36.4865
2179 7.4048
2180 16.9380
2181 12.9562
2182 4.9077
2183 44.5102
2184 39.1780
2185 10.2757
2186 24.3168
2187 29.6906
2188 56.4410
2189 19.8838
2190 11.0122
2191 16.9653
2192 1.5339
2193 39.6679
2194 17.2143
2195 11.5378
2196 15.1350
2197 19.5525
2198 29.5680
2199 28.6364
2200 13.1808
2201 11.3330
2202 1.3959
2203 45.7462
2204 12.9784
2205 16.3062
2206 28.6858
2207 77.3399
2208 40.0032
2209 10.1946
2210 29.8419
2211 6.5236
2212 24.0563
2213 20.7725
2214 4.7695
2215 17.2705
2216 43.6708
2217 20.1256
2218 6.7530
2219 47.6249
2220 21.9782
2221 21.6259
2222 17.7321
2223 5.6053
2224 15.6501
2225 23.5992
2226 3.7120
2227 63.3247
2228 11.4476
2229 9.9927
2230 35.6936
2231 5.5981
2232 43.4626
2233 84.1474
2234 27.7380
2235 34.3364
2236 28.0624
2237 4.8442
2238 2.1269
2239 2.0537
2240 8.7198
2241 29.6848
2242 13.5394
2243 48.7067
2244 17.0304
2245 7.2780
2246 2.8134
2247 55.1840
2248 70.2115
2249 71.7156
2250   NaN
2251 17.7253
2252 4.8214
2253 6.8110
2254 49.9836
2255 3.1532
2256 51.7913
2257 21.4364
2258 26.7006
2259 50.3033
2260 18.2873
2261 20.3975
2262 42.9075
2263 27.8852
2264 1.6086
2265 18.3676
2266 32.2266
2267 30.6645
2268 5.4332
2269 57.0197
2270 35.8430
2271 9.7007
2272 12.2179
2273 1.9305
2274 12.8623
2275 2.3776
2276 14.8965
2277 25.7835
2278 43.8359
2279 10.0806
2280 11.0239
2281 1.9970
2282 41.7041
2283 10.4635
2284 13.4154
2285 7.3629
2286 5.2238
2287 15.3230
2288 5.3839
2289 8.2522
2290 18.8124
2291 16.9688
2292 30.1835
2293 24.0048
2294 58.4977
2295 25.5071
2296 84.9559
2297 3.2752
2298 7.7120
2299 11.6748
2300 24.4518
2301 34.2962
2302 20.5507
2303 6.0730
2304 5.1635
2305 32.2461
2306 8.9714
2307 14.1605
2308 11.6504
2309 8.7477
2310 9.4173
2311 21.1423
2312 2.9714
2313 29.4001
2314 17.8324
2315 80.9198
2316 8.1832
2317 2.9555
2318 34.9061
2319 49.8666
2320 12.4016
2321 83.8620
2322 59.1043
2323 62.9066
2324 40.5100
2325 12.9950
2326 37.7944
2327 13.4856
2328 11.4573
2329 56.8382
2330 16.4474
2331 54.5411
2332 60.0607
2333 26.5669
2334 20.7767
2335 16.2961
2336 3.9797
2337 7.3076
2338 66.5354
2339 8.6173
2340 10.9736
2341 19.5772
2342 11.7021
2343 17.2551
2344 57.0527
2345 19.1768
2346 6.2094
2347 72.5959
2348 11.8860
2349 19.2676
2350 2.8824
2351 29.1010
2352 13.0724
2353 58.7159
2354 21.7149
2355 15.9592
2356 9.3087
2357 45.4917
2358 7.2098
2359 4.1874
2360 9.7515
2361 27.3231
2362 12.7824
2363 31.0557
2364 12.0729
2365 25.0471
2366 25.9659
2367 3.1424
2368 23.0311
2369 2.1554
2370 9.9171
2371 27.2002
2372 5.9588
2373 6.6940
2374 36.5437
2375 26.7063
2376 15.7246
2377 15.7265
2378 11.8505
2379 5.0929
2380 39.3230
2381 23.5646
2382 7.3874
2383 10.6673
2384 4.4947
2385 44.1086
2386 6.1478
2387 25.1740
2388 14.7261
2389 13.1224
2390 24.9947
2391 25.4838
2392 13.4419
2393 10.7549
2394   NaN
2395 20.8256
2396 1.7065
2397 18.0387
2398 22.6665
2399 76.8657
2400 56.7814
2401 9.0694
2402 19.1219
2403 5.9563
2404 26.6007
2405 67.9525
2406 16.7175
2407 26.4073
2408 8.4917
2409 30.5449
2410 16.9678
2411 11.7689
2412 17.0216
2413 7.5074
2414 42.4619
2415 8.6489
2416 1.9442
2417 49.7398
2418 26.1783
2419   NaN
2420 23.3640
2421 3.8923
2422 32.1777
2423 4.1314
2424 2.6599
2425 22.0589
2426 41.7007
2427 5.6381
2428 9.3511
2429 32.7669
2430 14.7173
2431 19.0551
2432 15.5826
2433 5.9369
2434 19.0643
2435 4.9133
2436 20.4128
2437 37.9346
2438 20.3816
2439 34.1998
2440 13.7544
2441 19.2379
2442 8.0496
2443 7.4851
2444 41.8827
2445 20.5003
2446 7.4768
2447 63.4441
2448 67.8659
2449 9.9553
2450 3.0245
2451 22.4025
2452 29.4450
2453 26.2322
2454 7.7959
2455 11.0288
2456 44.2775
2457 7.6450
2458 16.6065
2459 52.3290
2460 13.6326
2461 12.6310
2462 42.9298
2463 24.0968
2464 8.0020
2465 49.9918
2466 28.5864
2467 38.8960
2468 17.4485
2469 24.0991
2470 11.4599
2471 0.9018
2472 7.4296
2473 18.4028
2474 4.9934
2475 13.2242
2476 12.1611
2477 17.4991
2478 3.8232
2479 4.9925
2480 26.5814
2481 13.5046
2482 9.5683
2483 20.7638
2484 5.1041
2485 77.1940
2486 26.8733
2487 50.7931
2488 40.1867
2489 12.1404
2490 22.8070
2491 28.3748
2492 4.6126
2493 8.6184
2494 34.0478
2495 12.3245
2496 59.1136
2497 20.0262
2498 68.5756
2499 14.7260
2500 4.5341
