5001 9.8481
5002 0.6323
5003 8.0077
5004 5.9562
5005 15.5311
5006 18.8151
5007 12.2407
5008 10.8434
5009 7.3022
5010 28.3090
5011 21.1794
5012 1.7625
5013 20.9574
5014 24.6278
5015 5.6892
5016 1.5890
5017 10.5569
5018 13.8042
5019 19.5622
5020 10.2558
5021 15.5225
5022 19.7431
5023 9.9180
5024 2.0079
5025 14.6638
5026 15.0687
5027 4.0210
5028 23.4385
5029 10.7687
5030 6.5587
5031 11.5866
5032 17.6930
5033 12.7547
5034 18.6111
5035 7.0953
5036 10.2423
5037 20.7969
5038 6.4966
5039 12.7987
5040 19.1761
5041 12.8972
5042 6.4856
5043 16.3377
5044 15.9267
5045 7.7647
5046 7.7265
5047 2.4901
5048 0.7031
5049 1.3793
5050 14.6588
5051 1.4538
5052 10.9757
5053 2.5743
5054 6.2950
5055 22.6384
5056 27.4719
5057 9.0119
5058 6.2989
5059 1.5617
5060 4.4573
5061 18.0619
5062 7.9666
5063 2.5495
5064 4.8497
5065 13.5451
5066 18.2442
5067 31.7853
5068 28.1025
5069 3.8531
5070 6.7928
5071 8.9208
5072 4.3807
5073 65.7420
5074 2.9099
5075 20.0491
5076 6.4434
5077 20.7372
5078 4.5599
5079 10.4843
5080 1.9215
5081 6.2963
5082 6.1298
5083 20.8138
5084 2.8141
5085 6.2228
5086 1.6889
5087 5.0653
5088 25.9111
5089 6.1670
5090 4.7877
5091 16.8978
5092 5.6164
5093 23.1604
5094 4.0336
5095 52.8466
5096 18.5809
5097 3.8686
5098 6.2080
5099 17.9047
5100 37.1244
5101 17.1057
5102 13.0749
5103 28.0735
5104 8.6036
5105 18.8212
5106 6.7673
5107 15.5524
5108 10.4388
5109 4.6991
5110 14.8616
5111 23.4494
5112 2.8574
5113 1.6477
5114 23.7404
5115 6.9210
5116 3.1109
5117 6.7320
5118 3.3034
5119 3.6334
5120 15.7820
5121 2.1658
5122   NaN
5123 17.6431
5124 5.0989
5125 10.8882
5126 12.6935
5127 9.4586
5128 10.2247
5129 4.0640
5130 60.8149
5131 6.3158
5132 5.6382
5133 7.4423
5134 9.2156
5135 2.6788
5136 6.4200
5137 0.6002
5138 5.3064
5139 1.2507
5140 7.8462
5141 23.7199
5142 17.3924
5143 10.8644
5144 2.1541
5145 40.4275
5146 1.1086
5147 18.0876
5148 21.7623
5149 6.0788
5150 10.4864
5151 10.8649
5152 11.1761
5153 5.4203
5154 6.3078
5155 18.1944
5156 8.0056
5157 6.1031
5158 1.5888
5159 38.6834
5160 4.1745
5161 2.7719
5162 1.6288
5163 15.1842
5164 11.7076
5165 0.7967
5166 4.5848
5167 20.5839
5168 3.9409
5169 5.1569
5170 16.8473
5171 13.2706
5172 3.4909
5173 0.7882
5174 1.3005
5175 4.2417
5176 14.9749
5177 1.8066
5178 7.7356
5179 4.6506
5180 4.3038
5181 12.2401
5182 17.5106
5183 2.8714
5184 20.4395
5185 18.4575
5186 2.3172
5187 2.3928
5188 6.0188
5189 13.9504
5190 18.0216
5191 9.9182
5192 6.9662
5193 28.2031
5194 1.8940
5195 19.0192
5196 26.7719
5197 12.4679
5198 13.7335
5199 6.7245
5200 66.7441
5201 7.4596
5202 3.4734
5203 58.0335
5204 18.0135
5205 5.9818
5206 1.7917
5207 3.5119
5208 6.9110
5209 16.8653
5210 10.0024
5211 20.7939
5212 1.7142
5213 5.1631
5214 9.2943
5215 27.4265
5216 8.4473
5217 4.0565
5218 2.9114
5219 9.4986
5220 3.5632
5221 8.1812
5222 20.2317
5223 1.3585
5224 24.5737
5225 5.0471
5226 13.3352
5227 23.2691
5228 36.6436
5229 11.8771
5230 4.0124
5231 7.5253
5232 16.8948
5233 11.5336
5234 17.9821
5235 15.4547
5236 8.6879
5237 14.6084
5238 5.4183
5239 3.9859
5240 4.0363
5241 18.6191
5242 13.0315
5243 5.8689
5244 26.3073
5245 18.5355
5246 18.3156
5247 18.5597
5248 6.1043
5249 9.5146
5250 4.2354
5251 9.2735
5252 0.9313
5253 31.4362
5254 9.8310
5255 25.7998
5256 4.3588
5257 12.7931
5258 1.4082
5259 17.3643
5260 16.6781
5261 1.3864
5262 11.3301
5263 1.2149
5264 14.1138
5265 16.3223
5266 4.1893
5267 22.9102
5268 12.3623
5269 11.8967
5270 14.9095
5271 3.7971
5272 21.2087
5273 6.5995
5274 28.9547
5275 2.8321
5276 4.4435
5277 23.5241
5278 1.8725
5279 7.6532
5280 2.5974
5281 1.0042
5282 2.5876
5283 10.1993
5284 6.6603
5285 9.9524
5286 5.2429
5287 4.5111
5288 16.9638
5289 3.4739
5290 7.6526
5291 34.6732
5292 25.0332
5293 9.4342
5294 3.7185
5295 5.6459
5296 4.8683
5297 4.4483
5298 8.4264
5299 6.4104
5300 6.0339
5301 3.1014
5302 2.5434
5303 17.1351
5304 27.6100
5305 3.5942
5306 5.4894
5307 20.2030
5308 7.7950
5309 23.0069
5310 5.9276
5311 22.0447
5312 14.3995
5313 3.1828
5314 4.0242
5315 27.5895
5316 2.9811
5317 21.8929
5318 8.8491
5319 11.5344
5320 6.5184
5321 22.7895
5322 29.0633
5323 32.7062
5324 3.9285
5325 3.1021
5326 53.4802
5327 1.2516
5328 26.4689
5329 3.9604
5330 2.3680
5331 3.7377
5332 21.0961
5333 27.0848
5334 15.4059
5335 19.1421
5336 24.0412
5337 2.7146
5338 10.8160
5339 4.1978
5340 2.6367
5341 5.1725
5342 3.1063
5343 6.1061
5344 28.5283
5345 2.8028
5346 0.1991
5347 8.8101
5348 11.0337
5349 2.1206
5350 15.2277
5351 1.3197
5352 10.2954
5353 9.5916
5354 6.2061
5355 15.8066
5356 6.4561
5357 16.7755
5358 15.9176
5359 15.1929
5360 3.5008
5361 7.4944
5362 33.7644
5363 21.2243
5364 3.5499
5365 17.2772
5366 24.4902
5367 4.6816
5368 8.7258
5369 5.8690
5370 6.6999
5371 4.8888
5372 1.0203
5373 2.0466
5374 4.5864
5375 8.8721
5376 0.8496
5377 7.6055
5378 3.1435
5379 7.7243
5380 9.5585
5381 14.1135
5382 7.8020
5383 1.2870
5384 2.0206
5385 8.9415
5386 4.1497
5387 8.7627
5388 2.8613
5389 31.6071
5390 2.9446
5391 26.2978
5392 9.9163
5393 6.7306
5394 7.8227
5395 11.9895
5396 3.7751
5397 11.7584
5398 23.2350
5399 19.2281
5400 1.4039
5401 1.9497
5402 16.7410
5403 31.5260
5404 8.1133
5405 20.3036
5406 13.2048
5407 14.8026
5408 23.0547
5409 27.6009
5410 8.4903
5411   NaN
5412 0.6355
5413 6.3253
5414 3.1826
5415 1.3589
5416 6.8432
5417 5.9255
5418 5.9358
5419 7.5805
5420 9.3115
5421 9.3813
5422 3.5351
5423 5.2294
5424 4.3539
5425 26.6582
5426 9.3746
5427 10.4749
5428 5.2323
5429 11.7600
5430 3.8418
5431 12.2123
5432   NaN
5433 12.4893
5434 1.6170
5435 9.4105
5436 10.5863
5437 2.0959
5438 21.2460
5439 16.8692
5440 7.9549
5441 1.6499
5442 2.7101
5443 2.0477
5444 11.5249
5445 18.6534
5446 9.7321
5447 4.9259
5448 12.4025
5449 19.2981
5450 4.0107
5451 21.8150
5452 5.9255
5453 6.0185
5454 14.4913
5455 13.1604
5456 7.9185
5457 18.8458
5458 22.7441
5459 3.3829
5460 2.3705
5461 13.2972
5462 9.3013
5463 42.6651
5464 8.1326
5465 12.3150
5466 12.6691
5467 1.0984
5468 7.2639
5469 11.1832
5470 10.2372
5471 7.0205
5472 7.4304
5473 3.2304
5474 4.5313
5475 13.7269
5476 1.0475
5477 22.9678
5478 1.7010
5479 2.8305
5480 16.8280
5481 11.9801
5482 2.3668
5483 12.0136
5484 2.9001
5485 5.3399
5486 4.5775
5487 6.1608
5488 4.3545
5489 20.2876
5490 19.7934
5491 3.1316
5492 2.3914
5493 11.1910
5494 17.1133
5495 4.1079
5496 2.6406
5497 3.8189
5498 8.8581
5499 14.6709
5500 2.4686
5501 5.0111
5502 1.5960
5503 6.7183
5504 11.0657
5505 3.2066
5506 11.5640
5507 23.8692
5508 18.1010
5509 4.3202
5510 7.6238
5511 2.9290
5512 2.8087
5513 15.9599
5514 1.0943
5515 16.5908
5516 9.5090
5517 6.7983
5518 2.7982
5519 11.5360
5520 10.3963
5521 7.4519
5522 9.6464
5523 2.5385
5524 5.4222
5525 9.1721
5526 2.0515
5527 19.0826
5528 5.9955
5529 15.2137
5530 15.1804
5531 6.4499
5532 26.1487
5533 6.5456
5534 7.8448
5535 11.2848
5536 9.2553
5537 8.2899
5538 2.0713
5539 11.9209
5540 1.9400
5541 2.5968
5542 28.0839
5543 27.9166
5544 3.7830
5545 13.6457
5546 22.6416
5547 4.3432
5548 12.7759
5549 10.7329
5550 1.8900
5551 19.5725
5552 2.3939
5553 3.9976
5554 7.8899
5555 1.7884
5556 3.2160
5557 34.1786
5558 3.4296
5559 18.1883
5560 25.6269
5561 13.9320
5562 21.6588
5563 15.7707
5564 3.2170
5565 2.6819
5566 20.4500
5567 4.7856
5568 5.9870
5569 6.3374
5570 16.3415
5571 7.9385
5572 6.5481
5573 2.7855
5574 1.3366
5575 26.4374
5576 11.0551
5577 1.2674
5578 10.9502
5579 1.2660
5580 15.5031
5581 0.8958
5582 3.0966
5583 27.4348
5584 29.4381
5585 42.9735
5586 7.2217
5587 7.9415
5588 5.8851
5589 19.2533
5590 6.0470
5591 9.4289
5592 20.6187
5593 5.1731
5594 2.1326
5595 18.4311
5596 14.0280
5597 10.4745
5598 5.3245
5599 4.8966
5600 10.6263
5601 16.9519
5602 57.8515
5603 68.1056
5604 5.8842
5605 12.3779
5606 6.5304
5607 4.8617
5608 35.6370
5609 14.7661
5610 12.6976
5611 3.5746
5612 19.6991
5613 2.4183
5614 15.2837
5615 25.1221
5616 10.8070
5617 9.5493
5618 2.2372
5619 15.4851
5620 47.9453
5621 21.6748
5622 6.2264
5623 1.5780
5624 3.4434
5625 3.9498
5626 5.3292
5627 16.7185
5628 20.6044
5629 3.5600
5630 5.7439
5631 15.7515
5632 5.2211
5633 3.4428
5634 15.8134
5635 23.9806
5636 12.7999
5637 8.2394
5638 19.6613
5639 1.5815
5640 16.5769
5641 16.1685
5642 7.2504
5643 26.3149
5644 12.0107
5645 2.1470
5646 8.0189
5647 4.3556
5648 22.3477
5649 3.6953
5650 4.7053
5651 19.4353
5652 3.0580
5653 6.3939
5654 16.3180
5655 1.1852
5656 16.1223
5657 2.8958
5658 33.3750
5659 14.7070
5660 6.3899
5661 37.1856
5662 22.7804
5663 14.6581
5664 10.4305
5665 2.4489
5666 8.1346
5667 20.7320
5668 17.3520
5669 5.9239
5670 1.4483
5671 8.7523
5672 1.8238
5673 3.6511
5674 6.8659
5675 24.5376
5676 15.4746
5677 8.8773
5678 18.9473
5679 6.8660
5680 3.0572
5681 12.7908
5682 11.0088
5683 23.9146
5684 52.2956
5685 31.3472
5686 5.6725
5687 23.5578
5688 43.8632
5689 22.1371
5690 4.6047
5691 12.0080
5692 13.4722
5693 1.4636
5694 6.3966
5695 22.8614
5696 11.1693
5697 1.2075
5698 18.7090
5699 22.1481
5700 4.3401
5701 7.7181
5702 9.1450
5703 1.5920
5704 18.4114
5705 12.3542
5706 21.1841
5707 7.1573
5708 65.7024
5709 14.9721
5710 16.0544
5711 7.7308
5712 30.4285
5713 23.9898
5714 1.9287
5715 3.5114
5716 9.4427
5717 4.9457
5718 4.0506
5719 3.7663
5720 30.1119
5721 8.4331
5722 8.2985
5723 12.1351
5724 17.4606
5725 11.6841
5726 20.5656
5727 4.5786
5728 14.9060
5729 24.9302
5730 2.8845
5731 4.0639
5732 1.2441
5733 0.7762
5734 7.9065
5735 4.5810
5736 13.0218
5737 12.3748
5738 2.9400
5739 2.0547
5740 15.6776
5741 21.4239
5742 6.0249
5743 3.2137
5744 5.6438
5745 1.5908
5746 14.9876
5747 21.6409
5748 8.7794
5749 14.6974
5750 7.3021
5751 18.8079
5752 20.6833
5753 1.8072
5754 9.4947
5755 2.6131
5756 15.1147
5757 13.4756
5758 1.8195
5759 15.5365
5760 28.1470
5761 3.5618
5762 11.9843
5763 4.5931
5764 23.6555
5765 17.9575
5766 15.7767
5767 13.6243
5768 3.1654
5769 4.3570
5770 3.4308
5771 11.4704
5772 7.3327
5773 8.9918
5774 6.2458
5775 4.8795
5776 25.4607
5777 10.4780
5778 10.3599
5779 6.0471
5780 6.9523
5781 9.5978
5782 19.7471
5783 25.7916
5784 7.1343
5785 11.5049
5786 4.6503
5787 10.9760
5788 2.5759
5789 9.8647
5790 3.2918
5791 18.3948
5792 6.6993
5793 3.9662
5794 11.7092
5795 8.8918
5796 14.0542
5797 4.3593
5798 14.7849
5799 5.0027
5800 6.0260
5801 10.3411
5802 8.3626
5803 3.7873
5804 18.4167
5805 9.3072
5806 0.4364
5807 1.9352
5808 4.9515
5809 5.8173
5810 9.7394
5811 7.5485
5812 13.0656
5813 4.8252
5814 12.6045
5815 4.8033
5816 13.7176
5817 6.9893
5818 8.2528
5819 5.4341
5820 1.9031
5821 9.7139
5822 18.9543
5823 1.7470
5824 2.0243
5825 8.8351
5826 20.0750
5827 13.8253
5828 5.1373
5829 5.8391
5830 4.0107
5831 21.5949
5832 1.4036
5833 15.1415
5834 3.1143
5835 3.3337
5836 1.3030
5837 71.2867
5838 10.3247
5839 5.2508
5840 11.7540
5841 4.5299
5842 3.7584
5843 6.1505
5844 7.1708
5845 14.2328
5846 3.3816
5847 14.8680
5848 14.8736
5849 9.4941
5850 2.3816
5851 4.3377
5852 40.1057
5853 8.4211
5854 18.1792
5855 7.3265
5856 1.1923
5857 8.7422
5858 16.3080
5859 29.0950
5860 4.8854
5861 2.5229
5862 6.8590
5863 19.3662
5864 8.0392
5865 5.5297
5866 5.8021
5867 14.1361
5868 1.4607
5869 18.7505
5870 25.6750
5871 1.5044
5872 6.2911
5873 19.0300
5874 8.9956
5875 19.3821
5876 3.3763
5877 24.3852
5878 3.5866
5879 2.5661
5880 3.7942
5881 1.6972
5882 32.5054
5883 19.3344
5884 4.4897
5885 6.6945
5886 13.6256
5887 12.1883
5888 6.1548
5889 3.9410
5890 6.8769
5891 13.6728
5892 18.5651
5893 17.0776
5894 36.4748
5895 9.8912
5896 5.2140
5897 2.0479
5898 20.5071
5899 10.0206
5900 14.7950
5901 5.5665
5902 21.3188
5903 1.5309
5904 5.6479
5905 6.7331
5906 5.8888
5907 2.4620
5908 28.6438
5909 23.8279
5910 25.0212
5911 13.7854
5912 2.9181
5913 0.8091
5914 1.9118
5915 6.1386
5916 13.8525
5917 1.5283
5918 3.3046
5919 17.3106
5920 2.1803
5921 2.8563
5922 0.8654
5923 4.0238
5924 5.3362
5925 11.2295
5926 11.0159
5927   NaN
5928 3.5802
5929 2.4030
5930 3.2624
5931 14.3390
5932 49.4269
5933 20.0045
5934 5.6536
5935 13.2892
5936 10.4733
5937 2.0214
5938 9.5217
5939 11.2815
5940 14.0509
5941 12.5595
5942 2.5666
5943 3.4578
5944 15.6735
5945 7.5640
5946 7.8643
5947 6.6653
5948 6.1334
5949 5.8451
5950 6.5111
5951 3.1996
5952 15.3860
5953 3.8890
5954 13.3198
5955 4.0198
5956 2.1178
5957 7.3876
5958 2.6305
5959 2.7195
5960 16.6213
5961 36.0832
5962 6.6130
5963 6.3401
5964 8.3562
5965 7.7299
5966 15.1930
5967 9.6725
5968 2.0384
5969 19.9828
5970 7.0623
5971 20.1784
5972 10.4917
5973 34.7628
5974 9.8767
5975 3.4556
5976 21.8205
5977 8.3990
5978 8.4026
5979 16.0776
5980 1.1025
5981 5.3400
5982 16.1325
5983 23.1820
5984 28.9138
5985 6.9057
5986 9.5645
5987 38.3213
5988 11.5396
5989 1.9755
5990 15.5370
5991 3.6745
5992 6.3327
5993 13.0764
5994 7.6536
5995 12.9440
5996 10.0521
5997 8.5197
5998 5.3648
5999 30.8793
6000 11.9598
6001 4.7350
6002 50.3454
6003 4.1031
6004 7.3421
6005 18.5252
6006 5.9526
6007 3.6758
6008 13.1730
6009 8.4935
6010 15.8463
6011 8.1606
6012 15.5269
6013 13.8557
6014 4.4782
6015 18.8365
6016 2.6023
6017 4.3129
6018 5.1967
6019 22.1657
6020 9.7102
6021 17.3591
6022 4.6840
6023 11.0187
6024 22.3285
6025 18.4983
6026 16.5830
6027 8.7462
6028 2.6571
6029 2.3798
6030 66.1499
6031 14.0264
6032 40.8934
6033 3.5038
6034 15.7968
6035 45.3904
6036 1.0782
6037 2.7292
6038 20.1302
6039 19.8538
6040 31.0320
6041 6.5007
6042 21.5260
6043 9.5275
6044 4.2036
6045 37.4016
6046 1.2787
6047 5.1460
6048 16.1854
6049 7.7661
6050 38.5637
6051 3.2543
6052 4.8119
6053 39.9774
6054 6.1950
6055 2.5039
6056 5.8331
6057 18.9284
6058 6.7429
6059 4.4963
6060 3.5239
6061 6.8599
6062 11.6949
6063 8.8381
6064 15.0327
6065 2.8654
6066 5.5037
6067 12.4248
6068 27.5867
6069 1.8999
6070 3.9903
6071 2.5745
6072 15.1230
6073 5.4140
6074 5.9740
6075 9.5861
6076 23.1234
6077 23.4060
6078 8.2313
6079 12.5193
6080 4.6511
6081 2.1865
6082 4.5861
6083 1.8045
6084 1.7883
6085 14.4231
6086 0.6246
6087 17.4972
6088 9.2371
6089 2.1395
6090 3.0814
6091 7.9512
6092 13.1105
6093 2.4906
6094 17.4182
6095 1.3100
6096 7.4687
6097 0.4842
6098 3.9817
6099 4.5525
6100 8.8633
6101 11.6504
6102 32.8542
6103 4.7701
6104 20.8236
6105 5.9327
6106 5.1345
6107 4.7157
6108 18.4675
6109 21.4040
6110 8.5379
6111 11.1107
6112 6.1393
6113 1.1536
6114 5.7442
6115 9.3694
6116 4.9909
6117 40.4214
6118 15.0515
6119 45.1143
6120 2.8641
6121 10.7989
6122 9.8728
6123 14.3762
6124 1.3731
6125 15.2977
6126 4.6584
6127 3.0374
6128 3.9603
6129 15.8743
6130 4.8968
6131 8.3489
6132 8.5682
6133 1.4655
6134 18.3798
6135 18.6489
6136 5.5877
6137 19.4194
6138 33.8336
6139 6.9251
6140 20.0390
6141 3.2804
6142 5.9149
6143 5.7105
6144 9.6579
6145 6.3729
6146 6.6599
6147 18.5038
6148 11.9492
6149 6.4853
6150 4.4785
6151 4.3396
6152 4.8799
6153 27.2850
6154 2.7969
6155 10.4512
6156 11.3440
6157 14.9321
6158 13.4316
6159 8.8286
6160 3.8237
6161 8.9610
6162 4.1315
6163 16.0944
6164 15.4504
6165 4.9582
6166 2.4774
6167 3.1371
6168 5.0688
6169 26.9878
6170 11.2771
6171 6.5178
6172 16.3316
6173 19.7497
6174 7.7429
6175 1.0398
6176 10.1643
6177 23.9514
6178 20.9472
6179 65.3490
6180 11.3541
6181 15.3670
6182   NaN
6183 25.4831
6184 17.4677
6185 6.6478
6186 7.8469
6187 6.5814
6188 19.4861
6189 2.6358
6190 30.1831
6191 3.6604
6192 11.0249
6193 9.2508
6194 3.0428
6195 5.7998
6196 2.9406
6197 3.4918
6198 27.2466
6199 5.2664
6200 10.6099
6201 71.0096
6202 2.0170
6203 10.3699
6204 4.3650
6205 1.7460
6206 26.9747
6207 9.8334
6208 3.3433
6209 17.8267
6210 14.8265
6211 12.7606
6212 11.9991
6213 12.1372
6214 3.4900
6215 9.7645
6216 7.5752
6217 8.6981
6218 8.0166
6219 24.7081
6220 5.3318
6221 4.5346
6222 2.9050
6223 1.4789
6224 3.5208
6225 17.8455
6226 2.3436
6227 2.9783
6228 9.8041
6229 4.7176
6230 12.3662
6231 3.3072
6232 4.7094
6233 7.2414
6234 2.4091
6235 9.7396
6236 1.0103
6237 36.1691
6238 6.1910
6239 23.5755
6240 25.3547
6241 12.2806
6242 33.7250
6243 6.9232
6244 4.2097
6245 1.2149
6246 24.3399
6247 3.5643
6248 8.9383
6249 3.3636
6250 7.8605
6251 16.6450
6252 7.3840
6253 29.1631
6254 15.4298
6255 8.0874
6256 10.4131
6257 7.1179
6258 16.8806
6259 20.4103
6260 41.1811
6261 4.7791
6262 14.5390
6263 7.0030
6264 17.7922
6265 6.1133
6266 45.6802
6267 19.7838
6268 5.0651
6269 3.6559
6270 15.9458
6271 3.2486
6272 15.8104
6273 1.5595
6274 4.9609
6275 7.4330
6276 18.7170
6277 8.5169
6278 2.5386
6279 13.3856
6280 6.9832
6281 1.1084
6282 26.1241
6283 9.4525
6284 2.2826
6285 12.7663
6286 1.6020
6287 6.5703
6288 11.3352
6289 18.9496
6290 8.1119
6291 14.9018
6292 3.2393
6293 19.1051
6294 7.0045
6295 9.7190
6296 7.1556
6297 13.4557
6298 1.6134
6299 23.6754
6300 14.5146
6301 5.8860
6302 20.8823
6303 21.3656
6304 4.7326
6305 4.2239
6306 8.6765
6307 19.2677
6308 9.7062
6309 3.8194
6310 2.9220
6311 8.8910
6312 18.6705
6313 3.9529
6314 3.7383
6315 6.7995
6316 8.0807
6317 9.0986
6318 6.1544
6319 16.4436
6320 13.6864
6321 1.8129
6322 8.8815
6323 5.1653
6324 19.7184
6325 14.4137
6326 15.0158
6327 48.5930
6328 21.8519
6329 12.5105
6330 1.3947
6331 13.9506
6332 17.8886
6333 5.7462
6334 5.4708
6335 14.9194
6336 21.2955
6337 1.4008
6338 1.3891
6339 3.4748
6340 6.7050
6341 10.1759
6342 24.4850
6343 8.4533
6344 2.9853
6345 8.1471
6346 5.7977
6347 3.3710
6348 4.3895
6349 9.2959
6350 10.1563
6351 8.6054
6352 5.0970
6353 35.2242
6354 2.9226
6355 18.5236
6356 10.0340
6357 18.0577
6358 6.2873
6359 4.2319
6360 19.1421
6361 5.8936
6362 11.6237
6363 10.3355
6364 12.1502
6365 14.5217
6366 30.0032
6367 8.1755
6368 7.2771
6369 7.7599
6370 27.1634
6371   NaN
6372 2.5965
6373 12.3137
6374 35.3801
6375 1.1688
6376 1.8934
6377 16.5215
6378 27.3985
6379 15.0097
6380 26.5007
6381 11.7895
6382 2.8278
6383 9.1135
6384 7.2867
6385 4.8818
6386 5.4473
6387 18.9367
6388 17.6875
6389 6.8941
6390 9.2248
6391 25.4706
6392 21.6979
6393 4.4307
6394 11.8457
6395 6.0886
6396 0.5486
6397 7.6019
6398 1.8213
6399 1.6651
6400 12.5981
6401 26.8872
6402 4.1049
6403 13.7362
6404 28.0027
6405 17.6604
6406 10.9489
6407 3.0405
6408 7.9795
6409 5.1830
6410 4.3155
6411 10.9555
6412 9.9390
6413 4.7017
6414 19.6163
6415 8.3043
6416 2.6728
6417 17.2047
6418 7.9147
6419 14.4465
6420 9.7109
6421 3.6385
6422 3.0334
6423 9.3341
6424 21.3239
6425 9.5692
6426 4.2289
6427 5.5072
6428 2.9238
6429 4.8958
6430 41.9905
6431 15.3649
6432 8.0895
6433 15.4856
6434 5.4373
6435 8.1955
6436 16.1054
6437 7.2261
6438 41.8247
6439 3.5616
6440 23.2287
6441 12.1335
6442 26.1048
6443 36.3048
6444 9.1803
6445 27.6761
6446 7.2756
6447 3.5372
6448 7.3758
6449 8.1553
6450 9.5695
6451 19.6189
6452 3.9172
6453 27.2012
6454 5.4738
6455 7.5125
6456 8.7255
6457 2.6771
6458 4.2245
6459 9.5922
6460 6.7352
6461 5.4380
6462 30.8437
6463 2.8120
6464 7.9542
6465 7.6640
6466 2.7965
6467 18.9338
6468 2.8056
6469 2.8288
6470 6.5163
6471 18.0604
6472 10.1671
6473 44.0507
6474 9.8809
6475 2.7130
6476 7.3744
6477 6.0468
6478 5.8389
6479 6.3582
6480 5.5601
6481 9.7250
6482 21.1782
6483 5.0032
6484 37.4368
6485 5.9636
6486 13.4354
6487 42.1115
6488 4.5416
6489 12.9678
6490 1.7609
6491 8.8310
6492 20.4723
6493 3.0387
6494 10.7702
6495 7.2717
6496 11.3319
6497 9.5463
6498 21.0708
6499 4.4455
6500 12.1603
6501 2.4377
6502 15.1374
6503 4.1530
6504 14.8443
6505 6.8863
6506 22.1802
6507 12.7353
6508 3.0283
6509 11.0576
6510 16.3560
6511 22.2023
6512 4.9174
6513 7.6907
6514 13.9528
6515 14.5741
6516 2.3690
6517 10.7964
6518 6.0655
6519 14.5929
6520 1.7627
6521 3.7191
6522 3.7285
6523 11.7610
6524 5.2152
6525 5.9402
6526 26.0703
6527 10.1825
6528 22.7122
6529 1.5735
6530 2.7328
6531 3.3531
6532 14.0021
6533 41.3438
6534 2.4019
6535 24.1059
6536 15.1448
6537 33.6330
6538 9.3102
6539 6.8691
6540 4.6953
6541 15.5114
6542 8.7981
6543 21.3394
6544 14.8946
6545 27.4284
6546 13.6681
6547 2.6547
6548 7.6515
6549 5.7908
6550 10.2270
6551 4.3662
6552 16.6034
6553 7.0567
6554 9.2458
6555 4.6545
6556 18.7035
6557 12.6622
6558 1.4430
6559 38.9571
6560 40.0438
6561 0.6480
6562 7.4355
6563 16.4879
6564 14.9939
6565 7.1247
6566 6.2981
6567 21.3822
6568 3.2777
6569 2.1240
6570 21.0611
6571 6.8179
6572 26.5921
6573 14.5245
6574 4.5737
6575 7.9048
6576 3.0017
6577 11.6887
6578 1.4986
6579 5.4712
6580 25.7436
6581 16.0823
6582 5.9874
6583 2.1159
6584 10.3605
6585 24.1543
6586 17.9046
6587 25.5335
6588 5.1392
6589 58.8722
6590 1.7219
6591 21.1300
6592 9.5754
6593 6.8663
6594 2.9438
6595 19.2248
6596 10.3688
6597 1.0460
6598 3.5428
6599 3.5545
6600 1.9966
6601 18.3589
6602 9.8126
6603 5.7629
6604 16.7887
6605 26.9241
6606 8.4292
6607 4.4804
6608 4.0102
6609 7.1891
6610 7.3539
6611 15.0624
6612 16.3494
6613 12.2126
6614 5.2375
6615 2.7769
6616 16.7584
6617 17.0561
6618 2.6662
6619 10.0269
6620 7.7162
6621 18.0203
6622 2.7823
6623 3.4002
6624 5.9055
6625 0.9544
6626 6.2077
6627 13.4673
6628 4.4183
6629 13.6320
6630 8.3327
6631 4.4568
6632 5.0927
6633 32.6467
6634 1.6576
6635 3.2594
6636 15.2692
6637 10.7243
6638 13.1623
6639 31.3124
6640 2.9662
6641 19.1315
6642 4.1076
6643 16.0704
6644 34.2326
6645 3.4623
6646 15.8107
6647 22.6497
6648 27.6959
6649 5.6359
6650 1.8083
6651 34.2256
6652 2.8460
6653 43.1061
6654 6.8390
6655 5.7522
6656 11.5909
6657 11.3983
6658 25.5913
6659 16.2177
6660 3.7724
6661 5.0746
6662 4.1851
6663 15.7417
6664 3.3556
6665 15.2627
6666 4.9253
6667 11.8937
6668 6.4494
6669 13.0338
6670 12.1130
6671 16.9235
6672 33.0086
6673 2.9297
6674 7.5357
6675 15.8207
6676 11.7222
6677 12.6970
6678 7.3711
6679 9.5385
6680 1.4553
6681 7.2650
6682 4.0850
6683 5.8512
6684 8.4475
6685 18.8448
6686 6.5708
6687 3.3211
6688 4.7509
6689 24.5490
6690 4.4312
6691 1.4476
6692 3.9546
6693 8.7778
6694 6.7212
6695 1.6153
6696 24.6104
6697 26.8967
6698 11.3004
6699 47.0946
6700 12.0429
6701 10.5107
6702 24.6333
6703 2.5902
6704 2.5118
6705 6.2239
6706 33.3149
6707 6.9047
6708 16.5266
6709 13.1998
6710 9.3355
6711 7.7602
6712 4.3609
6713   NaN
6714 4.5017
6715 12.8689
6716 13.0015
6717 23.6466
6718 42.4845
6719 16.9155
6720 7.2144
6721 16.1358
6722 22.4032
6723 21.4296
6724 20.4081
6725 2.0418
6726 2.0335
6727 6.1739
6728 0.9688
6729 12.2692
6730 19.6232
6731 14.5606
6732 1.7110
6733 20.7303
6734 26.8782
6735 5.1056
6736 11.5374
6737 5.1264
6738 17.3309
6739 12.6019
6740 2.7963
6741 17.1864
6742 14.4317
6743 5.8820
6744 7.9324
6745 23.8492
6746 5.1975
6747 31.6847
6748 2.9669
6749 4.8356
6750 15.1722
6751 2.2818
6752 48.4565
6753 23.4021
6754 7.9172
6755 7.0180
6756 3.8137
6757 1.9639
6758 15.9468
6759 2.6501
6760 7.8576
6761 11.8130
6762 1.5278
6763 4.0599
6764 42.8261
6765 2.6309
6766 8.4281
6767 18.4553
6768 6.2243
6769 9.1913
6770 10.9862
6771 15.6012
6772 16.8948
6773 10.7330
6774 4.3035
6775 11.1550
6776 20.9305
6777 21.3751
6778 2.3536
6779 12.0076
6780 10.6930
6781 57.3468
6782 5.2622
6783 4.5572
6784 26.5461
6785 10.1997
6786 10.4430
6787 7.7334
6788 1.6710
6789 5.8169
6790 5.9418
6791 3.1145
6792 19.7326
6793 5.9855
6794 26.6830
6795 24.6162
6796 13.4202
6797 6.4087
6798 27.2437
6799 12.0026
6800 40.0626
6801 4.0079
6802 6.6630
6803 8.4958
6804 3.4831
6805 18.8538
6806 0.3222
6807 21.9747
6808 3.0024
6809 16.2902
6810 2.0644
6811 11.5138
6812 6.2098
6813 3.2574
6814 12.4191
6815 9.1209
6816 5.2819
6817 11.2376
6818 6.6510
6819 3.8897
6820 20.0451
6821 10.6447
6822 5.7432
6823 12.2239
6824 12.2593
6825 6.2269
6826 8.6711
6827 3.2345
6828 23.5149
6829 9.7978
6830 4.3601
6831 11.2669
6832 8.0480
6833 25.6778
6834 2.7053
6835 5.8977
6836 3.4001
6837 12.2058
6838 15.3425
6839 19.1050
6840 4.6839
6841 9.7565
6842 1.8279
6843 7.1784
6844 18.8584
6845 4.7716
6846 15.5053
6847 53.9111
6848 20.9865
6849 24.1248
6850 31.1934
6851 3.3968
6852 5.8122
6853 3.3977
6854 22.1198
6855 3.7930
6856 2.5291
6857 30.0112
6858 2.6858
6859 21.5030
6860 19.9768
6861 12.5648
6862 5.0174
6863 9.2518
6864 19.5833
6865 7.3678
6866 15.4679
6867 8.6305
6868 5.5807
6869 12.6587
6870 2.2562
6871 23.6287
6872 2.7856
6873 5.2291
6874 3.8342
6875 20.0431
6876 6.5922
6877 8.3644
6878 4.5538
6879 25.4042
6880 19.9786
6881 6.8507
6882 5.2315
6883 3.0506
6884 4.1557
6885 5.1108
6886 20.8772
6887 3.4551
6888 9.7061
6889 14.3725
6890 20.8857
6891 13.6648
6892 15.3907
6893 2.2814
6894 14.0186
6895 3.9110
6896 49.1562
6897 8.0094
6898 19.0276
6899 7.5551
6900 3.4929
6901 2.3140
6902 11.4717
6903 1.7977
6904 2.9103
6905 8.8413
6906 0.6350
6907 7.8314
6908 11.4400
6909 23.4179
6910 2.8455
6911 22.1397
6912 12.6908
6913 1.9854
6914 19.3453
6915 9.5051
6916 5.9014
6917 1.7374
6918 1.3048
6919 1.4232
6920 9.3876
6921 2.2534
6922 2.8645
6923 18.5326
6924 4.3181
6925 16.0115
6926 1.9449
6927 6.8510
6928 5.1495
6929 51.5120
6930 8.2518
6931 18.3806
6932 11.2376
6933 3.3933
6934 8.4290
6935 5.6770
6936 2.0819
6937 2.7633
6938 3.5385
6939 41.7977
6940 9.2976
6941 4.8380
6942 1.2635
6943 9.6697
6944 3.8045
6945 2.0364
6946 15.4365
6947 30.0309
6948 9.0613
6949 7.5297
6950 0.9395
6951 23.6171
6952 17.5764
6953 8.1886
6954 3.3806
6955 9.8117
6956 15.6736
6957 11.0225
6958 29.2868
6959 2.9533
6960 7.8646
6961 1.9019
6962 4.1478
6963 4.3916
6964 20.2848
6965 17.9180
6966 4.0816
6967 3.7088
6968 32.7642
6969 0.5380
6970 3.6724
6971 8.1109
6972 2.2020
6973 29.9885
6974 20.0921
6975 4.8173
6976 5.0553
6977 18.0538
6978 7.3605
6979 2.5696
6980 5.3005
6981 6.8652
6982 2.4490
6983 26.2339
6984 23.5262
6985 10.0345
6986 25.5435
6987 26.0980
6988 6.1026
6989 10.4207
6990 23.1661
6991 54.2815
6992 6.3211
6993 3.3550
6994 5.4962
6995 14.8934
6996 13.7721
6997 5.9648
6998 5.4886
6999 11.4307
7000 13.3811
7001 7.1999
7002 4.6597
7003 8.7057
7004 7.3236
7005 9.1358
7006 4.1137
7007 2.2734
7008 16.4221
7009 15.9856
7010 16.5721
7011 3.1728
7012 4.7825
7013 3.9903
7014 4.8781
7015 4.7560
7016 23.6317
7017 6.6428
7018 23.1368
7019 13.2304
7020 6.1027
7021 2.5603
7022 5.4240
7023 5.0986
7024 5.4633
7025 6.7707
7026 4.8017
7027 16.1177
7028 51.7478
7029 11.6720
7030 6.8964
7031 3.5494
7032 10.2332
7033 13.1270
7034 10.5118
7035 9.0595
7036 8.8901
7037 9.9256
7038 2.3019
7039 6.1845
7040 1.2687
7041 30.8763
7042 4.7035
7043 1.0188
7044 5.6842
7045 10.1584
7046 2.1926
7047 5.9104
7048 8.7314
7049 27.9796
7050 10.9711
7051 14.0144
7052 10.0591
7053 18.4842
7054 9.8846
7055 4.3734
7056 3.0343
7057 1.3064
7058 1.7631
7059 5.4305
7060 4.3900
7061 10.8207
7062 3.2386
7063 21.5290
7064 4.2636
7065 40.4935
7066 10.7701
7067 4.1911
7068 16.6325
7069 26.3490
7070 4.1016
7071 6.2659
7072 1.4386
7073 1.3462
7074 2.5592
7075 31.5613
7076 19.8749
7077 1.9982
7078 4.1109
7079 37.4947
7080 6.9767
7081 8.1589
7082 17.5684
7083 32.5394
7084 16.8761
7085 6.7473
7086 3.9092
7087 6.6745
7088 6.5082
7089 3.2850
7090 9.7223
7091 15.3783
7092 9.8723
7093 13.1725
7094 15.2732
7095 25.5697
7096 0.8449
7097 7.8260
7098 21.3538
7099 15.1236
7100 2.8452
7101 21.7587
7102 5.6469
7103 5.3649
7104 29.6607
7105 25.9116
7106 28.7997
7107 5.2394
7108 7.1345
7109 8.0851
7110 4.5479
7111 14.0647
7112 10.7926
7113 8.2287
7114 39.0484
7115 15.4865
7116 9.0959
7117 1.3816
7118 4.0228
7119 7.8095
7120 13.9359
7121 12.1449
7122 3.0696
7123 15.8343
7124 2.6916
7125 16.2540
7126 2.8395
7127 10.5072
7128 5.5230
7129 29.4471
7130 6.3195
7131 5.0129
7132 2.9371
7133 7.8983
7134 5.1137
7135 7.2109
7136 7.4549
7137 20.0745
7138 11.2164
7139 17.2502
7140 9.8291
7141 13.0595
7142 13.2472
7143 32.8260
7144 8.6515
7145 2.3986
7146 1.4881
7147 23.8935
7148 5.3110
7149 6.8774
7150 6.8178
7151 1.1957
7152 18.8396
7153 19.7037
7154 24.7060
7155 9.3185
7156 20.3880
7157 4.3140
7158 5.5378
7159 3.0635
7160 23.6747
7161 15.5682
7162 5.3808
7163 13.3053
7164 4.9138
7165 10.6508
7166 5.3370
7167 5.1355
7168 1.7810
7169 3.6279
7170 8.7977
7171 17.7053
7172 36.1361
7173 9.0009
7174 3.8791
7175 4.7281
7176 7.2178
7177 19.8795
7178 45.8168
7179 35.1968
7180 19.4354
7181 21.6272
7182 2.8670
7183 2.9271
7184 10.3798
7185 8.4807
7186 14.2177
7187 45.9987
7188 5.7514
7189 6.1198
7190 3.5593
7191 7.2132
7192 5.5011
7193 5.9477
7194 7.4845
7195 7.1307
7196 15.6323
7197 17.9508
7198 4.5965
7199   NaN
7200 19.0933
7201 18.7988
7202 9.8778
7203 11.6748
7204 19.3947
7205 6.7834
7206 6.1314
7207 1.7774
7208 37.3636
7209 2.5522
7210 13.2946
7211 12.0719
7212 20.3988
7213 22.1746
7214 8.8365
7215 16.1069
7216 3.3096
7217 3.2079
7218 6.5286
7219 5.3612
7220 6.5075
7221 1.5767
7222 1.8267
7223 5.5440
7224 18.3271
7225 25.4878
7226 14.4057
7227 7.2470
7228 14.1833
7229 6.8760
7230 20.3066
7231 14.5044
7232 24.0110
7233 1.9024
7234 11.4323
7235 21.5774
7236 15.0907
7237 38.7555
7238 5.7353
7239 5.8264
7240 41.4521
7241 6.3634
7242 1.4534
7243 4.8666
7244 0.7014
7245 20.3995
7246 8.3517
7247 19.4516
7248 10.6441
7249 9.4119
7250 11.3459
7251 11.1858
7252 17.5982
7253 15.2160
7254 9.1789
7255 21.4618
7256 9.0535
7257 3.9830
7258 5.8216
7259 3.7282
7260 6.6114
7261 18.7407
7262 45.1919
7263 4.3888
7264 3.7186
7265 3.0417
7266 23.8137
7267 1.2853
7268 21.7668
7269 11.2789
7270 13.3988
7271 23.4570
7272 18.2144
7273 15.5170
7274 12.4901
7275 4.5300
7276 3.5412
7277 18.9204
7278 30.0206
7279 31.2881
7280 17.8194
7281 20.2689
7282 1.4046
7283 11.1554
7284 10.2202
7285 12.9540
7286 13.8575
7287 16.9053
7288 9.7945
7289 6.4960
7290 9.4691
7291 15.9681
7292 3.7406
7293 8.7233
7294 9.3488
7295 6.2882
7296 7.0808
7297 7.3779
7298 3.2531
7299 1.1937
7300 5.3288
7301 4.4277
7302 4.6923
7303 15.0100
7304 22.2232
7305 0.9026
7306 18.4114
7307 5.6175
7308 4.2771
7309 0.4684
7310 15.5724
7311 5.3322
7312 6.4234
7313 3.4821
7314 9.4540
7315 5.5979
7316 19.0548
7317 19.7665
7318 43.9607
7319 5.1464
7320 22.0972
7321 28.4174
7322 1.2924
7323 31.6011
7324 33.6096
7325 19.8953
7326 11.1034
7327 10.4479
7328 13.2691
7329 45.8861
7330 9.7319
7331 0.9252
7332 10.2189
7333 0.6038
7334 48.4343
7335 5.1812
7336 21.0625
7337 4.6277
7338 2.5329
7339 16.3771
7340 22.5099
7341 3.5635
7342 9.4654
7343 2.2202
7344 18.4772
7345 19.1678
7346 5.9407
7347 7.2081
7348 17.4812
7349 17.3747
7350 3.5265
7351 5.9543
7352 2.5907
7353 3.4501
7354 10.7247
7355 15.8976
7356 6.9299
7357 15.9498
7358 11.7075
7359 4.7334
7360 21.2444
7361 27.2091
7362 24.0076
7363 13.5993
7364 18.6019
7365 11.8828
7366 19.1984
7367 5.4319
7368 25.3728
7369 7.3763
7370 11.7703
7371 6.0952
7372 21.8171
7373 13.1930
7374 4.2622
7375 5.8835
7376 6.5602
7377 6.0788
7378 4.1225
7379 9.9134
7380 8.3041
7381 16.5982
7382 1.3861
7383 2.8887
7384 4.0934
7385 12.8367
7386 23.7252
7387 32.6530
7388 14.7960
7389 16.5163
7390 7.2492
7391 27.3053
7392 3.4840
7393 8.1155
7394 1.9259
7395 30.8699
7396 0.4100
7397 20.2415
7398 11.3254
7399 8.4673
7400 6.1447
7401 3.8996
7402 2.3372
7403 3.0345
7404 5.2746
7405 3.3384
7406 12.1385
7407 2.3359
7408 6.3635
7409 15.4487
7410 21.2667
7411 4.2042
7412 5.9178
7413 4.2845
7414 10.3678
7415 9.5535
7416 22.2488
7417 16.2324
7418 1.5616
7419 11.4503
7420 8.8429
7421 6.8238
7422 5.3596
7423 3.9231
7424 2.7820
7425 4.8102
7426 1.6840
7427 7.9895
7428 16.6181
7429 16.1576
7430 9.6792
7431 24.5409
7432 9.2172
7433 11.2735
7434 9.1913
7435 11.4189
7436 2.4368
7437 5.4344
7438 8.1322
7439 5.6793
7440 9.6723
7441 21.9295
7442 19.3150
7443 9.3827
7444   NaN
7445 13.3099
7446 10.2719
7447 24.5324
7448 2.5807
7449 3.0279
7450 4.4355
7451 2.3215
7452 6.1725
7453 6.8322
7454 2.8600
7455 10.0412
7456 5.2155
7457 6.0859
7458 6.2596
7459 1.9338
7460 19.8670
7461 1.8328
7462 29.5502
7463 7.1901
7464 10.5002
7465 1.5106
7466 25.3012
7467 36.4222
7468 12.0966
7469 18.1198
7470 18.2358
7471 13.9996
7472 8.9909
7473 12.6832
7474 34.9679
7475 2.5216
7476 3.5969
7477 25.0287
7478 3.5189
7479 2.5277
7480 11.4380
7481 12.7478
7482 20.5711
7483 2.2525
7484 4.7968
7485 4.5680
7486 1.6295
7487 4.6302
7488 5.2008
7489 2.8130
7490 4.0702
7491 4.4499
7492 20.3534
7493 22.3946
7494 17.4607
7495 5.7006
7496 25.6759
7497 11.4777
7498 3.0041
7499 4.1390
7500 9.2264
