   1 1.2527
   2 2.0074
   3 1.8725
   4 1.0628
   5 2.9217
   6 14.1288
   7 18.0023
   8 10.3414
   9 0.2275
  10 1.8284
  11 8.2666
  12 5.6555
  13 2.1413
  14 2.6895
  15 14.7154
  16 0.3533
  17 0.9358
  18 1.3537
  19 6.9072
  20 0.3470
  21 0.6542
  22 0.9718
  23 2.8706
  24 9.1311
  25 7.0610
  26 4.3628
  27 2.3231
  28 4.9229
  29 0.9631
  30 2.8845
  31 1.7257
  32 1.9912
  33 1.4216
  34 0.1540
  35 3.5458
  36 1.5502
  37 1.3517
  38 0.4272
  39 2.2935
  40 4.2054
  41 0.6823
  42 2.1191
  43 3.8853
  44 0.4584
  45 0.6342
  46 0.7793
  47 6.3153
  48 0.9967
  49 18.5042
  50 1.1840
  51 7.9979
  52 0.2984
  53 3.4178
  54 4.7743
  55 1.7921
  56 3.4119
  57 1.0952
  58 7.4286
  59 2.2961
  60 0.1991
  61 15.8152
  62 4.5620
  63 0.8846
  64 3.6644
  65 3.0223
  66 16.1054
  67 1.3098
  68 1.4877
  69 2.2435
  70 2.7473
  71 7.0482
  72 1.4569
  73 1.4436
  74 3.7732
  75 4.6915
  76 11.0427
  77 7.0912
  78 3.7176
  79 1.3456
  80 10.0290
  81 0.8072
  82 0.6176
  83 1.4691
  84 6.1903
  85 2.6055
  86 2.3578
  87 8.6244
  88 3.7801
  89 2.3578
  90 6.6442
  91 3.6951
  92 21.7445
  93 4.7990
  94 0.5073
  95 1.2904
  96 2.4487
  97 1.3714
  98 1.0549
  99 1.6239
 100 1.4036
 101 1.0868
 102 5.3611
 103 2.4646
 104 1.3310
 105 1.9601
 106 1.7417
 107 1.8740
 108 2.8191
 109 5.8055
 110 1.8876
 111 1.9925
 112 1.8374
 113 6.1812
 114 5.3205
 115 1.7949
 116 4.0653
 117 3.1082
 118 0.2801
 119 8.3773
 120 20.8781
 121 6.7149
 122 13.4056
 123 0.5245
 124 0.9619
 125 10.3709
 126 0.9453
 127 3.2340
 128 7.2131
 129 0.7278
 130 32.2977
 131 1.1591
 132 3.1458
 133 8.2086
 134 5.0570
 135 1.0047
 136 0.3849
 137 4.4323
 138 0.7974
 139 2.0433
 140 2.9480
 141 2.3020
 142 8.1329
 143 0.8340
 144 11.9118
 145 9.7863
 146 1.0219
 147 1.6564
 148 2.7064
 149 0.7763
 150 5.4349
 151 3.6804
 152 14.0354
 153 4.1498
 154 23.7695
 155 7.3699
 156 1.1868
 157 2.0889
 158 1.8779
 159 16.1249
 160 1.6695
 161 3.6637
 162 16.5648
 163 4.4417
 164 10.5127
 165 2.7121
 166 11.8383
 167 7.0905
 168 5.1616
 169 0.7493
 170 4.9871
 171 2.3290
 172 7.5089
 173 5.7317
 174 0.9715
 175 1.7763
 176 20.1093
 177 0.6046
 178 4.5061
 179 8.1886
 180 1.5003
 181 0.7297
 182 4.1776
 183 18.0111
 184 4.6669
 185 3.8829
 186 9.5030
 187 0.7407
 188 0.7324
 189 15.5955
 190 2.0446
 191 9.9883
 192 5.2563
 193 5.0794
 194 1.4479
 195 7.0096
 196 1.5426
 197 10.7545
 198 1.8935
 199 1.7531
 200 0.9714
 201 8.7077
 202 2.4420
 203 1.6631
 204 7.7296
 205 0.9098
 206 0.6580
 207 0.1659
 208 5.7477
 209 7.8547
 210 1.4105
 211 2.1432
 212 5.6275
 213 2.4278
 214 2.3237
 215 13.3099
 216 6.3575
 217 3.5605
 218 1.5227
 219 4.5934
 220 1.0017
 221 4.7229
 222 11.2812
 223 3.2334
 224 1.4414
 225 0.4829
 226 2.5580
 227 2.5753
 228 2.1652
 229   NaN
 230 1.1224
 231 5.8016
 232 6.5300
 233 0.8776
 234 2.5250
 235 17.0783
 236 0.9134
 237 1.4722
 238 2.2398
 239 2.5846
 240 25.6240
 241 7.8215
 242 3.8833
 243 13.5245
 244 6.2969
 245 14.2503
 246 3.5474
 247 0.7252
 248   NaN
 249 3.3498
 250 2.5812
 251 9.8754
 252 2.5894
 253 2.9110
 254 19.2411
 255 2.8049
 256 1.3670
 257 1.0193
 258 9.1018
 259 0.9022
 260 2.1661
 261 3.8442
 262 0.3780
 263 5.1858
 264 2.1413
 265 1.2128
 266 3.9082
 267 1.2479
 268 0.1821
 269 13.2174
 270 10.4939
 271 0.4551
 272 0.9566
 273 0.4545
 274 5.7329
 275 5.8496
 276   NaN
 277 3.3942
 278 0.4855
 279 1.6985
 280 6.7978
 281 2.4972
 282 4.5875
 283 3.4876
 284 1.4122
 285 0.4123
 286 2.8855
 287 8.2710
 288 1.3611
 289 4.8724
 290 2.3861
 291 1.0112
 292 0.3688
 293 0.8034
 294 0.9024
 295 32.3306
 296 2.1092
 297 2.9409
 298 5.9601
 299 2.1864
 300 1.8603
 301 0.6421
 302 3.0741
 303 7.9248
 304 1.4896
 305 4.8432
 306 0.6965
 307 4.7845
 308 5.9827
 309 1.1351
 310 1.3984
 311 8.2095
 312 1.9624
 313 0.4602
 314 3.3176
 315 0.5939
 316 2.0209
 317 11.1909
 318 0.8060
 319 1.3866
 320 2.3628
 321 0.3440
 322 9.0511
 323 9.0129
 324 1.6317
 325 1.3371
 326 1.8514
 327 0.8515
 328 0.9250
 329 1.1221
 330 12.6765
 331 5.6744
 332 1.7201
 333 10.4298
 334 1.9593
 335 2.0923
 336 9.7750
 337 1.6972
 338 2.2059
 339 1.2591
 340 0.5840
 341 6.3899
 342 0.7918
 343 7.1906
 344 0.1930
 345 4.3457
 346 0.8566
 347 9.8907
 348 0.8738
 349 2.1221
 350 9.3208
 351 2.2864
 352 0.6665
 353 4.7255
 354 3.6982
 355 2.4946
 356 3.9309
 357 3.7249
 358 1.2902
 359 5.2892
 360 1.5642
 361 10.5764
 362 11.2998
 363 4.8670
 364 5.2403
 365 2.5098
 366 25.8557
 367 2.5120
 368 2.3919
 369 1.4897
 370 10.5809
 371 0.8358
 372 1.0011
 373 7.8421
 374 1.9298
 375 12.9794
 376 0.8337
 377 2.2569
 378 1.4368
 379 1.3567
 380 3.2950
 381 3.5030
 382 4.6939
 383 3.1455
 384 3.7712
 385 7.0319
 386 1.3629
 387 0.9263
 388 1.3677
 389 6.2103
 390 2.2973
 391 2.3582
 392 0.5368
 393 1.4284
 394 1.4601
 395 2.3412
 396 3.1757
 397 1.6512
 398 8.8249
 399 1.1609
 400 12.1990
 401 22.9014
 402 7.9979
 403 2.0029
 404 0.5985
 405 7.8349
 406 12.8755
 407 10.5323
 408 2.9696
 409 7.9883
 410 6.9028
 411 9.8655
 412 9.2862
 413 2.6696
 414 3.0219
 415 4.9690
 416 0.9081
 417 20.3996
 418 1.8755
 419 0.9235
 420 1.9150
 421 4.9696
 422 1.3088
 423 9.5217
 424 0.5476
 425 1.4727
 426 4.1233
 427 12.2393
 428 6.9868
 429 2.4456
 430 0.6569
 431 7.5112
 432 2.1167
 433 3.2844
 434 0.5336
 435 1.9275
 436 7.9004
 437 3.3165
 438 2.4812
 439 3.5527
 440 7.3494
 441 1.4860
 442 6.0028
 443 0.9740
 444 0.6507
 445 0.6250
 446 0.7962
 447 0.6388
 448 7.4719
 449 7.6310
 450 4.1339
 451 1.8056
 452 1.6874
 453 0.4906
 454 0.4133
 455 1.8749
 456 0.3792
 457 1.8280
 458 1.3567
 459 0.7491
 460 1.3348
 461 2.7244
 462 4.2159
 463 1.5903
 464 0.7436
 465 0.8826
 466 6.1712
 467 2.0591
 468 0.9895
 469 5.4427
 470 0.6202
 471 1.1828
 472 3.8319
 473 2.7953
 474 0.6708
 475 0.1758
 476 1.0312
 477 0.7035
 478 2.7256
 479 2.1753
 480 3.4382
 481 0.7669
 482 6.1483
 483 0.2946
 484 0.7295
 485 1.5519
 486 2.0026
 487 3.9441
 488 0.4824
 489 11.8256
 490 12.0427
 491 7.9851
 492 1.3232
 493 0.4894
 494 2.1030
 495 10.7367
 496 6.8323
 497 30.7128
 498 0.7842
 499 0.6525
 500 1.5112
 501 1.3196
 502 1.3209
 503 1.7581
 504 0.6161
 505 1.2146
 506 1.3824
 507 1.3590
 508 10.5735
 509 18.5944
 510 5.8838
 511 2.0353
 512 13.1599
 513 4.8768
 514 1.5320
 515 3.1640
 516 2.5109
 517 1.3049
 518 0.4220
 519 1.4227
 520 7.4122
 521 3.6162
 522 1.7229
 523 12.9072
 524 0.4321
 525 1.8952
 526 2.0509
 527 4.1470
 528 5.1835
 529 22.0772
 530 7.5800
 531 7.2830
 532 2.9409
 533 0.5517
 534 3.1518
 535 13.4987
 536 3.0037
 537 4.2958
 538 4.2257
 539 0.2935
 540 11.3577
 541 1.0000
 542 1.8135
 543 0.8709
 544 7.1919
 545 2.5015
 546 4.4279
 547 8.1608
 548 1.1974
 549 2.0156
 550 0.4602
 551 2.6475
 552 2.7617
 553 1.4856
 554 0.8433
 555 1.8138
 556 1.2132
 557 1.7757
 558 0.4487
 559 0.2992
 560 0.7625
 561 7.5299
 562 0.1618
 563 5.3926
 564 1.9444
 565 0.6489
 566 2.6041
 567 1.1606
 568 0.5075
 569 6.7290
 570 4.4616
 571 1.5546
 572 1.5606
 573 0.6389
 574 3.2582
 575 2.9843
 576 2.6048
 577 6.4336
 578 4.0675
 579 5.5325
 580 2.9618
 581 8.1643
 582 7.8261
 583 10.5839
 584 4.0515
 585 2.0680
 586 4.5892
 587 0.4349
 588 6.4984
 589 0.4795
 590 0.1698
 591 11.5686
 592 8.5228
 593 13.2256
 594 11.7513
 595 0.5267
 596 2.5270
 597 0.6201
 598 0.0914
 599 2.4841
 600 21.2767
 601 14.3963
 602 0.7109
 603 0.9076
 604 1.0050
 605 1.2800
 606 1.3773
 607 4.8806
 608 12.3712
 609 3.0300
 610 0.8604
 611 3.5989
 612 1.0887
 613 7.5387
 614 8.4109
 615 4.9138
 616 8.7302
 617 6.7298
 618 0.3438
 619 18.9573
 620 13.6004
 621 8.1303
 622 10.1220
 623 0.7627
 624 1.7829
 625 1.7642
 626 28.8875
 627 4.0251
 628 0.8168
 629 3.7419
 630 1.5062
 631 4.4771
 632 10.2635
 633 3.9691
 634 1.1635
 635 3.7617
 636 9.7412
 637 4.9844
 638 0.8829
 639 2.0669
 640 3.3343
 641 1.0219
 642 0.6452
 643 2.8530
 644 6.2979
 645 22.2097
 646 0.1982
 647 8.8773
 648 4.7268
 649 1.7756
 650 4.5460
 651 0.8625
 652 12.2389
 653 5.7347
 654 5.2727
 655 18.0794
 656 0.2523
 657 11.6849
 658 1.4351
 659 5.0570
 660 6.3471
 661 1.3073
 662 1.9823
 663 0.7694
 664 2.4278
 665 1.2804
 666 4.7056
 667 19.8133
 668 0.1911
 669 0.2020
 670 4.5154
 671 1.5942
 672 1.2095
 673 9.2264
 674 2.2277
 675 2.0747
 676 0.4245
 677 0.8045
 678 5.1516
 679 2.8239
 680 2.2800
 681 0.8115
 682 0.9866
 683 3.0490
 684 0.3794
 685 1.8063
 686 2.6913
 687 1.7050
 688 2.4368
 689 1.4840
 690 1.1417
 691 1.2314
 692 0.4538
 693 8.1286
 694 2.8035
 695 3.6476
 696 17.0275
 697 9.9639
 698 1.0522
 699 0.3301
 700 3.6021
 701 3.4087
 702 0.9685
 703 0.4864
 704 1.4302
 705 1.0462
 706 0.5024
 707 2.8699
 708 1.1735
 709 12.3733
 710 3.1328
 711 4.1266
 712 1.2285
 713 5.4503
 714 0.6649
 715 4.7827
 716 2.2215
 717 1.6372
 718 4.4099
 719 13.9627
 720 2.3371
 721 1.6330
 722 5.0626
 723 2.1471
 724 0.8144
 725 4.4016
 726 0.2598
 727 1.2997
 728 6.9246
 729 5.0428
 730 7.8771
 731 6.2973
 732 0.9142
 733 0.9605
 734 0.8066
 735 4.4745
 736 5.8517
 737 0.3030
 738 7.3834
 739 3.7000
 740 2.7207
 741 9.7066
 742 0.4023
 743 2.6103
 744 1.9744
 745 11.3876
 746 0.7595
 747 3.5484
 748 0.6931
 749 5.0401
 750 0.5875
 751 1.6704
 752 0.8644
 753 0.6203
 754 3.7498
 755 3.2052
 756 0.9115
 757 10.8776
 758 0.5931
 759 0.5535
 760 2.8947
 761 7.1823
 762 4.0329
 763 2.7990
 764 6.2036
 765 1.5009
 766 2.4548
 767 4.1591
 768 6.5594
 769 2.5700
 770 6.7811
 771 0.9310
 772 0.8706
 773 19.2720
 774 2.2617
 775 0.3320
 776 1.9089
 777 4.4773
 778 1.3817
 779 0.5543
 780 2.3328
 781 9.1856
 782 0.6709
 783 9.6535
 784 17.8920
 785 14.1331
 786 1.2910
 787 0.7626
 788 9.8000
 789 1.4203
 790 0.5669
 791 2.8192
 792 3.6309
 793 2.9977
 794 1.6306
 795   NaN
 796 3.3565
 797 1.3681
 798 10.8019
 799 11.9639
 800 4.0929
 801 7.0919
 802 2.5694
 803 0.6174
 804 16.6158
 805 1.6133
 806 0.1838
 807 3.1243
 808 1.9018
 809 0.9364
 810 1.5626
 811 6.9693
 812 3.6577
 813 1.3365
 814 5.3134
 815 14.9564
 816 0.6800
 817 5.1315
 818 7.4895
 819 6.3261
 820 0.8060
 821 4.8512
 822 2.8113
 823 1.7662
 824 4.6739
 825 3.5514
 826 3.2421
 827 2.8932
 828 12.3207
 829 0.6629
 830 6.4982
 831 0.7982
 832 8.3260
 833 9.5098
 834 2.7065
 835 1.0467
 836 7.9667
 837 1.9804
 838 2.0988
 839 2.2434
 840 1.1231
 841 24.7341
 842 1.5656
 843 2.1265
 844 1.1556
 845 8.5972
 846 4.3766
 847 6.7165
 848 3.2690
 849 0.6230
 850 8.5731
 851 2.0791
 852 9.1075
 853 3.7034
 854 1.9927
 855 4.6900
 856 1.4537
 857 2.3731
 858 14.4529
 859 0.7054
 860 3.8584
 861 2.4111
 862 3.2361
 863 6.7411
 864 11.8017
 865 0.2134
 866 2.0721
 867 1.1417
 868 8.1386
 869 2.6050
 870 4.5287
 871 2.2016
 872 0.3657
 873 4.1429
 874 3.2672
 875 2.8547
 876 1.0154
 877 0.6250
 878 2.2253
 879 10.3944
 880 3.5210
 881 1.0038
 882 4.3958
 883 8.1952
 884 2.5856
 885 4.5112
 886 4.2592
 887 1.4797
 888 12.7361
 889 0.7769
 890 1.3555
 891 1.0709
 892 21.7093
 893 0.3432
 894   NaN
 895 4.4462
 896 0.8268
 897 5.6701
 898 1.1157
 899 1.4099
 900 0.9497
 901 2.2282
 902 1.0734
 903 0.9606
 904 0.3983
 905 1.9633
 906 2.9350
 907 3.8549
 908 1.9230
 909 0.6452
 910 6.2646
 911 9.1057
 912 4.5831
 913 1.5904
 914 1.2575
 915   NaN
 916 3.8983
 917 0.9953
 918 6.9400
 919 8.5691
 920 13.4481
 921 6.2876
 922 0.5875
 923 4.9668
 924 2.1387
 925 1.5197
 926 0.2646
 927 2.8444
 928 32.1286
 929 21.4032
 930 1.9409
 931 2.6439
 932 0.7009
 933 0.5774
 934 1.6217
 935 19.5681
 936 0.3813
 937 21.5903
 938 23.1104
 939 1.1974
 940 4.1125
 941 0.7596
 942 12.3582
 943 7.4206
 944 5.1167
 945 6.9911
 946 3.1475
 947 6.4805
 948 2.9798
 949 2.3331
 950 0.8750
 951 12.7063
 952 0.6642
 953 15.0874
 954 0.4967
 955 3.3805
 956 6.5572
 957 10.2030
 958 4.4813
 959 0.4140
 960 4.9397
 961 1.9884
 962 1.2922
 963 1.3457
 964 2.4349
 965 1.8144
 966 0.7713
 967 0.7314
 968 5.3314
 969 4.6151
 970 7.8849
 971 6.9223
 972 2.1993
 973 4.9837
 974 0.6758
 975 1.5963
 976 0.6932
 977 1.3033
 978 1.1333
 979 1.9201
 980 1.0589
 981 5.5254
 982 3.6257
 983 4.3435
 984 13.9795
 985 5.1272
 986 1.2544
 987 0.4682
 988 10.5399
 989 8.1409
 990 3.8768
 991 0.1232
 992 6.8455
 993 2.0677
 994 2.8769
 995 2.3980
 996 6.1147
 997 1.2803
 998 1.1857
 999 2.9028
1000 2.1998
1001 0.1978
1002 0.9257
1003 2.3139
1004 0.6219
1005 9.3023
1006 4.4798
1007 5.4738
1008 10.6491
1009 4.2978
1010 5.3195
1011 4.0113
1012 6.1265
1013 6.2766
1014 0.3423
1015 10.4271
1016 0.6327
1017 4.3895
1018 1.1545
1019 1.4604
1020 4.6565
1021 0.9191
1022 11.4899
1023 2.0928
1024 0.9846
1025 9.3143
1026   NaN
1027 4.5384
1028 5.7635
1029 7.4811
1030 2.7793
1031 5.9677
1032 2.4247
1033 8.8915
1034 0.8865
1035 10.2922
1036 2.3949
1037 3.3420
1038 0.9024
1039 2.0023
1040 1.7079
1041 1.1854
1042 3.6742
1043 3.0702
1044 0.9699
1045 8.7239
1046 8.7919
1047 1.2349
1048 1.3392
1049 0.4432
1050 1.4874
1051 8.6805
1052 2.2693
1053 5.7016
1054 1.2912
1055 2.7004
1056 11.1978
1057 2.3437
1058 0.7304
1059 2.6599
1060 5.3117
1061 0.1857
1062 2.9287
1063 2.4972
1064 1.5589
1065 9.0398
1066 3.1714
1067 2.8586
1068 1.9974
1069 9.9312
1070 0.6521
1071 7.0106
1072 2.0223
1073 0.8808
1074 7.4233
1075 1.8836
1076 4.3139
1077 0.3112
1078 1.5873
1079 2.9150
1080 3.7910
1081 1.0742
1082 5.7419
1083 0.0935
1084 6.7406
1085 13.0459
1086 5.1700
1087 4.0183
1088 0.7793
1089 26.3066
1090 9.9667
1091 1.6417
1092 6.8004
1093 7.8814
1094 3.9246
1095 2.2069
1096 3.1084
1097 12.1275
1098 2.6983
1099 7.1824
1100 2.0315
1101 1.8562
1102 10.8032
1103 5.2472
1104 1.4445
1105 0.5092
1106 0.9557
1107 1.4517
1108 1.8465
1109 1.4300
1110 1.1301
1111 1.4886
1112 4.1341
1113 3.8105
1114 11.7977
1115 6.4408
1116 6.3419
1117 6.2954
1118 3.2239
1119 11.0096
1120 22.2657
1121 2.5938
1122 1.6935
1123 2.6336
1124 0.9435
1125 2.2883
1126 5.6344
1127 3.9904
1128 5.2246
1129 0.7914
1130 1.8232
1131 0.5055
1132 3.1010
1133 7.7668
1134 4.7245
1135 1.4169
1136 1.5502
1137 2.7731
1138 2.0931
1139 0.5480
1140 1.5563
1141 2.0933
1142 1.0435
1143 7.7169
1144 4.6137
1145 4.3584
1146 1.6637
1147 16.3999
1148 0.7311
1149 1.4781
1150 2.6075
1151 0.3027
1152 6.2842
1153 3.7838
1154 7.2049
1155 0.7904
1156 3.7297
1157 9.9071
1158 1.1750
1159 4.2214
1160 10.3758
1161 1.5858
1162 2.8167
1163 10.7553
1164 3.1855
1165 10.7522
1166 13.0248
1167 4.8377
1168 3.9613
1169 0.5002
1170 12.1012
1171 6.4815
1172 1.1945
1173 1.8020
1174 26.4120
1175 1.1541
1176 2.3690
1177 8.1495
1178 0.5938
1179 0.4740
1180 1.9718
1181 0.6727
1182 1.0043
1183 8.1586
1184 1.7212
1185 6.9662
1186 4.8678
1187 6.3840
1188 1.0348
1189 3.3992
1190 1.6183
1191 0.9221
1192 2.6394
1193 7.7878
1194 3.5613
1195 2.6915
1196 0.9999
1197 7.3617
1198 0.5439
1199 0.3958
1200 3.6806
1201 11.8139
1202 3.0779
1203 13.2320
1204 6.0220
1205 1.6865
1206 3.2727
1207 4.7366
1208 0.5414
1209 5.8950
1210 11.4247
1211 6.5410
1212 2.5561
1213 2.4727
1214 0.4857
1215 0.5812
1216 18.0413
1217 1.4468
1218 2.2727
1219 0.8269
1220 7.8801
1221 2.9659
1222 0.7689
1223 1.6406
1224 2.0138
1225 3.1952
1226 1.3924
1227 1.5490
1228 17.2780
1229 6.9915
1230 7.8608
1231 1.2754
1232 0.4323
1233 8.8792
1234 0.2820
1235 3.2108
1236 5.1052
1237 11.8507
1238 2.6411
1239 3.3200
1240 10.1183
1241 0.9427
1242 2.4589
1243 11.3150
1244 2.6503
1245 2.7639
1246 28.4891
1247 7.2266
1248 0.3486
1249 2.7901
1250 4.9489
1251 1.8091
1252 1.0705
1253 1.9738
1254 9.1758
1255 1.9314
1256 8.9289
1257 0.7818
1258 9.2674
1259 0.6504
1260 0.3358
1261 2.6933
1262 2.8554
1263 1.5543
1264 9.0735
1265 6.5110
1266 4.1777
1267 3.7773
1268 5.5338
1269 0.3796
1270 0.4204
1271 5.3312
1272 2.8506
1273 6.5906
1274 2.5892
1275 7.8877
1276 0.9594
1277 4.5203
1278 10.9375
1279 3.5622
1280 17.0568
1281 1.6400
1282 3.0977
1283 1.7978
1284 5.4888
1285 7.3045
1286 13.2617
1287 5.9712
1288 1.1642
1289 0.3294
1290 1.4683
1291 4.1638
1292 0.4122
1293 3.9149
1294 7.4914
1295 1.7277
1296 1.0624
1297 6.3236
1298 1.8717
1299 1.2092
1300 0.1479
1301 1.3168
1302 6.3382
1303 10.3803
1304 6.7985
1305 0.9441
1306 0.7055
1307 2.2685
1308 8.8278
1309 1.1954
1310 4.1897
1311 4.5120
1312 1.6112
1313 8.6397
1314 4.0908
1315 2.1926
1316 3.0820
1317 1.8875
1318 0.4064
1319 0.2909
1320 0.1757
1321 2.5597
1322 6.7666
1323 7.0576
1324 8.3800
1325 2.6397
1326 6.0973
1327 1.2248
1328 22.7913
1329 1.8745
1330 0.5309
1331 2.1696
1332 5.3023
1333 0.6972
1334 4.3049
1335 0.9587
1336 1.2907
1337 3.5018
1338 3.5867
1339 0.7176
1340 2.3885
1341 9.0367
1342 5.9018
1343 12.7623
1344 1.4996
1345 1.2557
1346 3.4107
1347 0.9391
1348 0.6508
1349 11.8019
1350 12.3014
1351 2.5649
1352 3.4979
1353 6.9018
1354 3.7383
1355 0.4870
1356 0.5187
1357 1.8199
1358 0.3526
1359 4.5007
1360 1.7000
1361 2.9966
1362 2.8006
1363 2.7383
1364 2.8064
1365 1.2605
1366 2.0471
1367 0.9536
1368 0.9129
1369 9.1118
1370 6.2884
1371 0.6934
1372 0.6766
1373 26.8980
1374 2.4359
1375 3.5395
1376 0.9288
1377 19.5334
1378 5.3480
1379 1.6782
1380 5.8396
1381 0.4971
1382 0.6962
1383 2.4789
1384 3.5977
1385 30.8731
1386 6.1037
1387 1.3797
1388 7.1379
1389 12.0881
1390 0.8428
1391 1.9785
1392   NaN
1393 28.3999
1394 8.5607
1395 15.8653
1396 2.2356
1397 1.2949
1398 3.8503
1399 4.3060
1400 0.5785
1401 1.0865
1402 5.9084
1403 2.9492
1404 2.5439
1405 13.5231
1406 6.6478
1407 2.0907
1408 0.2439
1409 4.0377
1410 16.9360
1411 11.2536
1412   NaN
1413 2.0148
1414 4.6508
1415 0.7298
1416 1.7368
1417 1.4843
1418 2.9526
1419 4.5140
1420 8.8594
1421 10.4743
1422 0.5658
1423 2.9383
1424 3.5038
1425 5.2442
1426 0.5173
1427 0.7630
1428 0.7464
1429 7.3178
1430 22.6735
1431 12.4329
1432 1.3606
1433 3.2462
1434 9.2023
1435 3.0234
1436 0.4747
1437 1.3020
1438 0.5666
1439 4.6806
1440 1.6237
1441 8.9652
1442 29.0848
1443 0.8015
1444 13.6621
1445 0.6511
1446 3.2214
1447 5.0817
1448 2.1439
1449 0.7126
1450 0.6493
1451 0.7582
1452 26.0637
1453 9.1443
1454 5.1842
1455 1.2716
1456 1.7831
1457 4.6747
1458 0.1879
1459 2.2900
1460 7.8449
1461 2.2644
1462 0.8142
1463 1.0965
1464 3.2550
1465 17.3888
1466 7.0472
1467 8.9259
1468 0.9981
1469 8.4590
1470 4.1805
1471 0.6968
1472 1.7119
1473 3.6209
1474 2.2289
1475 2.8606
1476 2.1708
1477 11.0148
1478 5.1543
1479 0.3609
1480 2.6346
1481 3.4920
1482 7.3082
1483 7.1782
1484 0.3231
1485 6.3448
1486 15.9748
1487 3.8818
1488 16.6233
1489 0.9455
1490 0.7410
1491   NaN
1492 0.8566
1493 0.8414
1494 0.1969
1495 9.8453
1496 0.7669
1497 1.3224
1498 2.9652
1499 0.4131
1500 0.3413
1501 1.1837
1502 0.3037
1503 2.1044
1504 3.0686
1505 1.7480
1506 7.0314
1507 3.8525
1508 17.9224
1509 10.6623
1510 3.4328
1511 2.4991
1512 18.5567
1513 3.5883
1514 4.6604
1515 5.0413
1516 4.7877
1517 3.3436
1518 0.4113
1519 1.3018
1520 5.2621
1521 4.7587
1522 5.3785
1523 1.8421
1524 3.1423
1525 8.6460
1526 1.6676
1527 2.4793
1528 0.6539
1529 2.4709
1530 0.1301
1531 3.3628
1532 3.4579
1533 1.5478
1534 2.7079
1535 8.0933
1536 1.0490
1537 0.9728
1538 1.4002
1539 8.9762
1540 10.2253
1541 11.2418
1542 1.2085
1543 1.7583
1544 7.2245
1545 2.0148
1546 0.4545
1547 1.8442
1548 1.1679
1549 1.0076
1550 3.0341
1551 6.8683
1552 0.7221
1553 1.0127
1554 2.5462
1555 15.6771
1556 1.9806
1557 1.2846
1558 9.0496
1559 1.2337
1560 16.6869
1561 2.3785
1562 1.5830
1563 7.7160
1564 0.2304
1565 0.1503
1566 13.0027
1567 0.8660
1568 3.1009
1569 3.1606
1570 6.4794
1571 2.6776
1572 1.5542
1573 10.5884
1574 5.6465
1575 1.8626
1576 10.5199
1577 5.1867
1578 17.8198
1579 9.7181
1580 6.4854
1581 2.8443
1582 4.1850
1583 3.0768
1584 0.7323
1585 1.6239
1586 34.5916
1587 8.9289
1588 1.3098
1589 2.3192
1590 1.1129
1591 2.3183
1592 7.5085
1593 1.0119
1594 0.6239
1595 6.0334
1596 1.4841
1597 1.6883
1598 7.6856
1599 7.8445
1600 4.7209
1601 5.7338
1602 4.4948
1603 9.3253
1604 9.5087
1605 2.7958
1606 0.9759
1607 1.9223
1608 0.4499
1609 0.6959
1610 1.3952
1611 0.2948
1612 3.4094
1613 7.2943
1614 0.8741
1615 0.3528
1616 3.1143
1617 3.7151
1618 0.7155
1619 2.0112
1620 0.3448
1621 1.4657
1622 2.8936
1623 4.5558
1624 0.1406
1625 7.8204
1626 4.3617
1627 4.8465
1628 10.5018
1629 5.4422
1630 0.8415
1631 7.2600
1632 0.1150
1633 7.4905
1634 22.4393
1635 7.3967
1636 7.1570
1637 0.8639
1638 23.2619
1639 1.1637
1640 0.4608
1641 0.5466
1642 9.6233
1643 0.5036
1644 10.0332
1645 7.6225
1646 3.6123
1647 8.4054
1648 7.0305
1649 1.4591
1650 0.6018
1651 1.5757
1652 8.8211
1653 1.4907
1654 14.0776
1655 3.6429
1656 0.9429
1657 0.9181
1658 2.1591
1659 12.8122
1660 6.9823
1661 0.4728
1662 4.8424
1663 0.7018
1664 1.4220
1665 2.3427
1666 7.1081
1667 1.5042
1668 2.2220
1669 12.8205
1670 4.7910
1671 10.1645
1672 1.5944
1673 0.9254
1674 1.3424
1675 2.3791
1676 4.6089
1677 4.1948
1678 1.4215
1679 6.6876
1680 6.3120
1681 5.8132
1682 1.1239
1683 4.8491
1684 1.4954
1685 3.4845
1686 3.7436
1687 1.5889
1688 0.9311
1689 4.5830
1690 19.3535
1691 1.0275
1692 3.0674
1693 2.8458
1694 7.9792
1695 0.3548
1696 1.3769
1697 1.5645
1698 2.3213
1699 2.1323
1700 2.2241
1701 2.3465
1702 4.4699
1703 0.9884
1704 1.7970
1705 6.3709
1706 0.9807
1707 1.4209
1708 8.7479
1709 1.1081
1710 0.6253
1711 9.6797
1712 4.7899
1713 0.3789
1714 2.5970
1715 2.4949
1716 1.5488
1717 8.0507
1718 3.7293
1719 1.1395
1720 1.1010
1721 0.8617
1722 6.1172
1723 1.4018
1724 6.8281
1725 7.3299
1726 2.8741
1727 0.9561
1728 0.7239
1729 2.6861
1730 0.3431
1731 2.9749
1732 1.6754
1733 3.2834
1734 1.3479
1735 6.9469
1736 5.5003
1737 1.7782
1738 4.5916
1739 2.6916
1740 3.5953
1741 5.5281
1742 7.8365
1743 0.7588
1744 0.8254
1745 2.7624
1746 15.5191
1747 13.0759
1748 8.7728
1749 4.6356
1750 7.9161
1751 2.2741
1752 13.5429
1753 4.7407
1754 5.6508
1755 6.8201
1756 3.2335
1757 0.8325
1758 5.2454
1759 2.8381
1760 3.9538
1761 3.3633
1762 3.9674
1763 7.3999
1764 0.6802
1765 9.9674
1766 0.2371
1767 1.0810
1768 0.5827
1769 1.8195
1770 10.7170
1771 7.2709
1772 0.2704
1773 4.1736
1774 6.1906
1775 0.2088
1776 1.5954
1777 1.6034
1778 5.8762
1779 0.6016
1780 20.4799
1781 9.5211
1782 3.1770
1783 2.6080
1784 8.1548
1785 1.2539
1786 0.5727
1787   NaN
1788 4.3816
1789 1.9443
1790 1.1142
1791 2.4965
1792 0.3116
1793 9.8506
1794 27.2627
1795 10.4838
1796 3.2414
1797 7.1396
1798 1.1260
1799 0.5955
1800 0.6536
1801 3.1081
1802 1.6222
1803 3.2740
1804 0.7908
1805 6.9064
1806 13.2992
1807 0.5311
1808 11.7732
1809 1.7034
1810 1.2188
1811 0.4677
1812 8.0207
1813 9.0697
1814 6.0762
1815 0.5639
1816 9.7761
1817 1.4441
1818 2.7782
1819 3.2539
1820 15.5076
1821 3.9327
1822 0.5009
1823 10.3568
1824 0.3942
1825 6.9657
1826 2.2261
1827 5.0138
1828 4.0534
1829 1.2021
1830 0.8081
1831 1.2752
1832 1.8502
1833 2.4788
1834 0.3685
1835 5.2491
1836 22.6799
1837 3.0242
1838 2.3214
1839 8.9533
1840 1.2413
1841 3.2814
1842 1.3284
1843 5.3195
1844 26.2014
1845 0.4315
1846 2.0162
1847 0.5827
1848 3.8336
1849 3.8278
1850 13.2011
1851 3.6402
1852 0.7133
1853 1.3285
1854 5.0491
1855 0.2417
1856 0.8231
1857 22.9554
1858 1.3349
1859 5.3838
1860 3.8158
1861 0.2734
1862 0.5374
1863 4.1922
1864 17.2120
1865 4.9395
1866 1.8837
1867 5.7804
1868 0.6450
1869 5.7909
1870 1.9286
1871 15.0308
1872 2.0733
1873 1.6808
1874 1.8676
1875 12.3527
1876 10.6285
1877 6.1333
1878 1.3125
1879 20.8922
1880 0.7865
1881 0.7696
1882 4.2422
1883 12.0827
1884 0.7389
1885 0.3124
1886 0.8503
1887 8.2670
1888 2.9225
1889 14.1813
1890 6.5974
1891   NaN
1892 0.8784
1893 1.3021
1894 0.5355
1895 2.1887
1896 3.1209
1897 3.5899
1898 0.6103
1899 2.0567
1900 0.5117
1901 9.1978
1902 2.5035
1903 8.4771
1904 9.1951
1905 0.4268
1906 2.0748
1907 16.2329
1908 2.0534
1909 1.3680
1910 3.0685
1911 7.4564
1912 1.5595
1913 3.8322
1914 5.9530
1915 2.2254
1916 1.0666
1917 0.8969
1918 1.0202
1919   NaN
1920 10.8764
1921 2.6736
1922 6.9080
1923   NaN
1924 3.2538
1925 7.0409
1926 0.7631
1927 1.7142
1928 0.9039
1929 0.2718
1930 1.1123
1931 5.0033
1932 2.6913
1933 3.3412
1934 3.2762
1935 1.1110
1936 7.7216
1937 10.8626
1938 1.1904
1939 3.9698
1940 0.6853
1941 0.8433
1942 3.3308
1943 3.5450
1944 3.3962
1945 0.5615
1946 1.5943
1947 1.7268
1948 4.3375
1949 4.4571
1950 5.5926
1951 0.9436
1952 7.8658
1953 0.6153
1954 3.2410
1955 2.3206
1956 11.6934
1957 0.6719
1958 7.3438
1959 2.4625
1960 17.9982
1961 3.3448
1962 1.8266
1963 1.9616
1964 11.7334
1965 4.8146
1966 9.7211
1967 3.1984
1968 2.4173
1969 4.0948
1970 9.1476
1971 0.6428
1972 1.7116
1973 9.4390
1974 3.8588
1975 8.9508
1976 6.1861
1977 1.4541
1978 1.2461
1979 4.4091
1980 1.9486
1981 8.0589
1982 1.1652
1983 1.0325
1984 9.1467
1985 2.1401
1986 7.7990
1987 10.5732
1988 1.1888
1989 0.8631
1990 1.4862
1991 0.4023
1992 5.6120
1993 3.7443
1994 0.8829
1995 2.8312
1996 1.6167
1997 4.0473
1998 3.0377
1999 4.3645
2000 1.9772
2001 0.7005
2002 8.7131
2003 5.4532
2004 0.7441
2005 5.1456
2006 2.7996
2007 4.6344
2008 0.5383
2009 1.4093
2010 3.7328
2011 1.9627
2012 2.3721
2013 0.3942
2014 2.5156
2015 3.6265
2016 1.8013
2017 3.2855
2018 6.7351
2019 9.7360
2020 9.0172
2021 2.7344
2022 1.0624
2023 1.1840
2024 0.7652
2025 1.3216
2026 2.0847
2027 4.6155
2028 7.7057
2029 9.7340
2030 5.5384
2031 0.7550
2032 0.6536
2033 1.8646
2034 2.3868
2035 3.8993
2036 0.6899
2037 5.2101
2038 2.5696
2039 1.0272
2040 15.5374
2041 4.3385
2042 4.0312
2043 1.3200
2044 0.4146
2045 5.0127
2046 1.8739
2047 10.9478
2048 5.0606
2049 3.4787
2050 4.3846
2051 17.4188
2052 0.8007
2053 0.6452
2054 3.0806
2055 9.5205
2056 1.3577
2057 8.8029
2058 0.6542
2059 7.2458
2060 1.4242
2061 8.9482
2062 1.0331
2063 1.5602
2064 6.4374
2065 2.8873
2066 1.6175
2067 2.5332
2068 3.4691
2069 4.8098
2070 3.5052
2071 1.4879
2072 3.5821
2073 1.3920
2074 1.1880
2075 1.2932
2076 4.8226
2077 0.9995
2078 2.0825
2079 6.0395
2080 1.7195
2081 3.3923
2082 0.7344
2083 1.1666
2084 6.8967
2085 1.4135
2086 11.3791
2087 6.8343
2088 2.1193
2089 5.4486
2090 3.9143
2091 8.7182
2092 1.1534
2093 1.4596
2094 7.3926
2095 2.1231
2096 0.8778
2097 0.9294
2098 2.2248
2099 17.6524
2100 7.6276
2101 15.7476
2102 0.8068
2103 1.3587
2104 1.8547
2105 0.5505
2106 2.0840
2107 14.9450
2108 13.1145
2109 0.7591
2110 2.9205
2111 4.9352
2112 0.6619
2113 1.0946
2114 4.3533
2115 14.1788
2116 1.1710
2117 8.6088
2118 0.8842
2119 3.4794
2120 1.2864
2121 7.2202
2122 22.2557
2123 4.5158
2124 4.5060
2125 2.5065
2126 2.1034
2127 1.2533
2128 0.4464
2129 1.3358
2130 4.5375
2131 11.0532
2132 2.3771
2133 0.7779
2134 1.4208
2135 1.9277
2136 1.9506
2137 9.7312
2138 0.5265
2139 4.1875
2140 7.1938
2141 2.0863
2142 3.1890
2143 5.0375
2144 1.9172
2145 0.4540
2146 2.4835
2147 5.7578
2148 0.5694
2149 9.7701
2150 1.9777
2151 13.3148
2152 3.4873
2153 2.4347
2154 0.7120
2155 13.9468
2156 11.0429
2157 0.9572
2158 0.8204
2159 6.2590
2160 8.9729
2161 1.9376
2162 0.6610
2163 6.9381
2164 2.7586
2165 3.1215
2166 0.3923
2167 1.2334
2168 18.5495
2169 0.8686
2170 0.5464
2171 20.3671
2172 1.2939
2173 8.8752
2174 2.6996
2175 3.2389
2176 0.8812
2177 1.2410
2178 0.9083
2179 2.4976
2180 5.4903
2181 6.5698
2182 2.1351
2183 0.9541
2184 1.5660
2185 0.6255
2186 4.6363
2187 4.4798
2188 2.4800
2189 16.1001
2190 3.0370
2191 1.0232
2192 2.7825
2193 2.9733
2194 0.5522
2195 7.5537
2196 3.3290
2197 7.8082
2198 0.5104
2199 8.1335
2200 1.2490
2201 6.2750
2202 3.1143
2203 5.6169
2204 0.9696
2205 3.3654
2206 2.8476
2207 2.3549
2208 1.8489
2209 17.5449
2210 1.4589
2211 16.6937
2212 0.5717
2213 3.5663
2214 2.7738
2215 9.7785
2216 14.8950
2217 11.0548
2218 1.9859
2219 0.6461
2220 2.5314
2221 1.1205
2222 0.7956
2223 6.5977
2224 1.8323
2225 3.6442
2226 1.8953
2227 5.0059
2228 0.5583
2229 1.3213
2230 4.5787
2231 4.0378
2232 7.2864
2233 0.7064
2234 5.7056
2235 2.9229
2236 9.7264
2237 12.7363
2238 1.5596
2239 1.8309
2240 11.7627
2241 10.0319
2242 3.4652
2243 6.2944
2244 3.1275
2245 7.1011
2246 1.8276
2247 1.1287
2248 2.7894
2249 12.1343
2250 1.6715
2251 0.2687
2252 1.4738
2253 1.4719
2254 12.2452
2255 0.1581
2256 3.4783
2257 5.4526
2258 5.8246
2259 3.7944
2260 0.3445
2261 0.9803
2262 1.7716
2263 10.5156
2264 2.2669
2265 11.0717
2266 6.7531
2267 6.4398
2268 16.4333
2269 1.9659
2270 0.9075
2271 7.4196
2272 4.6765
2273 0.1472
2274 4.3496
2275 23.9133
2276 7.3950
2277 0.8249
2278 4.6078
2279 8.6427
2280 1.6236
2281 16.4242
2282 9.8975
2283 3.7572
2284 3.5951
2285 9.6688
2286 5.5723
2287 4.4471
2288 0.9729
2289 0.9537
2290 2.2211
2291 3.1870
2292 0.7601
2293 4.8618
2294 0.6671
2295 7.9187
2296 4.5045
2297 7.4926
2298 0.9489
2299 2.1275
2300 3.5546
2301 1.7068
2302 4.2127
2303 6.1270
2304 14.3137
2305 1.6326
2306 0.7885
2307 2.3179
2308 0.9352
2309 8.2334
2310 1.7277
2311 2.0800
2312 1.1129
2313 2.0721
2314 0.4265
2315 1.6585
2316 4.2185
2317 3.8821
2318 5.6015
2319 24.0735
2320 1.4313
2321 4.7256
2322 8.6665
2323 0.8005
2324 1.8163
2325 1.7957
2326 2.9975
2327 1.1946
2328 2.8851
2329 1.7210
2330 0.6605
2331 4.6149
2332 6.0672
2333 1.7407
2334 4.7817
2335 0.9790
2336 10.1985
2337 10.8496
2338 8.5229
2339 17.7719
2340 1.2098
2341 0.8092
2342 1.0896
2343 2.8176
2344 0.2907
2345 8.8135
2346 3.0808
2347 1.0467
2348 6.9479
2349 14.7222
2350 10.3036
2351 29.1828
2352 11.2910
2353 0.2253
2354 0.1534
2355 0.7469
2356 1.3872
2357 2.9626
2358 0.0904
2359 0.5547
2360 2.0156
2361 6.2761
2362 11.9905
2363 2.5538
2364 1.1899
2365 7.8087
2366 8.3059
2367 2.5975
2368 2.5535
2369 9.2441
2370 0.8219
2371 7.0362
2372 0.8076
2373 2.2427
2374 2.2156
2375 0.5946
2376 7.5133
2377 6.0254
2378 1.6675
2379 0.9737
2380 10.3316
2381 3.3267
2382 23.1715
2383 3.4292
2384 4.7218
2385 2.6604
2386 2.5953
2387 10.9715
2388 0.7903
2389 5.2130
2390 1.1882
2391 6.5160
2392 8.1409
2393 9.3510
2394 1.3168
2395 10.1637
2396 10.1119
2397 4.6115
2398 6.4777
2399 0.4783
2400 1.2616
2401 33.6463
2402 7.7992
2403 0.9390
2404 7.6541
2405 2.6229
2406 3.0540
2407 2.2540
2408 2.3099
2409 23.7785
2410 2.9441
2411 3.3389
2412 0.1599
2413 11.2169
2414 5.8239
2415 1.8165
2416 0.9515
2417 1.2918
2418 12.8201
2419   NaN
2420 0.9683
2421 0.4855
2422 18.9793
2423 2.1132
2424 1.2816
2425 9.1061
2426 4.1217
2427 3.6805
2428 4.5775
2429 0.6719
2430 0.3966
2431 16.2706
2432 4.5325
2433 0.7730
2434 6.2703
2435 1.1293
2436 1.2972
2437 0.7857
2438 1.3606
2439 3.2952
2440 2.2643
2441 2.5608
2442 6.6522
2443 3.6444
2444 4.7147
2445 0.6066
2446 1.8669
2447 0.4866
2448 2.5540
2449 0.7742
2450   NaN
2451 3.0461
2452 20.6808
2453 1.5401
2454 1.1857
2455 26.1022
2456 10.4944
2457 1.9088
2458 8.7433
2459 1.0305
2460 0.5101
2461 4.9681
2462 6.8803
2463 9.4646
2464 7.1463
2465 1.2323
2466 0.4950
2467 1.6844
2468 4.2191
2469 0.5202
2470 5.9553
2471 26.6436
2472 0.8696
2473 0.6401
2474 0.6353
2475 0.9234
2476 18.1892
2477 4.7660
2478 8.5806
2479 12.7848
2480 11.5493
2481 2.4599
2482 2.7167
2483 3.5146
2484 6.8951
2485 14.7739
2486 1.0533
2487 2.5640
2488 0.5204
2489 2.4838
2490 1.4657
2491 7.6066
2492 2.1630
2493 18.6453
2494 3.1592
2495 8.1757
2496 1.3345
2497 8.6954
2498 0.7668
2499 2.5193
2500 1.1624
2501 8.2889
2502 1.5422
2503 1.7648
2504 2.3419
2505 0.8441
2506 2.5852
2507 17.7721
2508 8.1683
2509 0.7984
2510 1.5244
2511 8.6369
2512 3.7825
2513 0.8889
2514 1.7427
2515 1.7398
2516 1.6981
2517 7.4787
2518 2.4284
2519 6.3637
2520 1.8205
2521 1.3725
2522 0.8764
2523 2.6759
2524 0.7935
2525 4.4575
2526 19.9708
2527 0.6861
2528 2.8827
2529 15.3995
2530 0.4061
2531 6.3435
2532 5.9922
2533 2.1090
2534 1.7755
2535 1.7186
2536 2.5732
2537 1.3571
2538 1.4180
2539 3.6993
2540 1.4597
2541 12.2245
2542 0.3897
2543 6.0515
2544 7.7097
2545 4.4175
2546 4.2203
2547 13.4463
2548 0.2642
2549 3.9029
2550 12.6352
2551 4.8486
2552 0.5930
2553 1.3625
2554 0.4816
2555 3.0564
2556 2.9470
2557 1.8234
2558 14.5930
2559 1.5627
2560 30.1411
2561 0.1398
2562 1.3772
2563 7.4645
2564 0.5571
2565 9.4827
2566 7.4932
2567 0.7441
2568 2.1955
2569 4.7125
2570 2.1240
2571 2.3404
2572 5.3030
2573 3.7881
2574 3.8983
2575 0.7296
2576 3.2957
2577 0.1161
2578 1.2266
2579 0.9207
2580 7.1322
2581 2.0012
2582 0.1875
2583 0.7086
2584 1.5768
2585 5.4826
2586 1.6012
2587 0.7816
2588 1.9639
2589 3.1339
2590 4.8458
2591 11.6499
2592 9.6291
2593 0.1591
2594 2.4266
2595 2.1165
2596 3.9209
2597 0.6805
2598 3.1589
2599 27.9890
2600 2.9188
2601 5.0602
2602 1.8702
2603 6.2821
2604 10.7072
2605 0.7240
2606 0.5997
2607 1.3466
2608 1.5448
2609 1.1840
2610 0.4595
2611 6.5166
2612 4.5355
2613 1.4173
2614 1.9896
2615 1.0892
2616 0.7872
2617 4.7889
2618 1.0642
2619 2.0071
2620 0.3626
2621 4.6803
2622 2.6497
2623 0.5897
2624 1.1516
2625 2.7170
2626 1.5855
2627 1.4686
2628 4.9126
2629 1.9722
2630 1.1185
2631 5.1383
2632 4.6093
2633 6.4882
2634 1.6176
2635 0.8219
2636 5.4816
2637 8.4405
2638 2.5016
2639 5.0312
2640 2.4624
2641 7.6869
2642 0.7771
2643 2.9223
2644 16.8445
2645 0.7126
2646 1.3295
2647 3.7680
2648 7.9252
2649 1.2307
2650 8.2750
2651 8.1962
2652 2.5334
2653 0.7928
2654 5.1630
2655 3.6928
2656 9.1863
2657 9.8800
2658 19.0262
2659 1.8562
2660 13.8159
2661 4.7568
2662 1.4592
2663 1.1975
2664 0.4571
2665 4.4849
2666 0.4734
2667 0.9589
2668 0.9699
2669 1.1445
2670 1.8493
2671 1.8673
2672 22.3636
2673 7.2542
2674 1.4875
2675 0.5245
2676 1.3391
2677 5.5200
2678 36.4163
2679 1.2754
2680 4.4011
2681 1.4464
2682 1.7789
2683 6.6830
2684 0.3010
2685 7.3373
2686 4.9274
2687 8.7425
2688 2.6779
2689 9.9002
2690 0.4688
2691 2.7652
2692 1.8208
2693 1.2306
2694 2.1951
2695 3.5566
2696 11.0283
2697 1.7807
2698 3.4607
2699 4.6437
2700 1.9732
2701 2.1436
2702 0.3498
2703 3.7690
2704 16.1430
2705 4.4910
2706 0.4722
2707 3.0269
2708 5.7281
2709 0.5240
2710 0.8052
2711 1.4473
2712 6.9346
2713 0.7986
2714 6.1628
2715 1.3579
2716 11.1181
2717 10.4676
2718 8.7132
2719 3.5850
2720 5.0117
2721 0.5054
2722 19.8683
2723 4.9892
2724 5.0939
2725 4.0251
2726 1.6412
2727 2.3405
2728 0.5047
2729 6.6802
2730 4.8864
2731 1.3163
2732 0.8316
2733 1.3034
2734 6.7427
2735 0.0900
2736 0.4199
2737 5.5770
2738 0.5953
2739 6.7198
2740 18.8669
2741 5.3458
2742 2.3798
2743 8.8981
2744 2.4672
2745 0.4596
2746 4.4653
2747 8.3989
2748 1.0930
2749 1.6610
2750 1.0248
2751 2.2351
2752 1.8772
2753 9.2427
2754 1.2478
2755 4.4469
2756 6.8185
2757 1.1543
2758 1.8888
2759 21.0175
2760 1.8584
2761 12.7751
2762 3.5742
2763 1.4025
2764 2.6427
2765 4.3041
2766 0.2491
2767 6.9702
2768 0.6605
2769 0.3352
2770 10.4828
2771 5.1640
2772 0.4394
2773 2.6784
2774 0.6963
2775 1.3337
2776 12.3746
2777 6.6281
2778 0.4760
2779 1.6454
2780 5.9729
2781 3.9016
2782 10.0910
2783 4.6849
2784 11.7714
2785 3.5323
2786 0.7062
2787 0.6625
2788 3.0624
2789 1.6554
2790 14.6037
2791 0.6470
2792 7.1707
2793 13.3188
2794 2.2996
2795 15.1199
2796 6.6121
2797 1.2585
2798 4.8051
2799 6.7260
2800 9.7031
2801 0.9678
2802 0.2447
2803 0.6414
2804 0.9661
2805 12.3783
2806 0.4946
2807 6.7471
2808 3.6411
2809 2.5104
2810 1.6910
2811 6.0240
2812 0.6481
2813 2.2766
2814 2.2050
2815 0.4785
2816 1.9174
2817 9.6536
2818 9.7446
2819 4.2018
2820 2.7851
2821 2.9150
2822 10.9611
2823 6.6181
2824 0.4509
2825 0.6930
2826 1.3946
2827 0.5618
2828 2.4145
2829 1.7605
2830 1.7438
2831 1.1807
2832 9.7592
2833 1.9833
2834 2.0623
2835 4.4009
2836 7.1597
2837 4.8756
2838 2.4466
2839 1.7135
2840 1.1072
2841 14.4147
2842 1.3526
2843 4.5173
2844 16.1399
2845 14.1503
2846 11.4027
2847 5.2640
2848 4.5004
2849 1.0144
2850 2.7330
2851 24.3495
2852 10.0534
2853 6.3766
2854 1.7296
2855 13.7020
2856 7.6987
2857 10.0137
2858 1.5995
2859 1.7644
2860 2.2186
2861 4.1325
2862 0.3714
2863 4.3555
2864 1.2755
2865 2.0514
2866 1.0762
2867 1.1169
2868 6.5887
2869 2.9898
2870 8.1444
2871 1.0137
2872 2.7005
2873 1.6734
2874 1.4703
2875 0.2591
2876 11.0297
2877 1.4629
2878 0.2218
2879 12.1584
2880 4.5729
2881 4.8919
2882 4.5179
2883 0.9120
2884 0.3654
2885 0.8511
2886 0.7299
2887 2.2326
2888 1.3387
2889 3.4716
2890 7.2423
2891 2.1270
2892 0.5148
2893 7.4929
2894 0.5342
2895 3.4383
2896 2.9444
2897 4.1651
2898 9.4770
2899 3.3849
2900 6.8625
2901 11.3680
2902 6.7853
2903 11.6410
2904 0.2916
2905 1.5579
2906 11.0527
2907 2.5669
2908 2.3758
2909 0.5056
2910 8.8924
2911   NaN
2912 11.5428
2913 3.6984
2914 2.6132
2915 4.3118
2916 3.7812
2917 0.5867
2918 9.8320
2919 5.7713
2920 1.3212
2921 7.7808
2922 8.2408
2923 1.1352
2924 0.7179
2925 1.5839
2926 4.9558
2927 1.5403
2928 9.0733
2929 0.7301
2930 2.7121
2931 4.8190
2932 0.6500
2933 2.3589
2934 1.8320
2935 29.5135
2936 3.8189
2937 0.5639
2938 20.0621
2939 16.6754
2940 8.7243
2941 2.0782
2942 3.0341
2943 2.8612
2944 0.3879
2945 0.7981
2946 3.5960
2947 0.5888
2948 7.4628
2949 2.0179
2950 16.4369
2951 1.0866
2952 1.3016
2953 10.5960
2954 1.4279
2955 8.0737
2956 2.0262
2957 1.1624
2958 2.4160
2959 0.2206
2960 13.6296
2961 5.5756
2962 2.4221
2963 2.1874
2964 4.2998
2965 4.9843
2966 3.8365
2967 2.2524
2968 3.8520
2969 3.4360
2970 4.2417
2971 10.2556
2972 5.7660
2973 1.1794
2974 0.9605
2975 8.7474
2976 3.7061
2977 6.3714
2978 2.5062
2979 2.4563
2980 2.1037
2981 12.9879
2982 2.9495
2983 8.4807
2984 7.1426
2985 7.7241
2986 4.5102
2987 0.3683
2988 12.5468
2989 10.7179
2990 0.8821
2991 8.8497
2992 2.3004
2993 19.6812
2994 4.9182
2995 14.7801
2996 0.5150
2997 5.1908
2998 8.7288
2999 2.0528
3000 7.4745
3001 2.7969
3002 5.2156
3003 1.0300
3004 0.8703
3005 8.8112
3006 2.9855
3007 0.8621
3008 3.4896
3009 2.0937
3010 3.3536
3011 11.3406
3012 2.0357
3013 2.6135
3014 2.1904
3015 21.0935
3016 12.5523
3017 0.1260
3018 10.2866
3019 1.1793
3020 3.6408
3021 2.5660
3022 1.7368
3023 2.1270
3024 0.8958
3025 4.2502
3026 0.4219
3027 1.2813
3028 2.4622
3029 6.3562
3030 12.8117
3031 2.6029
3032 3.0487
3033 19.3516
3034 8.2483
3035 0.4813
3036 2.9313
3037 4.0016
3038 4.9179
3039 24.6217
3040 6.9204
3041 1.1476
3042 4.0434
3043 10.1863
3044 1.4536
3045 5.1257
3046 11.2475
3047 8.2984
3048 0.6658
3049 0.4414
3050 0.1605
3051 0.5299
3052 2.5814
3053 2.4797
3054 1.0479
3055 5.5874
3056 11.6449
3057 0.5182
3058 0.4720
3059 2.1112
3060 0.6489
3061 4.3414
3062 11.6045
3063 4.4277
3064 1.4160
3065 5.6619
3066 0.1388
3067 4.4543
3068 5.6168
3069 1.7377
3070 1.4811
3071 1.5719
3072 0.7478
3073 1.8817
3074 2.0835
3075 1.8428
3076 6.2612
3077 4.2538
3078 5.5336
3079 1.6895
3080 6.2852
3081 35.9358
3082 6.0359
3083 2.1077
3084 9.0961
3085 1.4612
3086 0.6311
3087 2.3282
3088 14.2083
3089 3.6806
3090 1.7065
3091 1.4521
3092 1.3101
3093 8.9692
3094 7.7636
3095 31.1793
3096 26.4081
3097 1.0502
3098 8.7825
3099 1.6641
3100 3.5517
3101 3.6096
3102 0.8996
3103 9.4560
3104 0.9654
3105 0.4903
3106 2.2215
3107 0.9823
3108 13.4094
3109 0.9331
3110 2.5902
3111 7.8926
3112 0.8098
3113 0.9099
3114 0.9260
3115 2.8683
3116 11.0301
3117 1.5961
3118 1.2722
3119 11.2970
3120 5.4294
3121 7.1907
3122 0.8642
3123 1.3897
3124 3.2524
3125 1.6543
3126 1.9843
3127 0.3905
3128 0.1067
3129 2.5858
3130 8.2823
3131 19.2356
3132 2.5654
3133 4.9050
3134 2.1379
3135 2.6236
3136 1.8397
3137 3.4983
3138 7.7364
3139 0.3424
3140 2.1078
3141 3.0028
3142 2.1796
3143   NaN
3144 6.0005
3145 2.4649
3146 0.9638
3147 2.4350
3148 2.2250
3149 15.2786
3150 0.9509
3151 2.3781
3152 0.3312
3153 0.2784
3154 0.8384
3155 8.6217
3156 0.3469
3157 15.3079
3158 4.5656
3159 2.1366
3160 1.8929
3161 7.4297
3162 2.3530
3163 3.8714
3164 0.0982
3165 8.6185
3166 7.5010
3167 0.6114
3168 2.1615
3169 0.1004
3170 1.6261
3171 0.7413
3172 6.0306
3173 9.5187
3174 1.8263
3175 1.6538
3176 1.4995
3177 0.6057
3178 2.3998
3179 2.9576
3180 4.1025
3181 11.0263
3182 6.2439
3183 7.7500
3184 1.6398
3185 0.4115
3186 14.1657
3187 2.3064
3188 0.4644
3189 2.7684
3190 0.9549
3191 3.1294
3192 4.7792
3193 5.7621
3194 1.9474
3195 3.8697
3196 1.1817
3197 0.2285
3198 12.4644
3199 2.9195
3200 10.0877
3201 2.7982
3202 1.2300
3203 1.9962
3204 5.4935
3205 9.3065
3206 3.0770
3207 5.5536
3208 3.6240
3209 6.5489
3210 6.6188
3211 1.9914
3212 1.1258
3213 1.3702
3214 4.9814
3215 1.2473
3216 2.3358
3217 27.5264
3218 5.1484
3219 8.6812
3220 13.3978
3221 1.1566
3222 4.7465
3223 3.1928
3224 2.6182
3225 6.1248
3226 1.5657
3227 1.5678
3228 2.1662
3229 2.3797
3230 3.9863
3231 0.8437
3232 10.5282
3233 16.6048
3234 10.6152
3235 0.7262
3236 7.8970
3237 9.3046
3238 4.5029
3239 3.4250
3240 2.6659
3241 0.5834
3242 28.3430
3243 2.8274
3244 5.1395
3245 9.5338
3246 15.6395
3247 5.2932
3248 3.9170
3249 0.6061
3250 2.9626
3251 1.0276
3252 6.4260
3253 0.2503
3254 2.4065
3255 7.2675
3256 2.5513
3257 0.5311
3258 0.5612
3259 15.7280
3260 0.6140
3261 7.0000
3262 3.6706
3263 1.3363
3264 5.7882
3265 25.5933
3266 2.5552
3267 8.8048
3268 4.2630
3269 5.2881
3270 4.9920
3271 2.3531
3272 0.1028
3273 0.4032
3274 0.9165
3275 1.3959
3276 6.6381
3277 1.1447
3278 1.4986
3279 10.4613
3280 1.2472
3281 0.8884
3282 1.8164
3283 5.2106
3284 4.4764
3285 3.0402
3286 10.7337
3287 2.3630
3288 8.8469
3289 8.9627
3290 7.3476
3291 2.7655
3292 10.3489
3293 6.0241
3294 8.7720
3295 0.3600
3296 10.2286
3297 11.0423
3298 2.2946
3299 1.7726
3300 1.0400
3301 0.9961
3302 13.4361
3303 2.7227
3304 8.4751
3305 3.9404
3306 5.6932
3307 5.9531
3308 0.6128
3309 9.4643
3310 2.5253
3311 1.3991
3312 1.2099
3313 0.8466
3314 8.9847
3315 1.6146
3316 18.6423
3317 22.8795
3318 1.6853
3319 0.9164
3320 1.1076
3321 2.6845
3322 0.1113
3323 1.7372
3324 9.6706
3325 1.0422
3326 1.4439
3327 4.6813
3328 9.8243
3329 0.4460
3330 0.7049
3331 0.8540
3332 4.8198
3333 3.6475
3334 0.4277
3335 3.8765
3336 1.0490
3337 20.4576
3338 1.5394
3339 8.3669
3340 6.1985
3341 3.3574
3342 22.3319
3343 3.8641
3344 0.4861
3345 1.6238
3346 6.2734
3347 1.7761
3348 0.7944
3349 0.6394
3350 0.7880
3351 1.4233
3352 3.0091
3353 1.0385
3354 3.4637
3355 8.3888
3356 1.3266
3357 1.3372
3358 2.8618
3359 0.4276
3360 0.7679
3361 15.5237
3362 5.6593
3363 3.3680
3364 1.1721
3365 13.7290
3366 6.4886
3367 2.3822
3368 1.3200
3369 0.5117
3370 11.6639
3371 2.2388
3372 7.0803
3373 0.6204
3374 11.1661
3375 0.7420
3376 0.2605
3377 3.2880
3378 2.6981
3379 1.8780
3380 9.0790
3381 7.5394
3382 0.6790
3383 6.3647
3384 1.3869
3385 0.8920
3386 8.0950
3387 2.9874
3388 3.1247
3389 0.7571
3390 0.7731
3391 0.4737
3392 0.9479
3393 6.0232
3394 0.8231
3395 1.0241
3396 7.8650
3397 2.5238
3398 2.3898
3399 1.9352
3400 7.2551
3401 8.5020
3402 0.7366
3403 3.4279
3404 1.4167
3405 3.9723
3406 0.7071
3407 9.1187
3408 1.0119
3409 1.9925
3410 10.9364
3411 1.9628
3412 0.0888
3413 1.4265
3414 1.5376
3415 8.4309
3416 5.7689
3417 0.4988
3418 1.1138
3419 7.0727
3420 4.7250
3421 12.6506
3422 5.7703
3423 1.1911
3424 2.1481
3425 0.5506
3426 2.6580
3427 4.8792
3428 1.4880
3429 5.1060
3430 7.9021
3431 0.5834
3432 4.5054
3433 2.0781
3434 5.3634
3435 0.7562
3436 1.0540
3437 2.6079
3438 0.2869
3439 2.3335
3440 2.3655
3441 3.5777
3442 0.2126
3443 1.3179
3444 1.5487
3445 6.5430
3446 0.8183
3447 7.4050
3448 3.5226
3449 1.4684
3450 10.0557
3451 0.9133
3452 1.2895
3453 0.4515
3454 1.1344
3455 1.1171
3456 5.7714
3457 0.8324
3458 1.7755
3459 0.1901
3460 2.2366
3461 1.1220
3462 1.1584
3463 12.0025
3464 0.9611
3465 1.0034
3466 3.3339
3467 2.4315
3468 3.6260
3469 4.1007
3470 1.3946
3471 7.1538
3472 5.0228
3473 4.2009
3474 0.3168
3475 1.2512
3476 1.2092
3477 9.0113
3478 2.6841
3479 9.3833
3480 1.1710
3481 2.5442
3482 0.9407
3483 4.7607
3484 3.2262
3485 0.9133
3486 3.8449
3487 7.6874
3488 1.4575
3489 1.4493
3490 10.9172
3491 0.6889
3492 1.6628
3493 3.9455
3494 2.2812
3495 10.0378
3496 3.2319
3497 1.7163
3498 2.8727
3499 0.9613
3500 4.3880
3501 4.8116
3502 2.3688
3503 1.1447
3504 3.3573
3505 2.1331
3506 1.0204
3507 1.0443
3508 1.0144
3509 6.5079
3510 0.8362
3511 17.4216
3512 1.8395
3513 21.0750
3514 0.5432
3515 2.3844
3516 27.3701
3517 0.5225
3518 1.2123
3519 2.2076
3520 2.9655
3521 1.2599
3522 0.3667
3523 1.7527
3524 2.5453
3525 4.6921
3526 2.1081
3527 6.5647
3528 0.5034
3529 2.4058
3530 3.6636
3531 1.9784
3532 1.2773
3533 13.0985
3534 12.2931
3535 8.7256
3536 3.3387
3537 1.6151
3538 5.1728
3539 1.0669
3540 4.4133
3541 5.5393
3542 2.9457
3543 10.2273
3544 2.6694
3545 0.4936
3546 13.6736
3547 0.5038
3548 13.7860
3549 4.4417
3550 0.4295
3551 0.8146
3552 1.6714
3553 0.8173
3554 4.6389
3555 7.2935
3556 21.3107
3557 11.5009
3558 1.9303
3559 1.6203
3560 7.1976
3561 0.9320
3562 10.5922
3563 0.8215
3564 8.8960
3565 11.1501
3566 0.2155
3567 1.3633
3568 1.6835
3569 2.7646
3570 5.4752
3571 3.6341
3572 6.2931
3573 1.0619
3574 7.6419
3575 4.0026
3576 8.5165
3577 5.2939
3578 1.4335
3579 10.5361
3580 2.0933
3581 5.2223
3582 32.5486
3583 0.8603
3584 3.0181
3585 12.1739
3586 3.3920
3587 2.9797
3588 24.3772
3589 0.2545
3590 10.2658
3591 14.1345
3592 2.6217
3593 1.6794
3594 5.8206
3595 18.2521
3596 0.8661
3597 12.7087
3598 0.5899
3599 1.5634
3600 9.3434
3601 2.1635
3602 2.6609
3603 10.7480
3604 20.7599
3605 5.5840
3606 2.2257
3607 4.1961
3608 0.6628
3609 1.0576
3610 0.8419
3611 2.3413
3612 7.0208
3613 1.0801
3614 0.8551
3615 4.0935
3616 0.5850
3617 0.5670
3618 4.4921
3619 8.1171
3620 1.9235
3621 0.6601
3622 5.6522
3623 9.1031
3624 0.5195
3625 11.4940
3626 1.1665
3627 1.3014
3628 8.0714
3629 0.5283
3630 9.9248
3631 17.7335
3632 0.9785
3633 1.1756
3634 5.4126
3635 3.9791
3636   NaN
3637 5.9229
3638 16.2408
3639 1.4931
3640 18.4346
3641 3.4800
3642 9.8007
3643 1.8815
3644 6.5097
3645 3.8142
3646 6.0640
3647 9.4400
3648 0.5336
3649 15.1080
3650 0.8214
3651 9.3163
3652 8.1786
3653 13.1013
3654 3.1813
3655 1.7413
3656 2.5828
3657 0.9974
3658 5.9057
3659 24.4142
3660 4.2199
3661 2.8124
3662 2.2614
3663 1.7568
3664 2.3204
3665 1.7269
3666 1.6748
3667 0.7896
3668 2.2479
3669 4.5772
3670 7.9575
3671 5.5000
3672 6.3580
3673 0.7772
3674 1.9511
3675 0.6335
3676 4.8877
3677 10.2941
3678 1.9505
3679 8.0305
3680 13.4198
3681 1.2984
3682 4.0108
3683 19.2413
3684 5.6325
3685 4.4330
3686 3.7056
3687 1.0574
3688 0.4809
3689 5.8496
3690 0.7054
3691 6.8460
3692 9.8847
3693 4.8036
3694 0.9807
3695 0.4539
3696 2.2858
3697 0.7520
3698 8.1256
3699 2.4605
3700 1.4659
3701 7.1099
3702 7.7648
3703 4.4285
3704 0.5548
3705 1.6662
3706 2.3537
3707 0.5666
3708 2.8868
3709 0.4286
3710 0.9575
3711 0.7194
3712 6.6843
3713 6.6101
3714 6.0023
3715 1.4853
3716 7.8816
3717 9.1417
3718 0.4399
3719 14.4750
3720 2.0900
3721 2.1069
3722 1.8460
3723 0.7872
3724 1.0960
3725 0.7717
3726 6.3137
3727 16.2563
3728 0.4361
3729 2.7970
3730 0.5602
3731 3.7934
3732 2.5874
3733 6.0301
3734 9.2941
3735 1.5056
3736 0.7464
3737 2.4951
3738 7.2950
3739 1.5343
3740 1.5780
3741 16.0120
3742 5.3768
3743 2.4938
3744 14.5968
3745 3.9205
3746 1.4835
3747 3.1490
3748 0.6688
3749 0.5758
3750 9.5828
3751 0.5723
3752 0.8115
3753 2.2615
3754 4.7267
3755 4.7463
3756 5.6375
3757 0.8056
3758 1.5584
3759 7.9800
3760 0.2171
3761 0.4574
3762 0.4590
3763 0.9245
3764 10.1602
3765 2.2373
3766 7.1042
3767 5.4636
3768 8.6643
3769 4.8966
3770 4.8488
3771 3.1551
3772 6.3073
3773 2.2489
3774 6.2725
3775 2.9900
3776 1.5932
3777 5.0032
3778 4.2159
3779 2.2491
3780 1.0372
3781 9.2832
3782 6.5755
3783 10.6588
3784 8.5236
3785 2.0708
3786 21.8052
3787 0.8242
3788 2.8303
3789 14.5285
3790 4.6449
3791 1.2495
3792 0.6746
3793 10.4915
3794 4.5465
3795 11.9484
3796 6.8431
3797 5.9638
3798 3.6949
3799 1.9966
3800 1.1891
3801 6.2204
3802 4.0486
3803 7.8533
3804 2.8946
3805 0.9421
3806 30.7394
3807 11.6118
3808 6.2690
3809 13.0144
3810 13.9399
3811 2.4182
3812 8.4734
3813 2.0199
3814 3.8287
3815 3.5493
3816 9.8591
3817 8.9678
3818 0.9147
3819 3.3544
3820 1.3675
3821 0.8975
3822 1.1253
3823 1.7659
3824 11.3733
3825 1.6923
3826 1.7298
3827 12.1574
3828 0.5446
3829 1.1670
3830 5.5270
3831 0.7428
3832 1.8449
3833 0.6005
3834 6.7840
3835 2.7993
3836 2.9564
3837 5.8551
3838 4.1871
3839 1.8443
3840 3.1741
3841 1.4636
3842 15.4231
3843 0.3007
3844 9.2661
3845 9.8520
3846 1.3603
3847 1.7313
3848 0.8387
3849 1.2691
3850 4.9261
3851 1.8286
3852 3.2207
3853 0.7742
3854 2.7519
3855 2.3521
3856 17.2120
3857 23.3956
3858 0.9413
3859 9.3878
3860 1.8698
3861 1.7978
3862 1.2919
3863 1.2229
3864 0.3211
3865 0.3748
3866 2.6100
3867 3.0363
3868 0.9685
3869 0.5606
3870 1.2872
3871 2.9321
3872 0.3135
3873 4.3505
3874 1.1873
3875 6.6244
3876 5.9731
3877 0.4683
3878 7.7906
3879 1.3121
3880 1.0522
3881 2.5893
3882 6.0789
3883 4.0961
3884 12.7527
3885 0.5575
3886 3.6686
3887 4.7479
3888 0.7334
3889 2.0208
3890 3.4438
3891 11.8849
3892 0.6052
3893 12.9093
3894 2.0736
3895 18.2349
3896 19.6164
3897 7.0529
3898 1.9908
3899 4.0951
3900 4.2498
3901 2.1426
3902 0.8400
3903 1.5257
3904 3.9754
3905 1.0379
3906 22.3580
3907 2.5338
3908 10.8454
3909 10.9346
3910 0.3423
3911 17.0474
3912 2.8399
3913 7.0721
3914 0.6754
3915 2.2210
3916 1.8635
3917 4.4623
3918 2.2371
3919 0.9694
3920 7.6406
3921 4.0530
3922 1.0319
3923 6.2935
3924 10.6843
3925 17.4381
3926 4.1512
3927 2.3417
3928 18.1384
3929 7.9107
3930 1.1386
3931 5.8047
3932 0.9245
3933 5.4453
3934 3.4344
3935 3.3574
3936 1.6258
3937 0.8319
3938 2.5566
3939 3.8532
3940 3.7340
3941 3.0032
3942 1.2243
3943 6.7037
3944 0.6649
3945 2.3998
3946 9.0138
3947 0.9901
3948 1.9358
3949 1.3220
3950 26.3083
3951 11.7470
3952 3.3778
3953 4.4588
3954 9.4409
3955 5.3636
3956 10.6748
3957 3.3821
3958 2.7369
3959 1.6026
3960 0.5736
3961 3.2794
3962 3.3313
3963 0.8842
3964 3.9341
3965 1.4211
3966 1.4398
3967 2.4902
3968 0.5502
3969 7.3445
3970 0.5919
3971 1.3318
3972 7.0071
3973 0.7418
3974 5.3241
3975 7.3958
3976 10.5243
3977 5.3730
3978 0.9956
3979 1.9476
3980 8.4302
3981 2.3144
3982 4.7356
3983 7.0761
3984 10.1592
3985 1.8170
3986 3.5601
3987 12.0992
3988 20.7658
3989 0.3766
3990 10.3175
3991 12.9885
3992 1.2736
3993 1.1800
3994 1.2958
3995 1.6414
3996 3.9037
3997 7.6152
3998 5.1901
3999 5.6696
4000 12.2662
4001 4.6613
4002 2.8041
4003 2.9191
4004 1.1511
4005 0.6504
4006 2.2953
4007 0.4471
4008 1.9610
4009 1.2658
4010 2.8745
4011 10.8502
4012 3.0493
4013 20.3691
4014 1.1748
4015 0.4304
4016 8.4014
4017 0.0995
4018 1.3258
4019 4.6106
4020 4.4919
4021 0.3095
4022 0.5234
4023 19.2849
4024 19.5078
4025 3.3078
4026 10.4298
4027 10.1716
4028 0.9182
4029 1.7218
4030 7.3578
4031 6.9444
4032 5.9130
4033 1.0285
4034 11.0481
4035 1.6942
4036 1.5508
4037 6.2728
4038 0.9804
4039 3.3857
4040 1.7413
4041 2.8363
4042 4.6857
4043 2.4974
4044 1.5049
4045 1.0180
4046 2.6349
4047 5.8914
4048 7.7547
4049 1.0546
4050 16.4052
4051 6.1899
4052 3.1108
4053 2.6883
4054 4.4043
4055 0.1322
4056 4.2949
4057 1.6387
4058 0.5976
4059 0.4092
4060 12.2854
4061 5.0386
4062 0.4021
4063 1.2891
4064 0.4707
4065 2.1653
4066 0.3737
4067 0.6451
4068 3.1523
4069 2.5620
4070 4.3965
4071 1.9078
4072 1.0433
4073 4.8327
4074 1.8273
4075 0.4652
4076 17.7094
4077 8.7733
4078 0.9753
4079 1.1628
4080 0.3105
4081 1.1079
4082 9.0699
4083 1.1721
4084 2.6400
4085 0.9576
4086 0.9012
4087 0.2281
4088 6.5553
4089 0.9176
4090 2.2910
4091 2.2559
4092 3.3566
4093 13.9875
4094 0.4921
4095 4.0310
4096 10.6631
4097 3.1956
4098 1.3021
4099 2.1037
4100 1.6529
4101 2.8178
4102 0.8688
4103 8.6673
4104 1.6080
4105 0.6527
4106 1.5062
4107 2.5999
4108 0.5378
4109 0.6896
4110 3.8305
4111 0.6889
4112 5.1816
4113 0.6749
4114 0.9597
4115 0.6496
4116 11.4378
4117 1.4630
4118 0.9204
4119 3.0274
4120 2.4880
4121 6.0313
4122 25.6989
4123 1.3183
4124 2.8876
4125 4.3583
4126 8.7993
4127 10.1355
4128 2.7190
4129 9.0762
4130 2.8034
4131 0.7036
4132 1.2543
4133 9.2867
4134 20.3241
4135 6.5680
4136 0.9863
4137 0.3515
4138 3.6949
4139 1.5962
4140 2.7351
4141 2.3679
4142 0.8011
4143 0.2030
4144 24.7755
4145 3.7983
4146 3.1371
4147 12.8606
4148 1.0742
4149 2.0577
4150 2.7396
4151 4.5074
4152 29.8338
4153 16.6536
4154 1.1917
4155 6.2172
4156 1.0310
4157 3.7261
4158 4.6547
4159 1.1232
4160 21.9163
4161 4.8180
4162 0.1473
4163 8.7591
4164 0.5835
4165 5.2878
4166 1.2161
4167 0.1875
4168 1.7317
4169 3.0557
4170 2.1106
4171 6.3820
4172 1.2266
4173 0.4843
4174 5.5649
4175 1.7637
4176 2.8703
4177 1.0555
4178 0.9592
4179 3.2524
4180 4.0176
4181 7.9181
4182 0.3914
4183 2.7326
4184 1.8653
4185 0.7403
4186 10.2462
4187 6.0082
4188 2.3253
4189 2.9353
4190 0.3366
4191 4.1608
4192 17.2171
4193 0.1244
4194 0.6200
4195 2.0092
4196 1.7167
4197 1.3608
4198 1.3007
4199 1.8553
4200 0.7701
4201 1.2055
4202 3.5881
4203 3.9111
4204 2.3137
4205 0.5155
4206 4.3338
4207 0.4742
4208 1.2209
4209 4.5961
4210 0.3221
4211 6.2792
4212 0.8862
4213 1.4773
4214 7.0257
4215 1.6324
4216 1.2396
4217 0.1316
4218 19.4178
4219 2.2022
4220 0.4819
4221 4.3484
4222 1.0212
4223 11.0715
4224 1.1392
4225 0.5139
4226 0.7533
4227 1.5457
4228 0.8556
4229 9.5172
4230 2.6997
4231 11.3091
4232 2.0812
4233 2.2515
4234 2.0729
4235 5.0418
4236 1.2575
4237 1.1135
4238 1.1581
4239 1.0258
4240 2.8527
4241 2.4371
4242 2.0575
4243 1.7216
4244 0.7446
4245 5.6823
4246 1.7751
4247 5.9922
4248 0.4394
4249 0.7243
4250 27.1577
4251 14.8640
4252 0.7645
4253 5.5723
4254 2.0170
4255 6.7265
4256 0.7225
4257 3.2343
4258 0.7200
4259 0.4828
4260 17.1176
4261 3.2724
4262 5.1107
4263 1.0159
4264 1.0114
4265 1.3339
4266 0.5266
4267 5.9353
4268 4.4762
4269 1.5489
4270 9.3535
4271 0.5628
4272 7.4706
4273 2.9778
4274 2.7513
4275 11.6260
4276 0.7846
4277 16.3737
4278 0.6923
4279 2.5722
4280 1.2361
4281 2.4374
4282 1.9975
4283 1.8882
4284 3.0887
4285 0.7137
4286 2.4867
4287 4.9230
4288 0.8147
4289 4.4842
4290 0.4909
4291 1.2819
4292 7.0363
4293 9.7289
4294 3.1865
4295 8.4866
4296 13.1257
4297 8.2830
4298 3.2647
4299 3.1955
4300 2.9977
4301 7.0511
4302 14.2180
4303 11.0024
4304 1.8324
4305 8.9689
4306 1.8822
4307 4.1008
4308 0.8969
4309 0.4245
4310 12.1190
4311 11.9758
4312 2.1509
4313 17.9461
4314 7.4483
4315 3.5030
4316 4.3988
4317 0.5127
4318 1.2082
4319 1.2757
4320 3.0188
4321 6.5708
4322 0.5651
4323 11.9072
4324 0.6053
4325 14.2521
4326 3.6476
4327 0.9417
4328 3.9393
4329 4.1568
4330 2.2141
4331 10.4210
4332 1.0073
4333 5.6937
4334 1.0209
4335 10.8016
4336 0.7048
4337 2.9829
4338 1.9934
4339 2.9970
4340 2.9409
4341 0.8369
4342 2.6464
4343 1.4454
4344 1.6132
4345 1.8050
4346 2.8623
4347 1.9503
4348 1.5903
4349 1.9248
4350 2.3724
4351 4.4514
4352 7.4944
4353 19.0335
4354 3.9814
4355 4.1884
4356 0.0875
4357 1.6309
4358 27.2515
4359 4.4961
4360 20.6350
4361 0.8512
4362 3.0498
4363 2.4859
4364 0.8868
4365 4.5390
4366 1.1716
4367 6.0282
4368 2.2366
4369 2.7819
4370 12.4201
4371 11.2403
4372 3.0221
4373 2.4949
4374 1.6297
4375 5.1511
4376 0.4619
4377 2.7798
4378 7.6337
4379 1.9994
4380 5.9298
4381 24.7786
4382 0.3155
4383 0.8574
4384 9.5536
4385 0.7591
4386 8.3187
4387 1.9464
4388 9.9515
4389 0.5530
4390 9.3668
4391 2.7934
4392 0.9310
4393 0.3108
4394 3.1800
4395 3.1334
4396 3.8375
4397 1.7496
4398 0.8625
4399 2.9192
4400 3.0535
4401 0.8260
4402 5.6544
4403 3.0105
4404 8.0257
4405 9.0999
4406 19.1274
4407 14.7633
4408 3.2162
4409 17.7487
4410 1.9808
4411 1.1340
4412 2.8281
4413 4.0672
4414 24.9566
4415 6.6326
4416 0.3918
4417 6.4260
4418 1.0012
4419 3.7689
4420 3.6167
4421 9.4396
4422 1.8147
4423 11.5152
4424 0.3608
4425 0.3977
4426 4.6753
4427 7.6775
4428 1.6404
4429 3.6939
4430 7.0417
4431 0.1088
4432 2.9462
4433 8.2807
4434 4.6903
4435 0.4611
4436 3.5917
4437 0.4575
4438 1.8456
4439 0.1646
4440 1.7524
4441 12.5339
4442 2.3329
4443 0.3666
4444 1.8109
4445 18.7018
4446 2.6071
4447 1.8481
4448 4.7620
4449 0.3222
4450 1.0430
4451 12.8405
4452 1.6811
4453 1.9215
4454 5.3544
4455 2.7747
4456 5.0259
4457 2.3399
4458 2.7037
4459 1.6955
4460 1.4736
4461 14.3503
4462 5.2187
4463 1.6483
4464 0.8766
4465 0.3752
4466 3.1382
4467 6.8968
4468 1.2901
4469 1.1073
4470 2.9282
4471 11.6427
4472 0.5407
4473 1.6795
4474 0.3941
4475 1.0492
4476 9.0012
4477 5.8211
4478 3.8726
4479 2.5749
4480 2.6280
4481 1.3482
4482 2.7711
4483 1.7142
4484 1.1388
4485 1.7461
4486 5.8691
4487 2.9773
4488 0.8296
4489 2.3659
4490 7.5720
4491 5.9125
4492 1.1262
4493 7.2466
4494 3.4031
4495 10.0673
4496 4.7288
4497 6.1264
4498 0.9815
4499 2.0056
4500 10.9003
4501 1.1372
4502 1.8037
4503 1.4589
4504 3.3983
4505 0.6872
4506 2.5267
4507 0.9994
4508 1.3725
4509 5.7599
4510 5.5972
4511 0.3798
4512 1.0938
4513 0.8070
4514 4.9772
4515 1.2237
4516 5.7327
4517 0.5837
4518 3.3980
4519 1.0460
4520 1.3749
4521 7.3753
4522 11.8439
4523 9.0036
4524 0.6354
4525 4.2603
4526 11.7929
4527 0.8483
4528 1.5624
4529 5.3279
4530 5.2215
4531 0.6704
4532 10.5592
4533 6.5378
4534 2.7034
4535 1.7399
4536 2.5099
4537 5.9350
4538 6.1687
4539 5.6512
4540 1.7844
4541 0.8499
4542 1.5511
4543 4.7564
4544 20.7948
4545 0.5152
4546 7.2764
4547 0.9023
4548 7.8332
4549 5.4779
4550 1.7912
4551 2.2313
4552 1.1667
4553 7.3224
4554 1.0598
4555 2.6479
4556 2.2811
4557 2.7322
4558 0.9676
4559 0.6936
4560 6.4523
4561 4.3629
4562 8.3752
4563 0.9310
4564 0.4592
4565 10.0976
4566 2.1030
4567 8.6735
4568 10.8392
4569 15.3944
4570 0.3137
4571 10.3678
4572 12.8967
4573 7.6293
4574 1.2334
4575 2.4690
4576 6.3387
4577 2.3388
4578 0.6128
4579 7.0229
4580 5.9085
4581 0.9423
4582 1.5113
4583 1.4823
4584 7.6101
4585 0.8733
4586 0.2032
4587 1.1274
4588 3.5446
4589 2.7216
4590 5.6619
4591 2.8716
4592 5.7251
4593 7.7280
4594 8.1877
4595 1.8715
4596 4.0988
4597 1.3222
4598 8.4085
4599 26.8415
4600 5.1395
4601 0.9034
4602 0.6581
4603 1.6305
4604 0.2857
4605 6.1100
4606 1.4825
4607 7.0899
4608 0.9620
4609 9.3765
4610 6.9748
4611 0.5941
4612 1.3928
4613 2.5902
4614 1.7028
4615 2.9182
4616 3.0900
4617 5.3760
4618 1.0361
4619 6.3058
4620 2.2849
4621 2.6310
4622 6.0137
4623 11.1819
4624 6.1739
4625 0.9062
4626 8.6549
4627 9.9145
4628 9.1720
4629 5.0187
4630 0.8076
4631 14.7949
4632 0.6198
4633 2.1333
4634 14.5412
4635 1.0862
4636 10.3728
4637 6.8120
4638 5.8637
4639 11.0246
4640 5.7907
4641 9.9818
4642 0.9015
4643 5.9486
4644 3.1406
4645 0.5026
4646 0.9698
4647 0.5825
4648 18.0076
4649 5.8480
4650 2.8330
4651 10.2812
4652 10.1330
4653 2.3394
4654 1.7232
4655 11.0844
4656 12.7689
4657 1.7629
4658 0.7641
4659 5.2203
4660 2.0833
4661 3.6713
4662 5.4096
4663 3.7733
4664 6.1404
4665 1.2693
4666 3.4402
4667 1.3870
4668 2.4528
4669 9.4423
4670 1.6732
4671 1.9956
4672 0.6735
4673 0.5386
4674 1.2520
4675 2.9512
4676 0.8847
4677 0.4650
4678 4.6258
4679 2.2019
4680 3.1579
4681 1.2914
4682 7.1336
4683 11.3649
4684 0.7234
4685 1.1707
4686 3.6000
4687 30.5416
4688 5.8629
4689 2.0526
4690 2.8543
4691 0.3993
4692 1.1370
4693 1.1582
4694 6.8752
4695 0.3297
4696 0.8935
4697 10.9150
4698 2.4269
4699 5.9339
4700 2.2137
4701 3.2662
4702 5.5850
4703 6.4671
4704 3.1299
4705 0.9360
4706 2.5092
4707 2.8965
4708 3.1150
4709 5.8587
4710 2.0816
4711 1.1235
4712 0.2761
4713 0.9950
4714 1.3876
4715 4.6712
4716 2.3028
4717 6.7691
4718 5.1144
4719 9.7143
4720 1.2259
4721 1.3700
4722 0.5457
4723 6.4121
4724 2.8910
4725 14.9096
4726 12.4374
4727 16.7108
4728 8.2706
4729 7.5237
4730 5.3010
4731 1.2925
4732 1.3538
4733 0.5997
4734 7.2820
4735 1.5066
4736 2.5616
4737 2.9434
4738 2.8012
4739 4.0887
4740 2.9391
4741 3.1327
4742 1.3931
4743 7.2644
4744 1.2086
4745 1.3718
4746 8.3804
4747 7.9866
4748 1.3553
4749 5.3741
4750 0.6731
4751 1.1005
4752 1.3704
4753 1.3805
4754 0.4490
4755 3.6897
4756 1.7704
4757 12.6694
4758 1.2034
4759 1.9628
4760 1.0958
4761 3.6380
4762 3.3681
4763 2.6820
4764 2.5577
4765 0.5025
4766 0.7420
4767 13.3439
4768 3.4859
4769 0.4816
4770 13.3418
4771 14.0551
4772 1.0249
4773 0.9545
4774 3.1897
4775 4.4898
4776 1.0916
4777 2.6235
4778 1.9945
4779 4.1556
4780 31.8331
4781 3.5713
4782 0.4117
4783 0.4964
4784 0.5500
4785 3.8340
4786 0.1141
4787 4.9078
4788 0.9044
4789 12.4963
4790 1.4881
4791 0.3076
4792 1.4805
4793 0.9816
4794 0.8302
4795 1.8899
4796 3.9907
4797 1.2466
4798 3.7661
4799 1.4831
4800 2.8323
4801 2.4908
4802 2.6045
4803 3.3441
4804 4.2274
4805 0.5990
4806 5.6280
4807 3.5828
4808 5.9081
4809 1.9230
4810 3.2039
4811 1.1417
4812 0.5726
4813 2.4635
4814 1.3428
4815 12.0893
4816 1.1769
4817 6.5881
4818 16.1715
4819 3.5346
4820 10.2518
4821 0.6113
4822 0.8423
4823 0.7841
4824 1.7592
4825 1.0312
4826 2.9120
4827 3.6829
4828 7.5213
4829 11.6622
4830 2.5040
4831 3.1928
4832 2.1953
4833 14.1979
4834 2.1151
4835 14.9526
4836 5.3246
4837 0.7444
4838 0.5323
4839 2.9326
4840 9.4053
4841 2.6911
4842 1.9878
4843 3.7863
4844 0.8460
4845 0.8291
4846 7.6877
4847 0.6725
4848 3.4332
4849 7.9228
4850 0.7984
4851 0.7594
4852 9.3688
4853 1.3469
4854 0.2744
4855 5.2777
4856 0.4341
4857 0.3857
4858 1.1138
4859 4.6118
4860 6.6819
4861 0.3449
4862 13.8753
4863 5.9875
4864 0.9470
4865   NaN
4866 1.9142
4867 0.9438
4868 0.7807
4869 1.3904
4870 19.6808
4871 2.3463
4872 2.4285
4873 2.5430
4874 3.9744
4875 4.6126
4876 0.9320
4877 0.6395
4878 0.7502
4879 3.8827
4880 8.3093
4881 2.3758
4882 1.8973
4883 2.0073
4884 0.9306
4885 0.4553
4886 4.3810
4887 1.9515
4888 0.6761
4889   NaN
4890 1.0312
4891 22.4476
4892 2.7311
4893 1.9892
4894 1.0655
4895 4.2763
4896 1.8095
4897 4.8270
4898 0.5802
4899 1.5402
4900 4.5172
4901 3.1440
4902 1.9310
4903 20.4382
4904 3.0268
4905 2.7364
4906 0.9020
4907 4.5289
4908 1.0398
4909 1.1758
4910 8.1844
4911   NaN
4912 0.5970
4913 1.4202
4914 1.8066
4915 5.1445
4916 1.1263
4917 0.2940
4918 0.7620
4919 2.8669
4920 0.3748
4921 2.3843
4922 4.7325
4923 9.4776
4924 7.3562
4925 4.4535
4926 0.7525
4927 2.8200
4928 1.4907
4929 2.3348
4930   NaN
4931 12.9263
4932 0.7859
4933 3.2297
4934 5.5224
4935 3.9893
4936 0.1719
4937 5.0624
4938 4.8753
4939 0.2309
4940 2.7001
4941 4.2846
4942 23.4945
4943 1.8678
4944 1.9627
4945 3.6741
4946 8.0753
4947 0.4943
4948 0.4630
4949 1.6106
4950 1.2368
4951 9.9976
4952 1.8528
4953 6.3861
4954 0.3832
4955 0.9835
4956 1.1507
4957 0.6845
4958 7.8444
4959 0.9855
4960 0.6041
4961 3.6429
4962 0.4336
4963 4.0089
4964 2.2902
4965 14.8751
4966 2.6470
4967 0.5470
4968 3.0022
4969 3.7637
4970 0.7815
4971 6.9166
4972 3.8887
4973 4.2659
4974 1.8962
4975 9.2549
4976 4.0567
4977 4.7161
4978 2.6419
4979 1.5431
4980 2.6588
4981 8.2387
4982 0.9537
4983 1.0064
4984 4.1278
4985 3.7024
4986 4.7741
4987 3.5869
4988 8.7622
4989 19.9169
4990 2.9372
4991 3.1541
4992 0.9924
4993 1.5873
4994 2.0033
4995 2.0524
4996 10.2528
4997 3.9142
4998 8.5789
4999 5.5499
5000 13.5962
