5001 0.3425
5002 1.9956
5003 0.8212
5004 0.4860
5005 0.2166
5006 0.9297
5007 3.5494
5008 0.4970
5009 0.2192
5010 4.2180
5011 0.2735
5012 0.3028
5013 0.7683
5014 0.4421
5015 0.3272
5016   NaN
5017 1.1257
5018 0.9951
5019 0.5733
5020 1.2928
5021 0.5604
5022 1.1661
5023 0.4336
5024 1.9868
5025 1.2602
5026 0.8082
5027 0.4861
5028 0.2224
5029 4.1716
5030 0.3775
5031 4.0582
5032 0.6468
5033 0.5304
5034 0.4970
5035 0.4957
5036 0.8679
5037 0.9556
5038 0.5961
5039 0.8149
5040 0.8703
5041 0.5949
5042 0.5745
5043 0.2363
5044 1.0712
5045 0.9602
5046 0.5833
5047 0.4306
5048 0.4471
5049 1.4396
5050 1.0064
5051 0.3845
5052 0.6816
5053 0.7235
5054 0.4867
5055 0.4914
5056 0.2347
5057 1.2740
5058 3.1283
5059 0.6961
5060 1.2943
5061 0.7793
5062 1.6648
5063 0.5388
5064 0.4653
5065 1.5278
5066 0.4566
5067 0.4626
5068 0.3575
5069 0.7173
5070 1.1550
5071 1.6430
5072 0.7271
5073 1.6712
5074 2.7948
5075 0.9383
5076 1.8268
5077 0.4347
5078 2.5464
5079 1.1956
5080 0.8993
5081 0.9639
5082 3.2036
5083 0.3825
5084 0.3125
5085 0.2616
5086 1.2983
5087 1.3370
5088 0.8952
5089 2.7626
5090 1.5873
5091 0.9387
5092 0.8075
5093 0.7575
5094 0.4453
5095 0.1806
5096 0.2439
5097 0.4193
5098 1.1910
5099 0.1988
5100 1.3601
5101 0.2777
5102 1.4074
5103 1.1605
5104 1.7092
5105 1.7510
5106 1.3264
5107 1.2761
5108 0.9591
5109 1.9312
5110 0.9641
5111 0.4125
5112 0.7848
5113 0.3606
5114 0.7538
5115 1.7678
5116 0.3650
5117 4.9873
5118 1.1925
5119 0.6405
5120 4.2760
5121 0.3887
5122 1.7965
5123 0.6566
5124 2.5517
5125   NaN
5126 0.5406
5127 0.8341
5128 3.4560
5129 0.5078
5130 1.0285
5131 0.5171
5132 1.4769
5133 0.3097
5134 0.2737
5135 0.8906
5136 0.2595
5137 1.7668
5138 0.4377
5139 0.4118
5140 0.3992
5141 1.1279
5142 0.1935
5143 1.2104
5144 1.3315
5145 0.7800
5146 0.8601
5147 0.7841
5148 2.0047
5149 1.0048
5150 1.4386
5151 0.2804
5152 1.2371
5153   NaN
5154 1.9278
5155 1.5526
5156 1.5099
5157 0.2560
5158 0.3471
5159 1.0504
5160 0.3211
5161 0.2244
5162 1.7581
5163 0.6007
5164 0.3168
5165 0.3839
5166 0.1573
5167 1.9003
5168 0.4878
5169 3.4723
5170 0.9681
5171 1.2713
5172 0.9338
5173 0.7125
5174 1.2160
5175 0.1933
5176 1.2976
5177 3.7502
5178 0.5013
5179 2.0065
5180 0.3375
5181 0.7804
5182 1.8237
5183 1.7274
5184 1.5140
5185 0.8089
5186 1.1946
5187 0.9427
5188 0.6471
5189 0.4441
5190 0.2888
5191 1.5296
5192 0.8112
5193 1.2755
5194 0.9075
5195 0.4601
5196 0.2194
5197 3.2617
5198 1.5893
5199 1.8700
5200 0.8588
5201 0.6345
5202 0.6352
5203 0.6505
5204 1.5759
5205 0.8960
5206 0.6585
5207 1.2828
5208 2.8742
5209 0.3969
5210 1.7945
5211 4.1468
5212 0.2114
5213 0.8286
5214 0.3082
5215 0.5004
5216 1.7983
5217 0.2892
5218 0.1876
5219 0.7882
5220 0.6272
5221 0.6019
5222 0.3405
5223 1.1489
5224 2.5316
5225 2.9004
5226 0.6060
5227 1.4015
5228 2.0318
5229 0.4253
5230 1.4216
5231 2.8811
5232 0.2004
5233 0.8625
5234 5.1002
5235 0.5260
5236 0.5493
5237 0.5462
5238 2.2221
5239 0.4296
5240 0.6801
5241 0.3866
5242 1.1828
5243 6.7583
5244 0.8138
5245 0.4678
5246 1.3731
5247 0.4227
5248 0.5427
5249 1.8763
5250 0.5036
5251 0.3099
5252 3.4179
5253 0.4895
5254 1.6532
5255 2.2484
5256 0.3903
5257 0.5700
5258 2.8612
5259 1.5842
5260 2.1755
5261 14.4728
5262 1.2661
5263 1.3385
5264 5.1726
5265 2.4983
5266 0.6956
5267 1.3435
5268 0.4222
5269 3.0263
5270 0.6202
5271 0.2385
5272 0.3611
5273 0.5346
5274 2.7285
5275 0.7845
5276 0.6294
5277 3.9574
5278 0.8048
5279 0.4092
5280 1.3488
5281 0.6727
5282 0.8065
5283 4.4934
5284 1.2577
5285 0.2614
5286 2.6527
5287 2.7110
5288 0.8967
5289 1.0323
5290 1.4502
5291 0.7136
5292 1.7723
5293 0.1132
5294 0.8353
5295 1.3782
5296 0.6669
5297 2.0875
5298 0.2247
5299 0.2092
5300 2.9576
5301 1.8725
5302 0.3461
5303 1.9006
5304 0.9529
5305 0.4480
5306 0.3226
5307 1.7515
5308 3.0549
5309 1.0563
5310 1.5617
5311 1.8734
5312 2.5950
5313 0.2498
5314 0.4039
5315 1.5785
5316 0.6812
5317 1.6785
5318 0.7308
5319 3.9607
5320 1.5437
5321 2.0181
5322 2.6728
5323 0.4810
5324 1.2712
5325 4.6127
5326 2.2470
5327 0.4128
5328 1.5790
5329 0.2270
5330 2.4398
5331 1.1985
5332 2.3018
5333 0.5491
5334 1.4233
5335 0.8658
5336 0.6907
5337 1.2789
5338 2.6233
5339 9.7738
5340 1.6220
5341 1.1869
5342 0.3318
5343 0.7252
5344 3.2000
5345 3.1011
5346 1.4781
5347 0.4504
5348 1.0437
5349 0.5346
5350 0.7613
5351 1.6075
5352 0.3282
5353 1.8847
5354 0.7087
5355 1.6681
5356 0.5169
5357 1.0569
5358 2.0387
5359 2.1404
5360 2.8190
5361 0.3456
5362 1.4339
5363 0.6542
5364 0.6027
5365 2.1812
5366 2.0126
5367 0.4858
5368 1.1728
5369 0.4221
5370 2.8952
5371 1.1850
5372 1.5460
5373 0.4157
5374 1.8095
5375 0.3151
5376 0.9716
5377 2.4523
5378 0.4182
5379 0.2004
5380 0.9417
5381 0.2713
5382 2.1425
5383 0.7641
5384 1.0922
5385 4.8204
5386 1.8959
5387 0.1970
5388 0.4197
5389 1.5945
5390 0.6915
5391 2.4788
5392 0.7730
5393 0.2719
5394 0.2556
5395 0.8825
5396 1.0243
5397 0.8687
5398 0.4391
5399 1.5852
5400 0.4352
5401 1.6669
5402 0.6169
5403 1.5402
5404 1.4332
5405 0.6076
5406 2.2995
5407 3.8668
5408 1.4483
5409 0.2757
5410 1.0566
5411 1.6506
5412 2.2710
5413 1.5053
5414 0.8502
5415 0.7890
5416 0.6015
5417 0.2314
5418 1.9382
5419 0.5092
5420 0.4229
5421 0.3792
5422 1.5927
5423 1.0678
5424 0.2422
5425 0.8903
5426 1.4866
5427 0.3459
5428 2.2461
5429 0.6387
5430 2.1259
5431 0.5944
5432 3.4745
5433 1.6577
5434 1.8990
5435 1.0794
5436 1.4417
5437 1.2799
5438 1.2301
5439 0.3872
5440 2.3633
5441 1.1674
5442 0.5223
5443 1.2351
5444 0.6658
5445 0.5483
5446 1.1598
5447 0.1896
5448 0.4093
5449 1.8894
5450 3.4502
5451 0.1806
5452 0.3380
5453 0.3548
5454 2.0505
5455 0.5502
5456 0.4296
5457 0.1597
5458 0.2157
5459 0.5168
5460 0.7682
5461 0.8176
5462 0.2578
5463 0.2084
5464 1.8909
5465 1.5914
5466 0.4953
5467 1.2012
5468   NaN
5469 0.9059
5470 1.7440
5471 0.8371
5472 1.1208
5473 0.7496
5474 0.4100
5475 1.3400
5476 1.8594
5477 0.4992
5478 3.0967
5479 0.4249
5480 2.5429
5481 1.4509
5482 0.1944
5483 2.5326
5484 0.3773
5485 0.7115
5486 0.3577
5487 0.4762
5488 0.4247
5489 0.4687
5490 1.7950
5491 0.1844
5492 0.6440
5493 1.1286
5494 0.6339
5495 0.1732
5496 4.6205
5497 0.4001
5498 1.5401
5499 0.9565
5500 1.0484
5501 0.2125
5502 0.3717
5503 1.0597
5504 0.4025
5505 0.2293
5506 1.9511
5507 1.6367
5508 1.8944
5509 2.9423
5510 4.3573
5511 1.2298
5512 0.2449
5513 0.3990
5514 1.7268
5515 1.0242
5516 0.7027
5517 0.1110
5518 0.3406
5519 0.8982
5520 0.8261
5521 0.1852
5522 0.2176
5523 2.0659
5524 3.0961
5525 0.6091
5526 0.3083
5527 0.2730
5528 0.9233
5529 0.9721
5530 0.3609
5531 1.1969
5532 0.8106
5533 2.7959
5534 3.1662
5535 1.3993
5536 0.3742
5537 0.3433
5538 0.7523
5539 0.8583
5540 0.2473
5541 0.5550
5542 2.6965
5543 1.2434
5544 5.6834
5545 0.7511
5546 2.9560
5547 1.2728
5548 1.3617
5549 1.7075
5550 3.8050
5551 1.9915
5552 0.7356
5553 1.1658
5554 2.8335
5555 0.3852
5556 1.2221
5557 3.0416
5558 0.1662
5559 0.8052
5560 1.5116
5561 0.3547
5562 0.5397
5563 0.5135
5564 0.6159
5565 1.4298
5566 3.5076
5567 0.7550
5568 0.5298
5569 2.0196
5570 0.1719
5571 0.3313
5572 0.6725
5573 1.4395
5574 3.7643
5575 0.4333
5576 0.5856
5577 0.9188
5578 0.5580
5579 0.3046
5580 1.1524
5581 0.4419
5582 1.9970
5583 2.0856
5584 0.2225
5585 1.7247
5586 0.3194
5587 0.4212
5588 0.3899
5589 1.0899
5590 0.2880
5591 0.2537
5592 0.3876
5593 0.6306
5594 7.8189
5595 0.2815
5596 2.7280
5597 0.7430
5598 1.2238
5599 2.3266
5600 4.2227
5601 0.2708
5602 0.4307
5603 0.4132
5604 0.8367
5605 1.1840
5606 0.7363
5607 0.2462
5608 1.3892
5609 0.4926
5610 2.2928
5611 1.1189
5612 1.2872
5613 0.4079
5614 1.8717
5615 2.6113
5616 1.4571
5617 0.4414
5618 0.4456
5619 1.2739
5620 0.5976
5621 0.9166
5622 0.7970
5623 2.4695
5624 4.2596
5625 0.5569
5626 1.1409
5627 1.4911
5628 1.7135
5629 0.6348
5630 0.3140
5631 3.8016
5632 7.8613
5633 1.4579
5634 2.6601
5635 1.0172
5636 1.7405
5637 0.3344
5638 1.2079
5639 0.6021
5640   NaN
5641 1.7297
5642 0.7278
5643 0.3782
5644 1.1782
5645 1.4070
5646 0.8143
5647 1.5213
5648 2.4840
5649 0.7181
5650 1.3443
5651 1.6881
5652 1.4385
5653 1.9457
5654 0.8331
5655 1.2616
5656 0.2383
5657 0.2379
5658 0.4031
5659 0.5309
5660 0.3354
5661 2.4793
5662 2.7243
5663 1.8261
5664 1.2674
5665 0.2320
5666 0.7437
5667 1.5815
5668 0.9792
5669 0.5223
5670 4.0057
5671 1.3147
5672 0.5745
5673 0.5261
5674 2.3297
5675 0.3235
5676 0.4563
5677 1.6839
5678 0.4953
5679 0.2252
5680 0.8623
5681 1.1661
5682 1.2224
5683 3.0757
5684 1.1509
5685 1.8643
5686 1.8696
5687 2.2714
5688 0.4529
5689 1.3594
5690 0.8400
5691 0.3339
5692 0.8623
5693 0.4574
5694 0.1861
5695 0.3957
5696 0.5621
5697 1.6040
5698 0.4148
5699 1.0209
5700 0.4007
5701 2.8809
5702 0.5772
5703 2.2934
5704 0.2048
5705 2.8150
5706 2.3961
5707 1.9672
5708 0.4254
5709 1.4926
5710 0.8022
5711 0.5860
5712 0.9408
5713 0.8737
5714 1.2572
5715 0.2829
5716 1.3373
5717 2.2090
5718 0.5797
5719 1.1377
5720 0.3103
5721 1.7228
5722 1.9885
5723   NaN
5724 6.6201
5725 1.7387
5726 0.4306
5727 1.2233
5728 1.0047
5729 0.3469
5730 3.5724
5731 0.5374
5732 0.8237
5733 0.1591
5734 2.2094
5735 0.3271
5736 1.7876
5737 0.8022
5738 0.8644
5739 0.3513
5740 0.7729
5741 2.4972
5742 0.7339
5743 1.2215
5744 0.1807
5745 0.2710
5746 0.2031
5747 0.2898
5748 1.6880
5749 2.3596
5750 2.8591
5751 1.8626
5752 0.8202
5753 0.1832
5754 0.2269
5755 1.5227
5756 1.1731
5757 0.4721
5758 0.8709
5759 2.6399
5760 1.2702
5761 0.5899
5762 0.7376
5763 0.9521
5764 0.8510
5765 0.9134
5766 3.0550
5767 0.3265
5768 2.3628
5769 0.7463
5770 0.3208
5771 1.2865
5772 1.3179
5773 0.3563
5774 0.9331
5775 0.7455
5776 1.3712
5777 1.2420
5778 1.4492
5779 0.4817
5780 0.2808
5781 1.3426
5782 0.2843
5783 1.1315
5784 0.9426
5785 0.3790
5786 0.4934
5787 0.7606
5788 3.9057
5789 0.3551
5790 0.8874
5791 0.3424
5792 0.8999
5793 1.5217
5794 0.9258
5795 1.2082
5796 1.0508
5797 0.5099
5798 4.8657
5799 2.1170
5800 2.1433
5801 5.8463
5802 2.9097
5803 0.3448
5804 5.1957
5805 0.3846
5806 1.2197
5807 0.6379
5808 0.5417
5809 0.9875
5810 0.4657
5811 2.7555
5812 0.8872
5813 0.9830
5814 1.4942
5815 1.2982
5816 1.5896
5817 2.0232
5818 1.2125
5819 3.3224
5820 0.4390
5821 0.4321
5822 1.4621
5823 1.9714
5824 1.1565
5825 2.9262
5826 0.4451
5827 0.3560
5828 1.3907
5829 0.6124
5830 0.4037
5831 1.8808
5832 1.2850
5833 0.9743
5834 0.5689
5835 2.2602
5836 1.1363
5837 0.2483
5838 0.1843
5839 1.9071
5840 1.6432
5841 1.1405
5842 0.7100
5843 0.3103
5844 0.3825
5845 0.6022
5846 0.3768
5847 3.6414
5848 3.4521
5849 0.4665
5850 0.6864
5851 0.3808
5852 1.8466
5853 0.6279
5854 0.5519
5855 7.4432
5856 0.4406
5857 1.5548
5858 1.6259
5859 0.2911
5860 3.7920
5861 0.7688
5862 0.3440
5863 1.6416
5864 2.6497
5865 0.2845
5866 0.2301
5867 2.3160
5868 0.4520
5869 0.7215
5870 1.0827
5871 3.1820
5872   NaN
5873 0.7251
5874 1.5053
5875 0.1746
5876 0.9823
5877 5.6144
5878 0.8080
5879 1.5846
5880 0.8293
5881 0.5583
5882 1.8532
5883 1.5147
5884 1.1631
5885 1.0103
5886 0.8135
5887 2.1374
5888 0.9471
5889 5.8520
5890 1.3352
5891 0.6394
5892 2.3677
5893 1.4717
5894 0.4363
5895 0.9525
5896 3.7092
5897 2.6420
5898 1.5583
5899 0.5830
5900 0.4329
5901 0.3375
5902 1.3543
5903 0.9892
5904 1.3444
5905 1.8226
5906 0.6046
5907 0.2126
5908 1.5844
5909 1.4360
5910 0.2657
5911 0.7580
5912 1.0474
5913 0.3624
5914 0.3020
5915 0.3630
5916 1.5078
5917 0.3939
5918 0.7845
5919 0.9450
5920 0.7976
5921 1.1236
5922 0.9082
5923 1.7882
5924 0.4099
5925 1.3538
5926 2.0174
5927 2.7053
5928 2.8198
5929 0.8745
5930 0.3799
5931 3.1706
5932 1.1279
5933 0.5838
5934 0.2395
5935 2.7491
5936 0.2644
5937 0.1726
5938 0.5400
5939 0.7433
5940 2.1264
5941 0.7456
5942 2.1768
5943 0.3806
5944 0.4018
5945 0.5715
5946 2.7009
5947 4.9047
5948 2.8144
5949 0.8671
5950 1.6640
5951 0.1779
5952 1.5143
5953 1.9786
5954 1.3535
5955 1.0523
5956 0.3688
5957 0.4704
5958 0.5597
5959 0.8344
5960 3.5863
5961 0.8305
5962 1.4392
5963 0.7207
5964 1.2022
5965 0.7957
5966 3.2456
5967 1.9903
5968 2.4507
5969 0.5320
5970 0.6312
5971 2.1993
5972 0.5630
5973 0.4840
5974 0.1704
5975 0.9134
5976 2.8128
5977 0.3738
5978 2.0320
5979 2.1644
5980 0.9462
5981 2.8394
5982 0.4541
5983 0.2277
5984 2.9264
5985 0.5201
5986 0.3784
5987 0.9325
5988 0.2425
5989 1.5744
5990 2.4320
5991 1.8472
5992 1.9508
5993 3.2356
5994 4.4634
5995 1.1720
5996 1.4899
5997 1.3409
5998 1.3027
5999 0.6211
6000 2.7171
6001 0.4847
6002 0.7908
6003 2.7199
6004 0.8386
6005 1.8007
6006 1.9716
6007 0.4643
6008 0.3611
6009 0.4550
6010 1.9526
6011 0.3456
6012 1.6355
6013 1.3938
6014 0.6922
6015 1.4565
6016 1.4186
6017 0.5236
6018 0.4186
6019 3.5195
6020 0.3400
6021 1.7450
6022 1.3081
6023 0.5796
6024 0.4594
6025 0.7244
6026 4.7249
6027 1.8187
6028 0.9062
6029 0.2880
6030 0.4971
6031 0.4010
6032 0.3878
6033 0.3857
6034 0.7342
6035 0.2679
6036 0.3998
6037 0.4729
6038 0.9276
6039 0.5010
6040 0.3953
6041   NaN
6042 4.8525
6043 1.3367
6044 2.8635
6045 0.7579
6046 2.0987
6047 1.2675
6048 0.8593
6049 1.4684
6050 0.6707
6051 1.1164
6052 1.0771
6053 9.1406
6054 1.6550
6055 1.0513
6056 0.3136
6057 1.2222
6058 0.7371
6059 0.2050
6060 0.4574
6061 5.6944
6062 0.6703
6063 0.8046
6064 0.2714
6065 0.7350
6066 0.6386
6067 1.4680
6068 1.4419
6069 0.8897
6070 2.6450
6071 0.9627
6072 1.0924
6073 1.3214
6074 5.5263
6075 0.7260
6076 0.8038
6077 0.6901
6078 0.6233
6079 0.9724
6080 0.3607
6081 1.0466
6082 0.4578
6083 0.3890
6084 1.5681
6085 1.6511
6086 2.3449
6087 0.3061
6088 0.7299
6089 1.2992
6090 1.8301
6091 0.2308
6092 0.8777
6093 1.8221
6094 0.5418
6095 0.3066
6096 0.3652
6097 0.5531
6098 0.3409
6099 1.6150
6100 0.7406
6101 2.4077
6102 4.5211
6103 1.3497
6104 0.5710
6105 0.3111
6106 0.5863
6107 1.4449
6108 1.0210
6109 0.7438
6110 0.8529
6111 1.5191
6112 1.7687
6113 0.3261
6114 1.7143
6115 1.2436
6116 0.5697
6117 0.1845
6118 4.7879
6119 0.2251
6120 0.4485
6121 1.4236
6122 0.4380
6123 0.5974
6124 2.7346
6125 0.6131
6126 0.8897
6127 1.5413
6128 4.1198
6129 1.6301
6130 2.0034
6131 1.8136
6132 0.4653
6133 0.6819
6134 1.0933
6135 1.6754
6136 1.1311
6137 0.3368
6138 0.2819
6139 1.2803
6140 2.5838
6141 3.2634
6142 0.3697
6143 2.0300
6144 1.2445
6145 0.2960
6146 0.7986
6147 0.4153
6148 0.7688
6149 0.4114
6150 0.1840
6151 2.4955
6152 0.2603
6153 0.5771
6154 1.4405
6155 0.9456
6156 0.7818
6157 0.3920
6158 4.0823
6159 0.5028
6160 1.5102
6161 0.2626
6162 0.5602
6163 0.7647
6164 3.3160
6165 0.6948
6166 2.1799
6167 0.4557
6168 3.0719
6169 1.9470
6170 0.3372
6171 1.5571
6172 0.2846
6173 2.2141
6174 0.5198
6175 1.8749
6176 0.2871
6177 1.5237
6178 0.6829
6179 0.4836
6180 0.6982
6181 0.7461
6182 2.1605
6183 0.2171
6184 0.5229
6185 2.0117
6186 1.0151
6187 0.3267
6188 0.4040
6189 0.6609
6190 3.6672
6191 0.2230
6192 1.7962
6193 0.3594
6194 0.8141
6195 0.8473
6196 1.3480
6197 0.5540
6198 1.1278
6199 2.3182
6200 0.7248
6201 4.7534
6202 0.1853
6203 2.3346
6204 3.6027
6205 1.5024
6206 2.7815
6207 0.1694
6208 0.3893
6209 0.6320
6210 0.1989
6211 1.6484
6212 0.4228
6213 1.2910
6214 1.7137
6215 0.6200
6216 2.0862
6217 0.6036
6218 0.1702
6219 1.4171
6220 0.9189
6221 0.4355
6222 0.4048
6223 0.3648
6224 3.1163
6225 1.5297
6226 5.1218
6227 1.2405
6228 0.5384
6229 0.8053
6230 0.5179
6231 2.6233
6232 1.8442
6233 0.7165
6234 0.2281
6235 1.3490
6236 0.2487
6237 0.5555
6238 0.5671
6239 0.6573
6240 2.2862
6241 7.8072
6242 2.3072
6243 0.4741
6244 6.3017
6245 0.9244
6246 1.2681
6247 3.2080
6248 0.4060
6249 1.8168
6250 0.3475
6251 1.8592
6252 1.9742
6253 2.6759
6254 1.0345
6255 1.4196
6256 1.1978
6257 0.5192
6258 3.7370
6259   NaN
6260 0.9064
6261 0.6033
6262 2.2875
6263 3.0993
6264 1.9541
6265 1.5659
6266 0.9822
6267 1.8316
6268 1.5229
6269 0.6584
6270 0.4496
6271 1.2454
6272 0.8354
6273 1.8484
6274 0.6938
6275 0.2770
6276 1.3694
6277 0.6027
6278 3.3016
6279 0.2028
6280 1.6536
6281 1.0068
6282 1.2601
6283 0.8340
6284 1.3534
6285 0.1596
6286 1.3658
6287 0.2538
6288 0.4112
6289 0.8434
6290 1.8870
6291 0.8957
6292 0.7422
6293 1.0768
6294 2.6724
6295 0.5405
6296 0.4941
6297 1.5512
6298 1.0521
6299 0.8456
6300 1.0526
6301 1.2241
6302 0.3525
6303 3.2430
6304 0.2547
6305 0.8767
6306 1.3692
6307 0.7715
6308 2.0295
6309 1.2573
6310 2.1947
6311 0.7817
6312 2.5323
6313 0.5637
6314 0.5986
6315 1.8665
6316 1.3399
6317 1.7675
6318 6.8511
6319 1.5529
6320 2.1685
6321 0.1821
6322 0.3620
6323 2.0035
6324 0.3962
6325 0.5826
6326 0.4782
6327 0.1900
6328 0.4753
6329 0.5755
6330 1.3798
6331 1.6637
6332 0.5655
6333 0.5798
6334 1.5350
6335 1.0877
6336 1.2568
6337 2.6149
6338 0.2674
6339 0.2344
6340 3.0940
6341 3.0398
6342 0.5676
6343 0.7277
6344 0.5172
6345 0.7633
6346 0.9486
6347 0.2908
6348 0.7944
6349 0.4295
6350 0.4034
6351 1.2099
6352 0.4480
6353 1.2003
6354 0.4942
6355 3.5499
6356 0.3311
6357 1.2259
6358 0.9077
6359 2.3088
6360 2.4989
6361 1.9368
6362 1.1988
6363 0.3728
6364 1.2989
6365 1.6782
6366 0.5224
6367 1.0449
6368 0.5697
6369 0.8464
6370 3.3098
6371 0.3602
6372 0.4548
6373 0.4308
6374 0.4368
6375 8.6278
6376 1.3450
6377 4.8109
6378 1.2843
6379 0.1537
6380 4.3419
6381 0.4023
6382 0.6435
6383 1.7791
6384 0.7870
6385 1.2819
6386 0.3206
6387 0.3648
6388 2.4133
6389 0.3980
6390 3.7199
6391 1.3414
6392 0.6370
6393 1.9468
6394 0.4256
6395 0.5726
6396 0.5829
6397 0.4350
6398 0.4947
6399 0.4024
6400 1.2705
6401 0.2862
6402 0.7753
6403 0.6792
6404 0.8624
6405 0.3536
6406 1.3922
6407 1.2922
6408 0.4883
6409 0.2328
6410 0.3328
6411 0.2594
6412 1.5012
6413 4.0943
6414 0.5375
6415 1.0688
6416 2.6862
6417 0.5632
6418 0.9302
6419 2.0971
6420 1.9473
6421 0.3758
6422 0.6077
6423 0.3572
6424 0.4379
6425 0.5968
6426 2.1831
6427 0.4865
6428 0.7226
6429 0.8140
6430 0.4657
6431 1.4442
6432 1.2265
6433 3.5207
6434 4.7506
6435 0.8192
6436 2.3632
6437 2.4015
6438 0.2894
6439 0.2340
6440 2.6937
6441 0.2343
6442 0.6551
6443 0.2169
6444 1.1749
6445 0.3338
6446 1.3596
6447 1.2962
6448 1.6743
6449 0.8675
6450 0.7307
6451 0.6651
6452 0.3887
6453 1.6793
6454 0.5218
6455 1.1054
6456 0.9899
6457 1.4008
6458 1.5653
6459 0.6709
6460 1.9018
6461 2.2094
6462 0.4551
6463 0.7402
6464 0.3508
6465 0.2692
6466 0.1708
6467 2.0863
6468 0.6749
6469 0.7648
6470 4.0879
6471 6.3438
6472 1.3036
6473 0.4597
6474 0.3852
6475 0.4184
6476 0.6493
6477 0.5104
6478 2.7581
6479 1.1757
6480 3.0737
6481 0.3846
6482 0.3575
6483 1.4399
6484 0.9246
6485 0.2419
6486 0.1436
6487 0.1509
6488 0.7862
6489 5.0735
6490 2.2710
6491 1.4379
6492 0.3839
6493 0.2593
6494 0.3740
6495 0.7063
6496 0.6570
6497 0.7381
6498 1.6079
6499 0.1652
6500 2.6751
6501 1.3271
6502 7.5833
6503 1.3785
6504 1.6324
6505 0.8830
6506 0.5414
6507 2.5218
6508 0.1993
6509 1.2663
6510 7.3641
6511 0.4264
6512 2.6865
6513 1.6648
6514 2.2295
6515 2.1391
6516 1.3349
6517 0.7220
6518 0.6888
6519 1.6000
6520 0.2673
6521 2.4609
6522 0.7014
6523   NaN
6524 0.5263
6525 1.5108
6526 2.5928
6527 0.9469
6528 1.4445
6529 0.2682
6530 1.5041
6531 1.5468
6532 0.8052
6533 0.3881
6534 1.6824
6535 0.9379
6536 1.9506
6537 0.9384
6538 0.7539
6539 1.0531
6540 0.8265
6541 3.5776
6542 2.5461
6543 0.2166
6544 0.4820
6545 0.7325
6546 0.1748
6547 1.1607
6548 0.5037
6549 0.3581
6550 0.3639
6551 0.6453
6552 1.4387
6553 8.7926
6554 1.4806
6555 0.6277
6556 1.0318
6557 0.2726
6558 0.2018
6559 3.6826
6560 0.7796
6561 0.4090
6562 2.0334
6563 0.6888
6564 0.2615
6565 3.6658
6566 1.7726
6567 1.1386
6568 0.5050
6569 0.7335
6570 3.7195
6571 0.9927
6572 1.4398
6573 2.5747
6574 0.3526
6575 0.8287
6576 0.2037
6577 3.0784
6578 0.2070
6579 3.1512
6580 1.2423
6581 0.3996
6582 1.2301
6583 0.4490
6584 0.3783
6585 0.3515
6586 4.1548
6587 1.6247
6588 0.9481
6589 0.4133
6590 0.6317
6591 0.9380
6592 0.2789
6593 1.0983
6594 0.8994
6595 0.7552
6596 0.2965
6597 1.3567
6598 0.7635
6599 0.5030
6600 0.6550
6601 1.1651
6602 2.6979
6603 1.9030
6604 0.5842
6605 0.4792
6606 1.0903
6607 3.1949
6608 2.0292
6609 0.2114
6610 0.8023
6611 0.8951
6612 0.3519
6613 0.6060
6614 0.8339
6615 1.6337
6616 0.3541
6617 0.2498
6618 1.4217
6619 1.7334
6620 1.6115
6621 4.1743
6622 0.5281
6623 0.1608
6624 2.2315
6625 0.4988
6626 0.2386
6627   NaN
6628 0.9433
6629 2.5559
6630 0.7242
6631 5.6598
6632 0.4382
6633 2.5602
6634 1.3641
6635 1.1767
6636 2.1309
6637 1.1763
6638 0.7127
6639 0.1955
6640 0.3607
6641 0.5461
6642 0.4054
6643 0.4866
6644 1.1280
6645 0.4213
6646 4.4695
6647 0.6409
6648 0.6352
6649 3.0750
6650 1.4804
6651 0.3837
6652 0.9412
6653 3.6765
6654 0.6260
6655 1.8489
6656 1.7164
6657 4.7356
6658 1.4325
6659 0.8187
6660 0.8350
6661 0.4497
6662 1.5295
6663 1.2862
6664 0.8679
6665 2.9509
6666 2.5539
6667 3.0512
6668 0.7744
6669 1.0366
6670 0.2159
6671 0.2468
6672 0.4847
6673 1.2635
6674 1.4792
6675 5.2848
6676 0.4070
6677 0.1477
6678 0.2889
6679 1.0859
6680 0.7494
6681 0.2437
6682 1.0592
6683 1.0881
6684 3.2050
6685 0.4122
6686 0.2698
6687 0.6860
6688 1.9240
6689 0.2963
6690 0.6086
6691 1.2865
6692 0.4110
6693 1.6265
6694 0.3517
6695 0.3749
6696 0.7593
6697 1.1443
6698 0.9660
6699 0.5566
6700 0.7421
6701 1.7677
6702 0.4594
6703 0.2358
6704 2.1296
6705 0.1821
6706 2.6001
6707 2.2865
6708 0.3533
6709 0.4849
6710 0.3878
6711 0.9969
6712 0.7971
6713 3.9317
6714 1.1948
6715 1.0423
6716 0.7567
6717 1.5601
6718 3.1722
6719 2.4318
6720 0.1966
6721 0.4656
6722 1.5153
6723 1.6849
6724 2.5446
6725 0.4377
6726 2.5377
6727 2.1882
6728 0.8325
6729 0.2894
6730 2.6937
6731 1.6030
6732 1.1650
6733 1.1624
6734 0.6961
6735 1.2423
6736 0.9438
6737 2.9514
6738 0.4799
6739 3.8299
6740 1.4476
6741 0.6380
6742 0.5291
6743 0.8818
6744 0.3014
6745 0.1855
6746 2.5774
6747 1.7909
6748 0.4846
6749 0.9677
6750 0.9042
6751 0.5153
6752 2.0410
6753 0.3176
6754 0.4559
6755 0.8451
6756 1.4421
6757 2.8376
6758 1.2246
6759 8.8183
6760 1.4344
6761 4.5807
6762 4.5250
6763 0.9148
6764 0.3183
6765 3.5709
6766 6.8677
6767 1.5835
6768 0.2235
6769 0.9222
6770 0.6915
6771 0.8936
6772 1.2087
6773 2.5869
6774 0.3109
6775 0.9943
6776 1.6859
6777 1.3492
6778 0.7170
6779 1.3651
6780 3.0430
6781 2.9806
6782 0.7448
6783 1.6165
6784 1.2277
6785 0.7381
6786 0.7907
6787 3.1958
6788 0.5964
6789 0.6591
6790 1.1078
6791 0.7990
6792 3.8339
6793 1.0837
6794 0.4886
6795 2.6940
6796 0.3168
6797 0.9564
6798 1.8855
6799 0.2336
6800 0.8365
6801 3.0655
6802 1.4634
6803 0.7850
6804 0.3650
6805 1.0737
6806 2.8965
6807 0.3688
6808 0.7067
6809 0.5782
6810 0.3350
6811 0.4543
6812 0.5600
6813 0.5486
6814 0.1683
6815 0.3956
6816 2.3899
6817 1.2734
6818 1.8807
6819 1.1390
6820 0.4143
6821 0.2594
6822 0.3647
6823 0.9885
6824 5.3560
6825 4.0997
6826 0.7686
6827 1.3119
6828 2.2315
6829 0.7515
6830 0.5334
6831 0.2275
6832 1.4246
6833 0.2632
6834 1.7132
6835 0.4444
6836 1.0336
6837 0.7359
6838 0.3696
6839 2.9664
6840 1.8665
6841 0.7644
6842 1.9212
6843 0.3518
6844 0.6483
6845 1.7122
6846 0.8845
6847 0.8498
6848 3.6618
6849 1.6326
6850 1.2569
6851 0.1454
6852 1.1859
6853 0.2190
6854 0.3866
6855 0.7870
6856 0.6018
6857 0.1474
6858 0.4816
6859 1.3737
6860 1.9528
6861 1.7233
6862 0.5681
6863 0.4847
6864 0.3563
6865 0.8272
6866 1.3539
6867 0.8647
6868 0.4849
6869 0.9117
6870 2.2730
6871 0.4225
6872 0.6282
6873 0.9202
6874 2.6364
6875 0.6658
6876 0.4050
6877 2.2668
6878 0.5947
6879 1.9312
6880 4.6995
6881 2.3598
6882 2.5213
6883 0.4510
6884 0.9240
6885 0.3569
6886 2.2775
6887 0.2775
6888 4.1891
6889 0.3071
6890 3.0868
6891 0.6951
6892 0.4378
6893 0.3204
6894 0.7113
6895 3.3308
6896 1.2735
6897 0.6415
6898 1.0458
6899 0.6145
6900 1.8252
6901 1.3940
6902 0.6074
6903 0.9251
6904 1.2173
6905 0.6898
6906 0.8520
6907 2.6994
6908 1.2176
6909 0.7347
6910 0.5161
6911 0.9093
6912 0.5952
6913 1.4998
6914 3.4476
6915 1.7978
6916 1.9608
6917 0.9938
6918 0.8159
6919 0.3698
6920 2.2684
6921 1.5681
6922 0.3870
6923 1.9736
6924 1.2147
6925 1.6586
6926 1.9914
6927 0.5477
6928 0.5724
6929 0.5294
6930 0.4547
6931 0.5057
6932 0.4379
6933 0.6795
6934 1.5291
6935 0.5311
6936 1.3202
6937 0.2133
6938 7.8416
6939 2.8057
6940 3.9806
6941 2.6036
6942 0.3699
6943 2.1650
6944 0.4331
6945 1.8551
6946 1.8603
6947 1.0989
6948 1.6375
6949 1.6152
6950 0.2339
6951 1.9526
6952 3.2099
6953 2.1733
6954 2.1695
6955 1.2995
6956 1.2229
6957 0.5246
6958 0.1814
6959 0.4632
6960 0.2595
6961 2.0046
6962 1.0053
6963 1.5564
6964 3.2732
6965 0.4502
6966 2.0181
6967 1.5105
6968 0.7891
6969 0.5648
6970 0.6874
6971 1.4550
6972 0.5217
6973 0.3423
6974 4.1928
6975 0.6535
6976 0.3639
6977 0.6538
6978 1.2871
6979 2.0888
6980 0.5492
6981 0.2641
6982 2.5706
6983 2.0520
6984 1.7433
6985 1.7057
6986 1.3431
6987 0.8766
6988 1.4446
6989 4.0694
6990 0.3855
6991 0.6218
6992 1.1442
6993 0.5094
6994 2.9761
6995 3.5279
6996 0.3835
6997 0.9211
6998 2.9464
6999 1.2587
7000 0.5450
7001 0.3858
7002 2.2348
7003 0.4349
7004 0.4598
7005 0.4218
7006 0.6796
7007 0.7146
7008 0.7263
7009 0.8429
7010 0.5488
7011 1.2617
7012 3.9796
7013 1.1794
7014 0.6669
7015 3.2090
7016 0.5906
7017 1.2359
7018 3.5106
7019 0.6725
7020 12.3695
7021 3.1448
7022 0.6770
7023 0.1796
7024 1.2770
7025 0.5886
7026 2.4253
7027 0.4924
7028 0.1704
7029 0.1366
7030 0.1257
7031 1.0222
7032 1.5064
7033 1.6533
7034 1.1178
7035 1.3515
7036 9.0899
7037 2.8329
7038 1.1364
7039 4.4498
7040 1.7628
7041 0.8906
7042 0.3842
7043 0.1844
7044 0.4747
7045 1.3015
7046 0.9184
7047 0.3914
7048 1.7335
7049 0.3975
7050 1.2048
7051 0.7408
7052 1.6165
7053 0.1993
7054 0.6229
7055 0.7886
7056 2.8598
7057 0.8502
7058 0.9213
7059 0.9035
7060 1.3451
7061 4.2427
7062 0.9919
7063 1.8306
7064 2.8883
7065 0.1806
7066 0.2351
7067 0.4852
7068 0.9177
7069 3.5701
7070 1.1368
7071 0.3552
7072 0.6198
7073 0.6458
7074 0.3608
7075 0.8107
7076 0.1996
7077 2.0299
7078 1.2987
7079 1.0988
7080 1.8592
7081 1.4232
7082 4.1683
7083 1.5663
7084 0.7580
7085 0.2010
7086 2.9026
7087 3.1580
7088 0.9694
7089 5.6044
7090 0.6643
7091 0.8284
7092 0.6542
7093 0.4775
7094 1.6673
7095 1.1196
7096 0.4703
7097 1.5232
7098 0.8038
7099 0.5261
7100 2.9570
7101 0.4149
7102 0.8813
7103 0.3184
7104 0.6972
7105 0.6474
7106 1.8705
7107 0.7026
7108 1.4034
7109 3.0221
7110 3.1862
7111 1.1161
7112 1.5062
7113 2.3172
7114 0.4940
7115 1.1817
7116 0.7912
7117 1.7585
7118 0.4477
7119 1.4091
7120 3.0918
7121 2.3994
7122 0.4539
7123 0.6179
7124 0.3701
7125 0.7826
7126 1.1619
7127 0.7666
7128 1.5055
7129 0.9511
7130 3.3930
7131 0.3798
7132 0.9395
7133 2.2923
7134 1.7973
7135 0.3493
7136 0.3913
7137 2.4847
7138 0.2176
7139 0.8043
7140 1.6445
7141 0.2995
7142 2.1639
7143 0.5152
7144 1.2567
7145 0.5956
7146 0.7462
7147 0.9608
7148 0.2904
7149 0.5068
7150 0.6120
7151 0.1740
7152 4.5227
7153 1.2473
7154 0.4671
7155 0.1801
7156 1.7729
7157 0.6574
7158 1.4459
7159 0.2384
7160 2.0706
7161 0.9909
7162 1.3896
7163 5.0232
7164 1.8650
7165 3.8604
7166 0.1565
7167 0.3803
7168 1.1393
7169 1.0199
7170 0.5213
7171 0.5304
7172 0.7461
7173 0.8007
7174 1.9549
7175 1.7139
7176 1.4072
7177 1.6461
7178 0.8402
7179 0.3057
7180 1.5066
7181 0.3684
7182 1.2598
7183 0.5499
7184 1.8063
7185 3.2174
7186 1.7043
7187 1.7313
7188 0.3649
7189 0.4071
7190 1.8339
7191 0.2847
7192 1.0988
7193 0.7809
7194 0.3787
7195 2.4214
7196 1.4868
7197 0.7827
7198 0.9294
7199 0.8438
7200 2.7297
7201 0.2722
7202 2.1101
7203 1.6066
7204 0.6106
7205 0.9263
7206 2.6078
7207 0.3124
7208 1.7832
7209 1.8739
7210 1.3715
7211 0.5455
7212 0.4078
7213 0.8698
7214 3.0219
7215 0.6913
7216 0.8333
7217 0.4107
7218 0.9683
7219 0.8900
7220 1.0892
7221 0.2179
7222 0.4249
7223 0.6566
7224 0.5773
7225 0.5982
7226 8.3613
7227 1.2058
7228 2.2158
7229 2.5579
7230 0.7115
7231 0.2785
7232 1.9909
7233 0.6332
7234 5.0747
7235 0.2386
7236 2.5700
7237 0.8409
7238 0.4925
7239 1.6272
7240 2.0386
7241 0.3815
7242 0.4234
7243 0.3391
7244 2.6922
7245 1.3739
7246 0.4265
7247 0.3858
7248 0.7305
7249 1.5502
7250 2.2622
7251 0.2867
7252 1.2360
7253 1.9193
7254 1.6607
7255 3.9974
7256 1.6382
7257 1.0804
7258 0.4742
7259 2.1361
7260 0.5989
7261 1.2264
7262 0.2970
7263 1.3815
7264 0.2514
7265 0.7155
7266 2.6561
7267 0.8750
7268 0.1978
7269 0.7261
7270 0.1470
7271 1.2061
7272 3.8445
7273 0.3980
7274 4.8840
7275 0.1970
7276 3.8841
7277 0.3749
7278 0.4559
7279 0.2287
7280 0.8115
7281 1.5309
7282 1.0034
7283 2.2368
7284 1.5168
7285 0.3838
7286 0.7339
7287 0.4315
7288 0.3060
7289 0.5135
7290 0.5330
7291 1.1139
7292 0.7410
7293 0.4519
7294 2.7038
7295 1.1691
7296 1.1039
7297 0.7492
7298 0.4610
7299 0.4375
7300 2.2793
7301 0.6256
7302 8.6270
7303 2.5104
7304 0.3105
7305 0.7628
7306 0.2764
7307 0.7966
7308 0.5022
7309 0.3688
7310 1.3268
7311 0.7236
7312 0.1399
7313 2.8763
7314 0.4792
7315 3.3757
7316 0.7908
7317 1.6433
7318 1.2447
7319 0.7713
7320 1.4392
7321 2.3195
7322 0.4827
7323 1.6980
7324 0.5833
7325 2.0180
7326 1.8068
7327 0.1389
7328 0.6112
7329 0.5005
7330 1.8687
7331 1.1990
7332 1.6469
7333 2.7052
7334 2.4184
7335 2.2552
7336 1.6881
7337 3.7864
7338 2.9970
7339 0.5130
7340 1.6822
7341 1.2138
7342 0.9737
7343 3.5899
7344 4.7521
7345 1.8057
7346 0.9461
7347 1.0824
7348 1.1818
7349 0.3610
7350 3.2154
7351 1.2787
7352 2.5691
7353 2.7400
7354 4.7110
7355 0.7128
7356 0.2390
7357 1.5807
7358 1.3314
7359 0.2291
7360 1.8139
7361 0.6424
7362 0.8386
7363 4.6894
7364 3.0717
7365 0.6956
7366 1.1050
7367 2.6867
7368 1.4614
7369 0.2093
7370 0.4780
7371 1.2788
7372 1.1664
7373 2.4720
7374 0.7191
7375 0.3491
7376 1.5268
7377 0.6929
7378 1.4642
7379 0.4000
7380 0.5226
7381 0.3989
7382 0.4530
7383 0.6893
7384 0.7208
7385 0.8983
7386 0.6716
7387 0.8038
7388 1.0506
7389 1.0020
7390 0.3189
7391 2.6738
7392 1.2159
7393 2.0141
7394 1.0290
7395 1.5963
7396 5.2731
7397 0.5728
7398 0.9488
7399 5.7435
7400 0.3086
7401 0.2835
7402 0.5556
7403 0.3671
7404 1.4019
7405 0.3413
7406 0.6011
7407 0.2097
7408 0.2537
7409 1.1897
7410 0.9128
7411 1.2108
7412 0.3292
7413 0.7883
7414 0.2735
7415 0.5149
7416 3.0883
7417 2.7937
7418 0.7143
7419 1.7226
7420 0.2010
7421 0.3934
7422 4.2156
7423 0.9579
7424 2.4161
7425 3.7488
7426 0.3318
7427 1.5939
7428 2.0092
7429 1.5895
7430 2.4171
7431 1.2399
7432 1.3628
7433 1.0641
7434 0.4807
7435 1.5255
7436 0.4559
7437 0.2904
7438 3.2150
7439 0.2917
7440 0.5781
7441 0.3217
7442 0.5074
7443 0.2024
7444 0.9096
7445 0.9908
7446 0.1535
7447 0.6219
7448 1.1814
7449 0.7305
7450 0.3583
7451 0.5010
7452 0.3902
7453 1.4109
7454 4.6100
7455 0.3191
7456 2.0947
7457 2.3547
7458 0.8638
7459 0.2077
7460 2.0449
7461 1.2154
7462 0.7982
7463 0.8877
7464 0.1997
7465 14.1510
7466 0.3617
7467 0.2947
7468 0.8493
7469 2.6690
7470 1.3494
7471 0.6417
7472 0.7356
7473 0.2320
7474 0.4314
7475 1.0321
7476 0.8318
7477 0.5478
7478 0.7120
7479 3.9317
7480 1.4555
7481 1.0293
7482 1.0665
7483 8.4012
7484 0.8575
7485 2.8463
7486 1.0242
7487 1.7638
7488 0.4381
7489 1.9146
7490 0.8492
7491 0.6758
7492 0.1486
7493 1.7888
7494 0.1805
7495 0.7853
7496 2.3389
7497 2.1514
7498 3.0485
7499 1.0680
7500 0.6683
