7501 0.6980
7502 0.5823
7503 0.5247
7504 0.4240
7505 1.1914
7506 0.2433
7507 0.2652
7508 0.1602
7509 0.4010
7510 0.3158
7511 0.1804
7512 0.1827
7513 0.4387
7514 0.3148
7515 0.4448
7516 0.1300
7517 0.3470
7518 0.3774
7519 0.2256
7520 0.2710
7521 0.2509
7522 0.2472
7523 0.4007
7524 0.1588
7525 0.3869
7526 0.3572
7527 0.1418
7528 0.3233
7529 0.1951
7530 0.2959
7531 0.3215
7532 0.3619
7533 0.2421
7534 0.1494
7535 0.4829
7536 0.2161
7537 0.2247
7538 0.3479
7539 0.2014
7540 0.2375
7541 0.2109
7542 0.1230
7543 0.2853
7544 0.2607
7545 0.1467
7546 0.3610
7547 0.2330
7548 0.3014
7549   NaN
7550 0.3533
7551 0.1178
7552 0.5589
7553 0.2101
7554 0.1647
7555 0.3027
7556 0.7508
7557 0.1801
7558 0.2279
7559 0.2251
7560 0.1157
7561 0.4881
7562 0.3332
7563 0.6521
7564 0.8557
7565 0.5903
7566 0.4502
7567 0.2499
7568 0.1863
7569 0.2073
7570 0.7059
7571 0.2136
7572 0.1385
7573 0.2813
7574 0.1625
7575 0.4001
7576 0.4934
7577 0.2230
7578 0.3195
7579 0.2120
7580 0.2673
7581 0.1498
7582 0.5772
7583 0.1715
7584 0.1445
7585 0.1911
7586 0.1561
7587 0.1910
7588 0.2329
7589 0.2238
7590 0.2039
7591 0.2371
7592 0.2078
7593 0.5052
7594 0.1532
7595 0.2844
7596 0.3258
7597 0.4452
7598 1.2451
7599 0.2093
7600 0.1129
7601 0.1908
7602 0.4341
7603 0.4357
7604 0.5370
7605 0.2719
7606 0.1643
7607 0.2836
7608 0.2379
7609 0.2332
7610 0.1925
7611 0.1995
7612 0.5278
7613 0.3283
7614 0.2999
7615 0.2134
7616 0.2497
7617 0.5467
7618 0.2547
7619 0.2059
7620 0.1898
7621 0.2083
7622 0.2610
7623 0.3582
7624 0.1490
7625 0.2251
7626 0.2676
7627 0.1956
7628 0.2615
7629 0.3084
7630 0.2677
7631 0.2775
7632 0.3070
7633 0.6014
7634 0.7223
7635 0.2385
7636 0.1721
7637 0.3315
7638 0.4037
7639 0.1707
7640 0.1510
7641 0.2350
7642 0.2417
7643 0.3371
7644 0.2807
7645 0.1818
7646 0.5617
7647 0.2011
7648 0.2072
7649 0.2283
7650 0.2118
7651 0.4354
7652 0.1986
7653 0.2409
7654 0.1387
7655 0.2398
7656 0.2424
7657 0.2219
7658 0.3015
7659 0.1688
7660 0.1529
7661 0.2131
7662 0.3139
7663 0.4432
7664 0.3528
7665 0.3363
7666 0.3329
7667 0.1884
7668 0.1380
7669 0.2712
7670 0.3780
7671 0.2678
7672 0.2318
7673 0.4008
7674 0.2056
7675 0.1309
7676 0.4398
7677 0.1987
7678 0.2072
7679 0.1696
7680 0.3322
7681 0.4331
7682 0.2652
7683 0.3016
7684 0.5285
7685 0.2423
7686 0.2222
7687 0.2366
7688 0.1493
7689 0.2722
7690 0.3419
7691 0.3273
7692 0.2136
7693 0.3308
7694 0.7180
7695 0.2025
7696 0.1486
7697 0.5118
7698 0.2055
7699 0.2832
7700 0.1371
7701 0.1716
7702 0.3493
7703 0.2941
7704 0.2138
7705 0.2034
7706 0.1262
7707 1.0808
7708 1.3821
7709 0.2271
7710 0.1849
7711 0.1293
7712 0.1921
7713 0.3743
7714 0.2527
7715 0.1340
7716 0.1402
7717 0.1987
7718 0.3600
7719 0.2497
7720 0.2327
7721 0.1918
7722 0.2637
7723 0.1335
7724 0.2425
7725 1.2006
7726 0.1153
7727 0.4931
7728 0.2295
7729 0.2758
7730 0.1706
7731 0.2192
7732 0.1817
7733 0.2387
7734 0.2426
7735 0.1838
7736 0.2906
7737 0.2013
7738 0.9375
7739 0.1694
7740 0.3572
7741 0.5154
7742 0.1391
7743 0.4055
7744 0.2512
7745 0.0987
7746 0.2678
7747 0.2877
7748 0.3777
7749 0.2213
7750 0.2795
7751 0.4434
7752   NaN
7753 0.4359
7754 0.3866
7755 0.1116
7756 0.6532
7757 1.5190
7758 0.2819
7759 0.2558
7760 0.4231
7761 0.3422
7762 0.2138
7763 0.2115
7764 0.1770
7765 0.1585
7766 0.1327
7767 0.1411
7768 0.2887
7769 0.2884
7770 0.5484
7771 0.2132
7772 0.1389
7773 0.5080
7774 0.2640
7775 0.1997
7776 0.1987
7777 0.4070
7778 0.1799
7779 0.2885
7780 0.3575
7781 0.1708
7782 0.1751
7783 0.2105
7784 0.2375
7785 0.2577
7786 0.1827
7787 0.2824
7788 0.1463
7789 0.3381
7790 0.2583
7791 0.2299
7792 0.3916
7793 0.1382
7794 0.2743
7795 0.4005
7796 0.1917
7797 0.1743
7798 0.3813
7799 0.1650
7800 0.3180
7801 0.1975
7802 0.1256
7803 0.2793
7804 0.1335
7805 0.1594
7806 0.1817
7807 0.3977
7808 0.6938
7809 0.3035
7810 0.1427
7811 0.4358
7812 0.1828
7813 0.3932
7814 0.6332
7815 0.2711
7816 1.2615
7817 0.1734
7818 0.1944
7819 0.2568
7820 0.2882
7821 0.3825
7822 0.2365
7823 0.6380
7824 0.1624
7825 0.1641
7826 0.1664
7827 0.2187
7828 0.3750
7829 0.3467
7830 0.4476
7831 0.6095
7832 0.1054
7833 0.3445
7834 0.2511
7835 0.1882
7836 0.3113
7837 0.2987
7838 0.3147
7839 0.2601
7840 0.1017
7841 0.1748
7842 0.4525
7843 0.2160
7844 0.2881
7845 0.3362
7846 0.1358
7847 0.7666
7848 0.2288
7849 0.2707
7850 0.3426
7851 0.2907
7852 0.2449
7853 0.1818
7854 0.3216
7855 0.2090
7856 0.1372
7857 0.3670
7858 0.2149
7859 0.2454
7860 0.1823
7861 0.1792
7862 0.2883
7863 0.2439
7864 0.1724
7865 0.5252
7866 0.4325
7867 0.1798
7868 0.7872
7869 0.1696
7870 0.6021
7871 0.4279
7872 0.5083
7873 0.3076
7874 0.1808
7875 0.3476
7876 0.1828
7877 0.9458
7878 0.2083
7879 0.3029
7880 0.1295
7881 0.3621
7882 0.1760
7883 0.1857
7884 0.1361
7885 0.9489
7886 0.3389
7887 0.3692
7888 0.1047
7889 0.4163
7890 0.1709
7891 0.2190
7892 0.1968
7893 0.4683
7894 0.2368
7895 0.4595
7896 0.3008
7897 0.2355
7898 0.3458
7899   NaN
7900 0.2550
7901 0.3607
7902 0.2371
7903 0.1831
7904 0.2104
7905 0.3982
7906 0.2159
7907 0.2085
7908 0.1508
7909 0.2788
7910 0.3866
7911 0.2565
7912 0.2054
7913 0.1663
7914 0.2566
7915 0.2044
7916 0.1529
7917 0.2989
7918 0.5765
7919 0.3228
7920 0.6441
7921 0.1557
7922 0.2188
7923 0.5141
7924 0.1948
7925 0.5009
7926 0.4142
7927 0.1681
7928 0.1405
7929 0.1900
7930 0.2647
7931 0.3651
7932 0.5209
7933 0.3572
7934 0.5981
7935 0.5316
7936 0.2828
7937 0.1854
7938 0.2626
7939 0.2247
7940 0.2383
7941 0.2608
7942 0.4432
7943 0.3351
7944 0.5163
7945 0.2283
7946 0.2096
7947 0.2254
7948 0.2860
7949 0.3181
7950 0.4288
7951 0.2167
7952 0.3572
7953 0.1713
7954 0.3871
7955 0.1543
7956 0.4815
7957 0.4024
7958 0.2081
7959 0.3829
7960 0.3465
7961 0.2597
7962 0.2619
7963 0.2529
7964 0.2446
7965 0.1784
7966 0.1778
7967 0.8524
7968 0.3521
7969 0.1666
7970 0.5760
7971 0.2081
7972 0.2675
7973 0.2768
7974 0.2083
7975 0.1769
7976 0.1860
7977 0.5171
7978 0.2952
7979 0.5358
7980 0.5109
7981 0.1494
7982 0.2233
7983 0.6852
7984 0.1597
7985 0.2242
7986 0.1643
7987 0.4758
7988 0.8091
7989 0.1874
7990 0.3301
7991 0.3628
7992 0.2379
7993 0.6407
7994 0.1733
7995 0.2626
7996 0.2010
7997 0.3917
7998 0.2550
7999 0.3743
8000 0.6118
8001 0.2184
8002 0.3299
8003 0.2966
8004 0.2647
8005 0.1799
8006 0.1169
8007 0.1707
8008 0.4553
8009 0.1313
8010 0.1917
8011 0.2198
8012 0.2255
8013 0.2037
8014 0.3118
8015 0.5582
8016 0.1677
8017 0.3792
8018 0.2949
8019 0.1921
8020 0.4724
8021 0.3769
8022 0.1696
8023 0.2361
8024 0.6222
8025 0.1248
8026 0.3605
8027 0.2754
8028 0.2509
8029 0.1427
8030 0.2750
8031 0.1383
8032 0.2281
8033 0.2015
8034 0.3510
8035 0.3025
8036 0.2103
8037 0.4134
8038 0.2516
8039 0.1787
8040 0.3227
8041 0.2455
8042 0.4555
8043 0.2655
8044 0.4900
8045 0.6016
8046 0.1284
8047 0.2679
8048 0.5818
8049 0.1812
8050 0.1450
8051 0.3513
8052 0.2965
8053 0.1280
8054 0.3164
8055 0.3128
8056 0.3771
8057 0.3531
8058 0.3917
8059 0.2525
8060 0.5602
8061 0.4277
8062 0.2088
8063 0.2980
8064 0.2697
8065 0.2582
8066 0.4818
8067 0.3238
8068 0.2809
8069 0.2010
8070 0.1328
8071 0.2539
8072 0.3335
8073 0.1472
8074 0.2977
8075 0.2718
8076 0.2119
8077 0.2298
8078 0.3121
8079 0.3009
8080 0.3566
8081 0.1772
8082 0.6308
8083 0.2516
8084 0.1647
8085 0.2137
8086 0.1435
8087 0.5688
8088 0.2172
8089 0.1493
8090 0.1934
8091 0.4183
8092 0.2854
8093 0.3524
8094 0.3715
8095 0.3209
8096 0.1365
8097 0.4677
8098 0.1920
8099 0.3817
8100 0.3190
8101 0.4195
8102 0.1545
8103 0.5299
8104 0.7311
8105 0.1842
8106 0.2748
8107 0.2157
8108 0.3794
8109 0.2702
8110 0.4170
8111 0.2460
8112 0.1947
8113 0.1988
8114 0.3461
8115 0.4911
8116 0.4061
8117 0.1445
8118 0.4152
8119 0.3310
8120 0.1708
8121 0.5190
8122 0.1647
8123 0.3597
8124 0.4101
8125 0.3949
8126 0.1882
8127 0.5778
8128 0.7754
8129 0.1725
8130 0.1757
8131 0.2418
8132 0.2451
8133 0.2751
8134 0.1433
8135 0.4208
8136 0.5289
8137 0.1903
8138 0.2253
8139 0.3317
8140 0.2375
8141 0.4175
8142 0.1921
8143 0.1531
8144 0.2655
8145 0.3949
8146 0.1729
8147 0.7317
8148 0.5531
8149 0.1917
8150 0.3438
8151 0.1264
8152 0.3586
8153 0.2245
8154 0.1900
8155 0.1825
8156 0.4071
8157 0.3447
8158 2.6509
8159 0.1520
8160 0.8077
8161 0.3857
8162 0.1510
8163 0.4259
8164 1.1067
8165 0.2685
8166 0.2147
8167 0.1080
8168 0.1747
8169 0.3228
8170 0.1575
8171 0.5992
8172 0.1674
8173 0.6728
8174 0.3583
8175 0.2015
8176 0.3319
8177 0.1870
8178 0.2282
8179 0.4236
8180 0.2445
8181 0.7273
8182 0.4853
8183 0.3635
8184 0.1255
8185 0.1580
8186 0.1718
8187 0.1990
8188 0.1502
8189 0.1799
8190 0.4979
8191 0.2294
8192 0.3895
8193 0.1220
8194 0.2070
8195 0.1303
8196 0.4441
8197 0.2268
8198 0.2552
8199 0.2065
8200 0.3264
8201 0.1496
8202 0.3179
8203 0.3591
8204 0.2246
8205 0.2673
8206 0.3928
8207 0.3077
8208 0.2069
8209 0.3683
8210 0.1538
8211 0.4395
8212 0.2475
8213 0.1639
8214 0.8728
8215 0.9100
8216 0.3900
8217 0.1958
8218 0.2148
8219 0.2832
8220 0.2012
8221 0.4408
8222 0.2450
8223 0.3926
8224 0.4322
8225 0.5066
8226 0.2708
8227 0.2677
8228 0.1693
8229 0.2287
8230 0.1437
8231 0.2413
8232 0.1315
8233 0.3275
8234 0.1818
8235 0.2635
8236 0.2260
8237 0.6177
8238 0.3580
8239 0.2704
8240 0.3122
8241 0.1908
8242 0.1934
8243 0.4288
8244 0.2092
8245 0.1896
8246 0.2313
8247 0.1670
8248 0.3327
8249 0.3093
8250 0.2704
8251 0.1591
8252 0.2292
8253 0.3922
8254 0.2326
8255 0.1591
8256 0.2507
8257 0.2634
8258 0.1428
8259 0.4342
8260 0.2909
8261 0.2024
8262 0.2649
8263 0.2493
8264 0.4327
8265 0.2338
8266 0.4848
8267 0.1652
8268 0.5306
8269 0.2980
8270 0.4429
8271 0.3476
8272 0.1936
8273 0.2111
8274 1.3794
8275 0.4812
8276 0.1684
8277 0.2545
8278 0.1875
8279 0.3672
8280 0.2310
8281 0.1611
8282 0.4293
8283 0.3195
8284 0.5351
8285 0.2090
8286 0.2615
8287 0.2883
8288 0.3559
8289 0.2937
8290 0.1269
8291 0.2074
8292 0.1628
8293 0.2725
8294 0.1310
8295 0.2508
8296 0.2174
8297 0.2099
8298 0.2764
8299 0.2314
8300 0.2820
8301 0.1196
8302 0.4526
8303 0.1506
8304 0.4933
8305 0.3737
8306 0.6422
8307 0.3579
8308 0.2999
8309 0.2530
8310 0.3017
8311 0.2695
8312 0.6619
8313 0.2399
8314 0.5444
8315 0.3986
8316 0.4004
8317 0.6782
8318 0.1236
8319 0.4081
8320 0.1996
8321 0.1829
8322 0.6566
8323 0.1943
8324 0.2264
8325 0.1951
8326 0.2699
8327 1.0215
8328 0.1667
8329 0.2432
8330 0.2659
8331 0.2492
8332 0.2187
8333 0.1843
8334 0.1394
8335 1.1920
8336 0.1087
8337 0.1501
8338 0.2400
8339 0.1417
8340 0.2038
8341 0.7829
8342 0.4213
8343 0.1638
8344 0.3222
8345 0.1520
8346 0.1559
8347 0.5822
8348 0.2119
8349 0.5149
8350 0.3761
8351 0.7288
8352 0.2415
8353 0.4446
8354 0.2443
8355 0.2294
8356 0.1568
8357 0.3220
8358 0.4847
8359 0.4030
8360 0.1018
8361 0.1423
8362 0.1992
8363 0.1759
8364 0.2026
8365 0.4987
8366 0.4861
8367 0.7616
8368 0.2087
8369 0.8343
8370 0.2795
8371 0.3322
8372 0.2715
8373 0.1294
8374 0.2675
8375 0.1862
8376 0.2191
8377 0.2073
8378 1.1559
8379 0.2186
8380 0.2678
8381 0.2592
8382 0.1232
8383 0.3999
8384 0.2705
8385 0.2256
8386 0.2982
8387 0.4409
8388 0.1831
8389 0.2157
8390 0.3683
8391 0.2430
8392 0.4186
8393 0.1983
8394 0.2079
8395 0.4379
8396 0.1673
8397 0.5038
8398 0.2089
8399 0.2888
8400 0.4335
8401 0.4156
8402 0.2081
8403 0.1601
8404 0.2181
8405 0.2614
8406 0.1238
8407 0.4151
8408 0.3632
8409 0.1915
8410 0.3149
8411 0.4275
8412 0.4225
8413 0.3376
8414 0.1700
8415 0.3742
8416 0.2331
8417 0.1840
8418 0.1943
8419 0.2996
8420 0.2177
8421 0.1325
8422 0.6121
8423 0.3277
8424 0.2592
8425 0.1599
8426 0.2777
8427 0.2105
8428 0.4184
8429 0.9293
8430 1.1211
8431 0.3974
8432 0.1996
8433 0.6925
8434 0.1696
8435 0.2050
8436 0.6986
8437 0.2153
8438 0.2017
8439 0.2672
8440 0.1210
8441 0.3170
8442 0.2231
8443 0.7121
8444 0.1551
8445 0.4485
8446 0.8079
8447 0.1428
8448 0.8503
8449 0.1927
8450 0.6507
8451 0.2054
8452 0.3198
8453 0.1624
8454 0.1885
8455 0.1348
8456 0.4088
8457 1.0291
8458 0.1804
8459 0.1388
8460 0.1808
8461 0.2682
8462 0.2492
8463 0.2717
8464 0.2015
8465 0.2936
8466 0.1601
8467 0.3946
8468 0.1510
8469 0.4215
8470 0.3263
8471 0.3379
8472 0.1367
8473 0.3801
8474 0.1535
8475 0.1531
8476 0.6320
8477 0.7649
8478 0.2029
8479 0.4807
8480 0.1588
8481 0.2933
8482 0.3775
8483 0.2201
8484 0.6295
8485 0.2701
8486 0.3332
8487 1.0605
8488 0.2308
8489 0.1824
8490 0.2405
8491 0.2372
8492 0.4901
8493 0.7590
8494 0.2729
8495 0.2306
8496 0.3105
8497 0.2254
8498 0.1989
8499 0.1910
8500 0.2053
8501 0.3052
8502 0.3168
8503 0.1933
8504 0.3777
8505 0.7209
8506 0.2074
8507 0.2192
8508 0.3230
8509 0.6983
8510 0.4542
8511 0.1434
8512 0.1503
8513 0.1761
8514 0.2354
8515 0.2713
8516 0.1780
8517 0.1351
8518 0.1531
8519 0.1628
8520 0.2236
8521 0.2197
8522 0.3700
8523 0.1652
8524 0.2595
8525 0.3988
8526 0.2562
8527 0.1208
8528 0.2384
8529 0.4185
8530 0.1960
8531 0.2326
8532 0.2998
8533 0.6252
8534 0.2167
8535 0.5360
8536 0.4663
8537 0.2063
8538 0.3486
8539 0.2130
8540 0.1915
8541 0.2927
8542 0.1365
8543 0.3360
8544 0.2625
8545 0.1606
8546 1.8647
8547 0.2294
8548 0.1536
8549 0.9722
8550 0.1652
8551 0.2130
8552 0.1658
8553 0.1337
8554 0.1852
8555 0.1852
8556 0.2854
8557 0.2765
8558 0.3225
8559 0.1269
8560 0.6461
8561 0.6110
8562 0.4616
8563 0.1873
8564 0.1923
8565 0.1604
8566 0.1403
8567 0.4090
8568 0.1288
8569 0.1808
8570 0.4477
8571 0.1634
8572 0.1339
8573 0.2096
8574 0.3066
8575 0.1684
8576 0.4128
8577 0.1651
8578 0.2495
8579 0.3007
8580 0.2246
8581 0.1668
8582 0.2951
8583 0.2695
8584 0.3232
8585 0.3238
8586 0.3730
8587 0.1633
8588 0.2155
8589 0.5735
8590 0.4678
8591 0.2330
8592 0.1607
8593 0.2303
8594 0.2112
8595 0.1231
8596 0.1965
8597 0.2680
8598 0.3019
8599 0.3574
8600 0.5499
8601 0.4152
8602 0.3280
8603 0.4824
8604 1.2078
8605 0.1746
8606 0.2017
8607 0.1906
8608 0.3153
8609 0.3402
8610 0.6636
8611 0.2867
8612 0.1749
8613 0.3603
8614 0.1778
8615 0.3759
8616 0.3213
8617 0.2438
8618 0.1703
8619 0.2681
8620 0.3865
8621 0.1782
8622 0.1583
8623 0.3433
8624 0.2203
8625 0.1876
8626 0.3706
8627 1.1343
8628 0.1696
8629 0.6856
8630 0.3401
8631 0.3225
8632 0.3756
8633 0.2664
8634 0.1580
8635 0.1950
8636 0.1769
8637 0.5262
8638 0.2925
8639 0.3210
8640 0.2173
8641 0.1983
8642 0.3465
8643 0.1534
8644 0.2822
8645 0.9782
8646 0.1861
8647 0.3420
8648 0.4493
8649 0.2377
8650 0.1978
8651 0.3441
8652 0.3265
8653 0.3987
8654 0.6632
8655 0.3027
8656 0.2013
8657 0.2500
8658 0.1462
8659 0.1808
8660 0.1888
8661 0.1720
8662 0.1914
8663 0.1430
8664 0.2833
8665 0.2761
8666 0.4937
8667 0.1746
8668 0.7878
8669 0.2104
8670 0.2176
8671 0.4036
8672 0.2134
8673 0.2245
8674 0.1272
8675 0.2767
8676 0.1361
8677 0.1967
8678 0.3630
8679 0.1814
8680 0.4950
8681 0.1554
8682 0.3515
8683 0.3482
8684 0.3705
8685 0.1947
8686 0.2155
8687 0.3340
8688 0.1668
8689 0.4040
8690 0.2110
8691 0.3976
8692 0.1269
8693 0.1573
8694 0.2576
8695 0.3689
8696 0.2626
8697 0.3825
8698 0.2646
8699 0.2427
8700 0.1336
8701 0.3806
8702 0.3727
8703 0.3270
8704 0.4456
8705 0.2859
8706 0.1950
8707 0.5792
8708 0.7190
8709 0.6017
8710 0.2021
8711 0.2092
8712 0.3181
8713 0.1939
8714 0.3136
8715 0.2423
8716 0.6906
8717 0.2352
8718 0.3334
8719 0.2309
8720 0.1594
8721 0.2635
8722 0.3134
8723 0.1899
8724 0.8717
8725 0.2597
8726 0.2991
8727 0.2406
8728 0.2631
8729 0.4997
8730 0.1832
8731 0.4571
8732 0.3947
8733 0.1944
8734 0.2200
8735 0.2528
8736 0.1805
8737 0.2750
8738 0.2905
8739 0.1676
8740 0.2448
8741 0.4175
8742 0.2817
8743 0.1582
8744 0.3001
8745 0.3306
8746 0.1742
8747 0.3531
8748 0.1785
8749 0.1867
8750 0.3641
8751 0.2968
8752 0.1768
8753 0.3065
8754 0.1635
8755 0.6087
8756 0.7869
8757 0.2494
8758 0.1969
8759 0.1590
8760 0.1314
8761 0.3263
8762 0.2159
8763 0.1833
8764 0.3649
8765 0.3258
8766 0.2845
8767 0.2206
8768 0.1708
8769 0.2139
8770 0.3129
8771 0.1498
8772 0.1574
8773 0.3518
8774 0.1680
8775 0.4336
8776 0.1724
8777 0.4506
8778 0.2193
8779 0.3111
8780 0.2663
8781 0.1800
8782 0.1131
8783 0.1657
8784 0.1684
8785 0.4917
8786 0.3775
8787 0.1360
8788 0.3593
8789 0.4441
8790 0.3620
8791 0.2100
8792 0.1882
8793 0.2087
8794 0.3134
8795 0.2041
8796 0.2306
8797 0.1803
8798 0.1546
8799 0.2221
8800 0.3634
8801 0.3723
8802 0.1846
8803 0.2415
8804 0.2213
8805 0.2331
8806 0.2143
8807 0.2202
8808 0.1795
8809 0.1741
8810 0.2219
8811 0.2779
8812 0.3979
8813 0.3379
8814 0.3142
8815 0.3823
8816 0.5063
8817 0.3684
8818 0.2506
8819 0.2373
8820 0.2389
8821 0.2359
8822 0.3770
8823 0.2221
8824 0.4094
8825 0.3839
8826 0.4888
8827 0.4022
8828 0.7329
8829 0.2075
8830 0.4193
8831 0.1726
8832 0.1469
8833 0.3173
8834 0.1161
8835 0.3679
8836 0.1813
8837 0.1466
8838 0.3479
8839 0.3866
8840 0.1784
8841 0.2239
8842 0.1641
8843 0.1584
8844 0.2670
8845 0.3414
8846 0.2730
8847 0.4498
8848 0.1467
8849 0.1272
8850 0.5073
8851 0.2110
8852 0.2249
8853 0.2151
8854 0.3993
8855 0.3118
8856 0.2082
8857 0.2097
8858 0.5688
8859 0.2748
8860 0.1635
8861 0.1803
8862 0.3442
8863 0.7846
8864 0.2669
8865 0.5196
8866 0.2227
8867 0.1921
8868 1.0264
8869 0.2640
8870 0.4327
8871 0.1394
8872 0.5501
8873 0.1936
8874 0.1648
8875 0.1637
8876 0.2102
8877 0.3376
8878 0.1745
8879 0.3202
8880 0.3286
8881 0.2286
8882 0.1865
8883 0.1782
8884 0.4292
8885 0.1633
8886 0.4661
8887 0.4110
8888 0.2889
8889 0.1455
8890 0.1468
8891 0.3546
8892 0.4868
8893 0.2330
8894 0.4331
8895 0.2796
8896 0.1432
8897 0.1349
8898 0.4356
8899 0.1793
8900 0.2783
8901 0.1898
8902 0.3827
8903 0.1967
8904 0.2787
8905 0.6987
8906 0.2463
8907 0.3860
8908 0.3767
8909 0.2078
8910 0.2233
8911 0.1580
8912 0.1035
8913 0.3021
8914 0.4382
8915 0.1692
8916 0.4215
8917 0.1944
8918 0.2950
8919 0.1381
8920 0.2773
8921 0.3627
8922 0.4288
8923 0.1723
8924 0.2224
8925 0.2854
8926 0.1818
8927 0.5684
8928 0.4965
8929 0.1809
8930 0.1846
8931 0.1412
8932 0.6292
8933 0.2356
8934 0.3071
8935 0.4712
8936 0.4508
8937 0.2464
8938 0.4433
8939 0.4932
8940 0.1514
8941 0.1072
8942 0.5744
8943 0.2285
8944 0.2066
8945 0.5653
8946 0.1597
8947 0.4814
8948 0.4160
8949 0.1886
8950 0.4370
8951 0.2412
8952 0.1290
8953 0.6166
8954 0.2716
8955 1.3680
8956 0.2733
8957 0.2139
8958 0.1663
8959 0.4502
8960 0.5694
8961 0.2043
8962 0.2801
8963 0.2228
8964 0.2228
8965 0.5300
8966 0.2497
8967 0.2362
8968 0.3717
8969 0.1771
8970 0.2184
8971 0.3558
8972 0.1430
8973 0.1773
8974 0.2580
8975 0.2343
8976 0.3877
8977 0.2018
8978 0.2537
8979 0.2190
8980 0.4253
8981 0.3700
8982 0.1975
8983 0.4320
8984 0.3079
8985 0.2176
8986 0.1722
8987 0.1986
8988 0.3173
8989 0.1881
8990 0.2620
8991 0.3146
8992 0.4368
8993 0.2328
8994 0.3221
8995 0.1697
8996 0.1684
8997 0.1338
8998 0.3705
8999 0.1728
9000 0.1818
9001 0.1603
9002 0.4061
9003 0.3157
9004 0.3366
9005 0.2021
9006 0.2363
9007 0.2470
9008 0.5592
9009 0.2069
9010 0.1420
9011 0.1687
9012 0.3383
9013 0.4373
9014 0.2345
9015 0.2749
9016 0.1161
9017 0.1375
9018 0.1473
9019 0.1768
9020 0.1783
9021 0.5704
9022 0.1586
9023 0.1656
9024 0.4540
9025 0.5961
9026 0.1643
9027 0.1286
9028 0.4810
9029 0.1788
9030 0.2743
9031 0.2192
9032 0.3782
9033 0.2562
9034 0.3617
9035 0.1495
9036 0.1000
9037 0.3673
9038 0.5249
9039 0.3126
9040 0.1153
9041 0.6042
9042 1.0472
9043 0.3942
9044 0.2218
9045 0.1167
9046 0.1344
9047 0.5191
9048 0.1760
9049 0.1855
9050 0.3924
9051 0.2222
9052 0.5198
9053 0.3381
9054 0.2293
9055 0.2514
9056 0.2332
9057 0.5211
9058 0.1861
9059 0.3226
9060 0.2314
9061 0.2180
9062 0.2564
9063 0.1768
9064 0.1593
9065 0.1183
9066 0.2729
9067 0.2009
9068 0.6283
9069 0.5623
9070 0.2643
9071 0.1853
9072 0.1742
9073 0.2545
9074 0.2018
9075 0.8355
9076 0.7025
9077 0.3019
9078 0.2368
9079 0.1680
9080 0.1520
9081 0.2135
9082 0.2352
9083 0.1092
9084 0.3020
9085 0.2398
9086 0.1943
9087 0.1827
9088 0.1507
9089 0.2158
9090 0.1496
9091 0.4283
9092 0.2022
9093 0.4344
9094 0.2594
9095 0.2139
9096 0.2115
9097 0.4911
9098 0.2428
9099 0.2646
9100 0.2098
9101 0.3243
9102 0.1463
9103 0.2103
9104 0.7684
9105 0.1895
9106 0.3651
9107 0.4658
9108 0.9247
9109 0.2371
9110 0.1594
9111 0.2730
9112 0.1535
9113 0.2676
9114 0.2608
9115 0.2471
9116 0.2535
9117 0.1441
9118 0.3490
9119 0.1574
9120 0.3383
9121 0.3850
9122 0.5215
9123 0.7057
9124 0.3636
9125 0.3447
9126 0.3020
9127 0.1659
9128 0.2329
9129 0.3219
9130 0.1943
9131 0.5191
9132 0.4878
9133 0.1461
9134 0.2439
9135 0.2232
9136 0.5719
9137 0.2866
9138 0.2597
9139 0.2816
9140 0.3328
9141 0.1863
9142 0.2860
9143 0.6603
9144 0.3512
9145 0.3557
9146 0.2998
9147 0.4654
9148 0.1831
9149 0.1670
9150 0.1715
9151 0.1803
9152 0.1399
9153 0.2413
9154 0.3262
9155 0.4176
9156 0.2543
9157 0.5282
9158 2.0267
9159 0.4190
9160 1.3843
9161 0.1584
9162 0.3591
9163 0.1822
9164 0.3573
9165 0.1582
9166 0.3439
9167 0.2149
9168 0.2518
9169 0.2055
9170 0.2740
9171 0.2453
9172 0.3775
9173 0.2063
9174 0.2744
9175 0.2548
9176 0.1537
9177 0.3231
9178 0.1648
9179 0.2084
9180 0.4779
9181 0.2511
9182 0.1567
9183 0.5588
9184 0.2481
9185 0.4163
9186 0.3784
9187 0.6104
9188 0.1706
9189 0.3574
9190 0.4399
9191 0.3095
9192 0.2600
9193 0.4237
9194 1.0440
9195 0.2238
9196 0.1712
9197 0.6586
9198 0.1676
9199 0.5924
9200 0.2045
9201 0.2558
9202 0.2558
9203 0.2936
9204 0.1822
9205 0.3490
9206 0.2718
9207 0.1847
9208 0.2621
9209 0.5678
9210 0.2417
9211 0.3644
9212 0.5220
9213 0.1594
9214 0.1547
9215 0.2233
9216 0.2583
9217 0.3256
9218 0.5057
9219 0.3522
9220 0.2298
9221 0.4729
9222 0.5532
9223 0.2518
9224 0.4009
9225 0.2115
9226 0.5029
9227 0.3547
9228 0.1874
9229 0.4518
9230 0.1915
9231 0.2590
9232 0.3101
9233 0.4534
9234 0.2763
9235 0.3236
9236 0.1265
9237 0.8248
9238 0.1949
9239 0.2330
9240 0.1681
9241 0.2045
9242 0.2306
9243 0.3093
9244 0.1545
9245 0.1500
9246 0.2884
9247 0.2382
9248 0.1549
9249 0.2596
9250 0.2298
9251 0.1228
9252 0.1132
9253 0.2414
9254 0.1904
9255 0.3506
9256 0.1919
9257 0.2651
9258 0.3628
9259 0.2456
9260 0.1759
9261 0.1766
9262 1.1261
9263 0.2643
9264 0.2216
9265 0.3257
9266 0.2297
9267 0.1940
9268 0.2454
9269 0.4372
9270 0.4540
9271 0.2054
9272 0.6145
9273 0.3830
9274 0.1779
9275 1.0106
9276 0.2713
9277 0.1630
9278 0.1259
9279 0.2044
9280 0.1419
9281 0.3337
9282 0.5254
9283 0.4266
9284 0.2778
9285 0.1556
9286 0.2064
9287 0.1274
9288 0.2145
9289 0.1697
9290 0.3368
9291 0.2577
9292 0.1995
9293 0.2080
9294 0.1839
9295 0.2628
9296 0.2783
9297 0.2316
9298 0.4469
9299 0.5606
9300 0.2985
9301 0.5133
9302 0.2093
9303 0.3281
9304 0.5470
9305 0.3397
9306 0.3755
9307 0.1730
9308 0.1950
9309 0.2217
9310 0.2136
9311 0.1154
9312 0.1628
9313 0.2251
9314 0.5048
9315 0.4276
9316 0.5484
9317 0.5794
9318 0.2084
9319 0.1638
9320 0.3569
9321 0.4834
9322 0.1824
9323 0.4264
9324 0.2010
9325 0.2102
9326 0.1265
9327 0.2179
9328 0.1563
9329 0.2963
9330 0.4505
9331 0.1900
9332 0.4940
9333 0.1488
9334 0.1545
9335 0.4749
9336 0.2592
9337 0.1808
9338 0.1641
9339 0.2624
9340 2.9747
9341 0.2028
9342 0.1345
9343 0.3010
9344 0.1959
9345 0.1769
9346 0.1945
9347 0.4075
9348 0.1732
9349 0.1181
9350 1.3359
9351 0.5060
9352 0.1687
9353 0.4150
9354 0.1818
9355 0.1851
9356 0.2710
9357 0.2300
9358 0.4711
9359 0.3274
9360 0.2439
9361 0.1715
9362 0.3196
9363 0.3612
9364 0.6843
9365 0.3711
9366 0.3267
9367 0.2552
9368 0.2394
9369 0.2709
9370 0.1810
9371 0.5871
9372 0.1313
9373 0.6367
9374 0.6148
9375 0.1783
9376 0.4737
9377 0.3920
9378 0.3079
9379 0.1629
9380 0.3162
9381 0.1751
9382 0.2545
9383 0.2322
9384 0.2116
9385 0.2018
9386 0.2332
9387 0.2386
9388 0.3689
9389 0.3875
9390 0.1801
9391 0.2213
9392 0.2091
9393 0.3373
9394 0.1995
9395 0.1711
9396 0.2359
9397 0.3412
9398 0.2221
9399 0.2241
9400 0.2409
9401 0.6315
9402 0.1541
9403 0.1712
9404 0.1659
9405 1.0159
9406 0.2900
9407 0.4412
9408 0.4790
9409 0.2389
9410 0.2125
9411 0.1617
9412 0.2682
9413 0.3393
9414 0.2845
9415 0.2292
9416 0.1596
9417 0.2174
9418 0.2995
9419 0.3583
9420 0.2336
9421 0.2133
9422 0.3757
9423 0.3521
9424 0.2254
9425 0.2576
9426 0.5179
9427 0.1640
9428 0.1645
9429 0.2005
9430 0.2234
9431 0.2750
9432 0.2509
9433 0.1643
9434 0.4016
9435 0.3464
9436 0.3221
9437 0.1673
9438 0.2377
9439 0.1774
9440 0.4387
9441 0.3771
9442 0.3079
9443 0.1968
9444 0.3257
9445 0.2214
9446 0.2130
9447 0.4815
9448 0.6692
9449 0.4222
9450 0.4532
9451 0.2409
9452 0.2543
9453 0.2866
9454 0.2782
9455 0.3506
9456 0.1523
9457 0.8688
9458 0.2346
9459 0.2662
9460 0.6205
9461 0.2728
9462 0.4947
9463 0.4361
9464 0.6346
9465 0.1079
9466 0.1956
9467 0.2839
9468 0.2608
9469 0.2101
9470 0.1842
9471 0.2448
9472 0.1378
9473 0.5258
9474 0.1789
9475 0.2572
9476 0.1995
9477 0.1771
9478 0.1613
9479 0.1187
9480 0.2756
9481 0.2984
9482 0.2179
9483 0.1136
9484 0.2411
9485 0.1793
9486 0.4342
9487 0.2194
9488 0.1814
9489 0.4174
9490 0.1826
9491 0.3408
9492 0.1721
9493 0.1962
9494 0.6030
9495 0.4801
9496 0.2408
9497 0.1863
9498 0.3107
9499 0.5057
9500 0.4718
9501 0.3155
9502 0.1468
9503 0.1466
9504 0.2793
9505 0.1705
9506 0.4534
9507 0.2097
9508 0.3509
9509 0.2510
9510 0.6417
9511 0.1663
9512 0.2728
9513 0.2148
9514 0.2815
9515 0.2681
9516 0.2731
9517 0.6479
9518 0.2601
9519 0.1971
9520 0.2727
9521 0.1638
9522 0.1403
9523 1.0023
9524 0.2239
9525 0.2285
9526 0.1735
9527 0.1973
9528 0.4643
9529 0.3475
9530 0.1860
9531 0.2186
9532 0.1719
9533 0.3183
9534 0.1910
9535 0.1935
9536 0.2726
9537 0.2588
9538 0.1454
9539 0.1848
9540 0.7383
9541 0.3946
9542 0.3592
9543 0.1847
9544 0.3888
9545 0.1564
9546 0.9153
9547 0.1809
9548 0.3606
9549 0.2589
9550 0.2299
9551 0.2364
9552 0.2123
9553 0.1671
9554 0.6260
9555 0.4886
9556   NaN
9557 0.4433
9558 0.2539
9559 0.5219
9560 0.6122
9561 0.1764
9562 0.2829
9563 0.3639
9564 0.1440
9565 0.2235
9566 0.2632
9567 0.3118
9568 0.1946
9569 0.2629
9570 0.1445
9571 0.1669
9572 0.2600
9573 1.6140
9574 1.3526
9575 0.1697
9576 0.4515
9577 0.2568
9578 0.2104
9579 0.5313
9580 0.4557
9581 0.2763
9582 1.5169
9583 0.1739
9584 0.2139
9585 0.4172
9586 0.0961
9587 0.3037
9588 0.2696
9589 0.1397
9590 0.3090
9591 0.2743
9592 0.2760
9593 0.2427
9594 0.3384
9595 0.2457
9596 0.3928
9597 0.4088
9598 0.3861
9599 0.1709
9600 0.1596
9601 1.1974
9602 0.1641
9603 0.1697
9604 0.2298
9605 0.2197
9606 0.2020
9607 0.2038
9608 0.6273
9609 0.3771
9610 0.4336
9611 0.2487
9612 0.2815
9613 0.3605
9614 0.4406
9615 0.2786
9616 0.2226
9617 0.1999
9618 0.1436
9619 0.4553
9620 0.1755
9621 0.1915
9622 0.2229
9623 0.2351
9624 0.1988
9625 0.5417
9626 0.3462
9627 0.1795
9628 0.1648
9629 0.2848
9630 0.5431
9631 0.2501
9632 0.1332
9633 0.2178
9634 0.2161
9635 0.7992
9636 0.1792
9637 0.2986
9638 0.2114
9639 0.4764
9640 0.5808
9641 0.7641
9642 0.3714
9643 0.1145
9644 0.3826
9645 0.3302
9646 0.2121
9647 0.4294
9648 0.2107
9649 0.1575
9650 0.2071
9651 0.2211
9652 0.3181
9653 0.2109
9654 0.3110
9655 0.2462
9656 0.2400
9657 0.2045
9658 0.2090
9659 0.1943
9660 0.2176
9661 0.4368
9662 0.1895
9663 0.2187
9664 0.2633
9665 0.1917
9666 0.6093
9667 0.1542
9668 0.2490
9669 0.1850
9670 0.1888
9671 0.1461
9672 0.3241
9673 0.1759
9674 0.1962
9675 0.5250
9676 0.1914
9677 0.5427
9678 0.2934
9679 0.1459
9680 0.1515
9681 0.2518
9682 0.1370
9683 0.2156
9684 0.2086
9685 0.6871
9686 0.3786
9687 0.1764
9688 0.5836
9689 0.3087
9690 0.1157
9691 0.1464
9692 0.1815
9693 0.2892
9694 0.1446
9695 0.2801
9696 0.3545
9697 0.2005
9698 1.3460
9699 0.2207
9700 0.2598
9701 0.1469
9702 0.5468
9703 0.3477
9704 0.2023
9705 0.1615
9706 0.3157
9707 0.3385
9708 1.2865
9709 0.1386
9710 0.1737
9711 0.3430
9712 0.4080
9713 0.2584
9714 0.2390
9715 0.2191
9716 0.2955
9717 0.2076
9718 0.1422
9719 0.2320
9720 0.3646
9721 0.1930
9722 0.2603
9723 0.3329
9724 0.5366
9725 0.3074
9726 0.1535
9727 0.1427
9728 0.5760
9729 0.3770
9730 0.3337
9731 0.2206
9732 0.7070
9733 0.1909
9734 0.6928
9735 0.1468
9736 0.1861
9737 0.1414
9738 0.2474
9739 0.1049
9740 0.3334
9741 0.1894
9742 0.1359
9743 0.1671
9744 0.2251
9745 0.1852
9746 0.2322
9747 0.2414
9748 1.0058
9749 0.2993
9750 0.1374
9751 0.2312
9752 0.3608
9753 0.3383
9754 0.4606
9755 0.2974
9756 0.1884
9757 0.2528
9758 0.1621
9759 0.4939
9760 0.2787
9761 0.3255
9762 0.2355
9763 0.3338
9764 0.2380
9765 0.4874
9766 0.2935
9767 0.2141
9768 0.4675
9769 0.4596
9770 0.1786
9771 0.1461
9772 0.1651
9773 0.2611
9774 0.1154
9775 0.3379
9776 0.1925
9777 0.1336
9778 0.4065
9779 0.1553
9780 0.1801
9781 0.3996
9782 0.2554
9783 0.3638
9784 0.1811
9785 0.1403
9786 0.3583
9787 0.1898
9788 0.2195
9789 0.2573
9790 0.1958
9791 0.3072
9792 0.2414
9793 0.1902
9794 0.1629
9795 0.4756
9796 0.2479
9797 0.5687
9798 0.1986
9799 0.1970
9800 0.2412
9801 0.1909
9802 0.4031
9803 0.2907
9804 0.2983
9805 0.2019
9806 0.1612
9807 0.5302
9808 0.1520
9809 0.3054
9810 0.2399
9811 0.2199
9812 0.3432
9813 0.1621
9814 0.3756
9815 0.4325
9816 0.1933
9817 0.4608
9818 0.1821
9819 0.2248
9820 0.1775
9821 0.2655
9822 0.3971
9823 0.2127
9824 0.4389
9825 0.4710
9826 0.3454
9827 0.2594
9828 0.1410
9829 0.2993
9830 0.1951
9831 0.3083
9832 0.1429
9833 0.1895
9834 0.1508
9835 0.2581
9836 0.2605
9837 0.4079
9838 0.1626
9839 0.6034
9840 0.7002
9841 0.4894
9842 0.1933
9843 0.1891
9844 0.1405
9845 0.4341
9846 0.6346
9847 0.4937
9848 0.1959
9849 0.1782
9850 0.6285
9851 0.1205
9852 0.3166
9853 0.3969
9854 0.1342
9855 0.2411
9856 0.4971
9857 0.2020
9858 0.5281
9859 0.5268
9860 0.1324
9861 0.1924
9862 0.2487
9863 0.2533
9864 0.4473
9865 0.2707
9866 0.3327
9867 0.1656
9868 0.1767
9869 0.1362
9870 0.1481
9871 0.4642
9872 0.5285
9873 0.4651
9874 0.2217
9875 0.2892
9876 0.2729
9877 0.1822
9878 0.1688
9879 0.4185
9880 0.1680
9881 0.2933
9882 0.1450
9883 0.2473
9884 0.5204
9885 0.5552
9886 0.5152
9887 0.1199
9888 0.3633
9889 0.2621
9890 0.1439
9891 0.2475
9892 0.3267
9893 0.1791
9894 0.4076
9895 0.2637
9896 0.1049
9897 0.3203
9898 0.8540
9899 0.1435
9900 0.4972
9901 0.4645
9902 0.3019
9903 0.3552
9904 0.1563
9905 0.1442
9906 0.3486
9907 1.3482
9908 0.2404
9909 0.2688
9910 0.2647
9911 0.7189
9912 0.1699
9913 0.1949
9914 0.7802
9915 0.1858
9916 0.5309
9917 0.1862
9918 0.3408
9919 0.2265
9920 0.4025
9921 0.4068
9922 0.4666
9923 0.2257
9924 0.1854
9925 0.3071
9926 0.2013
9927 0.4008
9928 0.2092
9929 0.1889
9930 0.2159
9931 0.3201
9932 0.1604
9933 0.4012
9934 0.2592
9935 0.4039
9936 0.5959
9937 1.0862
9938 0.3622
9939 0.2512
9940 0.8976
9941 0.2076
9942 0.3497
9943 0.3282
9944 0.5290
9945 0.1788
9946 0.2153
9947 0.2236
9948 0.2217
9949 0.2543
9950 0.1804
9951 0.7949
9952 0.1926
9953 0.3754
9954 0.3991
9955 0.2208
9956 0.8939
9957 0.3557
9958 0.1934
9959 0.5381
9960 0.4055
9961 0.1987
9962 0.2023
9963 0.3039
9964 0.2575
9965 0.1673
9966 0.1493
9967 0.1670
9968 0.2810
9969 0.4588
9970 0.1894
9971 0.1921
9972 0.1495
9973 0.1993
9974 0.2845
9975 0.2151
9976 0.3022
9977 0.3640
9978 0.2019
9979 0.2124
9980 0.5303
9981 0.1414
9982 0.2283
9983 0.1464
9984 0.3268
9985 0.2677
9986 0.3017
9987 0.4421
9988 0.4419
9989 0.1504
9990 0.1861
9991 0.2968
9992 0.2331
9993 0.2033
9994 0.2956
9995 0.1386
9996 0.2332
9997 0.1688
9998 0.3366
9999 0.1415
10000 0.2105
