7501 1.6537
7502 0.6062
7503 3.6635
7504 5.5141
7505 2.1466
7506 1.2434
7507 3.4135
7508 11.7402
7509 0.9513
7510 7.8138
7511 5.1166
7512 1.9865
7513 2.3232
7514 3.2110
7515 0.6448
7516 3.0083
7517 15.3119
7518 1.9830
7519 2.0523
7520 0.5857
7521 2.0147
7522 2.0319
7523 7.0316
7524 3.1522
7525 1.4246
7526 0.5756
7527 1.5174
7528 2.1370
7529 1.5228
7530 0.5319
7531 0.8115
7532 1.5160
7533 0.1635
7534 2.1444
7535 0.7240
7536 1.6911
7537 4.0976
7538 3.1628
7539 0.5470
7540 1.7017
7541 1.2677
7542 1.1778
7543 22.6236
7544 0.3338
7545 11.0329
7546 2.9375
7547 3.6217
7548 2.8871
7549 0.6309
7550 1.5975
7551 1.2177
7552 0.9005
7553 1.9630
7554 1.2602
7555 1.6330
7556 2.3077
7557 3.6330
7558 1.2604
7559 1.4191
7560 0.4781
7561 0.6022
7562 1.0414
7563 2.9826
7564 1.6349
7565 0.6821
7566 0.7837
7567 0.7601
7568 0.9874
7569 0.3213
7570 0.2337
7571 0.8201
7572 15.3748
7573 1.3366
7574 0.3029
7575 1.3959
7576 0.2012
7577 4.6430
7578 0.2734
7579 0.6164
7580 6.2924
7581 2.3391
7582 4.0365
7583 10.4031
7584 2.1057
7585 4.1368
7586 2.5036
7587 0.4216
7588 1.7134
7589 2.2065
7590 3.1978
7591 0.5134
7592 3.2674
7593 8.0250
7594 2.8740
7595 0.5618
7596 4.1213
7597 1.6305
7598 0.6346
7599 1.2378
7600 2.4808
7601 2.9062
7602 1.0486
7603 1.3426
7604 0.6977
7605 1.8435
7606 0.8300
7607   NaN
7608 1.6621
7609 8.7656
7610 3.2866
7611 3.1515
7612 1.5640
7613 0.8692
7614 5.0679
7615 1.1589
7616 5.1091
7617 1.0307
7618 0.3962
7619 0.5381
7620 2.9310
7621 0.9667
7622 1.6443
7623 6.9532
7624 2.9494
7625 3.4570
7626 1.3975
7627 1.7004
7628 1.2850
7629 2.1320
7630 3.5864
7631 1.6117
7632 0.8197
7633 3.2153
7634 5.9404
7635 1.9538
7636 0.3721
7637 1.9739
7638 1.8042
7639 0.7458
7640 12.4062
7641 1.3949
7642 4.4822
7643 1.5780
7644 2.1219
7645 6.5225
7646 1.2411
7647 1.1950
7648 0.2352
7649 5.0435
7650 14.7919
7651 2.4807
7652 1.3901
7653 1.8176
7654 3.1958
7655 3.9712
7656 1.5767
7657 1.5567
7658 3.8609
7659 5.0671
7660 0.5933
7661 0.7288
7662 0.2280
7663 3.7090
7664 0.6530
7665 0.4799
7666 0.8385
7667 7.9422
7668 7.4135
7669 1.0757
7670 1.0817
7671 1.7328
7672 0.8570
7673 1.9306
7674 1.3782
7675 0.6734
7676 1.2360
7677 2.8245
7678 7.9617
7679 1.8242
7680 0.4282
7681 3.5840
7682 1.0561
7683 0.9588
7684 1.0932
7685 1.1708
7686 1.6834
7687 1.9767
7688 1.1529
7689 1.7718
7690 1.4537
7691 0.8148
7692 0.3942
7693 0.3534
7694 0.5714
7695 4.5053
7696 0.5031
7697 0.6175
7698 5.3851
7699 6.4540
7700 3.6325
7701 1.1253
7702 0.6066
7703 1.7935
7704 5.0555
7705 0.8593
7706 3.1582
7707 2.3227
7708 0.3357
7709 0.9355
7710 2.7648
7711 5.3010
7712 5.6194
7713 2.7433
7714 1.6278
7715 0.4481
7716 1.5435
7717 2.3077
7718 2.0544
7719 2.6899
7720 0.4191
7721 0.3485
7722 0.1879
7723 0.7817
7724 7.4860
7725 7.2356
7726 3.8629
7727 0.4336
7728 0.5641
7729 1.3689
7730 1.6485
7731 1.3059
7732 3.0877
7733 1.6286
7734 2.8545
7735   NaN
7736 0.1820
7737 1.6570
7738 0.3443
7739 0.7591
7740 1.0201
7741 3.4339
7742 0.1988
7743 1.1503
7744 1.1246
7745 4.1059
7746 1.7884
7747 1.3084
7748 3.2509
7749 17.1199
7750 3.2269
7751 0.4627
7752 5.3482
7753 5.1866
7754 2.7934
7755 1.9664
7756 0.6981
7757 2.4299
7758 0.2770
7759 1.6248
7760 3.1041
7761 0.7290
7762 0.9482
7763 0.8279
7764 4.6239
7765 0.4075
7766 2.7758
7767 1.3207
7768 0.9356
7769 0.5605
7770 5.4430
7771 3.6362
7772 0.2018
7773 0.6779
7774 1.5235
7775 1.7440
7776 2.3850
7777 1.9711
7778 0.8328
7779 1.2395
7780 1.8594
7781 4.1442
7782 3.4272
7783 1.7357
7784 0.7245
7785 0.2519
7786 1.5269
7787 0.8554
7788 0.4367
7789 3.0928
7790 10.9670
7791 0.5759
7792 0.7607
7793 0.5635
7794 8.1709
7795 4.5345
7796 4.1314
7797 2.7389
7798 5.0677
7799 0.5416
7800 3.9714
7801 0.2576
7802 0.6877
7803 3.8547
7804 0.8825
7805 2.3572
7806 0.5726
7807 1.1924
7808 1.3345
7809 0.4848
7810 1.6838
7811 2.1098
7812 1.2497
7813 1.1851
7814 6.5513
7815 1.3334
7816 1.7536
7817 1.7703
7818 0.8261
7819 0.9061
7820 0.4600
7821 0.4114
7822 1.4757
7823 4.7749
7824 1.3880
7825 1.0385
7826 1.4246
7827 0.6697
7828 8.3567
7829 1.6699
7830 0.5740
7831 0.5994
7832 3.6559
7833 1.3098
7834 4.4882
7835 1.0251
7836 1.4663
7837 0.7599
7838 0.8638
7839 5.4912
7840 0.8594
7841 2.3078
7842 3.5466
7843 3.9519
7844 0.4508
7845 1.1555
7846 0.8838
7847 1.8294
7848 0.9325
7849 0.3235
7850 0.8849
7851 1.7648
7852 2.5830
7853 0.7166
7854 1.5837
7855 1.3683
7856 1.1408
7857 3.2996
7858 0.3283
7859 1.4748
7860 5.1959
7861 0.7155
7862 3.5190
7863 1.8346
7864 1.4113
7865 2.3304
7866 0.1816
7867 2.0267
7868 0.6622
7869 0.8529
7870 1.1057
7871   NaN
7872 2.4786
7873 6.2337
7874 6.9215
7875 0.2070
7876 0.9438
7877 0.4822
7878 1.8001
7879 2.4010
7880 1.9519
7881 0.6097
7882 1.3531
7883 2.3766
7884 2.8206
7885 2.0959
7886   NaN
7887 7.6088
7888 0.3429
7889 2.1440
7890 1.3078
7891 1.5190
7892 0.9059
7893 1.3172
7894 0.6065
7895 0.1433
7896 1.4363
7897 1.9195
7898 2.6922
7899 0.3001
7900 1.1358
7901 1.9728
7902 0.5102
7903 1.9302
7904 5.8608
7905 0.3572
7906 0.9844
7907 2.5252
7908 1.9683
7909 1.1070
7910 0.4016
7911 0.2386
7912 1.0487
7913 0.8590
7914 0.3866
7915 0.5143
7916 2.2415
7917 0.5122
7918 1.5665
7919 0.5132
7920 1.7583
7921 1.4256
7922 0.7407
7923 5.3804
7924 0.5208
7925 2.3825
7926 1.9352
7927 2.2205
7928 0.9511
7929 1.4883
7930 1.4837
7931 1.5466
7932 11.2028
7933 1.3459
7934 1.0073
7935 6.1963
7936 0.3354
7937 1.1506
7938 1.0102
7939 1.5346
7940 2.6043
7941 0.5500
7942 1.2504
7943 5.1543
7944 2.8855
7945 1.0499
7946 4.4848
7947 0.8806
7948 1.3899
7949 0.3646
7950 1.4885
7951 0.9230
7952 1.6603
7953 5.3627
7954 3.7147
7955 3.2571
7956 2.0183
7957 3.4076
7958 0.3843
7959 1.2741
7960 2.5505
7961 0.6142
7962 3.5597
7963 5.5263
7964 4.1875
7965 2.4402
7966 0.3677
7967 0.6038
7968 0.4990
7969 4.6055
7970 1.5774
7971 2.5738
7972 5.2952
7973 2.8798
7974 2.7446
7975 0.9357
7976 2.9691
7977 3.1553
7978 2.9737
7979 0.4347
7980 9.2909
7981 1.5780
7982 2.4390
7983 16.8416
7984 0.7847
7985 3.3851
7986 5.3288
7987 2.9766
7988 2.9580
7989 0.4166
7990 1.2711
7991 1.0534
7992 1.0572
7993 1.6448
7994 0.5968
7995 0.8630
7996 1.9140
7997 2.7635
7998 1.7843
7999 3.4026
8000 3.0283
8001 0.2248
8002 0.6681
8003 7.9720
8004 1.6237
8005 2.7957
8006 2.5528
8007 4.0881
8008 1.4558
8009 0.1371
8010 2.1403
8011 2.2945
8012 0.2148
8013 3.6493
8014 0.7838
8015 1.8804
8016 1.7759
8017 0.8694
8018 0.6116
8019 1.3574
8020 3.6214
8021 1.1581
8022 1.2209
8023 1.3535
8024 0.7326
8025 0.4656
8026 1.7739
8027 1.5252
8028 0.9340
8029 0.8288
8030 1.8925
8031 0.7009
8032 2.3014
8033 1.1690
8034 2.5826
8035 2.2137
8036 2.8197
8037 0.7149
8038 3.2955
8039 1.1552
8040 1.1570
8041 1.7780
8042 5.6159
8043 1.6992
8044 2.6303
8045 1.3139
8046 0.8635
8047 0.6016
8048 2.7883
8049 0.3842
8050 0.8862
8051 2.2308
8052 3.6960
8053 1.6957
8054 0.8873
8055 0.4593
8056 0.4147
8057 5.3497
8058 1.7959
8059 1.6714
8060 1.7600
8061 2.6816
8062 1.2099
8063 1.4412
8064 3.3104
8065 1.7008
8066 0.3042
8067 2.5776
8068 2.2838
8069 3.0298
8070 0.5132
8071 2.0938
8072 2.5217
8073 1.5382
8074 0.4468
8075 1.8256
8076 1.2973
8077 1.2683
8078 1.0972
8079 0.2079
8080 0.7881
8081 1.3907
8082 2.7624
8083 7.5657
8084 3.2022
8085 0.9869
8086 2.3936
8087 3.9197
8088 1.3059
8089 1.1973
8090 0.9161
8091 2.2230
8092 0.2529
8093 3.0626
8094 0.5167
8095 2.2912
8096 3.7431
8097 0.7146
8098 0.7565
8099 2.7876
8100 0.8649
8101 2.0587
8102 2.1827
8103 0.3206
8104 1.7830
8105 1.5545
8106 2.8416
8107 0.4803
8108 0.8006
8109 2.0474
8110 3.0914
8111 1.4249
8112 2.0432
8113 2.3181
8114 2.8634
8115 0.8568
8116 1.9506
8117 1.2453
8118 0.9727
8119 0.4078
8120 3.0055
8121 1.6378
8122 1.8198
8123 0.4400
8124 0.9843
8125 1.7228
8126 2.6775
8127 0.5759
8128 0.4478
8129 0.5197
8130 2.5172
8131 1.1691
8132 2.1250
8133 0.5819
8134 1.1815
8135 1.4442
8136 4.2670
8137 4.5719
8138 3.8433
8139 1.5978
8140 1.0182
8141 6.8711
8142 0.5831
8143 2.2452
8144 0.6785
8145 0.4812
8146 1.3913
8147 1.0114
8148 0.4665
8149 2.4775
8150 1.8211
8151 0.3893
8152 2.3176
8153 1.1532
8154 5.4761
8155 1.8108
8156 1.9542
8157 0.7194
8158 3.1010
8159 1.1007
8160 2.2555
8161 5.0348
8162 0.2559
8163 5.9630
8164 0.9227
8165 4.1627
8166 0.4393
8167 4.7927
8168 3.6932
8169 4.6286
8170 0.7268
8171 1.4927
8172 3.5724
8173 0.4282
8174 1.3404
8175 5.3869
8176 2.6852
8177 2.5597
8178 5.8678
8179 4.6321
8180 1.1417
8181 2.5646
8182 3.6391
8183 1.2525
8184 1.0410
8185 1.1930
8186 0.6034
8187 1.7982
8188 1.5077
8189 7.8613
8190 3.7606
8191 1.5461
8192 2.6782
8193 0.7620
8194 1.4435
8195 1.7640
8196 0.7377
8197 6.7179
8198 1.9322
8199 2.6363
8200 1.6368
8201 1.0961
8202 2.7452
8203 2.4647
8204 1.8521
8205 1.8919
8206 5.0286
8207 1.6111
8208 0.9878
8209 0.3634
8210 0.5999
8211 3.6745
8212 1.2133
8213 0.8071
8214 2.7039
8215 0.3766
8216 3.4120
8217 2.4449
8218 0.8386
8219 9.1510
8220 1.5422
8221 0.2722
8222 0.4340
8223 2.2521
8224 2.4535
8225 3.5083
8226 0.4088
8227 2.0009
8228 0.2858
8229 3.4892
8230 1.1791
8231 0.4446
8232 3.0446
8233 1.1299
8234 0.3238
8235 1.5621
8236 0.8399
8237 1.1189
8238 0.4971
8239 0.2091
8240 2.2285
8241 2.7954
8242 12.8171
8243 0.9088
8244 3.5809
8245 3.1572
8246 1.5503
8247 2.2394
8248 0.7472
8249 4.9868
8250 4.6333
8251 2.0010
8252 2.3628
8253 1.1868
8254 0.4091
8255 0.4406
8256 1.2744
8257 0.7181
8258 0.2276
8259 4.6288
8260 1.3682
8261 1.7370
8262 0.8811
8263 3.0998
8264 3.6826
8265 0.6254
8266 2.6837
8267 0.7556
8268 2.6805
8269 1.4134
8270 0.8718
8271 2.3001
8272 2.4173
8273 3.1738
8274 0.2618
8275 0.3803
8276 0.7114
8277 4.4583
8278 3.0269
8279 2.9522
8280 2.4570
8281 1.4883
8282 0.9665
8283 1.6047
8284 23.8031
8285 1.2480
8286 1.3220
8287 0.8811
8288 1.7158
8289 0.3423
8290 2.7441
8291 0.9311
8292 0.3914
8293 3.4770
8294 5.3906
8295 4.1397
8296 2.7412
8297 1.8784
8298 1.8583
8299 2.9526
8300 9.9837
8301 2.0731
8302 1.7188
8303 2.7494
8304 1.7328
8305 1.3603
8306 2.1956
8307 0.6091
8308 3.2564
8309 0.4265
8310 2.0189
8311 1.8084
8312 0.3937
8313 3.5128
8314 0.4510
8315 2.9029
8316 1.2669
8317 1.9298
8318 2.3440
8319 1.5979
8320 2.1661
8321 1.5717
8322 0.4823
8323 2.1037
8324 3.4106
8325 2.7478
8326 1.2266
8327 2.8022
8328 2.2337
8329 2.1300
8330 0.5802
8331 0.9585
8332 4.1632
8333 1.3403
8334 0.9474
8335 2.7986
8336 1.9171
8337 1.7289
8338 5.2754
8339 1.1047
8340 1.4739
8341 2.0502
8342 0.9401
8343 0.8609
8344 2.4687
8345 2.4400
8346 2.0823
8347 1.9000
8348 2.2693
8349 1.9978
8350 2.2986
8351 0.5462
8352 2.5519
8353 0.7938
8354 1.9958
8355 2.0880
8356 0.2306
8357 0.1769
8358 5.3713
8359 0.4573
8360 2.2614
8361 1.7600
8362 0.3730
8363 7.0659
8364 1.0049
8365 0.6178
8366 2.7036
8367 1.4859
8368 7.4979
8369 0.5016
8370 1.0113
8371 7.0387
8372 3.5214
8373 1.4194
8374 3.1081
8375 1.5647
8376 3.3115
8377 0.5738
8378 1.5011
8379 1.3300
8380 2.0431
8381 1.2409
8382 2.9496
8383 2.2715
8384 0.7715
8385 1.1968
8386 0.2011
8387 3.2250
8388 1.3343
8389 0.4884
8390 3.0630
8391 1.8768
8392 1.4182
8393 2.0820
8394 3.4212
8395 1.7248
8396 3.1080
8397 1.0291
8398 1.8986
8399 2.1972
8400 0.2363
8401 1.8820
8402 0.2719
8403 1.0235
8404 0.9219
8405 1.6453
8406 2.4606
8407 12.5607
8408 2.9973
8409 0.6959
8410 0.3084
8411 0.7185
8412 2.7451
8413 2.9193
8414 1.9575
8415 0.8183
8416 1.2230
8417 0.1998
8418 0.9712
8419 2.0964
8420 0.9175
8421 1.9021
8422 1.7508
8423 5.7778
8424 0.6081
8425 0.7978
8426 2.4023
8427 0.9505
8428 0.6998
8429 3.1408
8430 1.6628
8431 7.2455
8432 5.0842
8433 0.5902
8434 1.2351
8435 1.1505
8436 3.7257
8437 2.5480
8438 8.9266
8439 2.8616
8440 0.8159
8441 0.7640
8442 1.0939
8443 3.2296
8444 3.0870
8445 2.2811
8446 2.1746
8447 1.4774
8448 0.9374
8449 0.5007
8450 5.9589
8451 5.8393
8452 1.2351
8453 1.8640
8454 0.8761
8455 1.0531
8456 9.9166
8457 1.3339
8458 0.1960
8459 2.3950
8460 1.1097
8461 1.4653
8462 0.3005
8463 2.0718
8464 1.2002
8465 0.9235
8466 1.6364
8467 5.1475
8468 2.7774
8469 4.5470
8470 5.5335
8471 7.3432
8472 0.1908
8473 2.5422
8474 1.7201
8475 2.9352
8476 3.2542
8477 0.5773
8478 1.6307
8479 3.0079
8480 2.8721
8481 1.3840
8482 0.3652
8483 3.2604
8484 1.2501
8485 2.4870
8486 0.4270
8487 8.0540
8488 1.7570
8489 0.8412
8490 2.0567
8491 1.0663
8492 1.0184
8493 3.6450
8494 0.7636
8495 0.4982
8496 0.1937
8497 7.7722
8498 0.6946
8499 0.7949
8500 1.5879
8501 3.5568
8502 0.7808
8503 2.4960
8504 4.3906
8505 1.0118
8506 6.2284
8507 1.4712
8508 3.7925
8509 1.7125
8510 4.1180
8511 1.3988
8512 0.8256
8513 2.1277
8514 2.4592
8515 1.9434
8516 1.2169
8517 3.7080
8518 1.2381
8519 1.4290
8520 0.3275
8521 1.6337
8522 1.7166
8523 1.4796
8524 1.5579
8525 1.4797
8526 1.8723
8527 3.5470
8528   NaN
8529 1.8161
8530 1.2642
8531 0.6129
8532 0.9792
8533 3.4773
8534 0.5713
8535 2.2759
8536 0.3378
8537 0.5220
8538 0.3567
8539 0.5012
8540 2.0053
8541 1.4712
8542 2.2309
8543 3.0507
8544 1.2285
8545 5.3329
8546 0.6252
8547 0.5811
8548 2.2377
8549 3.1322
8550 1.4472
8551 2.9076
8552 0.9330
8553 1.7822
8554 2.9175
8555 1.1583
8556 2.9408
8557 5.7703
8558 2.3569
8559 3.8064
8560 1.1179
8561 2.1465
8562 2.6045
8563 1.0613
8564 1.3673
8565 4.9338
8566 0.9156
8567 1.3689
8568 3.3448
8569 1.4066
8570 1.4618
8571 0.6744
8572 1.9768
8573 1.7030
8574 1.3347
8575 4.0986
8576 1.0815
8577 0.7218
8578 13.7793
8579 8.5021
8580 0.2562
8581 2.5595
8582 0.4927
8583 1.0929
8584 2.3675
8585 8.5587
8586 2.2768
8587 3.2404
8588 1.1233
8589 5.7622
8590 0.5703
8591 5.6431
8592 5.5062
8593 2.7268
8594 1.6815
8595 1.1225
8596 3.1741
8597 1.6745
8598 1.6863
8599 0.4788
8600 2.5658
8601 0.9523
8602 1.2669
8603 1.3240
8604 1.2747
8605 0.4347
8606 0.5171
8607 0.4301
8608 7.5620
8609 1.6903
8610 0.6663
8611 0.6318
8612 3.5404
8613 4.9425
8614 1.3810
8615 0.4008
8616 6.3120
8617 2.2176
8618 0.8459
8619 2.0399
8620 5.8275
8621 0.5037
8622 2.3929
8623 8.3496
8624 2.7951
8625 9.1821
8626 0.8496
8627 3.8166
8628 1.2231
8629 0.8986
8630 0.4633
8631 2.2720
8632 2.9255
8633 0.5372
8634 0.5362
8635 2.1466
8636 1.7246
8637 2.0554
8638 0.3816
8639 0.5806
8640 7.9828
8641 1.4915
8642 8.1489
8643 1.7956
8644 1.3824
8645 5.5280
8646 0.4960
8647 4.0545
8648 2.8059
8649 1.6036
8650 1.0047
8651 0.6535
8652 0.3700
8653 0.9598
8654 6.9876
8655 11.7154
8656 1.7227
8657 1.1658
8658 0.9213
8659 6.2436
8660 2.8836
8661 0.4803
8662 3.7288
8663 1.7352
8664 1.9205
8665 2.1675
8666 4.8085
8667 2.1238
8668 1.0655
8669 1.9136
8670 14.7820
8671 1.0468
8672 3.7272
8673 1.0153
8674 1.9325
8675 0.4299
8676 1.2049
8677 1.6154
8678 2.7962
8679 4.5363
8680 1.1530
8681 0.2381
8682 0.9792
8683 1.1553
8684 2.1390
8685 1.6107
8686 2.7124
8687 4.8992
8688 0.4799
8689 1.3690
8690 2.2356
8691 2.3665
8692 1.1237
8693 1.2958
8694 2.0816
8695 1.5893
8696 1.0546
8697 2.8040
8698 3.0845
8699 2.9731
8700 1.7695
8701 1.1964
8702 1.6278
8703 3.0666
8704 3.8211
8705 1.8776
8706 0.9458
8707 0.3422
8708 2.2566
8709 5.2135
8710 5.0976
8711 8.1120
8712 1.2084
8713 0.5103
8714 4.8065
8715 1.0967
8716 0.8739
8717 0.3129
8718 4.1697
8719 6.1695
8720 2.9535
8721 0.8558
8722 3.2289
8723 0.6799
8724 3.0703
8725 0.7907
8726 5.6138
8727 1.7280
8728 1.0513
8729 0.9872
8730 1.3321
8731 0.7605
8732 1.0849
8733 1.5978
8734 0.6690
8735 6.0796
8736 1.3025
8737 2.0975
8738 3.2227
8739 0.4516
8740 0.4123
8741 0.8953
8742 2.2476
8743 6.4867
8744 1.5343
8745 2.9319
8746 5.3852
8747 0.8561
8748 1.1013
8749 3.0941
8750 0.7455
8751 1.8177
8752 2.2525
8753 7.3701
8754 2.8155
8755 0.9158
8756 9.6871
8757 1.7196
8758 1.7499
8759 0.4082
8760 1.2302
8761 1.4768
8762 3.5275
8763 1.7586
8764 1.4204
8765 8.9355
8766 2.9901
8767 3.1457
8768 1.4335
8769 2.3226
8770 0.5682
8771 1.3271
8772 0.8380
8773 0.7216
8774 0.4077
8775 1.2980
8776 2.7350
8777 0.2538
8778 1.4550
8779 7.7125
8780 0.4948
8781 10.0527
8782 0.9386
8783 1.4312
8784 0.8513
8785 4.2765
8786 1.1854
8787 1.5443
8788 2.9906
8789 2.6367
8790 2.3646
8791 2.4706
8792 1.1406
8793 0.3768
8794 3.7703
8795 3.4789
8796 1.7358
8797 1.5682
8798 3.0763
8799 0.7201
8800 1.3348
8801 1.6500
8802 0.6755
8803 9.4448
8804 0.4172
8805 1.8145
8806 1.0996
8807 6.6329
8808 2.5159
8809 1.5717
8810 7.2238
8811 2.5624
8812 1.7732
8813 2.0708
8814 0.4225
8815 3.3872
8816 2.2889
8817 3.1094
8818 1.7538
8819 1.5281
8820 1.3220
8821 1.2029
8822 2.2446
8823 1.8409
8824 2.4238
8825 0.3762
8826 0.9136
8827 1.3095
8828 2.2876
8829 1.7329
8830 0.9081
8831 0.9585
8832 0.3830
8833 1.2115
8834 1.8505
8835 1.8173
8836 1.2292
8837 1.3781
8838 9.2624
8839 0.4418
8840 0.5368
8841 6.8017
8842 7.4595
8843 0.3558
8844 2.0396
8845 1.2704
8846 1.3863
8847 1.3193
8848 2.9019
8849 1.0021
8850 1.1313
8851 2.6449
8852 0.9756
8853 3.9223
8854 4.0526
8855 1.1688
8856 1.2348
8857 0.4215
8858 2.6593
8859 4.0555
8860 0.6878
8861 0.8956
8862 1.0510
8863 0.7372
8864 1.2823
8865   NaN
8866 1.2390
8867 3.2670
8868 0.7041
8869 1.3940
8870 0.3703
8871 7.0553
8872 0.3909
8873 0.9270
8874 1.4950
8875 0.3801
8876 0.6734
8877 0.6282
8878 3.0769
8879 3.0318
8880 0.3419
8881 3.8762
8882 1.5074
8883 1.5026
8884 0.7299
8885 0.2445
8886 2.4938
8887 1.7816
8888 0.9305
8889 0.8780
8890 5.0968
8891 1.2396
8892 1.8144
8893 3.2202
8894 8.1785
8895 1.5347
8896 2.5617
8897 2.5065
8898 11.6274
8899 1.3451
8900 2.0271
8901 2.5564
8902 2.0431
8903 0.5872
8904 3.2177
8905 0.6076
8906 0.6079
8907 3.3193
8908 1.6860
8909 0.2173
8910 1.7903
8911 2.2982
8912 0.9770
8913 1.3240
8914 0.8916
8915 1.0438
8916 1.3572
8917 1.8857
8918 1.2847
8919 0.6505
8920 2.2669
8921 1.6008
8922 2.5785
8923 1.4180
8924 0.2313
8925 1.5995
8926 3.2325
8927 1.8112
8928 3.9562
8929 2.6485
8930 0.9074
8931 14.0718
8932 2.8978
8933 1.3310
8934 0.2495
8935 2.5920
8936 2.1988
8937 3.3091
8938 1.9788
8939 3.7951
8940 0.9196
8941 3.1213
8942 2.4472
8943 11.6292
8944 2.6721
8945 4.8732
8946 0.7441
8947 1.1442
8948 0.6213
8949 1.2418
8950 1.3823
8951 1.0548
8952 2.4265
8953 1.0166
8954 1.5957
8955 3.2187
8956 6.4881
8957 1.1029
8958 0.3247
8959 1.5457
8960 0.2975
8961 1.2551
8962 2.7798
8963 1.2585
8964 1.1040
8965 0.5057
8966 2.5567
8967 1.1038
8968 1.0341
8969 2.0425
8970 1.0860
8971 1.7315
8972 1.4116
8973 1.4297
8974 0.5473
8975 2.4489
8976 0.6446
8977 0.8186
8978 2.5018
8979 0.3703
8980 0.6816
8981 0.1810
8982 0.7523
8983 0.8404
8984 0.2884
8985 2.0428
8986 0.9755
8987 0.5607
8988 1.3318
8989 3.0054
8990 1.5640
8991 0.3059
8992 3.0362
8993 0.3400
8994 0.3067
8995 4.3251
8996 1.1222
8997 0.6692
8998 0.6368
8999 1.0997
9000 5.6066
9001 1.8020
9002 2.4770
9003 3.1030
9004 1.7279
9005 1.9952
9006 1.5978
9007 1.7537
9008 2.3964
9009 4.9629
9010 2.2380
9011 4.1209
9012 0.7757
9013 0.6732
9014 0.3430
9015 0.4314
9016 1.1038
9017 0.5733
9018 0.7266
9019 0.7058
9020 0.9893
9021 1.5048
9022 3.2004
9023 0.8351
9024 4.4615
9025 3.4193
9026 2.8385
9027 1.2940
9028 6.8262
9029 1.2065
9030 1.3281
9031 2.8191
9032 1.4845
9033 2.6400
9034 1.2407
9035 1.5567
9036 2.2076
9037 0.5397
9038 0.5219
9039 2.0407
9040 0.2338
9041 3.5381
9042 2.9553
9043 0.1491
9044 3.6244
9045 4.4601
9046 1.2800
9047 0.9843
9048 0.7747
9049 1.0060
9050 1.1942
9051 0.2230
9052 3.0942
9053 1.3113
9054 1.9270
9055 2.7803
9056 3.2036
9057 4.8056
9058 0.5703
9059 1.2120
9060 1.1440
9061 2.4101
9062 0.2453
9063 3.1726
9064 0.3303
9065 0.9670
9066 0.9646
9067 2.5306
9068 1.2251
9069 2.3211
9070 0.6055
9071 1.6360
9072 0.8335
9073 2.4562
9074 2.6803
9075 1.0620
9076 1.8328
9077 0.7787
9078 0.4028
9079 1.4190
9080 0.2968
9081 8.2030
9082 0.8600
9083 2.8496
9084 3.1753
9085 1.7652
9086 0.4591
9087 1.5281
9088 0.4647
9089 1.3743
9090 0.8592
9091 2.4614
9092 0.4885
9093 2.9375
9094 1.9170
9095 0.4900
9096 0.3154
9097 3.4653
9098 1.6411
9099 2.5570
9100 0.7810
9101 0.5231
9102 1.6609
9103 0.8054
9104 0.4261
9105 0.8606
9106 0.8246
9107 4.5330
9108 4.4709
9109 12.0935
9110 2.1425
9111 2.2713
9112 0.5173
9113 0.5271
9114 1.0725
9115 2.1327
9116 0.3128
9117 0.7346
9118 1.6225
9119 2.1529
9120 1.7606
9121 8.4884
9122 3.6857
9123 1.1318
9124 9.7824
9125 4.3953
9126 4.4592
9127 0.8766
9128 1.6576
9129 0.9250
9130 1.9260
9131 5.6897
9132 0.3614
9133 0.1754
9134 0.9831
9135 0.2134
9136 1.3880
9137 0.1556
9138 0.3353
9139 0.3189
9140 2.1749
9141 1.2953
9142 2.4252
9143 1.4892
9144 4.2216
9145 1.0748
9146 0.7492
9147 1.5422
9148 0.2612
9149 1.4754
9150 0.2614
9151 0.1786
9152 0.6222
9153 0.8411
9154 1.6763
9155 0.3033
9156 8.3033
9157 0.6362
9158 1.8281
9159 2.8115
9160 1.4522
9161 0.4922
9162 1.4614
9163 12.8106
9164 1.4965
9165 0.5746
9166 1.0684
9167 7.0313
9168 0.8540
9169 1.6197
9170 1.8797
9171 9.6499
9172 1.4562
9173 1.8158
9174 1.1019
9175 1.4552
9176 0.3270
9177 0.8313
9178 2.6023
9179 5.5218
9180 1.4810
9181 3.1331
9182 1.9198
9183 1.5364
9184 3.9477
9185 2.2484
9186 3.0935
9187 0.1339
9188 4.2584
9189 1.7077
9190 2.5167
9191 0.9489
9192 1.3114
9193 0.9311
9194 10.2964
9195 1.3969
9196 0.5403
9197 0.9256
9198 2.4265
9199 5.0767
9200 3.7346
9201 5.8584
9202 0.6811
9203 0.8331
9204 5.3108
9205 2.0555
9206 0.7410
9207 0.4826
9208 0.3075
9209 1.9338
9210 0.6904
9211 0.5107
9212 1.3354
9213 1.0433
9214 5.4050
9215 1.4254
9216 0.3445
9217 3.6065
9218 2.8042
9219 0.1756
9220 2.7078
9221 2.0648
9222 10.9389
9223 2.0974
9224 13.3491
9225 0.4757
9226 0.7175
9227 3.0941
9228 1.7741
9229 1.3836
9230 1.1528
9231 3.9091
9232 0.9286
9233 1.6064
9234 1.5499
9235 0.8323
9236 0.8729
9237 3.5667
9238 1.0305
9239 1.2718
9240 1.9040
9241 1.0132
9242 0.2416
9243 2.6519
9244 0.7019
9245 7.8001
9246 1.1042
9247 1.8430
9248 3.9573
9249 1.1813
9250 1.6305
9251 3.8960
9252 1.4241
9253 2.2470
9254 5.3838
9255 1.4158
9256 3.2310
9257 0.2564
9258 3.5713
9259 1.1717
9260 1.7908
9261 2.9200
9262 1.3943
9263 1.2953
9264 1.0156
9265 1.2909
9266 1.0706
9267 0.6735
9268 0.8220
9269 4.9061
9270 1.2453
9271 0.5736
9272 1.5949
9273 1.4924
9274 6.7276
9275 0.7585
9276 3.3451
9277 0.6274
9278 0.8982
9279 1.6820
9280 0.3093
9281 2.6159
9282 0.9283
9283 2.3427
9284 1.3992
9285 0.4520
9286 0.9785
9287 2.5471
9288 0.4387
9289 1.0712
9290 0.8840
9291 0.4998
9292 2.8294
9293 5.1495
9294 4.0416
9295 1.5597
9296 2.3143
9297 0.9543
9298 0.9180
9299 3.9291
9300 1.6946
9301 1.6575
9302 2.7053
9303 1.7245
9304 3.7417
9305 4.2979
9306 0.6812
9307 4.1616
9308 0.3882
9309 10.2131
9310 1.2105
9311 5.0145
9312   NaN
9313 1.8760
9314 1.2326
9315 6.1065
9316 0.9972
9317 2.2412
9318 1.1803
9319 8.0434
9320 0.2055
9321 0.4815
9322 5.8928
9323 1.1141
9324 1.7600
9325 2.5419
9326 1.6496
9327 0.9440
9328 1.8781
9329 2.6178
9330 8.6757
9331 0.5315
9332 2.3023
9333 1.6893
9334 2.6512
9335 4.8704
9336 1.2299
9337 0.6825
9338 0.3471
9339 1.4198
9340 2.8879
9341 3.0776
9342 0.4586
9343 1.6100
9344 5.2200
9345 2.9795
9346 0.9956
9347 12.2658
9348 0.7754
9349 0.8021
9350 0.7208
9351 0.6067
9352 1.6263
9353 2.2219
9354 3.7862
9355 1.0981
9356 1.1390
9357 1.8403
9358 5.3578
9359   NaN
9360 0.3980
9361 0.8794
9362 1.6882
9363 2.6106
9364 2.2488
9365 2.4023
9366 1.6120
9367 1.3912
9368 2.0913
9369 0.3887
9370 0.5488
9371 1.9892
9372 1.3694
9373 0.5527
9374 0.7176
9375 1.2209
9376 0.4315
9377 1.1007
9378 2.4865
9379 2.3079
9380 1.0657
9381 1.5774
9382 0.7610
9383 1.0293
9384 1.0257
9385 1.2185
9386 0.3560
9387 0.4675
9388 1.4881
9389 0.9266
9390 3.5782
9391 0.3038
9392 4.4355
9393 1.7505
9394 0.4297
9395 1.6116
9396 1.5820
9397 2.5042
9398 10.8166
9399 1.3999
9400 5.5706
9401 0.6711
9402 0.6021
9403 0.3302
9404 0.7630
9405 3.0143
9406 1.4062
9407 2.3706
9408 0.6292
9409 1.6177
9410 0.5064
9411 2.0943
9412 2.3645
9413 3.9603
9414 1.5741
9415 0.4554
9416 1.0132
9417 1.8449
9418 2.1024
9419 1.6201
9420 0.5939
9421 0.7476
9422 0.4638
9423 1.0029
9424 2.7551
9425 1.1479
9426 7.7841
9427 3.7489
9428 4.2603
9429 1.4210
9430 1.7665
9431 1.5981
9432 1.0583
9433 0.2112
9434 6.1682
9435 1.7625
9436 2.3866
9437 11.8252
9438 0.5709
9439 7.6862
9440 0.6504
9441 3.2352
9442 2.0938
9443 1.0987
9444 0.7730
9445 2.3141
9446 1.2604
9447 1.1553
9448 0.5792
9449 4.0809
9450 1.2758
9451 1.3883
9452 1.0508
9453 1.8036
9454 3.6789
9455 2.3045
9456 1.7137
9457 1.3529
9458 8.3119
9459 1.5733
9460 3.9372
9461 1.7825
9462 2.5876
9463 0.6491
9464 3.0039
9465 0.7290
9466 2.6942
9467 0.2693
9468 0.5915
9469 1.5202
9470 3.0216
9471 2.5081
9472 0.2214
9473 0.2751
9474 0.4417
9475 0.4652
9476 0.8881
9477 5.2418
9478 8.0464
9479 1.8745
9480 1.3952
9481 5.9357
9482 2.8146
9483 1.1705
9484 1.6151
9485 1.1884
9486 0.7927
9487 2.5894
9488 2.7498
9489 0.4767
9490 1.8375
9491 2.3724
9492 3.0459
9493 0.1595
9494 3.1695
9495 1.6194
9496 3.0383
9497 0.6546
9498 0.4280
9499 0.6578
9500 0.7114
9501 1.9022
9502 1.3642
9503 4.7351
9504 2.0804
9505 2.4496
9506 2.0410
9507 3.8694
9508 0.7995
9509 2.4676
9510 9.4810
9511 0.6858
9512 0.9736
9513 3.2887
9514 2.9851
9515 0.3089
9516 0.4382
9517 1.4920
9518 0.3995
9519 3.2659
9520 0.2038
9521 0.8131
9522 0.4688
9523 3.5933
9524 2.2603
9525 7.3865
9526 6.0860
9527 3.6736
9528 0.4680
9529 2.7958
9530 1.3482
9531 1.7597
9532 1.0642
9533 0.4212
9534 1.6751
9535 2.7381
9536 1.8339
9537 0.4203
9538 2.5660
9539 6.1873
9540 1.2123
9541 0.6327
9542 4.2556
9543 0.7730
9544 1.3681
9545 7.8013
9546 1.7620
9547 6.3851
9548 5.8109
9549 1.6194
9550 4.3432
9551 1.1604
9552 0.8778
9553 0.6977
9554 1.6544
9555   NaN
9556 3.5917
9557 0.4280
9558 1.7432
9559 1.8066
9560 1.6499
9561 2.9099
9562 0.4733
9563 6.5951
9564 2.4209
9565 1.1780
9566 0.4032
9567 2.9597
9568 1.7719
9569 4.7194
9570 0.2896
9571 4.4253
9572 1.9282
9573 0.4332
9574 2.0430
9575 1.1950
9576 2.6421
9577 4.8158
9578 1.4016
9579 0.5086
9580 1.1427
9581 2.2103
9582 0.7485
9583 1.2203
9584 2.0018
9585 3.5977
9586 4.2343
9587 2.2448
9588 0.5664
9589 0.2683
9590 0.4922
9591 0.7495
9592 1.2788
9593 0.7615
9594 0.3993
9595 0.6931
9596 1.3764
9597 0.3102
9598 3.2244
9599 2.0251
9600 1.6120
9601 0.7904
9602 6.6589
9603 4.2266
9604 0.1392
9605 0.2376
9606 3.3001
9607 0.3183
9608 6.5518
9609 4.0455
9610 0.2787
9611 4.7777
9612 0.8100
9613 2.0159
9614 1.0944
9615 1.0938
9616 13.2520
9617 5.6495
9618 0.9132
9619 2.2837
9620 3.6355
9621 0.7779
9622 1.4809
9623 0.2771
9624 4.5519
9625 1.2972
9626 0.4051
9627 3.5190
9628 2.8756
9629 0.6562
9630 2.1668
9631 2.1185
9632 1.2207
9633 3.5661
9634 1.7967
9635 2.9804
9636 1.5576
9637 16.9032
9638 1.3020
9639 2.2955
9640 0.3764
9641 1.3193
9642 1.0985
9643 1.8857
9644 2.6807
9645 1.4171
9646 0.7603
9647 5.7848
9648 2.8038
9649 2.6866
9650 0.9329
9651 8.0174
9652 4.4018
9653 8.1042
9654 0.1152
9655 0.6667
9656 1.6748
9657 0.3756
9658 2.7140
9659 3.5044
9660 0.3449
9661 1.5051
9662 1.0035
9663 1.2826
9664 23.6913
9665 4.6090
9666 0.5339
9667 0.1551
9668 1.2878
9669 1.7767
9670 2.0694
9671 1.5487
9672 4.8143
9673 3.3732
9674 1.0467
9675 1.3957
9676 0.9769
9677 0.7590
9678 3.9506
9679 1.4858
9680 0.5862
9681 1.2806
9682 2.6547
9683 2.7568
9684 0.4656
9685 7.0317
9686 0.8859
9687 4.7673
9688 2.5249
9689 3.7280
9690 1.9294
9691 2.4170
9692 0.8242
9693 4.0243
9694 3.7239
9695 2.8497
9696 0.4092
9697 1.8391
9698 1.0094
9699 0.2225
9700 0.2601
9701 2.7911
9702 1.5220
9703 1.6868
9704 1.6797
9705 1.8394
9706 2.4452
9707 2.0358
9708 3.2962
9709 0.5828
9710 0.8437
9711 0.9936
9712 2.8472
9713 1.1531
9714 3.6318
9715 1.7305
9716 9.4886
9717 2.7245
9718 3.5501
9719 5.8063
9720 0.7826
9721 4.7881
9722 3.0896
9723 3.7369
9724 1.6965
9725 1.8781
9726 0.7114
9727 3.0875
9728 2.2793
9729 0.3666
9730 6.0074
9731 0.5050
9732 1.8330
9733 4.9395
9734 4.1672
9735 5.5477
9736 0.3056
9737 1.4503
9738 1.4618
9739 0.7997
9740 1.3501
9741 3.5856
9742 0.5203
9743 1.0496
9744 8.4510
9745 0.5548
9746 0.4273
9747 1.3832
9748 1.5257
9749 0.3793
9750 5.5315
9751 1.0986
9752 0.6702
9753 0.6738
9754 1.3888
9755 3.3220
9756 0.8996
9757 1.2006
9758 2.0479
9759 5.2332
9760 0.9942
9761 1.7660
9762 4.3204
9763 4.6864
9764 1.2479
9765 0.6248
9766 7.2431
9767 3.4860
9768 10.3594
9769 3.6754
9770 3.0183
9771 1.4612
9772 1.0488
9773 2.2378
9774 2.3900
9775 1.6515
9776 0.7682
9777 2.3597
9778 1.9681
9779 5.3516
9780 0.9599
9781 1.2075
9782 2.3503
9783 0.6474
9784 3.3123
9785 1.6853
9786 0.6028
9787 2.7630
9788 1.4504
9789 3.8549
9790 11.1518
9791 2.8797
9792 3.0750
9793 3.5085
9794 2.4682
9795 1.2217
9796 3.7028
9797 2.2556
9798 0.5253
9799 0.8560
9800 1.4867
9801 1.2040
9802 7.1594
9803 3.2777
9804 3.6839
9805 2.5294
9806 0.7617
9807 0.3759
9808 0.2258
9809 1.1130
9810 8.7026
9811 0.3618
9812 2.1049
9813 3.0488
9814 0.9196
9815 2.8037
9816 1.9810
9817 0.8913
9818 6.3736
9819 2.2968
9820 0.9183
9821 0.8108
9822 2.7725
9823 0.5048
9824 8.6017
9825 2.7730
9826 2.5351
9827 1.9568
9828 1.6727
9829 0.3903
9830 0.7903
9831 2.0533
9832 2.2879
9833 0.3329
9834 1.1230
9835 3.7085
9836 8.9035
9837 2.3717
9838 2.9906
9839 1.0086
9840 4.1597
9841 0.2206
9842 2.7792
9843 3.0689
9844 3.6872
9845 4.9030
9846 0.5007
9847 1.4153
9848 1.5096
9849 1.3324
9850 0.3830
9851 2.7526
9852 3.3303
9853 1.3208
9854 1.6940
9855 3.5328
9856 0.4019
9857 2.9311
9858 3.3816
9859 0.3708
9860 1.5380
9861 0.3870
9862 1.9218
9863 0.9582
9864 2.3019
9865 3.3269
9866 2.1474
9867 0.4475
9868 1.2267
9869 2.7464
9870 0.2093
9871 1.5989
9872 0.4489
9873 1.6184
9874 1.0601
9875 1.4591
9876 3.6357
9877 1.1673
9878 2.1648
9879 0.6010
9880 0.8363
9881 2.1115
9882 4.1945
9883 2.2172
9884 2.7180
9885 0.5853
9886 3.5656
9887 1.1628
9888 2.4716
9889 1.6808
9890 2.8015
9891 1.1908
9892 9.2461
9893 3.2428
9894 2.0893
9895 0.3763
9896 0.4567
9897 7.2428
9898 3.4105
9899 1.8899
9900 0.2728
9901 0.7068
9902 0.4256
9903 0.9673
9904 1.4339
9905 12.6744
9906 1.3883
9907 1.4875
9908 8.1259
9909 1.1338
9910 0.4271
9911 4.0095
9912 4.2618
9913 1.2568
9914 4.4073
9915 1.4307
9916 10.5107
9917 0.4246
9918 1.0012
9919 0.9324
9920 1.2086
9921 1.7227
9922 1.4659
9923 0.6678
9924 0.4846
9925 1.0144
9926 0.7254
9927 0.8352
9928 0.9765
9929 1.1604
9930   NaN
9931 1.1670
9932 1.8308
9933 0.8295
9934 0.3907
9935 0.9194
9936 4.9706
9937 0.4280
9938 1.6746
9939 3.9393
9940 1.2107
9941 0.9409
9942 3.6892
9943 3.2236
9944 0.3675
9945 1.2383
9946 2.1063
9947 1.7437
9948 1.9517
9949 2.6804
9950 0.6540
9951 0.9735
9952 1.6954
9953 1.8207
9954 2.3636
9955 0.3788
9956 0.1935
9957 1.3720
9958 0.7987
9959 4.3733
9960 3.3543
9961 2.8112
9962 0.7168
9963 0.5673
9964 0.7995
9965 1.3714
9966 4.7157
9967 1.6109
9968 0.4709
9969 5.6042
9970 4.9648
9971 0.9602
9972 3.4037
9973 0.5689
9974 0.8136
9975 0.6566
9976 0.5831
9977 6.3799
9978 1.5323
9979 1.5232
9980 2.5260
9981 1.7337
9982 2.6348
9983 1.2703
9984 0.5661
9985 0.9881
9986 0.7857
9987 5.9203
9988 2.9862
9989 0.5815
9990 1.9812
9991 1.0172
9992 0.3905
9993 2.7980
9994 7.0884
9995 0.4446
9996 2.5661
9997 1.6722
9998 0.1772
9999 3.1788
10000 2.2729
