5001 0.5599
5002 1.2088
5003 0.5800
5004 3.4394
5005 0.6197
5006 3.4830
5007 1.8976
5008 0.4597
5009 2.0368
5010 1.2022
5011 1.2910
5012 2.9610
5013 5.5174
5014 0.1957
5015 1.7277
5016 0.9098
5017 2.3798
5018 2.3011
5019 0.4957
5020 0.5641
5021 1.4104
5022 0.8870
5023 1.7575
5024 4.3854
5025 1.3446
5026 0.9349
5027 6.4652
5028 2.4216
5029 1.6488
5030 2.3530
5031 4.0898
5032 2.3864
5033 1.5487
5034 1.6419
5035 1.6595
5036 0.4441
5037 1.2276
5038 2.4469
5039 1.3633
5040 0.4404
5041 4.9552
5042 2.2797
5043 0.2499
5044 2.0040
5045 8.7247
5046 1.6480
5047 1.7337
5048 3.2062
5049 2.2277
5050 2.0712
5051 4.8279
5052 0.2084
5053 0.5227
5054 0.2786
5055 2.3310
5056 3.4767
5057 4.3984
5058 1.2009
5059 1.5256
5060 1.3190
5061 0.2499
5062 0.6051
5063 3.8545
5064 4.6099
5065 1.1864
5066 2.3380
5067 2.1779
5068 1.9324
5069 1.2691
5070 5.1544
5071 8.2831
5072   NaN
5073 0.8288
5074 1.5374
5075 6.7794
5076 1.5288
5077 0.5980
5078 3.7845
5079 1.8379
5080 1.5909
5081 0.8155
5082 0.5369
5083 4.1072
5084 2.0958
5085 0.7551
5086 3.2578
5087 1.1077
5088 3.0577
5089 4.4339
5090 0.9267
5091 0.3263
5092 1.5885
5093 0.8895
5094 0.1295
5095 5.0531
5096 1.3313
5097 5.5734
5098 0.4231
5099 5.0375
5100 2.3909
5101 0.9484
5102 0.8303
5103 0.5230
5104 0.7385
5105 1.8636
5106 2.4130
5107 1.3735
5108 0.7122
5109 1.9260
5110 1.2593
5111 5.2172
5112 2.4776
5113 9.7352
5114 1.6223
5115 0.3841
5116 1.9096
5117 0.9450
5118 3.8799
5119 0.6097
5120 3.1168
5121 1.8261
5122 1.2820
5123 1.9039
5124 0.8369
5125 3.3439
5126 4.9011
5127 6.7024
5128 12.3434
5129 0.3529
5130 0.2397
5131 1.1722
5132 0.9159
5133 2.9863
5134 0.7722
5135 0.5450
5136 1.4816
5137 0.4265
5138 4.6255
5139 9.2575
5140 1.5821
5141 0.4597
5142 0.9245
5143 1.8004
5144 1.3449
5145 3.2698
5146 2.2225
5147 0.8551
5148 0.8896
5149 5.9662
5150 0.8800
5151 2.7151
5152 1.2544
5153 0.4531
5154 0.2976
5155 1.3763
5156 0.7636
5157 2.9861
5158 1.8318
5159 1.7158
5160 3.5004
5161 1.3722
5162 0.6021
5163 2.0683
5164 1.2585
5165 1.7151
5166 4.3876
5167 6.4546
5168 2.2548
5169 0.4012
5170 1.9518
5171 2.8219
5172 2.1386
5173 0.1898
5174 0.6798
5175 12.0074
5176 0.7279
5177 3.1689
5178 7.5462
5179 1.0319
5180 7.8188
5181 5.0488
5182 1.0372
5183 1.4853
5184 2.2605
5185 2.2713
5186 2.8268
5187 1.6488
5188 0.5137
5189 2.1375
5190 0.5393
5191 1.4007
5192 0.5090
5193 16.7639
5194 1.5486
5195 4.3963
5196 1.6343
5197 0.3536
5198 1.9236
5199 0.4028
5200 0.7296
5201 2.7063
5202 0.7176
5203 4.4236
5204 0.4071
5205 0.7043
5206 0.3258
5207 2.0138
5208 0.6273
5209 0.4656
5210 0.2879
5211 4.3626
5212 1.6624
5213 3.1289
5214 1.2399
5215 3.0771
5216 2.9699
5217 3.2367
5218 2.2037
5219 0.3975
5220 2.7411
5221 2.9175
5222 1.6017
5223 2.3801
5224 1.2920
5225 0.1937
5226 1.1830
5227 0.9406
5228 0.9976
5229 0.9575
5230 0.6807
5231 0.6990
5232 17.9804
5233 0.2028
5234 4.1839
5235 3.0551
5236 1.2072
5237 0.7479
5238 1.1078
5239 3.1631
5240 1.4189
5241 1.0499
5242 1.5464
5243 0.3472
5244 1.5857
5245 5.5867
5246 1.5242
5247 0.7370
5248 0.4517
5249 2.6529
5250 1.9857
5251 1.8160
5252 1.2073
5253 1.3940
5254 6.0085
5255 2.7727
5256 2.2047
5257 3.3449
5258 1.1443
5259 1.0293
5260 0.5558
5261 1.4122
5262 3.2276
5263 0.5492
5264 2.5777
5265 2.1511
5266 0.5534
5267 1.0610
5268 1.6487
5269 1.7197
5270 0.8821
5271 4.4845
5272 2.2460
5273 1.6340
5274 1.9309
5275 1.8436
5276 1.5928
5277 2.0791
5278 0.4010
5279 1.0154
5280 5.4516
5281 4.0493
5282 2.3346
5283 1.1961
5284 0.8465
5285 4.3243
5286 4.3342
5287 5.3155
5288 4.2037
5289 4.9312
5290 0.9582
5291 1.4405
5292 0.4843
5293 1.2100
5294 1.4046
5295 1.8420
5296 2.6433
5297 3.2266
5298 2.1336
5299 2.8563
5300 1.2869
5301 3.7074
5302 0.3523
5303 2.4145
5304 1.9254
5305 4.9297
5306 2.9096
5307 2.4435
5308 1.9937
5309   NaN
5310 0.2360
5311 0.3589
5312 0.7476
5313 0.8269
5314 0.8366
5315 0.8693
5316 0.8373
5317 1.8596
5318 1.2002
5319 0.8291
5320 0.8664
5321 3.6680
5322 1.5559
5323 3.6294
5324 0.8419
5325 0.9112
5326 4.7062
5327 0.7439
5328 2.2545
5329 5.8974
5330 0.4790
5331 0.3526
5332 0.5413
5333 3.3641
5334 1.5492
5335 9.0443
5336 1.9821
5337 1.5497
5338 1.0861
5339 0.4792
5340 1.2718
5341 2.0069
5342 0.8766
5343 2.5668
5344 0.8631
5345 2.6324
5346 0.9150
5347 0.2982
5348 0.5934
5349 3.6836
5350 12.6181
5351 1.7950
5352 1.5058
5353 1.1625
5354 1.2207
5355 1.0948
5356 2.9120
5357 1.9477
5358 2.2813
5359 0.4813
5360 0.3337
5361 1.0406
5362 1.4273
5363 2.3139
5364 1.5540
5365 0.6226
5366 5.9314
5367 2.6598
5368 1.0629
5369 0.6968
5370 1.8713
5371 3.8870
5372 2.2582
5373 1.4428
5374 1.8576
5375 3.4002
5376 0.6883
5377 0.8000
5378 1.3698
5379 1.5081
5380 0.9862
5381 3.1575
5382 0.5606
5383 3.1287
5384 0.9628
5385 2.2759
5386 5.0808
5387 3.0656
5388 0.4446
5389 0.1891
5390 0.6761
5391 1.0669
5392 0.8815
5393 0.6014
5394 1.0003
5395 7.8938
5396 1.4346
5397 1.1844
5398 0.5829
5399 1.1137
5400 1.4750
5401 8.4237
5402 4.3481
5403 0.2868
5404 0.4996
5405 2.5936
5406 0.4042
5407 0.3752
5408 4.4770
5409 0.3821
5410 3.3494
5411 0.8699
5412 0.6310
5413 1.9531
5414 0.9872
5415 1.9665
5416 0.3626
5417 2.1119
5418 1.9500
5419 1.8083
5420 5.4890
5421 0.4596
5422 1.0353
5423 1.0730
5424 0.5524
5425 1.2578
5426 2.6103
5427 0.3036
5428 1.3243
5429 0.6161
5430 0.8930
5431 1.4059
5432 0.4324
5433 1.9814
5434 1.0126
5435 1.2005
5436 1.7238
5437 1.6062
5438 5.7575
5439 2.4366
5440 0.4608
5441 3.3939
5442 7.2965
5443 1.1372
5444 2.7075
5445 6.5330
5446 0.6076
5447 2.4463
5448 1.8662
5449 2.8049
5450 2.8341
5451 0.4134
5452 2.5084
5453 3.5569
5454 1.5456
5455 2.9590
5456 0.1713
5457 2.0686
5458 1.3900
5459 0.8037
5460 0.9821
5461 0.7969
5462 2.6851
5463 1.4460
5464 12.6152
5465 2.9917
5466 1.4592
5467 0.3615
5468 2.0016
5469 1.3095
5470 1.6174
5471 1.5055
5472 12.1450
5473 4.3511
5474 1.6099
5475 1.2664
5476 2.6465
5477 8.8150
5478   NaN
5479 0.4298
5480 3.6062
5481 1.1356
5482 6.3168
5483 1.1746
5484 0.7750
5485 4.3352
5486 0.9860
5487 0.3301
5488 2.7857
5489 0.8245
5490 2.3957
5491 0.4927
5492 1.1210
5493 0.3406
5494 3.4670
5495 0.7746
5496 0.5685
5497 1.2799
5498 0.9518
5499 1.4376
5500 0.7740
5501 3.4277
5502 2.9181
5503 2.6467
5504 0.7473
5505 3.4588
5506 0.5106
5507 1.2378
5508 1.3438
5509 1.1318
5510 3.5092
5511 1.5781
5512 1.8076
5513 2.9916
5514 3.1349
5515 1.5316
5516 1.6295
5517 1.2349
5518 3.8032
5519 0.3956
5520 0.2746
5521 0.6154
5522 1.3949
5523 5.8054
5524 0.2483
5525 1.0241
5526 0.5448
5527 1.8566
5528 0.1725
5529 0.1675
5530 2.3598
5531 1.6115
5532 4.5284
5533 4.2616
5534 5.9156
5535 0.5104
5536 2.3890
5537 2.7061
5538 2.6757
5539 2.0928
5540 0.7781
5541 2.0434
5542 7.3475
5543 2.2244
5544 3.7057
5545 0.5948
5546 1.5448
5547 0.8755
5548 3.6897
5549 1.7143
5550 1.6553
5551 3.3425
5552 2.0734
5553 1.7599
5554 1.1315
5555 0.6319
5556 0.4005
5557 4.1398
5558 1.7545
5559 0.3037
5560 0.2372
5561 3.8148
5562 1.1143
5563 0.7796
5564 10.4238
5565 5.6099
5566 1.1260
5567   NaN
5568 1.0400
5569 1.5556
5570 1.1866
5571 0.6497
5572 5.3028
5573 2.9121
5574 1.3068
5575 1.2409
5576 0.3827
5577 2.0673
5578 11.9806
5579 0.5647
5580 1.9903
5581 2.0102
5582   NaN
5583 1.3457
5584 1.4849
5585 1.1994
5586 2.4435
5587 6.3329
5588 3.4223
5589 3.2720
5590 4.8994
5591 6.4352
5592 2.0453
5593 1.0812
5594 0.6075
5595 2.1131
5596 1.4745
5597 3.7043
5598 1.6772
5599 0.5477
5600 0.6863
5601 1.3102
5602 0.7035
5603 1.5571
5604 0.7552
5605 0.3752
5606 0.3073
5607 0.8328
5608 3.3429
5609 2.6497
5610 4.0428
5611 1.6542
5612 1.4253
5613 2.7455
5614 2.1340
5615 0.5316
5616 1.5696
5617 2.3748
5618 0.8098
5619 1.2172
5620 2.9115
5621 2.0283
5622 0.6964
5623 0.4973
5624 1.4029
5625 2.2923
5626 1.4324
5627 3.7171
5628 3.1033
5629 1.8487
5630 2.4094
5631 2.8140
5632 0.8004
5633 2.5901
5634 2.2891
5635 2.1910
5636 4.1840
5637 0.8949
5638 1.4816
5639 7.6554
5640 3.1204
5641 0.2666
5642 0.3730
5643 0.5092
5644 1.0341
5645 0.9312
5646 0.4082
5647 3.0632
5648 2.4309
5649 1.8605
5650 4.7601
5651 1.6683
5652 1.2789
5653 11.7547
5654 0.8760
5655 2.0665
5656 0.8636
5657 3.6780
5658 3.1235
5659 4.7131
5660 6.3433
5661 1.2181
5662 0.6085
5663 0.8450
5664 1.2523
5665 0.6899
5666 0.3709
5667 0.4650
5668 1.8033
5669 1.1437
5670 2.0888
5671 1.1531
5672 1.2642
5673 3.0666
5674 2.0718
5675 0.3172
5676 0.3823
5677 13.6879
5678 1.7003
5679 0.9711
5680 6.6329
5681 2.1218
5682 2.2763
5683 3.5913
5684 13.1793
5685 3.6433
5686 2.6733
5687 2.8888
5688 0.8074
5689 2.4137
5690 1.3770
5691 2.0732
5692 2.0141
5693 2.8325
5694 5.2389
5695 0.4673
5696 0.4774
5697 2.2217
5698 12.0288
5699 3.7276
5700 4.2202
5701 5.6059
5702 5.9060
5703 3.4593
5704 0.6229
5705 0.7784
5706 3.6390
5707 0.1965
5708 6.2263
5709 1.6492
5710 0.4483
5711 1.4326
5712 3.0338
5713 2.6104
5714 2.2111
5715 1.2981
5716 1.9220
5717 1.3865
5718 1.3307
5719 0.7763
5720 0.5695
5721 0.6550
5722 2.0634
5723 0.5335
5724 1.3762
5725 1.5410
5726 0.7504
5727 3.8066
5728 1.6881
5729 3.5366
5730 0.6280
5731 6.4333
5732 0.2713
5733 6.5375
5734 2.9052
5735 2.6658
5736 1.2102
5737 3.8889
5738 2.9047
5739 0.8716
5740 3.0232
5741 1.1255
5742 0.8050
5743 7.0430
5744 4.7445
5745 2.8946
5746 1.5873
5747 4.0112
5748 4.3158
5749 3.9655
5750 3.9327
5751 1.4958
5752 0.1663
5753 6.4535
5754 0.7026
5755 1.1344
5756 1.3477
5757 0.7634
5758 2.3282
5759 6.0614
5760 2.4493
5761 3.7140
5762 0.5939
5763 0.4240
5764 0.6867
5765 5.0441
5766 2.5158
5767 0.2248
5768 2.9082
5769 0.5463
5770 1.2593
5771 3.4355
5772 2.2103
5773 0.6814
5774 0.7164
5775 0.7593
5776 0.7886
5777 5.9209
5778 0.8480
5779 4.9688
5780 0.8265
5781 2.4365
5782 1.7099
5783 1.7875
5784 2.4433
5785 1.4409
5786 0.7294
5787 0.1671
5788 5.4968
5789 2.4100
5790 0.8004
5791 1.0956
5792 0.4080
5793 0.3781
5794 3.5805
5795 1.4766
5796 0.5681
5797 0.5172
5798 1.9334
5799 0.6599
5800 0.4449
5801 1.5972
5802 3.7618
5803 1.0772
5804 5.0186
5805 3.3566
5806 1.1955
5807 1.8271
5808 1.6592
5809 2.0937
5810 3.1291
5811 5.1757
5812 1.6898
5813 1.1986
5814 3.1347
5815 2.0010
5816 1.3669
5817 0.5859
5818 1.8437
5819 8.7567
5820 1.1600
5821 1.6254
5822 2.3486
5823 1.2940
5824 1.7808
5825 2.7609
5826 3.1592
5827 1.5455
5828 1.9706
5829 2.1867
5830 2.5461
5831 0.7285
5832 1.2041
5833 0.3789
5834 2.2497
5835 3.3388
5836 4.2495
5837 0.4025
5838 0.8553
5839 3.1562
5840 1.2577
5841 3.0106
5842 1.1834
5843 0.2708
5844 0.1777
5845 1.4195
5846 1.3316
5847 0.4335
5848 0.6684
5849 0.4185
5850 1.2258
5851 3.7693
5852 8.2815
5853 1.9661
5854 3.2618
5855 1.2369
5856 2.2411
5857 2.7458
5858 2.2873
5859 0.3478
5860 0.9189
5861 0.6778
5862 0.3091
5863 4.1876
5864 1.6524
5865 1.0794
5866 0.9634
5867 2.4234
5868 0.3135
5869 1.2628
5870 3.0869
5871 0.1802
5872 0.4802
5873 0.4065
5874 2.6111
5875 2.4239
5876 1.4142
5877 9.5558
5878 1.1533
5879 11.3525
5880 0.7203
5881 0.1692
5882 2.8970
5883 2.3659
5884 1.9272
5885 2.8411
5886 0.3837
5887 1.2400
5888 1.6129
5889 2.0187
5890 3.3656
5891 5.0292
5892 0.6183
5893 7.2822
5894 0.5065
5895 3.0062
5896 1.4661
5897 6.1702
5898 0.7379
5899 0.8571
5900 0.3797
5901 1.7768
5902 1.6330
5903 5.4758
5904 1.8988
5905 3.3855
5906 0.5071
5907 1.6483
5908 1.3194
5909 8.9745
5910 2.9949
5911 0.9884
5912 0.2985
5913 12.0526
5914 4.0331
5915 4.9283
5916 0.2243
5917 0.5110
5918 0.5983
5919 2.9223
5920 2.7651
5921 1.7424
5922 4.0187
5923 2.3854
5924 4.3789
5925 2.0400
5926 0.4292
5927 0.5892
5928 0.4808
5929 1.2185
5930 5.0494
5931 1.2602
5932 0.6917
5933 2.7378
5934 3.7508
5935 0.7641
5936 2.6690
5937 1.6508
5938 1.9566
5939 0.7215
5940 3.5269
5941 2.4750
5942 5.4369
5943 1.7774
5944 4.4342
5945 1.3601
5946 5.0956
5947 3.8305
5948 4.2282
5949 0.4616
5950 2.8607
5951 0.5605
5952 0.8015
5953 1.4791
5954 4.7761
5955 3.0759
5956 1.7583
5957 2.6324
5958 1.0755
5959 1.1319
5960 1.7310
5961 0.8998
5962 0.5936
5963 1.9491
5964 0.2323
5965 1.4733
5966 2.5954
5967 3.3694
5968 0.1318
5969 0.2138
5970 0.2323
5971 0.6896
5972 1.4411
5973 0.3686
5974 7.0855
5975 0.4346
5976 0.8558
5977 1.2667
5978 0.4817
5979 5.6419
5980 0.6781
5981 0.4038
5982 9.8587
5983 1.1554
5984 3.1673
5985 2.5596
5986 3.7711
5987 0.8683
5988 0.5367
5989 1.0485
5990 1.4412
5991 7.7802
5992 1.2229
5993 1.8816
5994 1.0020
5995 0.3907
5996 1.6522
5997 0.4016
5998 0.7150
5999 0.9566
6000 2.8111
6001 0.8403
6002 0.6777
6003 1.5101
6004 5.9504
6005 1.3013
6006 3.0479
6007 1.9373
6008 2.8485
6009 0.9636
6010 0.8369
6011 0.9537
6012 0.5828
6013 0.1810
6014 1.5391
6015 0.6695
6016 1.2368
6017 0.9350
6018 0.6879
6019 1.9077
6020 0.4128
6021 1.5940
6022 7.1406
6023 3.0359
6024 0.9295
6025 1.1367
6026 1.4812
6027 1.8287
6028 0.5348
6029 0.4846
6030 2.8930
6031 1.0312
6032 1.7557
6033 1.0938
6034 1.4038
6035 1.6877
6036 1.0537
6037 0.4152
6038 1.4819
6039 2.0265
6040 1.2871
6041 1.7310
6042 2.0687
6043 1.1892
6044 0.8230
6045 0.4962
6046 1.0410
6047 1.1306
6048 5.8208
6049 1.5241
6050 0.7607
6051 1.2531
6052 0.5597
6053 0.8760
6054 1.5197
6055 1.4737
6056 1.6826
6057 1.5166
6058 4.7256
6059 11.2451
6060 1.0541
6061 2.6725
6062 1.1411
6063 2.3715
6064 2.0443
6065 1.7767
6066 2.5781
6067 1.4008
6068 4.5382
6069 0.3093
6070 0.8097
6071 0.7741
6072 3.8284
6073 1.6735
6074 0.3975
6075 1.6176
6076 1.8135
6077 2.3578
6078 2.3107
6079 1.4142
6080 3.4271
6081 0.6463
6082 2.5749
6083 4.1115
6084 5.6277
6085 3.1424
6086 1.1738
6087 2.5800
6088 0.8889
6089 1.3719
6090 4.2947
6091 1.2352
6092 1.5112
6093 3.8563
6094 4.5187
6095 7.2176
6096 0.9500
6097 3.6455
6098 3.5048
6099 1.8251
6100 1.4682
6101 1.4334
6102 1.2845
6103 1.7993
6104 1.6362
6105 7.1942
6106 1.1759
6107 1.2982
6108 0.3494
6109 2.8208
6110 3.3845
6111 1.3074
6112 1.9073
6113 2.4316
6114 2.3083
6115 1.6873
6116 2.1634
6117 0.7448
6118 0.6919
6119 1.3985
6120 2.5160
6121 1.5653
6122 9.0984
6123 1.0060
6124 2.2095
6125 1.0502
6126 1.4676
6127 1.0084
6128 8.1520
6129 0.3195
6130 1.3284
6131 3.2073
6132   NaN
6133 10.3418
6134 0.3931
6135 0.8044
6136 1.2925
6137 3.0132
6138 1.3361
6139 5.2822
6140 0.9760
6141 0.5619
6142 3.0814
6143 3.3834
6144 3.4700
6145 2.1576
6146 1.4418
6147 1.4234
6148 5.7569
6149 0.4121
6150 0.9677
6151 0.8016
6152 2.3053
6153 1.5831
6154 1.6416
6155 0.5883
6156 1.5567
6157 8.6782
6158 1.4919
6159 7.9881
6160 2.0693
6161 1.1093
6162 0.3657
6163 2.0402
6164 1.4709
6165 0.8162
6166 2.8632
6167 2.6044
6168 1.5564
6169 1.4546
6170 2.0125
6171 8.3130
6172 3.5762
6173 0.3491
6174 1.1540
6175 1.5479
6176 2.4712
6177 4.5902
6178 1.5619
6179 3.0187
6180 2.0463
6181 4.3314
6182 2.0370
6183 4.5617
6184 0.9621
6185 2.1545
6186 1.8890
6187 1.2428
6188 1.2535
6189 1.7601
6190 4.8933
6191 1.4651
6192 0.3635
6193 1.3474
6194 0.6259
6195 0.9967
6196 2.3326
6197 0.8394
6198 2.2587
6199 7.4556
6200 3.2207
6201 1.4848
6202 2.0231
6203 1.5586
6204 0.7478
6205 1.0122
6206 1.2068
6207 8.7078
6208 3.5154
6209 0.6581
6210 3.5174
6211 3.1495
6212 3.3876
6213 3.4230
6214 1.1359
6215 3.4738
6216 14.6511
6217 3.9251
6218 1.9418
6219 0.6311
6220 8.0801
6221 2.2086
6222 3.3688
6223 3.7976
6224 4.0249
6225 0.5609
6226 8.3387
6227 2.5309
6228 0.5653
6229 2.5417
6230 5.8953
6231 1.9571
6232 1.8111
6233 1.8454
6234 0.2554
6235 2.1486
6236 3.1695
6237 1.6981
6238 2.1327
6239 7.4978
6240 2.7033
6241 1.3167
6242 3.4996
6243 3.9264
6244 5.5195
6245 1.4901
6246 1.3351
6247 0.7512
6248 1.0496
6249 4.0202
6250 1.2096
6251 1.3316
6252 2.9671
6253 0.7555
6254 0.7008
6255 1.1989
6256 1.1783
6257 1.7809
6258 1.3205
6259 0.4926
6260 1.8625
6261 1.9928
6262 3.2138
6263 1.7428
6264 2.2901
6265 1.9272
6266 3.9521
6267 0.8563
6268 1.2324
6269 4.6281
6270 2.2777
6271 3.1879
6272 5.3923
6273 3.6666
6274 1.0719
6275 4.0388
6276 2.3275
6277 4.4881
6278 3.0899
6279 1.2073
6280 1.0627
6281 1.3146
6282 1.3652
6283 0.4012
6284 2.0690
6285 0.6221
6286 2.6932
6287 3.0084
6288 0.7994
6289 3.6306
6290 2.2708
6291 0.4992
6292 0.3791
6293 0.3383
6294 1.2349
6295 0.6209
6296 1.9978
6297 0.5798
6298 2.3241
6299 1.0468
6300 1.8677
6301 2.6790
6302 6.7944
6303 3.6350
6304 2.1564
6305 3.9446
6306 2.8191
6307 1.5947
6308 0.9114
6309 1.8276
6310 1.3015
6311 1.6152
6312 1.5593
6313 0.9230
6314 0.9973
6315 4.0234
6316 2.2881
6317 5.2917
6318 2.3375
6319 2.9474
6320 1.1634
6321 0.3030
6322 0.4742
6323 0.3844
6324 0.5711
6325 0.4677
6326 3.3821
6327 5.4649
6328 14.4062
6329 5.5896
6330 7.6966
6331 2.2407
6332 0.2772
6333 6.3987
6334 0.2852
6335 1.3918
6336 1.9318
6337 2.5523
6338 1.0449
6339 1.5610
6340 3.0677
6341 3.0400
6342 4.0280
6343 1.8409
6344 0.5333
6345 3.0707
6346 1.3916
6347 5.5736
6348 2.7727
6349 1.2696
6350 2.0514
6351 11.0460
6352 0.8856
6353 1.5241
6354 4.0691
6355   NaN
6356 1.2191
6357 0.9023
6358 5.0164
6359 5.1448
6360 2.7662
6361 1.6178
6362 2.7165
6363 3.8619
6364 1.3538
6365 0.9546
6366 1.2328
6367 1.2567
6368 6.0780
6369 4.9494
6370 1.9059
6371 0.3788
6372 1.4649
6373 2.5654
6374 0.7715
6375 1.6804
6376 0.3604
6377 2.1619
6378 0.4189
6379 0.7183
6380 7.9194
6381 3.1103
6382 2.0388
6383 0.9650
6384 1.3203
6385 0.2156
6386 3.7222
6387 2.3975
6388 3.7373
6389 1.4376
6390 2.1752
6391 1.1821
6392 0.4645
6393 10.6548
6394 2.6560
6395 1.6935
6396 4.1428
6397 1.0979
6398 0.3694
6399 0.5688
6400 1.3545
6401 1.3480
6402 2.1860
6403 2.0282
6404 2.4744
6405 1.7529
6406 2.7250
6407 4.5812
6408 4.1104
6409 0.2080
6410 2.6862
6411 1.1930
6412 0.7070
6413 0.5964
6414 5.0178
6415 0.3498
6416 3.6697
6417 0.6280
6418 0.8437
6419 2.4867
6420 0.8513
6421 1.5636
6422 0.2758
6423 4.3856
6424 0.7440
6425 1.2306
6426 1.1136
6427 3.7652
6428 8.9189
6429 1.4890
6430 1.6156
6431 0.5087
6432 3.6707
6433 0.5067
6434 5.4703
6435 3.1774
6436 0.2959
6437 8.4976
6438 1.7127
6439 1.2199
6440 0.7847
6441 0.8585
6442 0.5651
6443 1.5105
6444 0.6947
6445 1.2895
6446 2.4637
6447 1.2982
6448 0.6288
6449 1.3228
6450 0.9438
6451 0.9348
6452 14.5628
6453 0.4367
6454 2.8487
6455 0.9106
6456 1.3802
6457 0.7435
6458 0.7968
6459 2.3539
6460 0.2165
6461 1.2239
6462 1.4883
6463 1.0788
6464 3.7704
6465 1.0081
6466 2.1293
6467 6.1142
6468 1.7934
6469 0.6011
6470 1.1139
6471 4.6732
6472 0.9731
6473 1.7919
6474 1.0733
6475 1.1700
6476 14.1083
6477 0.5315
6478 1.1102
6479 0.3108
6480 3.2426
6481 0.3594
6482 2.2470
6483 6.0926
6484 0.8964
6485 4.4889
6486 0.5696
6487 0.8590
6488 2.6035
6489 3.0250
6490 2.4779
6491 6.0563
6492 5.8771
6493 0.3817
6494 3.2334
6495 13.0998
6496 0.6853
6497 0.3532
6498 2.7560
6499 2.4790
6500 1.2125
6501 8.6787
6502 1.9643
6503 2.4349
6504 1.3703
6505 1.8156
6506 1.9587
6507 3.8356
6508 2.5277
6509 1.6338
6510 1.6118
6511 0.7041
6512 1.5369
6513 1.0467
6514 10.0770
6515 3.7356
6516 1.9009
6517 0.8039
6518 2.2248
6519 1.7887
6520 3.1417
6521 0.4244
6522 1.2111
6523 1.3873
6524 7.1739
6525 1.1034
6526 3.1140
6527 1.6145
6528 2.1020
6529 3.7866
6530 7.1643
6531 10.9999
6532 1.6076
6533 2.7286
6534 2.1475
6535 1.3180
6536 6.2758
6537 1.3595
6538 1.1808
6539 1.1443
6540 0.6274
6541 1.3988
6542 2.1473
6543 1.0313
6544 0.5820
6545 0.2531
6546 1.7561
6547 0.9937
6548 0.3419
6549 3.1483
6550 0.2084
6551 2.5717
6552 0.2964
6553 0.2029
6554 20.5276
6555 0.1834
6556 2.3705
6557 2.0998
6558 0.2795
6559 0.9219
6560 1.5210
6561 0.2881
6562 1.1187
6563 0.9107
6564 0.1998
6565 1.9206
6566 0.5276
6567 0.4606
6568 1.2527
6569 4.4597
6570 1.9264
6571 1.2867
6572 0.4046
6573 2.7651
6574 1.0334
6575 1.4532
6576 1.6140
6577 1.1539
6578 1.1441
6579 3.4400
6580 11.2392
6581 1.7645
6582 2.1225
6583 7.4108
6584 0.4663
6585 1.6817
6586 3.5756
6587 0.8219
6588 1.2235
6589 3.1678
6590 1.8116
6591 1.2395
6592 2.4097
6593 2.7884
6594 1.3016
6595 0.1392
6596 4.4486
6597 4.9676
6598 1.1932
6599 1.8557
6600 0.6025
6601 2.7457
6602 1.4653
6603 0.4116
6604 0.8435
6605 0.3268
6606 1.1828
6607 0.6275
6608 2.1542
6609 3.0703
6610 2.0768
6611 5.9882
6612 1.7993
6613 3.8527
6614 0.7071
6615 4.3277
6616 0.8116
6617 1.8091
6618 2.0038
6619 0.4714
6620 3.0068
6621 1.7024
6622 4.8977
6623 3.8859
6624   NaN
6625 0.2098
6626 0.2801
6627 1.1635
6628 0.3516
6629 1.5927
6630 4.4045
6631 3.5089
6632 0.5931
6633 0.3616
6634 0.1767
6635 1.4887
6636 1.6243
6637 2.6942
6638 1.9789
6639 0.8147
6640 0.4889
6641 3.0296
6642 0.7238
6643 3.0770
6644 0.8880
6645 0.5195
6646 1.2950
6647 0.4043
6648 5.8952
6649 1.3364
6650 9.6315
6651 1.6485
6652 8.1843
6653 15.2948
6654 0.6912
6655 2.2694
6656 0.9180
6657 4.4046
6658 3.5492
6659 3.6354
6660 11.6336
6661 0.4743
6662 0.5971
6663 5.4282
6664 3.7808
6665 2.2187
6666 7.0858
6667 7.7077
6668 0.3397
6669 0.4797
6670 1.3708
6671 0.9254
6672 5.3633
6673 1.5931
6674 7.9155
6675 3.5743
6676 0.6861
6677 3.8156
6678 1.1588
6679 1.1647
6680 0.9751
6681 0.6575
6682 0.5713
6683 0.3600
6684 0.1687
6685 4.8740
6686 1.2559
6687 4.8253
6688 1.1704
6689 1.7691
6690 1.0464
6691 2.2692
6692 1.8778
6693 0.8677
6694 4.4053
6695   NaN
6696 1.7417
6697 1.2380
6698 0.4320
6699 2.3511
6700 0.5017
6701 3.5500
6702 2.3319
6703 0.7521
6704 4.9317
6705 1.6214
6706 1.1104
6707 1.0714
6708 2.8283
6709 2.8870
6710 0.2419
6711 0.4188
6712 2.9175
6713 2.4779
6714 0.6284
6715 2.3765
6716 0.5022
6717 0.1849
6718 2.7181
6719 3.2479
6720 6.6083
6721 1.3956
6722 2.1001
6723 0.5410
6724 0.4358
6725 3.1245
6726 1.8378
6727 0.3617
6728 1.9915
6729 0.7476
6730 6.7726
6731 1.0173
6732 0.3284
6733 2.1283
6734 1.0705
6735 1.9628
6736 1.2658
6737 2.2088
6738 1.1931
6739 7.9234
6740 0.7664
6741 2.6533
6742 5.0985
6743 0.2593
6744 2.2465
6745 0.4195
6746 1.6876
6747 1.0794
6748 0.1687
6749 1.3513
6750 1.7029
6751 2.9555
6752 0.8903
6753 0.8736
6754 1.4119
6755 0.3202
6756 1.2653
6757 2.6062
6758 5.1697
6759 1.2785
6760 1.4035
6761 0.7842
6762 1.9424
6763 2.1810
6764 1.7984
6765 0.2101
6766 1.0886
6767 2.5643
6768 0.6037
6769 3.1241
6770 1.2364
6771 2.5955
6772 1.9111
6773 0.3099
6774 1.0093
6775 4.8688
6776 0.4345
6777 1.1868
6778 1.5044
6779 0.2511
6780 1.3218
6781 2.5610
6782 0.3528
6783 0.8854
6784 5.8397
6785 3.9080
6786 1.8281
6787 2.2776
6788 0.5310
6789 1.6746
6790 0.7084
6791 0.4952
6792 0.3834
6793 0.6475
6794 0.9197
6795 0.7373
6796 0.5001
6797 2.0270
6798 7.6886
6799 2.4298
6800 3.2587
6801 3.5412
6802 0.8653
6803 2.9956
6804 0.4266
6805 0.9085
6806 6.5030
6807 2.3121
6808   NaN
6809 0.7105
6810 1.1490
6811 5.3021
6812 1.5554
6813 1.1550
6814 0.9029
6815 1.4185
6816 1.3229
6817 1.4645
6818 1.8715
6819 0.9036
6820 11.5185
6821 3.4072
6822 2.5022
6823 0.4485
6824 2.2774
6825 6.0446
6826 1.2077
6827 0.7751
6828 1.7051
6829 9.6219
6830 1.1551
6831 1.8226
6832 1.2706
6833 1.8485
6834 1.1459
6835 2.1122
6836 0.1863
6837 3.3447
6838 0.8860
6839 2.6144
6840 1.2242
6841 1.4520
6842 1.6279
6843 1.5559
6844 1.7210
6845 3.2835
6846 2.0118
6847 2.5329
6848 2.2342
6849 1.8687
6850 1.1055
6851 4.3698
6852 3.9610
6853 5.7008
6854 0.8493
6855 4.0568
6856 0.6691
6857 1.6483
6858 1.0535
6859 1.3104
6860 10.2542
6861 0.7257
6862 4.5616
6863 2.1527
6864 1.4886
6865 0.3846
6866 0.3523
6867 0.1916
6868 6.1800
6869 2.3805
6870 3.7822
6871 4.6392
6872 1.1577
6873 1.5854
6874 1.7373
6875 8.8288
6876 2.7420
6877 3.6583
6878 2.7906
6879 1.2371
6880 2.8822
6881 1.6453
6882 0.5535
6883 1.5763
6884 3.6207
6885 1.9531
6886 0.9724
6887 1.1133
6888 3.7683
6889 0.4792
6890 1.0126
6891 7.5851
6892 1.6928
6893 0.5777
6894 0.5325
6895 0.4359
6896 0.3980
6897 0.4523
6898 0.9310
6899 0.8761
6900 0.9116
6901 0.8071
6902 0.3869
6903 2.9663
6904 5.0131
6905 1.9794
6906 0.8752
6907 1.3056
6908 6.0080
6909 2.9599
6910 1.4081
6911 4.1960
6912 0.5293
6913 1.8069
6914 0.9146
6915 0.4406
6916 0.8943
6917 1.6151
6918 3.0497
6919 3.9305
6920 0.9816
6921 1.4427
6922 15.2702
6923 1.3027
6924 2.0628
6925 3.7765
6926 3.6397
6927 0.7803
6928 0.9023
6929 1.9874
6930 0.6596
6931 1.3803
6932 1.1114
6933 0.6901
6934 2.2051
6935 2.0918
6936 0.4328
6937 2.3492
6938 1.4541
6939 0.9536
6940 1.7072
6941 3.0372
6942 9.2406
6943 4.5775
6944 0.4379
6945 1.2237
6946 3.4889
6947   NaN
6948 0.5125
6949 2.9519
6950 3.4688
6951 1.9936
6952 1.2794
6953 2.9750
6954 1.2024
6955 1.7094
6956 1.6334
6957 3.7970
6958 2.4739
6959 2.4930
6960 0.2517
6961 1.1987
6962 1.6972
6963 0.8265
6964 0.5528
6965 7.0557
6966 0.2154
6967 5.4065
6968 1.0624
6969 1.0684
6970 1.3181
6971 3.2574
6972 0.1970
6973 1.9766
6974 1.6092
6975 0.3865
6976 1.5498
6977 2.5424
6978 2.1945
6979 6.7662
6980 0.4201
6981 1.9372
6982 4.0494
6983 5.9953
6984 2.2775
6985 11.7787
6986 2.0243
6987 3.1402
6988 3.5262
6989 1.8160
6990 6.4461
6991 0.4699
6992 2.3057
6993 6.7452
6994 0.3342
6995 3.7106
6996 1.1370
6997 3.5929
6998 3.7289
6999 1.2372
7000 5.7875
7001 0.8822
7002 1.2813
7003 2.2915
7004 2.5148
7005 3.0999
7006 3.2755
7007 1.2635
7008 2.4440
7009 0.2080
7010 1.5813
7011 0.3690
7012 6.8633
7013 2.3264
7014 0.7394
7015 2.0077
7016 18.9872
7017 5.9577
7018 1.6945
7019 3.3406
7020 6.9094
7021 3.2122
7022 13.7875
7023 3.1471
7024 1.3292
7025 0.6783
7026 4.0957
7027 1.4751
7028 0.8857
7029 1.1204
7030 2.6864
7031 4.0216
7032 0.8134
7033 2.0265
7034 1.3780
7035 0.5917
7036 8.3408
7037 0.9044
7038 0.3828
7039   NaN
7040 2.5080
7041 0.5819
7042 0.5604
7043 2.2709
7044 8.0786
7045 3.3421
7046 1.6947
7047 3.7415
7048 2.2285
7049 2.1418
7050 0.3644
7051 1.2152
7052 1.9527
7053 2.2750
7054 1.8113
7055   NaN
7056 2.6148
7057 1.6213
7058 2.6773
7059 0.1955
7060   NaN
7061 3.5175
7062 1.2852
7063 2.6029
7064 1.3774
7065 1.9563
7066 3.9689
7067 1.7199
7068 0.5771
7069 1.3462
7070 10.9008
7071 1.2205
7072 0.7369
7073 1.6013
7074 2.0728
7075 0.6303
7076 2.2012
7077 2.1472
7078 1.9529
7079 0.9072
7080 1.9298
7081 3.4329
7082 1.3422
7083 3.5442
7084 1.2851
7085 1.0591
7086 1.4998
7087 1.3463
7088 0.9786
7089 6.3095
7090 1.2675
7091 2.8666
7092 8.5036
7093 7.5122
7094 0.7196
7095 0.8583
7096 2.4279
7097 2.4601
7098 1.8818
7099 0.5987
7100 0.8497
7101 1.5986
7102 1.7298
7103 2.1400
7104 0.6574
7105 2.7869
7106 0.6116
7107 2.6821
7108 1.3075
7109 1.3503
7110 0.6459
7111 1.9277
7112 0.8633
7113 1.6338
7114 0.6104
7115 5.1265
7116 1.3379
7117 1.8562
7118 2.6791
7119 0.3698
7120 0.9855
7121 3.9769
7122 9.0213
7123 2.7870
7124 0.4195
7125 0.8893
7126   NaN
7127 6.1199
7128 3.0467
7129 2.8123
7130 2.0652
7131 7.2945
7132 5.3260
7133 0.5693
7134 0.9023
7135 0.9884
7136 8.8278
7137 0.6369
7138 1.3040
7139 0.8498
7140 1.6863
7141 1.2779
7142 1.0601
7143 1.0215
7144 1.3771
7145 1.8629
7146 2.0923
7147 1.8597
7148 0.8558
7149 1.0999
7150 0.9065
7151 0.4240
7152 1.5667
7153 1.3992
7154 3.8371
7155 0.2549
7156 1.4815
7157 1.7546
7158 7.5691
7159 4.2179
7160 1.3544
7161 4.4789
7162 0.4347
7163 11.0922
7164 1.1344
7165 6.2153
7166 0.7776
7167 1.9127
7168 1.8428
7169 1.7208
7170 0.6872
7171 1.1052
7172 0.5538
7173 0.8757
7174 0.4947
7175 0.9376
7176 2.1769
7177 2.9480
7178 1.8369
7179 1.7278
7180 2.8204
7181 1.4693
7182 10.3151
7183 0.3664
7184 2.1641
7185 0.4831
7186 1.7376
7187 2.3195
7188 1.0091
7189 1.7297
7190 2.2239
7191 2.2062
7192 0.7355
7193 9.3735
7194 2.7794
7195 4.7583
7196 0.5065
7197 0.2663
7198 0.4339
7199 4.4742
7200 0.8205
7201 0.7949
7202 0.2632
7203 0.8745
7204 0.6810
7205 4.0409
7206 4.2605
7207 1.7571
7208 1.0458
7209 0.3630
7210 6.0990
7211 0.4331
7212 12.8521
7213 3.3569
7214 0.4339
7215 2.6576
7216 0.4832
7217 3.1121
7218 0.4882
7219 1.6662
7220 2.0648
7221 4.9955
7222 2.9525
7223 2.6110
7224 1.9983
7225 1.8867
7226 3.1138
7227 0.4617
7228 2.5614
7229 1.0640
7230 1.5100
7231 3.8837
7232   NaN
7233 0.6908
7234 0.8080
7235 4.3219
7236 0.4814
7237 0.1664
7238 0.4577
7239 1.1623
7240 2.0323
7241 1.1958
7242 3.2013
7243 3.5779
7244 8.6901
7245 0.9095
7246 0.6135
7247 3.1496
7248 1.8795
7249 0.2073
7250 1.4662
7251 1.4694
7252 2.4994
7253 1.6511
7254 0.5545
7255 3.6012
7256 4.3502
7257 0.6934
7258 0.8929
7259 0.1933
7260 2.0670
7261 2.1199
7262 1.2159
7263 0.2350
7264 0.7030
7265 0.8208
7266 1.7299
7267 2.0035
7268 1.7522
7269 1.6767
7270 0.3407
7271 1.9972
7272 3.5891
7273 1.0911
7274 0.6961
7275 4.6860
7276 0.3843
7277 1.9571
7278 1.3286
7279 2.5860
7280 0.8872
7281 1.3580
7282 1.2786
7283 1.2194
7284 3.7256
7285 0.3567
7286 1.3278
7287 2.7680
7288 1.8170
7289 0.5794
7290 4.8537
7291 2.5875
7292 1.3304
7293 5.9497
7294 3.1696
7295 0.4162
7296 0.4488
7297 2.1968
7298 2.3565
7299 7.1136
7300 0.1783
7301 0.3797
7302 1.4602
7303 0.2150
7304 0.7053
7305 1.0414
7306 1.9281
7307 1.2816
7308 1.4427
7309 2.5642
7310 1.9193
7311 1.2699
7312 5.0593
7313 2.0810
7314 2.0887
7315 0.7201
7316 2.7110
7317 0.4422
7318 1.8513
7319 4.4419
7320 2.8968
7321 1.8600
7322 2.8616
7323 0.2204
7324 4.6134
7325 1.3707
7326 0.6653
7327 1.8786
7328 2.2168
7329 2.3804
7330 1.6406
7331 1.1831
7332 2.9772
7333 1.1567
7334 1.4583
7335 1.4166
7336 1.2100
7337 3.1642
7338 1.1174
7339 6.8364
7340 1.8071
7341 2.1218
7342 1.7901
7343 1.4840
7344 0.2905
7345 0.7692
7346 1.3533
7347 2.6419
7348 3.2979
7349 2.1497
7350 0.5538
7351 1.0797
7352 6.7703
7353 0.6975
7354 3.4312
7355 4.1287
7356 1.8181
7357 5.7312
7358 1.7591
7359 1.4062
7360 1.1262
7361 1.0798
7362 1.4459
7363 1.2452
7364 3.6719
7365 0.3533
7366 5.1977
7367 1.4627
7368 1.0344
7369 1.3555
7370 0.7928
7371 1.2959
7372 1.3635
7373 0.9195
7374 1.5831
7375 0.6172
7376 1.3567
7377 0.5433
7378 0.3745
7379 0.7095
7380 1.0956
7381 0.7531
7382 0.3837
7383 0.4063
7384 0.8135
7385 2.6065
7386 1.3246
7387 0.3980
7388 0.5938
7389 1.0095
7390 0.4116
7391 3.3579
7392 0.8872
7393 1.1563
7394 2.2700
7395 2.5533
7396 1.2148
7397 1.8079
7398 0.7641
7399 0.5258
7400 2.3460
7401 12.2131
7402 0.6631
7403 1.4404
7404 4.4495
7405 1.5038
7406 5.5274
7407 1.0523
7408 1.1996
7409 1.8264
7410 1.6469
7411 1.3905
7412 0.6954
7413 5.2533
7414 1.5143
7415 0.7398
7416 0.4129
7417 0.9481
7418 2.3192
7419 0.8044
7420 1.5272
7421 7.4052
7422 2.7528
7423 0.3684
7424 1.0293
7425 1.2888
7426 1.2657
7427 0.6527
7428 1.4010
7429 0.8705
7430 4.7175
7431 1.6535
7432 1.3273
7433 0.8494
7434 2.3595
7435 1.5216
7436 3.4043
7437 2.1585
7438 0.6021
7439 2.5963
7440 8.8325
7441 3.7300
7442 4.1120
7443 3.0685
7444 0.3966
7445 3.1467
7446 1.2164
7447 0.1498
7448 1.5287
7449 1.0831
7450 1.3369
7451 11.9042
7452 3.6729
7453 2.9091
7454 0.2432
7455 0.7710
7456 1.1310
7457 1.6735
7458 1.5493
7459 0.1809
7460 1.4092
7461 7.6469
7462 7.1784
7463 0.4585
7464 1.1716
7465 1.5128
7466 1.0624
7467 1.6622
7468 4.4613
7469 0.6933
7470 3.1070
7471 6.2915
7472 3.2190
7473 1.2810
7474 3.4002
7475 1.5995
7476 4.0632
7477 3.1023
7478 2.4995
7479 0.5469
7480 1.6197
7481 4.4964
7482 0.7482
7483 4.2621
7484 2.5515
7485 3.9216
7486 0.6369
7487 0.6535
7488 0.7362
7489 0.2433
7490 0.8926
7491 1.6148
7492 3.8202
7493 2.6551
7494 0.3496
7495 1.7224
7496 2.0854
7497 0.3365
7498 0.5817
7499 0.9255
7500 1.4368
