   1 28.3102
   2 1.6280
   3 3.7042
   4 4.0822
   5 6.7442
   6 3.8758
   7 1.5021
   8 1.8007
   9 22.4462
  10 4.4330
  11 2.3461
  12 1.7484
  13 3.0507
  14 12.2444
  15 10.6162
  16 5.1698
  17 0.3216
  18 12.2153
  19 15.4360
  20 3.8490
  21 15.0474
  22 5.0914
  23 3.6393
  24 7.5533
  25 1.8766
  26 7.7921
  27 0.7638
  28 19.4504
  29 33.9821
  30 2.0429
  31 3.8700
  32 2.8413
  33 6.2962
  34 12.4960
  35 16.5127
  36 4.5382
  37 0.6502
  38 2.9524
  39 6.9192
  40 3.5905
  41 28.6789
  42 14.2667
  43 0.5915
  44 5.5518
  45 8.0982
  46 3.9965
  47 15.0670
  48 29.9038
  49 28.7187
  50 9.8095
  51 1.3965
  52 6.0679
  53 17.1650
  54 10.2069
  55 1.5848
  56 7.3767
  57 1.8015
  58 6.2008
  59 17.9816
  60 7.3537
  61 9.3543
  62 0.7894
  63 8.9408
  64 12.3978
  65 11.2068
  66 18.2767
  67 9.1902
  68 9.6377
  69 9.5156
  70 16.2439
  71 6.3198
  72 2.5252
  73 2.4286
  74 5.1940
  75 25.2656
  76 10.1827
  77 15.4422
  78 0.8933
  79 5.6885
  80 3.2468
  81 9.7053
  82 12.5629
  83 4.5489
  84 10.3606
  85 5.8697
  86   NaN
  87 6.8470
  88 2.1799
  89 7.2655
  90 0.9547
  91 1.9395
  92 10.8378
  93 10.8311
  94 11.1355
  95 14.7287
  96 7.0808
  97 8.1551
  98 3.7623
  99 6.9725
 100 2.4281
 101 3.0128
 102 7.4306
 103 38.9164
 104 8.0829
 105 3.9579
 106 6.3335
 107 3.0881
 108 9.0567
 109 5.3163
 110 0.3935
 111 7.7787
 112 5.1101
 113 2.9354
 114   NaN
 115 9.4403
 116 14.0242
 117 9.2522
 118 11.4686
 119 1.3165
 120 0.4769
 121 30.9845
 122 32.2187
 123 37.8407
 124 0.3869
 125 2.2454
 126 9.8671
 127 1.7627
 128 4.0300
 129 4.5629
 130 7.4787
 131 7.4239
 132 1.3561
 133 0.6405
 134 4.5127
 135 12.7959
 136 2.6666
 137 10.6862
 138 2.4471
 139 1.8055
 140 0.9595
 141 4.6334
 142 7.2043
 143   NaN
 144 16.6181
 145 32.5831
 146 10.1097
 147 6.4837
 148 22.2640
 149 7.3993
 150 13.2736
 151 6.2084
 152 2.0427
 153 2.8418
 154 5.9661
 155 8.4324
 156 15.5990
 157 5.0488
 158 5.1651
 159 3.6324
 160 10.7975
 161 9.4538
 162 9.1410
 163 16.6628
 164 1.1875
 165 2.9639
 166 1.0455
 167 12.2303
 168 6.6607
 169 17.9377
 170 8.2291
 171 3.9383
 172 4.6270
 173 19.3873
 174 19.0771
 175 6.1985
 176 4.4664
 177 2.1834
 178 2.4347
 179 1.5173
 180 14.0291
 181 24.9522
 182 15.3516
 183 12.2700
 184 35.1691
 185 0.5319
 186 24.2019
 187 12.5994
 188 9.1227
 189 8.0546
 190 1.6531
 191 11.7737
 192 5.3953
 193 0.7264
 194 3.8573
 195 2.8646
 196 2.1695
 197 3.1458
 198 12.4490
 199 1.3184
 200   NaN
 201 6.6287
 202 9.7716
 203 1.9224
 204 3.2548
 205 24.0960
 206 1.8579
 207 1.3680
 208 2.8280
 209 5.9984
 210 4.1584
 211 4.7765
 212 28.7106
 213 1.4004
 214 12.9382
 215 5.2850
 216 2.3809
 217 11.3747
 218 12.2006
 219 14.2152
 220 0.2963
 221 13.1059
 222 3.3389
 223 16.4471
 224 7.5323
 225 4.0656
 226 6.5824
 227 0.7423
 228 10.0248
 229 2.1131
 230 5.0391
 231 4.4829
 232 7.6257
 233 22.1121
 234 10.4716
 235 30.5134
 236 5.6219
 237 17.3461
 238 1.4957
 239 11.0233
 240 3.7732
 241 8.5826
 242 9.1318
 243 1.9989
 244 11.8096
 245 11.3578
 246 16.5775
 247 27.2180
 248 9.6045
 249 3.8067
 250 8.7912
 251 0.7989
 252   NaN
 253 3.6910
 254 15.9866
 255 4.9656
 256 21.7901
 257 1.7811
 258 4.1848
 259 1.2052
 260 3.0402
 261 2.9772
 262 7.6160
 263 18.2103
 264 3.5864
 265 4.8591
 266 2.0692
 267 11.4999
 268 5.2465
 269 9.1446
 270 8.5545
 271 1.0981
 272 11.8409
 273 7.7715
 274 2.6376
 275 9.5725
 276 1.1949
 277   NaN
 278 1.3937
 279 2.5134
 280 4.1109
 281 2.4484
 282 17.1121
 283 2.7406
 284 20.1404
 285 5.8929
 286 2.9566
 287 0.6311
 288 2.9578
 289 2.3563
 290 10.1675
 291 3.6305
 292 6.6619
 293 3.2633
 294 9.5234
 295 22.4950
 296 8.5350
 297 26.2353
 298 14.5698
 299 12.9760
 300 5.0337
 301 9.4324
 302 4.8626
 303 8.2864
 304 4.9172
 305 32.7993
 306 9.7325
 307 4.1847
 308 3.1636
 309 4.4198
 310 17.5650
 311 34.1459
 312 13.4159
 313 34.2782
 314 13.7966
 315 23.5203
 316 15.2313
 317 2.6425
 318 12.3390
 319 18.3902
 320 0.6762
 321 14.9216
 322 1.8286
 323 8.6708
 324 4.8844
 325 0.9714
 326 4.7419
 327 17.5702
 328 12.8668
 329 8.0889
 330 14.1556
 331   NaN
 332 5.7808
 333 11.4777
 334 4.0466
 335 8.3543
 336 9.3617
 337 13.2602
 338 13.6206
 339 1.9763
 340 20.1697
 341 15.3350
 342 30.2613
 343 29.4085
 344 2.0544
 345 0.1640
 346 7.4037
 347 17.8398
 348 0.5720
 349 0.5397
 350 7.6777
 351 0.5174
 352 9.3481
 353 13.1125
 354 12.4559
 355 19.8132
 356 12.2242
 357 5.2053
 358 3.3756
 359 25.6821
 360 11.3334
 361 8.4298
 362 12.3254
 363 1.2451
 364 2.0419
 365 3.4253
 366 10.3915
 367 2.5391
 368 1.3662
 369 7.8015
 370 5.5655
 371 4.5745
 372 1.3774
 373 0.5489
 374 3.5759
 375 12.7271
 376 1.8086
 377 19.5396
 378 10.2728
 379 28.3301
 380 2.1463
 381 11.7564
 382 7.6677
 383 26.5505
 384 34.2439
 385 2.7426
 386 3.4825
 387 3.1822
 388 2.8590
 389 9.0914
 390 31.0650
 391 9.8361
 392 6.5313
 393 14.6638
 394 18.9959
 395 0.4654
 396 7.8523
 397 4.2451
 398 3.6938
 399 9.4193
 400 7.4382
 401 0.6537
 402 3.8291
 403 4.0425
 404 9.8614
 405 0.4941
 406 6.2653
 407 1.2559
 408 4.7974
 409 0.7507
 410 9.2709
 411 13.3733
 412 9.9534
 413 1.8741
 414 33.3230
 415   NaN
 416 17.2128
 417 11.7109
 418 30.0554
 419 2.4379
 420 1.1221
 421 14.0283
 422 1.1622
 423 24.9185
 424 15.0355
 425 4.1609
 426 4.4458
 427 19.7755
 428 18.5939
 429 4.2725
 430 2.5122
 431 1.5798
 432 6.2434
 433 10.8104
 434 8.2537
 435 1.9563
 436 0.8873
 437 0.5457
 438 25.2941
 439 4.2677
 440 8.8011
 441 20.9696
 442 14.9768
 443 10.5446
 444 16.7747
 445 0.1364
 446 2.1754
 447 9.1113
 448 2.9488
 449 22.5719
 450 9.1350
 451 1.6559
 452 13.8345
 453 2.0780
 454 10.9147
 455 7.1237
 456 3.7153
 457 10.3849
 458 7.8369
 459 6.5325
 460 1.7106
 461 6.9644
 462 15.7916
 463 20.6166
 464 4.3652
 465 0.5327
 466 3.1202
 467 8.2930
 468 23.1644
 469 10.8397
 470 2.3023
 471 26.7757
 472 1.5199
 473 3.1059
 474 4.6223
 475 2.0313
 476 9.2528
 477 8.9034
 478 20.7441
 479 8.3015
 480 19.9658
 481 4.8168
 482 1.5757
 483 13.7822
 484 10.0787
 485 20.2516
 486 2.3773
 487 29.7621
 488 3.5294
 489 3.5016
 490 9.7666
 491 31.8956
 492 13.6878
 493 5.0262
 494 0.6910
 495 3.3642
 496 12.1516
 497 1.0896
 498 0.9016
 499 8.9116
 500 1.3715
 501 2.3328
 502 11.0363
 503 13.8721
 504 2.8433
 505 12.2531
 506 9.9484
 507 9.4074
 508 5.7489
 509 17.5870
 510 3.0786
 511 14.0207
 512 2.5611
 513 6.6226
 514 2.3881
 515 4.6798
 516 0.9585
 517 22.4585
 518 27.8339
 519 6.2197
 520 8.4699
 521 1.4351
 522 26.7408
 523 3.7042
 524 1.4427
 525 5.0878
 526 5.8601
 527 14.1983
 528 7.9061
 529 24.3525
 530 5.3206
 531 19.3086
 532 21.1557
 533 3.8293
 534 4.5859
 535 2.0924
 536 8.4040
 537 1.3106
 538 18.0774
 539 1.7978
 540 9.0540
 541 8.8918
 542 5.0973
 543 0.8238
 544 2.8446
 545 12.7693
 546 2.4338
 547 6.6689
 548 24.3366
 549 10.0674
 550 11.4295
 551 1.9669
 552 11.4592
 553 1.6602
 554 7.8925
 555 4.0277
 556 7.2914
 557 6.8790
 558 13.0034
 559 1.0558
 560 5.6632
 561 1.6363
 562 3.9093
 563 3.6390
 564 4.2444
 565 0.9347
 566 3.1910
 567 1.6380
 568 1.5724
 569 25.3550
 570 1.2612
 571 6.4288
 572 1.6843
 573 5.8882
 574 1.8442
 575 13.1960
 576 11.9224
 577 5.5516
 578 0.3916
 579 10.6246
 580 18.4581
 581 1.8088
 582 2.3767
 583 2.3992
 584 15.3619
 585 10.0490
 586 9.8842
 587 2.3801
 588 9.1606
 589 22.9951
 590 13.5742
 591 3.7593
 592 10.5533
 593 2.8449
 594 5.7278
 595 23.1797
 596 13.0949
 597 12.1736
 598 25.8408
 599 7.3443
 600 12.1791
 601 4.7766
 602 2.0333
 603 22.5712
 604 6.4597
 605 11.4843
 606 23.7132
 607 4.8734
 608 2.7015
 609 1.5564
 610 0.5428
 611 22.0618
 612 1.5109
 613 4.9463
 614 2.8387
 615 6.3405
 616 0.4778
 617 8.8435
 618 38.2144
 619 3.2955
 620 2.3362
 621 8.4602
 622 2.4680
 623 2.3732
 624 6.6108
 625 14.8881
 626 10.9723
 627 4.5362
 628 1.8752
 629 11.7775
 630 3.1209
 631 2.8539
 632 9.5756
 633 1.3582
 634 3.9330
 635 0.4052
 636 4.5444
 637 10.9130
 638 16.4298
 639 13.9433
 640 5.9620
 641 9.0195
 642 2.1544
 643 1.1159
 644 4.3114
 645 9.4911
 646 11.3141
 647 9.6623
 648 19.5827
 649 6.9256
 650 24.6135
 651 2.1037
 652 0.5455
 653 5.0557
 654 19.3835
 655 2.9624
 656 0.4646
 657 2.0082
 658 6.7613
 659 6.0237
 660 4.5424
 661 3.2899
 662 6.4056
 663 1.6753
 664 7.8647
 665 8.2915
 666 28.8228
 667 35.2669
 668 14.3351
 669 2.7365
 670 9.1239
 671 3.3161
 672 7.3796
 673 0.8266
 674 4.7100
 675 10.7197
 676 3.6994
 677 12.7620
 678 4.0727
 679 6.1234
 680 8.9693
 681 7.8289
 682 8.4650
 683 7.9302
 684 0.4051
 685 18.9297
 686 4.3078
 687 3.7276
 688 6.5157
 689 28.3802
 690 17.2015
 691 12.3313
 692 3.5826
 693 16.0033
 694 4.1225
 695 9.6069
 696 13.7807
 697 7.7074
 698 3.5111
 699 0.6021
 700 2.8031
 701 32.6969
 702 2.6627
 703 9.2771
 704 6.6990
 705 6.9341
 706 3.5843
 707 25.8383
 708 12.4501
 709 10.3928
 710 4.0863
 711 0.7122
 712 0.4901
 713 10.7244
 714 8.8273
 715 4.3902
 716 7.6500
 717 1.7688
 718 9.9131
 719 6.0281
 720 5.8743
 721 0.9704
 722 23.7394
 723 8.0315
 724 10.5476
 725 2.4500
 726 0.9261
 727 6.4954
 728 0.8742
 729 6.1811
 730 8.6800
 731 12.6047
 732 8.9227
 733 0.5852
 734 18.8763
 735 10.8880
 736 22.6055
 737 10.0639
 738 4.5858
 739 1.3135
 740 8.1544
 741 3.5793
 742 20.7922
 743 9.6883
 744 3.8784
 745 13.2273
 746 18.2623
 747 10.3501
 748 5.9297
 749 9.9434
 750 11.5676
 751 5.1047
 752 3.8643
 753 34.3967
 754 5.8922
 755 4.6398
 756 2.3656
 757 0.4681
 758 1.1030
 759 10.1076
 760 19.6516
 761 0.8676
 762 2.7426
 763 0.4729
 764 3.1853
 765 3.1924
 766 28.9846
 767 29.7679
 768 2.1913
 769 2.4427
 770 9.7589
 771 2.0519
 772 9.5962
 773 1.3566
 774 2.9848
 775 40.4306
 776 13.8162
 777 21.4346
 778 1.3989
 779 10.9974
 780 30.7548
 781 15.4109
 782 10.8778
 783 1.1279
 784 19.1840
 785 11.3503
 786 2.8061
 787 9.7314
 788 6.1900
 789 6.3946
 790 1.6214
 791 0.6220
 792 0.8688
 793 0.9053
 794 6.5316
 795 13.0112
 796 0.7188
 797 13.0204
 798 1.5762
 799 11.0557
 800 10.0345
 801 13.4839
 802 6.2326
 803 25.9863
 804 19.0538
 805 13.0585
 806 17.6677
 807 12.9896
 808 1.4877
 809 29.4385
 810 3.5646
 811 12.9309
 812 7.7295
 813 26.4156
 814 3.6152
 815 9.0948
 816 23.5779
 817 12.9746
 818 2.9786
 819 4.9304
 820 8.1854
 821 11.6478
 822 0.4917
 823 1.1298
 824 2.5971
 825 10.3197
 826 18.9193
 827 8.7243
 828 5.0645
 829 3.2224
 830 14.3935
 831 17.8959
 832 2.5161
 833 10.5022
 834 3.6688
 835 11.0055
 836 3.7333
 837 4.5253
 838 19.3482
 839 16.7935
 840 24.7516
 841 1.4327
 842 13.1033
 843 2.5340
 844 25.1147
 845 0.9902
 846 2.5652
 847 1.4090
 848 3.5276
 849 5.6924
 850 16.8847
 851 15.2611
 852 17.5009
 853 6.7073
 854 1.5977
 855 1.6673
 856 4.4733
 857 5.4642
 858 5.8158
 859 2.5523
 860 11.7785
 861 4.3361
 862 13.5657
 863 0.8565
 864 8.3269
 865 4.9325
 866 14.2834
 867 2.2930
 868 9.3033
 869 8.9663
 870 11.0499
 871 0.8854
 872 6.4305
 873 5.6923
 874 5.4703
 875 23.1148
 876 3.2477
 877 12.4035
 878 6.3468
 879 17.8638
 880 1.4526
 881 9.0822
 882 7.6617
 883 7.3176
 884 3.7684
 885   NaN
 886 2.7250
 887 16.9015
 888 3.9375
 889 1.0929
 890 15.1834
 891 13.4207
 892 0.8509
 893 1.0337
 894 3.3505
 895 22.7369
 896 0.5432
 897 6.7769
 898 0.5702
 899 5.9471
 900 0.8272
 901 2.9927
 902 19.3365
 903 3.6099
 904 4.7064
 905 4.1931
 906 0.9037
 907 6.3907
 908 12.1755
 909 39.6370
 910 5.1675
 911 17.4583
 912 2.8657
 913 2.3634
 914 4.8880
 915 1.4837
 916 19.0477
 917 11.0449
 918 1.9146
 919 8.4007
 920 0.2184
 921 11.4995
 922 25.1952
 923 2.8007
 924 17.1899
 925 24.3120
 926 7.8668
 927 11.7349
 928 27.1116
 929 5.5106
 930 2.6881
 931 11.9469
 932 10.7568
 933 31.5948
 934 7.7032
 935 4.3568
 936 5.1121
 937 8.7548
 938 1.6676
 939 1.2300
 940 10.3435
 941 4.6069
 942 9.0719
 943 8.5941
 944 9.1421
 945 8.7274
 946 7.5237
 947 3.2898
 948 2.0339
 949 19.3813
 950 23.6005
 951 1.1250
 952 3.0693
 953 30.1768
 954 2.7375
 955 7.7428
 956 1.2007
 957 6.8070
 958 30.9851
 959 5.2530
 960 16.1548
 961 1.6734
 962 5.5878
 963 23.3031
 964 3.0850
 965 4.0642
 966 2.1341
 967 28.1894
 968 1.1918
 969 10.3057
 970 30.8989
 971 5.8333
 972 5.6331
 973 6.1980
 974 2.1430
 975 5.2224
 976 5.1396
 977 2.6555
 978 4.6553
 979 14.3733
 980 12.4499
 981 4.3853
 982 3.0136
 983 5.6982
 984 5.6325
 985 6.7740
 986 3.6983
 987 1.7721
 988 9.9263
 989 3.1014
 990 6.7741
 991 14.0157
 992 1.0242
 993 0.9062
 994 0.9085
 995 6.1137
 996 9.5638
 997 12.9762
 998 1.2480
 999 12.0501
1000 19.6763
1001 7.4821
1002 19.9846
1003 2.1257
1004 25.7461
1005 7.3982
1006 18.8333
1007 19.6401
1008 23.3218
1009 7.8442
1010 5.9296
1011 22.9790
1012 3.2774
1013 2.5585
1014 9.9208
1015 3.1982
1016 1.4363
1017 15.6589
1018 0.0944
1019 13.8693
1020 0.8988
1021 5.2810
1022 12.5663
1023 2.0604
1024 9.6911
1025 14.2602
1026 4.2509
1027 15.9684
1028 22.3137
1029 6.3368
1030 7.0194
1031 26.7494
1032 23.6858
1033 8.4357
1034 0.5724
1035 2.0027
1036 9.9947
1037 7.6735
1038 7.2285
1039 16.0150
1040 6.7243
1041 4.3124
1042 11.6468
1043 4.8181
1044 2.3424
1045 10.6202
1046 1.7644
1047 8.7233
1048 2.1923
1049 2.3894
1050 10.3886
1051 10.9078
1052 4.2382
1053 3.0885
1054 14.3596
1055 5.2278
1056 3.6360
1057   NaN
1058 9.1362
1059 10.4912
1060 1.2088
1061 2.4175
1062 12.1551
1063 11.7781
1064 28.3995
1065 14.1257
1066 3.3383
1067 2.5942
1068 13.1858
1069 10.0300
1070 3.0525
1071 20.9937
1072 8.2056
1073 4.1085
1074 12.9031
1075 11.3405
1076 2.6466
1077 0.9768
1078 14.8555
1079 12.1603
1080 26.5510
1081 6.9604
1082 4.4802
1083 0.7828
1084 16.4626
1085 13.8042
1086 32.5380
1087 4.3865
1088 6.5727
1089 5.7916
1090 4.0080
1091 3.6175
1092 4.6714
1093 8.4578
1094 1.2721
1095 4.1365
1096 6.7011
1097 9.6843
1098 2.1939
1099 11.2635
1100 2.6473
1101 0.7197
1102 10.3207
1103 0.8059
1104 8.4770
1105 4.2521
1106 1.1301
1107 7.4342
1108 17.8131
1109 7.9132
1110 5.1506
1111 12.7721
1112 2.0269
1113 13.3466
1114 16.7622
1115 8.2457
1116 3.3451
1117 0.6444
1118 2.4048
1119 2.1994
1120 3.6532
1121 7.2378
1122 4.6834
1123 1.1734
1124 11.2907
1125 7.6032
1126 2.6266
1127 5.2842
1128 8.8474
1129 5.3439
1130 16.5741
1131 10.2907
1132 20.6029
1133 2.8613
1134 0.5354
1135 13.8059
1136 17.4728
1137 10.5259
1138 9.5618
1139 9.7351
1140 1.5000
1141 3.8537
1142 0.8952
1143 5.8090
1144 18.2069
1145 17.1247
1146 11.3469
1147 1.2561
1148 1.4839
1149 15.5638
1150 0.9920
1151 0.9593
1152 5.2365
1153 10.7194
1154 34.1397
1155 2.5771
1156 18.6224
1157 3.6221
1158 0.1576
1159 8.9687
1160 29.1010
1161 19.0196
1162 18.6414
1163 4.1001
1164 7.5912
1165 14.1468
1166 4.5375
1167 2.9853
1168 8.9898
1169 5.5267
1170 9.1892
1171 29.5655
1172 3.5957
1173 12.1306
1174 8.0295
1175 12.5699
1176 11.3001
1177 8.3187
1178 1.0805
1179 22.0675
1180 3.0285
1181 13.0002
1182 1.8163
1183 3.6133
1184 11.0725
1185 4.6447
1186 10.5350
1187 10.1974
1188 9.5401
1189 2.1349
1190 0.1940
1191 1.0387
1192 14.6949
1193 10.1511
1194 3.6963
1195 0.7801
1196 11.5127
1197 4.3575
1198 13.1590
1199 11.1020
1200 31.1712
1201 19.1709
1202 15.7905
1203 8.1778
1204 15.1485
1205 14.3472
1206 19.6395
1207 11.0141
1208 0.3737
1209 15.8163
1210 16.1688
1211 7.5085
1212 12.4707
1213 4.6419
1214 1.1446
1215 29.4512
1216 9.1436
1217   NaN
1218 1.7087
1219 4.5353
1220 2.7393
1221 2.1663
1222 29.2205
1223 3.9353
1224 6.7415
1225 2.3853
1226 5.7957
1227 29.3230
1228 11.6788
1229 7.2958
1230 0.8197
1231 8.6852
1232 3.0441
1233 1.5321
1234 12.3111
1235 10.6666
1236 1.7478
1237 1.0297
1238 6.8088
1239 1.4147
1240 14.5343
1241 2.1918
1242 10.5777
1243 4.3016
1244 7.1228
1245 7.2187
1246 4.9727
1247 1.7225
1248 13.8827
1249 7.0898
1250 2.0075
1251 13.3960
1252 10.1481
1253 25.7635
1254 1.6787
1255 12.8183
1256 7.3203
1257 1.0837
1258 2.7268
1259 44.0309
1260 1.3308
1261 1.7307
1262 11.9019
1263 12.4940
1264 2.2076
1265 0.9969
1266   NaN
1267 21.3333
1268 34.2200
1269 12.7239
1270 5.6398
1271 0.2321
1272 2.7269
1273 0.9731
1274 7.5781
1275 10.7343
1276 2.5631
1277 11.2903
1278 8.6018
1279 12.0133
1280 3.3105
1281 2.4021
1282 36.3847
1283 6.3066
1284 28.0326
1285 0.4357
1286 9.6204
1287 6.8920
1288 14.2725
1289 12.9280
1290 3.5141
1291 7.7340
1292 9.8465
1293 16.2734
1294 5.1698
1295 3.5994
1296 0.3448
1297 7.6677
1298 19.5034
1299 19.5163
1300 8.9724
1301 16.5859
1302 1.2569
1303 2.0207
1304 2.1826
1305 1.5684
1306 1.1073
1307 1.2533
1308 8.4394
1309 13.6827
1310 20.2604
1311 18.9261
1312 6.0104
1313 10.9130
1314 10.2875
1315 12.7065
1316 7.8382
1317 9.9552
1318 7.4597
1319 9.5468
1320 8.1398
1321 1.3251
1322 3.8639
1323 18.4977
1324 17.8489
1325 1.8737
1326 3.1526
1327 1.5024
1328 11.4362
1329 20.2987
1330 8.9011
1331 9.1878
1332 25.1030
1333 19.5865
1334 8.8888
1335 13.7567
1336 2.5689
1337 8.2478
1338 14.3303
1339 10.4845
1340 0.5854
1341 2.3030
1342 6.4419
1343 9.4103
1344 15.2197
1345 5.8473
1346 3.3411
1347 10.7891
1348 27.6124
1349 3.3058
1350 12.6195
1351 14.5291
1352 2.2544
1353 6.0544
1354 9.0636
1355 11.6430
1356 12.4664
1357 19.2850
1358 4.6453
1359 10.5131
1360 37.3756
1361 21.7112
1362 15.8156
1363 2.8744
1364 15.0613
1365 31.3528
1366 10.4191
1367 12.0940
1368 2.7295
1369 0.5706
1370 2.3373
1371 13.0615
1372 12.5248
1373 19.1549
1374 35.2446
1375 10.2742
1376 8.2841
1377 3.3920
1378 8.2317
1379 13.5569
1380 6.1098
1381 4.5163
1382 6.5498
1383 2.7679
1384 17.9973
1385 10.7052
1386 3.2136
1387 1.9972
1388 9.5563
1389 4.1837
1390 10.2741
1391 5.4829
1392 5.5695
1393 6.2093
1394 19.4672
1395 1.7573
1396 12.3109
1397 0.4509
1398 3.8299
1399 18.8926
1400 1.4419
1401 10.6302
1402 1.0929
1403 4.1463
1404 8.1861
1405 26.2192
1406 26.6450
1407 8.4666
1408 18.2317
1409 4.7015
1410 2.2104
1411 19.3337
1412 2.5925
1413 5.2448
1414 13.6165
1415 8.5175
1416 5.0781
1417 2.4721
1418 4.1833
1419 3.5970
1420 2.5069
1421 1.4962
1422 10.4163
1423   NaN
1424 3.3738
1425 8.8472
1426 9.6753
1427 7.1935
1428 7.7487
1429 1.9533
1430 15.9798
1431 11.2549
1432 18.7680
1433 3.3023
1434 14.1527
1435 1.0576
1436 5.9850
1437 10.8085
1438 1.4142
1439 28.5023
1440 2.5309
1441 6.3094
1442 0.6118
1443 4.6824
1444 5.3527
1445 5.5216
1446 6.1897
1447 4.2342
1448 25.1670
1449 3.3759
1450 29.2941
1451 13.7234
1452 15.8223
1453 4.1155
1454 10.5171
1455 17.8065
1456 9.0881
1457 18.2561
1458 14.1556
1459 9.7929
1460 7.4265
1461 10.6191
1462 15.7285
1463 0.7089
1464 8.2349
1465 12.7704
1466 7.5899
1467   NaN
1468 3.0735
1469 4.7860
1470 5.1446
1471 20.7806
1472 10.6316
1473 2.6502
1474 1.1905
1475 15.6402
1476 26.6296
1477 1.8415
1478 1.5551
1479 2.5992
1480 9.1774
1481 6.8888
1482 10.2320
1483 3.6213
1484 2.9813
1485 20.8811
1486 19.9072
1487 5.4104
1488 5.6760
1489 0.5249
1490 6.9082
1491 3.7685
1492 30.1324
1493 16.5938
1494 30.1417
1495 0.9098
1496 11.3281
1497 5.7393
1498 6.9649
1499 4.8904
1500 4.7442
1501 0.8054
1502 0.8301
1503 1.6261
1504 6.6484
1505 2.3499
1506 2.3313
1507 0.2268
1508 6.1853
1509 11.1721
1510 2.3791
1511 15.7090
1512 1.1845
1513 11.8041
1514 2.5186
1515 9.2388
1516 6.4614
1517 3.2913
1518 0.1194
1519 2.3220
1520 10.5238
1521 9.0295
1522 2.4526
1523 5.8045
1524 26.2034
1525 13.4490
1526 10.4112
1527 4.5464
1528 1.8692
1529 8.0227
1530 10.3793
1531 3.3329
1532 4.9766
1533 1.0953
1534 1.4111
1535 5.4426
1536 12.6442
1537 13.2771
1538 8.7758
1539 3.5978
1540 3.9391
1541 4.0967
1542 3.1319
1543 8.1837
1544 9.9094
1545 13.2561
1546 10.2682
1547 2.3317
1548 0.9092
1549 31.1540
1550 19.2456
1551 2.4896
1552 3.3048
1553 24.8158
1554 17.5785
1555 7.5064
1556 5.5196
1557 0.6549
1558 4.1039
1559 3.7296
1560 0.5625
1561 3.9468
1562 18.4375
1563 1.5648
1564 14.1156
1565 6.4413
1566 11.9444
1567 4.3221
1568 19.5183
1569 7.5489
1570 19.6976
1571 14.1307
1572 11.8688
1573 6.8280
1574 6.5949
1575   NaN
1576 7.4819
1577 12.6330
1578 10.5272
1579 24.6781
1580 4.2504
1581 14.2282
1582 9.1802
1583 10.4441
1584 12.5243
1585 6.3713
1586 1.2240
1587 9.4706
1588 9.3210
1589 2.6386
1590 0.9755
1591 3.7109
1592 7.5156
1593 8.4347
1594 32.6415
1595 15.9479
1596 0.3149
1597 11.4684
1598 8.1863
1599 21.0655
1600 3.0672
1601 4.2676
1602 8.9193
1603 23.7760
1604 3.4851
1605 13.9119
1606 10.9240
1607 1.1283
1608 15.2913
1609 1.9672
1610 3.7022
1611 3.5452
1612 2.2554
1613 7.5672
1614 7.0349
1615 3.6847
1616 27.0211
1617 8.9286
1618 29.7800
1619 6.9960
1620 2.3310
1621 9.3531
1622 38.3617
1623 3.1744
1624 0.8637
1625 4.9247
1626 5.0553
1627 8.1436
1628 11.8239
1629 6.5247
1630 12.1358
1631 6.3886
1632 2.8521
1633 12.5902
1634 12.0168
1635 28.5566
1636 2.0697
1637 10.4514
1638 0.7307
1639 2.6749
1640 7.0684
1641 8.4328
1642 3.8590
1643 12.5722
1644 13.9665
1645 1.3251
1646 9.0782
1647 15.9063
1648 13.0392
1649 0.4934
1650 2.2566
1651 6.9614
1652 3.3855
1653 4.3204
1654 5.9919
1655 8.8918
1656 6.5663
1657 1.5386
1658 1.3119
1659 9.0931
1660 9.2202
1661 1.7633
1662 3.5461
1663 3.4943
1664 23.5867
1665 0.6691
1666 1.4033
1667 9.8662
1668 20.0293
1669 25.6576
1670 6.5976
1671 9.3175
1672 2.4318
1673 7.4474
1674 3.1497
1675 5.3554
1676 2.1821
1677 2.4127
1678 10.7656
1679 2.2927
1680 20.0370
1681 2.4158
1682 5.4917
1683 4.6009
1684 25.1373
1685 11.4031
1686 9.8202
1687 1.1182
1688   NaN
1689 9.1530
1690 4.5186
1691 9.4359
1692 7.4666
1693 0.2417
1694 1.5054
1695 13.9103
1696 14.3280
1697 9.3149
1698 12.0715
1699 2.0688
1700 11.4340
1701 7.0308
1702 22.8144
1703 3.2558
1704 0.8894
1705 4.5480
1706 8.7862
1707 22.0421
1708 6.3476
1709 5.0304
1710 26.0677
1711 0.7082
1712 6.9371
1713 0.3970
1714 10.4474
1715 11.1951
1716 8.7801
1717 6.8377
1718 11.7554
1719 0.8386
1720 15.9723
1721 9.4640
1722 14.1728
1723 1.4683
1724 8.2684
1725 1.8775
1726 30.5218
1727 1.2288
1728 6.2407
1729 2.3252
1730 9.1052
1731 24.5383
1732 10.9893
1733 23.1015
1734 11.5255
1735 12.1463
1736 14.4877
1737 5.3798
1738 9.9046
1739 5.9595
1740 12.2557
1741 17.5863
1742 6.9470
1743 12.1924
1744 4.5856
1745 11.5923
1746 16.5082
1747 18.7822
1748 9.9095
1749 10.2670
1750 7.4753
1751 9.3196
1752 7.3026
1753 2.1159
1754 7.5513
1755 10.1764
1756 0.6497
1757 9.8379
1758 1.8903
1759 20.4951
1760 11.7568
1761 27.5609
1762 1.6740
1763 8.8700
1764 6.1173
1765 6.3244
1766 10.8579
1767 10.8707
1768 6.8201
1769 2.3612
1770 10.0904
1771 7.0085
1772 4.3587
1773 2.7319
1774 25.7429
1775 3.4664
1776 13.9949
1777 7.6171
1778 22.0832
1779 11.0993
1780 29.0966
1781 1.3288
1782 12.4156
1783 4.8480
1784 0.6982
1785 5.5126
1786 4.4568
1787 0.6539
1788 0.8083
1789 10.0620
1790 3.4983
1791 6.9934
1792 13.6450
1793 3.3326
1794 3.5666
1795 5.3287
1796 2.4821
1797 10.0861
1798 17.4851
1799 10.2897
1800 0.5549
1801 9.2678
1802 8.3367
1803 1.6638
1804 2.4325
1805 2.3063
1806 7.4248
1807 4.4186
1808 7.6991
1809 1.2261
1810 10.2600
1811 16.2446
1812 11.3885
1813 1.5398
1814 1.3885
1815 37.1175
1816 10.9356
1817 6.1800
1818 1.0045
1819 4.6707
1820 12.3409
1821 6.7266
1822 2.7154
1823 0.6736
1824 9.9012
1825 7.0393
1826 1.1939
1827 9.3771
1828 7.5931
1829 1.5890
1830 2.6475
1831 10.4915
1832 1.7629
1833 13.5118
1834 0.8496
1835 16.8847
1836 4.0996
1837 0.3625
1838 7.0397
1839 1.0503
1840 17.4271
1841 2.3676
1842 9.2162
1843 7.0474
1844 5.5986
1845 3.8471
1846 2.5991
1847 2.2686
1848 15.2347
1849 5.4451
1850 5.3656
1851 1.5156
1852 5.0010
1853 4.2815
1854 2.8518
1855 1.2137
1856 33.5191
1857 4.9768
1858 6.2658
1859 2.0680
1860 16.3100
1861 30.4019
1862 2.6799
1863 18.5630
1864 11.8990
1865 2.5704
1866 2.7664
1867 2.4989
1868 5.6588
1869 27.4873
1870 7.3624
1871 31.7933
1872 2.8893
1873 2.4666
1874 12.3476
1875 4.3563
1876 10.0353
1877 10.9327
1878 6.2022
1879 9.1507
1880 11.1641
1881 4.9263
1882 4.3442
1883 0.6025
1884 1.8375
1885 9.3741
1886 4.3344
1887 1.3896
1888 3.2740
1889 6.7966
1890 7.9487
1891 0.9970
1892 12.7466
1893 9.7539
1894 4.2396
1895 1.2608
1896 4.8413
1897 11.9402
1898 4.5874
1899 6.0406
1900 2.8147
1901 14.6091
1902 28.2129
1903 1.2990
1904 18.2611
1905 3.8004
1906 2.2311
1907 2.1756
1908 1.3243
1909 10.7182
1910 17.3840
1911 1.7122
1912 13.1077
1913 6.6791
1914 5.3183
1915 5.7720
1916 23.6931
1917 4.9508
1918 6.5252
1919 3.3258
1920 0.9965
1921 15.2681
1922 9.7093
1923 13.7481
1924 6.3570
1925 1.4914
1926 13.2878
1927 25.1397
1928 1.5483
1929 8.0867
1930 3.6973
1931 2.9419
1932 6.6094
1933 7.5269
1934 8.2262
1935 7.5303
1936   NaN
1937 16.5810
1938 2.3110
1939 9.6584
1940 30.1306
1941 8.7745
1942 1.1825
1943 1.4571
1944 8.0880
1945 7.9472
1946 3.0086
1947 7.5124
1948 14.7069
1949 9.0685
1950 1.9709
1951 4.4846
1952 1.8215
1953 7.5580
1954 1.6355
1955 13.2483
1956 24.3010
1957 1.9605
1958 10.2884
1959 1.7437
1960 1.3384
1961 10.8773
1962 2.5794
1963 1.0407
1964 26.3866
1965 1.2386
1966 23.3690
1967 4.8038
1968 9.7673
1969 3.1508
1970 1.7085
1971 20.2177
1972 10.8444
1973 1.5990
1974 2.6753
1975 4.5812
1976 2.6813
1977 11.9741
1978 8.2370
1979 2.1536
1980 1.2569
1981 0.8006
1982 10.0624
1983 6.2085
1984 7.2880
1985 4.2649
1986 9.7902
1987 8.1146
1988 6.0700
1989 2.0397
1990 9.3137
1991 7.9322
1992 25.6517
1993 0.8790
1994 10.3504
1995 1.5050
1996 2.6873
1997 3.9998
1998 8.5646
1999 3.1396
2000 7.3531
2001 4.2431
2002 15.7096
2003 0.4893
2004 17.2220
2005 4.9483
2006 4.0692
2007 2.4557
2008 11.7320
2009 5.1504
2010 10.7843
2011 2.5030
2012 6.3259
2013 2.6236
2014 1.2118
2015 4.0489
2016 2.0443
2017 1.8755
2018 8.8343
2019 11.3496
2020 9.7403
2021 9.0540
2022 14.2033
2023 26.3739
2024 3.8990
2025 1.4976
2026 9.4584
2027 1.5359
2028 5.9072
2029 7.3392
2030 1.7332
2031 4.8514
2032 10.3363
2033 1.9737
2034 6.2857
2035 8.6820
2036 2.0165
2037 1.4924
2038 11.8612
2039   NaN
2040 4.5698
2041 34.1835
2042 11.6246
2043 1.2479
2044 5.6576
2045 4.4344
2046 2.9386
2047 5.4236
2048 14.3157
2049 6.9892
2050 4.1625
2051 24.1403
2052 1.7755
2053 21.8748
2054 1.2342
2055 5.5166
2056 12.3658
2057 20.2729
2058 21.5372
2059 29.4365
2060 0.8096
2061 26.3158
2062 31.0510
2063 17.6050
2064 22.7714
2065 1.6179
2066 18.8433
2067 9.4582
2068 1.0624
2069 6.8009
2070 3.4023
2071 9.3410
2072 3.6364
2073 1.2909
2074 7.5079
2075 3.8036
2076 3.6684
2077 3.3991
2078 6.4879
2079 20.2182
2080 2.5668
2081 3.9059
2082 2.1908
2083 1.6241
2084 0.9998
2085 3.3272
2086 17.4210
2087 4.4119
2088 3.3328
2089 18.9583
2090 10.4084
2091 4.1244
2092 15.6867
2093 6.3692
2094 1.9522
2095 11.5821
2096 1.4725
2097 8.9010
2098 6.0712
2099 5.7802
2100 3.5285
2101 13.9990
2102 14.3279
2103 6.0235
2104 14.9603
2105 2.8782
2106 4.3417
2107 22.9981
2108 7.4109
2109 4.2307
2110 22.5021
2111 8.2043
2112 4.8991
2113 4.8349
2114 5.3621
2115 3.0995
2116 12.3912
2117 7.8564
2118 5.1148
2119 2.3430
2120 9.3689
2121 9.5894
2122 1.4930
2123 7.8347
2124 2.3823
2125 12.2039
2126 2.5553
2127 15.0501
2128 0.3909
2129 8.7668
2130 3.2728
2131 14.0533
2132 3.2594
2133 6.6252
2134 1.3527
2135 5.1388
2136 14.9721
2137 5.2832
2138 6.8696
2139 4.4915
2140 14.2929
2141 21.5851
2142 2.7245
2143 2.0138
2144 23.1430
2145 7.2333
2146 13.9998
2147 6.0939
2148 3.1122
2149 5.7232
2150 6.5093
2151 34.2248
2152 8.9132
2153 1.0119
2154 27.6808
2155 4.0584
2156 5.2026
2157 6.8633
2158 11.9467
2159 23.9674
2160 10.5799
2161 3.2965
2162 2.6360
2163 0.9144
2164 4.9021
2165 18.4901
2166 13.2309
2167 0.4429
2168 7.7962
2169 1.6724
2170 5.0866
2171 9.9063
2172 4.4513
2173 13.8934
2174 3.9873
2175 11.0921
2176 2.8150
2177 9.4292
2178 2.8432
2179 5.8800
2180 10.9294
2181 23.2466
2182 10.5034
2183 10.8610
2184 0.3698
2185 15.8340
2186 6.4618
2187 1.4097
2188 10.8852
2189 6.4623
2190 2.6738
2191 12.3054
2192 31.0759
2193 11.0378
2194 11.8008
2195 3.4620
2196 5.8601
2197 25.4163
2198 7.6708
2199 3.7653
2200 5.6230
2201 2.4437
2202 2.8438
2203 6.5718
2204 11.6685
2205 31.0927
2206 1.9967
2207 2.8671
2208 15.0238
2209 27.5996
2210 2.9627
2211 0.8683
2212 2.9094
2213 17.3551
2214 6.1792
2215 6.3731
2216 7.4124
2217 2.4604
2218 2.7269
2219 5.1829
2220 20.0172
2221 8.1610
2222 6.7324
2223 1.1503
2224 8.5012
2225 0.6184
2226 17.7363
2227 2.4341
2228 12.5688
2229 11.0400
2230 2.4920
2231 1.0719
2232 12.4573
2233 1.6746
2234 3.1989
2235 2.7118
2236 14.0571
2237 1.0221
2238 3.0120
2239 1.6704
2240 1.1317
2241 5.2440
2242 1.7137
2243 1.3024
2244 17.6849
2245 5.9656
2246 2.2325
2247 6.4596
2248 4.2284
2249 20.0201
2250 1.5792
2251 16.8041
2252 3.5230
2253 10.3044
2254 6.0698
2255 8.3322
2256 1.2476
2257 1.5824
2258 1.1454
2259 4.5797
2260 7.9052
2261 1.8022
2262 9.0446
2263 7.6092
2264 3.9613
2265 19.7602
2266 9.9447
2267 9.6189
2268 11.5213
2269 13.5833
2270 9.1860
2271 2.9229
2272 3.9398
2273 14.6872
2274 14.9361
2275 7.7021
2276 1.5215
2277 16.5709
2278 7.9286
2279 13.2490
2280 3.0043
2281 16.7107
2282 1.2592
2283 17.0642
2284 5.0543
2285 14.2322
2286 7.8346
2287 1.5951
2288 18.6698
2289 3.0769
2290 13.9809
2291 9.7813
2292 6.6167
2293 2.0784
2294 9.9224
2295   NaN
2296 20.5380
2297 1.4240
2298 0.3064
2299 8.4988
2300 2.4199
2301 16.9983
2302 9.6715
2303 2.9087
2304 10.4719
2305 0.3268
2306 4.5814
2307 0.5682
2308 10.8346
2309 6.5412
2310 18.5068
2311 4.0867
2312 8.3548
2313 2.5064
2314 16.1231
2315 1.7635
2316 16.5655
2317 11.4700
2318 2.0116
2319 0.6064
2320 3.8693
2321 7.0750
2322 11.2288
2323 16.1445
2324 1.3198
2325 4.9222
2326 11.2778
2327 2.0183
2328 4.0376
2329 2.8441
2330 11.8334
2331 1.8888
2332 1.7463
2333 1.3785
2334 6.5224
2335 13.9854
2336 4.8753
2337 1.7552
2338 9.3704
2339 3.3698
2340 22.5401
2341 5.7960
2342 19.4212
2343 7.6114
2344 1.4335
2345 4.0715
2346 2.2302
2347 2.0221
2348 4.7911
2349 3.0038
2350 1.3776
2351 12.0201
2352 2.7629
2353 2.2175
2354 9.2245
2355 9.1143
2356 12.0910
2357 8.8659
2358 1.9938
2359 11.8638
2360 4.1794
2361 33.7576
2362 0.7647
2363 3.1344
2364 6.0255
2365 8.4727
2366 2.9215
2367 5.5115
2368 1.0061
2369 4.0462
2370 9.7834
2371 7.3895
2372 19.4753
2373 6.9564
2374 2.8165
2375 10.8595
2376 8.7482
2377 28.3488
2378 5.8204
2379 5.4825
2380 0.8591
2381 4.5898
2382 0.7916
2383 14.9858
2384 4.4970
2385   NaN
2386 4.9804
2387 2.0693
2388 9.6167
2389 2.2709
2390 2.0435
2391 9.3110
2392 5.8340
2393 4.6183
2394 12.5887
2395 18.2290
2396 14.8158
2397 6.0334
2398 5.8390
2399 27.3240
2400 6.0755
2401 11.9037
2402 30.3249
2403 1.5001
2404 5.6878
2405 19.1529
2406 8.2316
2407 13.9640
2408 12.8240
2409 3.0723
2410 0.6871
2411 2.4367
2412 21.8829
2413 9.9517
2414 5.5126
2415 10.8114
2416 1.8566
2417 26.4634
2418 5.0141
2419 4.6012
2420 1.1257
2421 19.3733
2422 0.8204
2423 1.5007
2424 13.7243
2425 3.2589
2426 36.4805
2427 28.4186
2428 6.5095
2429 8.6901
2430 5.5201
2431   NaN
2432 12.1734
2433 1.8409
2434 12.8302
2435   NaN
2436 37.0635
2437 10.3378
2438 11.2793
2439 8.6575
2440 8.9653
2441 23.5722
2442 4.5434
2443 10.2289
2444 6.7103
2445 2.9643
2446   NaN
2447 10.2171
2448 2.8789
2449 5.1457
2450 16.2728
2451 2.0559
2452 8.9450
2453 1.9258
2454 7.7680
2455 6.2785
2456 6.4174
2457 9.7647
2458 1.1114
2459 4.3682
2460 3.1856
2461 27.9244
2462 12.0175
2463 23.1008
2464 8.8314
2465 7.4120
2466 10.7092
2467 6.9625
2468 9.4100
2469 2.4468
2470 5.9714
2471 4.0492
2472 0.7634
2473 2.2683
2474 3.1824
2475 9.8520
2476 1.0666
2477 7.9167
2478 12.0881
2479 3.0668
2480 10.9417
2481 2.3004
2482 31.7317
2483 3.8955
2484 1.8934
2485 1.2606
2486 0.5244
2487 6.0965
2488 10.3580
2489 9.2587
2490 1.2956
2491 13.2922
2492 35.4896
2493 6.9744
2494 8.4965
2495 24.6940
2496 3.7218
2497 12.5804
2498 29.9934
2499 7.0523
2500 9.2736
2501 13.7473
2502 7.4102
2503 4.6481
2504 6.7677
2505 1.7446
2506 6.0855
2507 19.5938
2508 4.1718
2509 6.9945
2510 2.8019
2511 5.8556
2512 4.8207
2513 3.7312
2514 4.5442
2515 8.8388
2516 6.6726
2517 14.3338
2518 7.6587
2519 10.8931
2520 7.7194
2521 10.7592
2522 4.9281
2523 3.5651
2524 10.5434
2525 10.6900
2526 9.4911
2527 23.7139
2528 1.1385
2529 18.9122
2530 21.2292
2531 15.6530
2532 1.1710
2533 9.1656
2534 0.6934
2535 1.5463
2536 19.3797
2537 2.9305
2538 5.4124
2539 9.7399
2540 30.6692
2541 2.6961
2542 19.0283
2543 6.1858
2544 11.2499
2545 5.1583
2546 3.2498
2547 17.6264
2548 9.6337
2549 6.7590
2550 0.7730
2551 3.5562
2552 10.2220
2553 0.4621
2554 3.3138
2555 3.0365
2556 18.8549
2557 2.6185
2558 12.1469
2559 30.1572
2560 0.4284
2561 18.5797
2562 6.4980
2563 15.3133
2564 13.6922
2565 35.0449
2566 33.0657
2567 4.2158
2568 32.5127
2569 25.5058
2570 11.0875
2571 3.8125
2572 0.5320
2573 2.6079
2574 1.7644
2575 11.1778
2576 15.1878
2577 7.2645
2578 14.9110
2579 7.5043
2580 17.0902
2581 2.8798
2582 7.4692
2583 1.4982
2584 5.5929
2585 1.6700
2586 10.6865
2587 2.3178
2588 6.4627
2589 7.3564
2590 0.7846
2591 5.8586
2592 31.1516
2593 7.9282
2594 5.7138
2595 0.7636
2596 5.7376
2597 5.3199
2598 29.3686
2599 10.9993
2600 2.9340
2601 4.6820
2602 4.7266
2603 0.8483
2604 27.6552
2605 0.6587
2606 2.3491
2607 8.2457
2608 18.9423
2609 9.5900
2610 9.4591
2611 6.4183
2612 31.7042
2613 1.0471
2614 1.0218
2615 10.0702
2616 34.7323
2617 3.5183
2618 15.7592
2619 0.4303
2620 2.6535
2621 2.1268
2622 1.0964
2623 2.1311
2624 10.0139
2625 2.7488
2626 2.3341
2627 3.5485
2628 6.7713
2629 19.7147
2630 5.9771
2631 12.6548
2632 4.5626
2633 4.1971
2634 6.2946
2635 3.0140
2636 1.2986
2637 0.6811
2638 17.7427
2639 2.3222
2640 2.7984
2641 1.7774
2642 15.8796
2643 7.8381
2644 6.6325
2645 19.4249
2646 2.8920
2647 37.9051
2648 2.0061
2649 10.1595
2650 35.6419
2651 9.4469
2652 7.4039
2653 7.5383
2654 17.3693
2655 12.0774
2656 8.4833
2657 27.1117
2658 5.9497
2659 2.4885
2660 0.5105
2661 4.9963
2662 13.8776
2663 3.4733
2664 6.6991
2665 2.2404
2666 9.0305
2667 1.0824
2668 2.2774
2669 3.2929
2670 16.8673
2671 9.3674
2672 10.5111
2673 9.3844
2674 7.1546
2675 10.0684
2676 8.6576
2677 2.6461
2678 4.3477
2679 22.6624
2680 17.4563
2681 8.9018
2682 16.1270
2683 10.2045
2684 4.8819
2685 1.1366
2686 2.9198
2687 15.1868
2688 15.9019
2689 8.0651
2690 1.4100
2691 2.9730
2692 6.7040
2693 4.8696
2694 0.9021
2695 6.9040
2696 6.6820
2697 2.8504
2698 11.4112
2699 2.2839
2700 2.4417
2701 2.1890
2702 6.0286
2703 4.0989
2704 12.0975
2705 7.1699
2706 17.1150
2707 3.3336
2708 4.1306
2709 32.6053
2710 4.2494
2711 8.8762
2712 6.9008
2713 5.9871
2714 9.1020
2715 6.5313
2716 4.4579
2717 2.1668
2718 6.6698
2719 27.7475
2720 0.6103
2721   NaN
2722 5.6918
2723 17.9495
2724 4.4038
2725 2.3373
2726 6.0115
2727 8.3830
2728 13.0956
2729 2.8445
2730 1.4981
2731 6.5110
2732 4.9429
2733 18.5844
2734 3.3459
2735 8.6274
2736 8.8065
2737 0.5994
2738 1.1485
2739 19.9855
2740 15.0775
2741 38.7632
2742 1.7855
2743 9.7178
2744 12.1595
2745 0.7861
2746 25.3609
2747 13.1403
2748 23.6765
2749 2.1321
2750 12.4333
2751 1.6136
2752 4.4231
2753 10.4072
2754 6.1377
2755 0.8817
2756 7.7896
2757 2.4969
2758 0.5199
2759 3.9985
2760 7.1302
2761 10.9775
2762 1.6306
2763 5.8588
2764 2.9352
2765 1.4057
2766 3.4057
2767 17.2470
2768 0.4842
2769 11.9150
2770 3.9870
2771 1.8672
2772 23.4859
2773 20.9268
2774 10.5991
2775 0.9002
2776 0.4191
2777 26.8253
2778 11.8486
2779 28.7668
2780 3.1367
2781 7.4107
2782 6.5329
2783 11.6193
2784 10.9916
2785 10.4636
2786 13.4670
2787 5.8165
2788 17.0868
2789 2.3310
2790 14.2168
2791 8.2473
2792 3.2647
2793 13.1104
2794 2.0880
2795 0.3180
2796 10.1309
2797 1.9728
2798 0.4969
2799 9.4973
2800 13.6856
2801 3.8044
2802 10.8822
2803 0.2503
2804 17.4851
2805 4.7607
2806 3.5991
2807 1.2947
2808 9.8990
2809 13.3129
2810 10.1450
2811 6.5244
2812 12.4829
2813 2.8263
2814 0.5898
2815 5.1143
2816 27.0938
2817 6.3831
2818 12.8258
2819 1.4532
2820 4.8743
2821 0.8691
2822 2.4651
2823 37.3661
2824 8.1117
2825 4.0527
2826 7.4129
2827 1.1413
2828 0.4718
2829 9.8061
2830 10.3721
2831 13.0877
2832 22.2383
2833 12.6996
2834 2.8630
2835 1.5014
2836 4.4856
2837 0.8035
2838 8.5894
2839 23.7885
2840 12.4673
2841 0.8335
2842 7.0123
2843 11.2881
2844 7.4275
2845 14.2590
2846 27.5418
2847 6.2495
2848 5.0109
2849 3.3543
2850 11.0822
2851 6.1246
2852 3.3980
2853 1.1307
2854 2.2042
2855 6.7638
2856 1.5421
2857 11.2671
2858 31.3381
2859 7.0948
2860 14.6710
2861 8.8960
2862 2.5993
2863 3.1607
2864 4.8027
2865 6.2152
2866 17.9143
2867 3.0384
2868 6.7651
2869 0.8885
2870 2.0433
2871 1.4385
2872 2.0751
2873 6.1576
2874 10.3240
2875 14.6782
2876 2.4453
2877 13.9401
2878 7.1983
2879 2.6437
2880 1.7611
2881 19.5632
2882 7.4849
2883 4.8437
2884 2.7639
2885 2.0426
2886 25.5789
2887 4.1056
2888 7.3476
2889 0.9953
2890 4.3226
2891 8.3289
2892 6.1139
2893 1.1748
2894 2.3416
2895 19.0001
2896 10.5441
2897 5.1458
2898 2.3740
2899 5.3496
2900 15.7663
2901 4.9424
2902 17.0632
2903 2.0646
2904 13.4161
2905 3.6570
2906 4.2005
2907 13.5098
2908 9.8067
2909 2.4785
2910 1.9398
2911 26.2339
2912 2.7673
2913 9.5002
2914 11.3036
2915 3.2528
2916 2.0707
2917 8.3892
2918 8.7236
2919 3.0321
2920 24.4354
2921 3.0636
2922 10.9699
2923 7.5489
2924 7.1216
2925 13.6143
2926 7.1725
2927 13.2996
2928 10.7366
2929 19.8085
2930 6.2761
2931 5.4949
2932 4.4214
2933 10.3803
2934 10.2452
2935 7.2923
2936 7.2389
2937 4.4877
2938 15.7661
2939 17.2879
2940 6.3268
2941 13.0631
2942 6.5485
2943 1.1737
2944 2.6234
2945 0.8999
2946 25.4400
2947 4.0231
2948 4.0614
2949 8.2741
2950 12.2015
2951 7.1531
2952 5.8965
2953 4.9211
2954 36.1503
2955 3.5143
2956 25.2272
2957 2.0451
2958 13.0834
2959 40.2727
2960 12.8162
2961 3.3754
2962 6.5811
2963 2.9836
2964 2.0337
2965 15.0025
2966 3.6163
2967 25.8751
2968 1.6083
2969 1.2401
2970 8.5330
2971 6.6119
2972 1.2597
2973 0.3886
2974 8.3507
2975 1.5819
2976 3.7309
2977 5.1989
2978 13.9494
2979 11.0377
2980 1.6512
2981 14.5595
2982 2.2564
2983 23.2975
2984 33.2922
2985 29.9017
2986 7.6874
2987 6.3207
2988 4.7318
2989 2.0460
2990 2.1007
2991 5.1667
2992 5.1242
2993 1.9759
2994 1.5931
2995 6.8203
2996 4.0347
2997 14.1339
2998 12.9566
2999 5.4059
3000 9.5683
3001 3.8130
3002 5.9927
3003 10.4907
3004 10.8825
3005 1.7168
3006 0.6794
3007 12.0125
3008 0.2827
3009 2.5313
3010 1.7545
3011 1.6395
3012 19.6053
3013 2.1425
3014 4.6808
3015 1.5129
3016 4.9860
3017 7.1239
3018 32.3423
3019 20.7829
3020 1.5403
3021 11.5485
3022 1.4086
3023 8.1144
3024 5.2941
3025 4.1741
3026 3.1951
3027 4.9817
3028 1.6046
3029 21.1261
3030 5.3847
3031 5.1435
3032 7.7906
3033 2.8963
3034 9.3735
3035 17.2090
3036 5.8197
3037 16.6824
3038 6.7282
3039 8.4129
3040 22.0009
3041 24.2796
3042 5.1285
3043 26.0482
3044 14.6996
3045 1.0778
3046 19.4040
3047 11.3905
3048 1.3301
3049 15.5774
3050 14.1895
3051 19.0795
3052 0.7041
3053 3.3676
3054 2.5984
3055 40.1531
3056 3.3861
3057 3.1461
3058 30.4213
3059 8.0885
3060 5.1899
3061 3.2902
3062 9.7124
3063 6.7510
3064 1.3550
3065 20.0779
3066 33.8975
3067 2.9132
3068 2.1512
3069 7.8600
3070 3.7228
3071 1.5066
3072 20.6145
3073 6.5626
3074 26.2814
3075 6.6841
3076 2.3692
3077 6.7203
3078 4.0339
3079 4.1440
3080 0.8787
3081 3.9451
3082 7.5313
3083 8.4791
3084 5.1511
3085 1.2679
3086 4.7743
3087 4.2191
3088 11.2239
3089 2.0166
3090 0.5573
3091 11.6507
3092 4.6571
3093 0.8428
3094 16.1602
3095 1.7033
3096 9.0315
3097   NaN
3098 3.3361
3099 11.6328
3100 16.1729
3101 10.2065
3102 12.2758
3103 7.7041
3104 10.5876
3105 12.9113
3106 1.8660
3107 0.9204
3108 3.7963
3109 30.3251
3110 9.3245
3111 1.3182
3112 4.3421
3113 11.8621
3114 17.4115
3115 2.8895
3116 24.0271
3117 3.4986
3118 3.7416
3119 7.5562
3120 1.0762
3121 2.8825
3122 28.4679
3123 7.4664
3124 9.5756
3125 6.2915
3126 17.3398
3127 5.8274
3128 4.7472
3129 4.2730
3130 18.8728
3131 7.5328
3132 1.3210
3133 4.7720
3134 8.9429
3135 22.0757
3136 10.7534
3137 2.3745
3138 16.8109
3139 9.9081
3140 4.7929
3141 6.0486
3142 2.8472
3143 0.9380
3144 7.7910
3145 31.1178
3146 7.6743
3147 6.5981
3148 12.0436
3149 4.6893
3150 5.7851
3151 6.9205
3152 12.6384
3153 2.0516
3154 16.4469
3155 13.6472
3156 11.1426
3157 5.0475
3158 8.6651
3159 6.8170
3160 1.8765
3161 10.1499
3162 7.1741
3163 6.9421
3164 31.8805
3165 4.6695
3166 20.6838
3167 12.3301
3168 1.7463
3169 4.3326
3170 37.1762
3171 4.2146
3172 1.4076
3173 23.6164
3174 3.0068
3175 7.1976
3176 1.5256
3177 11.4836
3178 10.3435
3179 20.0509
3180 13.2976
3181 1.5688
3182 0.8191
3183 3.7311
3184 1.8816
3185 1.6163
3186 15.8454
3187 14.1750
3188 0.3913
3189 10.0836
3190 15.1686
3191 8.5791
3192 3.2828
3193 28.7850
3194 16.4071
3195 3.8693
3196 15.5714
3197 0.8590
3198 9.5288
3199 1.5576
3200 0.8147
3201 1.0284
3202 23.6267
3203 0.7697
3204 1.5303
3205 9.2187
3206 12.2277
3207 1.1452
3208 1.8213
3209 4.2983
3210 25.8954
3211 9.8112
3212 2.3377
3213 9.9661
3214 13.1256
3215 20.9791
3216 8.2198
3217 4.1064
3218 1.6451
3219 13.9951
3220 5.6952
3221 6.2290
3222 0.5763
3223 6.8508
3224 6.6235
3225 11.4580
3226 7.9325
3227 1.1582
3228 11.8037
3229 11.9079
3230 6.8854
3231 1.3265
3232 3.7271
3233 12.8398
3234 17.2762
3235 6.9517
3236 1.4756
3237 6.5631
3238 2.6994
3239 3.1982
3240 6.2686
3241 6.1291
3242 22.4479
3243 6.1248
3244 4.5647
3245 8.2942
3246 3.7858
3247 4.8664
3248 25.2005
3249 2.3780
3250 0.5345
3251 6.2392
3252 7.0892
3253 7.9924
3254 9.9549
3255 23.3885
3256 3.0322
3257 2.9198
3258 0.7835
3259 19.2888
3260 13.0892
3261 8.4932
3262 5.3564
3263 0.7791
3264 9.7204
3265 11.5334
3266 9.8283
3267 13.8350
3268 8.5180
3269 21.5551
3270 1.3940
3271 0.5613
3272 1.2509
3273 14.1397
3274 3.8158
3275 3.8358
3276 11.1393
3277 0.6670
3278 0.9577
3279 21.5733
3280 8.1657
3281 29.8998
3282 3.0235
3283 3.2009
3284 1.9363
3285 2.1624
3286 2.2224
3287 11.1702
3288 6.6419
3289 7.9098
3290 4.8873
3291 1.1916
3292 1.8724
3293 1.3511
3294 8.0668
3295 6.5023
3296 0.6942
3297 1.6631
3298 7.6155
3299 31.6940
3300 6.5065
3301 6.3765
3302 7.7669
3303 12.5024
3304 4.0654
3305 0.6604
3306 2.7840
3307 8.6971
3308 4.3243
3309 0.8091
3310 2.5531
3311 2.5849
3312 6.3107
3313 22.7389
3314 3.2755
3315 15.6361
3316 6.7878
3317 12.1823
3318 13.0082
3319 14.7399
3320 7.5565
3321 17.8045
3322 2.1024
3323 2.0432
3324 17.8158
3325 3.0916
3326 9.9206
3327 9.7856
3328 7.1409
3329 12.5134
3330 12.0293
3331 3.9870
3332 3.2420
3333 3.2337
3334 9.0454
3335 15.0734
3336 4.5089
3337 3.1530
3338 7.5571
3339 14.0050
3340 0.5697
3341 9.4360
3342 2.5662
3343 11.9798
3344 11.5490
3345 11.2487
3346 2.5252
3347 12.1010
3348 6.9012
3349 2.9671
3350 4.0985
3351 13.4576
3352 27.7645
3353 8.8210
3354 3.9030
3355 0.7364
3356 1.3078
3357 1.3206
3358 0.8141
3359 0.7060
3360 21.4363
3361 26.7085
3362 4.5212
3363 6.5456
3364 6.0278
3365 5.5241
3366 1.8997
3367 2.0646
3368 3.7538
3369 8.5465
3370 6.7552
3371 11.4157
3372 12.7481
3373 4.0724
3374 8.0524
3375 7.1731
3376 35.3438
3377 4.8495
3378 7.7613
3379 9.1375
3380 32.2964
3381 7.2589
3382 1.2878
3383 18.8740
3384 9.1089
3385 7.6629
3386 4.5270
3387 25.2275
3388 10.9526
3389 4.6825
3390 7.4875
3391 7.2659
3392 6.5518
3393 7.6050
3394 6.5516
3395 13.8402
3396 1.3145
3397 4.8722
3398 10.4653
3399 7.1210
3400 1.4150
3401 1.1570
3402 6.9128
3403 9.9686
3404 28.2753
3405 25.2006
3406 1.4625
3407 11.2943
3408 2.3407
3409 2.6180
3410 12.2865
3411 23.7560
3412 12.2413
3413 8.1585
3414 12.5075
3415 0.9792
3416 1.6446
3417 3.6809
3418 3.4703
3419 6.0621
3420 18.6806
3421 4.3371
3422 0.7424
3423 16.0180
3424 6.6812
3425 0.9429
3426 2.2081
3427 1.4235
3428 1.2727
3429 8.1631
3430 0.9932
3431 12.4296
3432 1.1170
3433 9.0546
3434 3.8832
3435 35.5097
3436 1.9347
3437 8.0487
3438 2.6956
3439 18.6230
3440 1.6417
3441 3.0442
3442 9.3003
3443 9.1685
3444 13.3297
3445 5.5701
3446 0.7242
3447 6.0205
3448 2.6346
3449 21.8113
3450 6.9065
3451 5.4712
3452 15.9378
3453 30.5756
3454 1.6030
3455 6.9133
3456 6.1039
3457 5.9390
3458 1.6366
3459 3.4906
3460 37.3813
3461 15.0932
3462 13.2025
3463 2.2534
3464 13.9011
3465 2.9532
3466 6.4144
3467 1.8279
3468 11.3032
3469 17.3323
3470 9.2949
3471 5.8401
3472 1.7568
3473 8.4394
3474 21.5095
3475 3.1114
3476 2.4918
3477   NaN
3478 12.6236
3479   NaN
3480 6.0191
3481 12.1252
3482 7.1773
3483 4.1849
3484 7.4985
3485 23.4464
3486 2.7134
3487 6.1710
3488 10.0494
3489 13.0241
3490 23.3462
3491 8.9327
3492 2.4496
3493 10.5353
3494 9.9269
3495 0.7581
3496 1.8045
3497 7.0833
3498 1.1765
3499 2.6901
3500 3.1754
3501 1.9498
3502 3.2824
3503 4.4327
3504 2.5110
3505 8.2509
3506 2.8652
3507 11.8546
3508 1.0241
3509 4.7400
3510 26.9936
3511 16.1404
3512 2.9871
3513 6.2604
3514 0.8945
3515 8.1327
3516 6.0579
3517 0.4761
3518 11.4526
3519 6.1613
3520 7.1765
3521 14.0110
3522 13.8861
3523 7.5839
3524 5.7551
3525 5.9072
3526 16.1867
3527 3.0599
3528 10.0161
3529 3.9583
3530 4.2985
3531 4.8586
3532 10.1976
3533 1.0159
3534 0.6547
3535 1.4405
3536 1.9151
3537 3.0516
3538 0.5413
3539 3.7266
3540 13.6383
3541 35.9154
3542 0.9164
3543 22.7615
3544 8.4657
3545 2.8896
3546 19.7514
3547 9.5093
3548 9.0333
3549 7.1168
3550 6.8177
3551 9.5914
3552 3.5666
3553 7.6888
3554 31.5724
3555   NaN
3556 12.6030
3557 27.8451
3558 3.9098
3559 2.4311
3560 5.4780
3561 19.1980
3562 4.1748
3563 1.1763
3564 2.2168
3565 9.8320
3566 29.3761
3567 3.3137
3568 15.7668
3569 3.3927
3570 2.3915
3571 3.6132
3572 20.6146
3573 16.6909
3574 7.5673
3575 2.4916
3576 3.0777
3577 4.9810
3578 4.0560
3579 13.3901
3580 20.6719
3581 4.2462
3582 9.3240
3583 16.8815
3584 25.9866
3585 10.3693
3586 3.3917
3587 0.9226
3588 3.6924
3589 4.4510
3590 1.2301
3591 1.9773
3592 37.7535
3593 9.4676
3594 1.1882
3595 12.0802
3596 7.2395
3597 1.4964
3598 9.6665
3599 14.5836
3600 2.9026
3601 6.6317
3602 24.6812
3603 9.0048
3604 0.6465
3605 2.7320
3606 9.5804
3607 3.1030
3608 6.0272
3609 1.2044
3610 20.6298
3611 13.0701
3612 26.9921
3613 28.3477
3614 6.7883
3615 4.7343
3616 12.7265
3617 1.6584
3618 4.4810
3619 6.1675
3620 1.4306
3621 0.7584
3622 4.3164
3623 8.9450
3624 6.7643
3625 3.7863
3626 2.1358
3627 6.5995
3628 9.1142
3629 2.2821
3630 11.5802
3631 5.2198
3632 19.0035
3633 18.7098
3634 15.3466
3635 3.0452
3636 9.5430
3637 6.2418
3638 13.4835
3639 3.8493
3640 4.1828
3641 11.8984
3642 1.8044
3643 13.1194
3644 21.2875
3645 11.1850
3646 1.5614
3647 15.4421
3648 1.2864
3649 9.2812
3650 4.3438
3651 1.0601
3652 22.1805
3653 8.7806
3654 10.7792
3655 0.4830
3656 1.2283
3657 13.3817
3658 3.8871
3659 14.8113
3660 5.8794
3661 10.5703
3662 8.2331
3663 15.8383
3664   NaN
3665 0.6429
3666 28.4349
3667 2.4584
3668 30.3050
3669 10.6881
3670 0.8714
3671 2.0508
3672 3.7352
3673 29.4380
3674 1.3212
3675 2.2551
3676 1.6131
3677 8.7977
3678 7.1494
3679 3.7318
3680 13.9371
3681 6.3737
3682 6.0965
3683 11.3420
3684 11.9061
3685   NaN
3686 9.2863
3687 2.9016
3688 8.5008
3689 1.7000
3690 26.8055
3691 5.9264
3692 2.6583
3693 31.8649
3694 10.3496
3695 10.5083
3696 5.3856
3697 13.0643
3698 4.3480
3699 26.6761
3700 1.5602
3701 25.3015
3702 13.7409
3703 14.9380
3704 4.6227
3705 3.2393
3706 3.7160
3707 7.3350
3708 2.0156
3709 4.4314
3710 36.2087
3711 19.1224
3712 7.7805
3713 10.2471
3714 23.1918
3715 13.8482
3716 1.7153
3717 15.8695
3718 11.5982
3719 14.2093
3720 12.1485
3721 0.2446
3722 6.2739
3723 17.7937
3724 4.0407
3725 1.1494
3726 1.3538
3727 18.4925
3728 33.7588
3729 2.2344
3730 11.7902
3731 5.2238
3732 11.8347
3733 2.0300
3734 1.2538
3735 13.0198
3736 4.5639
3737 6.1253
3738 3.5925
3739 19.0398
3740 5.6852
3741 1.0995
3742 10.1291
3743 0.7666
3744 4.5161
3745 11.0576
3746 14.0430
3747 0.9600
3748 3.3158
3749 9.7852
3750 24.0306
3751 5.2323
3752 16.0944
3753 8.5523
3754 4.1334
3755 3.4000
3756 0.8799
3757 10.3121
3758 2.3952
3759 17.7536
3760 5.4615
3761 10.9636
3762 8.4719
3763 11.2362
3764 18.4868
3765 0.9737
3766 9.8178
3767 3.5774
3768 1.9539
3769 0.3065
3770 12.0471
3771 1.4844
3772 12.6349
3773 6.7501
3774 3.4395
3775 27.9038
3776 8.1199
3777 23.2522
3778 10.5042
3779 16.2509
3780 8.8514
3781 9.6498
3782 5.2657
3783 20.4646
3784 2.2911
3785 0.9288
3786 6.1433
3787 0.7342
3788 6.3742
3789 4.7887
3790 2.6441
3791 3.6132
3792 8.0953
3793 11.5971
3794 5.0744
3795 17.4579
3796 5.2548
3797 13.2089
3798 2.2071
3799 13.8653
3800 2.8815
3801 8.0477
3802 3.7449
3803 0.7682
3804 8.6649
3805 22.5564
3806 5.9957
3807 12.7429
3808 5.6902
3809 23.6217
3810 9.2242
3811 1.2675
3812 1.9172
3813 9.8223
3814 2.4086
3815 3.4688
3816 1.4877
3817 2.9417
3818 3.4880
3819 2.2944
3820 4.9994
3821 1.6836
3822 4.7671
3823 6.1728
3824 6.5363
3825 5.3260
3826 17.7416
3827 23.4918
3828 22.4991
3829 1.3830
3830 3.8241
3831 5.3647
3832 3.4608
3833 1.0492
3834 10.6637
3835 7.0540
3836 11.9931
3837 14.0815
3838 1.0667
3839 2.2271
3840 18.8830
3841 3.6946
3842 2.2600
3843 23.2712
3844 2.7160
3845 7.2767
3846 2.1166
3847 7.6830
3848 6.4928
3849 20.4966
3850 1.4982
3851 23.0386
3852 3.6298
3853 2.1287
3854 16.9870
3855 0.8166
3856 2.7896
3857 3.5630
3858 1.4787
3859 21.3548
3860 3.7635
3861 27.6034
3862 12.0584
3863 2.5415
3864 3.8469
3865 13.1401
3866 0.5373
3867 2.4247
3868 2.9918
3869 22.8873
3870 1.6796
3871 5.6147
3872 9.2893
3873 1.8014
3874 5.1059
3875 6.0209
3876 7.6548
3877 3.4725
3878 5.0404
3879 2.8525
3880 4.7815
3881 9.1628
3882 5.6174
3883 1.5676
3884   NaN
3885 8.5498
3886 21.4921
3887 0.5473
3888 0.7233
3889 20.4321
3890 10.8305
3891 7.4894
3892 2.7479
3893 13.6467
3894 1.1263
3895 26.0907
3896 4.2595
3897 3.6553
3898 27.4482
3899 0.9158
3900 4.5452
3901 2.2514
3902 1.3198
3903 20.4293
3904 6.5844
3905 10.5868
3906 2.1316
3907 8.4013
3908 16.8314
3909 7.6332
3910 0.6040
3911 3.7504
3912 9.7860
3913 34.4731
3914 13.5364
3915 7.4368
3916 1.3629
3917 15.9488
3918 1.5385
3919 11.9898
3920 7.1236
3921 4.3524
3922 5.7513
3923 8.6160
3924 1.6784
3925 4.4903
3926 2.3394
3927 9.4263
3928 9.4904
3929 11.6139
3930 3.2386
3931 3.8351
3932 2.6150
3933 1.3737
3934 6.3535
3935 3.4535
3936 1.0335
3937 9.0391
3938 3.3061
3939 7.9056
3940 17.9361
3941 22.6393
3942 25.8419
3943 19.1252
3944 15.9498
3945 18.9496
3946 11.3174
3947 11.8467
3948 2.0707
3949 11.8255
3950 0.6925
3951 26.8206
3952 8.6883
3953 1.6631
3954 12.9288
3955 23.3136
3956 6.0532
3957 4.0979
3958 11.9951
3959 6.4271
3960 3.1141
3961 5.1386
3962 13.9895
3963 0.6760
3964 4.2983
3965 20.1033
3966 1.2650
3967 27.1451
3968 12.9035
3969 8.3529
3970 9.9574
3971 1.7795
3972 14.0994
3973 10.3070
3974 14.4743
3975 3.6430
3976 1.8115
3977 0.5490
3978 3.3650
3979 30.7003
3980 5.7194
3981 1.1199
3982 7.8576
3983 6.3947
3984 1.9112
3985 4.5646
3986 8.6528
3987 4.3455
3988 9.1499
3989 6.9379
3990 5.5550
3991 28.4979
3992 3.2497
3993 4.2656
3994 9.6457
3995 15.4282
3996 8.2037
3997 10.5183
3998 10.6096
3999 4.2121
4000 5.6065
4001 0.9746
4002 2.7465
4003 2.6320
4004 7.0699
4005 8.8381
4006 5.4113
4007 9.0989
4008 3.4794
4009 7.7934
4010 12.8100
4011 2.8318
4012   NaN
4013 6.0901
4014 22.7406
4015 20.9833
4016 2.0813
4017 42.5331
4018 7.6192
4019 3.0683
4020 1.4614
4021 1.7256
4022 4.6633
4023 0.7195
4024 10.1211
4025 33.5437
4026 13.5758
4027 16.4007
4028 9.2590
4029 3.9722
4030 3.5197
4031 3.6505
4032 0.8474
4033 0.9035
4034 0.5271
4035 4.1084
4036 3.3001
4037 21.8079
4038 12.0918
4039 10.6657
4040 2.1730
4041 12.8718
4042   NaN
4043 1.4472
4044 10.2710
4045 2.2291
4046 1.0987
4047 0.1958
4048 25.5208
4049 1.9288
4050 1.9514
4051 7.4862
4052 6.7147
4053 9.8174
4054 17.1272
4055 1.6119
4056 14.2213
4057 5.3663
4058 35.2025
4059 4.6235
4060 3.6368
4061 11.6702
4062 5.1758
4063 1.6064
4064 6.8181
4065 3.7559
4066 1.0892
4067 23.3189
4068 11.0282
4069 9.8501
4070 4.2110
4071 13.3884
4072 2.1064
4073 9.1555
4074 3.5692
4075 1.9633
4076 16.0110
4077 2.5162
4078 7.4460
4079 22.1444
4080 1.0722
4081 3.8355
4082 3.8489
4083 2.6303
4084 7.5794
4085 2.0997
4086 37.3311
4087 3.8935
4088 1.7922
4089 2.5892
4090 3.2553
4091 6.7523
4092 2.4990
4093 1.9428
4094 11.4225
4095 11.3945
4096 13.8922
4097 25.5547
4098 1.0864
4099 0.9012
4100 3.4237
4101 3.4102
4102 6.1309
4103 0.7298
4104 1.9350
4105 0.7943
4106 3.1784
4107 12.7781
4108   NaN
4109 4.3780
4110 7.2739
4111 4.8437
4112 17.4020
4113 12.9074
4114 11.5139
4115 34.0351
4116 24.0305
4117 0.8712
4118 0.1970
4119 5.4758
4120 0.3999
4121 3.3872
4122 2.2381
4123 9.8075
4124 0.6186
4125 8.9072
4126 10.1402
4127 1.5650
4128 5.0292
4129 12.4681
4130 1.0146
4131 1.7920
4132 9.7002
4133 4.5756
4134 2.9141
4135 9.2958
4136 1.1250
4137 0.6214
4138 11.6192
4139 11.0595
4140 3.3099
4141 0.3424
4142 6.5065
4143 15.3263
4144 17.3480
4145 6.5843
4146 1.4142
4147 1.5873
4148 2.8175
4149 21.4432
4150   NaN
4151 10.3464
4152 1.1615
4153 1.5319
4154 2.5994
4155 3.6960
4156 14.3165
4157 7.4470
4158 5.3781
4159 10.5438
4160 0.8924
4161 2.2834
4162 10.6122
4163 6.7038
4164 4.1367
4165 12.1349
4166 12.7916
4167 16.0034
4168 1.4058
4169 2.1239
4170 13.4465
4171 26.7324
4172 1.3744
4173 3.5405
4174 8.1237
4175 13.6073
4176 0.6531
4177 16.0275
4178 0.5369
4179 19.9678
4180 5.9630
4181 10.3556
4182 0.7066
4183 7.8368
4184 7.1912
4185 5.1345
4186 12.9311
4187 3.6616
4188 1.5425
4189 12.3423
4190 18.9309
4191 38.0112
4192 2.5810
4193 18.1302
4194 4.3060
4195 1.4779
4196 9.7484
4197 20.0863
4198 3.9010
4199 6.8722
4200 23.0438
4201 1.1496
4202 9.5691
4203 2.6094
4204 7.5340
4205 5.5648
4206 0.9706
4207 3.3885
4208 20.1557
4209 10.0166
4210 4.3733
4211 9.6839
4212 5.1639
4213 4.8091
4214 31.0853
4215 7.9472
4216 12.0119
4217 25.1287
4218 0.9631
4219 10.7320
4220 21.2785
4221 13.3552
4222 14.9844
4223 2.6514
4224 1.8756
4225 4.8203
4226 10.5531
4227 4.1782
4228 29.6779
4229 3.5612
4230 9.3196
4231 7.0150
4232 0.9058
4233 0.7746
4234 16.0170
4235 5.6986
4236 7.8722
4237 1.7771
4238 0.2277
4239 31.9520
4240 0.8412
4241 2.2630
4242 12.3261
4243 12.4829
4244 18.6777
4245 8.9434
4246 12.2303
4247 10.5601
4248 1.9713
4249 1.9986
4250 9.9434
4251 3.1043
4252 4.1108
4253 5.6473
4254 3.0437
4255 16.4278
4256 2.1796
4257 1.0260
4258 5.8930
4259 12.6651
4260 33.1170
4261 1.5911
4262 28.6055
4263 3.0954
4264 10.1201
4265 3.1041
4266 4.3152
4267 6.1266
4268 7.6931
4269 6.0877
4270 7.2983
4271 11.5405
4272 15.4079
4273 9.3454
4274 4.6752
4275 9.4854
4276 1.7636
4277 5.6197
4278 1.5292
4279 12.9420
4280 0.3657
4281 11.9963
4282 6.7848
4283 4.8278
4284 7.5876
4285 32.9417
4286 3.7871
4287 37.8105
4288 25.9564
4289 17.3996
4290 15.9588
4291 16.9696
4292 9.7294
4293   NaN
4294 1.3288
4295 2.8251
4296 2.6870
4297 4.6905
4298 14.1962
4299 27.9561
4300 15.6522
4301   NaN
4302 2.9710
4303 9.8794
4304 3.6478
4305 10.3212
4306 13.2090
4307 3.6151
4308 7.0342
4309 2.9599
4310 0.3831
4311 5.8110
4312 21.7289
4313 16.1624
4314 10.7901
4315 6.5810
4316 1.3443
4317 13.9576
4318 17.8510
4319 3.9253
4320 11.1547
4321 10.7306
4322 8.5099
4323 10.8871
4324 6.0396
4325 16.4416
4326 1.0585
4327 8.1487
4328 3.4223
4329 20.2216
4330 2.1160
4331 11.4769
4332 3.2847
4333 19.1707
4334 1.1140
4335 3.3834
4336 34.1835
4337 7.9227
4338 1.6007
4339 8.9079
4340 12.8826
4341 14.0640
4342 4.8362
4343 2.5861
4344 3.8351
4345 8.1282
4346 7.8986
4347 3.3109
4348 8.2209
4349 5.4210
4350 0.7644
4351 5.7258
4352 10.0055
4353 21.8399
4354 25.5091
4355 5.3909
4356 0.6162
4357   NaN
4358 9.3386
4359 2.1498
4360 5.9560
4361 1.2011
4362 22.2765
4363 14.3871
4364 6.0251
4365 5.8047
4366 2.7789
4367 17.6971
4368 7.3785
4369 7.2960
4370 4.4243
4371 6.8664
4372 2.2685
4373 6.8068
4374 0.7042
4375 3.5694
4376 3.6880
4377 11.2706
4378 0.9685
4379 5.7405
4380 11.8385
4381 11.7208
4382 13.4107
4383 10.1464
4384 7.2944
4385 2.3160
4386 6.8677
4387 3.8355
4388 9.2107
4389 5.7581
4390 7.6305
4391 7.2495
4392 2.7996
4393 10.4182
4394 11.2308
4395 6.8969
4396 3.2662
4397 9.3700
4398 20.7616
4399 8.6753
4400 1.9189
4401 2.9657
4402 14.1424
4403 5.1350
4404 15.6608
4405 9.7205
4406 0.9339
4407 1.2295
4408 0.8527
4409 2.4411
4410 5.5811
4411 5.2849
4412 3.2318
4413 17.9617
4414 18.9497
4415 5.2249
4416 6.7424
4417 0.7081
4418 25.6250
4419 22.4818
4420 8.4978
4421 17.7686
4422 20.2803
4423 0.3652
4424 4.9970
4425 5.3478
4426 12.0534
4427 2.4812
4428 2.5365
4429 3.1944
4430 11.8317
4431 18.1147
4432 0.5287
4433 3.9111
4434 2.5984
4435 3.4712
4436 1.7844
4437 12.1242
4438 33.1997
4439 19.0295
4440 1.2753
4441 4.7857
4442 12.2532
4443 1.3871
4444 2.2577
4445 6.3659
4446 36.0774
4447 9.6570
4448 11.4005
4449 7.9872
4450 21.0544
4451 12.9615
4452 4.7268
4453 1.4756
4454 5.6997
4455 8.5693
4456 2.2856
4457 4.4808
4458 12.3195
4459 2.2166
4460 10.2605
4461 4.1735
4462 3.6802
4463 21.4243
4464 4.7299
4465 20.6741
4466 10.7406
4467 3.3432
4468 8.6566
4469 1.3435
4470 16.0941
4471 11.5813
4472 18.1380
4473 6.9550
4474 12.8392
4475 1.3884
4476 0.3894
4477 6.2175
4478 1.8592
4479 4.7909
4480 1.3287
4481 6.0898
4482 6.2089
4483 0.8868
4484 3.0786
4485 2.8859
4486 14.0779
4487 4.3737
4488 31.0810
4489 9.1832
4490 8.8180
4491 15.5731
4492 4.0687
4493 9.4064
4494 2.7248
4495 2.4388
4496 13.8470
4497 6.1293
4498 12.9761
4499 6.5326
4500 11.7852
4501 8.5720
4502 5.3416
4503 5.1914
4504 15.8768
4505 4.1493
4506 4.5644
4507 7.1842
4508 4.7549
4509 12.4077
4510 1.8423
4511 10.9310
4512 8.0486
4513 0.8018
4514 12.4164
4515 2.8165
4516 1.0764
4517 2.5643
4518 18.5921
4519 9.6718
4520 9.8298
4521 1.9221
4522 1.0396
4523 4.1795
4524 0.8557
4525 10.7058
4526 16.5614
4527 1.8182
4528 1.2306
4529 6.4334
4530 9.4413
4531 2.4182
4532 2.9851
4533 14.7621
4534 5.5735
4535 4.3440
4536 8.7704
4537 3.5829
4538 2.9788
4539 3.9756
4540 24.6428
4541 2.7541
4542 20.8405
4543 2.7380
4544 29.9503
4545 1.9019
4546 1.8658
4547 29.2751
4548 7.4293
4549 19.9687
4550 15.9992
4551 7.4364
4552 9.5116
4553 23.7911
4554 4.6570
4555 2.9739
4556 8.3459
4557 8.6683
4558 22.3527
4559 8.4759
4560 4.5085
4561 4.3065
4562 10.8888
4563 15.5263
4564 9.5671
4565 3.0533
4566 3.2710
4567 6.2711
4568 12.9033
4569 4.8240
4570 26.1051
4571 0.9850
4572 8.5030
4573 6.6960
4574 3.1579
4575 1.2333
4576   NaN
4577 2.1255
4578 6.6918
4579 6.6923
4580 1.1438
4581 1.6148
4582 15.8845
4583 0.4785
4584 17.2341
4585 1.4467
4586 10.3631
4587 4.3091
4588 7.0043
4589 2.8664
4590 3.2996
4591 0.5379
4592 16.0197
4593 1.6821
4594 9.6537
4595 5.2682
4596 10.4254
4597 14.7874
4598 6.0006
4599 26.4216
4600 5.8846
4601 15.1926
4602 9.4090
4603 20.1995
4604 3.4434
4605 2.0759
4606 7.7108
4607 10.8586
4608 7.9142
4609 2.8375
4610 0.7988
4611 2.3828
4612 5.0404
4613 14.3875
4614 21.8108
4615 3.0503
4616 1.7347
4617 1.1608
4618 2.8575
4619 10.9306
4620 24.5666
4621 1.4927
4622 5.4313
4623 11.9349
4624 0.5462
4625 3.1072
4626 21.4126
4627 3.0873
4628 11.7087
4629 5.8427
4630 7.8224
4631 4.1237
4632 15.9186
4633 10.1363
4634 13.1965
4635 1.3900
4636 19.5587
4637 3.4970
4638 2.5362
4639 2.0828
4640 22.8595
4641 9.9049
4642 1.5999
4643 5.9139
4644 20.3118
4645 28.0929
4646 8.5066
4647 12.9786
4648 9.8939
4649 9.8720
4650 25.5076
4651 5.4276
4652 20.8998
4653 0.9484
4654 12.4671
4655   NaN
4656 13.9191
4657 10.8300
4658 2.5735
4659 5.1713
4660 3.7559
4661 1.4381
4662 34.6827
4663 1.8096
4664 2.6688
4665 2.3994
4666 10.2696
4667 5.7761
4668 9.6719
4669 5.2236
4670 7.4392
4671 2.4946
4672 4.0433
4673 0.5937
4674 1.9444
4675 2.2104
4676 6.3385
4677 1.7189
4678 10.5318
4679 0.3902
4680 8.2112
4681 10.5000
4682 2.7293
4683 6.5582
4684 10.9893
4685 3.0993
4686 4.1846
4687 1.9833
4688 10.3096
4689 5.0238
4690 4.5242
4691 4.0267
4692 5.8665
4693 6.3276
4694 4.4723
4695 8.2291
4696 22.8617
4697 1.1895
4698 3.2267
4699 11.5926
4700 4.4546
4701 4.0870
4702 9.9449
4703 7.6786
4704 8.8648
4705 0.7085
4706 1.0521
4707 3.6986
4708 1.2756
4709 9.0702
4710 2.1082
4711 11.9146
4712 9.1738
4713 2.9029
4714 4.0106
4715 4.0035
4716 20.8120
4717 11.4074
4718 0.7292
4719 2.7673
4720 1.9783
4721 1.9165
4722 0.6510
4723 9.2001
4724 4.1824
4725 3.7863
4726 0.4295
4727 4.4457
4728 6.0017
4729 24.3895
4730   NaN
4731 2.2349
4732 21.6602
4733   NaN
4734 7.2586
4735 3.5326
4736 3.3022
4737 5.7258
4738 9.5124
4739 6.2802
4740 6.9111
4741 16.2452
4742 13.5223
4743 13.6077
4744 1.2532
4745 2.0700
4746 2.8594
4747 4.2971
4748 3.4957
4749 7.4429
4750 24.7562
4751 9.8085
4752 4.7356
4753 5.7844
4754 9.5892
4755 6.7232
4756 1.4185
4757 7.2468
4758 17.7918
4759 19.1994
4760 5.1990
4761 1.6047
4762 23.2941
4763 0.7035
4764 3.0769
4765 9.4565
4766 13.5845
4767 4.2066
4768 15.5555
4769 1.1357
4770 1.1330
4771 2.8953
4772 8.5306
4773 22.4347
4774 10.9559
4775 5.4562
4776 3.6415
4777 11.4692
4778 30.6339
4779 10.4943
4780 5.4582
4781 7.6533
4782 8.9676
4783 27.2381
4784 34.2164
4785 9.9241
4786 23.9142
4787 5.4095
4788 8.5622
4789 8.8346
4790 5.3235
4791 7.8820
4792 3.4029
4793 3.0039
4794 0.3810
4795 16.1497
4796 4.7376
4797 8.5626
4798 11.6371
4799 26.4139
4800 13.4853
4801 0.8364
4802 2.9868
4803 8.1684
4804 10.6216
4805 2.9453
4806 15.8904
4807 5.7676
4808 12.0071
4809 10.2696
4810 10.5504
4811 27.4529
4812 0.5738
4813 3.6803
4814 19.6850
4815 9.9125
4816 15.3478
4817 1.9012
4818 5.1925
4819 7.3583
4820 1.8551
4821 27.2180
4822 2.9823
4823 7.0772
4824 9.4983
4825 19.0481
4826 17.5322
4827 20.3628
4828 8.4691
4829 11.7005
4830 8.7053
4831 16.1571
4832 5.2911
4833 2.4612
4834 6.0150
4835 2.5642
4836 6.7031
4837 2.5986
4838 6.2797
4839 1.3973
4840 4.3227
4841 5.7312
4842 5.5542
4843 19.1320
4844 2.3690
4845 11.7035
4846 17.9518
4847 6.6896
4848 14.6801
4849 17.0373
4850 2.3493
4851 2.0016
4852 5.0934
4853 15.1152
4854 9.6406
4855 28.1388
4856 2.0179
4857 3.7288
4858 8.9065
4859 11.5881
4860 4.9843
4861 1.1499
4862 12.6899
4863 21.0703
4864 8.6330
4865 10.6254
4866 6.0514
4867 8.5445
4868 3.7139
4869 0.8120
4870 14.9648
4871 25.8894
4872 0.3889
4873 26.0961
4874 6.9956
4875 0.8141
4876 14.8457
4877 11.2453
4878 0.4329
4879 4.5962
4880 2.7490
4881 3.1554
4882 4.0052
4883 11.5128
4884 8.9769
4885 1.4420
4886 1.6274
4887 7.2421
4888 17.6843
4889 2.1454
4890 8.0949
4891 4.3605
4892 1.5365
4893 27.3459
4894 7.8512
4895 4.9730
4896 1.0583
4897 4.0972
4898 9.5170
4899 9.8698
4900 16.2220
4901 7.8202
4902 6.3769
4903 10.4583
4904 7.5848
4905 8.2619
4906 8.1524
4907 27.8135
4908 3.5148
4909 1.1168
4910 0.3065
4911 2.5893
4912 16.6085
4913 35.4239
4914 3.4210
4915 4.2683
4916 6.8211
4917 10.5620
4918 4.9722
4919 2.5035
4920 3.6522
4921 1.4351
4922 6.6833
4923 18.0929
4924 5.0450
4925 9.3329
4926 1.0724
4927 2.3034
4928 12.6580
4929 21.5900
4930 5.6254
4931 8.0390
4932 17.6675
4933 3.5469
4934 12.1546
4935 9.7952
4936 37.3145
4937 2.9403
4938 2.3485
4939 8.0210
4940 5.5748
4941 7.4019
4942 19.6925
4943 5.7817
4944 3.3655
4945 12.6605
4946 8.4995
4947 7.1973
4948 1.7653
4949 9.4129
4950 16.3720
4951 3.4548
4952 9.9063
4953 1.8846
4954 0.9366
4955 5.6397
4956 0.6094
4957 4.1872
4958 9.5639
4959 4.7904
4960 18.9144
4961 6.3454
4962 10.2213
4963 6.9609
4964 29.3252
4965 7.0642
4966 24.1107
4967 4.3146
4968 3.4152
4969 0.7186
4970 4.1780
4971 2.1144
4972 6.7351
4973 15.6406
4974 1.5801
4975 3.3726
4976 3.1445
4977 10.0339
4978 9.6250
4979 2.0674
4980 4.5968
4981 17.1734
4982 11.8765
4983 5.6032
4984 12.2333
4985 12.3663
4986 7.4296
4987 1.6136
4988 13.6784
4989 2.7079
4990 6.9736
4991 11.7279
4992 6.5004
4993 22.5786
4994 2.6619
4995 2.9330
4996 8.4901
4997 8.8292
4998 28.3462
4999 2.4478
5000 7.3578
