   1 45.1986
   2 36.4164
   3 70.0245
   4 9.8796
   5 17.6105
   6 40.5375
   7 34.2737
   8 27.1673
   9 18.3740
  10 91.0592
  11 9.0535
  12 34.9212
  13 8.5518
  14 45.1442
  15 88.7701
  16 26.5173
  17 13.8087
  18 23.8881
  19 9.5484
  20 12.8233
  21 14.2762
  22 13.4560
  23 18.7688
  24 55.2594
  25 36.2961
  26 53.3478
  27 4.8268
  28 38.5411
  29 71.7541
  30 30.6913
  31 21.8106
  32 46.9226
  33   NaN
  34 21.8041
  35 59.3201
  36 45.7273
  37 62.9975
  38 50.7439
  39 30.7263
  40 21.0816
  41 31.9359
  42 5.0061
  43 4.2158
  44 40.6733
  45 12.2742
  46 3.4057
  47 21.6213
  48 47.1775
  49 49.4799
  50 39.7713
  51   NaN
  52 15.8982
  53 16.7541
  54 29.5606
  55 57.1438
  56 21.7133
  57 15.3133
  58 40.5211
  59 14.0541
  60 22.3147
  61   NaN
  62 13.3773
  63 7.8584
  64 33.7417
  65 18.7724
  66 6.5816
  67   NaN
  68 18.6393
  69 43.5134
  70 22.4039
  71 5.7347
  72 11.0523
  73 78.0839
  74 11.4990
  75 41.4532
  76 23.1527
  77 15.2910
  78 21.2868
  79 20.2234
  80 89.0615
  81 69.5362
  82 33.5568
  83 56.0484
  84 23.5968
  85 10.5671
  86 6.0962
  87 28.6204
  88 17.3089
  89 41.1253
  90 9.5285
  91 92.7361
  92 37.2903
  93 48.9694
  94 38.5617
  95 56.5027
  96 80.4907
  97 4.5728
  98 18.1486
  99 1.8460
 100 22.9395
 101 33.8439
 102 27.8494
 103 34.6534
 104 66.8899
 105 43.1840
 106 45.5189
 107 71.9911
 108 15.0284
 109 28.5424
 110 52.5573
 111 6.1472
 112 2.9544
 113 41.3640
 114 21.8546
 115 66.6231
 116 14.5515
 117 75.3819
 118 34.9387
 119 61.4501
 120 89.0916
 121 29.1417
 122 61.1447
 123 6.7493
 124 18.7269
 125 18.7185
 126 27.4865
 127 50.6507
 128 64.0928
 129 1.9807
 130 12.7867
 131 30.3760
 132 45.4071
 133 66.6457
 134   NaN
 135 25.6743
 136 51.3891
 137 82.1710
 138 7.7679
 139 25.8762
 140 22.1804
 141 38.1330
 142 8.4636
 143 48.5969
 144 45.3621
 145 13.3301
 146 17.7237
 147 20.6395
 148 31.5940
 149 5.4716
 150 76.7471
 151 6.3408
 152 30.0798
 153 22.3320
 154 62.4014
 155 46.7181
 156 3.6764
 157 19.6403
 158 44.4253
 159 61.1025
 160 54.8308
 161 19.7405
 162 49.5114
 163 8.1840
 164 23.4312
 165 75.2066
 166 23.0658
 167 17.4677
 168 18.8923
 169 18.7973
 170 24.4667
 171 18.3437
 172 56.1249
 173 15.5606
 174 11.8178
 175 28.6868
 176 52.0005
 177 12.7376
 178 58.7706
 179 26.5990
 180 22.0460
 181 33.0646
 182 71.2121
 183 16.8435
 184 51.0501
 185 7.1266
 186 33.1729
 187 50.9754
 188 60.1184
 189 14.1443
 190 15.0235
 191 29.4014
 192 35.7046
 193 44.8867
 194 60.5041
 195 52.7909
 196 18.2337
 197 28.7348
 198 33.9485
 199 26.2676
 200   NaN
 201 68.5705
 202 26.0859
 203 41.1886
 204 71.1389
 205 2.2964
 206 58.3564
 207 32.7675
 208 9.4502
 209 24.5740
 210 8.6557
 211 13.7883
 212 8.9800
 213 26.5585
 214 41.3016
 215 31.7870
 216 43.2684
 217 48.6798
 218   NaN
 219 22.0480
 220 64.9479
 221 58.1416
 222 5.4062
 223 5.2251
 224 1.7146
 225 17.7501
 226 8.6570
 227 24.2784
 228 9.4144
 229 1.4468
 230 57.6171
 231 27.1784
 232 40.1685
 233 17.7690
 234 25.7906
 235 9.5962
 236 70.1854
 237 37.5913
 238 32.4955
 239 30.8931
 240 59.4397
 241 15.4148
 242 20.4735
 243 12.1768
 244 11.1101
 245 13.2395
 246 16.8234
 247 55.5727
 248 59.1496
 249 16.3592
 250 32.1799
 251 25.4498
 252 21.0466
 253 48.7729
 254 38.3195
 255 22.6709
 256 56.3111
 257 60.5910
 258 40.3054
 259 31.7076
 260 84.3158
 261 81.0606
 262 20.8442
 263 42.1479
 264 26.5542
 265 25.5965
 266 50.6414
 267 31.3795
 268 10.4791
 269 14.8778
 270 42.6892
 271 47.4825
 272 42.6409
 273 19.1937
 274 22.3109
 275 27.4368
 276 16.8825
 277 21.6445
 278 11.9170
 279 14.6879
 280 79.7297
 281 50.6988
 282 46.3090
 283 53.5580
 284 12.4393
 285 21.0028
 286 122.8595
 287 34.3193
 288 12.1422
 289 56.6504
 290 31.8852
 291 18.6809
 292 41.4003
 293 39.8309
 294 44.8685
 295 23.5049
 296 66.0143
 297 79.4673
 298 34.0700
 299 34.2143
 300 60.5275
 301 18.8976
 302 9.8140
 303 23.1525
 304 17.3605
 305 34.0721
 306 7.0830
 307 11.0141
 308 13.1491
 309 66.5063
 310 24.7963
 311 26.1954
 312 16.6067
 313 59.6030
 314 77.4504
 315 17.3292
 316 18.7683
 317 9.9922
 318 50.0963
 319 53.1004
 320 53.7381
 321 43.4016
 322 15.1664
 323   NaN
 324 6.3556
 325 13.6662
 326 22.0766
 327 26.5073
 328 17.0230
 329 13.0851
 330 32.0640
 331 8.5085
 332 14.6538
 333 34.5637
 334 13.4285
 335 20.6034
 336 28.6623
 337 45.9955
 338 23.5275
 339 71.3110
 340 67.5797
 341 55.0938
 342 61.2601
 343 37.6718
 344 16.2887
 345 20.6786
 346   NaN
 347 33.7443
 348 34.2810
 349 48.3289
 350 46.5307
 351 7.9573
 352 10.7322
 353 10.6147
 354 9.5965
 355 15.8601
 356 17.3001
 357 63.4720
 358 10.5531
 359 34.3894
 360 20.9281
 361 47.5047
 362 10.6563
 363 20.9657
 364 64.0601
 365 28.2132
 366   NaN
 367 28.7053
 368   NaN
 369   NaN
 370 17.6819
 371 6.4982
 372 14.6110
 373 55.8602
 374 10.2148
 375 13.1982
 376 34.3892
 377 20.8893
 378 20.4124
 379 12.4094
 380   NaN
 381 60.3677
 382 3.9818
 383 17.9613
 384 11.9399
 385 87.0000
 386 5.4805
 387 24.3250
 388 23.6924
 389 22.0345
 390 44.6250
 391 31.5982
 392 3.8692
 393 7.4856
 394 38.9928
 395 12.2005
 396 70.7602
 397 62.6706
 398 13.7178
 399 6.2637
 400 54.0997
 401 20.4795
 402 4.8364
 403 31.5124
 404 12.3176
 405 66.4981
 406   NaN
 407 54.7587
 408 30.1705
 409 61.8315
 410 22.0306
 411 4.9620
 412 77.1228
 413 27.2922
 414 22.5554
 415 14.0615
 416 39.1299
 417 14.4565
 418 12.0329
 419 65.8476
 420 26.6670
 421 15.3046
 422 33.1657
 423 6.8127
 424 32.7991
 425 14.3447
 426 20.8757
 427 52.8369
 428 45.5766
 429 2.2822
 430 44.0389
 431 4.1668
 432 7.2227
 433 25.6605
 434 10.7781
 435 14.9058
 436 7.3744
 437 8.8391
 438 38.9426
 439 16.7214
 440 4.4175
 441 21.0564
 442 33.2247
 443 11.9694
 444 5.2027
 445 18.1119
 446 35.9415
 447 14.8171
 448 26.1896
 449 2.5272
 450 92.7933
 451 22.1252
 452 48.5005
 453 14.1916
 454 21.5269
 455 89.3471
 456 3.9619
 457 5.3602
 458 19.1604
 459 21.5679
 460 7.4985
 461 27.1599
 462 9.7254
 463 4.6116
 464 13.3591
 465 10.1177
 466 26.3293
 467 49.2695
 468   NaN
 469 74.9534
 470 48.1405
 471 9.2535
 472 60.7919
 473 40.4464
 474 14.3845
 475 15.7338
 476 31.0841
 477 34.0020
 478   NaN
 479 19.3177
 480 28.0312
 481 25.1024
 482 23.0515
 483 16.9811
 484 16.8690
 485 10.5751
 486 27.6255
 487   NaN
 488 10.4415
 489 28.6518
 490 14.2260
 491 20.9655
 492 14.9587
 493 18.2340
 494 34.8462
 495 19.4100
 496 21.7443
 497 11.1432
 498 52.8363
 499 37.4052
 500 16.0913
 501 16.4934
 502 25.4180
 503 15.1714
 504 7.2160
 505 23.9821
 506 64.8006
 507 4.6254
 508 17.0361
 509 3.0381
 510 11.9578
 511 45.2136
 512 46.3031
 513 32.5850
 514 36.9361
 515 48.2083
 516 63.8719
 517 5.3444
 518 84.1227
 519 17.1167
 520 46.3362
 521 8.9722
 522 17.5945
 523 63.2568
 524 12.3421
 525 12.6853
 526 9.8399
 527   NaN
 528 43.6871
 529 25.8473
 530 14.5234
 531 6.9516
 532 15.2529
 533 24.9570
 534 7.4867
 535 2.9255
 536 71.0389
 537 20.9788
 538 57.3810
 539 44.4623
 540 14.0456
 541 74.5434
 542 22.7090
 543 44.9477
 544 9.8200
 545 16.1049
 546 80.7961
 547 5.4770
 548 33.3799
 549 84.7349
 550 5.0421
 551 20.3954
 552 62.6705
 553 16.9652
 554 71.8065
 555 88.5257
 556 35.5407
 557 12.6508
 558 39.4426
 559 30.4074
 560 30.3885
 561 34.9973
 562 26.1861
 563 31.0843
 564 10.7293
 565   NaN
 566 54.5076
 567 9.1267
 568 19.9583
 569 26.3569
 570 3.4054
 571 2.8406
 572 34.2736
 573 45.5297
 574 16.3362
 575 83.7730
 576 59.0458
 577 46.8143
 578 44.4193
 579 39.0056
 580 57.6301
 581 40.5188
 582 50.3279
 583 2.3242
 584 39.5030
 585 45.1716
 586 8.8080
 587 10.2178
 588 43.3765
 589 50.5086
 590 12.2216
 591 44.7731
 592 34.6910
 593 68.0198
 594 28.8267
 595 66.3536
 596 44.6241
 597 29.1529
 598 19.8756
 599 50.2064
 600 25.0347
 601 4.8143
 602 20.0148
 603 53.5277
 604 60.0696
 605 14.7602
 606 24.6595
 607   NaN
 608 7.5321
 609 11.9160
 610   NaN
 611 46.8943
 612 17.1085
 613 14.8872
 614 24.6253
 615 10.8630
 616 21.5383
 617 13.8733
 618 19.5463
 619 37.6364
 620 335.6736
 621 16.4401
 622 3.5424
 623 13.5685
 624 13.6695
 625 20.4479
 626 73.6725
 627 33.6533
 628 29.0323
 629 10.1009
 630 36.5366
 631 26.3586
 632 122.4659
 633 16.1890
 634 19.3017
 635 9.3919
 636 18.7841
 637 14.3084
 638 28.3800
 639 52.4718
 640 15.4287
 641 39.3968
 642 26.9423
 643 8.8682
 644 51.0693
 645 5.3308
 646   NaN
 647 20.5106
 648 26.9074
 649 4.4121
 650 58.8022
 651 47.9265
 652 26.7736
 653 17.7127
 654 75.5028
 655 24.6777
 656   NaN
 657 18.6276
 658 44.9459
 659 24.1868
 660 21.2749
 661 17.8612
 662 1.2132
 663 21.7509
 664 57.0784
 665 18.7039
 666 18.4199
 667 19.2655
 668 81.5663
 669 77.7132
 670 63.4694
 671 15.3369
 672 91.3255
 673 23.1664
 674 21.0727
 675 21.8572
 676 16.6968
 677 79.0879
 678 20.7003
 679 75.9534
 680 23.8706
 681 27.8594
 682 27.8541
 683 69.6462
 684 3.0764
 685 23.7580
 686 115.9361
 687 14.9568
 688 26.9654
 689 68.8699
 690 29.3126
 691 24.0590
 692 69.7121
 693 2.7833
 694 11.1677
 695 7.9428
 696 22.9396
 697 39.3469
 698 28.5431
 699 32.4154
 700 52.0679
 701   NaN
 702 57.4928
 703 14.8381
 704 9.2935
 705 54.1984
 706 48.1005
 707 22.2987
 708 82.6918
 709 49.2862
 710 16.8350
 711   NaN
 712 18.8641
 713 27.5742
 714 21.9150
 715 30.1512
 716 38.6916
 717 42.1602
 718 14.8824
 719 59.6388
 720 55.1110
 721 26.6163
 722 23.5136
 723 12.4897
 724 20.0729
 725 49.7892
 726   NaN
 727 24.7548
 728 18.0966
 729 26.1764
 730 44.8898
 731 50.1354
 732 16.4246
 733 27.9224
 734 37.6861
 735 28.1912
 736 22.6122
 737 55.0391
 738 63.4555
 739 24.1207
 740 38.8236
 741 402.0179
 742 7.8060
 743 36.0495
 744 87.9948
 745 11.7794
 746 23.3780
 747 13.4864
 748 22.4745
 749 23.7076
 750 22.0373
 751 10.4980
 752 45.6063
 753 39.7226
 754 56.7318
 755 41.1525
 756   NaN
 757   NaN
 758 68.7097
 759 44.6033
 760 54.4140
 761 79.0884
 762 36.5765
 763 17.6590
 764   NaN
 765 11.3151
 766 15.6801
 767 19.1249
 768 52.1077
 769 46.6662
 770 6.6645
 771 20.1513
 772 73.2789
 773 34.3680
 774 21.0675
 775 14.6038
 776 57.9500
 777 13.0052
 778 17.0460
 779 23.1392
 780 6.6442
 781 1.8195
 782 154.3853
 783 17.0598
 784 47.0327
 785 9.3290
 786 25.8748
 787 71.6924
 788 87.8178
 789 32.7909
 790 43.0216
 791 19.1523
 792 18.5488
 793 38.2945
 794 49.0750
 795 12.4879
 796 29.4518
 797 18.6714
 798 12.8665
 799 32.3169
 800 14.5672
 801 60.5424
 802 40.9231
 803 17.0497
 804 9.3960
 805 2.6572
 806 53.1803
 807 10.6983
 808 52.9573
 809 24.0078
 810 29.5631
 811 37.2614
 812 28.0191
 813   NaN
 814 21.7289
 815 39.0102
 816 25.9486
 817 27.5535
 818 70.9493
 819 5.3270
 820 15.9791
 821 64.3222
 822 32.9641
 823 1.0322
 824 63.7651
 825 16.1917
 826 36.5044
 827 10.2376
 828 8.4168
 829 17.8310
 830 9.2314
 831 9.7774
 832 14.2897
 833 84.4799
 834 11.0562
 835 19.3706
 836 31.0787
 837 9.5921
 838 42.2694
 839 33.3641
 840 1.6950
 841 76.6903
 842 7.2474
 843 21.5956
 844 9.3095
 845 7.7805
 846 53.2490
 847 16.6538
 848 38.4547
 849 3.5277
 850 18.3669
 851 15.5723
 852 28.9576
 853 20.0574
 854 54.2628
 855 6.8092
 856   NaN
 857 53.3862
 858 6.5610
 859 72.2725
 860 50.1580
 861 18.0809
 862 17.2354
 863   NaN
 864 15.1977
 865 5.4644
 866   NaN
 867 52.6342
 868 35.4167
 869 15.2238
 870 49.7172
 871   NaN
 872 3.9676
 873 28.2624
 874 7.2025
 875   NaN
 876   NaN
 877   NaN
 878 46.5836
 879 50.5551
 880 7.0140
 881 11.6022
 882 26.7907
 883 40.2184
 884 11.5232
 885 22.8239
 886 5.8094
 887 42.5410
 888 42.3554
 889 27.0413
 890 15.0097
 891 62.4802
 892 1.7079
 893 11.5695
 894 2.2462
 895 41.5980
 896 16.8391
 897 25.9616
 898 35.4991
 899 27.5493
 900   NaN
 901 42.6522
 902 41.8304
 903 10.5820
 904 8.7177
 905 62.1456
 906 31.0567
 907 13.6366
 908 64.4989
 909 29.9554
 910 21.4673
 911 55.4930
 912 8.7243
 913 51.8774
 914 12.7150
 915 37.5948
 916   NaN
 917 12.8159
 918 11.7668
 919 43.8652
 920 71.2237
 921 42.0172
 922   NaN
 923 24.5581
 924 16.5942
 925 4.6581
 926 34.8883
 927 15.7240
 928 6.9397
 929 16.1241
 930 30.0878
 931 51.0356
 932 9.0783
 933 23.3376
 934 46.5602
 935 24.2254
 936 18.1902
 937 28.1366
 938 84.0279
 939 17.6721
 940   NaN
 941 13.6706
 942 31.0863
 943 53.4990
 944 68.5140
 945 62.9994
 946 27.3081
 947 42.6887
 948 21.5970
 949 30.6200
 950 5.4069
 951 40.1283
 952 16.9187
 953 32.6248
 954 17.2259
 955 41.9037
 956 40.0736
 957 17.2933
 958 46.0225
 959 37.2473
 960 14.5368
 961 18.7308
 962 67.1975
 963 69.8308
 964 50.1047
 965 19.0295
 966 24.2638
 967 21.2323
 968 16.2266
 969 20.7337
 970 4.7579
 971 24.4812
 972 19.3435
 973 29.3152
 974 2.5156
 975 27.5503
 976 29.4413
 977 2.3577
 978 19.4384
 979 3.6412
 980 12.4770
 981 34.6553
 982 19.3988
 983 31.1367
 984 5.1861
 985 52.0287
 986 33.7225
 987 24.9164
 988 14.5437
 989 12.9771
 990 58.7668
 991 70.2773
 992 5.3694
 993 6.1573
 994 71.2965
 995 35.3517
 996 9.5106
 997 7.3126
 998 60.8871
 999 22.3198
1000 53.8352
1001 55.5574
1002 44.4375
1003   NaN
1004 24.2051
1005 51.5769
1006 62.9753
1007 15.7405
1008 57.2541
1009 23.3479
1010 27.2482
1011 17.2622
1012 18.9277
1013 22.2167
1014 11.4380
1015 18.2599
1016 28.2434
1017 57.9729
1018 22.6897
1019 33.5581
1020 45.8424
1021 67.8070
1022 61.5827
1023 32.2774
1024 27.9371
1025 26.7257
1026 14.1755
1027 18.8250
1028 39.8670
1029 25.5432
1030 87.1045
1031 17.2410
1032 47.2830
1033 27.0900
1034 38.7141
1035 76.6138
1036   NaN
1037 2.1582
1038 49.9495
1039 9.1655
1040 15.6862
1041 8.7960
1042 57.1483
1043 76.5699
1044 37.3650
1045   NaN
1046 50.3471
1047 22.6410
1048 64.1848
1049 3.2689
1050 16.4430
1051 23.1502
1052 8.5748
1053 35.0302
1054 0.8552
1055 42.3489
1056 34.0472
1057 19.7960
1058 57.4840
1059   NaN
1060 11.1250
1061 24.8837
1062 33.6271
1063 15.7810
1064 51.7813
1065   NaN
1066 39.1201
1067 31.6351
1068 55.8662
1069 21.4566
1070 24.7878
1071 15.8863
1072 41.6601
1073 13.1282
1074 21.3837
1075 12.0497
1076 74.5250
1077 69.4546
1078 1.6556
1079 12.4069
1080 34.2013
1081 41.2178
1082 11.1287
1083 47.4585
1084 50.0208
1085 40.4870
1086 25.7689
1087 64.1207
1088 8.4814
1089 24.4731
1090 72.7088
1091 33.1122
1092 17.5126
1093 32.1611
1094 11.9245
1095 13.0864
1096 52.1174
1097 16.9458
1098 42.7604
1099 49.5546
1100   NaN
1101 53.9494
1102 4.9721
1103 26.7222
1104 14.3848
1105 27.6197
1106 4.5599
1107 22.8724
1108 16.7644
1109 21.1408
1110 11.8528
1111 2.1629
1112 51.8398
1113 8.4158
1114 56.8608
1115 49.4151
1116 17.7498
1117 21.7912
1118 5.9820
1119 23.5538
1120 58.0360
1121 16.9965
1122 6.3272
1123 27.8481
1124 49.2032
1125 7.7259
1126 29.6910
1127 52.8107
1128 22.7396
1129 22.2327
1130 22.8782
1131 21.0608
1132 14.0214
1133 36.2129
1134 40.6291
1135 15.7971
1136 146.7680
1137 8.0427
1138 25.9038
1139 35.4119
1140 62.6059
1141 21.8426
1142 9.6356
1143 12.0023
1144 17.4968
1145 8.7465
1146 34.5042
1147 71.0324
1148 17.2876
1149   NaN
1150 31.5098
1151 18.5224
1152 70.8133
1153 13.3736
1154 14.3867
1155 19.1589
1156 65.5566
1157 61.4721
1158 8.4364
1159 21.6010
1160   NaN
1161 22.9843
1162 30.9703
1163 49.5094
1164 8.8894
1165 55.7554
1166 7.4463
1167 13.0848
1168 23.5106
1169 26.0775
1170 16.6503
1171 8.0398
1172 23.7440
1173 49.5016
1174 24.3410
1175 22.9389
1176 17.5255
1177 37.5499
1178 17.9907
1179 34.0648
1180 34.3195
1181 17.1414
1182 18.0428
1183 5.9263
1184 16.3842
1185 3.8706
1186 70.0917
1187 71.0540
1188 18.9377
1189 10.7437
1190 32.7360
1191 16.5586
1192 62.3724
1193 17.5743
1194 23.2852
1195 35.4851
1196 31.2172
1197   NaN
1198 36.7941
1199   NaN
1200   NaN
1201 35.6213
1202 49.6206
1203 23.0230
1204   NaN
1205 9.2513
1206 9.3490
1207 78.5361
1208   NaN
1209 29.7213
1210 19.0738
1211 14.9376
1212   NaN
1213 55.4841
1214 18.8620
1215 81.6444
1216 20.7322
1217 93.4703
1218 38.4686
1219 50.8452
1220 50.5906
1221 27.5225
1222 31.3658
1223 27.5671
1224 18.4451
1225 10.0244
1226 46.6908
1227   NaN
1228 24.0945
1229 6.2849
1230 7.0138
1231 11.6044
1232 26.8620
1233 34.6984
1234 23.0411
1235 25.7999
1236 17.9194
1237 26.9967
1238 9.0048
1239 13.9068
1240 35.6751
1241 21.4570
1242 12.8334
1243 36.3588
1244   NaN
1245 88.4227
1246 2.4958
1247 21.1134
1248 24.6534
1249 26.5360
1250 8.5105
1251 71.2631
1252 42.7965
1253 18.9905
1254 23.5690
1255 18.0969
1256 5.8918
1257 13.3104
1258 69.0537
1259 38.7867
1260 4.8242
1261 6.9000
1262 28.3212
1263 21.8750
1264 66.2325
1265 59.2817
1266 11.9562
1267 13.1273
1268 43.3526
1269 9.2135
1270 10.8189
1271 37.9505
1272 23.3107
1273 9.4968
1274 47.5573
1275 30.5814
1276 29.2675
1277 46.1355
1278 27.8699
1279 54.3575
1280 17.8497
1281 24.2315
1282 5.8906
1283 6.5061
1284 14.6821
1285 39.8887
1286 34.8465
1287 54.5607
1288 61.8804
1289 47.0129
1290 26.5465
1291 5.2698
1292 37.4301
1293 12.7127
1294 48.3176
1295 19.5223
1296 11.3825
1297 25.3889
1298 29.1429
1299 17.7513
1300 9.2404
1301 35.6227
1302   NaN
1303 11.3509
1304 27.6896
1305 67.3235
1306 43.2263
1307 13.7756
1308 91.8320
1309 17.7546
1310 18.6206
1311 4.9866
1312   NaN
1313 60.1036
1314 3.2395
1315 6.0651
1316 29.6866
1317 75.3348
1318 13.5578
1319 20.9914
1320 25.2128
1321 18.5665
1322 33.3100
1323   NaN
1324 50.7123
1325 28.6213
1326 4.5847
1327 41.9982
1328 72.2966
1329 31.8668
1330 8.1937
1331 2.8384
1332 64.5249
1333 40.0353
1334 49.5927
1335 25.0464
1336 19.2092
1337 8.0024
1338 55.3495
1339 46.6084
1340 5.9854
1341 15.1363
1342 17.6366
1343 24.2106
1344 80.5828
1345 28.8684
1346 59.9023
1347 32.4797
1348 8.4654
1349 34.6533
1350 14.3287
1351 37.8236
1352 24.1359
1353 21.8199
1354 8.5215
1355 23.4066
1356 22.1095
1357 27.1794
1358 6.4978
1359 76.0039
1360 58.7993
1361 59.7194
1362 31.3676
1363 11.7297
1364 15.8221
1365 29.6379
1366 66.9082
1367 66.9720
1368 41.9537
1369 32.2197
1370 18.5100
1371 41.2646
1372 10.7984
1373 54.4642
1374 67.9104
1375 53.6335
1376 15.2899
1377 23.3137
1378 26.0105
1379 77.7102
1380 38.5501
1381 4.0850
1382 54.7507
1383 25.3397
1384 18.4912
1385 87.6955
1386   NaN
1387 46.5388
1388 44.7836
1389 41.1335
1390 23.6678
1391 69.8061
1392 20.0687
1393 2.9024
1394 16.6093
1395 28.7444
1396 34.7281
1397 8.3520
1398 73.0500
1399 16.6663
1400 57.9932
1401 8.8424
1402 23.3255
1403   NaN
1404 191.4511
1405 70.1244
1406 15.1824
1407 22.4869
1408 38.4389
1409 69.6686
1410 72.3234
1411 23.9735
1412 18.6710
1413 13.6727
1414 13.0813
1415 22.0926
1416 16.8291
1417 21.6317
1418 13.6543
1419 7.1437
1420 47.5986
1421 11.1965
1422 10.2832
1423 27.8560
1424 28.2948
1425   NaN
1426 47.4012
1427 20.3347
1428 42.7662
1429 47.3698
1430 19.0622
1431 39.8736
1432 63.8638
1433 43.3596
1434 52.7488
1435 12.9642
1436 25.1645
1437 12.5657
1438 9.3905
1439 47.1810
1440 65.1496
1441 19.2499
1442 67.6852
1443 76.9309
1444 24.6452
1445 48.5122
1446 27.4233
1447 2.5314
1448 2.9714
1449 22.7382
1450 15.0182
1451 28.0682
1452 17.8176
1453   NaN
1454 13.1630
1455 7.0690
1456 23.5171
1457 2.1566
1458 31.2940
1459 20.7449
1460 14.7024
1461 26.1016
1462 27.8283
1463 15.9480
1464 56.0197
1465 57.8233
1466 9.8578
1467 53.3822
1468 18.1319
1469 21.1407
1470 19.4374
1471 52.5636
1472 16.4179
1473   NaN
1474 18.7372
1475 26.4159
1476 18.6450
1477 41.2052
1478 27.5577
1479 52.1598
1480 28.2634
1481 57.3661
1482 86.0367
1483 35.5889
1484 10.0945
1485 31.5955
1486 26.4243
1487 15.3046
1488 8.0665
1489 34.1964
1490 39.6379
1491 6.7567
1492 87.6785
1493 6.8243
1494 11.0215
1495 12.1297
1496 23.1425
1497 34.1700
1498 13.2247
1499 13.3225
1500   NaN
1501 57.4764
1502 5.0857
1503 48.9635
1504 38.1090
1505 43.8293
1506 21.9405
1507 42.9488
1508 3.8402
1509 61.5292
1510 73.2684
1511 1.7401
1512 17.7212
1513 21.8189
1514 53.6030
1515 28.2728
1516 21.6631
1517 26.2236
1518 15.0874
1519 28.4457
1520 20.2307
1521 28.5248
1522 34.7922
1523 84.6492
1524 87.6471
1525 38.5383
1526 41.1901
1527 7.6446
1528 69.4914
1529 13.8652
1530 14.7812
1531 14.1760
1532 2.8645
1533 23.2315
1534 23.8752
1535 36.9909
1536 50.9488
1537 21.4336
1538 22.4604
1539 63.9051
1540 20.7189
1541 19.7676
1542 32.6776
1543 50.0842
1544 13.7034
1545 65.7275
1546 15.8674
1547 26.8630
1548 13.3048
1549 31.9077
1550 65.4508
1551 12.1026
1552 74.5141
1553 45.0039
1554 54.1964
1555 4.7213
1556 18.8553
1557 28.9356
1558 30.2782
1559 42.0692
1560 22.5911
1561 63.4168
1562 34.2158
1563 38.3977
1564 15.6959
1565 57.4711
1566 43.4927
1567 73.5283
1568   NaN
1569 8.0675
1570 74.8992
1571 15.0509
1572   NaN
1573 8.5414
1574 49.2507
1575 9.6022
1576 56.2992
1577 26.4367
1578 8.2912
1579   NaN
1580 55.2726
1581 22.6716
1582 5.3618
1583 16.0949
1584 27.9713
1585 28.3493
1586 20.5745
1587 51.3800
1588 25.2170
1589 2.3554
1590 26.8804
1591 21.2285
1592 67.4439
1593 7.1363
1594 21.0145
1595 22.8137
1596 24.8486
1597 36.4400
1598 64.9810
1599 71.7909
1600 31.7796
1601 42.6857
1602 56.2232
1603 83.3249
1604 2.2277
1605 52.8136
1606 17.2814
1607 22.4834
1608 24.6890
1609   NaN
1610 23.1282
1611 70.6009
1612 17.2381
1613 37.5324
1614 40.9848
1615 22.7723
1616 7.0831
1617 72.8508
1618 27.2482
1619 40.3004
1620 48.3547
1621 49.6308
1622 16.3242
1623 38.8972
1624 15.2323
1625   NaN
1626   NaN
1627 19.5842
1628 15.3265
1629 14.1483
1630 83.7953
1631 42.2285
1632 63.1148
1633 87.6517
1634 12.8223
1635 30.7178
1636 11.8667
1637 5.5457
1638 53.2340
1639 70.0010
1640 15.1728
1641 52.5174
1642 12.5126
1643 23.7470
1644 17.9850
1645 40.5293
1646   NaN
1647 54.5742
1648 21.5104
1649 38.0010
1650 11.4279
1651 44.8540
1652 30.6875
1653 52.2767
1654 33.7678
1655 72.6508
1656 36.5312
1657 31.7946
1658 12.8610
1659 22.3278
1660 23.4390
1661 61.2489
1662   NaN
1663 32.1874
1664 5.0902
1665 6.7311
1666 24.2266
1667 18.3654
1668 25.4083
1669 48.9193
1670 17.6006
1671 38.5572
1672 10.9428
1673 38.4552
1674 43.4295
1675 31.0369
1676 23.3526
1677 24.8049
1678 10.4060
1679 15.9282
1680 35.9665
1681 9.3269
1682 24.6557
1683 7.3891
1684 27.7293
1685 60.4324
1686 31.7141
1687 9.3815
1688 21.2337
1689 12.0891
1690 52.7835
1691 64.8642
1692 6.7390
1693 22.2548
1694 75.1123
1695 20.4086
1696 9.5846
1697 70.5213
1698 39.5683
1699 6.1337
1700 47.1276
1701 8.2223
1702 25.5494
1703 40.9321
1704 4.0527
1705 26.7873
1706 12.4096
1707 40.6606
1708 25.6089
1709 24.9577
1710 70.3348
1711 48.9913
1712   NaN
1713   NaN
1714 15.0014
1715 61.9157
1716 38.9596
1717 88.1601
1718 4.3896
1719 62.6268
1720 32.4063
1721 23.3192
1722 10.0985
1723 33.3113
1724 29.6328
1725 22.7643
1726 44.3323
1727 36.2932
1728 2.4796
1729 7.6069
1730 45.1352
1731 18.8695
1732 61.0001
1733 57.7884
1734 3.4486
1735 56.9371
1736 20.8343
1737 7.5921
1738 30.6172
1739 44.7854
1740 57.0545
1741 5.0416
1742 42.9933
1743 32.2317
1744 35.4768
1745 5.6261
1746 54.7101
1747 16.7596
1748 18.0569
1749 75.4709
1750 3.8283
1751 34.3979
1752 31.3037
1753 9.0762
1754 21.2749
1755 17.0224
1756 29.5924
1757 58.3539
1758 52.2366
1759 18.4220
1760 13.0741
1761 17.5089
1762 58.0328
1763 58.9489
1764   NaN
1765 13.0871
1766 18.0232
1767 10.1251
1768 18.9310
1769 31.7421
1770 38.1617
1771 33.8787
1772 20.7064
1773 50.4915
1774 19.5082
1775 5.8083
1776 32.4621
1777 1.4774
1778 15.7958
1779 40.6792
1780 47.9086
1781 43.9963
1782 22.5869
1783 35.6466
1784 7.1318
1785 15.1079
1786 60.7633
1787 64.7434
1788 18.6743
1789 19.8034
1790 54.0349
1791 19.4638
1792 21.7489
1793 52.5429
1794 44.7656
1795 63.1345
1796 43.8487
1797 9.1288
1798 22.5053
1799 57.6347
1800 79.5218
1801 26.4654
1802 3.9645
1803 4.4953
1804 75.3988
1805 37.1347
1806 40.3149
1807 62.9116
1808 1.7969
1809 58.7808
1810 58.2850
1811 16.3925
1812 9.2626
1813 17.1233
1814 36.0997
1815 40.5487
1816 38.3907
1817 6.0650
1818 19.5856
1819 7.7490
1820 83.4903
1821 7.6675
1822 20.0609
1823 63.2324
1824 19.9363
1825 65.4794
1826 8.0183
1827 12.3294
1828 14.0726
1829 44.3463
1830 40.2817
1831 91.1200
1832 80.9767
1833 29.7464
1834 14.0204
1835 15.8687
1836 56.3600
1837 8.5260
1838 11.5683
1839 24.2486
1840 17.6349
1841 10.7350
1842 3.3742
1843 56.5201
1844 21.3844
1845 14.7554
1846 6.3234
1847 81.7543
1848   NaN
1849 56.4549
1850 61.7283
1851 20.2660
1852   NaN
1853 46.7824
1854 36.7097
1855 14.7338
1856 23.0328
1857 15.4652
1858 55.9249
1859 39.5848
1860 68.7378
1861 5.1812
1862 12.8801
1863 21.5889
1864 32.4745
1865 7.9897
1866   NaN
1867 32.0214
1868 17.0011
1869 70.5475
1870 13.3942
1871 53.2299
1872 15.6592
1873   NaN
1874 32.3078
1875 18.9789
1876 17.2191
1877 16.9717
1878 62.2272
1879 7.7638
1880 12.0199
1881 27.5510
1882 4.1440
1883 36.0247
1884 76.9050
1885 33.9385
1886 57.6556
1887 7.0855
1888 21.7854
1889 3.7857
1890 74.6927
1891 22.8440
1892 30.1031
1893 16.3933
1894 53.9633
1895   NaN
1896 26.5727
1897 38.0253
1898 48.0238
1899 42.6338
1900 18.2017
1901 30.8249
1902 1.8036
1903   NaN
1904 16.9757
1905 26.0707
1906 23.7697
1907 39.6021
1908 15.0569
1909 22.5127
1910 16.7071
1911 18.9457
1912   NaN
1913 24.3889
1914 49.9682
1915 20.7178
1916 13.4420
1917 62.9115
1918 10.5698
1919 21.6150
1920 22.8642
1921 17.1971
1922 21.4866
1923 15.1007
1924 19.8800
1925 51.4433
1926 4.7941
1927 18.2603
1928 67.4857
1929 13.1678
1930 38.5754
1931 45.2437
1932 16.3871
1933 13.1992
1934   NaN
1935 3.6813
1936 42.1739
1937   NaN
1938 62.3428
1939 49.5518
1940 31.9844
1941 16.4991
1942 81.0641
1943 25.6594
1944 15.9255
1945 68.3205
1946 40.3709
1947 10.5422
1948 17.5629
1949 22.5614
1950   NaN
1951 46.2402
1952 2.0934
1953 4.6007
1954 8.2443
1955 19.1606
1956 13.7278
1957 62.4614
1958 26.6795
1959 47.0409
1960 53.7092
1961 27.9589
1962 84.7736
1963 4.5331
1964 19.0836
1965 74.3940
1966 32.7018
1967 3.8105
1968 4.7340
1969 18.8504
1970 41.6143
1971 39.5735
1972 17.4716
1973 10.6988
1974 84.0767
1975 88.1114
1976 5.3865
1977 70.8529
1978 17.4905
1979 9.0166
1980 78.3875
1981 55.7892
1982   NaN
1983 1.5640
1984 10.5995
1985   NaN
1986 74.2988
1987 60.2667
1988   NaN
1989 107.2239
1990 72.1665
1991 29.7271
1992 41.1870
1993 35.6032
1994 35.2736
1995 13.5852
1996 48.6165
1997 25.8731
1998 19.6496
1999 43.8468
2000 27.4568
2001 15.1793
2002 1.6813
2003 49.7991
2004 31.1905
2005 34.6946
2006 18.9911
2007 1.4557
2008 52.4405
2009 30.3473
2010 129.1561
2011 18.8301
2012 34.7899
2013 2.8249
2014 82.1516
2015   NaN
2016 71.4890
2017 34.6049
2018 50.6239
2019 31.5799
2020 6.7830
2021 33.0101
2022 19.0832
2023 36.8332
2024 17.9648
2025 15.9181
2026 11.4376
2027 15.4715
2028 39.6952
2029 25.7591
2030 17.9141
2031 6.2671
2032 9.6930
2033 55.7050
2034 45.0869
2035 67.8701
2036 38.7494
2037 13.7098
2038 16.5184
2039 83.8329
2040   NaN
2041 30.1536
2042 30.2978
2043   NaN
2044 53.9795
2045 84.4132
2046 8.2605
2047 19.2916
2048 6.4183
2049 6.3756
2050 63.2711
2051 21.0571
2052 72.4845
2053 58.8736
2054 46.2099
2055 23.0897
2056 25.4536
2057 25.9482
2058 72.7600
2059   NaN
2060 3.8762
2061 22.6763
2062 11.1024
2063 5.4047
2064 32.6238
2065 73.9498
2066 23.2310
2067 63.9725
2068 3.4379
2069 16.8885
2070 25.0738
2071 32.1154
2072 21.6114
2073 13.5820
2074 24.3001
2075 49.8462
2076   NaN
2077 111.5568
2078 2.4794
2079 40.2229
2080 11.8656
2081 9.8017
2082   NaN
2083 75.7721
2084 54.0276
2085 41.5356
2086 29.9845
2087 23.5117
2088 75.0296
2089 3.3662
2090 31.1293
2091 48.7577
2092 21.9341
2093 18.1453
2094 76.1952
2095 34.2835
2096 31.1978
2097 31.3930
2098 20.9184
2099 20.9209
2100 20.3029
2101 42.9418
2102 40.0139
2103 13.5528
2104 30.9831
2105 72.4871
2106 138.1179
2107 20.3084
2108 27.3241
2109 73.0103
2110 39.1714
2111   NaN
2112 5.0512
2113 12.8375
2114 16.1332
2115 13.9938
2116 6.7425
2117 17.4629
2118 44.2395
2119 33.1585
2120 31.2036
2121 11.0220
2122 13.0903
2123 40.4605
2124 12.6680
2125 20.1649
2126 16.7453
2127 14.0244
2128 20.3192
2129 41.8027
2130 28.9008
2131 13.0986
2132 68.3726
2133 22.2387
2134 48.5061
2135 20.4114
2136 30.6799
2137 67.6098
2138 40.1737
2139 46.9115
2140 5.2736
2141 56.1918
2142 20.4414
2143 11.8876
2144 15.8341
2145 9.7148
2146 31.5237
2147 78.4267
2148 19.4677
2149 9.8824
2150 65.2400
2151 42.1311
2152 39.9896
2153 27.2293
2154 28.0520
2155 57.5949
2156 69.4273
2157 87.5123
2158   NaN
2159 70.6624
2160 33.2029
2161 11.3874
2162 4.2126
2163 26.5507
2164 67.0969
2165 21.1804
2166 34.7848
2167 81.6487
2168 21.9521
2169 19.0502
2170 18.4992
2171 6.9709
2172 31.3133
2173 21.0765
2174 42.7788
2175 21.9157
2176 48.9542
2177 16.9643
2178 49.1626
2179 16.6374
2180 31.6596
2181   NaN
2182 89.9599
2183 19.9293
2184 39.5260
2185 12.1511
2186 6.3292
2187 67.0189
2188 55.3855
2189 19.3794
2190 22.5597
2191 27.6813
2192 57.8734
2193 21.3175
2194 61.8066
2195 12.6640
2196 12.7665
2197 27.6926
2198 53.8521
2199 30.8900
2200 5.6303
2201 24.4674
2202   NaN
2203 8.5391
2204   NaN
2205 21.3119
2206 36.2788
2207 52.3450
2208 23.5793
2209 34.3672
2210 75.6033
2211 26.4928
2212 32.0314
2213 67.4374
2214 15.4755
2215 57.3951
2216 3.1442
2217 9.1577
2218 87.7306
2219 60.5350
2220 22.9066
2221 33.2528
2222 9.7564
2223 29.5678
2224 69.7212
2225 22.6163
2226 72.2780
2227 26.1656
2228 101.5315
2229 45.9439
2230 10.4440
2231 88.0529
2232 10.5428
2233 25.8318
2234 73.1749
2235 33.4220
2236 41.2001
2237 83.0640
2238 13.3527
2239 16.3263
2240 15.5842
2241 16.6760
2242 3.8720
2243 12.8180
2244 44.4274
2245 29.3335
2246 11.5046
2247 32.5473
2248 17.6059
2249 16.9850
2250 16.3580
2251 18.1147
2252 16.4448
2253 21.4242
2254 27.6349
2255 24.9666
2256 21.7080
2257 54.6298
2258 56.2169
2259 12.7152
2260 21.5224
2261 40.0458
2262 10.0873
2263   NaN
2264 12.8956
2265 26.1647
2266 55.8395
2267 28.7670
2268 19.0373
2269 16.3972
2270   NaN
2271 2.6215
2272 62.4504
2273 22.7999
2274 5.1763
2275 11.3880
2276 41.7329
2277 33.9569
2278 21.6193
2279 23.4382
2280 8.9566
2281 19.8854
2282 20.5554
2283 47.6935
2284 23.8788
2285 6.4991
2286 32.0215
2287 7.6074
2288 12.3103
2289 59.3353
2290 60.9472
2291 22.6948
2292 11.2567
2293 14.4382
2294 24.9348
2295 4.1342
2296 10.3447
2297 8.7549
2298 86.4549
2299   NaN
2300 49.8219
2301 15.2350
2302 29.1668
2303 22.9625
2304 49.2442
2305 51.0206
2306 43.9150
2307 13.5120
2308 36.1408
2309 8.6983
2310 45.9390
2311 22.0210
2312 68.8505
2313 56.9683
2314 19.5859
2315 52.8744
2316 6.5016
2317 27.0491
2318 51.8865
2319 36.9339
2320 12.0654
2321 23.7058
2322 85.1480
2323 55.3247
2324 57.3305
2325 26.7746
2326 15.3846
2327 34.9714
2328 84.4660
2329 24.5996
2330 6.6682
2331 42.2525
2332 22.0194
2333 40.6038
2334 39.6286
2335 3.5718
2336 18.7259
2337 32.2979
2338 16.8839
2339 32.6916
2340 17.7383
2341 7.6008
2342 76.5558
2343 7.7144
2344 81.8784
2345 10.8735
2346 26.6506
2347 65.2323
2348 46.3954
2349 10.0169
2350 55.9190
2351 19.2104
2352   NaN
2353 29.1318
2354 89.3995
2355 59.4189
2356 37.9236
2357 20.5599
2358 31.3698
2359 42.2005
2360 87.8844
2361 4.2857
2362 7.8288
2363 52.2281
2364 21.2280
2365 64.7997
2366 28.6583
2367 14.2797
2368 3.7076
2369 38.7028
2370 14.3544
2371 16.3327
2372 29.3061
2373 9.4357
2374 36.5164
2375 30.0519
2376 5.7394
2377 44.6557
2378 16.4908
2379 5.2743
2380 17.4747
2381 58.1401
2382 29.0577
2383 21.0059
2384 54.8939
2385 13.6353
2386 29.0672
2387 39.0976
2388 42.2176
2389 14.5344
2390 25.0405
2391 71.4826
2392 7.0346
2393 42.3603
2394 51.2223
2395 31.2805
2396 17.0951
2397 10.3245
2398 23.0151
2399 42.4254
2400 19.3864
2401 34.9081
2402 11.3630
2403 15.2827
2404 7.2186
2405 49.3648
2406 56.2523
2407 51.4314
2408 35.2626
2409 398.9885
2410 39.5763
2411 23.9819
2412 38.6916
2413 17.7840
2414 20.7806
2415 12.0014
2416 25.9263
2417 3.2775
2418 13.1230
2419 71.0522
2420 20.8932
2421 76.3274
2422 29.0426
2423 19.3987
2424 4.2447
2425 46.6602
2426 3.7454
2427 6.9413
2428 62.2139
2429 37.6090
2430 90.9698
2431 22.2655
2432 49.9553
2433 13.2455
2434 27.0057
2435 51.7290
2436 49.2192
2437 75.0949
2438   NaN
2439 25.8421
2440 43.8668
2441 8.9487
2442 29.4228
2443 31.7467
2444 27.9481
2445 48.0686
2446 62.4700
2447 50.3119
2448 12.2638
2449 13.8278
2450 17.5532
2451 17.3456
2452 22.4847
2453 16.1434
2454 49.6417
2455 9.5196
2456 20.2140
2457 6.4037
2458 36.3717
2459 19.9971
2460 52.8977
2461 22.5171
2462 34.0841
2463 23.3590
2464 41.0225
2465 51.2498
2466 20.6495
2467 32.3979
2468 4.3911
2469 9.5020
2470 9.8062
2471 22.1431
2472 2.4715
2473 9.5210
2474 25.7399
2475 5.6378
2476 12.1486
2477 65.0814
2478 12.6273
2479 22.9954
2480 9.8563
2481 92.7051
2482 29.6939
2483 24.0099
2484 60.0313
2485 52.1276
2486 10.8918
2487 16.2229
2488 8.2570
2489 20.0839
2490 23.3079
2491 17.6802
2492 61.9794
2493 5.0066
2494 21.9925
2495 19.0659
2496 29.1948
2497 14.0171
2498 36.4418
2499 46.5703
2500 20.4030
   1 2.7568
   2 5.0668
   3 4.2023
   4 3.4113
   5 1.2414
   6 0.1316
   7 6.0386
   8 0.2894
   9 0.2504
  10 0.2524
  11 1.1617
  12 1.3229
  13 2.9019
  14 0.1374
  15 0.1696
  16 0.1066
  17 3.6265
  18 5.4165
  19 1.9768
  20 0.7611
  21 0.3471
  22 1.9620
  23 1.1696
  24 0.2942
  25 9.4190
  26 0.1600
  27 5.2203
  28 3.8127
  29 1.0137
  30 0.3148
  31 1.3600
  32 1.5866
  33 0.3016
  34 1.2890
  35 0.4142
  36 0.7065
