   1 0.3557
   2 0.5111
   3 0.2397
   4 0.1758
   5 0.3734
   6 0.4342
   7 0.1832
   8 0.3665
   9 0.2913
  10 0.2413
  11 0.1729
  12 0.2473
  13 0.2419
  14 0.1103
  15 0.4681
  16 0.1488
  17 0.1623
  18 0.1412
  19 0.4857
  20 0.2090
  21 0.3531
  22 0.1475
  23 0.1910
  24 0.4606
  25 0.2166
  26 0.2682
  27 0.6412
  28 0.2796
  29 0.3141
  30 0.3627
  31 0.2719
  32 0.2104
  33 0.2800
  34 0.3576
  35 0.4065
  36 0.2053
  37 1.4594
  38 0.1891
  39 0.2607
  40 0.1833
  41 0.5078
  42 0.2815
  43 0.1671
  44 0.1956
  45 0.1642
  46 0.3672
  47 0.2215
  48 0.3542
  49 0.1434
  50 0.2713
  51 0.1933
  52 0.5038
  53 0.1814
  54 0.2294
  55 0.4820
  56 0.1946
  57 0.2491
  58 0.1823
  59 0.1155
  60 0.7481
  61 0.1328
  62 0.1888
  63 0.1723
  64 0.1651
  65 0.1967
  66 0.3899
  67 0.2485
  68 0.3201
  69 0.3220
  70 0.2353
  71 0.3927
  72 0.2917
  73 0.1605
  74 0.3177
  75 0.2948
  76 0.3088
  77 0.2708
  78 0.1455
  79 0.3561
  80 0.1664
  81 0.2508
  82 0.5009
  83 0.6664
  84 0.2446
  85 0.3371
  86 0.3511
  87 0.1500
  88 0.2024
  89 0.1185
  90 0.3021
  91 0.4647
  92 0.2598
  93 0.3313
  94 0.2541
  95 0.2687
  96 0.3547
  97 0.3633
  98 0.1404
  99 0.2753
 100 0.1932
 101 0.2083
 102 0.2174
 103 0.2211
 104 0.3098
 105 0.2347
 106 0.4806
 107 0.2121
 108 0.3937
 109 0.1656
 110 0.1706
 111 0.1899
 112 0.2384
 113 0.5549
 114 0.2644
 115 0.3070
 116 0.4322
 117 0.1997
 118 0.2497
 119 0.1804
 120 0.2428
 121 0.3485
 122 0.5285
 123 0.4702
 124 0.1864
 125 0.9539
 126 0.4729
 127 0.2447
 128 0.7333
 129 0.1518
 130 0.2779
 131 0.3361
 132 0.1560
 133 0.3432
 134 0.2551
 135 0.2312
 136 0.2110
 137 1.2871
 138 0.2860
 139 0.2329
 140 0.2457
 141 0.2581
 142 0.4347
 143 0.2103
 144 0.3144
 145 0.3564
 146 0.9838
 147 0.3236
 148 0.2791
 149 0.1277
 150 0.5543
 151 0.1713
 152 0.4675
 153 0.2448
 154 0.5517
 155 0.2069
 156 0.3098
 157 0.1945
 158 0.2310
 159 0.3809
 160 0.3123
 161 0.2976
 162 1.3373
 163 0.1864
 164 1.3417
 165 0.2166
 166 0.3908
 167 0.2817
 168 0.1791
 169 0.3396
 170 0.9661
 171 0.5183
 172 0.3393
 173 0.4175
 174 0.4021
 175 0.1984
 176 0.6602
 177 0.2471
 178 0.4576
 179 0.3904
 180 0.4797
 181 0.1690
 182 0.1412
 183 0.4062
 184 0.1806
 185 0.3881
 186 0.2908
 187 0.3376
 188 1.7822
 189 0.3650
 190 0.3755
 191 0.5614
 192 0.1729
 193 0.2367
 194 0.1656
 195 0.1853
 196 0.4164
 197 0.2051
 198 0.2188
 199 0.2444
 200 0.2737
 201 0.2011
 202 0.1301
 203 0.1785
 204 0.1857
 205 0.4344
 206 0.2205
 207 0.1495
 208 0.2347
 209 0.2576
 210 0.3630
 211 0.2012
 212 0.1364
 213 0.4822
 214 0.2512
 215 0.1493
 216 0.2561
 217 0.3499
 218 0.2040
 219 0.2162
 220 0.3250
 221 0.2732
 222 0.1904
 223 0.3560
 224 0.2709
 225 0.2081
 226 0.3700
 227 0.2017
 228 0.2939
 229 0.2541
 230 0.1828
 231 0.2370
 232 0.3911
 233 0.1507
 234 0.2728
 235 0.2545
 236 0.4687
 237 0.2758
 238 0.2377
 239 0.3835
 240 0.3260
 241 0.1631
 242 0.1572
 243 0.1728
 244 0.2793
 245 0.3328
 246 0.2524
 247 0.4238
 248 2.4702
 249 0.3212
 250 0.1301
 251 0.2870
 252 0.1931
 253 0.1770
 254 0.2841
 255 0.2978
 256 0.4137
 257 0.3151
 258 0.3528
 259 0.2642
 260 0.1480
 261 0.3937
 262 0.2587
 263 0.1594
 264 0.1149
 265 0.2660
 266 0.2329
 267 0.2362
 268 0.2607
 269 0.2197
 270 0.3079
 271 0.2540
 272 0.2358
 273 0.2486
 274 0.1906
 275 0.1645
 276 0.5117
 277 0.1856
 278 0.3396
 279 0.4495
 280 0.4522
 281 0.2364
 282 0.4663
 283 0.1563
 284 0.2581
 285 0.1424
 286 0.2186
 287 0.1491
 288 0.1678
 289 0.2814
 290 0.7146
 291 0.1964
 292 0.2203
 293 0.3455
 294 0.5684
 295 0.2142
 296 0.1429
 297 0.4111
 298 0.2677
 299 0.2064
 300 0.3827
 301 1.2894
 302 0.3296
 303 0.3400
 304 0.2737
 305 0.6503
 306 0.2137
 307 0.2783
 308 0.2332
 309 0.8058
 310 0.1942
 311 0.9086
 312 1.2175
 313 0.4291
 314 0.2486
 315 0.2733
 316 0.4607
 317 0.2124
 318 0.2768
 319 0.1886
 320 0.2077
 321 0.1598
 322 0.2701
 323 0.1715
 324 0.4068
 325 0.1489
 326 0.2280
 327 0.2102
 328 0.2031
 329 0.2417
 330 0.2494
 331 0.2258
 332 0.1815
 333 0.1812
 334 0.1835
 335 0.1420
 336 0.8389
 337 0.1253
 338 0.3963
 339 0.1636
 340 0.1666
 341 0.1694
 342 0.2147
 343 0.2819
 344 0.2078
 345 0.1555
 346 0.4252
 347 0.2540
 348 0.4975
 349 0.1445
 350 0.1747
 351 0.2825
 352 0.4197
 353 0.1681
 354 0.4615
 355 0.1913
 356 0.1448
 357 0.4595
 358 0.1143
 359 0.1771
 360 0.2735
 361 0.6930
 362 0.2149
 363 0.7985
 364 0.1837
 365 0.4569
 366 0.1967
 367 0.5538
 368 0.4760
 369 0.4622
 370 0.2226
 371 0.2890
 372 0.2319
 373 0.3185
 374 0.2133
 375 0.1951
 376 0.3588
 377 0.5615
 378 0.2305
 379 0.1458
 380 0.5662
 381 0.1474
 382 0.7115
 383 0.1462
 384 0.1580
 385 0.2302
 386 0.2797
 387 0.2418
 388 0.2583
 389 0.1341
 390 0.2489
 391 0.8224
 392 0.1178
 393 0.3997
 394 0.3470
 395 0.3075
 396 0.4137
 397 0.2734
 398 0.3847
 399 0.3885
 400 0.1732
 401 0.2935
 402 0.7726
 403 0.2138
 404 0.3101
 405 0.1359
 406 0.2228
 407 0.3668
 408 0.4369
 409 0.1919
 410 0.7756
 411 0.1925
 412 0.1969
 413 0.2753
 414 0.1881
 415 0.1513
 416 0.5482
 417 0.1489
 418 0.1762
 419 0.5823
 420 0.2497
 421 0.3198
 422 0.2359
 423 0.2002
 424 0.2084
 425 0.2883
 426 0.4308
 427 0.4629
 428 0.3160
 429 0.1405
 430 0.1658
 431 0.4617
 432 0.5979
 433 0.3258
 434 0.1531
 435 0.2567
 436 0.1318
 437 0.1980
 438 0.6822
 439 0.3102
 440 0.1501
 441 0.2097
 442 0.1881
 443 0.1526
 444 0.3789
 445 0.1479
 446 0.2233
 447 0.4546
 448 0.2387
 449 0.1541
 450 0.3636
 451 0.2071
 452 0.2063
 453 0.1516
 454 0.3201
 455 0.3994
 456 0.2726
 457 0.2364
 458 0.3573
 459 0.2153
 460 0.3340
 461 0.1607
 462 0.2168
 463 0.2005
 464 0.2086
 465 0.3877
 466 0.5759
 467 0.1805
 468 0.2415
 469 0.2259
 470 0.1833
 471 0.1516
 472 0.3995
 473 0.2262
 474 0.2971
 475 0.1958
 476 0.5141
 477 0.2214
 478 0.2642
 479 0.1950
 480 0.3162
 481 0.6242
 482 0.1644
 483 0.2930
 484 0.3197
 485 0.1466
 486 0.2638
 487 0.5292
 488 0.1703
 489 0.3238
 490 0.4090
 491 0.1731
 492 0.2593
 493 0.1651
 494 0.1530
 495 1.8221
 496 0.3591
 497 0.1723
 498 0.2077
 499 0.2971
 500 0.1824
 501 0.4739
 502 0.2665
 503 0.2329
 504 0.2778
 505 0.3118
 506 0.1829
 507 0.1870
 508 0.2188
 509 0.5235
 510 0.4842
 511 0.1870
 512 0.1590
 513 0.2793
 514 0.6104
 515 0.5267
 516 0.2838
 517 0.1573
 518 0.1932
 519 0.3712
 520 0.1620
 521 0.2279
 522 0.2707
 523 0.1284
 524 0.1562
 525 0.2818
 526 0.5469
 527 0.1704
 528 0.1818
 529 0.3441
 530 0.3389
 531 0.4580
 532 0.2678
 533 0.1474
 534 0.2801
 535 0.3964
 536 0.2036
 537 0.7791
 538 0.4441
 539 0.2259
 540 0.7562
 541 0.1311
 542 0.6256
 543 0.2446
 544 0.1877
 545 0.3789
 546 0.1770
 547 0.1570
 548 0.8617
 549 0.3700
 550 0.3313
 551 0.7081
 552 0.2550
 553 0.4615
 554 0.3407
 555 0.4280
 556 0.2948
 557 0.6195
 558 0.2029
 559 0.1326
 560 0.3176
 561 0.2924
 562 0.1501
 563 0.3043
 564 0.3967
 565 0.1702
 566 0.1798
 567 0.2203
 568 0.1243
 569 1.3438
 570 0.1525
 571 0.2289
 572 0.3694
 573 0.2370
 574 0.1916
 575 0.3496
 576 0.1350
 577 0.2009
 578 0.2025
 579 0.2177
 580 0.2643
 581 0.5933
 582 0.2081
 583 0.2047
 584 0.1707
 585 0.3831
 586 0.3844
 587 0.3359
 588 1.0968
 589 0.2804
 590 0.2126
 591 0.3019
 592 0.2253
 593 0.2644
 594 0.2949
 595 0.2531
 596 0.2152
 597 0.1659
 598 0.3784
 599 0.2699
 600 0.2118
 601 0.1655
 602 0.3273
 603 0.1874
 604 0.3066
 605 0.7438
 606 0.2166
 607 0.1378
 608 0.1433
 609 0.4478
 610 0.1755
 611 0.1882
 612 0.1632
 613 0.2174
 614 0.4204
 615 0.1614
 616 0.1532
 617 0.3223
 618 0.1841
 619 1.1213
 620 0.2261
 621 0.5992
 622 0.1925
 623 0.2184
 624 0.4543
 625 0.2131
 626 0.3511
 627 0.3706
 628 0.2239
 629 0.1485
 630 0.5883
 631 0.1911
 632 0.3430
 633 0.1692
 634 0.3928
 635 0.2272
 636 0.5152
 637 0.1333
 638 0.3719
 639 0.2934
 640 0.3676
 641 0.2542
 642 0.2439
 643 0.4170
 644 0.4060
 645 0.2744
 646 0.9309
 647 0.3483
 648 0.3429
 649 0.4039
 650 0.2500
 651 0.3664
 652 0.1250
 653 0.7492
 654 0.3896
 655 0.2768
 656 0.1952
 657 0.2062
 658 0.1911
 659 0.3538
 660 0.3963
 661 0.3937
 662 0.3018
 663 0.2433
 664 0.1765
 665 0.1774
 666 0.1821
 667 0.2880
 668 0.2445
 669 0.2176
 670 0.4258
 671 0.1952
 672 0.2396
 673 0.5195
 674 0.2952
 675 0.5675
 676 0.1661
 677 0.1410
 678 0.5897
 679 0.2651
 680 0.3141
 681 0.3625
 682 0.1093
 683 0.2758
 684 0.3384
 685 1.0326
 686 0.2933
 687 0.1163
 688 0.2614
 689 0.5315
 690 0.2929
 691 0.4544
 692 0.2132
 693 0.1748
 694 0.2961
 695 0.3443
 696 0.2435
 697 0.1696
 698 0.3457
 699 0.1959
 700 0.2462
 701 0.2204
 702 0.1746
 703 0.7325
 704 0.5708
 705 0.1633
 706 0.2633
 707 0.3816
 708 0.2315
 709 0.4825
 710 0.4484
 711 0.3885
 712 0.1553
 713 0.2015
 714 0.2578
 715 0.2977
 716 0.4342
 717 0.4822
 718 0.1484
 719 0.2506
 720 0.3010
 721   NaN
 722 0.3932
 723 0.3045
 724 0.3455
 725 0.2356
 726 0.2867
 727 0.1622
 728 0.3103
 729 0.4098
 730 0.3279
 731 0.3742
 732 0.1539
 733 0.4186
 734 0.1314
 735 0.1707
 736 0.4596
 737 0.6157
 738 0.2607
 739 0.5703
 740 0.3206
 741 0.4265
 742 0.1576
 743 0.3759
 744 0.2581
 745 0.2595
 746 0.3548
 747 0.1818
 748 0.2235
 749 0.1214
 750 0.3814
 751 0.2925
 752 0.1933
 753 0.4511
 754 0.6422
 755 0.1873
 756 0.5874
 757 0.3441
 758 0.2332
 759 0.1706
 760 0.2470
 761 0.3335
 762 0.2545
 763 0.1866
 764 0.1421
 765 0.2331
 766 0.1465
 767 0.7435
 768 0.3155
 769 0.4918
 770 0.4995
 771 0.3256
 772 0.3076
 773 0.5441
 774 0.2003
 775 0.1887
 776 0.1288
 777 0.4321
 778 0.1690
 779 0.5371
 780 0.1992
 781 0.2088
 782 0.7809
 783 0.2895
 784 0.5028
 785 0.5833
 786 0.1799
 787 0.3411
 788 0.1823
 789 0.4342
 790 0.6421
 791 0.1725
 792 0.7079
 793 0.1585
 794 0.2081
 795 0.1910
 796 0.1956
 797 0.3663
 798 0.3528
 799 0.3912
 800 0.2417
 801 0.4077
 802 0.2478
 803 0.3329
 804 0.1704
 805 0.2988
 806 0.2050
 807 0.8728
 808 0.1978
 809 0.2175
 810 0.2071
 811 0.1914
 812 0.2834
 813 0.3283
 814 0.1660
 815 0.2874
 816 0.2741
 817 0.2314
 818 0.2972
 819 0.4270
 820 0.2084
 821 0.3672
 822 0.2322
 823 0.2042
 824 0.6723
 825 0.4091
 826 0.1429
 827 0.4580
 828 0.1910
 829 0.1520
 830 0.2466
 831 0.1856
 832 0.1175
 833 0.3628
 834 0.3771
 835 0.1904
 836 0.2478
 837 0.2940
 838 0.3307
 839 0.3118
 840 0.1864
 841 0.2485
 842 0.1437
 843 0.3788
 844 1.0581
 845 0.3164
 846 0.2460
 847 0.2266
 848 0.2085
 849 0.2672
 850 0.5672
 851 0.3622
 852 0.4207
 853 0.4989
 854 0.2936
 855 0.3813
 856 0.1634
 857 0.3985
 858 0.5065
 859 0.1382
 860 0.1881
 861 0.3666
 862 0.3955
 863 0.1649
 864 0.4782
 865 0.2249
 866 0.1489
 867 0.3210
 868 0.2513
 869 0.4634
 870 0.2121
 871 0.1602
 872 0.2320
 873 0.6449
 874 0.2483
 875 0.3100
 876 0.3650
 877 0.6283
 878 0.2056
 879 0.3589
 880 0.2491
 881 0.2339
 882 0.1884
 883 0.2186
 884 0.2901
 885 0.1703
 886 0.2027
 887 0.1953
 888 0.3650
 889 0.1597
 890 0.4027
 891 0.5528
 892 0.2146
 893 0.2892
 894 0.7602
 895 0.1919
 896 0.3725
 897 0.2857
 898 0.1626
 899 0.1566
 900 0.2332
 901 0.5287
 902 0.1329
 903 0.3750
 904 0.6408
 905 0.2645
 906 2.1137
 907 0.5255
 908 0.2187
 909 0.3099
 910 0.1300
 911 0.5710
 912 0.4764
 913 0.1680
 914 0.2105
 915 0.3410
 916 0.4783
 917 0.4252
 918 0.3408
 919 0.1650
 920 0.1666
 921 0.4990
 922 0.1751
 923 0.4407
 924 0.7281
 925 0.5994
 926 0.5438
 927 0.1829
 928 0.3598
 929 0.1708
 930 0.3955
 931 0.2202
 932 0.1892
 933 0.2704
 934 0.3498
 935 0.3884
 936 0.2391
 937 0.6851
 938 0.4001
 939 0.3512
 940 0.4037
 941 0.3500
 942 0.1548
 943 0.1307
 944 0.2314
 945 0.1585
 946 0.2150
 947 0.5325
 948 0.3206
 949 0.4380
 950 0.2036
 951 0.3178
 952 0.3542
 953 0.4510
 954 0.2458
 955 0.1426
 956 0.4818
 957 0.3458
 958 0.3384
 959 0.1864
 960 0.2331
 961 0.1712
 962 0.5294
 963 0.2088
 964 0.4702
 965 0.4165
 966 0.1554
 967 0.5638
 968 0.3011
 969 0.3385
 970 0.3105
 971 0.3112
 972 0.4697
 973 0.3561
 974 0.1818
 975 0.5455
 976 0.2537
 977 0.1882
 978 0.7560
 979 0.3966
 980 0.2063
 981 0.2581
 982 0.3100
 983 0.2803
 984 0.1503
 985 0.4709
 986 0.2815
 987 0.3871
 988 0.2081
 989 0.3014
 990 0.2781
 991 0.1753
 992 0.3328
 993 0.3974
 994 0.1483
 995 0.5643
 996 0.3980
 997 0.1564
 998 0.1277
 999 0.2267
1000 0.2086
1001 0.3074
1002 0.2153
1003 0.2795
1004 0.2582
1005 0.2123
1006 0.2522
1007 0.1684
1008 0.4152
1009 0.2089
1010 0.3163
1011 0.1402
1012 0.1581
1013 0.2032
1014 0.2347
1015 0.2257
1016 0.1861
1017 0.4862
1018 0.6990
1019 0.2570
1020 0.2717
1021 0.2681
1022 1.5397
1023 0.2004
1024 0.5561
1025 0.6180
1026 0.3945
1027 0.3412
1028 0.6553
1029 0.2062
1030 0.2152
1031 0.2350
1032 0.3239
1033 0.1635
1034 0.1263
1035 0.2618
1036 0.2512
1037 0.1594
1038 0.3217
1039 0.1589
1040 0.3521
1041 0.1553
1042 0.6804
1043 0.2946
1044 0.6308
1045 0.5177
1046 0.2233
1047 1.2327
1048 0.2295
1049 1.1907
1050 0.1131
1051 0.1685
1052 0.6916
1053 0.5102
1054 0.2457
1055 0.2071
1056 0.2343
1057 0.3290
1058 0.6173
1059 0.2794
1060 0.1801
1061 0.4850
1062 0.2999
1063 0.2413
1064 0.2640
1065 0.2164
1066 0.4385
1067 0.3581
1068 0.4013
1069 0.1844
1070 0.2960
1071 0.3168
1072 0.2171
1073 0.3052
1074 0.2090
1075 0.2643
1076 0.2403
1077 0.4210
1078 0.4805
1079 0.1779
1080 0.1669
1081 0.2908
1082 0.2301
1083 0.3676
1084 0.8637
1085 0.1720
1086 0.1815
1087 0.1905
1088 0.2556
1089 0.2522
1090 0.1759
1091 0.2483
1092 0.2396
1093 0.3762
1094 0.3445
1095 0.3142
1096 0.6507
1097 0.2631
1098 0.1646
1099 0.3868
1100 0.2860
1101 0.3644
1102 0.4075
1103 0.1388
1104 0.6220
1105 0.1307
1106 0.3847
1107 0.1716
1108 0.4775
1109 0.1425
1110 0.2081
1111 0.1512
1112 0.2166
1113 0.3604
1114 0.1750
1115 0.3354
1116 0.2204
1117 0.1645
1118 0.2275
1119 0.2626
1120 0.6139
1121 0.1835
1122 0.2160
1123 0.4059
1124 0.4963
1125 0.3622
1126 0.6717
1127 0.1493
1128 0.7660
1129 0.1556
1130 0.3330
1131 0.2688
1132   NaN
1133 0.3893
1134 0.4387
1135 0.3327
1136 0.2130
1137 0.1277
1138 0.2545
1139 0.1506
1140 0.1711
1141 0.1801
1142 0.2539
1143 0.1446
1144 0.3774
1145 0.4686
1146 0.2435
1147 0.2725
1148 0.2242
1149 0.1531
1150 0.3852
1151 0.1763
1152 0.2620
1153 0.4168
1154 0.2284
1155 0.3529
1156 0.4037
1157 0.3388
1158 0.1852
1159 0.5985
1160 0.1943
1161 0.1523
1162 0.1135
1163 0.2390
1164 0.1821
1165 0.1906
1166 0.5347
1167 0.2575
1168 0.2007
1169 0.2204
1170 0.1846
1171 1.5277
1172 0.6507
1173 0.1336
1174 0.2727
1175 0.2661
1176 0.1969
1177 0.3899
1178 0.1452
1179 0.2482
1180 0.2627
1181 0.1443
1182 0.7406
1183 0.2661
1184 0.4200
1185 0.2381
1186 0.1560
1187 0.5007
1188 0.2371
1189 0.4119
1190 0.3378
1191 0.2181
1192 0.2308
1193 0.1829
1194 0.2751
1195 0.2513
1196 0.4947
1197 0.4522
1198 0.5134
1199 0.3190
1200 0.3344
1201 0.1734
1202 0.2162
1203 0.3584
1204 0.2207
1205 0.3552
1206 0.2483
1207 0.3772
1208 0.1457
1209 0.5076
1210 0.1737
1211 0.2864
1212 0.2113
1213 0.3321
1214 0.2064
1215 0.1860
1216 0.2071
1217 0.9508
1218 0.4292
1219 0.2517
1220 0.2538
1221 0.2192
1222 0.3341
1223 0.3003
1224 0.2858
1225 0.1599
1226 0.9806
1227 0.1931
1228 0.4306
1229 0.1625
1230 0.2610
1231 0.1873
1232 0.1973
1233 0.2622
1234 0.1937
1235 0.1718
1236 0.2151
1237 0.3820
1238 0.2977
1239 0.1694
1240 0.2547
1241 0.2599
1242 0.3947
1243 0.5459
1244 0.1643
1245 0.1719
1246 0.1673
1247 0.4603
1248 0.3349
1249 0.4912
1250 0.3598
1251 0.2840
1252 0.2325
1253 0.4952
1254 0.2177
1255 0.1478
1256 0.2834
1257 0.2932
1258 0.4229
1259 0.3671
1260 0.5192
1261 0.2289
1262 0.2011
1263 1.0804
1264 0.2850
1265 2.2770
1266 0.4010
1267 0.1392
1268 0.7785
1269 0.3477
1270 0.1491
1271 0.3604
1272 0.5264
1273 0.2603
1274 0.4463
1275 0.3829
1276 0.3563
1277 0.2526
1278 0.1912
1279 0.4616
1280 0.3456
1281 0.9839
1282 0.3686
1283 0.3658
1284 0.1760
1285 0.2620
1286 0.2535
1287 0.9779
1288 0.2899
1289 0.6716
1290 0.1258
1291 0.1841
1292 0.1420
1293 1.3391
1294 0.4316
1295 0.1937
1296 0.4103
1297 0.4441
1298 0.2599
1299 0.1913
1300 0.2145
1301 0.2627
1302 0.3125
1303 0.2578
1304 0.1649
1305 0.2256
1306 0.3185
1307 0.2211
1308 0.1669
1309 0.2131
1310 0.1116
1311 0.2216
1312 0.1084
1313 0.3743
1314 0.1971
1315 0.8270
1316 0.2041
1317 0.5175
1318 0.2782
1319 0.1369
1320 0.2032
1321 0.1993
1322 0.2535
1323 0.1378
1324 0.3711
1325 0.8441
1326 0.2096
1327 0.1808
1328 0.2852
1329 0.2741
1330 0.3812
1331 0.1408
1332 0.4787
1333 0.3787
1334 0.2199
1335 0.3179
1336 0.1581
1337 0.3209
1338 0.2475
1339 0.3080
1340 0.2239
1341 0.1191
1342 0.2148
1343 0.1269
1344 0.2308
1345 0.1464
1346 0.1573
1347 0.3672
1348 0.2186
1349 0.2442
1350 0.3667
1351 0.5044
1352 0.1588
1353 0.7144
1354 0.2483
1355 0.5868
1356 0.3581
1357 0.2146
1358 0.2838
1359 0.9439
1360 0.3801
1361 0.2535
1362 0.2243
1363 0.1611
1364 0.3138
1365 0.2096
1366 0.2432
1367 0.4529
1368 0.5178
1369 0.3498
1370 0.3076
1371 0.3535
1372 0.2111
1373 0.7300
1374 0.6519
1375 0.2749
1376 0.1900
1377 0.2977
1378 0.4266
1379 0.1501
1380 0.2683
1381 0.3756
1382 0.1832
1383 0.1998
1384 0.3789
1385 0.2650
1386 0.1900
1387 0.1710
1388 0.1144
1389 0.3080
1390 0.2535
1391 0.2176
1392 0.1790
1393 0.3079
1394 0.1296
1395 0.3477
1396 0.2693
1397 0.5859
1398 0.2835
1399 0.1840
1400 0.2934
1401 0.1512
1402 0.3245
1403 0.1054
1404 0.5926
1405 0.3944
1406 0.3471
1407 0.3206
1408 0.1865
1409 0.2565
1410 0.1725
1411 0.6717
1412 0.1525
1413 0.1854
1414 0.2402
1415 0.1429
1416 0.3301
1417 0.4222
1418 0.1928
1419 0.8702
1420 0.2365
1421 0.1527
1422 0.2030
1423 0.2478
1424 0.2235
1425 0.1789
1426 0.2046
1427 0.2544
1428 0.2084
1429 0.2817
1430 0.1550
1431 0.2045
1432 0.2130
1433 0.5649
1434 0.2823
1435 0.1478
1436 0.1936
1437 0.2644
1438 0.2427
1439 0.5373
1440 0.3113
1441 0.1531
1442 0.1885
1443 0.5036
1444 1.0416
1445 0.2177
1446 0.1234
1447 0.1887
1448 0.2583
1449 0.1542
1450 0.2333
1451 0.2307
1452 0.1796
1453 0.8297
1454 0.3274
1455 0.4763
1456 0.9984
1457 0.9296
1458 0.1666
1459 0.2208
1460 0.2379
1461 0.3017
1462 0.5007
1463 0.1286
1464 0.5258
1465 0.3669
1466 0.1852
1467 0.2398
1468 0.1274
1469 0.2270
1470 0.4374
1471 0.3408
1472 0.5067
1473 0.2780
1474 0.1635
1475 0.2522
1476 0.1934
1477 0.1174
1478 0.2121
1479 0.9745
1480 0.3751
1481 0.2489
1482 0.3416
1483 0.3887
1484 0.2171
1485 0.2700
1486 0.1688
1487 0.2906
1488 0.3896
1489 0.1753
1490 0.1337
1491 0.5368
1492 0.2781
1493 0.1563
1494 0.1468
1495 0.4339
1496 0.1919
1497 0.1885
1498 0.2290
1499 0.2566
1500 0.2073
1501 0.1453
1502 0.2702
1503 0.5002
1504 0.3205
1505 0.1588
1506 0.6754
1507 0.3111
1508 0.4316
1509 0.1656
1510 0.3334
1511 0.4536
1512 0.4035
1513 0.2734
1514 0.6144
1515 0.2682
1516 0.5711
1517 0.1787
1518 0.3693
1519 0.1641
1520 0.2764
1521 0.2599
1522 0.1834
1523 0.2075
1524 0.1145
1525 0.2011
1526 0.1454
1527 0.1865
1528 0.1911
1529 0.7559
1530 0.5213
1531 0.2347
1532 0.2952
1533 0.1382
1534 0.2364
1535 0.6915
1536 0.1885
1537 0.2618
1538 0.3561
1539 0.6549
1540 0.4911
1541 0.2802
1542 0.2094
1543 0.4026
1544 0.4334
1545 0.4096
1546 0.1477
1547 0.2208
1548 0.1337
1549 0.4884
1550 0.2725
1551 0.5846
1552 0.2060
1553 0.2909
1554 0.4065
1555 0.3135
1556 0.1981
1557 0.2978
1558 0.1669
1559 0.2396
1560 0.2660
1561 0.3145
1562 0.2013
1563 0.1740
1564 0.7353
1565 0.1860
1566 0.3170
1567 0.1800
1568 0.2697
1569 0.3173
1570 0.1730
1571 0.2028
1572 0.2029
1573 0.2262
1574 0.6558
1575 0.3101
1576 0.2015
1577 0.1376
1578 0.3955
1579 0.5765
1580 0.1499
1581 0.4045
1582 0.8692
1583 0.1800
1584 0.3177
1585 0.3134
1586 0.1822
1587 0.1740
1588 0.4808
1589 0.2307
1590 0.3548
1591 0.1806
1592 0.2259
1593 0.2038
1594 0.2590
1595 0.5883
1596 0.1174
1597 1.1117
1598 0.1790
1599 0.5472
1600 0.4209
1601 0.4284
1602 0.5754
1603 0.1444
1604 0.3311
1605 0.2258
1606 0.2183
1607 0.1570
1608 0.1370
1609 0.1714
1610 0.2674
1611 0.1794
1612 0.1833
1613 0.3616
1614 0.2453
1615 0.2941
1616 0.6439
1617 0.4386
1618 0.2161
1619 0.3597
1620 0.2942
1621 0.4779
1622 0.4809
1623 0.2581
1624 0.2752
1625 0.3020
1626 0.4187
1627 1.7795
1628 0.2189
1629 0.3334
1630 0.1839
1631 0.1968
1632 0.1695
1633 0.1707
1634 0.1538
1635 0.5204
1636 0.1697
1637 0.1968
1638 0.2823
1639 0.1893
1640 0.1973
1641 0.1968
1642 0.1558
1643   NaN
1644 0.2672
1645 0.1461
1646 0.4506
1647 0.1518
1648 0.2794
1649 0.4564
1650 0.2039
1651 0.3629
1652 0.5313
1653 0.8625
1654 0.5501
1655 0.5038
1656 0.1834
1657   NaN
1658 0.5710
1659 0.3063
1660 0.3208
1661 0.3060
1662 0.1407
1663 0.2219
1664 0.3438
1665 0.2398
1666 0.2218
1667 0.2860
1668 0.1934
1669 0.2964
1670 0.2397
1671 0.2081
1672 0.2445
1673 0.1383
1674 0.2069
1675 0.2240
1676 0.4712
1677 0.3276
1678 0.1761
1679 0.3404
1680 0.3862
1681 0.3098
1682 0.1534
1683 0.1119
1684 0.3315
1685 0.1912
1686 0.1857
1687 0.2687
1688 0.2059
1689 0.1895
1690 0.1930
1691 0.1274
1692 0.1945
1693 0.2141
1694 0.3099
1695 0.1844
1696 0.6933
1697 0.2544
1698 0.4196
1699 0.2505
1700 0.3197
1701 0.1462
1702 0.2204
1703 0.3429
1704 0.6142
1705 0.2557
1706 0.3150
1707 0.3451
1708 0.2366
1709 0.2211
1710 0.2304
1711 0.2785
1712 1.3258
1713 0.2578
1714 0.6310
1715 0.3928
1716 0.2940
1717 0.2773
1718 0.1814
1719 0.4044
1720 0.4903
1721 0.3108
1722 0.1834
1723 0.1603
1724 0.1917
1725 0.2299
1726 0.3453
1727 0.6998
1728 0.1287
1729 0.6066
1730 0.1697
1731 0.2427
1732 0.3480
1733 0.2216
1734 0.2165
1735 0.3769
1736 0.2071
1737 0.3111
1738 0.1962
1739 0.2328
1740 0.1419
1741 0.5562
1742 0.3719
1743 0.3015
1744 1.4228
1745 0.4352
1746 0.5544
1747 0.2575
1748 0.2507
1749 0.1633
1750 0.2231
1751 0.5179
1752 0.6244
1753 0.4130
1754 0.1527
1755 0.1831
1756 0.3352
1757 0.5844
1758 0.3830
1759 0.5653
1760 0.1795
1761 0.3789
1762 1.2630
1763 0.4698
1764 0.3035
1765 0.2936
1766 0.2064
1767 0.2095
1768 0.2288
1769 0.2855
1770 0.1728
1771 0.4335
1772 0.2089
1773 0.3767
1774 0.5441
1775 0.3740
1776 0.1269
1777 0.5273
1778 0.3641
1779 0.1601
1780 0.1606
1781 0.2207
1782 0.2241
1783 0.3674
1784 0.3696
1785 0.3967
1786 1.6335
1787 0.2283
1788 0.3973
1789 0.2870
1790 0.2674
1791 0.2655
1792 0.2408
1793 0.3361
1794 0.2003
1795 0.3347
1796 0.4523
1797 0.1595
1798 0.1835
1799 0.1385
1800 0.3974
1801 0.2058
1802 0.3795
1803 0.4510
1804 0.1882
1805 0.3643
1806 0.3026
1807 0.3679
1808 0.1283
1809 0.4685
1810 0.2008
1811 0.3187
1812 1.0553
1813 0.8505
1814 0.2588
1815 0.3262
1816 0.1564
1817 1.3328
1818 0.1838
1819 0.2087
1820 0.2413
1821 0.3842
1822 0.1785
1823 0.1495
1824 0.4856
1825 0.1546
1826 0.3646
1827 0.5208
1828 0.1789
1829 0.1627
1830 0.2257
1831 0.3075
1832 0.4936
1833 0.2165
1834 0.2802
1835 0.2456
1836 0.3569
1837 0.3291
1838 0.3033
1839 0.1838
1840 0.3183
1841 0.1874
1842 0.1932
1843 0.1500
1844 0.1329
1845 0.1589
1846 0.2100
1847 0.2206
1848 0.2155
1849 0.2810
1850 0.2507
1851 0.3113
1852 0.1316
1853 0.4854
1854 0.2537
1855 0.5777
1856 0.1926
1857 0.2088
1858 0.2136
1859 0.2055
1860 0.4888
1861 0.1249
1862 0.2294
1863 0.1017
1864 0.2312
1865 0.2899
1866 0.2084
1867 0.2808
1868 0.2846
1869 0.1919
1870 0.1723
1871 0.1924
1872 0.2214
1873 0.1777
1874 0.1674
1875 0.4114
1876 0.2661
1877 0.4191
1878 0.2413
1879 0.2160
1880 0.2638
1881 0.2119
1882 0.2691
1883 0.3170
1884 0.5563
1885 0.1433
1886 0.4062
1887 0.1577
1888 0.1715
1889 0.3492
1890 0.2209
1891 0.1812
1892 0.2402
1893 0.1675
1894 0.9933
1895 0.3208
1896 0.1935
1897 0.5706
1898 0.5586
1899 0.2760
1900 0.2574
1901 0.2385
1902 0.1867
1903 0.5627
1904 0.3673
1905 0.2157
1906 0.3608
1907 0.1652
1908 0.1188
1909 0.3194
1910 0.9416
1911 0.2965
1912 0.3351
1913 0.2735
1914 0.1727
1915 0.1493
1916 0.9160
1917 0.1779
1918 0.3632
1919 0.2135
1920 0.1865
1921 0.6846
1922 0.5134
1923 0.2941
1924 0.1862
1925 0.2131
1926 0.2103
1927 0.2050
1928 0.2299
1929 0.2899
1930 0.3826
1931 0.3876
1932 1.0158
1933 0.4236
1934 0.3955
1935 1.2324
1936 0.2556
1937 0.1880
1938 0.1299
1939 0.1619
1940 0.2736
1941 0.4569
1942 0.2490
1943 0.2033
1944 0.1993
1945 0.2787
1946 0.2177
1947 0.2240
1948 0.5928
1949 0.2015
1950 0.3139
1951 0.2652
1952 0.1230
1953 0.4840
1954 0.8207
1955 0.3664
1956 0.2891
1957 0.3806
1958 0.1432
1959 0.2485
1960 0.2047
1961 0.1510
1962 0.1985
1963 0.3985
1964 0.5249
1965 0.3315
1966 0.5334
1967 0.1936
1968 0.3790
1969 0.1322
1970 0.1754
1971 0.3586
1972 0.3405
1973 0.2510
1974 0.3398
1975 0.4486
1976 0.3007
1977 0.3103
1978 0.1449
1979 0.3136
1980 0.2313
1981 0.2200
1982 0.4311
1983 0.1488
1984 0.3099
1985 0.1427
1986 0.2256
1987 0.3097
1988 0.1372
1989 0.2919
1990 0.1498
1991 0.3467
1992 0.4389
1993 0.2249
1994 0.2632
1995 0.8836
1996 0.2601
1997 0.1487
1998 0.2166
1999 0.2795
2000 0.4301
2001 0.3395
2002 0.4532
2003 0.4400
2004 0.1324
2005 0.2134
2006 0.3320
2007 0.3821
2008 0.2607
2009 0.1793
2010 0.1720
2011 0.3244
2012 0.4112
2013 0.2838
2014 0.3068
2015 0.2458
2016 0.2518
2017 0.2359
2018 0.2105
2019 0.3261
2020 0.6379
2021 0.3634
2022 0.1245
2023 0.1330
2024 0.5018
2025 0.2459
2026 0.1161
2027 0.4482
2028 0.2388
2029 0.3489
2030 0.1659
2031 0.2209
2032 0.4996
2033 0.3282
2034 0.1590
2035 0.2667
2036 0.2501
2037 0.1412
2038 0.3571
2039 0.1620
2040 0.3090
2041   NaN
2042 0.5778
2043 0.1215
2044 0.5594
2045 0.2530
2046 0.3122
2047 0.2507
2048 0.2999
2049 0.1935
2050 1.1778
2051 0.7010
2052 0.4753
2053 0.1438
2054 0.1697
2055 0.2180
2056 0.2165
2057 0.2150
2058 0.3214
2059 0.2988
2060 0.1842
2061 0.3001
2062 0.3645
2063 0.1823
2064 0.2417
2065 0.1905
2066 0.2488
2067 0.2062
2068 0.2363
2069 0.5755
2070 0.3375
2071 0.2233
2072 0.3569
2073 0.1308
2074 0.5689
2075 0.1668
2076 0.4971
2077 0.1423
2078 0.1712
2079 0.2832
2080 0.1461
2081 0.1805
2082 0.5865
2083 0.4119
2084 0.1591
2085 0.2758
2086 0.1360
2087 0.3828
2088 0.3025
2089 0.1856
2090 0.2473
2091 0.6122
2092 0.3092
2093 0.5816
2094 0.3261
2095 0.3451
2096 0.4198
2097 0.5724
2098 0.2500
2099 0.5748
2100 0.4903
2101 0.4111
2102 0.2487
2103 0.1463
2104 0.5828
2105 0.4964
2106 0.7851
2107 0.2069
2108 0.1601
2109 0.7896
2110 0.1495
2111 0.3949
2112 0.2616
2113 0.1180
2114 0.5013
2115 0.1477
2116 0.4517
2117 0.2229
2118 0.1413
2119 0.4626
2120 0.4076
2121 0.2479
2122 0.1606
2123 0.1923
2124 0.4535
2125 0.2840
2126 0.2025
2127 0.3179
2128 0.3186
2129 0.1319
2130 0.3210
2131 0.1741
2132 0.2323
2133 0.2464
2134 0.3411
2135 0.1708
2136 0.2053
2137 0.3431
2138 0.2353
2139 0.1563
2140 0.2541
2141 0.3613
2142 0.3256
2143 0.2485
2144 0.1924
2145 0.2628
2146 0.2077
2147 0.1575
2148 0.3465
2149 0.4399
2150 0.4185
2151 0.1998
2152 0.3818
2153 0.2058
2154 0.2213
2155 0.3016
2156 0.1469
2157 0.2169
2158 0.1880
2159 0.2789
2160 0.2260
2161 0.2360
2162 0.1879
2163 0.3233
2164 0.1888
2165 0.2479
2166 0.5136
2167 0.1822
2168 0.1717
2169 0.2670
2170 0.2338
2171 0.3431
2172 0.3570
2173 0.5611
2174 0.1594
2175 0.2207
2176 0.3872
2177 0.1728
2178 0.6675
2179 0.2478
2180 0.4397
2181 0.2724
2182 0.3596
2183 0.2118
2184 0.4852
2185 0.2750
2186 0.1444
2187 0.3793
2188 0.2615
2189 0.3652
2190 0.4196
2191 0.8679
2192 0.1695
2193 0.3035
2194 0.1887
2195 0.1730
2196 0.1519
2197 0.1254
2198 0.2867
2199 0.1373
2200 0.1110
2201 0.2505
2202 0.1568
2203 0.1860
2204 0.4534
2205 0.1408
2206 0.4485
2207 0.4770
2208 0.2844
2209 0.1480
2210 0.3537
2211 0.1377
2212 0.4649
2213 0.1738
2214 0.3217
2215 0.1638
2216 0.2964
2217 0.3019
2218 0.1794
2219 0.2754
2220 0.1227
2221 0.2953
2222 0.2361
2223 0.3130
2224 0.1429
2225 0.1833
2226 0.1871
2227 0.9654
2228 0.1877
2229 0.5036
2230 0.6544
2231 0.1492
2232 0.3167
2233 0.2084
2234 0.2952
2235 0.2838
2236 0.1574
2237 0.5949
2238 0.2314
2239 0.2031
2240 0.5121
2241 0.5773
2242 0.3069
2243 0.3046
2244 0.2680
2245 0.2266
2246 0.2684
2247 0.4842
2248 0.1678
2249 0.1432
2250 0.1445
2251 0.2950
2252 0.2234
2253 0.1722
2254 0.2715
2255 0.1296
2256 0.2158
2257 0.1444
2258 0.3738
2259 0.2992
2260 0.4549
2261 0.1220
2262 0.2083
2263 0.4521
2264 0.3629
2265 0.1137
2266 0.2680
2267 0.9407
2268 0.2786
2269 0.7430
2270 0.3612
2271 0.3095
2272 0.1672
2273 0.1351
2274 0.2288
2275 0.3969
2276 0.3725
2277 0.2426
2278 0.2453
2279 0.1948
2280 0.3027
2281 0.1950
2282 0.2268
2283 0.6355
2284 0.1046
2285 0.5889
2286 0.6083
2287 0.3241
2288 0.3340
2289 0.1929
2290 0.3556
2291 0.1632
2292 0.1811
2293 0.2256
2294 0.1924
2295 0.1484
2296 0.1847
2297 0.5763
2298 0.2734
2299 0.2278
2300 0.4580
2301 0.4767
2302 0.2664
2303 0.3187
2304 0.1368
2305 0.1784
2306 0.4704
2307 0.4424
2308 0.5237
2309 0.1977
2310 0.4933
2311 0.1539
2312 0.1882
2313 0.2875
2314 0.1480
2315 0.1609
2316 0.4548
2317 0.3346
2318 0.2245
2319 0.4522
2320 0.1935
2321 0.1466
2322 0.3685
2323 0.2425
2324 0.2220
2325 0.2588
2326 0.2063
2327 0.2069
2328 0.1785
2329 0.2374
2330 0.3607
2331 1.0893
2332 0.2340
2333 0.2041
2334 0.3488
2335 0.2499
2336 0.1282
2337 0.2702
2338 0.3695
2339 0.4200
2340 0.1513
2341 0.2408
2342 0.6456
2343 0.1538
2344 0.1585
2345 0.2110
2346 0.2014
2347 0.3534
2348 0.1161
2349 0.2402
2350 0.1349
2351 0.1262
2352 0.1553
2353 0.3870
2354 0.1798
2355 0.1826
2356 0.2109
2357 0.1425
2358 0.1797
2359 1.1857
2360 0.2418
2361 0.2636
2362 0.2427
2363 0.7661
2364 0.1679
2365 0.5614
2366 0.1554
2367 0.3558
2368 0.2186
2369 0.2224
2370 0.1678
2371 0.1469
2372 0.2090
2373 0.2983
2374 0.2821
2375 0.3434
2376 0.2236
2377 0.1366
2378 0.3108
2379 0.1973
2380 0.2771
2381 0.1581
2382 0.4536
2383 0.3924
2384 0.1767
2385 0.1212
2386 0.2924
2387 0.4957
2388 0.2666
2389 0.2044
2390 0.3358
2391 0.2745
2392 0.3993
2393 0.4243
2394 0.2572
2395 0.2152
2396 0.2425
2397 0.2197
2398 0.2114
2399 0.1824
2400 0.2145
2401 0.2591
2402 0.1676
2403 0.4286
2404 0.2573
2405 0.2022
2406 0.1994
2407 0.1280
2408 0.4164
2409 0.1849
2410 0.1803
2411 0.2248
2412 0.4670
2413 0.8738
2414 0.2917
2415 0.9599
2416 0.4001
2417 0.2624
2418 0.1515
2419 0.2892
2420 0.1180
2421 0.2769
2422 0.4366
2423 0.4006
2424 0.2224
2425 0.1757
2426 0.3109
2427 0.6187
2428 0.3028
2429 0.1873
2430 0.1699
2431 0.2875
2432 0.6039
2433 0.3011
2434 0.3775
2435 0.2692
2436 0.1886
2437 0.6183
2438 0.2268
2439 0.2242
2440 0.1446
2441 0.1709
2442 0.3615
2443 0.2471
2444 0.1300
2445 0.1724
2446 0.4037
2447 0.3894
2448 0.1758
2449 0.2008
2450 0.2119
2451 0.3054
2452 0.1623
2453 0.2615
2454 0.4897
2455 0.1589
2456 0.5181
2457 0.2934
2458 0.2061
2459 0.4805
2460 0.2283
2461 0.2131
2462 0.4569
2463 0.2211
2464 0.2515
2465 0.1888
2466 0.2164
2467 0.2161
2468 0.5532
2469 0.1078
2470 0.3770
2471 0.4124
2472 0.2779
2473 0.1602
2474 0.2899
2475 0.3140
2476 0.1950
2477 0.2907
2478 0.1543
2479 0.4594
2480 0.2928
2481 0.2750
2482 0.8269
2483 0.2213
2484 0.2106
2485 0.3393
2486 0.5468
2487 0.1389
2488 0.2906
2489 0.1273
2490 0.3729
2491 0.1742
2492 0.1590
2493 0.4449
2494 0.4839
2495 0.1193
2496 0.1794
2497 0.1731
2498 0.2267
2499 0.2034
2500 0.2242
