0.9651 0.0100
0.9651 0.0100
0.9651 0.0100
0.9650 0.0101
0.9647 0.0102
0.9644 0.0104
0.9640 0.0106
0.9634 0.0109
0.9628 0.0112
0.9620 0.0116
0.9612 0.0120
0.9602 0.0125
0.9592 0.0130
0.9581 0.0136
0.9569 0.0142
0.9557 0.0149
0.9543 0.0157
0.9530 0.0164
0.9515 0.0173
0.9500 0.0181
0.9485 0.0190
0.9469 0.0199
0.9453 0.0209
0.9436 0.0219
0.9420 0.0228
0.9403 0.0238
0.9386 0.0249
0.9369 0.0259
0.9352 0.0269
0.9335 0.0279
0.9318 0.0288
0.9302 0.0298
0.9285 0.0307
0.9269 0.0317
0.9252 0.0325
0.9236 0.0334
0.9221 0.0342
0.9205 0.0350
0.9190 0.0357
0.9176 0.0365
0.9161 0.0371
0.9147 0.0377
0.9134 0.0383
0.9121 0.0388
0.9108 0.0393
0.9095 0.0398
0.9083 0.0402
0.9071 0.0405
0.9060 0.0408
0.9049 0.0411
0.9038 0.0413
0.9028 0.0415
0.9018 0.0416
0.9008 0.0417
0.8999 0.0418
0.8990 0.0418
0.8981 0.0418
0.8973 0.0418
0.8965 0.0417
0.8958 0.0415
0.8950 0.0414
0.8943 0.0412
0.8937 0.0410
0.8930 0.0407
0.8924 0.0404
0.8919 0.0401
0.8913 0.0398
0.8908 0.0394
0.8903 0.0390
0.8899 0.0386
0.8894 0.0382
0.8890 0.0378
0.8884 0.0375
0.8876 0.0375
0.8860 0.0381
0.8880 0.0358
0.8874 0.0356
0.8867 0.0356
0.8858 0.0356
0.8847 0.0358
0.8833 0.0363
0.8817 0.0369
0.8797 0.0379
0.8773 0.0391
0.8746 0.0407
0.8714 0.0428
0.8678 0.0452
0.8638 0.0482
0.8596 0.0516
0.8550 0.0555
0.8503 0.0597
0.8455 0.0643
0.8407 0.0692
0.8360 0.0741
0.8314 0.0789
0.8272 0.0835
0.8232 0.0879
0.8195 0.0918
0.8162 0.0953
0.8132 0.0982
0.8105 0.1007
0.8081 0.1028
0.8059 0.1045
0.8039 0.1058
0.8021 0.1069
0.8004 0.1077
0.7987 0.1084
0.7972 0.1089
0.7956 0.1093
0.7941 0.1097
0.7927 0.1100
0.7912 0.1103
0.7897 0.1105
0.7883 0.1108
0.7867 0.1110
0.7852 0.1113
0.7836 0.1116
0.7819 0.1119
0.7802 0.1123
0.7784 0.1127
0.7765 0.1132
0.7745 0.1137
0.7724 0.1144
0.7701 0.1152
0.7676 0.1161
0.7650 0.1172
0.7622 0.1184
0.7592 0.1198
0.7560 0.1215
0.7527 0.1233
0.7492 0.1253
0.7455 0.1276
0.7418 0.1300
0.7380 0.1326
0.7342 0.1353
0.7303 0.1381
0.7266 0.1409
0.7229 0.1437
0.7194 0.1464
0.7160 0.1490
0.7128 0.1513
0.7097 0.1535
0.7069 0.1554
0.7042 0.1570
0.7017 0.1585
0.6994 0.1596
0.6972 0.1606
0.6951 0.1614
0.6931 0.1620
0.6911 0.1625
0.6893 0.1629
0.6874 0.1631
0.6856 0.1634
0.6838 0.1635
0.6820 0.1637
0.6802 0.1638
0.6783 0.1639
0.6764 0.1640
0.6744 0.1642
0.6723 0.1644
0.6702 0.1646
0.6679 0.1649
0.6655 0.1652
0.6630 0.1657
0.6604 0.1662
0.6577 0.1668
0.6548 0.1676
0.6518 0.1685
0.6486 0.1695
0.6454 0.1706
0.6420 0.1719
0.6386 0.1733
0.6351 0.1748
0.6315 0.1764
0.6280 0.1780
0.6245 0.1797
0.6211 0.1814
0.6177 0.1831
0.6144 0.1847
0.6113 0.1862
0.6083 0.1875
0.6054 0.1888
0.6027 0.1898
0.6001 0.1907
0.5977 0.1915
0.5954 0.1920
0.5931 0.1924
0.5910 0.1927
0.5889 0.1929
0.5869 0.1930
0.5850 0.1930
0.5830 0.1929
0.5811 0.1927
0.5792 0.1926
0.5772 0.1924
0.5753 0.1921
0.5732 0.1919
0.5711 0.1917
0.5690 0.1915
0.5667 0.1914
0.5644 0.1912
0.5619 0.1911
0.5594 0.1911
0.5567 0.1912
0.5539 0.1913
0.5510 0.1915
0.5480 0.1918
0.5449 0.1922
0.5417 0.1927
0.5384 0.1933
0.5351 0.1940
0.5318 0.1947
0.5284 0.1956
0.5251 0.1964
0.5218 0.1973
0.5185 0.1982
0.5154 0.1991
0.5124 0.1999
0.5095 0.2007
0.5067 0.2013
0.5040 0.2019
0.5015 0.2023
0.4992 0.2026
0.4969 0.2028
0.4947 0.2029
0.4927 0.2029
0.4907 0.2028
0.4888 0.2026
0.4870 0.2023
0.4852 0.2020
0.4834 0.2017
0.4817 0.2013
0.4799 0.2009
0.4781 0.2004
0.4763 0.2000
0.4745 0.1996
0.4726 0.1992
0.4706 0.1988
0.4686 0.1984
0.4665 0.1981
0.4643 0.1979
0.4620 0.1977
0.4597 0.1975
0.4572 0.1975
0.4547 0.1975
0.4521 0.1977
0.4494 0.1979
0.4467 0.1983
0.4440 0.1987
0.4413 0.1993
0.4386 0.1999
0.4360 0.2006
0.4334 0.2014
0.4310 0.2022
0.4286 0.2030
0.4265 0.2038
0.4244 0.2046
0.4225 0.2054
0.4208 0.2061
0.4193 0.2067
0.4179 0.2073
0.4166 0.2079
0.4155 0.2084
0.4145 0.2088
0.4137 0.2092
0.4129 0.2095
0.4122 0.2098
0.4116 0.2101
0.4111 0.2104
0.4105 0.2107
0.4100 0.2110
0.4095 0.2113
0.4089 0.2116
0.4083 0.2119
0.4077 0.2123
0.4070 0.2127
0.4062 0.2132
0.4053 0.2138
0.4043 0.2144
0.4032 0.2152
0.4020 0.2161
0.4007 0.2171
0.3994 0.2182
0.3980 0.2196
0.3966 0.2210
0.3951 0.2226
0.3937 0.2244
0.3924 0.2262
0.3911 0.2281
0.3899 0.2301
0.3889 0.2320
0.3879 0.2338
0.3871 0.2355
0.3864 0.2371
0.3858 0.2384
0.3853 0.2394
0.3849 0.2402
0.3845 0.2406
0.3842 0.2407
0.3842 0.2407
0.0021 0.0000
0.0021 0.0000
0.0021 0.0000
0.0021 0.0000
0.0021 0.0000
0.0022 0.0000
0.0022 0.0000
0.0023 0.0000
0.0024 0.0000
0.0025 0.0001
0.0026 0.0001
0.0028 0.0001
0.0029 0.0001
0.0031 0.0001
0.0033 0.0001
0.0035 0.0001
0.0037 0.0001
0.0039 0.0001
0.0042 0.0001
0.0045 0.0002
0.0049 0.0002
0.0052 0.0002
0.0056 0.0003
0.0060 0.0003
0.0065 0.0003
0.0070 0.0004
0.0075 0.0005
0.0081 0.0005
0.0088 0.0006
0.0094 0.0007
0.0101 0.0008
0.0109 0.0010
0.0117 0.0011
0.0126 0.0013
0.0135 0.0014
0.0145 0.0016
0.0155 0.0019
0.0166 0.0021
0.0177 0.0024
0.0189 0.0027
0.0202 0.0031
0.0215 0.0035
0.0228 0.0039
0.0242 0.0044
0.0257 0.0049
0.0272 0.0054
0.0288 0.0061
0.0304 0.0067
0.0321 0.0074
0.0338 0.0082
0.0356 0.0090
0.0374 0.0098
0.0392 0.0107
0.0411 0.0117
0.0431 0.0127
0.0451 0.0138
0.0471 0.0149
0.0491 0.0161
0.0512 0.0173
0.0534 0.0186
0.0555 0.0200
0.0577 0.0213
0.0599 0.0228
0.0622 0.0243
0.0645 0.0258
0.0668 0.0274
0.0691 0.0290
0.0714 0.0306
0.0738 0.0323
0.0762 0.0341
0.0786 0.0358
0.0810 0.0376
0.0834 0.0395
0.0859 0.0413
0.0883 0.0432
0.0909 0.0451
0.0933 0.0470
0.0958 0.0490
0.0983 0.0509
0.1008 0.0528
0.1033 0.0548
0.1058 0.0567
0.1083 0.0587
0.1109 0.0606
0.1134 0.0626
0.1159 0.0645
0.1184 0.0665
0.1210 0.0684
0.1235 0.0703
0.1260 0.0723
0.1285 0.0742
0.1311 0.0760
0.1336 0.0779
0.1361 0.0798
0.1386 0.0816
0.1412 0.0835
0.1437 0.0853
0.1462 0.0871
0.1487 0.0888
0.1512 0.0906
0.1538 0.0924
0.1563 0.0941
0.1588 0.0958
0.1613 0.0975
0.1638 0.0992
0.1664 0.1009
0.1689 0.1026
0.1714 0.1043
0.1740 0.1059
0.1765 0.1076
0.1790 0.1092
0.1816 0.1109
0.1841 0.1125
0.1866 0.1141
0.1892 0.1157
0.1917 0.1173
0.1943 0.1189
0.1968 0.1204
0.1994 0.1220
0.2019 0.1236
0.2045 0.1251
0.2071 0.1266
0.2096 0.1282
0.2122 0.1297
0.2148 0.1312
0.2173 0.1327
0.2199 0.1342
0.2224 0.1357
0.2250 0.1371
0.2276 0.1386
0.2301 0.1400
0.2327 0.1414
0.2353 0.1428
0.2378 0.1442
0.2404 0.1456
0.2430 0.1469
0.2455 0.1483
0.2481 0.1496
0.2507 0.1509
0.2532 0.1522
0.2558 0.1535
0.2584 0.1548
0.2609 0.1561
0.2635 0.1573
0.2661 0.1585
0.2686 0.1598
0.2712 0.1610
0.2738 0.1622
0.2764 0.1633
0.2789 0.1645
0.2815 0.1657
0.2841 0.1668
0.2867 0.1680
0.2893 0.1691
0.2918 0.1702
0.2944 0.1713
0.2970 0.1724
0.2996 0.1735
0.3022 0.1745
0.3048 0.1756
0.3074 0.1766
0.3100 0.1777
0.3126 0.1787
0.3152 0.1797
0.3178 0.1807
0.3204 0.1817
0.3230 0.1826
0.3256 0.1836
0.3282 0.1845
0.3308 0.1854
0.3334 0.1864
0.3360 0.1872
0.3386 0.1881
0.3412 0.1890
0.3438 0.1898
0.3464 0.1907
0.3490 0.1915
0.3516 0.1923
0.3542 0.1931
0.3568 0.1938
0.3594 0.1946
0.3620 0.1953
0.3646 0.1961
0.3672 0.1968
0.3698 0.1975
0.3724 0.1982
0.3750 0.1988
0.3776 0.1995
0.3802 0.2001
0.3828 0.2008
0.3854 0.2014
0.3880 0.2020
0.3907 0.2026
0.3933 0.2032
0.3959 0.2037
0.3985 0.2043
0.4011 0.2048
0.4037 0.2053
0.4063 0.2059
0.4090 0.2064
0.4116 0.2068
0.4142 0.2073
0.4168 0.2078
0.4194 0.2082
0.4220 0.2086
0.4247 0.2091
0.4273 0.2095
0.4299 0.2098
0.4325 0.2102
0.4351 0.2106
0.4377 0.2109
0.4403 0.2112
0.4430 0.2116
0.4456 0.2118
0.4482 0.2121
0.4508 0.2124
0.4534 0.2126
0.4560 0.2129
0.4586 0.2131
0.4612 0.2133
0.4638 0.2135
0.4664 0.2137
0.4690 0.2138
0.4716 0.2140
0.4742 0.2141
0.4768 0.2142
0.4794 0.2144
0.4820 0.2145
0.4846 0.2145
0.4871 0.2146
0.4897 0.2147
0.4923 0.2147
0.4949 0.2148
0.4974 0.2148
0.5000 0.2148
0.5026 0.2148
0.5051 0.2148
0.5077 0.2148
0.5102 0.2148
0.5128 0.2147
0.5153 0.2147
0.5179 0.2146
0.5204 0.2146
0.5229 0.2145
0.5254 0.2144
0.5279 0.2143
0.5304 0.2142
0.5328 0.2141
0.5353 0.2140
0.5377 0.2139
0.5402 0.2137
0.5426 0.2136
0.5450 0.2134
0.5474 0.2133
0.5497 0.2131
0.5521 0.2129
0.5544 0.2128
0.5567 0.2126
0.5590 0.2124
0.5612 0.2122
0.5635 0.2121
0.5657 0.2119
0.5678 0.2117
0.5700 0.2115
0.5721 0.2113
0.5742 0.2111
0.5763 0.2109
0.5783 0.2107
0.5803 0.2106
0.5823 0.2104
0.5842 0.2102
0.5860 0.2100
0.5879 0.2099
0.5897 0.2097
0.5914 0.2095
0.5931 0.2094
0.5948 0.2092
0.5963 0.2091
0.5979 0.2090
0.5994 0.2088
0.6008 0.2087
0.6022 0.2086
0.6035 0.2085
0.6047 0.2084
0.6059 0.2082
0.6070 0.2081
0.6080 0.2081
0.6090 0.2080
0.6099 0.2079
0.6107 0.2078
0.6114 0.2078
0.6121 0.2077
0.6127 0.2076
0.6132 0.2076
0.6136 0.2076
0.6140 0.2075
0.6142 0.2075
0.6144 0.2075
0.6145 0.2075
0.6145 0.2075
0.5191 0.0451
0.5191 0.0451
0.5191 0.0451
0.5190 0.0452
0.5189 0.0452
0.5187 0.0452
0.5185 0.0453
0.5183 0.0453
0.5180 0.0454
0.5177 0.0455
0.5173 0.0456
0.5170 0.0457
0.5165 0.0458
0.5161 0.0459
0.5155 0.0460
0.5150 0.0461
0.5144 0.0463
0.5138 0.0464
0.5132 0.0466
0.5125 0.0467
0.5117 0.0469
0.5110 0.0471
0.5102 0.0473
0.5094 0.0475
0.5085 0.0477
0.5076 0.0479
0.5067 0.0481
0.5057 0.0483
0.5047 0.0485
0.5037 0.0488
0.5027 0.0490
0.5016 0.0493
0.5005 0.0495
0.4994 0.0498
0.4982 0.0500
0.4970 0.0503
0.4958 0.0505
0.4946 0.0508
0.4933 0.0511
0.4920 0.0514
0.4907 0.0517
0.4894 0.0519
0.4880 0.0522
0.4866 0.0525
0.4852 0.0528
0.4838 0.0531
0.4824 0.0534
0.4809 0.0537
0.4794 0.0540
0.4779 0.0543
0.4764 0.0546
0.4748 0.0549
0.4733 0.0552
0.4717 0.0555
0.4701 0.0558
0.4685 0.0561
0.4669 0.0563
0.4653 0.0566
0.4636 0.0569
0.4619 0.0572
0.4603 0.0575
0.4586 0.0578
0.4569 0.0581
0.4552 0.0583
0.4534 0.0586
0.4517 0.0589
0.4499 0.0591
0.4482 0.0594
0.4464 0.0597
0.4446 0.0599
0.4428 0.0602
0.4410 0.0604
0.4392 0.0607
0.4374 0.0609
0.4355 0.0611
0.4337 0.0614
0.4318 0.0616
0.4300 0.0618
0.4281 0.0620
0.4262 0.0622
0.4243 0.0624
0.4225 0.0626
0.4206 0.0628
0.4186 0.0630
0.4167 0.0632
0.4148 0.0634
0.4129 0.0636
0.4110 0.0637
0.4090 0.0639
0.4071 0.0640
0.4052 0.0642
0.4032 0.0643
0.4013 0.0644
0.3994 0.0646
0.3974 0.0647
0.3955 0.0648
0.3935 0.0649
0.3916 0.0650
0.3896 0.0650
0.3877 0.0651
0.3857 0.0652
0.3838 0.0652
0.3819 0.0653
0.3799 0.0653
0.3780 0.0653
0.3760 0.0654
0.3741 0.0654
0.3722 0.0654
0.3702 0.0654
0.3683 0.0654
0.3664 0.0653
0.3644 0.0653
0.3625 0.0653
0.3606 0.0652
0.3586 0.0652
0.3567 0.0651
0.3548 0.0651
0.3529 0.0650
0.3509 0.0649
0.3490 0.0649
0.3471 0.0648
0.3452 0.0647
0.3432 0.0646
0.3413 0.0645
0.3394 0.0644
0.3375 0.0643
0.3356 0.0642
0.3337 0.0641
0.3318 0.0639
0.3299 0.0638
0.3280 0.0637
0.3261 0.0635
0.3242 0.0634
0.3223 0.0632
0.3204 0.0631
0.3185 0.0629
0.3166 0.0627
0.3147 0.0626
0.3128 0.0624
0.3110 0.0622
0.3091 0.0620
0.3072 0.0618
0.3054 0.0616
0.3035 0.0614
0.3017 0.0612
0.2999 0.0610
0.2980 0.0608
0.2962 0.0606
0.2944 0.0604
0.2925 0.0602
0.2907 0.0599
0.2889 0.0597
0.2871 0.0595
0.2853 0.0592
0.2835 0.0590
0.2817 0.0588
0.2799 0.0585
0.2782 0.0583
0.2764 0.0580
0.2746 0.0578
0.2728 0.0575
0.2711 0.0573
0.2693 0.0570
0.2676 0.0567
0.2658 0.0565
0.2641 0.0562
0.2624 0.0560
0.2606 0.0557
0.2589 0.0554
0.2572 0.0552
0.2555 0.0549
0.2538 0.0546
0.2521 0.0544
0.2504 0.0541
0.2487 0.0538
0.2471 0.0535
0.2454 0.0533
0.2437 0.0530
0.2421 0.0527
0.2404 0.0524
0.2388 0.0522
0.2372 0.0519
0.2356 0.0516
0.2340 0.0513
0.2324 0.0510
0.2308 0.0508
0.2292 0.0505
0.2276 0.0502
0.2260 0.0499
0.2245 0.0496
0.2229 0.0494
0.2214 0.0491
0.2199 0.0488
0.2183 0.0485
0.2168 0.0482
0.2153 0.0480
0.2138 0.0477
0.2123 0.0474
0.2108 0.0471
0.2094 0.0469
0.2079 0.0466
0.2065 0.0463
0.2050 0.0460
0.2036 0.0458
0.2022 0.0455
0.2007 0.0453
0.1993 0.0450
0.1979 0.0447
0.1965 0.0445
0.1952 0.0442
0.1938 0.0440
0.1925 0.0437
0.1911 0.0435
0.1898 0.0432
0.1885 0.0430
0.1871 0.0427
0.1858 0.0425
0.1846 0.0422
0.1833 0.0420
0.1820 0.0417
0.1808 0.0415
0.1795 0.0413
0.1783 0.0410
0.1771 0.0408
0.1759 0.0406
0.1747 0.0404
0.1735 0.0401
0.1724 0.0399
0.1712 0.0397
0.1701 0.0395
0.1690 0.0393
0.1679 0.0391
0.1668 0.0389
0.1657 0.0387
0.1646 0.0385
0.1635 0.0383
0.1625 0.0381
0.1615 0.0379
0.1605 0.0377
0.1595 0.0375
0.1585 0.0374
0.1575 0.0372
0.1565 0.0370
0.1556 0.0368
0.1546 0.0367
0.1537 0.0365
0.1528 0.0364
0.1519 0.0362
0.1511 0.0361
0.1502 0.0359
0.1494 0.0358
0.1485 0.0356
0.1477 0.0355
0.1469 0.0353
0.1461 0.0352
0.1454 0.0351
0.1446 0.0350
0.1439 0.0348
0.1432 0.0347
0.1425 0.0346
0.1418 0.0345
0.1411 0.0344
0.1405 0.0343
0.1399 0.0342
0.1392 0.0341
0.1386 0.0340
0.1381 0.0339
0.1375 0.0338
0.1369 0.0337
0.1364 0.0336
0.1359 0.0335
0.1354 0.0335
0.1349 0.0334
0.1345 0.0333
0.1340 0.0333
0.1336 0.0332
0.1332 0.0331
0.1328 0.0331
0.1324 0.0330
0.1320 0.0330
0.1317 0.0329
0.1314 0.0329
0.1311 0.0328
0.1308 0.0328
0.1305 0.0327
0.1302 0.0327
0.1300 0.0327
0.1298 0.0327
0.1296 0.0326
0.1294 0.0326
0.1292 0.0326
0.1291 0.0326
0.1289 0.0325
0.1288 0.0325
0.1287 0.0325
0.1287 0.0325
0.1286 0.0325
0.1286 0.0325
0.1286 0.0325
0.1286 0.0325
